1 2 5 1 0
1 47 1 1 1
2 31 1 1 0
2 35 7 1 1
2 406 2 1 1
3 4 5 1 1
3 5 3 1 1
3 26 3 1 1
5 57 1 1 1
15 16 6 1 1
15 36 9 1 1
16 25 7 1 1
17 18 6 1 1
17 36 1 1 1
18 33 10 1 1
19 20 7 1 0
19 21 4 1 1
20 142 7 1 1
20 148 1 1 1
21 22 8 1 1
22 23 7 1 0
23 24 7 1 1
24 25 9 1 1
24 28 8 1 0
26 27 9 1 0
27 29 9 1 1
27 30 8 1 1
28 29 9 1 1
31 33 5 1 1
32 33 3 1 1
32 34 5 1 1
32 69 9 1 1
34 35 8 1 1
34 73 6 1 1
36 37 9 1 1
36 75 1 1 1
37 52 2 1 1
37 43 7 1 0
46 47 5 1 0
47 448 6 1 1
52 67 8 1 1
53 54 5 1 1
53 59 4 1 1
53 418 1 1 0
54 163 7 1 0
55 56 9 1 0
55 59 9 1 0
56 57 6 1 1
56 66 9 1 1
58 59 7 1 1
58 60 3 1 1
58 199 2 1 1
58 458 1 1 0
60 63 9 1 1
63 225 7 1 1
64 65 10 1 1
64 66 8 1 0
65 67 2 1 1
69 70 4 1 1
70 71 1 1 1
71 101 2 1 1
72 73 1 1 0
72 101 6 1 1
73 76 1 1 1
73 77 1 1 1
96 97 8 1 1
96 111 2 1 1
97 101 8 1 1
98 99 4 1 0
98 100 7 1 0
99 138 9 1 1
100 116 3 1 1
105 106 3 1 1
105 111 2 1 1
106 107 1 1 1
107 108 8 1 1
111 114 7 1 1
113 114 2 1 0
113 116 1 1 1
115 116 2 1 1
115 409 3 1 1
118 119 5 1 1
119 138 4 1 0
120 121 5 1 0
120 122 3 1 1
120 304 4 1 1
121 296 2 1 1
122 123 10 1 1
122 124 7 1 1
124 125 7 1 0
134 135 1 1 1
134 332 2 1 1
135 136 8 1 1
135 137 5 1 1
137 139 4 1 1
139 140 6 1 1
139 141 10 1 1
139 399 8 1 1
141 400 8 1 1
154 155 9 1 1
154 156 9 1 1
154 172 6 1 0
155 168 2 1 0
156 157 10 1 1
156 171 7 1 1
157 158 10 1 1
158 159 6 1 1
158 177 9 1 0
159 160 1 1 1
159 161 8 1 1
159 196 10 1 1
161 162 2 1 1
161 197 8 1 1
163 164 1 1 1
164 165 4 1 0
165 166 1 1 1
165 104 8 1 1
166 167 5 1 0
167 168 2 1 1
169 170 6 1 1
169 171 7 1 1
169 174 10 1 1
170 172 10 1 1
170 173 3 1 1
170 419 4 1 0
171 178 5 1 1
173 174 6 1 1
174 179 6 1 1
175 176 3 1 1
176 214 2 1 1
177 178 9 1 1
177 191 10 1 1
178 421 8 1 1
179 192 2 1 0
180 181 7 1 1
180 208 1 1 1
181 192 4 1 1
182 183 3 1 1
182 184 5 1 1
184 185 10 1 1
184 208 6 1 1
185 186 10 1 1
185 207 7 1 1
186 187 10 1 1
186 230 5 1 1
187 188 4 1 1
187 193 10 1 1
188 189 1 1 1
188 191 6 1 1
189 190 7 1 1
189 191 8 1 1
193 194 4 1 1
193 217 1 1 1
194 195 10 1 1
194 217 5 1 1
195 196 4 1 1
195 216 10 1 1
196 197 6 1 1
196 476 6 1 0
197 216 3 1 1
198 199 3 1 1
198 221 7 1 1
199 200 9 1 0
200 10 4 1 1
201 202 10 1 1
201 203 9 1 1
201 351 6 1 1
202 213 9 1 1
203 204 2 1 0
203 205 4 1 1
205 206 2 1 1
205 231 8 1 1
205 360 9 1 1
206 207 4 1 1
206 232 9 1 1
207 233 7 1 0
208 209 10 1 1
210 211 5 1 1
210 212 6 1 1
211 215 7 1 1
212 213 1 1 1
212 342 6 1 1
213 340 2 1 1
214 215 7 1 1
216 219 1 1 1
217 218 9 1 0
218 222 8 1 0
219 220 3 1 0
220 221 2 1 0
220 222 5 1 1
222 226 2 1 1
223 224 10 1 1
223 225 5 1 0
223 7 8 1 0
224 229 7 1 1
227 228 1 1 1
227 229 2 1 1
227 272 4 1 1
228 230 9 1 0
229 401 2 1 1
231 281 3 1 0
232 265 9 1 0
233 264 8 1 1
233 150 6 1 1
234 235 10 1 0
234 278 3 1 1
236 237 8 1 1
236 280 9 1 1
237 238 9 1 0
237 239 5 1 0
239 240 5 1 1
240 241 10 1 1
241 243 7 1 1
241 442 4 1 0
242 243 4 1 1
242 244 9 1 1
242 314 8 1 1
242 80 3 1 1
243 293 7 1 1
244 247 10 1 1
245 246 9 1 1
245 247 2 1 1
247 248 5 1 1
248 249 3 1 1
249 250 3 1 0
249 312 9 1 1
250 251 8 1 1
250 321 3 1 1
251 252 2 1 1
252 253 8 1 1
252 327 2 1 1
252 301 9 1 1
253 254 6 1 1
253 277 10 1 1
253 266 7 1 1
254 255 7 1 1
254 256 5 1 1
256 257 10 1 1
257 258 6 1 1
257 259 10 1 0
260 261 4 1 0
260 262 10 1 1
260 263 9 1 1
263 264 4 1 1
263 479 2 1 1
266 267 10 1 1
267 268 4 1 1
267 299 9 1 1
268 269 1 1 1
269 270 6 1 1
269 294 10 1 1
270 271 6 1 1
271 295 3 1 1
271 133 8 1 0
272 273 10 1 0
272 274 3 1 0
274 275 2 1 0
275 276 10 1 1
275 277 8 1 0
275 291 9 1 1
278 279 7 1 1
278 282 10 1 0
279 280 1 1 1
280 287 5 1 1
281 289 3 1 1
282 288 9 1 1
283 284 8 1 1
283 285 7 1 1
283 305 8 1 1
284 290 9 1 1
284 365 1 1 1
285 286 8 1 1
285 306 5 1 1
286 287 8 1 1
286 306 8 1 1
286 452 10 1 1
287 293 6 1 1
288 289 9 1 1
289 290 8 1 1
291 292 6 1 1
297 298 2 1 1
297 454 9 1 1
298 299 3 1 1
300 301 8 1 1
300 302 9 1 1
302 303 4 1 1
302 304 9 1 0
302 330 7 1 1
305 306 3 1 1
305 308 3 1 1
306 308 2 1 0
307 308 9 1 0
307 309 1 1 1
309 310 9 1 1
309 338 5 1 1
309 379 3 1 1
310 311 2 1 1
310 85 5 1 1
311 312 10 1 0
313 314 8 1 1
315 316 6 1 1
315 317 10 1 0
315 499 1 1 0
316 334 1 1 1
316 398 8 1 1
317 318 5 1 1
317 503 8 1 0
318 319 7 1 1
318 502 6 1 1
318 510 4 1 1
319 320 4 1 1
320 333 7 1 0
321 322 6 1 1
322 323 7 1 0
322 325 4 1 1
322 333 10 1 0
323 324 1 1 1
325 326 8 1 1
326 328 2 1 1
327 328 9 1 0
328 329 2 1 1
328 495 4 1 1
329 330 3 1 1
329 331 2 1 0
331 332 1 1 1
331 489 10 1 0
332 481 8 1 1
333 493 7 1 1
334 335 7 1 1
336 337 1 1 0
336 500 3 1 1
337 338 1 1 1
337 382 10 1 1
338 339 1 1 0
338 377 6 1 1
340 341 4 1 1
340 349 9 1 1
340 354 2 1 0
341 343 9 1 1
342 343 9 1 1
344 345 2 1 1
344 346 6 1 1
344 385 4 1 0
346 347 9 1 1
347 348 4 1 1
347 387 9 1 1
348 349 8 1 1
348 386 10 1 1
350 351 9 1 1
350 359 3 1 1
350 13 1 1 1
351 352 8 1 1
352 353 7 1 1
352 356 8 1 1
353 354 1 1 0
354 355 4 1 1
355 356 1 1 1
356 357 2 1 1
358 359 9 1 1
358 361 6 1 1
358 362 9 1 0
358 360 6 1 1
358 92 8 1 1
360 413 7 1 1
361 388 10 1 0
362 367 3 1 1
363 364 10 1 1
363 365 5 1 0
363 370 9 1 1
364 395 2 1 1
365 366 1 1 0
365 371 5 1 1
366 144 2 1 0
367 368 8 1 1
367 369 10 1 1
370 380 6 1 1
371 372 10 1 0
371 373 9 1 1
371 374 9 1 0
375 376 4 1 1
375 383 4 1 1
376 384 1 1 1
377 378 3 1 1
377 381 9 1 1
378 384 3 1 1
381 383 10 1 0
382 496 10 1 1
383 384 6 1 1
388 389 3 1 1
388 392 5 1 1
389 390 1 1 1
390 391 1 1 1
392 393 3 1 1
392 394 4 1 1
395 396 10 1 1
399 411 9 1 0
400 405 6 1 1
404 405 5 1 1
404 412 1 1 1
405 89 4 1 1
408 409 6 1 1
411 412 9 1 1
411 415 3 1 0
411 482 4 1 1
412 415 10 1 1
415 427 9 1 1
415 487 5 1 0
427 428 1 1 1
427 431 7 1 1
427 487 2 1 1
427 424 8 1 0
428 429 4 1 0
428 432 9 1 1
481 482 10 1 1
482 488 6 1 1
483 484 2 1 1
483 485 3 1 1
484 492 9 1 1
485 486 1 1 1
486 487 8 1 1
489 490 9 1 1
490 491 6 1 0
490 492 5 1 1
493 508 6 1 1
494 495 7 1 1
494 507 9 1 1
496 497 8 1 0
496 62 10 1 1
497 498 5 1 0
497 499 10 1 1
499 501 4 1 1
501 447 1 1 1
502 511 10 1 1
503 450 8 1 1
504 505 10 1 1
504 506 5 1 1
505 508 9 1 1
505 509 10 1 0
506 507 5 1 1
509 510 1 1 1
509 511 4 1 1
7 8 10 1 0
7 6 2 1 0
10 9 3 1 1
10 11 3 1 1
13 12 10 1 0
12 14 6 1 1
144 38 7 1 1
144 145 5 1 1
38 39 1 1 1
89 68 1 1 0
89 88 1 1 1
68 40 8 1 1
68 102 7 1 1
40 41 9 1 1
40 81 5 1 0
102 50 2 1 1
50 51 6 1 1
41 95 6 1 1
81 146 9 1 0
95 456 4 1 0
95 143 7 1 0
95 146 4 1 1
146 410 3 1 1
43 42 8 1 1
133 130 7 1 1
128 117 6 1 1
128 132 5 1 1
117 129 5 1 0
117 110 6 1 1
132 130 5 1 1
129 127 2 1 1
127 44 7 1 1
130 131 10 1 0
44 45 4 1 1
110 109 2 1 1
110 126 10 1 1
109 112 6 1 1
62 49 4 1 1
62 61 7 1 1
48 49 3 1 1
75 74 3 1 0
77 78 8 1 1
80 79 5 1 1
92 90 3 1 1
82 83 3 1 1
83 91 6 1 0
91 90 9 1 1
90 93 5 1 1
93 94 6 1 1
85 84 6 1 0
84 86 2 1 1
84 87 5 1 1
86 87 2 1 1
104 103 9 1 0
148 147 4 1 1
147 149 10 1 1
150 153 10 1 0
150 151 2 1 1
152 153 1 1 1
398 397 1 1 1
401 402 2 1 1
401 403 2 1 3
406 407 6 1 1
416 407 9 1 1
413 434 8 1 0
413 414 8 1 1
433 434 3 1 1
418 417 9 1 1
419 420 9 1 1
419 430 2 1 0
421 422 7 1 0
421 423 9 1 0
424 425 5 1 1
424 426 4 1 1
424 438 2 1 0
438 437 3 1 0
437 439 8 1 1
454 453 2 1 1
454 435 5 1 1
453 455 6 1 0
455 460 2 1 2
435 436 1 1 1
460 463 10 1 0
463 462 4 1 0
461 462 5 1 1
461 464 5 1 0
464 466 9 1 1
466 467 4 1 1
452 451 6 1 0
452 440 6 1 1
451 459 6 1 1
459 473 1 1 1
440 441 1 1 0
473 472 9 1 1
442 443 3 1 1
448 444 3 1 0
444 445 4 1 1
465 445 5 1 1
465 468 9 1 1
468 469 9 1 0
469 470 1 1 0
470 471 3 1 1
447 446 5 1 1
450 449 10 1 1
458 457 6 1 0
476 474 10 1 1
476 477 6 1 1
474 475 9 1 1
477 478 5 1 1
479 480 5 1 1
284 177 7 1 1
391 291 7 1 1
397 161 3 1 1
376 187 2 1 0
322 42 3 1 1
399 318 4 1 1
463 89 2 1 1
343 194 7 1 1
437 265 1 1 1
239 53 3 1 1
411 475 10 1 1
21 372 6 1 1
508 449 10 1 1
24 51 7 1 1
54 280 4 1 0
261 73 10 1 1
2 307 3 1 1
476 36 9 1 1
374 231 9 1 1
483 72 7 1 1
188 248 5 1 1
326 346 4 1 1
458 449 7 1 1
435 58 5 1 1
225 130 2 1 1
484 174 2 1 1
322 33 9 1 1
369 191 5 1 1
330 20 8 1 1
324 21 7 1 1
18 385 5 1 1
252 297 9 1 1
7 178 1 1 1
30 43 5 1 1
397 191 8 1 1
450 80 5 1 1
458 335 2 1 1
171 48 9 1 1
485 267 5 1 0
104 136 4 1 1
47 507 5 1 0
302 429 1 1 0
424 132 4 1 0
55 69 8 1 1
81 28 9 1 1
346 114 8 1 0
84 284 10 1 0
57 44 6 1 1
112 358 3 1 1
103 252 1 1 1
202 401 1 1 1
106 343 4 1 0
297 285 5 1 1
47 27 9 1 1
391 38 1 1 1
292 297 10 1 1
292 334 8 1 1
149 56 4 1 1
56 464 2 1 1
252 487 1 1 0
491 427 8 1 1
112 439 9 1 1
62 365 9 1 1
315 75 6 1 1
445 373 8 1 1
373 228 1 1 1
459 103 2 1 1
5 34 5 1 1
357 412 9 1 1
195 208 2 1 1
362 282 2 1 1
282 132 1 1 1
292 358 7 1 1
130 16 2 1 0
354 48 1 1 1
329 398 4 1 1
107 143 4 1 1
302 8 5 1 1
437 468 6 1 0
391 24 6 1 0
70 453 1 1 0
428 250 4 1 1
427 93 4 1 1
235 500 10 1 0
476 259 4 1 1
140 144 4 1 1
373 167 3 1 1
413 463 7 1 1
100 419 9 1 1
67 49 1 1 1
148 127 2 1 1
227 117 7 1 1
147 283 5 1 1
464 193 3 1 1
281 305 3 1 1
168 300 6 1 1
456 265 8 1 0
74 34 6 1 1
228 497 10 1 1
84 178 2 1 1
47 339 10 1 1
137 364 2 1 1
419 487 8 1 0
497 260 7 1 0
432 171 8 1 1
104 329 7 1 1
16 90 9 1 0
14 244 2 1 1
56 483 9 1 0
175 2 2 1 1
151 442 10 1 1
372 443 4 1 1
460 285 7 1 0
372 171 7 1 1
267 357 5 1 0
336 274 8 1 0
235 63 5 1 1
279 71 9 1 -1
251 475 4 1 1
440 88 5 1 1
169 453 6 1 1
172 264 2 1 0
51 471 6 1 1
503 172 1 1 1
175 199 1 1 1
230 291 5 1 1
16 205 2 1 0
339 82 7 1 1
449 137 10 1 1
119 372 1 1 1
499 126 4 1 1
485 290 3 1 0
181 127 5 1 1
505 298 10 1 1
290 489 6 1 0
34 249 3 1 0
179 277 10 1 1
440 73 3 1 1
343 395 2 1 1
87 478 5 1 0
316 6 7 1 1
307 144 6 1 0
308 435 10 1 1
233 510 9 1 1
126 354 3 1 1
272 162 2 1 0
135 122 8 1 1
365 389 1 1 1
235 479 8 1 0
125 110 1 1 1
289 302 5 1 1
13 387 4 1 1
345 228 6 1 0
10 105 7 1 1
311 286 2 1 1
126 229 4 1 0
286 221 2 1 1
171 11 8 1 1
172 342 8 1 1
245 407 6 1 1
63 188 6 1 0
253 232 5 1 1
435 104 3 1 1
87 138 2 1 0
30 432 5 1 1
476 53 5 1 1
107 103 7 1 1
409 12 7 1 0
344 183 4 1 1
440 85 4 1 1
210 133 5 1 1
45 192 4 1 0
352 234 4 1 1
354 440 9 1 1
28 170 1 1 1
281 2 8 1 0
361 251 6 1 1
35 364 3 1 1
433 81 8 1 1
281 159 10 1 0
495 148 2 1 1
316 239 1 1 1
143 130 9 1 1
26 136 10 1 0
424 419 5 1 1
395 202 3 1 1
136 352 3 1 1
380 360 3 1 0
146 72 3 1 1
424 450 7 1 1
147 425 9 1 1
451 285 4 1 1
195 101 9 1 0
457 177 9 1 1
81 208 10 1 1
182 200 1 1 1
436 509 3 1 1
29 18 2 1 1
149 453 1 1 1
330 473 10 1 1
73 53 2 1 1
340 196 8 1 1
256 444 5 1 1
270 428 8 1 1
407 87 7 1 1
346 295 10 1 1
78 410 8 1 0
87 205 7 1 1
331 59 2 1 0
45 83 3 1 1
411 217 5 1 1
262 497 8 1 1
267 226 1 1 1
456 426 7 1 1
321 505 7 1 0
479 424 8 1 1
488 420 5 1 1
236 272 8 1 1
507 217 2 1 1
366 165 7 1 1
227 338 8 1 1
228 346 2 1 0
488 324 8 1 0
116 214 4 1 1
499 343 9 1 1
155 118 1 1 1
480 256 10 1 0
176 478 9 1 0
375 389 9 1 0
139 438 7 1 1
366 395 8 1 0
42 36 1 1 1
470 372 7 1 1
127 490 6 1 0
407 209 2 1 1
455 68 3 1 1
222 99 10 1 1
351 55 5 1 1
418 87 3 1 1
254 89 6 1 1
256 83 2 1 1
225 147 10 1 0
73 89 6 1 0
376 270 4 1 1
415 507 4 1 1
414 382 10 1 1
319 321 3 1 1
257 29 1 1 1
312 374 1 1 0
43 150 6 1 1
82 423 7 1 0
226 280 4 1 0
125 299 3 1 1
202 220 4 1 1
290 116 9 1 1
130 118 10 1 1
358 76 5 1 0
243 500 5 1 0
163 155 8 1 1
445 227 2 1 1
240 177 10 1 1
299 246 6 1 1
347 136 5 1 1
211 323 8 1 1
318 227 3 1 1
174 222 8 1 1
35 492 8 1 0
441 58 3 1 1
196 346 9 1 0
511 236 2 1 1
485 390 1 1 1
104 59 10 1 0
479 450 7 1 1
138 5 8 1 1
37 172 6 1 0
138 363 1 1 1
242 4 6 1 1
482 154 2 1 1
149 188 2 1 1
99 460 7 1 1
425 450 1 1 1
357 26 1 1 1
161 115 4 1 1
381 37 5 1 1
132 19 10 1 1
187 142 1 1 1
491 238 4 1 1
159 315 5 1 1
210 320 8 1 1
412 304 7 1 1
455 221 1 1 1
206 67 8 1 -1
49 231 7 1 1
148 56 9 1 1
418 274 9 1 1
101 374 8 1 1
262 368 1 1 1
508 424 7 1 1
337 46 4 1 1
509 305 8 1 1
204 60 2 1 1
96 195 5 1 1
339 139 6 1 1
437 348 2 1 0
121 269 3 1 1
246 328 6 1 1
484 17 1 1 1
69 250 3 1 1
402 7 1 1 1
129 389 4 1 1
119 123 10 1 1
197 210 1 1 1
363 165 2 1 1
87 5 5 1 0
221 486 3 1 1
247 221 10 1 1
413 265 6 1 1
111 499 4 1 1
448 258 3 1 1
49 166 6 1 1
110 115 7 1 1
26 425 2 1 0
72 204 4 1 0
315 355 6 1 0
189 99 8 1 1
509 155 8 1 1
483 167 3 1 1
82 471 6 1 0
145 45 10 1 1
297 442 3 1 0
55 250 4 1 0
288 110 1 1 0
445 503 4 1 1
503 235 5 1 1
332 103 8 1 1
489 487 7 1 0
127 123 1 1 1
358 357 1 1 1
330 332 9 1 1
501 372 2 1 1
253 133 5 1 1
78 174 6 1 1
337 445 2 1 1
85 334 10 1 1
498 277 6 1 1
210 80 3 1 1
42 223 8 1 1
168 27 9 1 2
160 87 6 1 1
55 270 7 1 1
36 223 3 1 1
314 10 8 1 1
410 213 9 1 0
484 485 3 1 0
309 28 2 1 0
10 219 2 1 0
69 297 6 1 1
18 402 2 1 1
457 206 5 1 0
319 504 3 1 1
401 246 5 1 0
422 501 3 1 1
26 11 10 1 1
245 501 4 1 1
211 451 6 1 1
7 275 4 1 0
293 502 6 1 1
340 55 4 1 1
385 449 5 1 0
474 142 1 1 1
186 407 9 1 1
116 149 3 1 1
83 372 5 1 0
228 281 3 1 1
265 65 10 1 1
230 241 8 1 1
435 123 2 1 1
288 386 7 1 1
497 427 7 1 1
452 23 8 1 1
256 360 9 1 1
227 132 2 1 1
352 378 5 1 1
294 84 2 1 1
434 225 1 1 1
26 289 9 1 0
415 461 4 1 1
231 103 6 1 0
58 371 1 1 1
109 176 10 1 1
445 329 5 1 0
255 165 9 1 1
219 451 10 1 0
162 205 5 1 1
491 62 1 1 1
7 308 8 1 1
18 332 6 1 1
76 390 10 1 1
197 166 9 1 1
235 507 8 1 0
116 328 1 1 1
197 207 6 1 1
109 115 6 1 1
412 293 4 1 1
350 270 8 1 1
112 330 3 1 1
94 410 3 1 0
244 108 6 1 1
430 322 10 1 1
38 287 10 1 1
413 145 6 1 1
132 195 2 1 0
366 374 8 1 1
276 123 5 1 0
72 257 8 1 1
83 370 6 1 0
94 1 6 1 1
125 184 4 1 1
322 156 10 1 1
427 192 9 1 1
107 214 6 1 1
399 122 6 1 0
121 386 2 1 1
219 414 8 1 0
430 401 7 1 0
363 468 4 1 1
209 498 2 1 0
481 116 8 1 1
123 216 6 1 1
377 330 1 1 1
450 12 9 1 1
432 20 4 1 0
470 270 9 1 1
337 139 1 1 1
301 389 1 1 1
135 200 10 1 1
159 50 4 1 1
359 397 2 1 1
33 149 3 1 1
136 288 7 1 1
413 16 6 1 0
463 182 10 1 1
198 105 3 1 1
49 140 3 1 1
33 261 4 1 1
305 456 10 1 1
349 1 8 1 1
504 327 10 1 1
286 335 10 1 1
283 48 6 1 1
60 394 6 1 0
227 316 1 1 1
436 460 1 1 0
88 61 6 1 1
100 508 2 1 1
477 260 7 1 1
153 235 7 1 1
315 224 9 1 1
418 362 9 1 1
349 509 4 1 1
35 59 1 1 1
77 252 8 1 1
461 97 4 1 1
411 182 7 1 1
509 70 1 1 1
184 381 10 1 1
316 475 6 1 1
199 51 6 1 0
239 85 6 1 0
495 137 6 1 1
178 75 1 1 0
49 269 10 1 0
473 106 6 1 1
276 111 2 1 1
441 332 10 1 1
205 450 6 1 1
65 173 10 1 1
154 383 10 1 1
63 404 7 1 1
171 161 5 1 1
118 224 10 1 1
435 190 2 1 1
108 470 3 1 1
463 209 6 1 1
147 93 6 1 1
120 408 2 1 1
370 455 7 1 0
238 401 1 1 1
376 455 7 1 1
468 266 1 1 1
282 469 1 1 1
200 118 3 1 1
239 435 9 1 0
29 477 6 1 1
183 3 1 1 1
232 241 9 1 1
160 491 7 1 1
384 176 8 1 1
303 407 6 1 0
244 2 9 1 1
90 477 9 1 0
269 160 2 1 1
9 255 10 1 0
500 323 9 1 1
226 17 2 1 1
162 100 9 1 1
442 354 7 1 1
254 56 9 1 1
177 70 6 1 1
283 413 7 1 1
467 303 8 1 1
506 52 2 1 1
402 315 6 1 1
44 66 7 1 1
205 376 7 1 1
78 375 4 1 1
45 468 9 1 0
300 11 6 1 1
288 143 10 1 1
238 91 10 1 1
423 101 6 1 0
159 455 8 1 1
46 77 2 1 1
438 456 8 1 1
168 438 9 1 1
228 205 6 1 1
60 109 4 1 1
97 31 6 1 1
56 135 9 1 1
215 138 3 1 1
305 446 10 1 0
195 390 4 1 1
181 508 5 1 1
511 454 1 1 1
388 279 10 1 1
13 343 4 1 1
132 121 4 1 1
420 165 7 1 1
279 398 1 1 1
334 466 10 1 1
76 96 4 1 1
397 429 1 1 0
271 172 6 1 1
297 357 10 1 1
398 305 3 1 0
266 449 7 1 1
380 322 1 1 1
511 252 3 1 0
412 136 1 1 1
273 453 5 1 1
440 111 1 1 1
88 261 4 1 1
40 321 5 1 1
221 370 3 1 1
200 348 4 1 1
141 425 8 1 0
461 442 10 1 1
496 325 8 1 0
504 467 5 1 1
148 320 2 1 0
274 53 6 1 1
133 312 3 1 1
166 318 10 1 1
326 491 1 1 1
131 60 4 1 0
336 448 1 1 0
392 136 2 1 1
64 75 6 1 1
211 433 1 1 1
405 393 10 1 1
415 14 10 1 1
475 69 6 1 0
125 335 8 1 1
481 214 8 1 0
125 1 9 1 1
345 352 5 1 1
511 191 7 1 1
398 405 8 1 1
204 231 6 1 0
61 220 6 1 1
359 498 8 1 1
413 159 6 1 0
4 62 4 1 1
458 351 1 1 1
218 325 2 1 1
184 488 7 1 1
131 327 10 1 1
29 210 3 1 1
74 138 9 1 1
48 333 9 1 0
110 339 1 1 1
408 186 3 1 1
340 441 1 1 1
251 446 8 1 1
31 254 10 1 0
336 79 5 1 1
111 375 2 1 1
199 351 4 1 0
258 429 4 1 1
503 484 10 1 1
152 452 2 1 0
247 166 9 1 1
460 442 10 1 1
81 489 5 1 1
91 476 10 1 1
202 449 5 1 1
137 230 5 1 1
147 127 3 1 1
229 424 8 1 0
462 27 6 1 1
387 140 5 1 1
322 160 10 1 0
177 218 8 1 1
53 275 6 1 1
268 37 7 1 1
330 88 9 1 0
107 462 10 1 1
508 252 1 1 1
343 78 1 1 1
385 88 8 1 1
403 66 9 1 1
424 490 7 1 1
266 293 10 1 0
177 182 8 1 0
149 4 7 1 1
423 324 2 1 1
504 180 6 1 1
457 115 2 1 1
493 85 4 1 0
257 240 6 1 1
470 36 9 1 1
179 507 7 1 1
473 504 6 1 1
125 304 3 1 0
363 434 1 1 1
175 87 4 1 1
183 464 1 1 1
186 482 2 1 1
146 458 10 1 1
51 209 3 1 1
413 464 4 1 1
331 130 7 1 1
194 161 4 1 1
345 204 10 1 0
342 194 8 1 1
10 115 8 1 1
160 432 2 1 1
215 229 10 1 1
484 191 7 1 1
41 250 9 1 1
339 86 5 1 1
244 91 5 1 0
61 236 8 1 1
190 394 9 1 1
125 6 3 1 1
508 205 5 1 0
248 408 6 1 0
411 280 5 1 1
262 392 9 1 1
400 392 9 1 1
386 265 10 1 1
174 34 8 1 1
96 121 9 1 1
263 96 5 1 1
410 447 9 1 1
306 460 9 1 1
191 279 1 1 1
35 83 9 1 0
192 242 3 1 1
369 247 6 1 1
350 153 10 1 0
479 274 9 1 1
26 418 2 1 0
301 269 8 1 1
390 181 2 1 0
316 65 4 1 1
85 146 3 1 1
356 361 3 1 1
241 163 8 1 1
284 239 5 1 1
364 384 7 1 1
70 284 2 1 1
248 479 3 1 1
483 142 5 1 1
38 189 10 1 1
407 298 2 1 1
285 240 6 1 1
22 131 2 1 1
427 98 5 1 1
293 274 10 1 1
119 489 5 1 1
332 489 4 1 1
283 245 5 1 0
358 491 3 1 1
283 272 8 1 0
162 72 8 1 1
207 259 1 1 0
246 89 8 1 1
359 59 7 1 1
71 492 2 1 1
39 234 9 1 1
297 212 1 1 0
256 326 7 1 1
400 423 1 1 1
418 165 3 1 1
461 334 9 1 1
451 500 10 1 1
63 480 8 1 1
276 339 3 1 1
141 172 1 1 1
299 64 6 1 1
93 402 9 1 0
90 165 9 1 0
433 169 9 1 1
445 468 7 1 1
367 36 8 1 1
375 508 2 1 1
225 288 5 1 1
82 296 8 1 0
156 481 4 1 1
366 8 3 1 1
100 420 9 1 1
264 109 4 1 1
92 14 1 1 1
134 35 1 1 1
414 441 4 1 1
187 57 7 1 1
42 133 8 1 1
473 266 1 1 1
458 119 5 1 0
192 360 7 1 1
94 81 8 1 0
216 13 3 1 1
76 173 3 1 1
120 454 10 1 1
343 60 5 1 1
192 460 2 1 1
184 465 7 1 0
69 61 7 1 1
487 247 10 1 1
266 308 3 1 1
423 257 5 1 1
421 192 6 1 1
143 98 3 1 1
89 380 10 1 1
228 398 9 1 1
312 208 3 1 1
51 506 1 1 1
373 53 8 1 0
494 121 7 1 1
329 228 2 1 1
86 229 5 1 1
476 119 10 1 0
76 148 10 1 1
58 21 5 1 1
443 33 8 1 1
233 353 10 1 1
141 25 1 1 1
195 58 3 1 1
287 178 7 1 0
181 421 10 1 0
419 33 4 1 1
386 116 5 1 1
163 39 6 1 1
185 33 7 1 0
185 471 2 1 1
186 5 8 1 1
452 308 10 1 0
382 35 3 1 1
172 211 4 1 1
260 59 2 1 1
333 111 3 1 1
57 59 3 1 0
202 115 9 1 1
141 195 2 1 0
510 426 7 1 0
444 365 8 1 1
39 406 10 1 1
115 421 5 1 1
317 45 1 1 1
161 54 1 1 1
459 283 3 1 0
299 249 9 1 1
3 507 8 1 1
229 428 6 1 1
29 73 5 1 1
330 30 8 1 1
398 118 10 1 1
223 402 10 1 1
158 29 5 1 1
235 346 8 1 0
361 212 7 1 1
112 326 9 1 1
345 235 5 1 0
358 223 7 1 1
86 283 2 1 1
467 161 9 1 1
473 223 6 1 1
29 209 9 1 0
376 243 2 1 1
72 50 8 1 0
349 439 1 1 1
308 170 9 1 1
140 271 7 1 1
279 3 7 1 1
207 34 4 1 1
32 332 9 1 1
149 170 10 1 1
183 54 9 1 1
325 171 3 1 1
91 163 5 1 1
40 473 2 1 0
363 384 10 1 1
268 451 4 1 1
399 15 4 1 1
356 368 9 1 0
486 70 4 1 0
105 340 7 1 1
435 24 8 1 1
508 242 1 1 1
417 254 9 1 0
386 441 4 1 1
89 423 4 1 1
390 24 8 1 0
504 122 10 1 1
186 208 7 1 0
70 485 8 1 1
165 337 10 1 1
18 30 2 1 1
169 36 7 1 1
212 392 6 1 0
248 453 4 1 1
169 310 7 1 1
495 378 7 1 0
241 469 5 1 1
179 231 5 1 1
119 322 2 1 1
411 311 6 1 1
227 258 4 1 0
160 45 7 1 1
463 202 6 1 0
208 153 5 1 0
140 420 6 1 1
198 185 9 1 1
154 510 10 1 1
314 121 5 1 0
251 401 4 1 1
100 409 6 1 0
112 412 4 1 1
28 505 4 1 0
296 137 3 1 1
495 323 1 1 1
43 180 1 1 1
159 171 10 1 1
109 281 2 1 1
232 145 1 1 1
381 27 4 1 1
140 401 1 1 1
103 320 2 1 1
86 459 1 1 1
489 382 7 1 1
185 52 7 1 1
127 172 6 1 0
456 357 10 1 1
355 326 10 1 1
9 219 8 1 1
160 508 2 1 1
303 177 3 1 1
463 456 3 1 0
163 224 2 1 0
233 28 3 1 1
142 354 2 1 1
269 336 1 1 1
258 44 1 1 0
341 396 4 1 0
436 81 6 1 1
232 130 9 1 0
60 340 10 1 1
145 318 6 1 1
487 498 2 1 0
165 470 7 1 1
123 193 9 1 1
128 495 3 1 1
465 349 10 1 1
146 365 8 1 1
425 335 10 1 0
425 197 1 1 0
9 241 5 1 1
128 424 8 1 0
140 125 6 1 1
143 503 4 1 1
109 200 10 1 1
100 10 6 1 1
358 496 1 1 1
42 454 4 1 1
463 107 5 1 1
239 177 5 1 1
511 267 6 1 0
498 163 4 1 1
281 392 3 1 1
436 508 6 1 1
270 121 8 1 1
289 495 5 1 0
327 260 1 1 0
288 510 10 1 1
13 86 8 1 1
484 104 2 1 0
76 320 8 1 1
34 270 2 1 1
417 262 10 1 1
339 117 10 1 1
310 380 10 1 1
112 259 7 1 0
26 406 3 1 1
255 223 7 1 1
45 291 9 1 1
225 344 1 1 1
440 106 1 1 1
143 484 10 1 1
354 419 7 1 1
419 206 3 1 1
119 339 7 1 1
226 436 4 1 0
439 497 7 1 1
194 26 5 1 1
100 262 8 1 1
77 56 3 1 0
391 338 8 1 1
197 35 3 1 1
505 417 2 1 1
508 260 1 1 0
134 480 10 1 1
209 492 5 1 1
463 286 1 1 1
121 55 6 1 1
94 58 4 1 1
174 474 2 1 0
131 54 2 1 1
164 145 10 1 1
288 487 9 1 1
310 363 4 1 0
79 402 7 1 0
178 332 5 1 1
3 218 2 1 1
70 382 6 1 1
331 321 4 1 1
357 509 7 1 1
187 274 1 1 0
179 105 1 1 1
292 415 7 1 1
153 385 6 1 1
98 383 6 1 1
250 191 2 1 1
80 417 7 1 1
165 178 9 1 1
296 247 10 1 0
66 366 9 1 1
185 205 8 1 1
39 301 6 1 1
495 509 4 1 1
324 396 10 1 1
484 215 6 1 0
461 40 8 1 1
468 365 10 1 1
421 91 6 1 1
478 225 9 1 0
259 305 6 1 1
64 82 10 1 0
357 475 7 1 1
89 270 9 1 0
296 90 5 1 1
428 311 4 1 0
473 126 3 1 1
348 165 3 1 1
245 192 10 1 1
53 264 2 1 1
252 453 4 1 0
13 167 3 1 0
245 367 4 1 1
65 488 4 1 1
178 501 2 1 1
55 321 7 1 0
217 504 5 1 1
280 176 8 1 1
472 426 6 1 1
260 434 7 1 0
54 13 8 1 1
118 10 7 1 0
164 315 10 1 1
203 425 3 1 1
460 428 6 1 0
106 164 10 1 1
342 261 5 1 0
343 26 6 1 1
188 194 5 1 0
501 128 6 1 1
265 301 7 1 1
106 340 5 1 1
449 100 6 1 0
25 280 3 1 1
