1867 -2.117030772907924e-09 
516 -1.3689319677823164e-09 
7873 -2.12218109751916e-09 
8998 -2.152120259779622e-09 
2791 -2.1489725554602046e-09 
3836 -2.1415882400788178e-09 
6187 -2.037585211667192e-09 
533 -1.8262202305940889e-09 
8317 -2.048221370287706e-09 
336 -1.7984545519489359e-09 
8959 -2.102521490243703e-09 
2944 -2.0815060786105732e-09 
9065 -1.821479467256637e-09 
605 -2.14110773555376e-09 
2633 -1.0860126131717607e-09 
517 -2.1438371078374985e-09 
2858 -1.8442866678292091e-09 
1071 -2.112147345911808e-09 
7804 -2.0820887236538965e-09 
1204 -2.1409487516166337e-09 
5354 -1.6355731491390912e-09 
1574 6.577201339119654e-09 
4550 -2.0809485246076065e-09 
580 -2.056345760337308e-09 
7764 -1.8939097512493674e-09 
5854 -2.1146866480137305e-09 
3043 -1.8917769573079113e-09 
1519 3.045778157462209e-09 
1105 -2.1138011341292895e-09 
5254 8.816213883933166e-09 
5957 1.9735870618320384e-08 
2284 -2.045051572530099e-09 
9442 -2.132302334700853e-09 
3840 -2.1496191493497463e-09 
6292 -2.141696597846021e-09 
2782 9.970887324128874e-09 
1377 8.515047734969361e-08 
5286 -2.123636377859839e-09 
3805 -1.879043920460788e-09 
2905 -2.1490862422979262e-09 
