0 0 2 4 177
0 1 2 4 72
0 2 3 4 70
0 3 10 3 143
0 4 8 3 60
0 5 1 4 85
0 6 1 6 2376
0 7 1 6 3406
0 8 3 4 75
0 9 5 2 13
0 10 4 3 59
0 11 6 3 89
0 12 4 4 121
0 13 9 5 3816
0 14 3 5 501
0 15 4 4 122
0 16 7 5 4648
0 17 6 5 1528
0 18 9 3 184
0 19 2 5 740
0 20 7 1 8
0 21 10 3 141
0 22 1 4 63
0 23 9 3 66
0 24 2 4 85
0 25 8 6 12082
0 26 4 5 687
0 27 6 4 233
0 28 2 3 36
0 29 7 5 1058
0 30 4 4 189
0 31 8 4 323
0 32 5 4 449
0 33 7 2 19
0 34 6 3 70
0 35 9 5 4746
0 36 4 5 1529
0 37 3 4 174
0 38 9 4 204
0 39 3 5 473
0 40 5 4 189
0 41 2 5 309
0 42 6 4 214
0 43 9 4 235
0 44 6 4 148
0 45 3 4 230
0 46 5 4 546
0 47 7 4 290
0 48 5 3 44
0 49 1 4 86
0 50 7 4 159
0 51 6 7 60556
0 52 6 2 25
0 53 7 6 14027
0 54 4 7 23053
0 55 10 4 268
0 56 2 7 12475
0 57 4 5 1724
0 58 3 3 56
0 59 6 4 248
0 60 6 4 588
0 61 5 6 3873
0 62 7 5 812
0 63 5 3 91
1 0 6 3 69
1 1 1 5 308
1 2 9 6 24985
1 3 6 7 30744
1 4 10 2 53
1 5 9 3 129
1 6 4 6 2879
1 7 10 5 2939
1 8 8 4 392
1 9 9 3 91
1 10 7 2 15
1 11 6 3 49
1 12 5 3 35
1 13 8 5 1459
1 14 6 5 1117
1 15 4 5 2402
1 16 2 4 141
1 17 1 6 833
1 18 6 6 8526
1 19 3 3 55
1 20 9 2 23
1 21 8 4 264
1 22 7 5 2644
1 23 2 4 102
1 24 5 4 114
1 25 10 7 70380
1 26 9 4 621
1 27 6 4 165
1 28 9 2 24
1 29 7 3 109
1 30 10 3 100
1 31 4 5 585
1 32 8 3 135
1 33 3 3 59
1 34 1 5 293
1 35 5 4 257
1 36 6 4 196
1 37 6 4 217
1 38 8 4 858
1 39 2 6 5581
1 40 10 6 8853
1 41 5 4 255
1 42 5 6 7005
1 43 3 4 134
1 44 3 4 166
1 45 1 5 185
1 46 7 3 145
1 47 2 5 276
1 48 3 2 14
1 49 1 4 103
1 50 6 5 1891
1 51 7 4 573
1 52 9 6 19939
1 53 4 5 2103
1 54 4 4 96
1 55 4 4 319
1 56 2 5 529
1 57 1 5 557
1 58 9 3 49
1 59 2 4 139
1 60 10 4 604
1 61 5 3 49
1 62 5 3 71
1 63 3 4 76
2 0 3 4 146
2 1 4 5 1376
2 2 1 4 44
2 3 10 4 945
2 4 1 5 235
2 5 10 3 195
2 6 1 4 43
2 7 6 6 5052
2 8 5 4 235
2 9 2 4 77
2 10 5 5 1428
2 11 7 5 2510
2 12 3 3 54
2 13 3 4 153
2 14 3 5 643
2 15 1 5 283
2 16 5 4 156
2 17 6 3 58
2 18 3 4 134
2 19 5 4 344
2 20 10 4 269
2 21 3 4 149
2 22 3 4 196
2 23 9 4 313
2 24 3 3 35
2 25 3 6 11132
2 26 6 5 1001
2 27 8 5 1269
2 28 6 3 43
2 29 6 3 51
2 30 7 3 109
2 31 1 5 120
2 32 1 4 37
2 33 8 4 759
2 34 8 5 2856
2 35 8 3 143
2 36 1 4 63
2 37 10 4 616
2 38 8 3 161
2 39 7 4 746
2 40 6 4 151
2 41 7 5 1757
2 42 3 4 91
2 43 9 5 1102
2 44 10 2 37
2 45 1 5 278
2 46 10 2 29
2 47 5 3 95
2 48 7 5 1465
2 49 4 4 172
2 50 4 4 90
2 51 5 6 6049
2 52 4 4 241
2 53 8 4 327
2 54 3 3 23
2 55 4 4 89
2 56 9 4 791
2 57 7 3 85
2 58 2 3 25
2 59 10 2 45
2 60 8 2 34
2 61 4 3 31
2 62 2 3 38
2 63 7 4 359
3 0 10 4 1121
3 1 9 3 117
3 2 3 4 104
3 3 1 6 4170
3 4 7 3 113
3 5 9 2 38
3 6 10 4 479
3 7 8 4 207
3 8 9 3 150
3 9 6 3 46
3 10 10 3 121
3 11 2 5 751
3 12 7 5 1475
3 13 6 3 49
3 14 2 3 14
3 15 2 3 18
3 16 1 5 282
3 17 10 4 229
3 18 9 3 51
3 19 10 4 578
3 20 1 5 221
3 21 2 5 273
3 22 3 3 52
3 23 3 5 432
3 24 9 3 161
3 25 3 3 36
3 26 7 7 205135
3 27 5 4 138
3 28 7 3 61
3 29 9 5 3186
3 30 9 3 93
3 31 1 4 57
3 32 7 4 639
3 33 4 5 1602
3 34 6 3 127
3 35 1 4 38
3 36 4 5 733
3 37 5 5 1859
3 38 7 2 33
3 39 1 4 99
3 40 4 4 132
3 41 8 4 673
3 42 6 8 255152
3 43 3 5 1129
3 44 9 4 384
3 45 7 5 3472
3 46 6 2 29
3 47 10 5 1353
3 48 6 5 1193
3 49 3 3 46
3 50 9 3 139
3 51 4 3 77
3 52 10 3 85
3 53 8 4 377
3 54 8 5 4912
3 55 6 2 30
3 56 9 3 53
3 57 6 3 126
3 58 1 5 518
3 59 7 7 149499
3 60 9 3 91
3 61 3 4 118
3 62 6 4 279
3 63 6 4 392
4 0 2 7 22542
4 1 1 5 290
4 2 6 3 86
4 3 5 4 251
4 4 8 2 41
4 5 7 3 145
4 6 6 4 327
4 7 9 3 98
4 8 7 4 159
4 9 6 5 2712
4 10 8 3 51
4 11 5 3 72
4 12 8 2 29
4 13 2 3 34
4 14 10 3 91
4 15 5 6 22325
4 16 3 4 184
4 17 3 4 84
4 18 2 7 20636
4 19 9 7 146794
4 20 5 4 291
4 21 6 5 920
4 22 5 4 150
4 23 9 2 46
4 24 3 2 12
4 25 4 4 348
4 26 4 4 89
4 27 3 3 29
4 28 2 3 39
4 29 9 6 8243
4 30 6 3 97
4 31 3 4 286
4 32 6 5 2868
4 33 9 6 8786
4 34 2 4 131
4 35 4 5 1402
4 36 7 5 2459
4 37 8 6 12128
4 38 5 3 31
4 39 6 4 328
4 40 9 4 251
4 41 3 3 52
4 42 1 7 4992
4 43 4 4 137
4 44 3 4 195
4 45 3 5 586
4 46 9 6 25496
4 47 3 4 243
4 48 8 3 78
4 49 5 3 60
4 50 4 4 210
4 51 8 4 351
4 52 2 4 46
4 53 9 4 334
4 54 10 3 162
4 55 7 3 69
4 56 9 3 105
4 57 10 3 115
4 58 6 3 78
4 59 8 3 65
4 60 4 2 19
4 61 6 4 565
4 62 7 4 502
4 63 6 4 553
5 0 7 4 792
5 1 7 4 164
5 2 10 3 77
5 3 8 4 309
5 4 4 3 59
5 5 7 5 4494
5 6 5 5 839
5 7 2 4 116
5 8 7 4 346
5 9 9 4 710
5 10 4 4 184
5 11 4 4 226
5 12 8 2 37
5 13 8 5 912
5 14 6 3 120
5 15 2 4 75
5 16 10 3 54
5 17 6 3 68
5 18 4 6 18168
5 19 9 3 137
5 20 10 4 243
5 21 6 4 145
5 22 3 6 3455
5 23 2 4 92
5 24 2 3 21
5 25 7 4 254
5 26 2 4 88
5 27 6 6 7602
5 28 5 7 101786
5 29 8 3 47
5 30 9 5 4257
5 31 5 6 4937
5 32 3 6 4080
5 33 1 4 67
5 34 8 4 336
5 35 8 3 169
5 36 10 4 551
5 37 1 7 13230
5 38 10 3 109
5 39 5 3 76
5 40 6 3 123
5 41 4 4 198
5 42 9 2 32
5 43 8 3 142
5 44 7 4 204
5 45 9 6 15105
5 46 9 3 163
5 47 8 3 74
5 48 8 3 53
5 49 2 4 210
5 50 5 3 42
5 51 9 6 7151
5 52 6 6 6697
5 53 5 4 111
5 54 3 2 15
5 55 8 3 85
5 56 2 4 92
5 57 1 5 208
5 58 6 5 2433
5 59 1 6 1242
5 60 5 3 100
5 61 4 4 225
5 62 1 7 31600
5 63 9 4 757
6 0 5 3 75
6 1 7 4 575
6 2 1 4 79
6 3 4 2 20
6 4 5 5 712
6 5 9 5 1685
6 6 3 5 771
6 7 7 3 77
6 8 1 6 3391
6 9 3 6 2692
6 10 1 4 32
6 11 4 4 404
6 12 10 8 867564
6 13 2 3 18
6 14 6 3 111
6 15 9 4 875
6 16 3 4 169
6 17 2 4 113
6 18 10 3 97
6 19 1 6 2692
6 20 3 3 39
6 21 1 5 359
6 22 8 3 58
6 23 1 4 81
6 24 7 4 615
6 25 4 3 24
6 26 6 2 24
6 27 3 3 17
6 28 8 3 78
6 29 2 5 644
6 30 1 6 815
6 31 9 3 80
6 32 6 4 311
6 33 5 5 2097
6 34 2 5 263
6 35 9 5 1392
6 36 3 3 60
6 37 6 5 1527
6 38 3 4 79
6 39 3 6 3117
6 40 4 3 62
6 41 3 4 166
6 42 7 3 52
6 43 9 4 532
6 44 4 6 17369
6 45 2 4 57
6 46 10 7 53368
6 47 3 5 861
6 48 5 3 33
6 49 4 4 122
6 50 9 4 382
6 51 7 3 83
6 52 8 3 58
6 53 9 3 149
6 54 7 4 628
6 55 2 7 12337
6 56 2 5 290
6 57 3 5 1082
6 58 8 5 1007
6 59 2 5 284
6 60 7 5 1631
6 61 8 2 35
6 62 9 3 105
6 63 3 5 1706
7 0 6 3 123
7 1 3 4 124
7 2 7 3 71
7 3 10 6 7363
7 4 1 4 67
7 5 10 3 100
7 6 10 4 642
7 7 2 5 299
7 8 2 6 2899
7 9 3 6 5450
7 10 10 5 1151
7 11 10 4 983
7 12 6 3 94
7 13 2 4 123
7 14 9 3 82
7 15 10 4 435
7 16 6 5 3085
7 17 3 5 826
7 18 9 5 1370
7 19 3 4 84
7 20 4 4 155
7 21 4 4 192
7 22 7 4 282
7 23 6 3 55
7 24 10 6 7910
7 25 3 5 495
7 26 9 7 350862
7 27 6 4 145
7 28 5 3 62
7 29 10 3 72
7 30 9 5 2550
7 31 4 6 19695
7 32 8 3 172
7 33 7 3 88
7 34 6 5 824
7 35 10 3 108
7 36 7 3 107
7 37 9 4 251
7 38 3 4 101
7 39 2 7 34707
7 40 5 3 84
7 41 5 3 82
7 42 6 5 806
7 43 7 4 159
7 44 5 4 343
7 45 2 4 73
7 46 4 6 11673
7 47 10 3 97
7 48 9 4 336
7 49 5 3 108
7 50 6 5 3968
7 51 10 3 95
7 52 3 4 236
7 53 5 4 145
7 54 6 4 360
7 55 4 2 20
7 56 1 4 76
7 57 3 5 1745
7 58 7 4 612
7 59 7 4 204
7 60 1 6 1484
7 61 5 3 46
7 62 8 4 879
7 63 10 3 91
8 0 2 4 84
8 1 7 4 668
8 2 5 4 220
8 3 10 3 196
8 4 1 5 220
8 5 5 3 34
8 6 7 4 325
8 7 6 4 340
8 8 4 3 64
8 9 2 5 1281
8 10 1 4 109
8 11 4 4 161
8 12 8 1 3
8 13 10 4 847
8 14 6 3 34
8 15 8 4 599
8 16 6 4 143
8 17 6 5 1147
8 18 8 3 85
8 19 2 5 333
8 20 8 5 1197
8 21 5 6 15160
8 22 10 4 233
8 23 2 4 48
8 24 4 4 434
8 25 5 4 167
8 26 1 6 1194
8 27 4 4 381
8 28 7 4 208
8 29 2 5 237
8 30 8 4 178
8 31 7 3 40
8 32 10 3 179
8 33 3 6 3408
8 34 10 3 127
8 35 8 6 6715
8 36 3 7 22424
8 37 6 5 730
8 38 1 5 310
8 39 6 4 197
8 40 2 5 239
8 41 5 4 391
8 42 1 5 194
8 43 3 4 193
8 44 8 2 24
8 45 9 4 525
8 46 8 3 107
8 47 10 2 41
8 48 9 2 34
8 49 1 4 87
8 50 5 5 2876
8 51 3 5 463
8 52 3 3 16
8 53 7 1 7
8 54 6 3 65
8 55 3 4 225
8 56 3 7 26697
8 57 2 3 39
8 58 10 6 16608
8 59 3 5 1584
8 60 6 3 68
8 61 2 5 612
8 62 4 5 2439
8 63 8 2 26
9 0 10 3 120
9 1 9 3 141
9 2 4 4 417
9 3 8 3 125
9 4 10 3 208
9 5 9 5 2788
9 6 10 4 298
9 7 6 7 58710
9 8 8 3 67
9 9 5 2 20
9 10 2 4 70
9 11 7 3 112
9 12 2 4 220
9 13 3 4 106
9 14 7 4 687
9 15 4 4 348
9 16 7 5 1362
9 17 2 6 4341
9 18 9 3 111
9 19 7 3 61
9 20 2 4 51
9 21 10 2 37
9 22 1 5 162
9 23 6 5 1655
9 24 6 2 24
9 25 2 4 62
9 26 3 5 1051
9 27 10 5 6682
9 28 5 4 232
9 29 6 4 556
9 30 7 3 135
9 31 1 5 628
9 32 2 5 524
9 33 6 4 472
9 34 4 5 770
9 35 5 4 175
9 36 6 4 136
9 37 3 3 18
9 38 5 6 18502
9 39 7 3 59
9 40 7 4 205
9 41 10 3 65
9 42 6 3 99
9 43 8 3 113
9 44 8 3 88
9 45 3 6 3353
9 46 2 4 201
9 47 7 5 4465
9 48 4 5 702
9 49 9 2 25
9 50 8 4 269
9 51 6 3 97
9 52 6 4 232
9 53 7 3 50
9 54 10 4 416
9 55 3 3 41
9 56 2 5 889
9 57 2 5 289
9 58 9 3 108
9 59 2 6 1730
9 60 3 5 713
9 61 4 3 47
9 62 7 4 411
9 63 3 4 294
10 0 9 4 202
10 1 5 5 1229
10 2 7 4 169
10 3 3 3 38
10 4 7 3 76
10 5 10 1 9
10 6 5 4 150
10 7 3 5 348
10 8 2 5 712
10 9 1 5 255
10 10 1 5 153
10 11 9 4 777
10 12 10 4 253
10 13 9 3 58
10 14 3 4 87
10 15 10 3 136
10 16 5 4 343
10 17 4 4 217
10 18 6 3 99
10 19 6 5 711
10 20 9 4 335
10 21 7 4 182
10 22 2 4 214
10 23 6 4 162
10 24 4 5 1986
10 25 5 3 95
10 26 8 3 47
10 27 5 5 1172
10 28 6 6 7692
10 29 10 4 605
10 30 9 2 24
10 31 8 5 1284
10 32 9 4 764
10 33 9 4 465
10 34 7 3 121
10 35 6 3 117
10 36 4 5 1916
10 37 5 3 96
10 38 1 6 2364
10 39 9 5 1524
10 40 9 4 453
10 41 7 4 292
10 42 3 4 126
10 43 7 4 165
10 44 1 5 374
10 45 9 5 4954
10 46 3 5 480
10 47 1 5 190
10 48 8 3 87
10 49 6 4 257
10 50 7 3 140
10 51 10 3 83
10 52 9 4 265
10 53 9 4 891
10 54 8 4 184
10 55 8 5 1350
10 56 7 3 148
10 57 3 4 197
10 58 3 5 481
10 59 5 3 94
10 60 10 4 402
10 61 10 4 329
10 62 8 4 765
10 63 6 3 53
11 0 3 3 43
11 1 10 3 168
11 2 9 3 55
11 3 2 5 232
11 4 3 4 125
11 5 10 2 36
11 6 7 4 236
11 7 4 3 25
11 8 6 6 4514
11 9 10 1 7
11 10 10 5 1573
11 11 10 4 279
11 12 8 5 1008
11 13 4 6 7635
11 14 5 4 141
11 15 2 4 121
11 16 1 6 729
11 17 8 5 2790
11 18 10 2 35
11 19 1 4 39
11 20 7 4 381
11 21 7 3 94
11 22 7 5 1725
11 23 10 3 106
11 24 3 4 102
11 25 1 4 70
11 26 10 3 118
11 27 8 3 56
11 28 3 6 12696
11 29 3 4 139
11 30 8 4 214
11 31 8 3 60
11 32 7 3 97
11 33 3 4 209
11 34 9 5 4339
11 35 4 6 3614
11 36 7 3 144
11 37 4 5 1859
11 38 8 6 10505
11 39 6 3 60
11 40 10 2 38
11 41 10 2 43
11 42 10 3 144
11 43 2 3 38
11 44 6 3 71
11 45 5 3 55
11 46 6 4 335
11 47 2 4 101
11 48 4 7 31826
11 49 6 5 1769
11 50 8 2 24
11 51 5 5 1516
11 52 8 4 198
11 53 5 5 2053
11 54 2 6 7356
11 55 3 4 261
11 56 6 3 35
11 57 6 7 64942
11 58 3 5 417
11 59 9 4 910
11 60 9 3 99
11 61 6 4 164
11 62 6 3 39
11 63 8 3 94
12 0 8 3 86
12 1 9 4 334
12 2 2 4 111
12 3 9 4 684
12 4 7 3 96
12 5 1 5 339
12 6 10 5 1263
12 7 9 3 104
12 8 1 4 80
12 9 1 4 110
12 10 4 4 364
12 11 7 4 202
12 12 4 4 274
12 13 1 7 18850
12 14 9 3 142
12 15 3 4 131
12 16 1 4 95
12 17 5 4 188
12 18 9 4 529
12 19 1 6 3612
12 20 10 5 1248
12 21 7 6 11790
12 22 5 3 67
12 23 9 7 65808
12 24 7 3 61
12 25 3 4 122
12 26 5 4 149
12 27 6 4 671
12 28 8 4 649
12 29 6 3 34
12 30 9 3 71
12 31 1 6 1582
12 32 4 5 590
12 33 9 4 612
12 34 7 3 56
12 35 5 6 6380
12 36 5 3 76
12 37 5 3 77
12 38 6 4 539
12 39 8 2 37
12 40 1 4 80
12 41 1 5 349
12 42 5 4 171
12 43 5 4 303
12 44 6 5 3132
12 45 7 4 192
12 46 6 4 210
12 47 10 4 344
12 48 2 4 77
12 49 2 4 165
12 50 6 4 153
12 51 8 4 307
12 52 1 4 29
12 53 2 6 8658
12 54 1 5 201
12 55 8 3 84
12 56 9 2 25
12 57 10 2 37
12 58 2 4 169
12 59 4 4 123
12 60 8 4 566
12 61 8 5 5207
12 62 1 3 16
12 63 10 6 13496
13 0 9 4 238
13 1 2 4 101
13 2 4 5 1571
13 3 2 7 15373
13 4 1 4 108
13 5 6 5 1858
13 6 8 1 9
13 7 8 4 740
13 8 10 2 49
13 9 8 4 599
13 10 9 3 195
13 11 5 4 188
13 12 10 2 23
13 13 8 3 51
13 14 8 2 31
13 15 7 4 388
13 16 10 3 104
13 17 5 4 246
13 18 10 3 91
13 19 8 2 35
13 20 6 5 1116
13 21 6 6 4373
13 22 2 5 806
13 23 9 4 199
13 24 7 3 60
13 25 5 3 73
13 26 10 3 143
13 27 4 5 1141
13 28 5 3 96
13 29 4 5 1897
13 30 4 5 691
13 31 5 6 6983
13 32 5 5 2316
13 33 8 3 150
13 34 6 5 3861
13 35 1 4 42
13 36 6 5 938
13 37 7 3 70
13 38 5 3 50
13 39 9 5 1090
13 40 4 5 682
13 41 7 3 111
13 42 2 3 21
13 43 7 6 4998
13 44 8 2 39
13 45 3 3 16
13 46 9 3 113
13 47 2 4 119
13 48 10 2 43
13 49 5 4 532
13 50 5 5 2221
13 51 4 5 472
13 52 2 4 192
13 53 1 4 91
13 54 7 4 166
13 55 3 3 66
13 56 8 3 47
13 57 6 4 138
13 58 2 4 119
13 59 10 5 4611
13 60 7 5 823
13 61 1 5 284
13 62 1 6 4462
13 63 6 3 92
14 0 2 5 975
14 1 9 6 9768
14 2 6 5 916
14 3 8 4 621
14 4 1 5 272
14 5 7 2 34
14 6 2 5 561
14 7 3 4 164
14 8 7 3 41
14 9 8 3 94
14 10 9 2 29
14 11 10 3 54
14 12 8 3 83
14 13 9 4 519
14 14 9 4 614
14 15 7 3 53
14 16 3 4 190
14 17 7 5 930
14 18 4 3 86
14 19 2 4 47
14 20 4 3 52
14 21 9 2 47
14 22 3 5 627
14 23 3 5 1833
14 24 6 5 1085
14 25 2 4 98
14 26 8 3 100
14 27 3 4 159
14 28 2 4 89
14 29 10 4 695
14 30 7 8 933449
14 31 5 3 68
14 32 5 5 653
14 33 5 4 298
14 34 6 5 2773
14 35 7 5 1249
14 36 6 3 66
14 37 9 4 417
14 38 1 4 41
14 39 1 4 88
14 40 2 4 59
14 41 10 3 61
14 42 10 3 73
14 43 3 7 35044
14 44 8 2 37
14 45 4 3 40
14 46 4 4 195
14 47 2 4 67
14 48 2 4 199
14 49 4 6 6066
14 50 3 3 47
14 51 7 3 77
14 52 5 3 45
14 53 4 3 34
14 54 5 3 94
14 55 5 4 250
14 56 2 3 38
14 57 7 3 53
14 58 7 5 1010
14 59 9 3 131
14 60 9 4 242
14 61 7 2 25
14 62 1 5 293
14 63 3 5 430
15 0 6 3 59
15 1 6 5 1178
15 2 3 4 269
15 3 9 4 200
15 4 2 3 28
15 5 6 3 90
15 6 10 4 890
15 7 4 4 308
15 8 2 5 967
15 9 9 4 429
15 10 7 4 401
15 11 8 4 207
15 12 4 3 29
15 13 8 4 222
15 14 3 4 93
15 15 8 4 784
15 16 9 4 305
15 17 5 3 68
15 18 5 3 103
15 19 2 7 21900
15 20 3 6 2200
15 21 10 6 11147
15 22 7 3 107
15 23 2 4 173
15 24 10 5 1333
15 25 6 3 105
15 26 2 3 24
15 27 10 3 143
15 28 9 3 91
15 29 10 2 21
15 30 3 4 181
15 31 8 5 1781
15 32 9 3 174
15 33 4 4 101
15 34 7 5 1232
15 35 3 5 660
15 36 1 6 2872
15 37 6 8 762998
15 38 8 5 1248
15 39 6 3 32
15 40 1 5 553
15 41 9 6 6970
15 42 4 6 2789
15 43 6 3 92
15 44 3 7 18349
15 45 2 3 43
15 46 4 4 420
15 47 6 3 41
15 48 5 6 3818
15 49 8 2 18
15 50 6 3 118
15 51 3 4 92
15 52 10 4 648
15 53 6 3 88
15 54 6 3 39
15 55 4 5 1583
15 56 4 3 40
15 57 3 6 5295
15 58 5 3 77
15 59 10 5 1211
15 60 6 4 527
15 61 2 5 432
15 62 4 3 29
15 63 3 4 109
16 0 4 3 50
16 1 10 3 163
16 2 7 5 897
16 3 5 3 76
16 4 4 4 290
16 5 3 6 4914
16 6 4 3 80
16 7 5 3 107
16 8 7 4 177
16 9 2 5 539
16 10 1 5 196
16 11 2 4 123
16 12 9 3 64
16 13 8 7 46248
16 14 8 4 271
16 15 9 5 1106
16 16 2 6 1716
16 17 9 3 186
16 18 1 6 1310
16 19 6 3 107
16 20 3 4 92
16 21 9 3 77
16 22 9 5 5733
16 23 7 4 259
16 24 2 4 64
16 25 5 5 3226
16 26 2 4 102
16 27 9 3 85
16 28 2 4 50
16 29 8 5 1248
16 30 7 4 226
16 31 5 3 33
16 32 9 4 383
16 33 9 4 478
16 34 3 5 410
16 35 2 5 766
16 36 3 4 197
16 37 3 4 67
16 38 9 3 93
16 39 3 4 152
16 40 8 7 43853
16 41 5 6 15827
16 42 5 4 179
16 43 10 4 389
16 44 1 5 633
16 45 10 4 334
16 46 3 4 95
16 47 9 4 222
16 48 2 4 109
16 49 2 5 445
16 50 3 3 48
16 51 2 5 616
16 52 4 4 205
16 53 10 6 10621
16 54 9 2 33
16 55 9 3 121
16 56 3 5 850
16 57 10 6 25518
16 58 10 3 60
16 59 2 4 173
16 60 2 5 1376
16 61 10 3 103
16 62 3 5 342
16 63 6 4 378
17 0 8 3 102
17 1 9 4 251
17 2 10 1 9
17 3 6 2 17
17 4 6 4 230
17 5 8 5 3026
17 6 4 5 1695
17 7 4 4 201
17 8 7 3 41
17 9 1 5 585
17 10 8 3 60
17 11 7 4 173
17 12 6 4 540
17 13 4 4 266
17 14 5 3 67
17 15 6 7 48821
17 16 10 3 173
17 17 6 3 130
17 18 1 8 45544
17 19 8 3 148
17 20 1 6 1048
17 21 9 4 495
17 22 4 3 74
17 23 10 4 413
17 24 3 4 134
17 25 9 4 243
17 26 4 7 47774
17 27 6 3 118
17 28 1 3 22
17 29 8 4 358
17 30 7 5 1010
17 31 7 3 73
17 32 8 4 192
17 33 3 5 1052
17 34 10 3 89
17 35 6 4 377
17 36 4 4 338
17 37 1 4 57
17 38 5 3 95
17 39 7 4 382
17 40 1 4 50
17 41 3 5 754
17 42 8 3 44
17 43 2 6 9394
17 44 4 3 82
17 45 7 3 98
17 46 1 4 104
17 47 10 4 895
17 48 6 4 207
17 49 7 4 596
17 50 9 2 46
17 51 5 5 683
17 52 5 5 1769
17 53 4 5 708
17 54 6 4 351
17 55 3 4 137
17 56 1 4 57
17 57 1 5 267
17 58 2 4 47
17 59 2 5 584
17 60 5 4 297
17 61 10 4 440
17 62 6 3 50
17 63 4 5 1316
18 0 6 3 100
18 1 4 4 109
18 2 1 4 81
18 3 6 4 135
18 4 1 4 49
18 5 5 4 119
18 6 10 4 1086
18 7 2 7 15053
18 8 3 4 101
18 9 4 3 34
18 10 4 3 41
18 11 3 7 17940
18 12 8 4 750
18 13 10 3 125
18 14 8 4 405
18 15 5 5 2450
18 16 7 4 234
18 17 7 3 92
18 18 7 5 1754
18 19 8 3 66
18 20 7 4 616
18 21 8 4 793
18 22 10 3 56
18 23 8 3 145
18 24 7 5 4461
18 25 7 3 45
18 26 8 4 389
18 27 4 4 96
18 28 9 3 85
18 29 10 8 591822
18 30 5 5 665
18 31 8 4 692
18 32 5 3 109
18 33 3 4 186
18 34 10 6 21580
18 35 1 8 67792
18 36 4 4 370
18 37 9 5 1229
18 38 8 2 25
18 39 6 3 73
18 40 10 3 106
18 41 7 2 34
18 42 5 3 99
18 43 2 4 160
18 44 4 3 60
18 45 9 3 86
18 46 4 4 133
18 47 1 7 5204
18 48 9 4 893
18 49 1 6 931
18 50 3 5 1238
18 51 9 4 346
18 52 7 5 2112
18 53 6 3 95
18 54 7 4 393
18 55 3 5 1126
18 56 8 3 155
18 57 7 3 49
18 58 1 5 170
18 59 2 6 2698
18 60 3 4 131
18 61 2 4 67
18 62 5 3 94
18 63 3 6 2916
19 0 3 5 1274
19 1 7 4 616
19 2 3 3 66
19 3 8 5 1348
19 4 7 6 9141
19 5 6 4 296
19 6 1 6 1201
19 7 1 6 3637
19 8 3 3 66
19 9 7 4 583
19 10 9 4 273
19 11 10 3 93
19 12 1 4 73
19 13 1 6 1287
19 14 10 4 857
19 15 3 5 1772
19 16 2 4 137
19 17 4 5 1201
19 18 2 5 531
19 19 1 4 85
19 20 4 5 529
19 21 9 4 463
19 22 7 5 2380
19 23 8 4 558
19 24 10 2 35
19 25 9 3 185
19 26 9 5 2161
19 27 10 3 143
19 28 1 5 206
19 29 7 3 84
19 30 4 6 12745
19 31 4 3 76
19 32 7 3 124
19 33 8 3 154
19 34 7 5 3370
19 35 8 2 41
19 36 4 5 458
19 37 3 2 8
19 38 1 5 505
19 39 2 4 184
19 40 4 4 286
19 41 7 6 7067
19 42 8 3 62
19 43 9 4 320
19 44 2 4 203
19 45 6 3 74
19 46 6 3 60
19 47 10 4 374
19 48 10 3 74
19 49 3 4 169
19 50 4 5 631
19 51 6 3 46
19 52 4 4 104
19 53 9 2 40
19 54 9 5 1655
19 55 7 4 359
19 56 3 4 80
19 57 8 4 276
19 58 8 5 2683
19 59 10 3 165
19 60 1 5 114
19 61 8 3 124
19 62 5 4 316
19 63 4 4 122
20 0 2 4 77
20 1 5 3 102
20 2 10 2 51
20 3 7 7 111639
20 4 9 6 9838
20 5 4 4 95
20 6 8 4 459
20 7 8 5 3910
20 8 3 4 181
20 9 1 4 107
20 10 3 7 17192
20 11 9 3 60
20 12 10 3 67
20 13 1 6 972
20 14 9 6 10770
20 15 1 4 109
20 16 9 4 343
20 17 8 5 1695
20 18 2 5 653
20 19 6 3 50
20 20 8 4 306
20 21 3 4 164
20 22 3 4 139
20 23 3 4 101
20 24 3 4 174
20 25 5 4 259
20 26 10 5 3888
20 27 6 4 540
20 28 10 4 687
20 29 3 4 79
20 30 9 3 77
20 31 3 4 295
20 32 2 7 15901
20 33 7 3 52
20 34 7 6 24733
20 35 7 4 186
20 36 1 4 89
20 37 2 5 293
20 38 7 7 72129
20 39 5 3 48
20 40 8 6 10566
20 41 5 5 1070
20 42 8 3 123
20 43 8 4 501
20 44 10 5 3327
20 45 6 4 265
20 46 2 4 134
20 47 4 5 489
20 48 3 4 99
20 49 6 5 1104
20 50 6 4 373
20 51 9 4 254
20 52 7 5 1271
20 53 5 6 16005
20 54 2 6 3053
20 55 1 4 106
20 56 6 3 56
20 57 1 7 15204
20 58 3 4 133
20 59 3 5 432
20 60 6 4 317
20 61 5 3 55
20 62 1 5 229
20 63 1 4 59
21 0 2 4 81
21 1 4 4 143
21 2 1 4 55
21 3 9 4 355
21 4 10 4 937
21 5 10 5 2615
21 6 8 3 49
21 7 4 3 63
21 8 7 4 165
21 9 10 4 377
21 10 9 3 159
21 11 6 4 281
21 12 10 3 111
21 13 9 3 77
21 14 10 3 94
21 15 6 6 5961
21 16 8 3 78
21 17 4 5 761
21 18 2 5 395
21 19 2 5 424
21 20 7 5 2372
21 21 8 3 93
21 22 8 4 341
21 23 5 4 372
21 24 4 2 18
21 25 8 3 164
21 26 9 4 259
21 27 7 3 57
21 28 8 4 617
21 29 3 4 218
21 30 5 5 1758
21 31 3 4 206
21 32 1 5 379
21 33 7 4 397
21 34 7 3 59
21 35 6 5 891
21 36 6 5 1957
21 37 10 3 135
21 38 9 4 572
21 39 1 4 113
21 40 9 4 430
21 41 8 3 53
21 42 2 5 721
21 43 3 5 812
21 44 8 4 349
21 45 3 4 114
21 46 5 5 3079
21 47 9 7 54441
21 48 2 4 45
21 49 5 3 72
21 50 7 2 19
21 51 8 3 61
21 52 6 5 1653
21 53 3 3 65
21 54 6 4 188
21 55 6 3 106
21 56 4 4 292
21 57 2 6 4753
21 58 9 4 413
21 59 1 5 142
21 60 1 6 809
21 61 10 4 470
21 62 8 3 79
21 63 9 3 147
22 0 7 4 166
22 1 9 3 164
22 2 6 3 121
22 3 2 4 107
22 4 5 6 10443
22 5 2 4 112
22 6 3 5 431
22 7 5 4 132
22 8 5 4 313
22 9 2 4 67
22 10 3 6 4501
22 11 9 4 306
22 12 9 4 529
22 13 10 5 6575
22 14 7 3 42
22 15 9 3 121
22 16 9 3 53
22 17 8 6 6517
22 18 6 3 73
22 19 8 3 56
22 20 8 3 97
22 21 4 4 135
22 22 2 4 56
22 23 4 4 92
22 24 3 5 812
22 25 5 5 908
22 26 10 4 745
22 27 2 6 7724
22 28 5 4 154
22 29 10 4 1128
22 30 6 5 815
22 31 3 5 343
22 32 7 4 301
22 33 10 3 123
22 34 6 6 11739
22 35 3 7 17692
22 36 10 3 61
22 37 4 4 166
22 38 10 2 47
22 39 8 4 305
22 40 6 3 128
22 41 10 3 55
22 42 1 4 44
22 43 5 5 661
22 44 8 3 150
22 45 4 3 78
22 46 10 5 1190
22 47 6 5 1832
22 48 1 4 96
22 49 3 4 80
22 50 7 3 61
22 51 5 4 190
22 52 7 4 231
22 53 1 5 148
22 54 7 3 147
22 55 5 4 524
22 56 7 3 43
22 57 2 5 969
22 58 9 3 100
22 59 5 4 166
22 60 5 3 41
22 61 2 5 574
22 62 1 7 5100
22 63 8 4 442
23 0 1 5 661
23 1 7 3 96
23 2 10 4 581
23 3 8 5 1353
23 4 9 3 159
23 5 9 6 11138
23 6 1 5 320
23 7 6 4 383
23 8 2 5 299
23 9 3 3 50
23 10 3 4 312
23 11 5 3 83
23 12 10 3 70
23 13 9 1 15
23 14 7 4 597
23 15 9 5 1936
23 16 2 5 607
23 17 5 6 7134
23 18 8 4 287
23 19 7 3 118
23 20 3 4 114
23 21 5 5 870
23 22 6 6 6719
23 23 2 6 1701
23 24 7 4 769
23 25 9 2 34
23 26 1 6 3532
23 27 1 5 138
23 28 1 4 78
23 29 2 5 979
23 30 8 4 431
23 31 6 4 470
23 32 8 2 29
23 33 5 5 701
23 34 6 3 72
23 35 10 4 563
23 36 2 6 3121
23 37 7 3 109
23 38 2 5 436
23 39 3 4 114
23 40 7 4 280
23 41 7 3 97
23 42 5 4 219
23 43 7 3 79
23 44 2 4 173
23 45 5 4 420
23 46 10 5 1259
23 47 4 4 428
23 48 7 4 159
23 49 7 3 54
23 50 5 5 946
23 51 10 7 58431
23 52 7 3 116
23 53 3 7 64069
23 54 8 3 59
23 55 10 3 150
23 56 1 5 236
23 57 6 7 53488
23 58 6 3 39
23 59 10 4 896
23 60 2 5 456
23 61 1 5 464
23 62 5 3 46
23 63 2 3 29
24 0 4 5 627
24 1 8 4 342
24 2 1 4 39
24 3 2 5 303
24 4 5 4 362
24 5 1 4 110
24 6 8 4 413
24 7 7 3 39
24 8 7 5 3327
24 9 7 2 33
24 10 9 4 259
24 11 9 5 2131
24 12 7 3 44
24 13 1 4 34
24 14 5 9 2211299
24 15 2 5 652
24 16 9 3 183
24 17 8 5 4166
24 18 10 4 281
24 19 6 4 374
24 20 8 4 634
24 21 10 5 5352
24 22 7 4 447
24 23 7 5 942
24 24 5 3 80
24 25 10 4 311
24 26 7 4 213
24 27 3 4 194
24 28 3 5 444
24 29 3 4 230
24 30 6 4 580
24 31 3 5 684
24 32 9 3 55
24 33 4 4 96
24 34 10 4 517
24 35 7 4 193
24 36 8 2 21
24 37 2 7 14213
24 38 8 6 12765
24 39 2 4 49
24 40 9 3 85
24 41 10 2 22
24 42 8 3 57
24 43 1 3 16
24 44 1 6 2007
24 45 9 4 277
24 46 7 3 144
24 47 6 4 556
24 48 10 4 285
24 49 5 3 38
24 50 4 4 136
24 51 3 3 22
24 52 9 4 421
24 53 8 4 262
24 54 3 2 11
24 55 1 4 41
24 56 1 6 4587
24 57 5 3 43
24 58 5 2 12
24 59 7 4 534
24 60 4 4 96
24 61 6 4 251
24 62 3 6 2149
24 63 10 6 27943
25 0 8 2 36
25 1 8 2 27
25 2 10 4 300
25 3 5 5 763
25 4 3 4 109
25 5 10 3 108
25 6 9 4 329
25 7 3 5 1810
25 8 3 6 2392
25 9 1 5 151
25 10 2 4 98
25 11 9 3 178
25 12 6 3 53
25 13 10 1 14
25 14 2 5 383
25 15 5 3 64
25 16 5 4 154
25 17 5 4 316
25 18 6 4 584
25 19 8 4 257
25 20 10 4 612
25 21 9 2 21
25 22 10 3 170
25 23 6 3 101
25 24 1 6 1018
25 25 3 6 3628
25 26 5 4 151
25 27 1 7 30936
25 28 3 3 34
25 29 2 4 85
25 30 3 4 315
25 31 8 3 116
25 32 2 5 600
25 33 5 7 38830
25 34 9 5 4436
25 35 1 5 180
25 36 10 4 279
25 37 4 4 109
25 38 3 5 1406
25 39 5 3 88
25 40 5 5 705
25 41 4 4 148
25 42 5 3 87
25 43 5 9 2292941
25 44 6 5 1208
25 45 1 4 62
25 46 1 4 44
25 47 10 3 123
25 48 1 4 83
25 49 8 3 92
25 50 1 6 933
25 51 4 3 72
25 52 5 4 124
25 53 7 4 255
25 54 10 3 160
25 55 2 7 49399
25 56 5 3 45
25 57 1 4 75
25 58 1 5 152
25 59 7 4 661
25 60 6 3 37
25 61 3 6 4501
25 62 6 3 68
25 63 1 6 1755
26 0 2 3 29
26 1 2 3 21
26 2 6 3 54
26 3 4 3 58
26 4 6 3 49
26 5 2 6 4794
26 6 4 4 145
26 7 6 4 559
26 8 3 4 185
26 9 1 6 977
26 10 8 2 33
26 11 4 5 611
26 12 5 3 63
26 13 9 2 39
26 14 3 3 54
26 15 7 5 1649
26 16 7 4 435
26 17 2 4 125
26 18 2 9 1144875
26 19 3 3 52
26 20 1 4 33
26 21 5 4 383
26 22 4 3 82
26 23 1 5 207
26 24 8 3 57
26 25 7 5 3055
26 26 3 4 177
26 27 10 3 77
26 28 4 3 44
26 29 1 4 77
26 30 10 3 97
26 31 4 5 1332
26 32 3 4 199
26 33 6 4 196
26 34 10 5 2067
26 35 2 5 997
26 36 8 5 1055
26 37 3 4 93
26 38 7 4 521
26 39 7 4 320
26 40 10 2 22
26 41 10 3 64
26 42 3 4 228
26 43 8 3 172
26 44 7 5 1471
26 45 6 4 213
26 46 5 3 51
26 47 4 4 103
26 48 9 5 1171
26 49 4 4 192
26 50 6 4 380
26 51 6 3 62
26 52 5 4 364
26 53 4 3 42
26 54 8 3 71
26 55 4 5 461
26 56 5 4 155
26 57 6 3 86
26 58 5 6 4012
26 59 7 4 484
26 60 2 5 474
26 61 8 4 597
26 62 10 2 40
26 63 1 4 89
27 0 9 5 3381
27 1 2 4 187
27 2 10 4 318
27 3 5 5 1095
27 4 1 5 222
27 5 10 3 61
27 6 4 6 5070
27 7 6 4 145
27 8 4 2 20
27 9 6 4 441
27 10 1 5 516
27 11 10 5 5027
27 12 6 3 108
27 13 1 4 64
27 14 9 6 10618
27 15 10 4 258
27 16 1 5 679
27 17 10 2 21
27 18 2 4 225
27 19 9 3 102
27 20 1 5 356
27 21 1 5 130
27 22 10 3 74
27 23 4 7 32572
27 24 7 3 86
27 25 8 4 665
27 26 6 4 154
27 27 8 4 177
27 28 1 4 39
27 29 1 7 6742
27 30 10 2 50
27 31 2 4 155
27 32 5 3 40
27 33 7 3 54
27 34 4 5 655
27 35 4 3 51
27 36 6 3 78
27 37 10 5 4282
27 38 7 5 840
27 39 10 3 70
27 40 9 2 42
27 41 10 4 639
27 42 4 4 228
27 43 4 3 71
27 44 1 4 112
27 45 7 5 3235
27 46 7 5 1441
27 47 2 4 74
27 48 3 3 52
27 49 4 3 52
27 50 3 6 2938
27 51 1 6 2564
27 52 6 5 2330
27 53 6 3 87
27 54 2 4 53
27 55 8 1 12
27 56 10 4 719
27 57 10 2 46
27 58 6 4 154
27 59 10 6 15844
27 60 8 5 2309
27 61 4 5 639
27 62 2 7 17747
27 63 1 7 6653
28 0 2 4 123
28 1 8 3 75
28 2 10 3 102
28 3 10 2 34
28 4 6 3 90
28 5 5 5 697
28 6 5 5 632
28 7 10 5 2717
28 8 10 3 210
28 9 3 5 472
28 10 2 4 68
28 11 5 5 798
28 12 5 4 510
28 13 9 6 11998
28 14 6 4 244
28 15 5 3 73
28 16 5 3 33
28 17 6 5 734
28 18 9 3 56
28 19 10 3 59
28 20 4 5 1241
28 21 1 4 110
28 22 10 3 62
28 23 9 6 11538
28 24 2 4 116
28 25 9 3 134
28 26 4 3 42
28 27 9 3 179
28 28 3 3 62
28 29 5 3 79
28 30 1 4 90
28 31 4 4 344
28 32 3 5 1108
28 33 5 4 146
28 34 4 4 107
28 35 4 4 98
28 36 10 4 440
28 37 7 4 260
28 38 7 3 105
28 39 8 2 25
28 40 2 6 5793
28 41 9 4 239
28 42 8 4 266
28 43 1 5 227
28 44 4 4 223
28 45 6 6 5770
28 46 2 6 2067
28 47 8 4 794
28 48 3 5 1415
28 49 7 4 381
28 50 7 4 165
28 51 1 6 3695
28 52 5 4 198
28 53 8 3 144
28 54 3 5 394
28 55 10 3 70
28 56 4 6 8204
28 57 9 3 65
28 58 6 2 22
28 59 2 4 139
28 60 1 6 1297
28 61 10 2 43
28 62 4 6 5972
28 63 2 3 38
29 0 3 3 44
29 1 8 4 202
29 2 10 4 413
29 3 6 3 61
29 4 6 4 340
29 5 3 6 6988
29 6 3 4 147
29 7 6 4 223
29 8 7 2 20
29 9 9 3 109
29 10 7 3 73
29 11 8 5 1930
29 12 4 3 66
29 13 8 3 146
29 14 3 4 145
29 15 7 5 2676
29 16 10 3 154
29 17 5 5 584
29 18 10 3 88
29 19 5 5 2591
29 20 9 3 78
29 21 2 4 127
29 22 6 4 138
29 23 10 3 185
29 24 7 5 2101
29 25 10 3 145
29 26 6 5 2721
29 27 6 3 113
29 28 7 4 583
29 29 8 3 89
29 30 6 3 112
29 31 3 5 490
29 32 5 4 513
29 33 10 4 445
29 34 5 4 485
29 35 2 5 232
29 36 9 4 307
29 37 7 5 882
29 38 6 3 80
29 39 6 4 332
29 40 5 5 1542
29 41 9 5 2273
29 42 7 5 1239
29 43 4 3 62
29 44 3 5 403
29 45 7 6 5549
29 46 8 5 927
29 47 10 3 59
29 48 5 4 333
29 49 10 4 1122
29 50 4 5 661
29 51 3 3 52
29 52 9 2 23
29 53 9 2 16
29 54 8 6 9488
29 55 5 6 9520
29 56 7 5 3314
29 57 2 5 1313
29 58 10 4 679
29 59 2 4 135
29 60 4 6 2836
29 61 10 5 4784
29 62 9 4 689
29 63 9 3 177
30 0 6 4 185
30 1 7 4 193
30 2 3 3 64
30 3 1 4 71
30 4 7 6 7792
30 5 4 4 148
30 6 8 3 80
30 7 9 4 587
30 8 6 5 1927
30 9 5 3 57
30 10 4 6 10712
30 11 8 3 146
30 12 8 3 110
30 13 2 4 60
30 14 7 4 286
30 15 5 4 246
30 16 4 4 300
30 17 2 3 31
30 18 9 3 53
30 19 5 3 88
30 20 8 6 8375
30 21 6 4 418
30 22 8 3 118
30 23 1 5 335
30 24 2 4 142
30 25 1 5 160
30 26 9 3 175
30 27 3 4 250
30 28 5 4 207
30 29 4 4 101
30 30 9 3 74
30 31 6 3 69
30 32 7 5 2229
30 33 4 4 411
30 34 4 3 76
30 35 4 5 1355
30 36 9 3 185
30 37 1 8 118083
30 38 7 3 77
30 39 10 3 135
30 40 10 3 181
30 41 2 5 808
30 42 7 6 5413
30 43 10 4 460
30 44 5 4 245
30 45 2 6 2670
30 46 8 3 93
30 47 1 4 105
30 48 2 5 572
30 49 1 5 178
30 50 1 5 254
30 51 6 3 85
30 52 9 4 458
30 53 2 5 721
30 54 9 6 15702
30 55 2 6 7415
30 56 8 3 62
30 57 2 5 257
30 58 7 4 167
30 59 10 3 100
30 60 6 4 145
30 61 1 5 145
30 62 9 3 151
30 63 8 4 340
31 0 9 2 41
31 1 7 4 320
31 2 5 3 97
31 3 4 4 395
31 4 10 3 150
31 5 7 4 700
31 6 8 5 1097
31 7 2 4 91
31 8 7 4 346
31 9 4 5 570
31 10 5 4 340
31 11 5 3 57
31 12 3 5 755
31 13 3 3 43
31 14 9 3 104
31 15 8 5 2647
31 16 10 3 146
31 17 10 3 143
31 18 6 4 193
31 19 10 3 121
31 20 6 4 197
31 21 3 4 99
31 22 9 3 110
31 23 3 3 30
31 24 4 4 200
31 25 8 4 238
31 26 10 3 81
31 27 8 3 89
31 28 4 2 20
31 29 2 7 76074
31 30 2 5 535
31 31 5 4 221
31 32 1 4 86
31 33 6 4 134
31 34 5 3 109
31 35 2 7 21516
31 36 3 4 113
31 37 8 3 143
31 38 7 5 2250
31 39 6 6 6396
31 40 2 5 287
31 41 10 4 349
31 42 4 3 53
31 43 7 3 61
31 44 1 4 47
31 45 8 4 243
31 46 6 4 159
31 47 6 3 129
31 48 6 4 179
31 49 8 2 27
31 50 10 5 3766
31 51 8 4 350
31 52 6 4 406
31 53 5 3 49
31 54 6 2 30
31 55 7 4 352
31 56 7 4 502
31 57 3 4 287
31 58 4 5 757
31 59 7 4 473
31 60 9 3 158
31 61 3 2 14
31 62 5 5 576
31 63 5 4 358
32 0 9 4 213
32 1 4 4 125
32 2 2 7 10334
32 3 5 3 48
32 4 9 5 5388
32 5 4 4 94
32 6 3 5 1265
32 7 7 3 53
32 8 4 3 29
32 9 10 3 80
32 10 2 5 889
32 11 7 3 61
32 12 8 4 195
32 13 3 5 485
32 14 6 6 17478
32 15 7 3 86
32 16 8 3 136
32 17 1 6 2264
32 18 5 4 121
32 19 5 4 335
32 20 6 3 128
32 21 5 3 49
32 22 2 3 36
32 23 3 4 176
32 24 9 4 351
32 25 2 4 172
32 26 7 2 17
32 27 5 3 79
32 28 4 7 28122
32 29 1 5 178
32 30 10 3 87
32 31 1 5 527
32 32 2 7 22348
32 33 1 4 40
32 34 3 4 187
32 35 2 4 171
32 36 2 4 207
32 37 2 4 68
32 38 8 4 279
32 39 10 3 70
32 40 7 3 123
32 41 5 3 65
32 42 7 4 482
32 43 5 3 49
32 44 6 6 20160
32 45 9 3 52
32 46 2 4 223
32 47 3 6 9735
32 48 10 3 72
32 49 7 5 4098
32 50 4 3 36
32 51 9 6 27006
32 52 4 3 29
32 53 1 7 5989
32 54 9 5 4097
32 55 10 5 1296
32 56 6 6 20995
32 57 2 3 41
32 58 3 4 122
32 59 8 3 146
32 60 8 3 92
32 61 7 4 306
32 62 10 4 463
32 63 3 4 170
33 0 7 7 69104
33 1 2 5 239
33 2 1 6 3512
33 3 8 4 690
33 4 2 5 322
33 5 4 5 1686
33 6 7 2 31
33 7 3 4 68
33 8 4 3 79
33 9 3 4 89
33 10 5 5 2046
33 11 4 8 436121
33 12 6 3 127
33 13 4 5 932
33 14 5 4 322
33 15 2 4 119
33 16 1 6 1033
33 17 6 6 6975
33 18 10 3 78
33 19 4 5 1444
33 20 9 3 175
33 21 7 1 7
33 22 4 4 197
33 23 10 3 128
33 24 3 2 7
33 25 10 4 941
33 26 10 3 186
33 27 6 3 87
33 28 8 3 79
33 29 5 4 158
33 30 6 4 389
33 31 6 7 45419
33 32 5 6 22229
33 33 4 4 202
33 34 5 4 353
33 35 7 3 126
33 36 10 5 1634
33 37 3 3 52
33 38 1 6 1648
33 39 3 4 169
33 40 10 4 665
33 41 8 3 93
33 42 2 4 99
33 43 8 3 118
33 44 1 4 99
33 45 6 4 203
33 46 3 5 602
33 47 7 3 82
33 48 7 3 78
33 49 9 4 464
33 50 4 6 3869
33 51 10 6 7398
33 52 9 3 57
33 53 10 2 32
33 54 3 4 193
33 55 6 3 76
33 56 9 4 490
33 57 7 3 103
33 58 8 3 138
33 59 7 4 765
33 60 8 3 117
33 61 10 4 223
33 62 8 3 69
33 63 3 3 43
34 0 3 4 236
34 1 7 6 8045
34 2 5 4 533
34 3 10 1 14
34 4 2 7 10343
34 5 4 3 33
34 6 2 5 256
34 7 4 5 601
34 8 5 3 48
34 9 4 4 132
34 10 1 6 701
34 11 6 5 1290
34 12 2 8 139909
34 13 5 3 100
34 14 4 4 126
34 15 2 5 229
34 16 9 6 7296
34 17 1 6 776
34 18 3 5 442
34 19 3 4 82
34 20 10 3 95
34 21 8 3 147
34 22 10 3 63
34 23 8 3 76
34 24 3 5 698
34 25 3 4 75
34 26 2 5 1151
34 27 5 4 180
34 28 7 3 144
34 29 1 6 2261
34 30 7 4 234
34 31 4 4 108
34 32 1 6 1003
34 33 8 2 19
34 34 4 4 92
34 35 7 5 4030
34 36 6 3 88
34 37 10 2 53
34 38 10 5 1891
34 39 4 7 48852
34 40 9 4 600
34 41 7 5 972
34 42 6 3 66
34 43 5 4 338
34 44 7 3 72
34 45 4 5 544
34 46 9 4 215
34 47 2 4 215
34 48 3 5 1525
34 49 7 5 2994
34 50 3 5 1220
34 51 8 3 45
34 52 7 6 9701
34 53 7 4 399
34 54 9 3 96
34 55 8 3 51
34 56 2 6 1901
34 57 7 3 62
34 58 1 4 102
34 59 7 4 193
34 60 2 4 62
34 61 1 5 237
34 62 9 3 53
34 63 2 4 97
35 0 6 3 68
35 1 8 3 110
35 2 7 3 112
35 3 9 5 1285
35 4 5 5 666
35 5 6 3 101
35 6 3 6 9595
35 7 4 6 9036
35 8 7 4 280
35 9 3 5 930
35 10 2 4 192
35 11 10 5 5351
35 12 7 3 75
35 13 4 5 777
35 14 10 4 899
35 15 7 4 236
35 16 2 6 4220
35 17 1 5 374
35 18 6 3 78
35 19 8 3 105
35 20 5 2 22
35 21 7 4 401
35 22 5 5 667
35 23 8 4 255
35 24 4 3 69
35 25 2 6 2919
35 26 2 6 5707
35 27 8 3 76
35 28 9 3 164
35 29 1 5 122
35 30 5 4 295
35 31 7 3 108
35 32 2 5 862
35 33 8 3 108
35 34 6 3 101
35 35 9 3 173
35 36 7 3 99
35 37 5 3 76
35 38 2 4 74
35 39 3 3 42
35 40 8 5 1176
35 41 6 3 128
35 42 3 5 813
35 43 8 3 122
35 44 2 4 187
35 45 3 3 51
35 46 7 3 69
35 47 2 4 173
35 48 5 5 2312
35 49 5 6 6502
35 50 5 4 145
35 51 3 4 93
35 52 10 3 72
35 53 8 4 210
35 54 2 7 35966
35 55 3 5 508
35 56 7 4 188
35 57 9 3 83
35 58 9 7 81441
35 59 2 7 26662
35 60 2 4 167
35 61 10 5 2166
35 62 10 4 490
35 63 5 4 181
36 0 1 4 46
36 1 3 5 929
36 2 7 5 907
36 3 3 4 236
36 4 10 5 1615
36 5 2 5 690
36 6 10 4 317
36 7 8 3 59
36 8 5 4 200
36 9 3 4 262
36 10 9 2 30
36 11 8 4 247
36 12 4 3 66
36 13 9 5 1145
36 14 4 5 2590
36 15 2 5 730
36 16 4 4 306
36 17 1 6 880
36 18 3 4 86
36 19 3 5 1525
36 20 6 3 54
36 21 9 3 136
36 22 7 4 163
36 23 6 4 580
36 24 1 5 137
36 25 5 5 1216
36 26 4 3 79
36 27 5 3 66
36 28 9 4 566
36 29 5 3 94
36 30 7 2 32
36 31 9 6 12232
36 32 7 5 2032
36 33 5 3 31
36 34 9 3 92
36 35 6 6 15165
36 36 2 6 1906
36 37 9 3 133
36 38 6 4 436
36 39 9 3 79
36 40 8 4 681
36 41 10 6 24720
36 42 6 4 158
36 43 1 6 2524
36 44 10 3 67
36 45 9 3 63
36 46 3 4 96
36 47 7 4 290
36 48 10 4 852
36 49 5 4 161
36 50 6 3 80
36 51 8 4 607
36 52 7 4 237
36 53 5 5 592
36 54 5 4 197
36 55 8 5 1423
36 56 1 4 33
36 57 4 3 64
36 58 2 4 79
36 59 3 4 106
36 60 5 4 118
36 61 8 3 130
36 62 9 3 140
36 63 5 5 1112
37 0 10 4 452
37 1 10 4 344
37 2 7 4 717
37 3 4 3 88
37 4 9 3 162
37 5 5 4 152
37 6 10 2 18
37 7 9 4 488
37 8 10 5 4616
37 9 7 3 57
37 10 7 5 2054
37 11 10 6 31174
37 12 8 4 630
37 13 6 3 45
37 14 7 3 62
37 15 7 3 39
37 16 10 3 150
37 17 7 6 6642
37 18 3 5 406
37 19 5 4 269
37 20 10 3 103
37 21 7 5 4770
37 22 6 4 305
37 23 5 3 98
37 24 3 6 5509
37 25 3 5 1290
37 26 8 5 2079
37 27 7 4 346
37 28 5 6 11202
37 29 2 4 79
37 30 3 6 5627
37 31 4 4 228
37 32 8 7 50113
37 33 7 5 854
37 34 4 3 50
37 35 2 6 8210
37 36 8 3 54
37 37 5 5 850
37 38 7 4 551
37 39 8 3 169
37 40 2 5 1108
37 41 9 2 38
37 42 1 4 61
37 43 3 4 150
37 44 5 4 130
37 45 2 5 371
37 46 4 6 3230
37 47 9 4 338
37 48 5 4 136
37 49 6 4 215
37 50 1 6 1900
37 51 9 4 615
37 52 2 4 122
37 53 8 4 507
37 54 2 4 134
37 55 4 4 113
37 56 10 4 341
37 57 10 4 516
37 58 6 4 585
37 59 4 5 1238
37 60 7 3 102
37 61 9 4 934
37 62 7 3 106
37 63 10 3 84
38 0 4 4 108
38 1 6 4 328
38 2 2 4 198
38 3 4 5 565
38 4 5 5 834
38 5 8 4 311
38 6 5 3 96
38 7 6 7 40102
38 8 5 4 165
38 9 5 4 521
38 10 4 5 901
38 11 7 2 34
38 12 4 6 8225
38 13 7 4 373
38 14 7 3 90
38 15 5 3 55
38 16 8 5 1615
38 17 1 4 70
38 18 10 5 1167
38 19 3 3 26
38 20 10 4 711
38 21 1 5 446
38 22 8 5 5257
38 23 8 5 1057
38 24 8 3 58
38 25 9 4 469
38 26 3 3 46
38 27 10 5 2230
38 28 9 4 349
38 29 1 4 61
38 30 3 5 761
38 31 5 7 92295
38 32 5 4 558
38 33 8 4 261
38 34 1 6 980
38 35 5 4 230
38 36 2 4 130
38 37 1 6 4623
38 38 1 6 3701
38 39 8 4 815
38 40 4 4 340
38 41 6 3 46
38 42 5 3 105
38 43 7 4 650
38 44 10 3 118
38 45 3 5 905
38 46 3 5 1007
38 47 9 4 202
38 48 6 3 105
38 49 4 6 3996
38 50 8 4 646
38 51 2 6 9597
38 52 4 3 79
38 53 1 8 141490
38 54 10 3 167
38 55 10 5 5650
38 56 3 3 16
38 57 6 4 155
38 58 5 4 527
38 59 4 3 69
38 60 10 4 446
38 61 2 3 30
38 62 2 4 120
38 63 1 4 40
39 0 5 3 47
39 1 5 3 57
39 2 4 6 2852
39 3 2 4 107
39 4 10 2 24
39 5 3 4 279
39 6 10 3 105
39 7 1 5 684
39 8 5 2 17
39 9 8 4 276
39 10 7 5 1287
39 11 1 6 939
39 12 6 5 726
39 13 2 5 750
39 14 7 5 1248
39 15 9 5 4509
39 16 7 4 673
39 17 7 4 210
39 18 7 5 803
39 19 4 3 64
39 20 5 4 503
39 21 10 3 147
39 22 6 3 70
39 23 4 5 537
39 24 5 4 253
39 25 4 3 40
39 26 10 4 595
39 27 3 3 42
39 28 7 5 4814
39 29 1 5 202
39 30 5 3 67
39 31 9 4 313
39 32 5 3 29
39 33 10 5 1551
39 34 10 4 1033
39 35 8 3 80
39 36 8 4 271
39 37 3 3 50
39 38 9 4 355
39 39 2 5 510
39 40 3 4 143
39 41 4 6 4551
39 42 3 4 72
39 43 3 7 17777
39 44 3 3 63
39 45 8 4 384
39 46 5 6 11410
39 47 9 3 141
39 48 1 6 3253
39 49 3 4 263
39 50 8 4 275
39 51 8 3 97
39 52 3 4 255
39 53 2 7 11468
39 54 1 5 114
39 55 5 3 34
39 56 10 5 4813
39 57 6 4 230
39 58 3 4 235
39 59 3 4 259
39 60 3 3 46
39 61 7 3 54
39 62 7 3 54
39 63 4 4 301
40 0 4 4 101
40 1 10 6 10454
40 2 9 3 126
40 3 8 2 38
40 4 4 3 77
40 5 2 3 21
40 6 1 4 50
40 7 6 7 79699
40 8 4 4 146
40 9 4 4 210
40 10 4 4 93
40 11 5 3 69
40 12 4 5 602
40 13 7 3 70
40 14 2 6 3852
40 15 5 3 85
40 16 2 4 161
40 17 10 4 334
40 18 10 6 9165
40 19 3 4 256
40 20 3 3 29
40 21 4 3 34
40 22 6 3 62
40 23 6 3 75
40 24 6 4 200
40 25 1 5 211
40 26 9 3 51
40 27 5 4 193
40 28 8 4 258
40 29 5 3 78
40 30 2 4 119
40 31 3 4 272
40 32 3 5 1139
40 33 4 3 33
40 34 8 5 1798
40 35 2 4 63
40 36 3 4 166
40 37 1 6 990
40 38 1 6 777
40 39 10 6 43132
40 40 3 4 172
40 41 9 5 1539
40 42 1 5 498
40 43 10 3 60
40 44 8 5 1073
40 45 4 6 4520
40 46 2 4 103
40 47 10 6 8759
40 48 3 5 697
40 49 1 4 36
40 50 5 3 47
40 51 8 4 200
40 52 4 3 66
40 53 1 5 363
40 54 5 3 83
40 55 9 5 2350
40 56 7 5 1121
40 57 6 4 325
40 58 6 4 184
40 59 7 3 130
40 60 4 3 57
40 61 3 5 1266
40 62 4 5 812
40 63 3 6 3136
41 0 1 4 93
41 1 1 4 69
41 2 3 5 385
41 3 9 5 4287
41 4 3 5 921
41 5 6 6 7687
41 6 8 5 1869
41 7 5 4 345
41 8 4 5 591
41 9 8 4 382
41 10 3 3 45
41 11 9 6 28936
41 12 7 4 185
41 13 7 3 59
41 14 2 6 2580
41 15 2 5 885
41 16 4 5 627
41 17 9 3 168
41 18 5 4 283
41 19 3 5 1590
41 20 10 2 23
41 21 8 5 4584
41 22 9 2 46
41 23 7 4 636
41 24 10 2 49
41 25 5 4 211
41 26 1 6 1297
41 27 2 6 6519
41 28 7 3 93
41 29 10 3 123
41 30 9 4 478
41 31 7 3 60
41 32 4 4 278
41 33 5 4 117
41 34 2 8 117241
41 35 7 3 49
41 36 1 5 118
41 37 5 5 723
41 38 9 4 224
41 39 3 4 97
41 40 8 6 5763
41 41 9 2 35
41 42 4 3 50
41 43 4 3 35
41 44 5 4 181
41 45 3 5 1895
41 46 5 3 74
41 47 10 4 687
41 48 6 3 115
41 49 6 3 67
41 50 1 4 35
41 51 4 4 162
41 52 9 3 154
41 53 3 4 122
41 54 4 3 44
41 55 3 4 211
41 56 8 3 64
41 57 7 3 43
41 58 2 4 48
41 59 9 3 196
41 60 9 5 1573
41 61 10 4 229
41 62 6 5 816
41 63 3 5 1042
42 0 6 5 801
42 1 10 4 264
42 2 2 4 52
42 3 7 2 18
42 4 3 4 294
42 5 6 4 238
42 6 5 5 632
42 7 7 3 139
42 8 10 2 52
42 9 10 3 82
42 10 10 6 35202
42 11 4 3 60
42 12 2 7 70880
42 13 5 3 27
42 14 7 3 52
42 15 2 3 35
42 16 2 4 222
42 17 8 4 350
42 18 2 4 71
42 19 4 3 49
42 20 1 3 22
42 21 2 4 208
42 22 3 5 343
42 23 6 6 11684
42 24 1 4 69
42 25 1 6 1131
42 26 6 3 51
42 27 7 6 20804
42 28 4 6 16764
42 29 2 7 13382
42 30 3 3 64
42 31 10 3 184
42 32 4 4 90
42 33 9 3 145
42 34 3 6 12674
42 35 9 4 979
42 36 8 4 253
42 37 6 4 236
42 38 6 6 7557
42 39 8 4 248
42 40 3 4 137
42 41 10 1 14
42 42 6 3 82
42 43 5 6 5171
42 44 7 3 62
42 45 8 3 83
42 46 2 7 37072
42 47 5 3 109
42 48 10 4 415
42 49 9 5 3120
42 50 7 5 2027
42 51 3 6 3270
42 52 10 4 832
42 53 1 4 105
42 54 9 3 115
42 55 6 3 65
42 56 10 3 84
42 57 4 3 45
42 58 7 4 243
42 59 8 3 123
42 60 3 4 103
42 61 1 5 143
42 62 9 3 129
42 63 7 5 2618
43 0 5 5 2800
43 1 2 4 180
43 2 3 5 347
43 3 1 5 205
43 4 8 4 473
43 5 7 3 122
43 6 5 3 85
43 7 2 4 53
43 8 10 4 619
43 9 9 4 220
43 10 6 6 21015
43 11 6 3 43
43 12 6 5 1377
43 13 9 6 12547
43 14 3 4 131
43 15 6 7 34022
43 16 9 3 88
43 17 4 3 45
43 18 10 2 27
43 19 4 5 2208
43 20 6 3 66
43 21 2 5 504
43 22 5 4 150
43 23 10 3 102
43 24 7 5 1175
43 25 9 4 792
43 26 8 3 124
43 27 7 3 62
43 28 10 5 6700
43 29 7 4 363
43 30 2 4 70
43 31 1 9 396202
43 32 6 4 401
43 33 5 4 138
43 34 8 4 350
43 35 6 4 201
43 36 9 3 101
43 37 3 7 40438
43 38 8 4 668
43 39 7 4 223
43 40 2 4 162
43 41 10 4 520
43 42 8 3 115
43 43 10 2 41
43 44 6 3 76
43 45 10 1 15
43 46 3 4 68
43 47 8 4 530
43 48 5 4 296
43 49 3 6 3069
43 50 8 3 62
43 51 4 6 3192
43 52 2 5 322
43 53 8 5 4824
43 54 3 3 39
43 55 1 4 58
43 56 10 5 5446
43 57 6 4 282
43 58 10 2 35
43 59 6 4 241
43 60 9 2 32
43 61 5 3 84
43 62 6 3 46
43 63 9 6 33613
44 0 3 4 75
44 1 3 6 9675
44 2 5 3 55
44 3 8 5 1880
44 4 9 4 697
44 5 4 5 2440
44 6 5 4 256
44 7 3 4 147
44 8 10 5 2249
44 9 1 4 84
44 10 6 4 568
44 11 3 3 41
44 12 7 4 210
44 13 3 5 1740
44 14 10 3 54
44 15 9 5 1425
44 16 9 3 73
44 17 8 1 12
44 18 10 2 44
44 19 2 5 790
44 20 3 5 1556
44 21 7 4 451
44 22 3 4 70
44 23 1 4 59
44 24 8 6 13472
44 25 10 1 14
44 26 8 3 99
44 27 6 3 89
44 28 3 3 66
44 29 10 5 2557
44 30 3 6 2304
44 31 9 3 66
44 32 2 4 127
44 33 9 2 17
44 34 9 4 207
44 35 2 5 336
44 36 5 4 138
44 37 8 4 353
44 38 10 3 157
44 39 10 4 660
44 40 4 4 199
44 41 7 3 99
44 42 9 5 1094
44 43 8 5 1405
44 44 9 3 51
44 45 8 4 689
44 46 3 6 2223
44 47 7 3 74
44 48 9 5 3338
44 49 3 6 5156
44 50 4 5 1919
44 51 9 4 271
44 52 10 5 4149
44 53 1 6 761
44 54 8 3 123
44 55 6 3 78
44 56 10 4 632
44 57 5 5 710
44 58 2 4 87
44 59 6 4 196
44 60 1 4 111
44 61 7 5 1919
44 62 4 3 39
44 63 1 6 714
45 0 7 4 215
45 1 2 4 108
45 2 8 4 464
45 3 8 3 72
45 4 8 4 807
45 5 6 5 2413
45 6 9 5 1745
45 7 6 5 1867
45 8 10 4 313
45 9 9 5 1862
45 10 8 3 67
45 11 4 4 89
45 12 8 4 201
45 13 6 5 897
45 14 1 5 177
45 15 8 5 3706
45 16 6 5 2956
45 17 6 3 83
45 18 4 4 220
45 19 10 5 2248
45 20 4 3 47
45 21 7 5 2611
45 22 8 4 201
45 23 6 3 82
45 24 8 3 167
45 25 3 3 63
45 26 5 3 88
45 27 1 7 7654
45 28 8 5 4069
45 29 5 6 6284
45 30 2 5 381
45 31 2 5 399
45 32 6 4 135
45 33 3 4 211
45 34 6 3 103
45 35 8 4 539
45 36 6 4 642
45 37 2 5 344
45 38 1 4 50
45 39 9 5 1227
45 40 10 4 686
45 41 8 4 212
45 42 2 5 285
45 43 5 4 212
45 44 10 4 223
45 45 6 3 55
45 46 10 5 1393
45 47 10 5 3508
45 48 4 3 74
45 49 5 6 21605
45 50 4 4 97
45 51 9 5 2023
45 52 1 5 527
45 53 2 6 1438
45 54 4 4 120
45 55 9 3 119
45 56 9 4 270
45 57 3 5 1742
45 58 3 4 274
45 59 4 3 70
45 60 9 3 64
45 61 10 2 37
45 62 4 5 971
45 63 5 4 480
46 0 9 3 101
46 1 10 3 175
46 2 5 5 1055
46 3 2 5 235
46 4 3 5 373
46 5 3 6 2884
46 6 5 7 98801
46 7 4 4 191
46 8 9 5 1778
46 9 7 3 57
46 10 6 4 189
46 11 8 5 1315
46 12 2 5 230
46 13 4 3 54
46 14 2 5 1306
46 15 7 4 579
46 16 7 4 188
46 17 8 3 49
46 18 8 3 49
46 19 1 4 76
46 20 6 3 47
46 21 9 4 513
46 22 10 3 86
46 23 8 4 308
46 24 9 1 6
46 25 8 5 1807
46 26 6 3 54
46 27 7 3 152
46 28 1 5 169
46 29 3 8 312497
46 30 8 3 80
46 31 9 5 5169
46 32 3 3 64
46 33 5 3 82
46 34 2 5 572
46 35 9 3 108
46 36 7 4 436
46 37 8 5 1913
46 38 10 3 156
46 39 2 4 54
46 40 5 4 436
46 41 8 4 568
46 42 9 3 80
46 43 8 4 437
46 44 6 3 57
46 45 9 7 67734
46 46 1 5 328
46 47 2 6 1674
46 48 7 3 74
46 49 5 4 134
46 50 2 3 34
46 51 9 3 101
46 52 6 3 63
46 53 10 2 39
46 54 3 6 3231
46 55 6 3 32
46 56 10 3 120
46 57 9 3 105
46 58 10 4 263
46 59 4 6 16860
46 60 9 2 30
46 61 4 3 32
46 62 2 4 154
46 63 3 3 22
47 0 6 3 73
47 1 7 3 66
47 2 7 5 930
47 3 1 4 51
47 4 3 5 603
47 5 10 2 27
47 6 10 4 680
47 7 9 4 383
47 8 1 6 1182
47 9 5 5 1901
47 10 10 3 185
47 11 5 5 1149
47 12 2 3 32
47 13 6 4 190
47 14 9 5 1166
47 15 7 4 163
47 16 2 3 27
47 17 10 3 214
47 18 7 4 710
47 19 8 3 171
47 20 1 6 2009
47 21 4 4 153
47 22 10 3 204
47 23 4 3 56
47 24 3 4 254
47 25 5 3 49
47 26 1 4 47
47 27 6 3 86
47 28 9 5 2165
47 29 8 5 1407
47 30 9 4 799
47 31 2 3 23
47 32 5 5 1404
47 33 3 7 22836
47 34 4 5 818
47 35 8 4 186
47 36 3 5 618
47 37 7 4 370
47 38 10 5 1303
47 39 8 4 818
47 40 4 3 53
47 41 10 3 62
47 42 10 2 34
47 43 10 4 406
47 44 4 4 103
47 45 3 4 95
47 46 8 3 55
47 47 4 4 121
47 48 5 3 34
47 49 9 5 3858
47 50 6 4 431
47 51 10 3 84
47 52 1 6 757
47 53 5 3 55
47 54 1 4 94
47 55 9 6 6500
47 56 7 3 131
47 57 7 5 1382
47 58 10 4 704
47 59 8 3 124
47 60 7 6 24132
47 61 3 5 438
47 62 2 6 4511
47 63 3 4 216
48 0 8 3 90
48 1 3 4 147
48 2 3 4 234
48 3 7 5 1158
48 4 4 3 38
48 5 3 6 5891
48 6 1 5 632
48 7 6 4 186
48 8 8 5 2934
48 9 7 3 65
48 10 10 3 60
48 11 5 3 98
48 12 2 5 872
48 13 2 5 288
48 14 5 3 94
48 15 10 4 446
48 16 2 5 387
48 17 9 3 153
48 18 4 4 198
48 19 1 4 63
48 20 3 3 56
48 21 6 3 46
48 22 10 5 5049
48 23 1 4 35
48 24 3 4 118
48 25 1 4 69
48 26 5 4 212
48 27 6 3 131
48 28 1 3 21
48 29 9 4 346
48 30 3 4 165
48 31 7 3 151
48 32 10 3 145
48 33 9 5 1793
48 34 10 4 366
48 35 6 6 12772
48 36 8 4 206
48 37 6 3 98
48 38 4 4 404
48 39 2 4 226
48 40 4 4 214
48 41 8 6 20109
48 42 5 3 43
48 43 9 6 8868
48 44 5 4 231
48 45 3 4 269
48 46 2 4 136
48 47 6 4 514
48 48 7 4 684
48 49 7 4 178
48 50 8 3 100
48 51 6 3 65
48 52 6 4 369
48 53 2 4 168
48 54 10 7 104085
48 55 6 3 88
48 56 5 4 513
48 57 4 4 132
48 58 9 3 109
48 59 1 6 2054
48 60 6 5 1239
48 61 3 6 4037
48 62 1 5 183
48 63 5 4 315
49 0 8 3 116
49 1 2 4 128
49 2 5 4 207
49 3 10 3 92
49 4 7 4 613
49 5 6 4 294
49 6 7 4 239
49 7 10 3 87
49 8 1 6 4807
49 9 5 4 171
49 10 9 3 68
49 11 10 3 159
49 12 6 4 252
49 13 8 5 1667
49 14 10 5 3984
49 15 4 4 154
49 16 2 6 2870
49 17 2 4 110
49 18 9 4 623
49 19 8 4 535
49 20 6 4 137
49 21 9 4 924
49 22 8 6 7449
49 23 6 6 11255
49 24 3 4 92
49 25 8 4 564
49 26 10 4 954
49 27 3 4 78
49 28 3 3 50
49 29 9 5 1208
49 30 9 4 227
49 31 8 3 131
49 32 1 5 283
49 33 10 6 33683
49 34 10 4 560
49 35 2 6 3528
49 36 8 3 97
49 37 1 4 50
49 38 7 4 376
49 39 6 4 133
49 40 4 3 27
49 41 3 5 608
49 42 10 4 491
49 43 6 4 156
49 44 3 5 1850
49 45 5 3 85
49 46 2 6 1440
49 47 2 6 1944
49 48 6 3 100
49 49 8 5 2436
49 50 6 6 24782
49 51 4 4 388
49 52 7 4 602
49 53 9 3 137
49 54 3 4 169
49 55 8 3 68
49 56 5 5 1553
49 57 1 5 372
49 58 1 5 681
49 59 6 4 247
49 60 2 4 88
49 61 3 5 417
49 62 8 5 4054
49 63 7 3 134
50 0 1 5 597
50 1 4 5 789
50 2 6 5 1297
50 3 4 3 31
50 4 10 4 561
50 5 10 7 93672
50 6 9 3 187
50 7 1 5 124
50 8 2 3 33
50 9 6 3 78
50 10 9 4 349
50 11 3 4 287
50 12 5 3 95
50 13 3 4 108
50 14 5 4 369
50 15 8 5 2271
50 16 9 4 321
50 17 5 5 582
50 18 5 3 64
50 19 3 5 525
50 20 2 8 179246
50 21 6 4 247
50 22 8 5 1559
50 23 7 4 365
50 24 6 3 77
50 25 6 5 1023
50 26 10 4 518
50 27 10 5 2684
50 28 2 4 95
50 29 1 4 49
50 30 1 4 57
50 31 8 4 797
50 32 10 4 738
50 33 5 3 70
50 34 8 5 4467
50 35 4 6 4790
50 36 7 4 349
50 37 9 3 60
50 38 1 5 639
50 39 5 5 1041
50 40 1 5 293
50 41 5 3 69
50 42 5 3 54
50 43 2 5 585
50 44 7 3 78
50 45 1 4 39
50 46 3 4 314
50 47 6 3 111
50 48 5 3 84
50 49 8 3 119
50 50 2 6 5446
50 51 1 4 85
50 52 2 4 92
50 53 3 4 175
50 54 6 3 88
50 55 2 6 1564
50 56 6 3 73
50 57 2 4 122
50 58 1 5 124
50 59 8 4 184
50 60 10 3 103
50 61 4 5 624
50 62 2 4 68
50 63 6 6 10319
51 0 3 6 3444
51 1 4 4 360
51 2 5 3 64
51 3 10 4 371
51 4 9 4 241
51 5 10 2 46
51 6 3 4 78
51 7 7 3 58
51 8 2 5 966
51 9 5 4 134
51 10 9 5 1264
51 11 1 5 416
51 12 1 5 201
51 13 5 4 415
51 14 9 4 724
51 15 6 3 128
51 16 1 4 71
51 17 5 6 3749
51 18 8 4 371
51 19 9 3 122
51 20 4 7 96956
51 21 3 4 83
51 22 7 3 109
51 23 8 4 591
51 24 9 5 1615
51 25 6 5 1379
51 26 2 5 1087
51 27 4 3 85
51 28 9 3 52
51 29 10 3 182
51 30 7 3 52
51 31 9 3 84
51 32 10 3 71
51 33 5 6 13019
51 34 10 3 139
51 35 9 4 371
51 36 3 4 229
51 37 3 3 56
51 38 10 5 5304
51 39 3 4 136
51 40 2 4 140
51 41 2 5 240
51 42 8 2 39
51 43 5 5 1328
51 44 7 3 38
51 45 2 4 49
51 46 7 3 100
51 47 1 5 210
51 48 8 4 556
51 49 4 2 16
51 50 6 3 109
51 51 8 3 59
51 52 5 3 62
51 53 3 3 36
51 54 8 5 3874
51 55 2 4 80
51 56 3 4 98
51 57 6 4 253
51 58 9 3 90
51 59 5 4 337
51 60 7 5 4513
51 61 9 5 3277
51 62 5 4 368
51 63 8 4 313
52 0 6 5 1368
52 1 3 3 65
52 2 10 4 361
52 3 1 4 64
52 4 8 2 37
52 5 4 4 216
52 6 5 5 668
52 7 6 3 91
52 8 7 4 789
52 9 7 4 423
52 10 3 4 108
52 11 3 5 940
52 12 10 4 225
52 13 3 5 1689
52 14 5 4 133
52 15 3 5 446
52 16 6 4 183
52 17 7 4 479
52 18 5 4 177
52 19 6 4 320
52 20 4 5 700
52 21 4 3 80
52 22 6 3 110
52 23 5 6 4141
52 24 2 4 93
52 25 1 5 335
52 26 4 3 84
52 27 7 5 1343
52 28 7 4 203
52 29 3 5 407
52 30 4 3 69
52 31 10 4 430
52 32 4 5 779
52 33 5 4 377
52 34 8 3 49
52 35 3 5 541
52 36 3 4 220
52 37 7 3 132
52 38 6 5 811
52 39 10 2 35
52 40 4 3 69
52 41 5 3 46
52 42 8 5 1002
52 43 10 3 65
52 44 3 4 255
52 45 5 3 54
52 46 6 5 3084
52 47 7 3 91
52 48 10 4 269
52 49 3 5 1697
52 50 7 1 8
52 51 9 6 7537
52 52 7 4 243
52 53 2 5 284
52 54 3 5 598
52 55 3 4 190
52 56 3 5 717
52 57 5 5 842
52 58 10 3 79
52 59 7 4 168
52 60 4 7 66058
52 61 8 2 30
52 62 3 4 131
52 63 10 5 3257
53 0 1 5 121
53 1 2 4 139
53 2 5 4 384
53 3 3 3 59
53 4 5 4 131
53 5 10 4 285
53 6 2 5 893
53 7 5 4 469
53 8 3 6 4654
53 9 1 5 193
53 10 10 5 1256
53 11 2 4 146
53 12 9 2 43
53 13 6 5 2119
53 14 10 4 681
53 15 1 4 87
53 16 6 4 336
53 17 10 3 56
53 18 3 4 83
53 19 3 4 271
53 20 8 4 279
53 21 8 4 719
53 22 5 5 905
53 23 1 5 471
53 24 6 6 4542
53 25 8 5 1676
53 26 6 5 891
53 27 9 4 269
53 28 8 4 226
53 29 10 3 86
53 30 9 3 173
53 31 3 5 1369
53 32 1 5 239
53 33 1 7 7019
53 34 5 3 79
53 35 1 5 205
53 36 2 4 57
53 37 10 4 333
53 38 4 3 38
53 39 2 4 97
53 40 9 3 93
53 41 9 3 155
53 42 4 6 12884
53 43 2 4 203
53 44 3 5 953
53 45 4 5 1251
53 46 10 4 296
53 47 3 4 204
53 48 5 4 186
53 49 6 6 8743
53 50 1 4 59
53 51 5 4 224
53 52 10 5 2753
53 53 8 5 3582
53 54 4 6 3439
53 55 4 4 186
53 56 10 3 60
53 57 10 3 57
53 58 10 1 15
53 59 3 5 860
53 60 3 5 763
53 61 4 4 261
53 62 3 4 315
53 63 3 5 491
54 0 6 3 104
54 1 7 4 699
54 2 4 5 582
54 3 3 5 1002
54 4 7 4 317
54 5 5 6 4091
54 6 1 4 49
54 7 10 3 97
54 8 2 6 3034
54 9 7 3 48
54 10 10 3 89
54 11 2 5 759
54 12 5 4 210
54 13 3 3 26
54 14 1 4 44
54 15 8 5 1319
54 16 4 4 137
54 17 5 4 134
54 18 8 4 349
54 19 4 4 434
54 20 4 3 22
54 21 9 4 284
54 22 1 4 23
54 23 6 4 386
54 24 2 4 78
54 25 4 4 290
54 26 10 2 33
54 27 9 2 34
54 28 6 5 878
54 29 2 4 129
54 30 1 5 221
54 31 4 3 81
54 32 6 6 10938
54 33 8 3 61
54 34 7 5 1139
54 35 9 8 706262
54 36 3 5 877
54 37 2 4 64
54 38 1 6 1007
54 39 5 7 189943
54 40 9 3 91
54 41 4 5 1142
54 42 7 3 39
54 43 2 5 681
54 44 9 4 222
54 45 2 5 240
54 46 7 3 41
54 47 3 4 69
54 48 2 6 1674
54 49 5 3 87
54 50 1 5 141
54 51 4 3 75
54 52 2 5 354
54 53 6 4 395
54 54 3 4 108
54 55 10 4 260
54 56 7 3 145
54 57 5 3 37
54 58 8 4 896
54 59 6 3 78
54 60 5 4 262
54 61 4 4 311
54 62 4 4 91
54 63 10 4 303
55 0 5 3 63
55 1 1 5 175
55 2 7 3 153
55 3 10 3 72
55 4 7 5 4349
55 5 3 5 419
55 6 4 5 2225
55 7 1 7 6419
55 8 3 4 260
55 9 5 4 182
55 10 4 4 351
55 11 2 4 73
55 12 10 3 161
55 13 7 3 64
55 14 5 5 1366
55 15 8 5 2041
55 16 4 3 72
55 17 8 6 8883
55 18 6 3 123
55 19 4 4 295
55 20 6 4 220
55 21 6 3 42
55 22 7 4 445
55 23 3 4 172
55 24 7 3 77
55 25 10 3 138
55 26 2 5 901
55 27 7 3 48
55 28 8 4 605
55 29 3 3 60
55 30 2 4 84
55 31 1 4 101
55 32 2 6 1549
55 33 6 4 437
55 34 2 5 695
55 35 2 4 56
55 36 1 4 84
55 37 4 3 28
55 38 9 3 72
55 39 2 4 60
55 40 10 3 145
55 41 3 5 692
55 42 1 4 51
55 43 4 5 1648
55 44 1 4 70
55 45 4 6 4084
55 46 6 3 63
55 47 5 4 211
55 48 3 4 146
55 49 6 4 418
55 50 4 5 615
55 51 5 3 81
55 52 10 2 39
55 53 6 3 68
55 54 8 3 81
55 55 6 5 933
55 56 1 4 38
55 57 10 4 234
55 58 2 5 278
55 59 1 6 841
55 60 8 3 61
55 61 1 4 29
55 62 10 3 135
55 63 9 2 23
56 0 6 3 125
56 1 4 5 929
56 2 9 4 625
56 3 10 4 290
56 4 10 2 20
56 5 6 6 14219
56 6 7 4 172
56 7 9 3 195
56 8 3 3 58
56 9 10 4 650
56 10 10 3 75
56 11 9 3 63
56 12 9 3 151
56 13 2 7 32947
56 14 1 4 90
56 15 2 5 230
56 16 10 3 54
56 17 3 7 28182
56 18 3 5 761
56 19 1 5 163
56 20 8 5 3641
56 21 1 4 44
56 22 2 4 80
56 23 4 5 473
56 24 2 4 118
56 25 3 5 385
56 26 5 2 14
56 27 1 4 66
56 28 10 2 48
56 29 1 5 564
56 30 7 4 697
56 31 9 4 211
56 32 2 4 74
56 33 2 5 940
56 34 10 4 817
56 35 1 4 50
56 36 2 3 43
56 37 4 4 422
56 38 2 7 20860
56 39 10 5 2938
56 40 2 5 287
56 41 1 6 1474
56 42 5 2 20
56 43 6 4 652
56 44 4 6 4668
56 45 2 4 58
56 46 3 5 1233
56 47 3 4 175
56 48 3 5 372
56 49 10 5 1224
56 50 8 4 347
56 51 6 2 26
56 52 10 3 121
56 53 5 5 587
56 54 3 4 254
56 55 1 5 160
56 56 5 3 57
56 57 10 5 5229
56 58 3 3 39
56 59 5 5 1346
56 60 4 6 12744
56 61 8 3 79
56 62 5 3 32
56 63 10 6 8014
57 0 1 4 57
57 1 6 4 218
57 2 4 6 12089
57 3 8 3 43
57 4 10 5 3608
57 5 8 4 246
57 6 5 3 89
57 7 6 5 874
57 8 7 5 2097
57 9 1 4 60
57 10 5 4 279
57 11 8 3 129
57 12 10 4 249
57 13 6 4 251
57 14 4 5 1442
57 15 10 3 57
57 16 1 5 333
57 17 6 4 486
57 18 3 4 70
57 19 7 3 44
57 20 8 4 266
57 21 6 4 589
57 22 8 2 19
57 23 9 3 143
57 24 6 2 19
57 25 9 4 241
57 26 6 2 25
57 27 5 5 2403
57 28 1 6 1388
57 29 7 6 8280
57 30 4 3 79
57 31 6 4 620
57 32 5 3 76
57 33 8 4 731
57 34 6 3 124
57 35 4 4 114
57 36 9 4 941
57 37 3 5 438
57 38 9 3 48
57 39 3 6 8632
57 40 10 3 83
57 41 3 4 176
57 42 1 6 749
57 43 10 5 4669
57 44 2 4 72
57 45 7 3 124
57 46 9 2 38
57 47 2 6 3702
57 48 9 2 26
57 49 8 4 274
57 50 7 4 434
57 51 8 3 140
57 52 9 3 166
57 53 4 3 68
57 54 5 6 6914
57 55 8 4 431
57 56 8 3 46
57 57 9 4 316
57 58 4 3 58
57 59 3 3 60
57 60 4 4 338
57 61 8 4 199
57 62 7 2 37
57 63 9 3 193
58 0 3 5 1068
58 1 10 4 648
58 2 1 6 1018
58 3 9 5 2367
58 4 10 3 115
58 5 3 4 97
58 6 1 5 139
58 7 8 4 349
58 8 1 6 1821
58 9 8 5 3572
58 10 6 3 40
58 11 6 3 54
58 12 1 4 27
58 13 10 4 340
58 14 8 4 643
58 15 3 3 44
58 16 9 4 442
58 17 3 4 98
58 18 4 4 134
58 19 1 5 373
58 20 7 3 147
58 21 7 3 141
58 22 4 4 126
58 23 8 3 48
58 24 6 4 309
58 25 9 2 43
58 26 2 4 107
58 27 8 5 4908
58 28 3 4 202
58 29 3 3 47
58 30 9 6 10032
58 31 5 4 263
58 32 5 3 33
58 33 7 5 2807
58 34 5 5 1911
58 35 3 5 953
58 36 10 2 33
58 37 10 5 4148
58 38 1 5 120
58 39 10 4 596
58 40 7 4 539
58 41 9 4 251
58 42 10 4 697
58 43 7 3 46
58 44 7 5 895
58 45 9 3 79
58 46 8 2 38
58 47 4 4 121
58 48 10 2 18
58 49 10 3 73
58 50 2 4 69
58 51 1 5 344
58 52 7 3 49
58 53 8 3 140
58 54 5 4 286
58 55 7 3 119
58 56 4 8 379464
58 57 8 5 1964
58 58 1 6 4592
58 59 6 3 78
58 60 5 5 1081
58 61 7 4 257
58 62 5 4 152
58 63 2 4 62
59 0 8 3 126
59 1 5 3 92
59 2 9 4 221
59 3 1 5 309
59 4 5 3 70
59 5 2 4 56
59 6 1 5 275
59 7 7 5 2703
59 8 5 5 853
59 9 9 3 163
59 10 9 3 190
59 11 8 4 446
59 12 1 4 95
59 13 9 5 1672
59 14 5 3 48
59 15 1 4 104
59 16 7 4 531
59 17 1 5 166
59 18 7 3 59
59 19 10 7 222510
59 20 3 4 325
59 21 7 7 45254
59 22 2 5 622
59 23 5 3 88
59 24 9 5 5362
59 25 8 4 461
59 26 8 3 61
59 27 1 4 45
59 28 3 6 10792
59 29 8 3 109
59 30 1 5 144
59 31 8 4 764
59 32 6 3 119
59 33 4 4 339
59 34 4 6 8923
59 35 3 4 257
59 36 7 6 14516
59 37 6 5 2199
59 38 6 3 52
59 39 1 4 41
59 40 6 6 6381
59 41 4 4 152
59 42 8 3 85
59 43 6 3 58
59 44 1 4 74
59 45 8 6 8687
59 46 9 4 296
59 47 4 8 243165
59 48 3 5 708
59 49 3 4 106
59 50 8 3 59
59 51 2 6 1865
59 52 4 4 90
59 53 9 5 1105
59 54 1 5 187
59 55 3 4 195
59 56 3 5 597
59 57 9 5 1900
59 58 8 5 5547
59 59 4 3 57
59 60 7 5 2604
59 61 7 4 175
59 62 2 4 54
59 63 5 5 1516
60 0 8 4 183
60 1 10 6 13135
60 2 3 6 4445
60 3 8 4 299
60 4 6 5 1930
60 5 7 3 66
60 6 4 6 11556
60 7 2 5 247
60 8 7 4 523
60 9 6 3 72
60 10 10 3 152
60 11 6 5 2499
60 12 8 4 225
60 13 1 5 152
60 14 6 5 1347
60 15 2 6 3578
60 16 7 3 49
60 17 2 4 85
60 18 1 5 174
60 19 9 4 405
60 20 8 4 178
60 21 10 4 487
60 22 10 3 144
60 23 10 3 55
60 24 10 2 46
60 25 3 4 213
60 26 4 4 233
60 27 3 5 558
60 28 7 5 828
60 29 9 3 72
60 30 2 4 65
60 31 7 4 243
60 32 5 2 12
60 33 8 4 282
60 34 2 5 236
60 35 5 5 3277
60 36 8 4 705
60 37 7 3 85
60 38 5 3 74
60 39 2 4 45
60 40 8 5 927
60 41 9 4 436
60 42 6 2 26
60 43 8 3 114
60 44 9 3 119
60 45 9 3 50
60 46 6 4 602
60 47 10 5 2131
60 48 4 4 173
60 49 5 3 40
60 50 1 4 46
60 51 9 3 107
60 52 8 3 93
60 53 5 4 139
60 54 6 5 2007
60 55 6 3 100
60 56 2 4 101
60 57 1 5 197
60 58 7 3 56
60 59 8 3 124
60 60 3 3 50
60 61 1 5 666
60 62 7 3 76
60 63 6 6 21584
61 0 5 4 292
61 1 8 3 66
61 2 1 6 1369
61 3 4 6 7223
61 4 3 6 5022
61 5 6 3 121
61 6 6 2 25
61 7 1 6 2030
61 8 2 9 755008
61 9 3 4 85
61 10 9 4 257
61 11 3 6 3013
61 12 9 2 26
61 13 5 3 100
61 14 8 2 39
61 15 1 7 5495
61 16 2 6 5609
61 17 8 6 16633
61 18 2 4 183
61 19 4 4 343
61 20 10 5 1156
61 21 6 5 1287
61 22 10 3 81
61 23 1 6 1451
61 24 9 6 16750
61 25 5 4 254
61 26 9 4 341
61 27 4 4 438
61 28 5 4 394
61 29 6 3 48
61 30 4 4 148
61 31 9 4 206
61 32 10 3 184
61 33 3 4 99
61 34 7 4 601
61 35 2 4 90
61 36 8 4 331
61 37 9 3 91
61 38 9 3 76
61 39 1 7 5697
61 40 10 2 41
61 41 10 4 699
61 42 8 4 180
61 43 4 4 392
61 44 8 4 437
61 45 9 3 197
61 46 8 4 352
61 47 7 3 95
61 48 10 3 57
61 49 10 4 669
61 50 1 4 79
61 51 1 5 128
61 52 4 4 370
61 53 9 2 40
61 54 7 3 91
61 55 10 6 9704
61 56 8 4 570
61 57 8 2 39
61 58 10 7 147643
61 59 5 4 159
61 60 5 4 144
61 61 4 4 94
61 62 1 6 753
61 63 3 5 405
62 0 8 2 26
62 1 6 4 206
62 2 6 3 95
62 3 1 3 15
62 4 2 5 279
62 5 7 6 5662
62 6 1 4 81
62 7 7 5 932
62 8 1 6 1499
62 9 6 3 60
62 10 5 3 55
62 11 6 3 61
62 12 3 4 132
62 13 5 4 416
62 14 9 2 39
62 15 6 2 23
62 16 10 4 372
62 17 8 2 16
62 18 2 3 39
62 19 8 3 92
62 20 5 5 658
62 21 3 4 262
62 22 9 3 75
62 23 8 5 3366
62 24 10 4 280
62 25 7 5 1327
62 26 1 5 305
62 27 10 2 51
62 28 5 5 1700
62 29 4 3 41
62 30 5 4 317
62 31 5 4 210
62 32 7 5 2768
62 33 3 4 156
62 34 4 4 117
62 35 4 3 85
62 36 3 4 96
62 37 3 4 120
62 38 3 3 25
62 39 2 4 219
62 40 3 4 141
62 41 6 3 46
62 42 8 3 145
62 43 5 4 222
62 44 6 3 43
62 45 7 5 2899
62 46 2 4 150
62 47 1 6 2636
62 48 9 5 1764
62 49 1 6 809
62 50 7 3 64
62 51 9 4 306
62 52 1 6 854
62 53 5 3 105
62 54 8 2 31
62 55 3 5 1200
62 56 5 6 6930
62 57 9 3 60
62 58 2 4 67
62 59 5 6 13225
62 60 7 3 132
62 61 8 5 3322
62 62 1 6 860
62 63 9 5 1700
63 0 8 3 48
63 1 2 7 13167
63 2 2 5 581
63 3 2 4 112
63 4 1 5 345
63 5 9 5 4937
63 6 6 2 26
63 7 6 4 161
63 8 3 4 295
63 9 10 4 772
63 10 6 6 4564
63 11 9 6 38699
63 12 6 4 340
63 13 5 4 302
63 14 5 4 259
63 15 1 7 5453
63 16 8 3 66
63 17 5 4 203
63 18 6 4 572
63 19 4 3 64
63 20 2 4 181
63 21 6 4 154
63 22 5 5 1631
63 23 6 6 6889
63 24 7 4 197
63 25 5 4 163
63 26 10 5 1293
63 27 3 7 17514
63 28 3 5 447
63 29 1 4 74
63 30 5 3 77
63 31 4 4 310
63 32 9 4 689
63 33 1 5 660
63 34 1 5 159
63 35 4 6 2927
63 36 7 3 65
63 37 6 3 62
63 38 10 7 64567
63 39 10 3 150
63 40 5 4 531
63 41 7 4 372
63 42 4 4 126
63 43 3 6 8145
63 44 4 4 143
63 45 2 4 122
63 46 8 3 140
63 47 9 5 1652
63 48 1 7 10186
63 49 2 6 1846
63 50 3 3 61
63 51 4 7 144756
63 52 3 4 334
63 53 4 3 80
63 54 2 3 32
63 55 6 3 111
63 56 5 6 6639
63 57 1 3 22
63 58 6 5 1189
63 59 10 3 63
63 60 5 4 424
63 61 5 4 126
63 62 5 3 45
63 63 5 4 159
