2880 7.028140409902903e-08 
5204 1.0041554761155492e-07 
4811 3.413027716470872e-06 
9063 6.638609162408528e-07 
3135 6.495275851458454e-09 
9423 1.3933579043345651e-07 
4886 5.336634537056462e-10 
862 7.280298091151834e-07 
6108 1.461593694164487e-09 
7286 6.024736896807878e-08 
9656 1.0371909347751727e-06 
4497 4.204026866645033e-09 
2330 2.827188098006306e-07 
1028 1.1524536979774894e-05 
596 2.0893779979559203e-07 
3929 1.0734448106881011e-07 
5163 1.3720103569978408e-06 
9996 1.1668017915571205e-08 
5070 5.121761259049485e-07 
709 2.9134032221837146e-07 
4368 5.363186443996942e-09 
7733 2.2450312663654763e-07 
7208 1.9335715511895925e-08 
6041 6.57887693882313e-08 
9357 1.0304621276640795e-05 
7382 1.872626219790851e-08 
4509 9.885853211841921e-07 
5017 4.595562337489649e-08 
8624 2.666166986622573e-08 
2377 1.2412773995077939e-08 
36 9.36291368537388e-07 
4101 1.2695709216758175e-06 
3885 3.0978238793014524e-08 
4149 1.6396131214888032e-09 
58 2.0963829034061e-07 
5196 1.0408587930969696e-07 
7678 2.0387796389315354e-07 
5401 3.0774996337380126e-08 
5729 2.4411823861252447e-08 
7561 4.7034391079576354e-07 
8672 8.795556891001114e-08 
3002 4.062515441196089e-07 
9998 7.90506397093534e-06 
5415 1.285033977165874e-08 
9405 1.5269538866500018e-06 
6785 6.270565448395632e-09 
9286 7.030414033093934e-08 
2455 7.151105077887743e-09 
5311 3.3985299336021513e-09 
6987 5.192170144014709e-07 
3856 5.2678622035633085e-08 
7058 1.4133517252054063e-08 
6438 1.2828548779501054e-05 
5150 1.6803323379640037e-08 
1541 2.066103049193304e-06 
4312 1.801977894758935e-08 
4964 2.814249174953068e-07 
2971 1.4699217345702162e-08 
3597 1.1334424390027566e-07 
8726 1.2958174727224018e-05 
3462 7.878790675430736e-11 
2520 8.454684860167408e-08 
907 1.8876249061603508e-08 
6261 2.9164645143353596e-09 
2769 3.5047957266422236e-09 
253 6.540007424504779e-11 
2147 1.2063218546840872e-07 
6036 1.1414280270852055e-08 
7234 2.1871528333502078e-08 
1705 3.4302033453254e-09 
6209 1.5127442654610763e-05 
1963 3.114084088685909e-09 
9828 1.356758131505157e-08 
9478 1.5901309792056373e-05 
8949 4.5506068527094434e-09 
6515 1.3290646751879485e-08 
1595 1.1408792832397034e-07 
2256 1.1203945806921925e-08 
9668 8.05587076609965e-07 
307 3.266207258443513e-08 
1591 2.462789523066924e-07 
8128 1.1977907097231568e-07 
6754 2.4564626736043628e-08 
4184 7.353223328189907e-08 
7848 8.222792853203613e-08 
8806 3.8118995702074356e-08 
2327 3.630116516599121e-08 
2325 3.2385653669785464e-07 
3025 1.3677333564007278e-08 
7658 2.552829208294204e-07 
1770 1.1750583579737419e-07 
6592 1.908900267180905e-06 
7689 1.1149350198288999e-08 
2685 2.568238391138298e-07 
6715 3.307152851420893e-08 
8023 8.941029393668917e-08 
3401 2.9242325781425778e-08 
9233 7.475856327194781e-07 
4425 1.6142398396463005e-07 
5612 4.499462874170494e-06 
2387 7.176121266661006e-09 
4463 1.8267194956261428e-07 
7296 9.003044737618207e-07 
9987 5.027147711246559e-08 
9138 6.661542341121796e-07 
2268 8.395129091224652e-08 
9424 1.0888729248343049e-07 
426 1.823110882791121e-07 
5021 2.137720380591398e-07 
3243 2.5038788532564453e-07 
530 4.7489573384660517e-07 
6196 7.699714643552135e-08 
9493 1.0553374430727375e-06 
2957 2.7969891776258825e-08 
3623 2.6069713949974753e-08 
6415 8.073623871387916e-07 
7053 5.959517522123505e-08 
7238 5.7280400289849926e-08 
8836 1.02363424835019e-08 
4829 7.261654036113188e-09 
8414 1.8342555367168237e-08 
8821 9.681799658427245e-07 
887 7.846909096715542e-08 
8921 2.5372379695063707e-07 
727 9.09949608045627e-08 
7111 4.567300042451739e-08 
3898 1.4262396517283695e-06 
4498 1.4565968018114689e-08 
6884 5.718819711393932e-07 
708 1.3846467271372287e-09 
353 2.7120447301754932e-08 
1527 1.0929014874562807e-07 
5971 4.203183480953887e-09 
3981 1.3129180848823726e-07 
205 3.802616581764285e-08 
533 2.1423154102771394e-06 
5061 3.374308618403401e-08 
5451 9.002936850882604e-09 
1835 2.6895614971267356e-09 
9062 2.777079880798986e-06 
5271 2.9122093599467935e-09 
9826 3.3601542999168394e-07 
6104 2.2728482082512436e-09 
3489 1.9835478175008055e-07 
91 1.5284661121169242e-07 
8424 8.338130193638789e-08 
1079 1.9685864049989732e-11 
3074 7.228416529284065e-08 
3913 1.1295406445798444e-06 
5465 8.745770774254424e-11 
5482 4.2278279105529535e-06 
3986 2.63977385504691e-07 
5033 2.1421056097798655e-06 
2924 1.8806855706892913e-07 
7660 6.896666381123943e-08 
7695 1.3487739599455859e-08 
1834 1.7883902947847356e-08 
8904 3.6724680800744036e-09 
1274 6.17896996062833e-08 
676 4.798281164638335e-07 
4130 2.927159883713915e-08 
248 5.1681435713022555e-09 
4054 4.6180044420201724e-08 
5695 3.569621891911373e-09 
9279 2.5513168809760452e-08 
9090 3.2342146063671855e-07 
472 2.105662486791507e-07 
4620 2.450324014871552e-09 
8642 2.6829614918622013e-10 
1568 3.645042605846656e-07 
8200 5.712932184799649e-06 
9581 6.633399809145557e-07 
7096 7.648544767860068e-06 
2260 1.7068544981915112e-07 
1999 1.447577501778347e-07 
6128 2.900082517505459e-07 
8290 1.4730661752025698e-08 
3518 4.204309903260012e-09 
5321 6.739101620989697e-07 
300 1.9673533816609324e-07 
3640 2.755219008582574e-07 
9146 2.858153552565986e-06 
1811 1.0055880359492575e-05 
4234 4.376269127716979e-07 
204 6.869684979278822e-07 
8094 7.576184823379281e-09 
8149 1.5890695834973016e-06 
2384 1.6019173498652874e-08 
5133 8.704904476922958e-06 
4390 1.0477491547116207e-06 
745 3.37245290115795e-08 
3699 2.6816277111092572e-08 
2097 1.2656776970021086e-08 
5903 1.228000864664735e-06 
8355 4.674379497289797e-08 
1731 8.620946398377017e-06 
1499 1.9693371577575447e-09 
4680 1.817112898550358e-07 
9058 1.1903330925613912e-05 
9447 5.432529888828655e-09 
1386 6.140507058813849e-06 
9035 4.575163993752324e-09 
391 7.046735523656006e-09 
894 2.3587780439808526e-09 
2907 1.72944323333828e-08 
7318 1.453435732693282e-07 
1323 2.601017027648901e-08 
2745 1.9471336401359408e-06 
302 9.829069294586823e-10 
7175 5.069018204519721e-08 
7687 6.831028021448554e-09 
5934 1.4699517532227105e-08 
2892 1.4430681811723571e-08 
3470 2.2291439102581356e-09 
4348 2.804950383018725e-08 
9903 6.059334958257085e-08 
8323 1.185278461113118e-05 
4594 2.7889995835276047e-07 
1824 5.058202452022375e-07 
5092 6.262709666238577e-08 
5713 7.76412302965824e-08 
6567 1.5914480733399388e-07 
2334 1.6474288530902124e-08 
1925 1.397396212979296e-08 
1505 4.050701420121872e-09 
256 1.6119536423905882e-06 
3424 1.0979702654985673e-07 
8068 6.787024243710871e-07 
7259 1.0580096268720694e-07 
318 8.168987823014597e-08 
8905 6.607046713555387e-09 
7101 1.609152267656573e-05 
3330 5.1606146279868146e-06 
4650 9.430983791419117e-06 
6955 8.452482669860128e-08 
9845 1.5115540773476586e-05 
9186 3.1131079510960964e-08 
3343 6.1945388115866584e-09 
5980 9.417646910230037e-08 
634 9.563726740776692e-09 
5799 6.540882519946717e-07 
1447 1.947176611860589e-06 
7985 1.3795765601018548e-07 
1694 1.5848862061499172e-08 
1904 1.726826629648917e-08 
2648 3.8770345246401475e-06 
1212 1.073305449529959e-06 
2973 2.3291176037270925e-06 
4910 1.3482008925595334e-07 
562 1.7764677157157845e-06 
3274 5.69821267668947e-07 
9561 1.6452178048728672e-09 
7452 2.9520385999707165e-06 
9685 6.804691376314392e-08 
860 1.146111890472721e-06 
5709 2.0515302787788694e-06 
1907 4.235927146588672e-09 
5041 9.473814652043167e-09 
5371 1.1125541129493712e-07 
3269 2.217101798148875e-06 
5595 1.0449192296374619e-07 
2983 2.0527869533100933e-07 
3682 7.9877014370425e-08 
3586 8.186485905557014e-07 
4388 9.318490961237205e-07 
493 1.5915897674345474e-08 
7061 3.133908319918194e-09 
945 9.405667720043843e-09 
3793 1.949997156703933e-07 
9370 2.1169322196677026e-08 
5075 7.446049918851174e-06 
6714 3.8931723470025936e-10 
8757 6.394448365558067e-09 
7524 2.9003719829319815e-07 
6270 3.0195419505596986e-06 
1978 4.174154492569255e-08 
1643 1.4174935818438844e-08 
7068 6.376181674859504e-07 
9161 2.511474330039307e-07 
6735 1.018835503960164e-05 
4845 7.029002009129384e-09 
335 8.784918647457504e-06 
7812 6.80780411858997e-08 
4660 2.6365687622770825e-07 
9895 4.3115215911382343e-10 
156 6.830095994640392e-09 
1994 7.227356667498853e-07 
429 1.640063681444901e-08 
861 2.0068605758004072e-07 
2405 2.8948854099465626e-09 
9548 1.0599149045421863e-08 
1683 1.0109528949251486e-07 
9483 2.7327757911099613e-06 
507 1.5825005404799131e-07 
6245 1.0816907862560492e-07 
2200 1.078511807816677e-06 
4397 1.1037827832389847e-06 
3850 1.968188979551952e-06 
3486 4.8764536152482406e-08 
9277 2.017230904907165e-08 
2936 4.4180346187028263e-10 
9926 7.670520771745154e-07 
7383 8.687498318166523e-09 
4750 1.0795340978780876e-08 
7034 9.214012608449451e-10 
7576 3.419379860732838e-06 
9969 2.9243679595947203e-09 
9208 7.010410588408761e-09 
4683 2.401928603994012e-08 
6330 2.297822164607535e-07 
6954 6.169404863584485e-06 
7074 2.2179362642869068e-08 
2692 4.892481282904311e-08 
4266 7.025280710079226e-08 
2728 3.4073998028330346e-07 
7425 1.3924276343000289e-05 
7317 4.6100853362979763e-07 
5334 2.640271927536534e-07 
5239 2.228084249728147e-06 
4261 8.757538695657439e-07 
1748 7.01578840162087e-10 
2930 3.426665207589591e-07 
7161 1.6992006632937596e-07 
183 2.54004406542686e-06 
1087 2.3008927723314715e-05 
7594 5.769444439001638e-08 
1218 4.497677255691918e-07 
7849 2.9075917628434977e-09 
3958 1.885352598774017e-07 
7986 1.0790059540299879e-09 
2629 6.285351291695411e-07 
1160 1.733000201357948e-05 
5860 1.4466580843192425e-08 
1481 2.832976672695331e-09 
2419 5.20695013742523e-08 
5034 3.7191891671430055e-09 
3266 1.2624548303379458e-07 
951 7.516390224110566e-08 
7114 5.066261266146381e-08 
6264 1.6823896336823352e-08 
1462 8.158733273306846e-08 
4128 2.299744145117799e-10 
3146 2.384797402016524e-07 
6686 5.281860317929356e-07 
543 2.4784311963134767e-07 
9456 1.1471358645539359e-08 
1868 2.2644494451643307e-08 
3225 4.494795530679595e-08 
3547 5.110756583242464e-08 
6205 8.192732933246503e-08 
7867 7.410304137932949e-08 
78 6.487006071198564e-10 
2895 1.492568805356454e-05 
5190 4.692942207511951e-07 
9173 1.1827674973523099e-07 
7482 1.0716033264660812e-06 
559 4.66745399274604e-10 
7723 4.184205181297123e-07 
1242 1.123303146680077e-09 
8650 8.710850247114186e-08 
8129 8.408019282115514e-09 
8884 9.316343048144243e-09 
5160 5.501988834679388e-07 
8685 4.855984037977891e-06 
7862 6.335412249051708e-06 
4668 3.80997838963712e-09 
8377 2.221140092922673e-08 
1861 3.4527977725389274e-08 
8556 1.4812560293251363e-08 
2586 1.1534543756220282e-08 
524 4.594911725988025e-07 
7219 1.221919213663244e-05 
8184 1.365854011919584e-07 
8380 1.0533773813043118e-07 
4552 2.3955498267024845e-08 
3990 6.216095965001431e-09 
5992 5.152921883137232e-08 
2280 1.6993041246748643e-07 
4204 4.6054392150314313e-07 
358 1.1686580421833991e-06 
8961 3.1931638497413595e-08 
2577 4.6277858934068786e-08 
342 3.487547780316748e-07 
1508 1.1985670114531683e-07 
8645 4.045336985506495e-08 
7500 1.040730955205872e-07 
2215 1.716608491757112e-08 
4566 5.355795416781437e-07 
8242 4.219144585578422e-07 
4166 8.045750393432648e-08 
8178 2.49612438111886e-07 
7693 6.7141248995820815e-06 
2886 2.85027217427822e-06 
6189 8.208721257634347e-09 
3575 6.907848689331059e-09 
4220 1.7853806458054367e-06 
5939 3.7799943977499063e-06 
8228 5.043392537146599e-09 
711 7.602216964219756e-08 
5501 1.3101134854619668e-07 
985 1.957699233063878e-06 
4040 6.249216159956092e-09 
4742 6.15107142770059e-08 
7466 8.419822366863424e-08 
2823 1.9999091141822967e-09 
4817 9.531005090740377e-07 
3231 8.049437013118933e-08 
655 1.1297450435532976e-06 
3867 2.0200538168675723e-07 
6292 3.552322794148416e-06 
2720 5.172687084014239e-06 
5009 8.208519196260529e-08 
8720 1.2416617459687015e-08 
6633 1.8995706760202368e-07 
244 7.073901007805874e-06 
7115 2.1293546186984937e-07 
735 1.440650667088473e-08 
6047 2.1768902917578513e-08 
5630 1.6109611674156032e-09 
8532 7.436276121351032e-09 
7177 2.6340433577339364e-07 
3365 3.005612070606303e-05 
8199 7.405138291673924e-07 
939 1.0603292470280179e-07 
4647 2.8602230619760317e-07 
8123 1.7358518217044775e-07 
7749 9.14606896957858e-07 
6537 7.333423147282749e-07 
7866 7.5516913720583e-09 
6441 1.0613698787137937e-07 
2582 4.191143025058188e-07 
3792 5.466023090313493e-09 
6652 3.3268942609533756e-08 
6582 9.167804419168513e-08 
9735 1.336665273909992e-07 
4486 2.7608074062764592e-05 
6664 7.760019137253299e-09 
237 1.638917707989197e-06 
113 1.0324138488559953e-09 
6012 9.32649766760725e-08 
1941 1.3127193131560262e-07 
759 9.599218584940838e-09 
528 9.70893598156719e-10 
5478 7.932908046182508e-08 
26 1.3562496629479663e-05 
9515 2.448043425089724e-07 
3323 4.5950339229926016e-07 
968 3.015657272509298e-10 
5858 1.1559893522526275e-07 
286 3.0268267320111266e-06 
5241 2.8215316243249307e-08 
6845 5.3281046905225005e-09 
2918 1.5963219857060315e-07 
5994 1.2566424029396978e-08 
6050 2.3247259276892253e-06 
7012 4.782151117855123e-07 
1117 1.8517503610506175e-08 
1193 3.580150669790761e-08 
1934 1.6165688337108942e-08 
2751 4.338154489647352e-06 
1139 2.2444647310504505e-07 
9802 2.6675265225872824e-09 
4804 6.944057181728916e-07 
5111 1.2408506550281966e-08 
6483 4.033463868292329e-07 
7192 1.4214898839937616e-08 
1016 1.1897488677516284e-08 
2670 5.671573668805771e-08 
4502 1.2910242722747808e-08 
2031 1.0151592098525527e-05 
6908 3.9892555811417186e-06 
9647 9.562706171267255e-08 
306 3.533085735759402e-07 
5719 5.922390141018458e-07 
7819 5.950610341932602e-09 
7775 9.682228406483404e-08 
6484 2.4597388010928246e-07 
9084 5.854212945918184e-08 
2046 6.565283836063237e-07 
1828 1.2952048163259074e-08 
2021 7.2878639969641695e-09 
704 1.6954455583478292e-07 
3964 1.8809581631810832e-07 
3090 8.785747184565994e-07 
5832 9.70178479493894e-07 
3218 1.4293376346347072e-06 
8844 4.20026739084145e-10 
1418 1.7425699979434723e-06 
7895 1.6889002735410606e-07 
9262 1.9336681539609477e-08 
4765 8.37531752284626e-10 
4744 2.0915903956574835e-07 
572 5.37914463859957e-07 
3079 1.4887222028053815e-09 
7394 6.755341425135342e-10 
5035 2.671651942531226e-07 
8041 3.084234783139097e-08 
6089 1.5933795749836777e-09 
6650 7.7810061649938e-07 
2724 1.764063505184171e-05 
2744 3.030491256544995e-08 
8518 1.715028052733103e-09 
7624 1.0290975246462564e-07 
7654 6.637610665315499e-09 
2138 5.99209977270291e-07 
2687 2.938425905374409e-09 
3646 2.5035863471004977e-07 
5427 4.6725889494528446e-08 
4322 4.98917584175018e-08 
2589 5.439915521731573e-07 
5186 2.8648117003155636e-06 
6371 3.816424948269626e-08 
5363 5.625444192633726e-08 
9079 9.26053858585612e-09 
6045 7.182113207716273e-07 
1202 6.624648683952476e-07 
3122 3.3532093893644355e-07 
1473 1.744214628664805e-08 
4146 1.4316024242802539e-09 
6064 1.5648784837632326e-07 
4 2.4896427359767547e-06 
4082 7.800384579688543e-08 
137 2.6667487185508265e-09 
4590 1.291355091819987e-07 
6616 1.8138019110204746e-08 
8968 9.950796274310321e-08 
4096 1.1098603780601963e-05 
6477 3.9002889726670164e-08 
5149 2.7641576119388024e-07 
5794 3.2844381537416867e-09 
9325 4.982826426116004e-07 
1092 3.126704819124679e-06 
7863 2.3781599431372223e-08 
4052 3.7023301781118068e-09 
7414 4.6726662966499596e-08 
6221 5.954954724817857e-07 
6544 7.701486563933197e-07 
8710 1.3542400253629895e-07 
9461 1.0990448905267452e-07 
5543 5.815660921587584e-10 
1480 1.755737858767127e-08 
433 1.4370696658184902e-07 
4739 1.4463220321962917e-07 
5120 3.192273567991129e-08 
1871 1.063492501812786e-05 
4983 1.6464199288980551e-07 
9371 3.140803572917409e-08 
5606 6.447648460671256e-08 
8901 3.539177836282587e-08 
9135 2.9409767784546785e-07 
2165 4.982880351219489e-07 
8011 2.7041505381100468e-08 
8087 4.475409926983295e-09 
2007 1.7354660228425906e-06 
8707 3.357193985482898e-09 
6823 1.1129776735646635e-09 
7330 4.4143563331826215e-07 
1850 4.560379391173666e-09 
2296 5.075475472866291e-06 
6716 4.5749936063935875e-09 
8122 2.6476785921212328e-08 
6525 3.205808595701295e-08 
9932 4.2286702993388214e-09 
3693 1.6744843654020736e-09 
4063 8.81120138872692e-07 
7731 2.3606537710068112e-08 
9693 1.0537557160579742e-07 
7485 6.517707641399083e-08 
8367 2.4679630716611858e-08 
2488 4.137959170192468e-09 
8721 3.397167005710945e-08 
3480 7.96305838167885e-07 
3755 2.073266039523316e-08 
382 2.9510120608212606e-08 
6072 1.5579829501163878e-09 
4935 3.435703174091637e-08 
2794 1.3438163808760992e-07 
952 1.4375335440448215e-07 
9726 1.1713987953048788e-06 
4946 3.334190611701423e-07 
9158 1.5445648455290846e-07 
7791 4.438148553417669e-08 
4118 1.0360536766060421e-07 
8388 2.718041055931302e-08 
2741 1.679120217360857e-06 
3193 3.0199830479242518e-09 
8108 2.4500555149790937e-08 
1203 6.13676028175011e-08 
8210 9.317714609458067e-07 
7351 5.139109464549837e-06 
8258 1.7518930958693169e-09 
2090 1.1228272192261631e-07 
1182 4.5750228837553725e-09 
7364 1.7651927825814457e-06 
778 6.2675019146675235e-06 
1609 4.840844596649876e-08 
4833 9.626977045621125e-07 
7990 7.996282479455323e-08 
5675 2.2783549034565928e-07 
3236 1.4655095009282896e-06 
4912 6.23473987399263e-06 
7095 7.499819761102103e-09 
8643 1.7755344284368286e-06 
9682 4.729652880493705e-06 
1057 1.3868441892822027e-08 
3899 4.3024904252469493e-07 
1757 2.718352319131914e-07 
8293 9.970727379124822e-07 
3512 1.6391157965202984e-05 
309 7.364821116112271e-08 
2269 2.336966549934408e-07 
3018 4.394746415522718e-09 
3440 6.417638304361972e-07 
459 8.080147286719866e-09 
2146 4.270268516339241e-07 
1973 2.0486832783828886e-05 
6934 2.3395530328881533e-07 
2882 2.4251058408652788e-08 
5696 3.202687782165388e-06 
7256 6.643018889626053e-08 
8916 5.5983660274001174e-08 
1113 6.199035884138786e-08 
7962 8.157331313133189e-08 
7891 1.2241408641235294e-06 
138 1.0632304203728182e-09 
9054 1.143850016441239e-09 
3308 5.053050691726852e-07 
3692 3.5839808551485497e-10 
5003 1.4965975772019828e-07 
2495 1.0706199773121997e-06 
1388 1.4548740394792375e-07 
9389 1.2680616548779249e-06 
5214 5.5774579476349905e-08 
2526 1.210854089036427e-06 
5346 3.937537696324497e-07 
4516 1.980557207492705e-06 
3220 2.790370161060568e-09 
2370 2.2265700413479756e-07 
786 3.576264704791575e-07 
8176 2.0673918550836654e-08 
7269 4.865927843286172e-07 
2300 3.1079204691579487e-09 
5254 1.7594947963883723e-09 
9565 1.779187881146641e-05 
5512 2.097712739916515e-08 
6010 5.632682440856094e-08 
9323 1.1567408971475581e-06 
9449 8.147617293731771e-09 
3028 1.1932253583289763e-07 
7117 4.398850826469219e-06 
1281 3.026028251991398e-08 
650 4.880966697581482e-06 
707 3.7284531930876873e-07 
8466 9.191805685950655e-09 
8761 8.279592851391006e-08 
2890 4.974944724615306e-07 
7429 2.8431821712430853e-06 
3355 1.0950851110245671e-08 
4172 1.012165367373127e-06 
7457 3.4437651789134493e-06 
8078 5.330079596929259e-07 
5926 3.342076199119859e-10 
8247 1.3317547356886915e-08 
5572 8.401142934283173e-08 
298 1.8195164226972036e-06 
8383 2.4814779651307365e-07 
3015 2.550239880383387e-10 
3181 2.1374680341174675e-08 
5459 8.373681080128814e-09 
6002 2.6549958251711765e-08 
2061 5.7725682180826375e-08 
1575 8.043024629124373e-09 
8974 7.480933511860345e-08 
798 2.1123224661666123e-07 
3955 2.5690831313663828e-08 
7158 4.287664808703268e-09 
8765 1.0417859368434641e-06 
9336 1.2716517569485227e-07 
3545 1.0543639485799394e-09 
4687 5.1103253162303446e-08 
4673 8.08019399124515e-08 
6280 4.896072878096883e-07 
5842 1.110023564694705e-07 
837 1.2357247436900129e-08 
7387 1.0533877683763736e-07 
6204 1.4671494829253916e-08 
2574 1.5746098430512128e-06 
663 2.3409734211873867e-09 
3422 4.109817277730271e-09 
3272 8.121990331967622e-08 
1846 1.3057522570224906e-07 
2921 2.471543898360795e-09 
1175 1.1982358822650891e-05 
6464 9.591045993973153e-09 
5880 2.9988024284094997e-07 
9889 7.334559572972493e-09 
1660 9.438720893759245e-07 
5222 3.663623988997349e-06 
5509 7.718419504639112e-06 
2178 1.3380079585754434e-05 
7243 7.167208850918799e-07 
1751 1.6788530953252377e-06 
2237 3.08219264576518e-08 
8573 5.281839397375791e-07 
787 7.559412935283338e-07 
6168 1.3400147188700681e-08 
5592 2.0627558287044555e-07 
9632 1.1507943364069001e-07 
3008 2.571703091577417e-07 
1328 2.1545092932005825e-08 
9842 2.5376738653449735e-07 
6655 2.0422189810492133e-06 
381 3.800181066709678e-08 
4181 3.855314010311334e-09 
6874 1.7552720948480627e-07 
6996 1.3078872746104253e-08 
1379 1.0392858552921158e-09 
4286 1.126310653286368e-05 
1077 4.8841248447364666e-08 
8708 6.197531498414177e-10 
2885 1.1922799625394638e-07 
4340 5.235156926883116e-07 
8239 1.8154937778819269e-09 
1467 1.7789505609322898e-08 
9232 8.508630079224696e-08 
5221 8.557007361351511e-08 
5923 1.4987518066670674e-05 
8846 1.8823719400589724e-08 
9680 4.454356155871947e-07 
1995 2.6080179568860047e-07 
3668 4.1177249269929746e-07 
4162 8.410161361598056e-09 
5105 2.214037474375114e-08 
8049 1.91493609129257e-07 
2573 9.587408798267672e-08 
351 1.242561266986688e-06 
4109 3.6464259389745735e-10 
9141 2.015202612426362e-08 
1401 1.264388738660494e-06 
7227 8.370938333460468e-08 
6025 4.223196300388628e-06 
6719 5.583480470222504e-07 
6496 4.573356372575152e-07 
3242 1.5356733963352125e-08 
9253 4.583175114598881e-09 
7419 1.0547145400121734e-05 
209 1.5639521793397136e-08 
7932 2.3205149087861867e-07 
2501 4.578982022808011e-07 
7207 1.6445700530554053e-09 
1990 1.2892079278583289e-08 
1298 6.240498298308094e-07 
5793 4.779802789244697e-09 
1797 1.5027006994419218e-06 
8794 3.883281026606381e-08 
2625 9.062049174009539e-08 
2643 1.4417235447825483e-07 
2925 1.2812169792769158e-07 
5461 5.255572340487656e-07 
8357 1.5689600818416874e-08 
1373 2.283285206373434e-05 
4432 1.1783931170709034e-06 
2844 9.20887454602926e-08 
2261 3.084672196493332e-09 
33 6.291734602154671e-08 
5094 3.397405221299693e-09 
1415 2.0015609571396225e-07 
5454 7.486417910075593e-09 
8666 6.647294156520572e-09 
2424 6.411101595489728e-08 
1969 6.624140801372287e-07 
3194 1.815421487574506e-08 
5779 7.577267579586566e-08 
1394 1.2707307329429562e-05 
5327 7.674027547255812e-08 
477 4.488537779786335e-07 
1669 1.1485736345434675e-06 
3280 1.4860215178960455e-07 
716 2.0976213656174374e-07 
3829 1.8119896014190395e-08 
2158 1.3694874467094678e-07 
2081 5.47504863169547e-09 
4297 1.9820893078012757e-07 
79 6.698149944037729e-07 
9849 3.126672015874795e-07 
6527 1.804772420681451e-08 
990 1.5086413440224856e-08 
4992 5.567800092070446e-09 
1349 2.829645098724561e-06 
9318 5.946817591059037e-08 
9069 2.085128367467168e-06 
4561 5.904616636523882e-07 
6622 4.718314237876623e-08 
8120 3.472812087223663e-08 
7100 1.2633306069522604e-07 
7376 4.850012672724668e-09 
9193 3.3588026195476104e-08 
8445 6.898032106586809e-07 
1507 1.0689247879665411e-06 
9118 5.336618276409119e-09 
10 5.572437155083495e-06 
7915 5.8184363187929354e-08 
6957 1.0891592288000019e-07 
4772 1.2571250991252371e-08 
8085 1.4335231099044175e-07 
6850 1.6380618097779586e-06 
3077 4.246864290528211e-08 
7922 1.6094569049783213e-06 
6941 2.1973761106605378e-06 
7737 3.7023234665365076e-07 
7604 1.5049522551675373e-06 
9046 2.9850195926162115e-10 
9908 1.3959499243381465e-07 
8376 3.378395560125237e-07 
57 5.5425931459724244e-08 
1019 1.5398439706374722e-05 
2610 8.787303587682834e-08 
1176 2.0896622244593373e-08 
134 3.1370855189927736e-08 
7682 3.063654233461026e-06 
6584 4.822278584083328e-07 
4913 5.271907061290063e-09 
734 9.376840091825274e-09 
1374 4.279113923876671e-09 
9399 4.164606924941805e-09 
1050 6.130341079875888e-07 
587 2.0692463331943854e-07 
8798 3.1590647204940615e-07 
1381 5.430977229179787e-07 
325 9.95177332634081e-07 
6468 6.213385361775181e-10 
2652 6.536335084501074e-08 
7164 3.113132788516425e-07 
940 2.3616620703610593e-07 
8636 8.191976270913886e-08 
5508 2.023478216675004e-07 
85 1.5119815223089669e-06 
1351 2.660615254133859e-07 
703 2.267972617361701e-07 
1460 1.479455093376372e-07 
355 1.4394997375345817e-07 
978 9.304122459140882e-08 
1676 1.1998776589926957e-08 
7762 3.37535978334127e-07 
7948 2.0311575015408746e-06 
60 1.3361536274878762e-07 
422 1.4848908272332888e-06 
7647 1.5489710209685807e-08 
4056 3.5528899982901086e-08 
2615 6.451682544086591e-06 
1912 7.679017459991259e-07 
957 5.698677534634461e-09 
7062 1.7771747909736072e-05 
438 1.552346257126854e-08 
5259 4.662355654327932e-09 
3022 4.7756173681799555e-06 
3317 4.237372983311588e-09 
2836 7.232775295072419e-08 
3132 7.92168594956899e-09 
8080 1.4554148942533972e-06 
8346 2.55683434779171e-07 
1308 3.672168247470997e-08 
9243 1.62745966406006e-07 
2982 1.9471791970181456e-07 
19 1.5037240203019664e-10 
1437 8.855377797815668e-06 
5843 4.049324904738159e-07 
3846 3.394645451456485e-09 
2439 8.581024975605143e-07 
4576 9.381883622684143e-06 
2118 5.069232451957329e-08 
4088 8.718142241935197e-08 
2142 8.52620556644236e-09 
5056 3.426394102273118e-08 
2672 1.4527062303203305e-07 
1456 4.2415956242700006e-07 
1665 1.2144453809563235e-08 
5376 4.457431326387179e-09 
6378 1.7656055589387756e-07 
1488 5.6742590988931654e-08 
2049 2.655642868104732e-08 
3363 9.751719602164215e-08 
8350 3.3114464707655056e-09 
1989 5.280548949689609e-07 
8008 8.478494340113843e-08 
5714 5.992498164353321e-11 
1322 4.846938282106552e-07 
8842 1.4200804334727272e-06 
6694 1.5437180245314008e-06 
199 3.151252398028758e-08 
3712 3.071328324045358e-09 
2069 1.6277329918237485e-07 
3110 1.0761376514102367e-07 
4900 2.8164898213146883e-09 
1563 1.2319343630985774e-05 
743 2.258736854224655e-06 
8582 1.2831668004177784e-07 
7421 3.0431208295217534e-07 
5219 1.0986401832008795e-08 
8280 7.057366675308711e-07 
9472 6.20061801204783e-07 
3406 2.441940759158781e-06 
5754 6.682147312469448e-08 
7138 2.4479700415185046e-09 
5581 9.37972286906702e-09 
8082 3.042698005187566e-06 
9217 3.0777538297999986e-08 
3749 3.1529235190556892e-09 
5339 2.1712758790874546e-07 
3180 1.386392579604814e-07 
9687 1.5344687511940452e-07 
7554 3.064691036423718e-08 
8208 2.6060966474953946e-08 
8637 7.397465228917155e-09 
7267 1.2200957948564835e-06 
4987 7.415735690326167e-07 
7710 2.688780171868829e-06 
7067 1.3007958834025625e-06 
680 4.7240692424421065e-07 
2500 3.789943690043346e-09 
3911 1.9925145412510276e-07 
2708 1.611314851314327e-06 
7001 5.115752308264644e-06 
9131 1.042161674785682e-08 
7643 4.070348498245893e-08 
8967 4.191521995126078e-06 
6676 1.3053416222980248e-07 
6499 4.312912260603917e-06 
1675 2.888065481215248e-07 
3608 2.783645268998082e-08 
5671 1.66284234413578e-08 
7403 4.6895499285335804e-07 
6701 1.9201731463108455e-06 
4794 1.4057067323201312e-08 
1739 3.1153180300204364e-09 
1108 4.263298974171493e-08 
3196 4.971687272311365e-07 
8566 1.3574891626804211e-08 
1229 8.161097764629202e-06 
3592 1.5851224303628508e-08 
6520 2.9770657983140176e-07 
1184 1.806475341515311e-08 
901 1.056911013569417e-09 
3174 3.1895125669888184e-07 
8876 8.610088192981605e-09 
4231 4.6142017847983704e-07 
500 7.843329305479152e-09 
8736 3.850773331098701e-07 
7832 6.761596006752481e-06 
2910 5.956411168375059e-08 
643 6.564052287784759e-07 
4953 1.2637190198410808e-07 
7268 2.4029111270087826e-08 
4810 2.086573510750846e-07 
7830 1.214306118331454e-09 
4251 1.4417347702840337e-06 
7310 3.0024663813216603e-07 
116 2.095244615687216e-08 
595 1.486446528416055e-07 
7276 2.0055998355139604e-09 
2206 4.331695360910992e-09 
5243 4.480631507800762e-08 
9401 9.919517221512741e-10 
8999 3.4667493073610965e-08 
7439 2.093885008139931e-06 
615 3.9828287718590054e-07 
9578 5.614601603120325e-08 
1044 7.547805699618568e-08 
9762 4.0240568811879896e-06 
8137 1.6450616850245762e-07 
1009 2.663023325293057e-09 
8340 3.5431643942603064e-09 
4092 1.4716824216712282e-07 
8240 1.8421919276050347e-07 
6007 4.108134223318287e-08 
9915 3.007008363609034e-08 
2846 3.6498378438953557e-07 
3700 4.340106557503736e-08 
2752 3.808061606189627e-07 
5226 5.32527491389328e-07 
4796 2.483158971538146e-08 
9100 2.2646119540812443e-08 
142 1.7417145234746578e-09 
513 9.507213993545674e-07 
3976 5.75571974603003e-07 
1285 3.685320054485318e-08 
9522 5.965789099540581e-07 
6903 1.4966443795386837e-06 
8899 5.156028037065931e-07 
158 1.5721451606922005e-07 
5110 5.170380934242029e-08 
6231 3.3248935445314137e-08 
6087 2.7246493095565982e-09 
7646 6.275346771904408e-08 
6312 4.02868419905689e-08 
2356 2.1426359482567636e-07 
2747 3.515586806283072e-07 
6142 6.425851254983653e-06 
4367 4.420653791810392e-09 
9941 3.900353781852053e-08 
8476 6.344662734629734e-07 
779 6.381354669768996e-08 
8352 9.8841602768108e-07 
3010 1.1752557260713559e-10 
9824 1.0297442216113052e-07 
8429 2.4711175905866237e-06 
8332 2.640735269343608e-10 
4132 1.0406221526664114e-07 
9271 2.1158934740205204e-07 
1605 8.983586373095104e-08 
5089 1.854905314340339e-08 
3377 2.648915910031919e-07 
9841 7.963811152503871e-07 
8029 6.40934342790089e-08 
9607 1.3162110173464854e-07 
1037 1.270116622847533e-05 
8960 3.788805063336862e-08 
4185 1.3361648126007707e-07 
621 3.441584300527297e-07 
9462 1.3534996333363353e-06 
2108 2.7845789658390355e-07 
1687 6.104499576207396e-07 
3780 1.763000983677661e-08 
2232 1.8786316598911387e-07 
8860 7.616787578508634e-06 
7885 1.6044586423347162e-09 
4603 2.050741911747243e-07 
1475 4.4165645159171185e-08 
4211 1.5913612747106738e-08 
6364 1.3189106095570953e-08 
5976 2.5299043446198763e-07 
949 1.3067303517130986e-08 
1186 4.835108001477462e-09 
4168 4.2905949539473435e-06 
5973 7.992770546455764e-07 
8204 2.1557115439026428e-05 
4925 6.8872268909457816e-06 
4467 3.2688110670933595e-07 
6979 8.873467221420794e-10 
5763 3.24351244541793e-06 
7285 3.132684099507819e-07 
2051 2.331959209067591e-10 
6614 8.812681098757658e-09 
5244 6.188257019966036e-08 
2833 5.365789469835947e-07 
9474 4.827749387916846e-07 
4423 1.3722118188868355e-06 
8065 1.2447153681584764e-06 
971 4.2706199755720856e-08 
9604 6.36136002637685e-08 
9646 9.058427613889875e-08 
1067 9.929174629246528e-07 
1133 7.263379481772714e-07 
4470 1.511118002842733e-07 
922 1.0101546317941302e-05 
9470 1.3277551587293652e-06 
2445 4.217468270396787e-08 
9570 1.0837487265675377e-08 
5906 7.48337550999671e-08 
4335 2.9534965783107356e-07 
6001 2.1712331064094228e-08 
2107 8.961712918041707e-07 
4471 1.593391322520215e-08 
4967 1.0049376071965058e-08 
3809 3.482580864362867e-08 
3213 1.29188245463676e-08 
8866 1.1657275023752023e-09 
6990 6.223183079967498e-11 
7698 1.8781286205069025e-09 
1159 1.0958266724092803e-06 
7322 2.117178182466442e-08 
5258 6.413856420167735e-07 
6287 1.3417019337060531e-06 
9454 2.2951190066275548e-07 
5407 1.3584217632539293e-07 
7473 1.5847551049498037e-07 
7580 5.0687775168551524e-09 
2703 2.68022048999228e-10 
916 2.2677495291451678e-07 
9910 3.7755798706169677e-07 
2402 9.088951754512002e-06 
3393 1.6505138315109358e-09 
9894 1.3393836384390997e-08 
2785 7.921227545014441e-08 
7836 1.947207255228179e-06 
5826 3.899185456858554e-07 
5469 8.272354539616162e-07 
1471 1.341181174873299e-06 
8088 2.006432245857936e-06 
5578 1.7742392697389642e-08 
6259 9.040463161691652e-08 
7122 1.4177887181664853e-06 
8269 9.807095636450713e-09 
7824 1.4328485120387847e-07 
5554 2.161474203706557e-08 
1303 6.311419551699102e-09 
8465 4.919276148245518e-07 
6937 1.3623579996416288e-06 
1235 1.579937236487021e-08 
8603 8.530681107831676e-08 
4573 2.743483599508553e-07 
4360 3.522826695382341e-08 
2960 8.952368586029325e-10 
31 3.52811460768601e-08 
6615 5.278856158243855e-08 
3263 4.2261155342582026e-07 
1122 2.162347628997698e-06 
2954 3.694039768793763e-07 
4994 1.1973897640337317e-06 
1118 3.5181001344059644e-07 
8660 1.1982185981627622e-07 
5812 2.2820953045907602e-08 
1572 5.453273410270284e-06 
2660 1.1417557022340634e-06 
453 6.778084654156369e-06 
9961 3.024068034179761e-09 
5143 2.9443169189241185e-07 
2619 1.9811576521780623e-08 
740 8.257080072185975e-07 
5042 7.56762342157477e-09 
8817 2.1500146324751612e-09 
5777 3.659590076340004e-07 
8188 1.5022275826710382e-08 
378 1.5903405617138564e-07 
2279 4.813631850627896e-06 
7574 7.989025625938784e-09 
5361 2.7072267578794138e-08 
1621 1.0466609478968804e-08 
1854 6.704521623570139e-08 
8368 8.664280961524144e-08 
5935 1.291876466913422e-10 
4851 3.7977423944339506e-09 
4688 6.166542720827421e-08 
2208 1.6610968306982955e-06 
7071 1.9010800888098322e-08 
7287 1.4470071723628707e-08 
5071 1.7574887701946908e-08 
1613 3.818205483842191e-07 
2067 7.249868677539844e-07 
2950 6.595960135418193e-08 
8391 2.214461794394136e-07 
3485 1.7015178036504375e-08 
3234 1.974319828455105e-06 
5573 6.899235698270898e-07 
336 1.5589859861712095e-08 
1503 1.2955689612641806e-05 
283 1.6699940891956588e-09 
2251 3.325486468606391e-07 
6631 6.538478531287239e-08 
4214 1.5706969525386638e-07 
3107 5.531235786179669e-08 
4436 2.0880227884716832e-06 
6257 5.982654468600053e-08 
4114 1.3561331294043022e-09 
7871 2.6511132061667704e-07 
5051 7.902982603192822e-07 
3719 1.8581071186005259e-06 
5658 5.333309778402309e-09 
4921 4.341807174822686e-08 
4290 2.425269726008799e-08 
2366 1.5021763000167e-10 
5369 4.861484297194246e-08 
5836 4.3590672337250673e-07 
1129 1.4003314740067992e-05 
6490 6.7098998642479285e-09 
4053 2.4264043155911865e-07 
1836 6.590808283326016e-08 
4061 3.245169741087878e-07 
9614 5.2281342321786745e-09 
5217 7.380967543266884e-07 
1952 3.4431505845805045e-08 
3732 5.310968520001735e-09 
8804 9.110522838470434e-08 
4803 5.398296475277845e-07 
9152 4.314048909770385e-10 
633 2.8154485541538956e-07 
6120 7.534565466534175e-06 
3563 2.2427745673917355e-08 
4221 4.0431982305756193e-07 
5379 4.27114480434736e-08 
1390 7.363998898650749e-07 
8517 7.032543628856703e-07 
5198 3.480749626171047e-07 
5348 1.651913441023535e-05 
3506 2.030178079077613e-08 
2009 9.57455268816642e-07 
3718 9.123090123240238e-08 
4158 6.137059459552325e-08 
452 4.623194550432662e-08 
749 6.569609185778642e-08 
7940 7.008077699171781e-07 
3362 4.763703900868333e-08 
7398 4.6906659230530395e-07 
4177 8.006436598342187e-09 
3837 1.2271155849156827e-08 
339 4.8506762049529625e-08 
4212 1.339310513686319e-08 
7653 1.0238318170368611e-08 
8437 4.061129568824888e-06 
8284 1.1086670539950383e-09 
6216 2.2351960700568458e-08 
7831 5.670258880442546e-07 
5342 2.8646556852045957e-07 
780 1.4394547188320995e-06 
6260 1.0047254708966752e-06 
2498 1.0834915131760303e-06 
5170 3.624155298385728e-08 
5060 3.3380185605221116e-07 
7952 1.772780687490927e-07 
319 1.7717792844690067e-08 
790 5.688825904680953e-07 
2329 3.5453552639248126e-08 
8526 1.4556667190970644e-08 
4596 6.2579432833637094e-09 
1018 4.77667340056942e-09 
2397 6.117429347807235e-09 
2621 2.680206090420192e-06 
9711 3.4098532891340307e-06 
2171 2.408813711468399e-08 
5862 1.444002568518635e-07 
5377 6.723303096721817e-07 
9571 5.451185927745322e-06 
3084 1.3388194603124117e-07 
8560 5.354343190153403e-07 
5087 1.8362841984335184e-08 
3260 8.703217539013375e-10 
8155 4.273249191808299e-06 
9863 1.3184411952384817e-08 
4748 1.1576917057811497e-06 
6737 1.668416671119717e-06 
4243 8.4094478361601e-07 
7729 1.659014955707888e-08 
5538 2.5176443219924376e-07 
757 7.522158223976822e-08 
2812 1.1751577856906426e-07 
9075 2.147147904312708e-06 
7409 4.434957585219444e-08 
2678 8.698567133301818e-09 
2649 1.3477311862006291e-09 
2213 8.304570592396401e-07 
9984 2.952481650630805e-07 
573 1.1168841444632113e-06 
3947 7.717472713596424e-08 
1296 2.0655717040255254e-07 
2911 1.075101876866168e-07 
9554 2.8291405329561314e-10 
4402 2.9400227616262382e-08 
4459 5.947143697776079e-08 
7989 4.389387795812716e-07 
8446 8.700584885547216e-08 
3040 2.5448978051038695e-07 
4774 1.336916056341204e-06 
1869 3.139956870901184e-10 
3190 1.2899618428772235e-06 
4981 2.1966293107604756e-07 
3871 1.0126299822442478e-06 
5191 7.322729957126572e-10 
9426 9.97372079413264e-09 
9865 1.0193093448289392e-08 
5069 7.964021484121784e-07 
5936 2.0120815335681423e-06 
6832 3.482918973628929e-09 
4424 4.2169347884991453e-07 
6017 1.2706906790187602e-06 
3339 1.0398362339733698e-06 
3115 1.8413161337403183e-08 
1205 2.9988123956433115e-08 
5493 1.5071653284225265e-07 
5086 3.6172430322594946e-08 
2633 9.113647484159464e-07 
942 1.0794039188836047e-07 
1495 4.611281116461774e-08 
8498 1.0795724862834978e-07 
3775 9.536352977063138e-07 
4657 4.615686553811973e-07 
8349 3.713935332752896e-08 
6127 4.293360433477492e-08 
3447 1.5917542492416281e-09 
5602 8.529111772677769e-08 
7170 2.383280473873488e-06 
7026 2.917751148905743e-07 
5600 3.211845568143729e-07 
6679 6.632660870670942e-06 
3781 4.268639771789325e-07 
4370 2.937204490835888e-08 
5692 1.5264554124248516e-07 
4085 1.3189055211843976e-05 
9127 3.299448559854201e-09 
7491 4.714237976148935e-07 
632 1.4249267405370872e-06 
8847 7.588798116818507e-09 
3069 4.7924305048930096e-08 
3774 2.174245648778103e-07 
1081 1.0979954480350163e-09 
915 1.2251985417702107e-06 
1893 1.1059607132966193e-07 
8868 3.851617560197561e-07 
8588 1.9046807551298395e-09 
7153 5.964696317601898e-08 
5026 2.92298449144145e-07 
9305 5.656119670024544e-06 
3429 2.3068665471728724e-08 
6377 7.446243817926592e-07 
4501 1.2174093051955602e-06 
291 1.0988493164107611e-08 
4091 2.3147347979227085e-07 
7040 2.693218309875395e-08 
3314 1.7321379087428112e-06 
6892 1.915878900935928e-07 
8915 2.2878859202123125e-09 
8209 4.815776141363012e-09 
1516 4.846921719450087e-09 
9595 2.1749097191617328e-08 
4216 6.454154937736892e-07 
2192 3.2692209101198126e-08 
5861 1.230593845574779e-09 
5941 9.585641739600313e-08 
7432 1.1126250022652458e-07 
9922 6.190266829878153e-07 
8470 1.904049213435899e-09 
9263 1.560835572269638e-08 
5541 1.1833585442043416e-07 
2560 2.9192732289677614e-09 
8801 3.006279395670504e-08 
1222 6.7874463620695e-06 
690 4.6815541631777804e-08 
4759 1.799703696568058e-08 
5827 1.275705749531099e-07 
6758 7.769618982494932e-06 
5740 5.646380932231064e-07 
7898 4.926207462943675e-07 
1239 3.8706752011977976e-08 
4648 2.4575961028109727e-08 
6519 3.1278428754498953e-08 
7368 2.023239742258466e-08 
7515 2.2068199018736068e-07 
5355 5.534145528014388e-07 
3035 4.991278173004142e-08 
7505 2.2933318398932374e-08 
9507 8.984666254908957e-09 
2975 1.7483041300271358e-07 
1335 7.535612368072328e-07 
9972 1.0097051415261834e-06 
2535 4.878190488835361e-08 
7142 1.0049870772231713e-06 
5453 1.9812963910519673e-08 
4584 1.214178148647993e-09 
5924 2.651198476364249e-08 
2369 2.0547978155044204e-07 
9971 5.473008745621252e-07 
851 1.606733373148313e-07 
2244 8.137209831730191e-09 
8127 7.785582540062528e-08 
3322 1.6265522452808644e-07 
540 1.1609656648580227e-08 
7440 1.1891248246281372e-07 
5776 8.333380849961936e-09 
6329 2.678159893306593e-08 
9930 2.9746065839772635e-08 
8019 1.5349964900912105e-07 
9476 2.212742860973173e-08 
7552 8.263187912540236e-08 
5285 1.210154522104012e-07 
6119 9.09948648765771e-09 
8455 1.7565239543723763e-07 
624 1.0633395247918295e-05 
5613 2.436607003799958e-06 
251 2.9196519338585587e-08 
7717 7.742125341837164e-07 
8927 6.717496036267217e-07 
2360 1.0683379814419166e-07 
923 3.1397071313030823e-07 
7056 2.1564185087258547e-07 
8499 5.221846392788887e-10 
3501 7.073784875889181e-07 
1434 3.511022722557655e-10 
7393 1.0693261748111403e-06 
9094 1.8559859985152992e-08 
6433 3.730557333723626e-08 
5540 1.0515992699463433e-08 
8118 1.7618087572910085e-07 
416 1.218039236255806e-07 
2468 3.727458398422546e-08 
7981 3.0151354460036806e-09 
5533 1.5413098514761852e-06 
8075 4.2733520823460435e-07 
8787 4.1512598201992314e-07 
8985 2.2516970232810962e-10 
8741 1.747966970287989e-08 
3352 2.2935645241318678e-08 
7914 6.974387071164283e-07 
5755 1.6002444728916224e-08 
4588 6.385453260333157e-09 
6762 1.2887135585087266e-07 
2544 1.2477438907066395e-08 
4929 1.332288239864858e-08 
2978 2.9768426440476656e-06 
6927 8.268687520114322e-08 
7835 4.906742855060285e-08 
8386 1.0809661694075913e-08 
5619 1.0960284167546123e-06 
1727 8.754096617472985e-07 
2562 1.7395250501881464e-07 
9944 1.2802920331430982e-08 
1878 6.111382390739488e-07 
7462 8.906676898502676e-08 
164 3.013647100840141e-06 
4280 1.9390221589884537e-06 
6164 5.593438698325848e-10 
6784 1.8270936511985257e-07 
2056 1.364519608321494e-07 
8017 6.525371712724358e-08 
1746 2.2306977697243626e-08 
6178 1.3506676336833695e-08 
281 3.297167548530605e-06 
9444 5.420325186228272e-07 
3248 6.9275502996214975e-06 
3198 6.415579296821191e-08 
7444 6.828868026609314e-11 
2079 3.970769399917751e-09 
6367 1.3343734083382283e-06 
6835 5.960390798192137e-06 
776 2.4857013182274505e-06 
3414 3.5694756832693915e-08 
1852 7.252081418384856e-08 
7231 2.0229421999399914e-08 
1155 2.042645788033785e-08 
3254 9.433070319902668e-08 
3553 5.252035794499109e-07 
1210 6.628978318406831e-07 
1539 5.9963675487668955e-09 
5954 2.0608015318312675e-08 
1070 2.867377659095116e-09 
198 5.975778486845459e-07 
8116 1.4631432576801828e-08 
4032 1.655039321446527e-07 
3021 6.386580948994314e-07 
4267 1.3655445633520107e-08 
3771 6.542245715247851e-08 
1691 4.846721853580247e-08 
6048 5.8426655958194974e-08 
7691 4.1754980237403705e-06 
8863 5.588488733455651e-07 
1479 2.371363781988184e-09 
7627 2.991036210045093e-08 
7994 1.0127689019838275e-07 
6802 3.077398996926845e-08 
6144 1.0270025581639287e-07 
2276 1.1744913651663094e-05 
7617 6.04207521422975e-08 
6136 7.61192176196128e-09 
3705 1.2751052279043155e-08 
833 3.294053885948647e-07 
7319 2.6423307986078726e-11 
1300 1.7054042255319784e-07 
5246 3.4089579295797263e-07 
410 8.143254952655294e-08 
5717 6.639139788738977e-08 
7558 1.37740520204932e-09 
2493 2.7785012180909363e-07 
2523 6.5947321057644e-07 
2571 2.6770231214721593e-08 
7783 1.4041655277755027e-09 
4279 1.3273295343174414e-06 
3776 1.315778689912813e-07 
5264 1.6027906506915405e-07 
1833 5.992415568747619e-09 
3875 1.650062830108303e-07 
2667 5.2779301287515096e-09 
2228 3.4219174832193716e-06 
5497 1.466043600681941e-06 
3797 1.709577067779026e-07 
598 5.291025718869648e-06 
1780 7.309246094238619e-07 
7541 6.888107102566757e-08 
8769 4.3254220094393465e-07 
4725 5.477134678745087e-08 
1951 8.557256716074479e-06 
7583 6.870556642517745e-08 
717 5.153968651548894e-07 
2920 3.572214252962064e-07 
9727 1.180087891048076e-07 
9630 8.208151977117523e-09 
6967 8.743813062137007e-08 
3267 1.1838182304261277e-07 
2815 1.4148652563065285e-07 
9115 4.02633757556912e-07 
3477 1.2042888944538074e-08 
2570 1.3472676458389354e-07 
6814 1.2335039812488846e-09 
9052 1.3537860078556704e-07 
2962 4.0869827293409997e-07 
4273 5.93494944606688e-08 
3488 1.3659427836433882e-08 
2421 3.034546204619835e-07 
7771 5.270672735063764e-10 
8861 8.089319259994604e-08 
9933 2.3902017876769507e-06 
1221 1.1193575626919546e-06 
6514 1.9001965553995526e-08 
8692 9.664075717432318e-08 
1807 9.488383949501646e-07 
3415 2.7829734720326266e-07 
425 2.9166927142730114e-07 
9710 6.635527571600074e-08 
8606 8.10072331783318e-09 
1114 9.923915636689739e-08 
8683 2.922616918127677e-07 
61 8.237713299191444e-07 
2719 6.873646145812867e-08 
4939 2.578869059776767e-07 
7809 7.915940920550507e-09 
8644 6.293639154318978e-09 
6182 9.812388140357359e-08 
375 1.4554531583632971e-08 
483 9.966466931040849e-09 
4356 3.827566201627334e-08 
8248 3.586140194457913e-07 
8778 7.922073831569815e-09 
108 5.2344679400424116e-09 
5470 9.936521014298888e-07 
4183 2.7054474325324124e-08 
6345 1.0839626433179264e-07 
1372 4.763949200403683e-10 
9324 9.954756040103305e-09 
3841 1.5834534009773952e-07 
3324 9.5087607542604e-08 
4138 1.2713718105358692e-05 
1513 1.7206829335718668e-08 
4073 9.958853576541062e-09 
8773 1.2617915675196614e-08 
6702 3.2134435103104017e-06 
6625 9.58748204119849e-08 
4484 2.0081480251355095e-08 
9361 1.4336871068478842e-08 
874 9.454749918892881e-07 
3725 3.740836772292422e-10 
2853 3.0894924643845415e-06 
6717 5.263018293225367e-07 
2126 1.499690121011458e-06 
7913 8.709445730958301e-08 
6033 2.4418962429257257e-07 
6323 6.833679012154805e-08 
6674 6.7956994246297364e-09 
3256 1.710312874606952e-06 
8516 9.124295067536163e-08 
9283 1.7088255518770828e-06 
6352 1.0117060901277536e-08 
9992 1.0756209972619807e-08 
3583 1.9053703059768168e-11 
1886 1.0715745765592914e-05 
3626 9.70211307158256e-06 
4514 4.653110036167973e-09 
7008 1.1796782816743401e-07 
4235 4.279332393712534e-08 
6779 9.173637826867116e-07 
145 8.631970264223396e-09 
8966 4.314822868934219e-07 
1465 1.5044890122597538e-07 
2709 2.273006215828595e-05 
7341 1.7189326706381486e-08 
6556 1.0650154854373317e-08 
4822 4.0189800017126484e-08 
3800 7.50769492664457e-08 
9767 1.0382170748113317e-09 
301 1.0799677944560871e-07 
6115 1.5809628132050399e-06 
9690 5.7424586666717957e-08 
2254 1.5904434799764188e-07 
341 1.453633249876468e-06 
6143 1.1140820286217727e-07 
2626 1.3551271204576554e-06 
9109 1.821413769292126e-07 
99 1.6248676088310212e-07 
5738 9.136209918366844e-08 
3431 5.25314068214116e-08 
5223 7.057088746926024e-09 
314 2.886489040961819e-07 
1523 5.501585171461018e-07 
5224 3.773631693778577e-07 
9844 7.325866878404863e-09 
626 7.505276920717622e-07 
1286 4.0269994487735777e-07 
2006 1.1628087292743852e-08 
328 9.967758369092724e-07 
8070 7.189462592028419e-06 
1635 2.318818129513721e-07 
868 6.951359482061897e-08 
8519 9.383355477645771e-07 
7655 3.2523389814631543e-09 
5211 1.7743306935767299e-07 
226 1.7878435395766242e-07 
3663 1.0828361171240917e-07 
7000 1.2435637159134954e-07 
5778 1.6826594312525114e-07 
3205 8.044765343584426e-08 
7622 7.94214707527046e-08 
7718 1.4296911936628547e-07 
9176 1.0877714798521274e-07 
9119 1.207807619673859e-08 
