0 0 8 2 36
0 1 1 4 64
0 2 1 3 20
0 3 9 3 106
0 4 7 1 8
0 5 9 3 54
0 6 5 4 226
0 7 7 3 122
0 8 10 2 31
0 9 7 3 89
0 10 6 2 14
0 11 2 4 193
0 12 1 7 26140
0 13 1 6 1118
0 14 3 3 44
0 15 4 5 665
0 16 1 4 41
0 17 10 2 25
0 18 4 5 480
0 19 4 5 657
0 20 5 3 95
0 21 4 3 41
0 22 1 4 55
0 23 10 3 90
0 24 3 4 103
0 25 5 5 1546
0 26 4 4 212
0 27 6 1 8
0 28 4 4 217
0 29 1 4 67
0 30 6 2 11
0 31 5 6 7407
0 32 1 5 370
0 33 1 4 88
0 34 2 4 63
0 35 5 3 81
0 36 7 7 37756
0 37 5 4 395
0 38 10 5 6603
0 39 9 3 110
0 40 7 3 93
0 41 4 6 3469
0 42 9 2 19
0 43 6 2 30
0 44 1 4 49
0 45 10 5 4952
0 46 5 3 45
0 47 8 5 3447
0 48 10 3 72
0 49 5 7 46350
0 50 10 3 125
0 51 7 6 10978
0 52 4 3 36
0 53 2 2 7
0 54 8 3 59
0 55 10 5 1145
0 56 2 6 1589
0 57 2 4 45
0 58 3 3 50
0 59 3 5 1647
0 60 7 4 260
0 61 6 3 104
0 62 8 3 136
0 63 4 4 89
1 0 7 3 39
1 1 9 3 81
1 2 6 3 104
1 3 6 6 4356
1 4 9 2 37
1 5 7 3 147
1 6 1 5 666
1 7 7 2 35
1 8 8 4 221
1 9 4 3 56
1 10 3 3 57
1 11 10 3 83
1 12 6 4 582
1 13 10 4 617
1 14 9 2 20
1 15 5 5 977
1 16 5 3 49
1 17 7 5 984
1 18 2 4 89
1 19 9 2 28
1 20 10 5 1789
1 21 6 3 56
1 22 10 7 86777
1 23 4 3 63
1 24 10 5 2820
1 25 7 5 1040
1 26 1 6 1040
1 27 10 3 158
1 28 8 1 11
1 29 4 3 43
1 30 3 4 72
1 31 6 4 268
1 32 3 4 127
1 33 8 3 58
1 34 6 3 52
1 35 6 3 52
1 36 7 4 249
1 37 2 5 856
1 38 3 3 32
1 39 3 4 206
1 40 9 4 310
1 41 5 4 479
1 42 8 4 427
1 43 1 3 17
1 44 6 5 1760
1 45 8 4 207
1 46 3 4 92
1 47 4 5 580
1 48 7 1 4
1 49 9 5 6215
1 50 8 2 40
1 51 9 5 2976
1 52 4 4 212
1 53 4 3 43
1 54 7 3 95
1 55 7 3 131
1 56 8 3 117
1 57 6 2 31
1 58 3 3 31
1 59 3 4 131
1 60 10 3 114
1 61 8 3 164
1 62 6 2 18
1 63 10 2 27
2 0 4 5 512
2 1 10 3 155
2 2 7 2 19
2 3 2 4 82
2 4 5 2 23
2 5 2 4 142
2 6 9 3 116
2 7 6 6 11316
2 8 1 5 192
2 9 5 3 32
2 10 4 5 2649
2 11 9 3 50
2 12 7 3 52
2 13 6 6 7259
2 14 6 3 93
2 15 7 3 65
2 16 3 4 70
2 17 9 3 109
2 18 2 3 14
2 19 3 8 239290
2 20 10 4 232
2 21 8 3 92
2 22 9 4 281
2 23 10 3 115
2 24 10 2 32
2 25 10 3 62
2 26 8 4 384
2 27 1 6 4561
2 28 7 3 85
2 29 7 2 29
2 30 8 4 365
2 31 1 6 2854
2 32 10 2 21
2 33 5 4 253
2 34 9 3 49
2 35 4 4 98
2 36 2 6 1487
2 37 3 6 3077
2 38 4 2 17
2 39 7 5 1557
2 40 7 3 93
2 41 3 6 7711
2 42 2 4 124
2 43 7 2 27
2 44 10 2 27
2 45 4 3 77
2 46 4 2 10
2 47 7 3 48
2 48 6 3 79
2 49 5 6 5438
2 50 10 3 193
2 51 2 1 3
2 52 5 3 66
2 53 1 4 34
2 54 8 5 1378
2 55 6 3 41
2 56 7 4 237
2 57 1 5 173
2 58 2 3 26
2 59 1 3 20
2 60 1 4 25
2 61 7 2 19
2 62 6 2 28
2 63 5 3 60
3 0 8 2 16
3 1 6 3 117
3 2 8 2 19
3 3 1 6 1491
3 4 8 3 98
3 5 1 4 42
3 6 8 3 108
3 7 4 6 8607
3 8 3 4 70
3 9 1 5 560
3 10 9 4 709
3 11 6 3 101
3 12 6 3 51
3 13 2 5 872
3 14 6 3 60
3 15 9 3 77
3 16 7 4 362
3 17 7 3 40
3 18 7 3 49
3 19 8 4 530
3 20 5 3 61
3 21 1 4 32
3 22 9 3 49
3 23 7 3 140
3 24 3 1 5
3 25 7 3 39
3 26 6 4 436
3 27 1 4 76
3 28 4 4 152
3 29 9 3 163
3 30 6 3 115
3 31 1 4 80
3 32 3 4 141
3 33 5 6 19492
3 34 9 6 39455
3 35 4 3 85
3 36 4 5 985
3 37 8 5 5012
3 38 3 5 511
3 39 8 2 37
3 40 4 3 47
3 41 10 3 66
3 42 9 5 1893
3 43 3 7 22205
3 44 3 5 452
3 45 2 4 102
3 46 4 3 35
3 47 6 3 40
3 48 2 4 63
3 49 4 4 120
3 50 7 5 1224
3 51 3 3 66
3 52 2 4 217
3 53 9 3 109
3 54 1 5 442
3 55 4 2 15
3 56 10 2 29
3 57 1 5 248
3 58 6 4 551
3 59 1 4 72
3 60 10 1 12
3 61 9 2 19
3 62 10 3 91
3 63 2 5 886
4 0 5 6 22486
4 1 6 3 40
4 2 6 4 395
4 3 2 4 144
4 4 4 3 41
4 5 9 3 188
4 6 1 4 85
4 7 5 4 119
4 8 10 3 80
4 9 3 6 5719
4 10 1 6 1166
4 11 1 4 69
4 12 7 3 74
4 13 7 3 106
4 14 6 2 21
4 15 9 6 8132
4 16 3 4 121
4 17 5 4 133
4 18 8 2 28
4 19 6 4 435
4 20 2 4 79
4 21 4 5 1771
4 22 7 3 124
4 23 8 3 97
4 24 7 2 20
4 25 3 4 82
4 26 7 5 3062
4 27 2 5 288
4 28 9 2 22
4 29 5 3 106
4 30 3 4 122
4 31 2 4 59
4 32 10 4 575
4 33 7 4 172
4 34 7 3 104
4 35 8 3 66
4 36 1 5 231
4 37 5 3 63
4 38 9 3 51
4 39 8 4 409
4 40 7 2 35
4 41 8 1 14
4 42 4 6 3068
4 43 3 3 57
4 44 3 5 1842
4 45 3 3 42
4 46 10 4 714
4 47 4 4 127
4 48 10 2 19
4 49 1 4 44
4 50 10 2 22
4 51 9 4 208
4 52 2 3 36
4 53 2 4 143
4 54 6 2 26
4 55 1 4 40
4 56 1 4 67
4 57 5 3 30
4 58 4 3 43
4 59 4 3 58
4 60 6 3 35
4 61 5 4 264
4 62 10 4 694
4 63 5 4 310
5 0 8 5 2415
5 1 9 5 3234
5 2 6 2 11
5 3 1 7 6255
5 4 8 2 42
5 5 7 6 11143
5 6 2 6 1572
5 7 1 4 98
5 8 1 5 198
5 9 4 4 375
5 10 8 4 516
5 11 8 4 525
5 12 3 3 21
5 13 10 3 182
5 14 6 3 102
5 15 8 3 55
5 16 3 3 29
5 17 10 3 99
5 18 5 3 82
5 19 3 5 362
5 20 6 4 157
5 21 1 4 67
5 22 10 3 58
5 23 6 3 32
5 24 10 3 120
5 25 6 4 271
5 26 3 4 139
5 27 7 5 2740
5 28 4 3 63
5 29 6 3 77
5 30 10 3 91
5 31 4 3 54
5 32 9 3 73
5 33 4 3 70
5 34 3 7 64306
5 35 9 4 239
5 36 3 3 34
5 37 6 4 170
5 38 2 4 52
5 39 6 3 79
5 40 3 6 4713
5 41 2 5 273
5 42 4 2 15
5 43 8 5 1186
5 44 8 3 133
5 45 8 4 617
5 46 6 4 205
5 47 6 2 28
5 48 2 4 73
5 49 3 4 259
5 50 7 3 45
5 51 7 4 769
5 52 10 3 80
5 53 10 3 70
5 54 9 3 92
5 55 3 5 405
5 56 2 4 88
5 57 6 5 1472
5 58 5 5 1238
5 59 6 5 1226
5 60 1 4 58
5 61 9 3 91
5 62 5 4 305
5 63 5 5 677
6 0 8 5 1115
6 1 6 4 148
6 2 1 4 55
6 3 2 2 9
6 4 1 5 131
6 5 5 5 1011
6 6 2 6 2508
6 7 5 3 42
6 8 7 3 100
6 9 5 3 47
6 10 2 4 219
6 11 5 4 323
6 12 6 4 167
6 13 9 3 99
6 14 2 3 26
6 15 4 4 103
6 16 5 5 829
6 17 3 3 21
6 18 2 4 98
6 19 4 5 500
6 20 8 2 30
6 21 7 3 39
6 22 1 6 720
6 23 1 4 67
6 24 9 2 17
6 25 2 3 40
6 26 10 3 126
6 27 5 3 28
6 28 1 6 1297
6 29 4 4 285
6 30 9 4 647
6 31 4 5 835
6 32 9 2 27
6 33 4 3 27
6 34 1 4 38
6 35 3 4 189
6 36 3 3 22
6 37 5 3 49
6 38 4 3 45
6 39 9 4 500
6 40 9 2 33
6 41 6 3 33
6 42 5 3 77
6 43 8 4 386
6 44 7 3 69
6 45 9 3 131
6 46 10 4 887
6 47 9 2 43
6 48 10 2 35
6 49 4 3 28
6 50 1 4 109
6 51 2 4 70
6 52 10 4 307
6 53 8 1 14
6 54 8 6 27067
6 55 8 5 2028
6 56 9 7 99393
6 57 7 5 962
6 58 1 5 133
6 59 6 3 67
6 60 4 4 93
6 61 3 3 57
6 62 7 2 31
6 63 4 5 792
7 0 3 4 159
7 1 6 3 68
7 2 5 4 519
7 3 6 4 655
7 4 5 2 24
7 5 7 2 32
7 6 7 3 45
7 7 8 4 534
7 8 2 6 9477
7 9 5 4 147
7 10 2 4 168
7 11 2 7 10692
7 12 7 4 167
7 13 9 3 116
7 14 9 2 19
7 15 9 3 110
7 16 1 6 740
7 17 1 3 16
7 18 5 2 22
7 19 6 3 64
7 20 8 3 110
7 21 1 4 86
7 22 8 4 347
7 23 9 2 25
7 24 7 5 2446
7 25 3 4 67
7 26 5 4 559
7 27 3 4 112
7 28 2 4 87
7 29 3 5 1486
7 30 7 4 283
7 31 2 4 220
7 32 4 3 49
7 33 8 2 42
7 34 3 5 699
7 35 1 6 1882
7 36 3 3 38
7 37 1 6 707
7 38 7 4 210
7 39 9 6 8527
7 40 9 3 180
7 41 7 1 11
7 42 7 2 20
7 43 10 3 97
7 44 4 5 599
7 45 1 4 43
7 46 3 6 6272
7 47 9 3 111
7 48 9 3 50
7 49 2 3 30
7 50 2 6 3005
7 51 10 2 40
7 52 9 5 3960
7 53 6 3 73
7 54 2 4 116
7 55 1 4 26
7 56 2 3 31
7 57 9 5 3504
7 58 6 4 326
7 59 2 4 54
7 60 2 4 93
7 61 9 3 56
7 62 8 4 335
7 63 5 2 18
8 0 4 4 302
8 1 7 3 43
8 2 7 4 404
8 3 8 5 3375
8 4 9 4 313
8 5 5 4 366
8 6 10 3 57
8 7 8 4 378
8 8 10 3 178
8 9 10 4 295
8 10 6 4 187
8 11 6 4 157
8 12 2 5 388
8 13 10 4 230
8 14 1 4 27
8 15 2 3 35
8 16 4 3 40
8 17 3 4 270
8 18 6 5 882
8 19 10 3 68
8 20 1 6 2035
8 21 10 2 50
8 22 5 4 471
8 23 9 2 32
8 24 6 3 96
8 25 5 5 1170
8 26 8 4 497
8 27 6 3 54
8 28 3 3 19
8 29 7 2 32
8 30 4 3 70
8 31 5 3 41
8 32 1 5 132
8 33 1 6 2581
8 34 8 4 270
8 35 5 4 133
8 36 1 6 798
8 37 6 3 60
8 38 8 4 188
8 39 4 4 159
8 40 3 4 246
8 41 4 4 130
8 42 1 4 86
8 43 5 3 97
8 44 6 2 21
8 45 9 3 133
8 46 2 4 121
8 47 1 4 32
8 48 4 4 121
8 49 4 4 353
8 50 5 4 119
8 51 5 4 254
8 52 3 3 33
8 53 9 5 1063
8 54 5 3 39
8 55 6 3 44
8 56 6 4 667
8 57 3 3 32
8 58 4 6 7070
8 59 1 3 18
8 60 7 3 76
8 61 7 4 498
8 62 1 6 1158
8 63 8 4 816
9 0 10 4 576
9 1 8 2 30
9 2 7 5 1149
9 3 7 3 41
9 4 5 3 33
9 5 8 4 326
9 6 7 3 135
9 7 2 6 2015
9 8 10 3 55
9 9 4 3 29
9 10 5 3 54
9 11 6 4 246
9 12 9 5 2415
9 13 2 5 353
9 14 9 3 187
9 15 8 3 98
9 16 1 5 281
9 17 2 4 56
9 18 1 5 211
9 19 6 3 36
9 20 5 3 29
9 21 3 3 44
9 22 6 7 57989
9 23 10 3 126
9 24 2 5 1098
9 25 10 2 44
9 26 9 4 203
9 27 10 6 8285
9 28 5 4 123
9 29 2 4 67
9 30 3 5 408
9 31 4 5 477
9 32 8 2 25
9 33 10 4 523
9 34 2 4 56
9 35 4 3 29
9 36 5 4 508
9 37 5 3 57
9 38 1 5 136
9 39 8 2 19
9 40 7 3 62
9 41 4 5 2044
9 42 1 5 322
9 43 2 3 42
9 44 6 5 744
9 45 9 4 270
9 46 4 3 82
9 47 3 4 96
9 48 3 4 69
9 49 3 4 68
9 50 7 3 98
9 51 3 4 108
9 52 4 3 29
9 53 6 4 274
9 54 9 4 509
9 55 2 3 20
9 56 3 3 49
9 57 6 4 200
9 58 9 4 285
9 59 1 4 34
9 60 1 5 443
9 61 9 2 35
9 62 8 5 1337
9 63 5 3 30
10 0 5 3 32
10 1 7 2 37
10 2 3 5 2055
10 3 4 4 204
10 4 5 3 33
10 5 4 4 278
10 6 6 2 29
10 7 6 3 78
10 8 2 5 1231
10 9 9 3 75
10 10 3 3 40
10 11 9 4 702
10 12 5 3 63
10 13 2 4 53
10 14 2 6 9295
10 15 9 3 151
10 16 9 1 13
10 17 3 4 73
10 18 5 2 26
10 19 7 5 1401
10 20 9 2 38
10 21 3 3 50
10 22 1 5 588
10 23 3 4 82
10 24 6 3 95
10 25 7 2 31
10 26 2 5 1014
10 27 7 5 898
10 28 6 2 31
10 29 5 5 1838
10 30 4 3 36
10 31 3 5 1918
10 32 3 2 12
10 33 10 5 4554
10 34 1 4 32
10 35 4 3 43
10 36 10 2 42
10 37 2 4 148
10 38 6 3 75
10 39 7 4 210
10 40 8 4 825
10 41 1 4 109
10 42 8 2 25
10 43 9 6 9589
10 44 5 5 1110
10 45 3 3 65
10 46 1 4 24
10 47 6 4 386
10 48 5 3 93
10 49 6 2 28
10 50 9 3 54
10 51 5 3 49
10 52 10 4 599
10 53 7 4 286
10 54 5 3 42
10 55 7 4 358
10 56 8 2 35
10 57 5 4 298
10 58 10 3 119
10 59 9 3 50
10 60 8 2 35
10 61 7 3 39
10 62 1 5 167
10 63 1 4 47
11 0 3 2 15
11 1 1 4 25
11 2 10 2 41
11 3 8 5 2656
11 4 9 4 344
11 5 10 5 4141
11 6 4 3 68
11 7 7 2 23
11 8 6 5 4153
11 9 10 3 98
11 10 5 3 86
11 11 2 5 744
11 12 5 5 1025
11 13 8 5 2321
11 14 2 4 67
11 15 4 5 551
11 16 3 3 28
11 17 1 5 351
11 18 10 2 33
11 19 4 3 34
11 20 8 4 207
11 21 8 6 6168
11 22 1 5 295
11 23 2 4 160
11 24 5 3 95
11 25 2 4 53
11 26 5 2 21
11 27 7 2 32
11 28 1 6 952
11 29 10 3 95
11 30 9 5 1817
11 31 4 5 2441
11 32 2 3 13
11 33 8 2 37
11 34 10 6 16094
11 35 8 3 79
11 36 7 3 139
11 37 6 4 198
11 38 10 4 274
11 39 7 2 30
11 40 2 4 52
11 41 9 2 33
11 42 3 4 89
11 43 10 2 46
11 44 8 3 111
11 45 9 4 283
11 46 4 3 37
11 47 7 5 3163
11 48 8 3 110
11 49 10 5 5999
11 50 4 3 55
11 51 4 5 681
11 52 1 5 227
11 53 9 3 72
11 54 7 3 130
11 55 3 5 482
11 56 10 2 26
11 57 5 4 215
11 58 9 4 257
11 59 9 4 387
11 60 3 4 186
11 61 8 2 22
11 62 6 2 19
11 63 8 6 6158
12 0 1 4 31
12 1 10 3 109
12 2 5 3 104
12 3 4 5 1150
12 4 3 2 10
12 5 10 4 842
12 6 7 4 473
12 7 6 4 159
12 8 9 4 606
12 9 4 4 115
12 10 3 4 175
12 11 2 4 113
12 12 10 3 104
12 13 7 6 24484
12 14 1 4 58
12 15 8 5 1972
12 16 7 3 52
12 17 7 5 987
12 18 10 4 518
12 19 2 5 285
12 20 1 5 514
12 21 1 6 2403
12 22 5 4 305
12 23 4 7 118946
12 24 2 4 205
12 25 10 2 46
12 26 7 5 2572
12 27 7 3 74
12 28 6 3 46
12 29 3 4 73
12 30 8 3 75
12 31 10 5 4108
12 32 9 3 116
12 33 7 3 116
12 34 2 4 72
12 35 7 5 886
12 36 4 4 225
12 37 3 4 69
12 38 6 3 53
12 39 1 6 3295
12 40 8 4 185
12 41 7 3 126
12 42 8 3 115
12 43 4 4 183
12 44 9 2 47
12 45 7 4 166
12 46 2 4 196
12 47 2 4 85
12 48 9 4 350
12 49 7 3 136
12 50 6 4 605
12 51 2 5 260
12 52 8 3 43
12 53 5 5 3227
12 54 2 5 611
12 55 2 5 272
12 56 10 2 35
12 57 10 4 673
12 58 10 4 797
12 59 10 5 3703
12 60 3 4 191
12 61 6 7 41237
12 62 6 2 17
12 63 10 5 2491
13 0 2 6 6203
13 1 8 2 24
13 2 1 4 61
13 3 8 6 10553
13 4 7 3 47
13 5 4 5 654
13 6 9 2 45
13 7 7 4 160
13 8 1 5 206
13 9 6 3 42
13 10 1 6 719
13 11 8 3 110
13 12 1 4 36
13 13 5 5 881
13 14 4 3 24
13 15 3 4 74
13 16 6 2 19
13 17 7 2 13
13 18 2 4 176
13 19 7 2 24
13 20 10 3 90
13 21 7 4 380
13 22 10 3 162
13 23 6 3 32
13 24 7 2 28
13 25 5 3 100
13 26 3 3 41
13 27 4 4 132
13 28 3 4 68
13 29 10 3 129
13 30 6 3 54
13 31 9 2 26
13 32 10 5 1348
13 33 3 4 86
13 34 8 2 20
13 35 3 4 173
13 36 1 4 45
13 37 3 4 94
13 38 4 3 26
13 39 9 4 264
13 40 10 3 133
13 41 6 4 491
13 42 10 1 15
13 43 2 4 112
13 44 9 3 48
13 45 4 5 755
13 46 9 5 5767
13 47 7 4 524
13 48 10 2 23
13 49 1 7 6336
13 50 2 3 28
13 51 5 3 80
13 52 4 4 357
13 53 2 4 130
13 54 8 3 59
13 55 2 4 78
13 56 10 3 90
13 57 10 3 101
13 58 3 4 71
13 59 2 3 38
13 60 7 3 143
13 61 10 3 57
13 62 2 4 68
13 63 6 6 8074
14 0 8 2 16
14 1 5 5 1546
14 2 8 3 56
14 3 2 4 63
14 4 2 4 155
14 5 1 3 15
14 6 10 3 85
14 7 2 4 144
14 8 2 4 87
14 9 4 3 43
14 10 2 3 24
14 11 4 3 34
14 12 4 4 180
14 13 4 3 69
14 14 5 3 32
14 15 9 2 29
14 16 3 5 447
14 17 8 3 172
14 18 9 3 88
14 19 8 3 74
14 20 1 5 283
14 21 1 5 464
14 22 9 4 211
14 23 6 4 285
14 24 6 5 3734
14 25 5 5 845
14 26 7 3 56
14 27 1 6 2628
14 28 10 2 34
14 29 7 3 87
14 30 10 3 61
14 31 1 4 27
14 32 5 4 365
14 33 2 4 129
14 34 8 4 414
14 35 9 4 294
14 36 2 3 37
14 37 6 4 208
14 38 6 3 42
14 39 1 5 424
14 40 4 2 11
14 41 3 2 8
14 42 1 4 71
14 43 4 6 4976
14 44 3 3 59
14 45 5 3 34
14 46 2 4 87
14 47 5 6 11101
14 48 3 3 58
14 49 6 4 608
14 50 2 4 68
14 51 1 3 14
14 52 3 2 11
14 53 8 2 25
14 54 7 3 79
14 55 7 5 2371
14 56 6 4 147
14 57 8 2 27
14 58 6 3 65
14 59 1 4 46
14 60 4 3 53
14 61 10 3 56
14 62 1 5 121
14 63 5 4 114
15 0 10 4 319
15 1 3 4 143
15 2 7 4 190
15 3 2 4 52
15 4 9 2 23
15 5 3 3 46
15 6 9 4 549
15 7 6 4 325
15 8 10 4 264
15 9 3 5 1770
15 10 1 3 13
15 11 7 5 1810
15 12 1 5 205
15 13 2 5 294
15 14 5 4 241
15 15 9 3 89
15 16 6 4 393
15 17 9 3 84
15 18 3 4 147
15 19 1 5 167
15 20 1 7 7098
15 21 9 3 74
15 22 3 4 171
15 23 10 3 79
15 24 6 4 168
15 25 2 4 92
15 26 1 3 20
15 27 4 3 32
15 28 9 2 33
15 29 4 3 58
15 30 10 4 632
15 31 1 6 819
15 32 1 3 16
15 33 6 4 505
15 34 6 4 482
15 35 4 4 140
15 36 3 3 29
15 37 3 6 2941
15 38 3 4 99
15 39 9 3 122
15 40 2 4 60
15 41 2 5 509
15 42 2 5 1264
15 43 2 4 116
15 44 8 4 224
15 45 4 3 31
15 46 8 3 96
15 47 7 2 25
15 48 2 5 921
15 49 8 4 201
15 50 2 5 292
15 51 6 2 23
15 52 4 3 83
15 53 2 5 806
15 54 9 4 862
15 55 3 3 34
15 56 6 2 22
15 57 5 2 22
15 58 3 3 27
15 59 7 4 330
15 60 4 4 450
15 61 10 3 135
15 62 1 5 488
15 63 6 3 42
16 0 6 3 108
16 1 5 4 360
16 2 1 4 45
16 3 2 3 13
16 4 4 4 344
16 5 10 6 10809
16 6 9 3 50
16 7 7 4 319
16 8 2 4 58
16 9 8 2 19
16 10 7 3 85
16 11 9 4 891
16 12 9 3 103
16 13 9 3 190
16 14 7 3 52
16 15 7 3 61
16 16 6 2 30
16 17 4 4 171
16 18 3 6 2235
16 19 9 3 87
16 20 4 6 14210
16 21 8 3 46
16 22 9 4 643
16 23 7 3 124
16 24 9 2 40
16 25 5 5 746
16 26 8 2 16
16 27 8 4 602
16 28 6 3 41
16 29 4 5 762
16 30 9 3 66
16 31 6 1 8
16 32 9 4 369
16 33 5 4 153
16 34 1 4 62
16 35 8 4 373
16 36 4 3 43
16 37 4 3 54
16 38 5 3 44
16 39 8 4 411
16 40 2 5 316
16 41 4 4 130
16 42 6 3 55
16 43 10 2 21
16 44 7 5 1917
16 45 4 6 8776
16 46 8 3 59
16 47 5 5 913
16 48 1 3 10
16 49 10 2 51
16 50 3 3 24
16 51 3 5 509
16 52 6 3 81
16 53 10 6 12576
16 54 7 4 782
16 55 3 4 126
16 56 3 4 231
16 57 4 7 30198
16 58 2 4 48
16 59 10 3 110
16 60 5 5 670
16 61 10 4 274
16 62 8 7 79310
16 63 4 6 5410
17 0 2 3 22
17 1 4 5 807
17 2 2 4 115
17 3 2 3 32
17 4 6 7 80485
17 5 8 3 162
17 6 3 3 65
17 7 3 3 36
17 8 1 4 40
17 9 2 3 21
17 10 5 3 99
17 11 8 3 59
17 12 5 4 132
17 13 1 6 4406
17 14 3 2 11
17 15 2 7 21061
17 16 2 2 8
17 17 4 4 131
17 18 9 6 29789
17 19 7 4 493
17 20 9 6 12276
17 21 8 4 245
17 22 10 2 38
17 23 8 3 67
17 24 4 4 221
17 25 9 3 94
17 26 6 6 5894
17 27 1 4 85
17 28 9 2 31
17 29 9 4 748
17 30 2 4 82
17 31 1 5 445
17 32 1 4 51
17 33 6 5 1973
17 34 2 3 37
17 35 4 3 29
17 36 3 2 14
17 37 9 3 77
17 38 4 3 24
17 39 3 4 332
17 40 7 3 125
17 41 9 1 12
17 42 2 5 407
17 43 6 3 62
17 44 2 5 465
17 45 1 4 59
17 46 1 5 191
17 47 10 3 124
17 48 8 4 274
17 49 7 2 23
17 50 1 6 1902
17 51 2 5 470
17 52 10 2 40
17 53 3 4 157
17 54 3 5 1952
17 55 8 2 29
17 56 3 5 422
17 57 3 3 20
17 58 5 3 84
17 59 7 4 220
17 60 5 3 58
17 61 8 3 159
17 62 6 4 179
17 63 7 5 1132
18 0 7 3 40
18 1 1 5 147
18 2 4 3 38
18 3 3 4 142
18 4 1 4 38
18 5 4 4 210
18 6 2 4 53
18 7 1 4 60
18 8 9 2 18
18 9 2 2 10
18 10 4 1 7
18 11 5 5 1176
18 12 10 2 26
18 13 5 3 87
18 14 2 4 53
18 15 4 4 151
18 16 5 4 521
18 17 4 4 142
18 18 1 4 59
18 19 5 2 22
18 20 9 3 135
18 21 10 3 79
18 22 4 4 92
18 23 7 4 183
18 24 3 4 204
18 25 1 5 141
18 26 3 4 162
18 27 6 3 42
18 28 7 2 32
18 29 3 4 191
18 30 10 2 46
18 31 3 4 171
18 32 2 3 29
18 33 10 3 122
18 34 1 6 1787
18 35 1 5 168
18 36 7 4 265
18 37 2 4 97
18 38 5 3 47
18 39 5 2 25
18 40 9 2 34
18 41 10 2 47
18 42 7 3 134
18 43 7 4 209
18 44 8 3 61
18 45 10 4 578
18 46 8 4 761
18 47 2 3 31
18 48 8 4 527
18 49 1 4 81
18 50 8 4 255
18 51 8 5 3373
18 52 1 4 110
18 53 7 2 28
18 54 10 2 37
18 55 2 5 659
18 56 4 5 684
18 57 7 2 21
18 58 10 5 1896
18 59 9 5 2471
18 60 8 4 515
18 61 3 4 82
18 62 8 3 71
18 63 9 6 7531
19 0 8 2 27
19 1 3 5 931
19 2 5 3 40
19 3 7 3 120
19 4 4 6 8600
19 5 10 5 5508
19 6 2 5 246
19 7 5 3 35
19 8 3 3 34
19 9 10 5 1974
19 10 7 3 147
19 11 9 3 71
19 12 10 5 4452
19 13 10 4 252
19 14 4 6 14147
19 15 3 5 1819
19 16 8 3 60
19 17 5 4 435
19 18 4 3 24
19 19 2 5 721
19 20 6 3 36
19 21 3 4 84
19 22 6 5 2621
19 23 8 6 12068
19 24 1 3 21
19 25 4 4 308
19 26 7 4 194
19 27 7 4 186
19 28 5 3 74
19 29 1 4 43
19 30 2 3 42
19 31 2 3 34
19 32 5 3 51
19 33 6 3 127
19 34 5 4 422
19 35 1 4 33
19 36 4 4 141
19 37 9 3 49
19 38 4 5 1172
19 39 9 3 87
19 40 1 3 17
19 41 4 6 4924
19 42 3 3 32
19 43 6 3 43
19 44 7 5 3094
19 45 2 3 35
19 46 2 5 232
19 47 3 3 52
19 48 8 2 27
19 49 6 2 23
19 50 1 5 219
19 51 4 4 147
19 52 1 6 910
19 53 1 4 42
19 54 2 3 31
19 55 3 2 12
19 56 1 4 42
19 57 6 3 115
19 58 5 4 145
19 59 3 4 108
19 60 6 3 46
19 61 2 8 378465
19 62 4 5 501
19 63 5 4 138
20 0 7 4 190
20 1 5 3 52
20 2 4 3 26
20 3 4 3 34
20 4 7 5 1345
20 5 1 6 969
20 6 10 5 3758
20 7 1 6 1760
20 8 2 3 32
20 9 6 4 149
20 10 5 4 273
20 11 5 2 17
20 12 10 3 184
20 13 1 5 593
20 14 1 7 7001
20 15 5 2 19
20 16 10 3 186
20 17 5 4 550
20 18 9 3 126
20 19 2 3 24
20 20 8 2 17
20 21 3 3 17
20 22 8 3 59
20 23 3 3 34
20 24 9 5 1538
20 25 2 4 120
20 26 10 4 736
20 27 1 5 146
20 28 3 3 31
20 29 1 4 47
20 30 4 2 18
20 31 3 4 68
20 32 4 5 693
20 33 8 1 9
20 34 8 5 1086
20 35 9 3 61
20 36 10 2 51
20 37 3 4 265
20 38 2 5 381
20 39 1 5 532
20 40 9 2 34
20 41 1 4 27
20 42 2 5 270
20 43 7 3 54
20 44 7 6 5331
20 45 2 4 198
20 46 2 3 25
20 47 3 5 1300
20 48 6 4 227
20 49 7 5 2234
20 50 8 4 229
20 51 6 3 55
20 52 1 4 54
20 53 2 4 74
20 54 3 4 247
20 55 2 5 628
20 56 6 3 64
20 57 5 4 198
20 58 7 5 959
20 59 4 4 244
20 60 2 3 18
20 61 1 5 116
20 62 5 3 97
20 63 1 4 44
21 0 8 5 1079
21 1 4 2 20
21 2 3 3 52
21 3 9 4 563
21 4 6 2 20
21 5 2 5 250
21 6 4 4 418
21 7 5 3 28
21 8 3 3 37
21 9 7 4 414
21 10 7 2 36
21 11 6 3 95
21 12 5 5 660
21 13 5 4 207
21 14 7 2 23
21 15 10 4 470
21 16 4 3 23
21 17 3 4 85
21 18 9 4 342
21 19 10 5 3135
21 20 4 4 332
21 21 1 4 61
21 22 6 3 127
21 23 10 7 117047
21 24 4 5 476
21 25 9 2 46
21 26 2 6 2916
21 27 6 3 85
21 28 4 5 1219
21 29 10 3 196
21 30 2 3 36
21 31 5 3 60
21 32 8 5 1036
21 33 3 5 680
21 34 4 2 16
21 35 1 4 44
21 36 7 7 64910
21 37 6 4 565
21 38 4 3 22
21 39 9 3 75
21 40 2 4 61
21 41 6 3 46
21 42 2 4 188
21 43 10 2 24
21 44 10 3 97
21 45 1 4 70
21 46 4 4 367
21 47 7 2 23
21 48 7 1 12
21 49 1 5 174
21 50 1 5 412
21 51 7 2 22
21 52 7 7 181970
21 53 3 3 39
21 54 8 3 52
21 55 6 3 86
21 56 2 4 116
21 57 6 3 74
21 58 8 3 145
21 59 4 3 65
21 60 9 5 1693
21 61 5 3 30
21 62 5 4 187
21 63 9 2 40
22 0 1 5 440
22 1 1 6 845
22 2 6 3 65
22 3 7 2 34
22 4 9 3 113
22 5 8 3 65
22 6 5 4 161
22 7 9 3 54
22 8 8 6 6698
22 9 2 4 58
22 10 3 6 13339
22 11 4 4 299
22 12 5 3 35
22 13 5 5 921
22 14 6 2 27
22 15 8 2 29
22 16 6 2 20
22 17 10 2 53
22 18 6 5 1477
22 19 8 3 116
22 20 8 5 2180
22 21 7 3 55
22 22 8 3 50
22 23 8 4 560
22 24 9 4 713
22 25 8 3 126
22 26 10 4 576
22 27 8 4 318
22 28 6 3 73
22 29 4 7 70831
22 30 2 4 104
22 31 7 5 1018
22 32 5 2 26
22 33 1 6 778
22 34 2 6 2202
22 35 5 4 172
22 36 5 3 109
22 37 10 2 18
22 38 4 3 53
22 39 2 5 312
22 40 8 3 141
22 41 5 3 34
22 42 9 2 16
22 43 3 4 238
22 44 2 5 550
22 45 4 4 91
22 46 6 6 7657
22 47 5 4 388
22 48 6 3 96
22 49 6 4 198
22 50 7 3 66
22 51 9 3 187
22 52 4 2 16
22 53 4 3 88
22 54 4 5 457
22 55 6 2 26
22 56 5 3 38
22 57 1 4 40
22 58 3 3 38
22 59 3 3 30
22 60 5 2 22
22 61 5 4 326
22 62 6 3 90
22 63 3 1 5
23 0 8 3 162
23 1 7 3 75
23 2 8 3 94
23 3 1 6 2153
23 4 3 3 25
23 5 4 4 113
23 6 3 4 223
23 7 8 2 38
23 8 7 4 165
23 9 7 2 25
23 10 9 2 38
23 11 8 2 25
23 12 5 4 154
23 13 6 2 27
23 14 3 4 227
23 15 7 4 674
23 16 1 3 7
23 17 4 4 168
23 18 3 4 137
23 19 4 2 20
23 20 5 4 527
23 21 5 5 766
23 22 6 4 152
23 23 9 4 542
23 24 3 3 16
23 25 7 2 16
23 26 7 4 335
23 27 10 2 23
23 28 7 3 87
23 29 2 6 2611
23 30 4 6 3657
23 31 9 3 71
23 32 10 1 17
23 33 6 3 106
23 34 6 3 83
23 35 10 5 5688
23 36 8 4 803
23 37 2 4 71
23 38 4 3 59
23 39 5 3 92
23 40 9 4 463
23 41 3 6 2418
23 42 4 2 21
23 43 7 2 23
23 44 4 6 3904
23 45 7 3 73
23 46 4 2 11
23 47 3 6 4363
23 48 4 2 9
23 49 9 2 19
23 50 3 5 1022
23 51 7 6 8329
23 52 9 2 37
23 53 6 3 41
23 54 1 4 34
23 55 9 4 591
23 56 6 3 35
23 57 4 6 3680
23 58 7 2 28
23 59 8 4 309
23 60 6 4 350
23 61 5 5 643
23 62 4 5 459
23 63 7 5 1354
24 0 9 2 40
24 1 3 5 594
24 2 5 2 14
24 3 9 1 8
24 4 1 4 59
24 5 2 4 99
24 6 5 3 72
24 7 2 3 26
24 8 4 3 46
24 9 2 4 140
24 10 6 3 52
24 11 9 1 15
24 12 4 3 26
24 13 10 3 67
24 14 4 5 1272
24 15 9 5 1037
24 16 9 4 896
24 17 6 3 62
24 18 6 2 12
24 19 9 5 2221
24 20 1 6 1014
24 21 8 2 33
24 22 5 6 10869
24 23 2 3 36
24 24 5 3 84
24 25 5 4 248
24 26 2 4 63
24 27 8 4 740
24 28 2 3 27
24 29 4 5 656
24 30 5 2 18
24 31 9 3 54
24 32 4 2 10
24 33 9 2 17
24 34 8 3 60
24 35 9 3 104
24 36 5 2 19
24 37 3 4 102
24 38 6 2 23
24 39 3 3 62
24 40 3 3 23
24 41 10 3 179
24 42 7 2 24
24 43 4 5 1585
24 44 8 5 1628
24 45 3 3 57
24 46 7 4 174
24 47 8 5 3462
24 48 9 2 30
24 49 3 4 153
24 50 1 5 199
24 51 6 2 14
24 52 10 2 21
24 53 10 4 699
24 54 7 3 94
24 55 8 2 24
24 56 6 4 209
24 57 1 5 279
24 58 4 4 170
24 59 4 4 162
24 60 6 3 60
24 61 4 4 240
24 62 2 5 847
24 63 9 7 62576
25 0 7 2 15
25 1 4 3 82
25 2 2 4 101
25 3 5 5 2246
25 4 7 4 458
25 5 5 3 45
25 6 10 2 49
25 7 6 3 132
25 8 7 3 65
25 9 3 5 2083
25 10 4 4 101
25 11 7 3 44
25 12 2 4 71
25 13 7 3 111
25 14 4 3 39
25 15 10 2 43
25 16 10 2 26
25 17 7 4 392
25 18 7 3 43
25 19 1 5 162
25 20 1 5 210
25 21 6 2 13
25 22 5 4 264
25 23 7 2 37
25 24 5 3 73
25 25 9 3 103
25 26 10 3 168
25 27 8 5 1148
25 28 3 3 24
25 29 4 3 25
25 30 10 2 30
25 31 8 3 56
25 32 9 3 123
25 33 6 5 2396
25 34 8 4 319
25 35 8 3 78
25 36 4 4 146
25 37 10 3 213
25 38 6 3 61
25 39 4 5 2416
25 40 9 2 28
25 41 6 3 35
25 42 10 3 109
25 43 10 4 346
25 44 5 5 1163
25 45 4 4 102
25 46 6 2 19
25 47 6 3 63
25 48 9 2 21
25 49 6 4 338
25 50 10 6 8550
25 51 6 3 49
25 52 2 3 29
25 53 4 5 1884
25 54 8 4 595
25 55 5 3 68
25 56 2 4 69
25 57 7 4 552
25 58 4 3 52
25 59 3 4 194
25 60 2 4 94
25 61 10 3 165
25 62 1 4 35
25 63 1 4 49
26 0 8 1 11
26 1 3 3 36
26 2 5 3 40
26 3 6 4 218
26 4 8 1 9
26 5 3 4 87
26 6 8 3 164
26 7 4 4 432
26 8 3 3 55
26 9 3 5 533
26 10 7 4 649
26 11 1 5 167
26 12 4 3 35
26 13 9 3 145
26 14 3 3 21
26 15 8 3 124
26 16 8 2 19
26 17 6 4 430
26 18 5 6 7004
26 19 8 2 22
26 20 1 4 51
26 21 2 3 43
26 22 8 5 2551
26 23 7 3 147
26 24 8 3 144
26 25 6 4 237
26 26 9 3 53
26 27 6 3 81
26 28 4 4 139
26 29 1 6 1435
26 30 1 4 46
26 31 5 6 4995
26 32 5 3 110
26 33 8 4 272
26 34 6 4 288
26 35 1 6 1469
26 36 6 5 1213
26 37 6 3 84
26 38 9 2 44
26 39 8 4 433
26 40 3 3 57
26 41 9 3 53
26 42 7 2 32
26 43 2 5 242
26 44 7 3 57
26 45 3 4 309
26 46 7 3 51
26 47 10 3 109
26 48 3 5 569
26 49 9 3 70
26 50 3 4 274
26 51 1 6 1604
26 52 1 5 136
26 53 4 3 39
26 54 5 3 37
26 55 2 4 48
26 56 7 2 34
26 57 2 4 56
26 58 4 3 79
26 59 4 3 33
26 60 4 4 131
26 61 1 4 33
26 62 8 4 432
26 63 1 4 34
27 0 3 4 204
27 1 6 4 554
27 2 9 3 115
27 3 7 3 114
27 4 9 2 39
27 5 5 3 75
27 6 3 3 59
27 7 9 4 677
27 8 6 4 199
27 9 1 5 127
27 10 4 4 424
27 11 5 4 114
27 12 9 3 85
27 13 2 3 36
27 14 2 6 2913
27 15 2 5 827
27 16 2 5 1371
27 17 1 4 34
27 18 3 4 204
27 19 4 3 52
27 20 8 3 167
27 21 9 5 1832
27 22 8 4 431
27 23 8 4 264
27 24 8 2 17
27 25 7 4 284
27 26 7 5 1834
27 27 5 4 127
27 28 7 6 12987
27 29 5 3 67
27 30 9 3 61
27 31 2 5 656
27 32 3 3 26
27 33 7 4 277
27 34 4 4 106
27 35 9 2 31
27 36 6 2 28
27 37 1 5 147
27 38 10 4 386
27 39 10 2 46
27 40 7 2 15
27 41 9 2 21
27 42 1 6 704
27 43 9 4 635
27 44 1 4 46
27 45 2 5 865
27 46 8 2 32
27 47 10 5 2071
27 48 9 2 30
27 49 5 3 81
27 50 5 6 12051
27 51 7 2 18
27 52 6 1 9
27 53 6 3 36
27 54 5 3 55
27 55 9 3 165
27 56 5 4 180
27 57 4 3 32
27 58 9 4 362
27 59 3 4 298
27 60 7 2 31
27 61 1 6 2251
27 62 2 5 438
27 63 6 2 18
28 0 4 3 36
28 1 3 5 787
28 2 10 2 52
28 3 10 2 37
28 4 5 3 61
28 5 8 3 52
28 6 10 5 1392
28 7 1 6 707
28 8 2 4 48
28 9 7 4 271
28 10 10 3 70
28 11 3 4 288
28 12 4 4 176
28 13 2 4 52
28 14 4 4 278
28 15 2 5 544
28 16 5 3 50
28 17 3 5 729
28 18 8 2 35
28 19 8 4 631
28 20 3 4 326
28 21 6 3 73
28 22 4 3 80
28 23 3 7 20035
28 24 9 3 58
28 25 2 4 110
28 26 5 3 32
28 27 4 4 373
28 28 9 3 56
28 29 8 4 200
28 30 3 4 229
28 31 3 4 70
28 32 4 4 294
28 33 9 6 11255
28 34 3 3 23
28 35 10 2 39
28 36 6 3 41
28 37 8 5 1228
28 38 7 3 67
28 39 7 2 30
28 40 9 2 33
28 41 7 3 94
28 42 10 3 140
28 43 6 3 96
28 44 9 4 327
28 45 7 4 450
28 46 8 2 26
28 47 6 5 2553
28 48 2 3 15
28 49 3 3 45
28 50 7 3 81
28 51 8 5 2632
28 52 8 3 159
28 53 10 4 403
28 54 7 3 89
28 55 9 2 29
28 56 10 3 75
28 57 6 3 46
28 58 3 3 39
28 59 8 3 78
28 60 4 5 554
28 61 4 3 86
28 62 3 6 3669
28 63 5 3 65
29 0 5 2 13
29 1 8 3 88
29 2 8 3 116
29 3 8 2 28
29 4 2 6 1422
29 5 3 6 3173
29 6 10 4 794
29 7 1 3 12
29 8 6 2 31
29 9 2 4 47
29 10 10 2 26
29 11 1 4 68
29 12 10 3 92
29 13 5 4 560
29 14 10 5 5480
29 15 10 5 3860
29 16 1 4 28
29 17 6 3 86
29 18 1 7 11359
29 19 7 5 919
29 20 2 3 42
29 21 9 2 24
29 22 9 3 70
29 23 3 5 664
29 24 9 3 173
29 25 2 4 83
29 26 7 4 509
29 27 4 3 47
29 28 1 5 234
29 29 9 6 6965
29 30 6 3 43
29 31 3 4 76
29 32 2 3 41
29 33 6 5 1456
29 34 2 3 36
29 35 10 4 455
29 36 2 5 795
29 37 8 3 54
29 38 5 3 33
29 39 1 3 15
29 40 4 4 333
29 41 9 2 44
29 42 5 3 33
29 43 10 2 50
29 44 1 5 148
29 45 4 5 829
29 46 6 3 47
29 47 2 4 162
29 48 10 4 335
29 49 8 3 45
29 50 10 5 1185
29 51 10 6 10295
29 52 9 3 117
29 53 1 4 41
29 54 8 4 246
29 55 8 4 188
29 56 4 5 1205
29 57 3 5 586
29 58 3 5 609
29 59 7 2 31
29 60 9 2 40
29 61 3 6 10700
29 62 3 3 52
29 63 4 5 1476
30 0 9 2 22
30 1 3 3 39
30 2 4 3 37
30 3 3 4 213
30 4 10 4 262
30 5 6 4 296
30 6 5 3 58
30 7 5 4 126
30 8 6 5 3683
30 9 6 3 71
30 10 8 6 14303
30 11 8 4 481
30 12 3 3 40
30 13 7 2 34
30 14 4 4 160
30 15 1 5 192
30 16 5 4 423
30 17 5 2 18
30 18 6 2 19
30 19 3 3 38
30 20 1 4 50
30 21 1 4 53
30 22 2 4 67
30 23 4 2 15
30 24 9 2 34
30 25 2 5 552
30 26 2 4 52
30 27 5 4 250
30 28 4 4 117
30 29 10 3 55
30 30 2 4 50
30 31 3 3 24
30 32 8 4 793
30 33 6 5 1317
30 34 5 2 24
30 35 8 4 265
30 36 3 4 70
30 37 10 4 332
30 38 3 4 328
30 39 9 3 129
30 40 8 3 160
30 41 2 4 211
30 42 4 5 748
30 43 6 3 43
30 44 3 3 35
30 45 5 3 52
30 46 4 4 142
30 47 10 2 52
30 48 2 6 1555
30 49 9 4 631
30 50 6 2 21
30 51 3 5 932
30 52 2 2 5
30 53 5 4 509
30 54 5 2 25
30 55 2 6 3412
30 56 4 4 114
30 57 2 4 150
30 58 7 2 19
30 59 4 3 54
30 60 1 7 5717
30 61 8 4 273
30 62 9 3 68
30 63 5 5 1067
31 0 4 3 24
31 1 7 2 23
31 2 10 3 66
31 3 6 2 11
31 4 1 4 26
31 5 4 5 523
31 6 8 4 669
31 7 10 2 33
31 8 9 5 1261
31 9 4 5 602
31 10 6 4 255
31 11 7 2 24
31 12 2 4 48
31 13 9 3 157
31 14 9 2 31
31 15 7 3 54
31 16 9 2 47
31 17 5 4 176
31 18 3 3 27
31 19 6 4 193
31 20 1 6 2672
31 21 6 3 94
31 22 2 5 278
31 23 2 5 261
31 24 3 4 285
31 25 2 3 34
31 26 1 4 39
31 27 6 3 42
31 28 10 2 23
31 29 8 6 8113
31 30 3 3 25
31 31 5 4 256
31 32 9 3 58
31 33 8 3 49
31 34 6 3 32
31 35 7 4 446
31 36 9 3 106
31 37 4 3 32
31 38 4 5 1692
31 39 8 2 39
31 40 4 4 354
31 41 9 3 50
31 42 6 3 113
31 43 5 3 31
31 44 4 5 680
31 45 8 4 235
31 46 7 4 263
31 47 9 3 156
31 48 6 3 128
31 49 5 3 86
31 50 6 6 5862
31 51 6 4 236
31 52 6 2 23
31 53 2 3 41
31 54 1 4 93
31 55 4 4 118
31 56 1 5 116
31 57 8 4 182
31 58 1 6 2341
31 59 1 5 686
31 60 9 4 658
31 61 5 5 803
31 62 4 4 99
31 63 3 4 107
32 0 3 5 940
32 1 7 5 3361
32 2 5 6 5715
32 3 1 3 18
32 4 1 4 95
32 5 4 3 64
32 6 7 5 1136
32 7 2 3 21
32 8 1 4 52
32 9 5 2 21
32 10 9 2 17
32 11 2 5 355
32 12 3 4 76
32 13 9 5 1205
32 14 5 3 40
32 15 5 3 31
32 16 10 3 170
32 17 10 4 781
32 18 10 2 40
32 19 1 6 731
32 20 3 3 53
32 21 2 3 34
32 22 10 2 39
32 23 6 3 86
32 24 1 4 98
32 25 6 6 10642
32 26 5 2 17
32 27 10 3 76
32 28 2 6 5099
32 29 5 3 52
32 30 7 3 61
32 31 1 4 65
32 32 1 5 337
32 33 1 4 42
32 34 4 2 10
32 35 3 3 27
32 36 1 5 126
32 37 8 2 39
32 38 10 3 61
32 39 9 2 33
32 40 7 2 18
32 41 4 3 57
32 42 4 3 55
32 43 10 3 168
32 44 8 3 63
32 45 4 2 13
32 46 5 4 263
32 47 8 3 157
32 48 8 3 141
32 49 8 3 44
32 50 6 3 38
32 51 6 3 74
32 52 1 4 77
32 53 5 3 71
32 54 8 6 11094
32 55 8 4 315
32 56 9 4 446
32 57 1 6 871
32 58 6 3 50
32 59 7 2 16
32 60 2 4 64
32 61 6 3 123
32 62 1 5 406
32 63 6 4 159
33 0 9 2 25
33 1 2 7 11537
33 2 7 5 1582
33 3 3 7 19397
33 4 7 4 793
33 5 6 5 689
33 6 7 2 35
33 7 3 4 68
33 8 3 4 111
33 9 8 4 297
33 10 2 5 696
33 11 3 5 348
33 12 4 3 85
33 13 8 4 759
33 14 10 4 237
33 15 8 2 40
33 16 7 4 170
33 17 1 5 335
33 18 1 4 43
33 19 3 4 81
33 20 10 3 71
33 21 8 3 104
33 22 9 3 51
33 23 4 4 126
33 24 5 2 18
33 25 2 4 60
33 26 3 5 390
33 27 3 3 31
33 28 8 3 56
33 29 5 4 157
33 30 8 1 10
33 31 1 6 2495
33 32 8 6 31136
33 33 9 2 26
33 34 4 2 19
33 35 8 3 79
33 36 3 5 1553
33 37 10 2 39
33 38 10 4 270
33 39 2 2 9
33 40 9 2 22
33 41 9 3 50
33 42 5 3 59
33 43 1 5 423
33 44 4 4 160
33 45 6 3 43
33 46 9 3 183
33 47 2 3 42
33 48 3 6 5890
33 49 5 3 31
33 50 3 4 180
33 51 7 4 240
33 52 9 4 334
33 53 2 4 69
33 54 9 3 51
33 55 3 4 245
33 56 9 4 391
33 57 3 4 305
33 58 10 2 47
33 59 2 6 3786
33 60 5 3 39
33 61 8 3 47
33 62 8 2 31
33 63 6 2 24
34 0 3 3 54
34 1 2 4 138
34 2 7 4 289
34 3 8 2 35
34 4 6 3 63
34 5 9 3 80
34 6 4 3 59
34 7 3 3 33
34 8 10 3 145
34 9 9 3 49
34 10 1 5 218
34 11 6 3 47
34 12 9 7 57999
34 13 8 2 37
34 14 3 3 60
34 15 5 4 151
34 16 10 2 37
34 17 7 5 1062
34 18 3 3 23
34 19 6 3 113
34 20 7 4 556
34 21 1 4 75
34 22 2 4 46
34 23 7 6 9949
34 24 3 4 190
34 25 8 3 48
34 26 7 4 440
34 27 7 3 92
34 28 10 3 78
34 29 6 4 234
34 30 5 3 34
34 31 4 4 89
34 32 8 4 290
34 33 2 4 64
34 34 10 3 60
34 35 4 5 1823
34 36 10 2 53
34 37 1 4 89
34 38 6 6 14236
34 39 8 5 3284
34 40 8 2 26
34 41 8 4 878
34 42 6 5 3516
34 43 4 5 1011
34 44 5 5 959
34 45 9 3 179
34 46 7 5 906
34 47 1 6 2068
34 48 2 5 229
34 49 5 3 56
34 50 10 3 60
34 51 10 1 12
34 52 5 4 284
34 53 6 5 1085
34 54 4 3 73
34 55 4 6 3186
34 56 3 3 64
34 57 1 4 63
34 58 5 4 153
34 59 7 6 8179
34 60 6 5 1554
34 61 10 3 105
34 62 2 4 59
34 63 1 5 150
35 0 6 2 25
35 1 9 3 130
35 2 4 3 28
35 3 2 5 602
35 4 5 3 58
35 5 1 5 215
35 6 2 5 1005
35 7 6 4 359
35 8 2 4 118
35 9 6 3 106
35 10 5 4 147
35 11 4 4 213
35 12 6 3 41
35 13 9 4 319
35 14 6 3 64
35 15 3 2 6
35 16 5 3 73
35 17 3 5 1894
35 18 9 5 1638
35 19 2 3 38
35 20 1 4 64
35 21 1 4 51
35 22 10 3 219
35 23 3 5 747
35 24 2 5 888
35 25 1 4 65
35 26 1 5 194
35 27 4 3 34
35 28 2 5 960
35 29 3 5 489
35 30 3 4 99
35 31 9 2 43
35 32 5 2 17
35 33 10 4 286
35 34 7 3 39
35 35 3 5 1899
35 36 10 2 42
35 37 6 3 36
35 38 6 3 45
35 39 10 3 81
35 40 5 3 86
35 41 7 3 41
35 42 1 5 267
35 43 7 2 36
35 44 6 4 175
35 45 6 2 23
35 46 5 3 89
35 47 2 3 27
35 48 10 6 16400
35 49 4 4 198
35 50 9 2 43
35 51 4 2 20
35 52 1 5 149
35 53 7 4 221
35 54 1 4 27
35 55 2 4 69
35 56 9 3 123
35 57 3 4 169
35 58 3 4 197
35 59 8 3 114
35 60 8 5 1455
35 61 5 4 161
35 62 9 3 166
35 63 4 4 313
36 0 7 3 148
36 1 4 3 42
36 2 5 4 163
36 3 2 5 258
36 4 6 2 17
36 5 3 4 169
36 6 3 4 122
36 7 2 3 32
36 8 2 5 378
36 9 3 3 24
36 10 8 2 33
36 11 2 4 124
36 12 8 2 32
36 13 6 4 246
36 14 4 4 425
36 15 10 3 93
36 16 9 3 151
36 17 6 4 210
36 18 3 3 18
36 19 9 5 1046
36 20 10 3 60
36 21 7 2 33
36 22 5 4 473
36 23 10 3 200
36 24 1 4 27
36 25 6 6 4752
36 26 10 2 48
36 27 8 3 44
36 28 6 4 660
36 29 3 3 26
36 30 4 3 23
36 31 6 6 4994
36 32 4 5 723
36 33 6 2 23
36 34 3 4 313
36 35 3 3 33
36 36 9 4 288
36 37 5 3 29
36 38 1 5 176
36 39 8 2 34
36 40 2 6 2840
36 41 1 6 2723
36 42 4 5 987
36 43 5 4 225
36 44 1 4 58
36 45 7 3 110
36 46 1 4 25
36 47 10 3 192
36 48 1 5 297
36 49 4 4 297
36 50 8 3 133
36 51 7 4 632
36 52 1 7 19717
36 53 8 2 40
36 54 1 5 154
36 55 7 3 42
36 56 10 3 136
36 57 6 2 26
36 58 2 5 401
36 59 10 3 92
36 60 2 5 612
36 61 10 3 121
36 62 2 4 111
36 63 5 2 12
37 0 10 3 208
37 1 9 4 215
37 2 6 2 20
37 3 5 3 27
37 4 2 4 58
37 5 5 4 173
37 6 1 5 233
37 7 4 3 27
37 8 2 5 238
37 9 6 3 70
37 10 9 3 110
37 11 10 4 279
37 12 5 3 63
37 13 2 4 57
37 14 7 4 634
37 15 4 3 39
37 16 1 4 59
37 17 6 5 1276
37 18 6 3 110
37 19 8 5 2580
37 20 3 3 24
37 21 8 3 65
37 22 6 5 1241
37 23 9 4 276
37 24 10 5 1331
37 25 8 4 333
37 26 9 4 225
37 27 6 4 396
37 28 5 5 880
37 29 5 3 28
37 30 5 3 59
37 31 10 3 75
37 32 7 2 19
37 33 4 3 31
37 34 3 3 40
37 35 3 5 1673
37 36 10 2 21
37 37 2 5 396
37 38 1 5 188
37 39 6 4 252
37 40 1 5 334
37 41 1 3 15
37 42 9 2 36
37 43 9 1 15
37 44 2 4 136
37 45 7 3 54
37 46 5 4 226
37 47 3 4 275
37 48 10 3 77
37 49 4 4 146
37 50 1 4 79
37 51 1 4 76
37 52 6 6 14352
37 53 9 5 2542
37 54 3 4 149
37 55 10 3 180
37 56 3 3 47
37 57 7 4 303
37 58 8 3 146
37 59 7 2 31
37 60 10 3 97
37 61 10 2 39
37 62 8 3 78
37 63 9 2 21
38 0 3 4 139
38 1 1 4 33
38 2 10 3 94
38 3 1 5 455
38 4 9 3 79
38 5 4 4 135
38 6 7 2 27
38 7 2 6 3907
38 8 6 4 347
38 9 10 4 468
38 10 10 3 146
38 11 8 1 14
38 12 7 6 6124
38 13 1 5 199
38 14 10 2 42
38 15 3 3 40
38 16 7 3 57
38 17 8 3 66
38 18 10 5 4162
38 19 4 5 1767
38 20 8 4 372
38 21 7 3 55
38 22 10 4 483
38 23 9 5 1790
38 24 9 3 145
38 25 10 3 156
38 26 3 4 93
38 27 8 5 1395
38 28 5 4 279
38 29 10 6 8948
38 30 8 7 122585
38 31 1 5 398
38 32 9 3 196
38 33 2 4 140
38 34 4 5 1761
38 35 5 3 46
38 36 7 3 148
38 37 10 2 38
38 38 2 4 125
38 39 7 3 81
38 40 6 3 77
38 41 5 5 906
38 42 3 4 126
38 43 7 4 386
38 44 5 3 39
38 45 4 4 113
38 46 9 4 574
38 47 7 3 104
38 48 5 4 179
38 49 2 4 73
38 50 4 3 26
38 51 9 4 886
38 52 1 5 494
38 53 1 3 16
38 54 2 6 4704
38 55 9 4 243
38 56 3 5 362
38 57 7 3 116
38 58 6 3 52
38 59 6 3 76
38 60 8 3 125
38 61 10 2 37
38 62 2 4 131
38 63 10 2 48
39 0 10 3 197
39 1 1 4 29
39 2 5 4 270
39 3 3 4 86
39 4 5 2 10
39 5 8 2 23
39 6 10 3 71
39 7 7 3 62
39 8 4 4 205
39 9 1 4 23
39 10 1 4 95
39 11 2 4 91
39 12 7 3 42
39 13 4 4 258
39 14 8 4 412
39 15 4 6 7639
39 16 5 5 2343
39 17 9 3 116
39 18 8 6 29124
39 19 7 2 17
39 20 6 3 35
39 21 7 2 26
39 22 9 3 89
39 23 10 6 16616
39 24 7 5 1817
39 25 10 3 131
39 26 1 6 2428
39 27 2 4 64
39 28 4 2 9
39 29 4 3 26
39 30 8 2 23
39 31 2 4 102
39 32 9 1 10
39 33 10 1 12
39 34 4 4 109
39 35 5 5 2015
39 36 7 3 46
39 37 9 3 63
39 38 2 5 401
39 39 7 4 215
39 40 10 2 20
39 41 4 2 12
39 42 1 4 95
39 43 3 7 66983
39 44 10 5 2090
39 45 5 3 31
39 46 7 3 147
39 47 2 4 203
39 48 4 4 236
39 49 1 6 930
39 50 6 3 92
39 51 8 2 26
39 52 10 3 73
39 53 7 3 102
39 54 2 3 28
39 55 3 3 36
39 56 6 3 60
39 57 8 2 28
39 58 4 3 57
39 59 10 3 133
39 60 10 2 30
39 61 3 3 50
39 62 3 3 43
39 63 3 4 193
40 0 4 3 71
40 1 10 2 34
40 2 6 4 225
40 3 6 3 41
40 4 4 4 160
40 5 9 3 48
40 6 3 3 50
40 7 6 4 253
40 8 9 5 1137
40 9 5 8 1577858
40 10 4 3 36
40 11 5 4 438
40 12 4 3 55
40 13 5 7 31132
40 14 8 4 246
40 15 6 3 72
40 16 1 6 1117
40 17 6 3 41
40 18 10 5 1230
40 19 5 4 184
40 20 2 5 950
40 21 2 4 202
40 22 8 5 1864
40 23 6 2 24
40 24 6 3 84
40 25 9 2 47
40 26 3 3 27
40 27 9 5 5610
40 28 10 3 124
40 29 9 2 30
40 30 5 6 4339
40 31 9 4 450
40 32 10 1 12
40 33 1 4 73
40 34 2 4 91
40 35 6 3 37
40 36 5 3 73
40 37 9 3 144
40 38 8 3 70
40 39 2 5 996
40 40 6 4 676
40 41 1 6 1207
40 42 1 5 181
40 43 8 4 317
40 44 5 3 102
40 45 5 5 2620
40 46 8 2 20
40 47 7 2 30
40 48 3 4 129
40 49 4 3 24
40 50 4 7 123532
40 51 9 3 142
40 52 5 2 19
40 53 10 3 72
40 54 6 4 291
40 55 10 2 45
40 56 5 5 1234
40 57 3 6 3327
40 58 1 5 243
40 59 2 3 40
40 60 2 3 37
40 61 8 4 445
40 62 7 3 56
40 63 7 4 169
41 0 6 4 482
41 1 8 2 30
41 2 10 5 1136
41 3 10 6 28458
41 4 3 4 224
41 5 7 3 96
41 6 6 3 129
41 7 4 5 2219
41 8 6 3 87
41 9 10 6 13089
41 10 1 4 27
41 11 5 6 7754
41 12 7 3 150
41 13 1 6 910
41 14 10 3 145
41 15 6 7 175334
41 16 2 5 625
41 17 6 4 231
41 18 8 3 55
41 19 1 4 50
41 20 8 4 312
41 21 6 3 80
41 22 8 2 34
41 23 10 3 204
41 24 7 3 38
41 25 6 3 48
41 26 8 4 434
41 27 7 4 443
41 28 7 1 6
41 29 7 5 2786
41 30 1 5 211
41 31 5 3 46
41 32 2 4 70
41 33 3 3 29
41 34 4 4 332
41 35 7 4 181
41 36 7 3 94
41 37 4 2 21
41 38 3 6 3062
41 39 4 3 52
41 40 10 2 42
41 41 6 3 80
41 42 6 3 124
41 43 1 3 15
41 44 9 3 94
41 45 6 4 276
41 46 6 2 17
41 47 5 2 20
41 48 3 6 6045
41 49 4 3 31
41 50 5 3 100
41 51 1 5 561
41 52 9 6 17509
41 53 7 4 204
41 54 9 2 30
41 55 10 5 1916
41 56 3 5 745
41 57 1 5 295
41 58 5 3 39
41 59 8 4 435
41 60 8 2 40
41 61 4 4 116
41 62 4 4 291
41 63 10 2 35
42 0 1 4 98
42 1 10 2 30
42 2 2 3 22
42 3 5 1 8
42 4 6 1 8
42 5 7 4 176
42 6 7 5 2741
42 7 2 4 119
42 8 3 3 53
42 9 1 4 111
42 10 4 3 49
42 11 10 1 14
42 12 5 6 18494
42 13 3 3 39
42 14 9 2 22
42 15 7 3 41
42 16 10 4 550
42 17 2 4 146
42 18 5 7 65041
42 19 5 1 6
42 20 4 6 19187
42 21 2 4 60
42 22 1 6 866
42 23 10 5 1588
42 24 3 3 19
42 25 1 4 40
42 26 1 5 354
42 27 4 5 1977
42 28 6 3 64
42 29 10 1 7
42 30 7 2 36
42 31 4 4 158
42 32 9 2 24
42 33 2 4 66
42 34 3 4 93
42 35 8 4 212
42 36 7 3 124
42 37 6 3 40
42 38 4 4 117
42 39 10 3 137
42 40 8 5 1279
42 41 2 5 299
42 42 2 3 29
42 43 8 3 75
42 44 9 2 24
42 45 3 5 616
42 46 3 5 399
42 47 4 4 92
42 48 3 5 1759
42 49 3 3 19
42 50 7 2 14
42 51 8 4 394
42 52 10 2 28
42 53 1 4 30
42 54 6 3 36
42 55 7 2 28
42 56 8 4 253
42 57 8 1 13
42 58 1 6 2989
42 59 7 8 292373
42 60 4 3 47
42 61 3 4 306
42 62 8 3 152
42 63 9 3 120
43 0 7 2 27
43 1 7 5 1162
43 2 7 3 133
43 3 2 4 209
43 4 7 4 208
43 5 7 3 141
43 6 7 3 45
43 7 8 2 30
43 8 6 4 381
43 9 10 3 57
43 10 7 1 7
43 11 3 3 30
43 12 5 5 2722
43 13 1 5 679
43 14 8 6 10629
43 15 10 5 2815
43 16 9 4 528
43 17 9 3 58
43 18 8 3 73
43 19 1 4 35
43 20 9 1 7
43 21 1 5 232
43 22 3 4 69
43 23 3 5 404
43 24 6 5 1733
43 25 10 3 102
43 26 4 3 72
43 27 7 4 235
43 28 5 6 4461
43 29 3 5 762
43 30 4 4 297
43 31 2 8 216108
43 32 7 4 215
43 33 10 3 81
43 34 10 4 223
43 35 6 4 204
43 36 5 4 237
43 37 2 4 181
43 38 9 4 249
43 39 7 3 47
43 40 8 3 48
43 41 1 4 63
43 42 5 3 79
43 43 3 3 42
43 44 1 4 34
43 45 4 3 70
43 46 4 4 241
43 47 2 3 42
43 48 6 3 117
43 49 4 3 27
43 50 9 2 35
43 51 7 5 4574
43 52 4 5 1074
43 53 4 5 593
43 54 9 2 28
43 55 3 4 70
43 56 10 4 677
43 57 6 3 104
43 58 9 3 55
43 59 3 5 1069
43 60 5 3 62
43 61 5 4 171
43 62 4 4 361
43 63 5 5 2770
44 0 9 3 136
44 1 3 4 112
44 2 4 4 393
44 3 1 5 125
44 4 6 4 228
44 5 1 5 256
44 6 3 4 75
44 7 6 4 213
44 8 7 4 239
44 9 1 5 586
44 10 2 5 882
44 11 6 3 39
44 12 5 5 2501
44 13 3 6 3013
44 14 1 4 59
44 15 4 6 11462
44 16 7 3 50
44 17 1 4 40
44 18 3 3 31
44 19 5 5 636
44 20 2 4 115
44 21 7 3 57
44 22 5 3 64
44 23 6 2 11
44 24 9 6 7527
44 25 1 5 324
44 26 6 3 62
44 27 8 5 3536
44 28 6 3 46
44 29 4 3 59
44 30 6 4 285
44 31 2 4 99
44 32 6 3 51
44 33 10 1 17
44 34 9 3 135
44 35 6 3 126
44 36 3 5 342
44 37 6 6 15723
44 38 10 3 68
44 39 4 4 246
44 40 2 4 64
44 41 4 3 63
44 42 9 3 88
44 43 3 4 134
44 44 4 3 56
44 45 6 4 571
44 46 6 4 182
44 47 9 3 189
44 48 9 3 55
44 49 1 5 399
44 50 8 4 198
44 51 6 4 548
44 52 3 3 44
44 53 4 4 346
44 54 5 6 11889
44 55 3 4 160
44 56 10 3 64
44 57 3 4 243
44 58 8 4 263
44 59 9 2 34
44 60 1 6 2125
44 61 5 4 332
44 62 9 3 113
44 63 8 4 417
45 0 4 5 1507
45 1 7 3 40
45 2 6 4 294
45 3 6 4 295
45 4 8 5 988
45 5 9 3 70
45 6 2 4 67
45 7 7 3 61
45 8 7 3 56
45 9 7 2 25
45 10 3 3 16
45 11 10 3 114
45 12 8 2 15
45 13 3 5 553
45 14 6 3 78
45 15 9 4 203
45 16 7 5 4388
45 17 2 4 114
45 18 4 3 33
45 19 9 2 40
45 20 6 2 16
45 21 4 5 924
45 22 7 4 290
45 23 5 3 29
45 24 8 4 293
45 25 10 2 45
45 26 1 4 62
45 27 10 4 1102
45 28 6 2 26
45 29 7 5 1300
45 30 2 4 192
45 31 10 3 102
45 32 1 4 44
45 33 10 4 651
45 34 4 3 46
45 35 10 4 694
45 36 10 4 817
45 37 5 4 495
45 38 5 2 21
45 39 2 3 44
45 40 10 3 142
45 41 2 3 40
45 42 1 6 1205
45 43 2 4 135
45 44 3 3 52
45 45 10 2 31
45 46 1 4 57
45 47 6 4 543
45 48 3 3 52
45 49 9 3 49
45 50 10 3 58
45 51 9 3 59
45 52 8 3 102
45 53 4 6 4768
45 54 1 5 214
45 55 9 4 342
45 56 7 3 119
45 57 3 6 3169
45 58 4 3 39
45 59 8 3 136
45 60 1 7 5285
45 61 6 3 128
45 62 9 3 53
45 63 3 4 225
46 0 10 3 92
46 1 6 3 119
46 2 4 3 49
46 3 5 3 37
46 4 3 4 85
46 5 5 5 1067
46 6 2 6 5561
46 7 9 3 178
46 8 10 3 150
46 9 10 7 74564
46 10 6 4 543
46 11 3 6 2628
46 12 10 5 1624
46 13 9 3 50
46 14 9 3 93
46 15 9 4 262
46 16 5 4 121
46 17 10 2 23
46 18 5 3 36
46 19 10 2 35
46 20 8 2 18
46 21 9 3 188
46 22 8 2 30
46 23 2 4 145
46 24 10 2 18
46 25 10 3 187
46 26 2 3 39
46 27 10 3 116
46 28 6 4 149
46 29 7 7 112171
46 30 7 2 21
46 31 1 6 1810
46 32 4 5 836
46 33 6 5 1241
46 34 6 5 705
46 35 5 4 213
46 36 1 4 34
46 37 9 5 2091
46 38 6 3 72
46 39 6 3 95
46 40 4 5 1984
46 41 6 4 154
46 42 10 3 65
46 43 3 4 156
46 44 6 3 33
46 45 1 4 42
46 46 7 1 12
46 47 4 3 74
46 48 8 2 40
46 49 3 4 94
46 50 1 8 43558
46 51 8 4 777
46 52 9 2 41
46 53 5 2 25
46 54 1 3 19
46 55 4 5 2058
46 56 6 5 909
46 57 7 3 60
46 58 3 5 519
46 59 1 6 2557
46 60 1 4 27
46 61 2 4 110
46 62 5 2 20
46 63 3 4 115
47 0 10 2 21
47 1 10 4 641
47 2 9 5 1609
47 3 7 3 138
47 4 4 3 69
47 5 10 4 321
47 6 4 3 44
47 7 7 3 41
47 8 6 4 555
47 9 1 6 738
47 10 10 2 20
47 11 5 4 116
47 12 5 3 36
47 13 7 3 53
47 14 9 1 15
47 15 6 3 58
47 16 4 2 16
47 17 10 7 309604
47 18 9 3 67
47 19 10 3 100
47 20 10 5 1181
47 21 1 7 5740
47 22 4 3 51
47 23 4 3 85
47 24 10 4 468
47 25 5 4 283
47 26 5 4 414
47 27 4 3 40
47 28 10 3 95
47 29 10 4 781
47 30 6 4 171
47 31 1 4 93
47 32 1 4 41
47 33 2 6 6437
47 34 6 5 1616
47 35 8 4 291
47 36 10 3 188
47 37 2 4 208
47 38 1 7 5508
47 39 8 3 49
47 40 6 2 31
47 41 8 3 78
47 42 7 3 75
47 43 3 3 23
47 44 6 3 34
47 45 8 2 16
47 46 5 2 17
47 47 8 1 11
47 48 10 2 24
47 49 7 5 1058
47 50 9 3 132
47 51 6 3 46
47 52 6 3 60
47 53 7 5 1244
47 54 5 4 138
47 55 8 5 2821
47 56 7 4 309
47 57 3 3 26
47 58 5 5 933
47 59 2 5 259
47 60 1 7 22531
47 61 4 3 85
47 62 9 2 30
47 63 1 6 4459
48 0 10 2 19
48 1 1 4 24
48 2 5 4 160
48 3 7 3 98
48 4 5 2 14
48 5 7 2 19
48 6 8 4 293
48 7 6 4 138
48 8 1 4 44
48 9 5 2 25
48 10 8 2 20
48 11 4 3 41
48 12 2 4 54
48 13 1 5 137
48 14 9 3 81
48 15 1 4 50
48 16 7 7 91908
48 17 5 4 135
48 18 7 6 7247
48 19 6 5 1481
48 20 4 3 39
48 21 2 3 23
48 22 8 3 136
48 23 10 3 78
48 24 5 4 187
48 25 7 2 16
48 26 3 6 9229
48 27 9 2 30
48 28 1 5 465
48 29 7 3 50
48 30 7 3 48
48 31 2 5 516
48 32 1 5 152
48 33 10 2 28
48 34 10 4 342
48 35 5 5 1562
48 36 7 5 2326
48 37 5 3 61
48 38 8 4 241
48 39 5 4 165
48 40 8 3 56
48 41 2 3 25
48 42 8 3 53
48 43 9 2 21
48 44 6 5 1172
48 45 4 4 192
48 46 5 3 41
48 47 1 5 140
48 48 10 2 28
48 49 7 3 144
48 50 1 4 39
48 51 9 2 26
48 52 7 3 95
48 53 2 4 134
48 54 10 4 564
48 55 6 3 51
48 56 9 4 267
48 57 2 6 1561
48 58 2 5 510
48 59 10 3 182
48 60 5 3 50
48 61 8 5 3319
48 62 1 4 28
48 63 8 4 615
49 0 8 4 536
49 1 7 5 960
49 2 6 3 70
49 3 2 3 42
49 4 6 4 349
49 5 5 2 24
49 6 8 3 71
49 7 6 3 42
49 8 6 3 70
49 9 2 6 2467
49 10 9 2 20
49 11 3 4 273
49 12 6 3 48
49 13 5 6 9747
49 14 5 6 5194
49 15 8 3 79
49 16 2 4 164
49 17 7 3 142
49 18 7 2 27
49 19 6 4 600
49 20 6 3 39
49 21 6 5 3604
49 22 5 4 548
49 23 3 5 1653
49 24 2 3 35
49 25 10 4 247
49 26 4 4 166
49 27 2 3 42
49 28 7 3 122
49 29 10 3 59
49 30 2 4 130
49 31 2 5 365
49 32 5 5 1066
49 33 5 3 48
49 34 4 5 1789
49 35 10 5 2022
49 36 1 4 38
49 37 6 4 207
49 38 1 5 239
49 39 7 4 720
49 40 3 3 22
49 41 9 3 110
49 42 3 3 16
49 43 10 3 61
49 44 4 4 257
49 45 2 4 50
49 46 9 2 44
49 47 6 4 277
49 48 1 4 39
49 49 10 5 2640
49 50 8 6 6795
49 51 10 2 32
49 52 9 5 2878
49 53 7 3 154
49 54 5 3 44
49 55 9 2 31
49 56 4 4 437
49 57 1 5 172
49 58 5 4 380
49 59 10 5 1470
49 60 10 3 99
49 61 6 5 965
49 62 10 2 26
49 63 7 3 42
50 0 9 6 19790
50 1 4 3 50
50 2 4 5 2116
50 3 5 5 1986
50 4 7 3 87
50 5 5 3 29
50 6 3 4 106
50 7 5 3 90
50 8 1 7 8625
50 9 6 3 39
50 10 9 2 36
50 11 5 7 42238
50 12 7 3 65
50 13 3 6 6722
50 14 10 3 137
50 15 7 3 93
50 16 5 4 135
50 17 4 4 184
50 18 1 6 1654
50 19 1 5 318
50 20 2 5 1098
50 21 1 5 324
50 22 5 5 873
50 23 2 5 296
50 24 10 2 48
50 25 1 5 393
50 26 6 4 222
50 27 4 5 967
50 28 7 3 66
50 29 7 3 85
50 30 8 2 28
50 31 4 3 77
50 32 1 5 157
50 33 4 3 38
50 34 4 3 41
50 35 3 4 161
50 36 9 5 1032
50 37 3 4 122
50 38 3 4 75
50 39 10 3 113
50 40 1 4 26
50 41 2 5 462
50 42 7 3 101
50 43 7 4 649
50 44 4 3 31
50 45 7 5 2084
50 46 5 4 354
50 47 7 3 48
50 48 2 7 66195
50 49 4 4 136
50 50 1 5 130
50 51 6 3 49
50 52 4 5 2537
50 53 2 3 33
50 54 2 4 103
50 55 6 3 60
50 56 9 4 236
50 57 7 2 37
50 58 10 4 943
50 59 7 3 113
50 60 8 3 67
50 61 8 4 374
50 62 1 4 57
50 63 5 4 170
51 0 5 4 218
51 1 10 5 1371
51 2 2 5 252
51 3 3 4 132
51 4 6 2 30
51 5 7 4 314
51 6 1 4 50
51 7 9 2 41
51 8 2 5 312
51 9 4 3 78
51 10 1 4 42
51 11 1 3 9
51 12 6 3 60
51 13 7 3 140
51 14 8 3 120
51 15 7 3 127
51 16 8 2 28
51 17 3 5 1033
51 18 1 6 774
51 19 10 3 147
51 20 5 4 317
51 21 9 4 298
51 22 6 3 39
51 23 4 4 362
51 24 4 5 554
51 25 3 4 143
51 26 2 5 258
51 27 8 2 26
51 28 9 2 43
51 29 3 3 40
51 30 1 4 36
51 31 1 4 33
51 32 7 4 612
51 33 3 3 27
51 34 10 3 76
51 35 5 3 41
51 36 4 3 72
51 37 10 2 31
51 38 2 4 79
51 39 9 2 35
51 40 4 7 97559
51 41 4 5 1922
51 42 1 4 37
51 43 5 3 75
51 44 7 2 22
51 45 2 4 190
51 46 1 4 71
51 47 8 4 332
51 48 2 4 80
51 49 9 3 56
51 50 6 3 52
51 51 5 3 72
51 52 6 2 26
51 53 6 3 94
51 54 5 3 61
51 55 5 5 590
51 56 5 3 46
51 57 8 4 528
51 58 3 4 111
51 59 6 5 1619
51 60 1 5 606
51 61 1 6 1638
51 62 6 4 156
51 63 3 4 185
52 0 9 3 124
52 1 3 4 161
52 2 8 3 59
52 3 10 3 144
52 4 5 4 423
52 5 5 3 73
52 6 7 4 200
52 7 7 4 213
52 8 10 4 1070
52 9 6 3 125
52 10 2 4 209
52 11 9 4 434
52 12 4 4 347
52 13 7 4 274
52 14 7 5 1048
52 15 1 6 1718
52 16 8 1 8
52 17 9 3 151
52 18 9 4 628
52 19 9 3 159
52 20 9 4 847
52 21 7 3 42
52 22 5 4 141
52 23 6 3 43
52 24 5 6 11187
52 25 2 5 1011
52 26 8 3 49
52 27 9 4 242
52 28 7 6 5597
52 29 1 6 1044
52 30 9 3 66
52 31 9 4 527
52 32 7 4 358
52 33 9 3 59
52 34 4 4 119
52 35 7 3 115
52 36 8 4 200
52 37 3 4 116
52 38 8 3 80
52 39 3 3 22
52 40 2 3 37
52 41 5 3 44
52 42 3 4 222
52 43 2 3 44
52 44 10 5 1274
52 45 10 2 34
52 46 10 3 175
52 47 7 3 101
52 48 6 4 189
52 49 4 3 25
52 50 5 5 1241
52 51 4 5 1025
52 52 9 1 12
52 53 2 4 79
52 54 6 3 43
52 55 2 5 441
52 56 2 6 2151
52 57 3 5 803
52 58 5 3 41
52 59 1 4 33
52 60 6 3 43
52 61 7 3 45
52 62 10 3 137
52 63 6 3 40
53 0 10 3 57
53 1 6 4 196
53 2 1 5 187
53 3 4 4 92
53 4 7 2 20
53 5 6 3 56
53 6 9 3 110
53 7 10 4 1049
53 8 4 3 40
53 9 7 2 16
53 10 6 3 39
53 11 2 3 39
53 12 3 5 356
53 13 5 3 36
53 14 10 5 2208
53 15 3 3 51
53 16 10 6 29225
53 17 9 3 51
53 18 6 3 65
53 19 2 4 146
53 20 10 2 32
53 21 9 4 311
53 22 1 6 915
53 23 6 3 93
53 24 10 2 40
53 25 6 5 1391
53 26 5 5 2764
53 27 5 3 85
53 28 4 3 84
53 29 8 3 74
53 30 6 4 291
53 31 5 6 3551
53 32 3 4 167
53 33 6 4 254
53 34 2 3 23
53 35 2 3 31
53 36 4 2 19
53 37 7 2 37
53 38 6 2 15
53 39 6 4 253
53 40 1 4 78
53 41 1 5 192
53 42 3 4 197
53 43 3 4 79
53 44 7 3 41
53 45 2 4 56
53 46 8 5 4427
53 47 7 5 3846
53 48 2 3 26
53 49 4 6 5766
53 50 6 3 62
53 51 7 1 6
53 52 8 5 1001
53 53 2 6 1610
53 54 3 3 36
53 55 8 4 582
53 56 1 5 144
53 57 1 4 57
53 58 8 7 168778
53 59 6 4 184
53 60 10 4 292
53 61 4 3 36
53 62 7 4 342
53 63 3 5 356
54 0 6 3 44
54 1 2 4 84
54 2 7 4 226
54 3 3 3 41
54 4 10 5 1524
54 5 7 3 72
54 6 10 3 54
54 7 5 3 48
54 8 2 4 204
54 9 10 2 37
54 10 4 3 47
54 11 5 4 336
54 12 1 5 227
54 13 5 5 872
54 14 9 3 171
54 15 1 5 331
54 16 3 4 247
54 17 2 4 63
54 18 3 4 203
54 19 4 4 151
54 20 5 4 455
54 21 1 4 23
54 22 10 3 58
54 23 6 4 466
54 24 4 4 165
54 25 1 4 41
54 26 8 3 47
54 27 3 3 46
54 28 3 3 18
54 29 2 4 47
54 30 5 3 44
54 31 1 4 83
54 32 7 3 43
54 33 5 3 63
54 34 4 4 323
54 35 7 2 25
54 36 5 4 136
54 37 10 2 44
54 38 9 4 231
54 39 6 3 77
54 40 3 5 748
54 41 8 6 6615
54 42 10 2 33
54 43 7 4 637
54 44 9 3 109
54 45 4 4 156
54 46 1 3 17
54 47 3 3 44
54 48 3 3 35
54 49 9 3 55
54 50 5 2 24
54 51 7 3 79
54 52 8 4 219
54 53 8 5 2950
54 54 3 4 122
54 55 2 4 174
54 56 7 4 255
54 57 7 2 20
54 58 9 4 269
54 59 9 3 186
54 60 7 3 86
54 61 3 5 1540
54 62 5 4 550
54 63 5 4 132
55 0 5 4 132
55 1 1 5 236
55 2 9 3 69
55 3 3 4 278
55 4 8 3 54
55 5 3 3 61
55 6 1 6 4502
55 7 3 4 222
55 8 1 6 3585
55 9 10 5 1210
55 10 6 4 290
55 11 3 3 44
55 12 8 3 143
55 13 2 4 180
55 14 7 5 1628
55 15 6 4 137
55 16 6 4 273
55 17 4 5 2096
55 18 9 3 52
55 19 8 3 49
55 20 6 4 381
55 21 1 4 28
55 22 10 2 51
55 23 1 5 256
55 24 5 4 157
55 25 2 5 651
55 26 2 4 166
55 27 9 5 1234
55 28 5 4 430
55 29 6 3 125
55 30 3 4 184
55 31 8 3 56
55 32 3 5 913
55 33 5 4 523
55 34 1 5 286
55 35 7 3 87
55 36 5 3 65
55 37 7 2 33
55 38 1 5 175
55 39 4 4 202
55 40 9 4 773
55 41 2 4 90
55 42 7 3 38
55 43 1 5 371
55 44 9 3 83
55 45 4 5 523
55 46 8 3 71
55 47 9 3 139
55 48 4 4 209
55 49 8 4 614
55 50 4 3 87
55 51 3 4 71
55 52 1 4 51
55 53 1 5 115
55 54 5 4 340
55 55 10 4 434
55 56 5 3 93
55 57 4 5 690
55 58 2 5 509
55 59 6 3 76
55 60 6 3 46
55 61 4 3 44
55 62 1 6 735
55 63 4 4 120
56 0 4 3 47
56 1 10 3 120
56 2 9 3 69
56 3 3 4 84
56 4 4 3 33
56 5 7 6 4990
56 6 9 3 74
56 7 1 6 1026
56 8 10 2 45
56 9 7 6 27573
56 10 1 3 9
56 11 1 6 982
56 12 5 4 489
56 13 6 4 247
56 14 10 2 32
56 15 9 6 8844
56 16 3 4 184
56 17 6 6 4511
56 18 7 3 103
56 19 1 4 28
56 20 3 5 736
56 21 7 4 206
56 22 10 3 195
56 23 3 7 72433
56 24 10 2 29
56 25 8 4 510
56 26 4 5 523
56 27 2 4 200
56 28 4 2 21
56 29 5 4 196
56 30 3 4 98
56 31 3 4 293
56 32 2 3 17
56 33 5 3 75
56 34 4 5 1530
56 35 5 3 36
56 36 8 2 41
56 37 2 6 2778
56 38 2 5 403
56 39 5 6 5317
56 40 3 3 29
56 41 3 4 113
56 42 7 5 839
56 43 5 5 2539
56 44 10 3 205
56 45 5 3 96
56 46 3 5 803
56 47 2 4 62
56 48 5 3 55
56 49 10 3 199
56 50 1 5 248
56 51 6 3 32
56 52 4 6 10957
56 53 1 4 25
56 54 5 5 826
56 55 9 6 6479
56 56 1 4 35
56 57 1 4 85
56 58 10 3 124
56 59 5 3 91
56 60 9 5 3560
56 61 6 3 80
56 62 9 1 15
56 63 4 3 59
57 0 2 3 40
57 1 9 3 109
57 2 2 4 70
57 3 7 2 20
57 4 5 4 535
57 5 8 5 4999
57 6 8 4 203
57 7 5 3 108
57 8 10 6 8742
57 9 9 4 334
57 10 4 3 50
57 11 8 4 414
57 12 4 4 126
57 13 10 5 4358
57 14 4 4 416
57 15 7 2 26
57 16 8 4 365
57 17 3 4 128
57 18 8 2 42
57 19 8 4 651
57 20 4 4 279
57 21 5 3 68
57 22 8 3 69
57 23 1 4 104
57 24 3 5 852
57 25 10 2 24
57 26 9 4 227
57 27 1 4 60
57 28 2 4 61
57 29 7 6 15213
57 30 10 4 539
57 31 6 3 46
57 32 2 4 56
57 33 5 5 579
57 34 7 4 198
57 35 6 4 242
57 36 9 3 87
57 37 6 3 103
57 38 1 6 1337
57 39 8 3 69
57 40 1 5 322
57 41 10 5 1873
57 42 8 2 42
57 43 4 4 93
57 44 4 4 120
57 45 4 2 20
57 46 8 2 15
57 47 1 6 3534
57 48 6 5 1476
57 49 1 6 1302
57 50 3 3 43
57 51 1 4 68
57 52 5 3 50
57 53 4 3 42
57 54 3 4 232
57 55 4 4 402
57 56 1 4 74
57 57 10 6 10275
57 58 7 3 55
57 59 2 3 23
57 60 8 4 201
57 61 7 2 22
57 62 10 3 110
57 63 7 4 162
58 0 5 5 611
58 1 8 4 425
58 2 8 3 106
58 3 7 4 294
58 4 9 3 184
58 5 9 3 50
58 6 8 3 67
58 7 3 6 9425
58 8 10 3 69
58 9 2 5 342
58 10 6 4 165
58 11 6 2 22
58 12 6 4 334
58 13 5 3 37
58 14 9 4 210
58 15 4 3 42
58 16 6 4 156
58 17 2 5 437
58 18 3 3 39
58 19 5 3 96
58 20 1 5 264
58 21 5 3 94
58 22 1 4 49
58 23 5 3 58
58 24 8 4 573
58 25 7 3 96
58 26 9 2 23
58 27 4 5 984
58 28 6 2 30
58 29 6 3 59
58 30 1 6 3423
58 31 5 3 52
58 32 8 3 118
58 33 3 3 65
58 34 1 5 420
58 35 2 5 621
58 36 2 3 31
58 37 10 5 1140
58 38 2 4 61
58 39 1 5 616
58 40 6 2 15
58 41 6 4 224
58 42 1 5 160
58 43 9 2 28
58 44 5 3 65
58 45 8 3 62
58 46 1 6 1146
58 47 5 3 77
58 48 10 2 18
58 49 9 3 57
58 50 7 3 52
58 51 1 5 329
58 52 4 3 49
58 53 2 4 171
58 54 6 7 47646
58 55 8 3 90
58 56 7 7 104165
58 57 5 4 534
58 58 8 7 108314
58 59 9 4 521
58 60 3 4 79
58 61 9 4 761
58 62 5 4 120
58 63 2 3 44
59 0 2 3 40
59 1 10 2 43
59 2 5 3 74
59 3 10 3 188
59 4 1 5 152
59 5 5 2 25
59 6 4 4 427
59 7 8 3 57
59 8 8 4 317
59 9 8 4 201
59 10 7 1 12
59 11 4 5 1524
59 12 5 4 162
59 13 10 4 399
59 14 8 2 21
59 15 5 5 776
59 16 1 4 31
59 17 3 4 161
59 18 9 1 8
59 19 2 3 34
59 20 6 4 194
59 21 9 2 16
59 22 9 4 786
59 23 5 3 61
59 24 3 4 242
59 25 8 2 26
59 26 10 2 38
59 27 3 3 38
59 28 5 5 2207
59 29 10 3 106
59 30 9 3 62
59 31 4 4 214
59 32 4 3 50
59 33 3 4 158
59 34 10 5 5561
59 35 7 3 48
59 36 10 4 690
59 37 3 4 321
59 38 8 4 440
59 39 3 3 62
59 40 9 2 46
59 41 9 3 50
59 42 5 3 57
59 43 3 3 20
59 44 7 2 34
59 45 10 5 1527
59 46 3 4 85
59 47 4 4 199
59 48 1 5 114
59 49 1 4 66
59 50 6 4 626
59 51 5 5 1540
59 52 6 4 605
59 53 2 5 679
59 54 3 5 455
59 55 4 5 1922
59 56 5 3 37
59 57 10 3 63
59 58 7 3 84
59 59 4 2 18
59 60 6 3 42
59 61 4 3 63
59 62 6 2 14
59 63 8 4 532
60 0 1 4 55
60 1 5 5 1718
60 2 9 4 887
60 3 5 1 4
60 4 5 5 846
60 5 1 4 28
60 6 3 5 2024
60 7 9 3 93
60 8 3 3 44
60 9 10 1 16
60 10 4 4 149
60 11 9 4 226
60 12 2 4 62
60 13 6 4 172
60 14 9 4 551
60 15 6 3 69
60 16 9 6 8325
60 17 9 3 96
60 18 6 6 5014
60 19 8 4 483
60 20 8 3 72
60 21 1 5 468
60 22 10 4 354
60 23 10 2 32
60 24 3 4 81
60 25 3 3 32
60 26 10 4 912
60 27 4 5 653
60 28 4 6 5841
60 29 3 4 75
60 30 3 4 81
60 31 6 2 24
60 32 9 2 30
60 33 4 3 49
60 34 9 3 51
60 35 3 4 127
60 36 3 4 201
60 37 3 4 116
60 38 7 2 26
60 39 9 2 16
60 40 7 3 59
60 41 3 4 197
60 42 7 1 8
60 43 7 3 132
60 44 5 5 892
60 45 10 7 51540
60 46 3 4 174
60 47 10 6 22849
60 48 10 5 1819
60 49 9 2 20
60 50 5 4 255
60 51 7 3 38
60 52 5 3 58
60 53 1 6 2250
60 54 3 5 543
60 55 8 1 12
60 56 1 5 173
60 57 10 6 11275
60 58 6 3 37
60 59 5 2 10
60 60 9 3 98
60 61 4 4 98
60 62 4 4 133
60 63 1 5 141
61 0 10 1 15
61 1 3 3 41
61 2 7 3 53
61 3 1 7 5907
61 4 4 3 75
61 5 4 4 126
61 6 4 5 2301
61 7 6 5 1420
61 8 1 4 43
61 9 4 3 37
61 10 3 3 32
61 11 2 5 326
61 12 9 3 82
61 13 1 5 431
61 14 10 3 66
61 15 2 6 6062
61 16 7 4 623
61 17 3 7 15286
61 18 2 5 473
61 19 1 4 50
61 20 4 4 159
61 21 7 4 213
61 22 2 5 437
61 23 1 4 91
61 24 9 3 93
61 25 2 4 61
61 26 3 3 40
61 27 10 3 63
61 28 1 4 97
61 29 5 2 13
61 30 3 4 131
61 31 2 6 1835
61 32 1 6 3719
61 33 10 4 439
61 34 7 4 205
61 35 1 4 23
61 36 7 2 27
61 37 10 5 1372
61 38 2 4 66
61 39 9 3 141
61 40 8 2 26
61 41 3 6 5451
61 42 5 5 999
61 43 4 6 13478
61 44 7 4 444
61 45 9 5 1043
61 46 7 5 879
61 47 4 5 2343
61 48 8 2 21
61 49 3 4 76
61 50 3 4 236
61 51 5 2 14
61 52 5 3 49
61 53 7 2 20
61 54 3 3 35
61 55 9 6 12765
61 56 1 6 839
61 57 8 3 57
61 58 8 6 11873
61 59 9 4 939
61 60 9 4 909
61 61 10 4 448
61 62 6 3 123
61 63 3 4 210
62 0 3 3 36
62 1 9 3 144
62 2 9 3 97
62 3 4 4 106
62 4 9 2 29
62 5 5 5 2736
62 6 6 5 865
62 7 1 3 14
62 8 5 5 924
62 9 2 3 38
62 10 10 2 19
62 11 10 3 77
62 12 8 3 79
62 13 8 4 832
62 14 2 4 119
62 15 10 2 27
62 16 5 4 204
62 17 10 2 25
62 18 2 3 28
62 19 1 5 208
62 20 8 4 179
62 21 8 5 2801
62 22 8 2 17
62 23 9 4 658
62 24 5 4 154
62 25 5 3 28
62 26 4 5 862
62 27 3 3 22
62 28 4 5 1078
62 29 9 2 38
62 30 10 3 159
62 31 8 4 849
62 32 7 4 392
62 33 2 5 474
62 34 2 5 727
62 35 10 6 26779
62 36 1 4 45
62 37 8 5 1577
62 38 2 3 12
62 39 3 5 860
62 40 6 3 73
62 41 9 3 80
62 42 1 6 4478
62 43 4 5 582
62 44 9 4 340
62 45 5 4 178
62 46 6 3 57
62 47 5 7 94092
62 48 7 5 4135
62 49 1 4 57
62 50 5 3 43
62 51 8 3 80
62 52 4 3 33
62 53 8 2 24
62 54 9 2 44
62 55 7 5 841
62 56 3 4 73
62 57 2 3 44
62 58 9 6 15310
62 59 10 3 126
62 60 2 4 107
62 61 1 5 132
62 62 7 2 29
62 63 8 4 183
63 0 7 4 403
63 1 5 4 226
63 2 8 4 560
63 3 7 3 95
63 4 4 4 97
63 5 10 4 961
63 6 6 2 17
63 7 1 4 52
63 8 10 4 333
63 9 1 6 1890
63 10 7 5 1056
63 11 4 6 10909
63 12 7 4 174
63 13 5 3 80
63 14 7 3 127
63 15 5 5 1384
63 16 2 3 20
63 17 2 3 16
63 18 9 4 209
63 19 8 3 47
63 20 8 4 252
63 21 6 5 1912
63 22 8 2 34
63 23 8 2 32
63 24 7 3 75
63 25 7 2 29
63 26 4 4 101
63 27 6 4 141
63 28 1 4 28
63 29 7 1 7
63 30 6 3 108
63 31 4 4 90
63 32 8 3 71
63 33 3 3 44
63 34 10 2 37
63 35 4 3 66
63 36 3 3 19
63 37 7 4 305
63 38 6 3 63
63 39 3 3 27
63 40 9 4 890
63 41 3 4 82
63 42 5 3 98
63 43 2 5 646
63 44 1 6 4038
63 45 3 4 132
63 46 4 4 390
63 47 9 5 4671
63 48 9 2 36
63 49 7 5 1229
63 50 5 3 65
63 51 3 4 219
63 52 9 6 27998
63 53 1 4 47
63 54 6 2 21
63 55 9 3 51
63 56 6 6 4864
63 57 2 6 1573
63 58 3 4 93
63 59 2 3 28
63 60 3 2 9
63 61 8 2 19
63 62 7 2 16
63 63 6 3 51
