2489 7.159215132546238e-07 
2994 2.2561984055036133e-07 
2593 2.339106725737303e-08 
8177 1.1824552969804183e-09 
5405 1.3279412095872068e-08 
8788 3.782914603345477e-08 
6209 5.16006822287933e-06 
7035 1.2897013008399583e-08 
2841 5.3094272720309135e-08 
2411 7.205877167164732e-08 
7992 2.8197717907876255e-08 
1587 2.8688583667719093e-06 
6315 1.062147266717346e-08 
5851 6.12182652452917e-07 
4993 9.21741527476819e-09 
605 5.413492954984309e-07 
9851 3.223406052716766e-08 
8703 9.001935001235575e-08 
5872 4.423792481476636e-09 
2774 5.066292964415065e-09 
7144 5.377811688912968e-08 
1696 2.013771522311244e-09 
1372 2.5339428298687405e-10 
474 6.773480181907973e-09 
7915 2.394658321658801e-08 
9907 1.5853896990786903e-09 
6075 1.875472232268145e-06 
6777 6.3137944532711595e-09 
9878 3.59348906243972e-09 
1308 2.329861642197097e-08 
9797 2.9091630522975706e-08 
8251 7.475154186186058e-07 
6537 2.6196808803818304e-08 
1929 1.592979960722725e-09 
5217 7.777730179364827e-07 
4728 6.903623373257398e-06 
3198 6.162029629676086e-08 
4050 4.508594477688808e-08 
2014 2.949894656373376e-07 
1947 2.406713902915723e-08 
3579 2.795873172578854e-08 
3755 5.693021351552336e-09 
2064 1.3409965288741199e-07 
6140 1.449202458641368e-07 
2152 8.941616650545158e-07 
2428 5.62775637377689e-09 
8574 1.1851080360114619e-10 
9947 1.4997177499207436e-08 
3 5.70623683627546e-07 
1963 7.633548716095076e-10 
3538 1.3619785059301888e-08 
2450 1.0486185204666362e-09 
2247 3.938001240204325e-10 
5938 2.3228391585320324e-08 
6743 6.830446717791505e-07 
3963 6.25219385835265e-09 
8397 1.8404011148522937e-08 
9944 4.43103413422935e-09 
8948 1.1455944899494861e-08 
3875 8.616459450222215e-08 
3394 2.5710945581610495e-07 
4587 8.607854771716767e-08 
6401 6.675584986852312e-07 
8012 3.975733624941166e-08 
2614 4.672486450792786e-08 
341 8.073124559389756e-07 
4434 2.1573571986952504e-08 
6100 7.852035748258878e-09 
2070 4.005301300088638e-08 
5996 7.004259352421174e-10 
7787 6.2942364884043846e-09 
4736 5.6543987833553066e-09 
3657 2.7442218636375415e-11 
402 1.3249309898397208e-08 
3937 9.13764819344097e-10 
5348 7.693373327077992e-07 
3089 5.9974551041463075e-09 
629 2.7026604605825347e-09 
9010 3.1087536969079706e-06 
9951 2.7969365805681783e-08 
4345 2.2812784980508205e-08 
5114 3.287841547465215e-09 
2451 1.2270813953175933e-07 
3723 2.030976702298624e-06 
35 3.018805498105327e-08 
5378 6.447794376264424e-06 
8657 8.485213878967745e-07 
9689 6.308198424133334e-07 
8215 1.0371952518680121e-07 
1243 3.396371309421354e-07 
8583 5.215796083311288e-09 
2594 9.833136253056503e-07 
8530 7.240207376324248e-08 
7182 3.6358805265309085e-09 
3719 3.103139005341748e-07 
6956 1.6656748782765594e-08 
5285 4.089612634639966e-08 
6243 3.132957970497521e-08 
4361 1.755629541042898e-08 
2813 6.348613555435395e-10 
3781 1.782474068267237e-07 
1624 2.8306895832687948e-08 
9418 4.0515539230859265e-10 
2666 5.411308312005354e-09 
77 2.9193442802055714e-11 
8256 8.366866522165993e-08 
8901 1.9106007981365422e-08 
3714 8.349781850642115e-08 
7172 3.914707256275074e-10 
8412 1.79366874176898e-08 
3044 8.70536458628359e-08 
5729 3.0981858410695194e-09 
5375 2.157599060024595e-08 
2473 1.1138133332937326e-07 
6514 5.0201064912577635e-09 
6025 1.02444532233025e-06 
7776 3.1206782836296857e-09 
9147 2.9283106018143656e-10 
1084 1.4571981307156742e-09 
9760 1.7990000490708015e-08 
5885 3.537948068191299e-10 
2325 1.833391363446468e-07 
1880 1.4784386185707564e-07 
5992 9.667006879829267e-09 
1145 9.599189946946627e-09 
8988 6.290313474648633e-08 
8620 1.8276424337245538e-07 
2286 5.705429011182428e-11 
3285 2.3792003841451752e-07 
1865 7.62010375359793e-07 
7631 1.0215534596621362e-09 
9305 2.256415961696418e-06 
3965 6.965283769704402e-09 
8295 2.2957995443953494e-10 
9349 3.3879769251296456e-09 
3270 5.207075939915942e-09 
4979 1.3800556498548859e-08 
1466 3.895904015276878e-08 
2690 1.1395321907719072e-06 
4365 1.2563801206892005e-08 
1022 8.173442806447228e-07 
8103 8.261359324469049e-07 
8226 3.270957950186177e-08 
3248 2.030290411514442e-07 
4409 6.603460023237903e-07 
6281 1.1565901530247683e-07 
1465 4.551076470128601e-08 
2279 4.3548965752549836e-07 
8708 2.4900065126107207e-10 
3161 7.566088727761766e-11 
6942 3.762754174164956e-07 
1509 1.5093466233795372e-10 
6395 2.048191360709984e-09 
1109 1.1620771609209819e-07 
2419 2.201966172727437e-08 
6397 9.165977340990671e-07 
9379 2.1270150447265206e-09 
8369 3.153658479108576e-09 
6931 2.4713883873288403e-07 
6926 1.423603765180309e-07 
8803 5.078921117983477e-09 
4679 1.1990107883332393e-09 
785 1.480981545915875e-07 
5468 6.859366329458965e-08 
8393 1.091812295355884e-07 
1156 1.4858118495576496e-08 
9691 5.724862477464325e-07 
6031 6.31668349864396e-08 
8615 6.927608452022093e-08 
3173 3.9217938464288763e-07 
9329 1.091710157817003e-06 
7327 3.076682586591588e-08 
3766 2.6718735219615685e-06 
1384 3.6443984423562335e-07 
7599 1.255334399380718e-08 
3020 2.5250577663938484e-09 
227 7.362163444363964e-07 
9494 5.076681197250859e-09 
5841 6.089089895663922e-07 
3814 3.592241600670421e-09 
2330 4.2842278068342265e-07 
2992 2.1372996802607425e-06 
6934 2.1790073904772037e-06 
7603 8.782394820541171e-08 
7074 1.2567142311506658e-08 
3479 1.8607589495725164e-07 
7608 1.61411932136188e-07 
3350 3.747155832151128e-10 
1201 2.20632637513483e-08 
434 3.181532876466934e-07 
4215 2.456887173040413e-08 
6758 2.4022712898072954e-06 
1555 8.647630766171364e-09 
378 2.2153297862015126e-08 
7275 4.620857996856139e-08 
6150 4.494449816304499e-09 
8339 7.322757665218876e-08 
159 1.5500481566891718e-06 
3981 5.146393072857661e-07 
6058 8.028879548279354e-09 
3144 2.1667371922134753e-08 
4768 5.721688290321929e-08 
3301 1.0145953037343242e-07 
1418 1.7885716808968612e-06 
4572 1.4862344601546118e-10 
2438 2.476902948929827e-08 
4613 4.203975254393234e-09 
3099 6.166813956329529e-07 
8754 1.1349354933997028e-07 
425 2.388166915781684e-08 
2679 7.756956840233096e-08 
3122 4.16019106995197e-07 
6423 3.65578212026566e-07 
7878 4.2348436095758606e-07 
3542 1.6640748150746436e-08 
5626 6.308848537654548e-07 
5092 2.7561308495877013e-08 
1287 3.2783880965403154e-08 
2165 7.312191840977451e-08 
7519 6.765819199382531e-10 
6677 5.9054262815006094e-08 
2010 1.3226500180503703e-08 
6246 2.814404326891389e-08 
5428 4.761356277221711e-08 
7191 4.030819477984982e-08 
7708 3.939418204367584e-08 
752 1.8402661514874824e-09 
949 2.5109924257590323e-09 
9013 1.5628824581658224e-08 
2753 4.7591952841299153e-07 
1786 1.0863982102703013e-07 
6750 1.5353811702177762e-08 
8944 1.911544535220601e-08 
326 3.986393008614881e-08 
9046 9.258655821187123e-11 
9154 1.3318476567798418e-08 
7814 6.029731622870745e-09 
2627 4.0154901121253444e-08 
6623 1.675019973038875e-09 
9647 1.1994815955040223e-08 
8790 1.8705596902810807e-08 
3969 1.1424045798790322e-06 
8320 4.135526670469782e-08 
4373 1.6765446990223663e-09 
3092 9.458077850329539e-09 
5340 2.2003138054103416e-07 
7040 9.75131162724355e-09 
1579 3.240887103903847e-09 
9333 2.9886717340310218e-09 
5228 6.84491998585197e-07 
1637 1.6163158276983507e-08 
4603 2.9433449643774458e-08 
5507 6.719683016255209e-08 
9052 1.154170692357773e-08 
796 8.209158895614435e-08 
7958 4.70070717620142e-08 
9096 9.541815456840718e-07 
3841 5.046419447254963e-08 
2969 3.2389880568780535e-08 
2655 2.915033282249388e-09 
933 6.012020176628823e-09 
3222 2.538204571598656e-09 
4641 3.637438614201294e-11 
2274 2.952225233309094e-06 
9231 1.398399131324287e-07 
651 1.9489256648352448e-08 
3352 2.2606037485084235e-07 
5576 2.2135247584528783e-10 
8920 9.434607434817728e-09 
308 1.9120618438712264e-06 
2217 5.080197106982183e-09 
6277 5.417999392646092e-08 
9263 1.4323016857534958e-08 
7299 1.396081861226861e-11 
4263 8.318486069638309e-06 
5728 2.9673721509484996e-10 
4681 2.6201504024399855e-08 
5245 3.7108615620116853e-07 
6290 2.7097367680045063e-08 
9688 4.687558496450358e-08 
9350 7.950746181802343e-07 
885 1.7632346617359824e-08 
4633 6.2135599808998025e-06 
2260 1.9111559351013055e-07 
6483 4.832164723652629e-07 
9127 6.431279408764673e-10 
1425 6.906636619688272e-09 
8244 1.826378167408757e-09 
9221 9.593648019817393e-08 
1035 1.2093242101078247e-09 
2727 5.28183886252263e-08 
5266 3.153622979998414e-09 
3475 2.2012933149293126e-08 
6287 1.4881801277486016e-06 
7870 8.672009081570647e-08 
986 4.9912787539335577e-08 
5313 1.103772881526451e-07 
1023 1.9425284935937527e-08 
5828 1.8881922967189361e-07 
7972 2.2919095463982356e-08 
9665 2.6941129263887143e-07 
4216 4.80605797682816e-08 
2031 1.583460025006561e-06 
3715 1.722810386629067e-08 
6291 9.188810302793648e-09 
2554 8.440560490388471e-07 
1588 6.05036505185105e-07 
5127 1.1789255733750045e-09 
476 3.037028053684814e-09 
1020 1.0118254576379457e-06 
7507 2.159463227392484e-06 
4087 9.548479654345177e-08 
8070 4.4447677841015176e-07 
6284 1.5552135836304447e-08 
7716 6.658316411240873e-08 
3246 1.1794150362918588e-07 
3218 1.0890844078168017e-07 
7409 9.054391487915421e-09 
4839 9.513652290070463e-08 
441 5.260664568476138e-07 
8048 6.302258161698868e-08 
34 1.9281350409476345e-08 
5698 1.7239685891410998e-09 
6569 6.119300305996407e-07 
502 1.102609176602639e-08 
9613 3.2795274186201914e-09 
184 3.7303715991307725e-09 
2691 7.6212141133875725e-06 
7626 4.6072570002477544e-07 
8804 3.235009149186378e-08 
247 1.0983787005914973e-08 
2958 1.2041930392520475e-08 
1893 5.2248302482137284e-08 
4635 1.1021668105742552e-08 
8297 1.1409683009896436e-06 
7312 5.495467353286388e-09 
9315 3.412754681051998e-06 
8762 1.5805519992257476e-06 
3387 7.681711492795158e-08 
2645 5.596203771435562e-09 
8148 1.1043839145669207e-08 
7103 3.0908692294469916e-08 
1350 9.813237168320552e-08 
3410 8.47423513047797e-07 
4147 5.331898653653357e-08 
5076 2.821965612576083e-10 
4465 2.3101310851265282e-08 
6723 2.4095635209331334e-11 
7465 1.368155554343567e-09 
6250 1.7605098348255177e-08 
6131 2.937456992283598e-06 
3861 2.755026242004253e-08 
8066 3.8060714692769726e-10 
5509 2.8631769708806602e-06 
8089 5.89145538103752e-08 
3179 1.882741748087646e-06 
7714 1.3323323041112046e-07 
3534 1.4828205022361651e-09 
7237 4.4819166771512594e-08 
1992 1.0968162331285493e-08 
7777 4.514830753566597e-08 
8619 1.5645768101230084e-10 
7616 4.254038192671658e-09 
6158 9.634119325658075e-08 
6955 6.297720063296692e-09 
3924 2.1142752673805613e-07 
6551 9.837090635231478e-09 
3413 1.770088343240416e-08 
9053 4.2036005859022334e-07 
1245 4.322643923453299e-08 
3245 2.456699382661666e-09 
1602 2.5843059459300496e-08 
203 4.0526928709629095e-10 
4089 6.664962127805956e-08 
6714 8.836991815391881e-11 
5046 3.114524606615118e-09 
3884 3.094822292903671e-07 
2689 2.377975460694879e-09 
1051 1.0170076881861547e-07 
634 6.85921039956486e-09 
8117 8.626993294025666e-09 
2011 2.829029966285905e-08 
164 1.1231869322742774e-06 
7394 2.2093911249132514e-10 
2963 3.019323972054878e-08 
7107 2.014363493173764e-09 
2130 2.8715219856870894e-09 
4552 1.4574292175748493e-08 
4128 7.763678068484214e-11 
3613 7.054972652273004e-09 
2560 8.932439371500678e-10 
8752 1.4533695961330396e-06 
4568 5.952001679756093e-09 
8819 9.707926819708223e-07 
305 1.1391790288861614e-11 
4747 4.216258844033137e-08 
44 2.6341319413940436e-07 
1514 2.31254732869284e-08 
8068 2.23428011062555e-07 
6120 9.926906260748607e-07 
7724 3.718375418472982e-08 
5704 1.6762024273469546e-09 
169 1.5141115714075183e-06 
8880 8.141873808617181e-09 
996 2.173642931499551e-09 
9724 8.886506732365862e-09 
1476 7.380195867286576e-08 
1769 7.278894365942254e-08 
8907 7.121479725369362e-10 
3993 7.471233679008371e-08 
91 7.010159774890688e-08 
9355 2.2641530666000416e-07 
5456 2.1819480643983106e-07 
2270 4.787899738137313e-10 
8232 8.022756397437739e-09 
8333 1.8604262618446577e-06 
8514 2.4986172712249827e-06 
290 4.601922605667427e-08 
6914 5.895186525827726e-08 
1841 1.470306098411537e-07 
5633 7.393295510228987e-09 
4784 1.645411437400143e-08 
1561 5.640449723663017e-07 
7196 2.8001803168068557e-08 
7512 8.064295910735486e-10 
4292 6.764870859668481e-10 
448 2.7531429263494723e-08 
1506 8.225635892908367e-10 
7773 1.0171291347718528e-08 
509 2.0814289549732357e-09 
6767 6.395316038624709e-09 
6153 7.739693915290756e-08 
276 2.9466035333861453e-08 
9157 4.109868452506493e-10 
4637 1.1047682845584036e-09 
1354 2.8952864828288157e-07 
8832 8.3144589173319e-08 
5625 1.4152725637878638e-08 
4080 3.8687130353941785e-06 
6803 1.5848304625428687e-07 
3785 4.811061009851053e-08 
4380 6.02471917778122e-09 
3509 2.291980589224412e-06 
390 5.780435646918322e-09 
9526 6.384492921923749e-08 
6306 3.328631702174205e-08 
9759 2.8080918666739674e-10 
3862 2.132797494894896e-08 
7452 1.9965802902138512e-07 
5081 9.463448016639332e-08 
6319 1.2623521435299992e-06 
9815 4.816035701340343e-07 
1735 2.0310275391306927e-09 
5060 1.18522893593132e-07 
7224 1.4547537427951278e-07 
2943 1.9290616083204363e-07 
9204 1.5196962695230318e-08 
7791 9.082679817276683e-09 
616 6.739065472263574e-08 
283 4.387496334128105e-10 
360 2.0214141155406597e-08 
6936 2.2754759489354078e-06 
3961 2.514280510568021e-07 
479 4.092928293703869e-09 
1808 9.050940407418234e-08 
7296 1.5072988755029506e-07 
861 2.1016970389549765e-07 
8311 5.064741573853147e-07 
9027 6.5357940517713885e-09 
3570 6.815655823725372e-09 
2840 3.117416223859297e-08 
2187 4.203333135101775e-06 
9730 8.570491234186156e-08 
2057 6.623809625360549e-09 
1542 6.589000931927144e-08 
5061 1.373752567589506e-08 
6006 1.6938091334409118e-07 
3457 1.722367105968408e-08 
5315 2.0875835776831483e-09 
4104 2.457842893345216e-08 
1507 3.620799420256149e-07 
7625 7.560294725968427e-07 
8230 1.0103029073873972e-08 
7395 9.75218339620916e-09 
849 2.192217926503051e-09 
8287 2.6603979508222246e-07 
6072 1.2077392427074438e-09 
5280 4.699635490609724e-09 
7751 9.791472472176862e-08 
714 3.273781487843656e-09 
3107 4.165298031070361e-08 
2221 6.116666573076162e-08 
7336 1.6010455999735046e-08 
6311 1.0184405393700484e-08 
396 8.7618615016513e-09 
4205 1.1601757448040134e-08 
7623 4.953266382089406e-08 
8401 6.394229669118528e-09 
9155 7.040472135600188e-09 
6816 2.2605297148067766e-08 
5942 1.5899326788948107e-09 
9544 3.57512124505438e-10 
119 1.2335643308352697e-08 
6778 9.67022567692499e-09 
1854 3.070307082483041e-08 
3113 3.7760001936686454e-07 
1647 2.5815981217562194e-08 
7350 8.974012000100375e-09 
2650 7.11706462394336e-07 
3268 6.529864594650775e-09 
7784 1.120112637518192e-06 
6901 3.951874441957432e-07 
7858 4.629775187139772e-08 
6199 2.1659036505405173e-06 
4429 1.521976124162661e-08 
2964 5.291577199421221e-09 
2769 6.8346892877798986e-09 
5547 7.998928100829208e-10 
460 1.829943436974733e-07 
9779 5.492126183351773e-08 
9687 5.3580657655419094e-08 
346 4.3336453637588956e-07 
4619 4.3577119582076385e-10 
3668 3.966921094187748e-08 
5876 2.931249078791097e-08 
912 3.4194511637909535e-09 
5690 2.8918228066614378e-09 
4140 1.3940521912990465e-08 
2261 9.664430402874305e-10 
6276 4.4959158607669764e-09 
4375 8.489203664262456e-08 
6973 3.817597424767095e-08 
2548 7.240550161050226e-09 
6044 6.644771490441518e-08 
703 3.7710857279835516e-08 
9121 1.5580307648416572e-09 
5583 5.786978089240947e-07 
29 9.517528733106472e-08 
4821 2.3354862738928265e-08 
4524 6.126650120682097e-08 
3939 1.574112243215909e-07 
3786 3.099444381964018e-06 
8127 9.91569592641219e-09 
5536 1.7450693425950478e-07 
9415 1.7377058396045113e-08 
1496 3.271229085188749e-07 
5436 1.8291972176232398e-08 
6331 6.348008174572904e-08 
6122 4.6982333379660143e-07 
9726 4.4911739481230847e-07 
4357 2.172894245003993e-08 
5640 8.02078012470917e-08 
318 3.415365562416175e-07 
4704 1.5558291552617073e-07 
7657 3.62635719259028e-08 
6262 1.4963542194616785e-08 
8157 3.751886885129977e-09 
2281 4.4909526896392334e-08 
7233 9.64183211099798e-07 
3792 5.900423851552469e-09 
5151 1.8533023642217789e-09 
9731 2.813072728967761e-09 
8692 4.0364092250791806e-07 
4340 7.370290434384474e-09 
8932 6.122764739139567e-08 
3111 6.454703643954141e-08 
8668 2.9021008853105365e-06 
5483 2.3854192077641207e-06 
9774 1.1392017268300819e-08 
4697 2.9098749331946155e-08 
4203 2.7719274304150896e-08 
4493 2.345127259213862e-06 
7675 2.0728096823056756e-09 
117 4.172764613365163e-07 
7721 5.9533351022371395e-09 
9436 2.9674808452356025e-06 
8895 2.1057912129418482e-07 
2501 3.887753528636161e-08 
1471 9.656712444776684e-08 
3890 3.981346013135069e-07 
3391 2.9236104947149877e-08 
348 2.1364736961111664e-08 
7562 8.758851110200046e-07 
7099 1.1146362770359253e-06 
7661 1.0958752914348203e-08 
7038 7.950362716874545e-08 
6764 3.64431582366943e-09 
8640 2.3986915971529186e-08 
8977 2.4857057521304565e-06 
2551 1.8603527634822293e-08 
8113 7.383958952470512e-09 
427 1.1571809109587152e-08 
7899 9.370252065415707e-08 
5289 6.0227430242061316e-09 
821 3.534466018850946e-07 
7662 1.2011061360580493e-07 
8543 7.591927076149724e-10 
4662 2.84270992077721e-07 
253 2.4195173642382883e-11 
2194 6.4127517325960915e-06 
8697 2.374469447670422e-08 
1320 2.009916294510428e-08 
9111 4.081767132624314e-09 
4513 6.096804804513082e-08 
2075 1.5127191545584223e-08 
5620 1.1522434843943988e-06 
272 5.164980576936584e-07 
9290 1.660680406161632e-07 
7709 5.187846011041634e-09 
3604 5.34344284860429e-08 
9509 3.083793769212466e-08 
4101 3.2443909597585753e-06 
5514 1.3257258701984851e-06 
273 7.956617166816611e-09 
260 4.997571673008051e-09 
266 2.963933265487384e-11 
8450 3.342594927323867e-06 
6374 1.8628063801981105e-06 
3989 1.602700820642454e-07 
4525 8.173399023270817e-08 
7962 3.8948715702984366e-08 
9099 4.554873914197936e-08 
5018 3.0804935668288236e-09 
475 5.351357400631622e-08 
186 3.77531629222605e-09 
7209 9.343367861820044e-08 
4605 1.1999446741442618e-08 
842 5.329862688954355e-06 
9698 4.225165009530407e-11 
7170 9.94785801533844e-08 
5133 1.2884012282626073e-06 
2814 6.007793383553698e-08 
163 1.7129167221999544e-09 
7510 2.5559148098051787e-07 
9450 4.280300223307755e-09 
8653 7.923198276313877e-08 
1780 2.4782387860676865e-08 
9495 7.806766586264044e-10 
244 2.2014833030205703e-07 
8914 5.952063211603452e-08 
7112 1.0403877529410331e-08 
9407 1.8353853286668118e-07 
4810 1.2573029297815418e-07 
4398 2.8661078399768938e-08 
7179 2.9932449991195196e-08 
853 2.0374933291109412e-09 
1760 4.9258375266344415e-09 
4244 2.3872259915675304e-07 
7399 1.593709574032598e-10 
8829 7.947901009151739e-09 
4688 5.656894391879285e-09 
6467 9.281098601189152e-09 
4362 7.027741087112086e-09 
4829 1.371305544757475e-09 
2228 2.579457840837819e-07 
9807 1.2784858589468895e-08 
5207 1.3067514076023357e-09 
8698 4.477983764703195e-08 
7548 1.443065141387484e-07 
386 2.8736703432653e-07 
6959 3.980929594753549e-08 
6337 5.2103122328820724e-08 
7685 1.052853065039265e-09 
4864 3.0296510833896094e-08 
2790 1.747667151757285e-07 
2376 6.612891954946992e-10 
6469 2.7741808271640716e-08 
2239 2.2465046099415242e-10 
8494 9.147901027128748e-08 
6030 1.6857336496752667e-09 
6653 7.614861271311423e-08 
1344 8.318031093760898e-08 
4397 3.386053541840664e-08 
2995 5.0325274446024e-09 
5766 1.6232679210368182e-07 
2854 1.2209908856998725e-08 
3717 2.331780833565447e-06 
4874 8.537577870148735e-10 
1713 4.579288660885774e-09 
6182 8.024124050266258e-08 
6018 1.8347761636323285e-07 
118 3.74386874933702e-07 
5886 1.4563008251474996e-07 
9087 8.521106823616842e-11 
6863 2.368302761604896e-07 
2972 4.818267624756578e-08 
6579 4.432612713944212e-09 
4020 1.1220220441739614e-08 
5252 5.444892308603147e-07 
4780 9.676304909728827e-08 
8709 3.1871952257034233e-09 
3471 1.1583432305089303e-07 
7400 4.634947477791208e-08 
8542 1.918089216185298e-07 
2781 1.2303300314753609e-08 
5055 2.892513652091121e-07 
3615 9.942969317233339e-09 
676 9.93439679835992e-08 
8354 5.6682734755463676e-08 
9282 1.1947816979893946e-08 
9036 9.571784424095009e-11 
3129 1.663004242682107e-08 
2201 1.0533681448054847e-08 
1572 2.854012480452541e-06 
5935 2.4272944765257876e-11 
8024 3.530361667404753e-08 
9563 2.2350025594901173e-09 
8884 1.870802551171306e-08 
8298 1.0159091015421364e-08 
7584 1.3915149604955789e-09 
8079 1.0557722233752066e-07 
9810 7.194719406765251e-09 
1229 2.0924391309086715e-08 
4720 3.302280234543175e-08 
408 7.837139010105415e-09 
2110 2.58064870548101e-07 
4135 7.682478745729114e-08 
5689 2.623271920884106e-06 
4951 5.5731718650025176e-09 
1684 1.1316970647276894e-09 
3832 6.522232347317603e-07 
3388 3.3256495425625174e-09 
5816 1.2005861294941988e-08 
1000 7.46272276773755e-09 
8525 6.537956684354236e-08 
6403 3.882359509710802e-07 
5025 1.3837866616461802e-10 
7846 2.510058564098677e-07 
4881 1.0950867660896512e-07 
1184 6.135816949212375e-09 
5722 1.3580110196171777e-06 
5480 2.0618690354993303e-08 
9581 9.447006745000367e-08 
6214 2.2789114483654248e-08 
2332 3.151701164902165e-08 
2393 2.3093137267912542e-06 
3403 6.574449024504185e-08 
4322 1.559984905006906e-08 
3289 2.194879253151203e-08 
5892 2.2330992384936752e-07 
6027 1.9790480069612967e-09 
9182 1.64466121836313e-08 
2775 1.3312619126101246e-06 
3648 3.488434686461147e-09 
6226 5.973779108542837e-08 
6263 1.1583486016400638e-07 
7212 9.94409634713246e-08 
2126 1.0969549300027643e-06 
7429 5.953861354102857e-07 
6823 4.80535420049194e-10 
2505 1.0138388761328498e-09 
1613 1.0880077688906693e-07 
5261 1.6042890098124931e-06 
3159 1.0226499640151091e-08 
575 3.517496329141853e-07 
8661 9.79156962650253e-10 
8084 2.2031181039662158e-07 
8348 2.729505450848975e-08 
8688 1.2181933077184254e-08 
7740 1.6499925182192948e-07 
6757 4.398613512459444e-09 
2382 3.270426412321781e-10 
2898 1.874869710955044e-08 
4211 2.7615298027906104e-09 
1997 4.562108850414415e-11 
5829 2.2517537387532587e-08 
4300 8.240850420573814e-08 
9856 1.5434722738868547e-07 
824 2.0098038457008055e-09 
1549 1.2725084633908278e-08 
4304 6.939555101750328e-08 
5542 7.065028444579565e-08 
6317 3.954256293332636e-08 
8191 4.831489798626416e-09 
4419 6.664338818209575e-10 
1584 7.729706822461285e-09 
5754 1.4433474116820567e-08 
4454 2.8690499293546664e-09 
3257 1.2443051658533722e-07 
6839 3.7921679685304355e-11 
8216 3.0538507713557487e-09 
6166 1.5985664497848717e-09 
9513 1.3471938842268827e-10 
6535 1.8139477025906582e-07 
4489 2.1001720584853193e-07 
4941 1.090515022127747e-06 
1796 1.5361046764438758e-07 
4369 9.85519909161626e-09 
8584 1.5815724596253123e-07 
6977 1.4559860477100957e-09 
6490 1.921055655588859e-09 
6712 1.68861717606751e-08 
4746 1.3892444248953252e-07 
5481 9.885984950477357e-09 
2564 1.8151519711666168e-09 
6804 1.1949949425176312e-09 
568 2.477293566055666e-06 
9485 2.3838838799121154e-07 
5118 5.686719810917244e-08 
5628 5.065390674534884e-09 
430 4.433800086961748e-06 
8120 1.0167912846959412e-07 
9078 4.54527345142698e-09 
989 7.9351403607246e-09 
4315 3.1123190087668564e-07 
664 2.1975488738080773e-08 
4807 1.574829643536009e-09 
2962 3.241433783269238e-07 
6909 3.6123167803346623e-10 
5433 4.2467772359992815e-07 
2375 2.1482219066714207e-07 
6753 3.432140842026766e-08 
848 5.678713403496822e-09 
1385 3.256377328979379e-08 
1454 1.3454267298741504e-07 
185 3.726205380141949e-06 
2811 3.2186902415272736e-09 
3086 2.318934054761773e-09 
5627 1.4123053860494081e-08 
8523 5.7668967614929903e-08 
1204 1.0292334124960131e-07 
2041 4.676968708150486e-11 
4308 1.7156374123011159e-09 
8046 7.129620583148921e-10 
1767 4.4794085135485666e-07 
5561 2.0023667785047292e-08 
1925 1.1430381599997902e-09 
8673 2.080457411619063e-07 
8814 2.4811773995597015e-08 
4296 7.408806596676367e-09 
3851 5.122483638609645e-06 
4893 2.221634023581194e-06 
2642 1.7539364969079707e-10 
2779 1.6817353309173278e-07 
9334 8.633559757856969e-07 
8570 4.056467795073663e-08 
3491 6.875376483417295e-11 
6484 2.9142009894101224e-07 
1345 1.923267734307843e-10 
1987 4.792293830215358e-09 
156 1.5835142214409154e-09 
3921 2.1158588444930847e-07 
416 1.8187999298344777e-08 
5632 4.2025395450531176e-07 
971 2.600662479681717e-08 
7539 9.471940865571553e-08 
3071 4.013473928199396e-11 
2997 1.939381758485348e-10 
2178 4.393811758775485e-06 
9188 1.3295308751608617e-08 
5184 9.563176881710772e-08 
7417 3.885912438309571e-06 
1607 7.479284426537332e-07 
5630 3.586069381982665e-10 
6004 1.4270798953150258e-08 
2807 4.0343470765798497e-07 
8513 1.5452717578807442e-06 
3600 2.707048226058447e-07 
6215 3.3667610459986384e-06 
2839 4.524294520187785e-08 
6089 4.025364742053783e-10 
9557 1.540483306952526e-08 
214 4.869011803985968e-10 
6234 1.6410056126459072e-10 
7207 1.5101651143793401e-09 
532 6.251138573549906e-07 
1474 5.4425278044671103e-08 
7211 2.3897987953523686e-07 
2494 1.599924575347567e-08 
9100 9.54081675859711e-10 
2162 5.004600174612321e-08 
946 5.770416115060075e-07 
5248 6.189944301509326e-08 
3982 4.1064636665382874e-08 
3215 6.108339740173497e-09 
8817 8.517991689598048e-10 
3899 2.233729983687244e-07 
2111 1.1599726926605006e-09 
1681 3.5927473994966375e-10 
9056 6.501256515095309e-09 
5455 1.7864026057023974e-09 
3013 2.900228605354105e-07 
5123 3.3450841354515076e-06 
3090 6.654720884767103e-08 
3802 2.3225227898214252e-08 
3526 2.283733541151193e-08 
970 9.526678751425877e-11 
8689 2.0687721544625562e-08 
9920 9.06133286318583e-08 
7326 6.138810986535672e-09 
2771 1.1687712863500677e-10 
919 4.760786209700996e-10 
2907 2.0969389710155932e-08 
3760 5.637805203261882e-09 
7405 2.4473460952443286e-07 
4669 5.615890934251334e-09 
4181 3.14192647455345e-09 
3727 3.8344109272056986e-07 
4021 2.3354454750049175e-08 
9396 1.916062020186333e-07 
820 1.2759236949324085e-09 
7515 3.5475426192049693e-07 
8250 1.6771153929234382e-08 
5862 2.794892839763052e-07 
67 9.287533059176736e-09 
5088 7.041040216013627e-09 
1805 8.121485427394068e-09 
5994 5.8240737643841176e-09 
3426 6.293178489284214e-09 
5590 1.2089730573908945e-08 
3557 1.9737944318947288e-08 
4558 4.52202720046975e-08 
8214 5.461303345698828e-09 
5218 6.622144777500113e-08 
5774 8.890628397926256e-09 
3085 1.8362742922537736e-08 
5961 3.01242967814187e-07 
4498 1.3459505142365824e-09 
803 1.080470113239715e-08 
4859 1.0991456615315129e-09 
8136 3.760309869553632e-09 
6231 1.1087186154309589e-08 
5494 2.7741110445573224e-09 
1392 3.2218024010374074e-09 
717 6.256132502403408e-07 
3346 2.7619234526724532e-08 
7741 1.2058959477138052e-08 
4950 9.573034841643376e-09 
845 1.1521153558896678e-08 
445 7.881510718944892e-08 
233 1.0204536071605142e-07 
6334 1.7056911438828593e-12 
7184 3.2070007904027486e-08 
4930 5.653602069443659e-08 
5868 1.7227286245715475e-08 
7383 2.3428523435844913e-08 
4529 5.306806236879186e-07 
7117 3.440734144968794e-06 
4693 2.213047063905036e-07 
7098 3.3322511596291064e-09 
1811 4.59007468076544e-07 
5109 1.0631294282414938e-10 
9923 7.73367992063824e-09 
6670 3.6803608703640193e-09 
9248 3.15480271690254e-07 
8098 4.317811634846564e-09 
4173 2.92510993186057e-06 
3446 2.1101610871923998e-07 
3273 6.8372668332838645e-09 
5211 5.463384685900537e-08 
9722 1.6166551768668266e-08 
7372 2.1608058488735025e-07 
6383 2.2555772938434235e-09 
2354 9.158891009228075e-08 
1270 4.643403605630175e-09 
5414 1.5221774049339032e-07 
144 5.575937814486401e-09 
9644 6.822429414892138e-07 
9958 1.276675924460228e-07 
3430 4.1226603381128157e-10 
9949 2.161811322399368e-07 
7382 1.4539373283900905e-08 
2834 2.3709067786355155e-08 
8360 3.959372610372672e-09 
4071 1.682735134874824e-08 
1951 5.6038222723433956e-06 
1443 5.582941863036377e-08 
9551 4.034778618822827e-09 
1355 1.6822550544083408e-08 
1867 3.30570267340069e-10 
5172 4.875116252774396e-07 
5788 3.5145499405806194e-07 
246 1.5836510054916988e-06 
3891 8.925163342762832e-10 
4714 1.1099699025488721e-07 
1557 1.4147188124991585e-06 
94 6.2143640833503e-08 
7534 2.7553905292797705e-07 
5815 1.0988959400172937e-08 
2262 2.656102561856179e-06 
9789 6.784898694309499e-07 
4990 1.301153020725099e-08 
7401 5.640701778580045e-08 
5071 2.868993760770343e-09 
7781 1.375999567243449e-08 
7295 7.689582857370618e-09 
3204 1.6912250493688377e-07 
9873 1.354137559679211e-09 
4064 2.649462318591797e-09 
6957 3.624861249303026e-08 
2042 1.3262946287325428e-07 
7831 3.671246274533798e-07 
4651 1.4669890302521083e-11 
1272 6.673147971703042e-11 
8005 7.1393626586762834e-09 
8439 2.76295109472404e-08 
934 2.1156843656720044e-08 
7308 7.433109390434201e-07 
3511 1.8091872498214655e-08 
9365 1.1006187549665427e-07 
4896 1.0670785640840529e-08 
1775 9.841188120330907e-08 
2295 5.3346049147964426e-08 
1616 8.912000195367836e-08 
8594 1.8633752175109574e-07 
6739 1.980520415419476e-09 
9542 2.8858564907869276e-09 
3905 2.5169303586921324e-08 
5343 2.7816839735220113e-09 
4194 5.220046633039018e-09 
2220 3.2720906099643204e-09 
6143 1.780914962148301e-07 
9972 8.96513941998207e-07 
7300 6.311783981734221e-08 
2749 9.376889769209876e-10 
3408 4.8688160943265515e-09 
3366 1.9209669008440672e-08 
3259 1.3955769214185574e-07 
594 1.328347979965992e-07 
1706 1.900063620872451e-09 
5741 4.2330107879423964e-08 
1190 1.7819587902031717e-08 
3480 1.121413689247265e-07 
5263 9.609217428662622e-08 
7472 3.59004096291829e-08 
8307 3.3456510895577864e-09 
4169 1.5086631943717066e-10 
3069 5.0342432099422974e-08 
9819 6.4967041569846066e-09 
7155 6.262906018338941e-08 
5676 9.03386120545206e-07 
1261 1.7182948234414588e-07 
4015 1.4757566229469292e-06 
8315 5.8599648030522146e-08 
7865 1.680834303496539e-08 
7468 7.581904084273151e-09 
4385 1.1000168325758872e-08 
2998 1.2309640537956287e-06 
3421 4.579298105614844e-09 
3821 1.1430720006476645e-07 
6119 2.0155570626140956e-09 
179 6.723443676863068e-08 
6482 1.3742957131028803e-07 
737 4.22855281214853e-08 
9601 2.1448012611281243e-09 
9917 2.2988777770809174e-08 
6267 3.272993047214682e-09 
1495 3.590344511998354e-08 
1640 8.544193136534968e-08 
1589 1.4369063491143086e-10 
9129 2.5415557661555146e-06 
6517 5.405682240380211e-08 
5873 3.084056196187013e-10 
6020 2.615598437971747e-06 
5053 7.608130216107278e-08 
4134 1.972775027012608e-06 
9170 5.146532718618331e-08 
8850 3.363202477573067e-08 
3051 1.6074149463730925e-09 
2470 2.870230253981105e-07 
8648 4.998155490473994e-07 
1352 2.3240892932044885e-07 
7968 8.293455813581144e-09 
1087 2.379383783638723e-06 
843 1.990874200355826e-07 
8642 8.849121088672085e-11 
4997 6.8344690232994155e-09 
9156 5.542649505863205e-08 
7101 2.9610664581736134e-06 
8022 1.314250702822245e-06 
9694 4.982775012833736e-08 
5718 5.3446388235912565e-08 
6701 3.6839116384345674e-08 
7836 3.9804782826825523e-07 
9481 1.1227094844004445e-07 
7620 1.1802750245023062e-07 
698 4.371577852799074e-08 
9943 2.6354196107373015e-08 
9766 3.2499042784854486e-07 
9598 8.083140458091021e-07 
7438 4.5480106277946546e-07 
6555 1.623531722372771e-07 
9253 1.7487298810620402e-09 
7588 3.314252753986444e-08 
8736 9.006352462114917e-07 
5154 6.092253953553684e-09 
2231 6.326552033426986e-08 
2035 3.839732835514788e-07 
5940 4.3474211369965094e-07 
8771 4.967457734946136e-07 
1174 1.1258346119518564e-09 
5341 9.930919708353794e-07 
3691 7.597498784668206e-08 
3214 5.568640517876109e-09 
5857 2.1797859394226404e-10 
2674 6.01431174087892e-09 
1722 1.8494971779497722e-08 
7697 3.560585853934484e-11 
7902 5.53729470452135e-08 
5589 2.1830356234409326e-07 
6997 2.4138926674928e-08 
1153 8.030327240763366e-09 
8852 8.106356887669936e-09 
1910 1.0033272420485262e-08 
5373 1.7381599748378905e-09 
5570 8.110116424351471e-09 
1486 8.296722899361116e-09 
7729 4.629192871180099e-09 
7301 1.7612226639661215e-09 
6660 7.04291288286015e-08 
8423 5.051432100406782e-08 
1597 9.45492496723713e-09 
7366 2.0001196759265706e-06 
421 1.6275060004180013e-08 
6197 4.201817576602457e-10 
1648 1.1938575128489504e-11 
1288 1.2388777176616035e-08 
4726 1.0859788371547365e-07 
6571 5.734730380076592e-09 
6144 2.206476000974028e-08 
4947 1.2085269654635708e-06 
4097 2.199676452865833e-08 
7482 1.2399500868556422e-06 
5208 6.023808396538044e-10 
8088 7.133684446631765e-07 
2552 7.918015306460947e-09 
9836 6.783333678760963e-07 
5880 4.7800051271331735e-06 
6109 1.2788948930559124e-07 
4022 4.1023792570553497e-07 
4386 2.666878720182531e-07 
3502 5.259469507048337e-10 
5746 3.0584282114808244e-09 
4088 1.3985441270130891e-08 
615 1.797515200778083e-07 
5837 6.371165016267398e-08 
3991 2.865451989703838e-07 
1634 5.3420964206020026e-08 
8476 1.2055217035010109e-06 
6410 2.6465368624783433e-07 
9283 2.7248174026393226e-07 
6519 5.789019469251266e-09 
3813 2.524446805605594e-08 
8036 4.6705557275100983e-07 
2339 7.74291855284992e-09 
5160 1.2339836936172867e-07 
9712 4.082604092916521e-07 
1838 4.940983316249127e-07 
8933 3.151959140531278e-06 
5737 3.3500298810901696e-08 
9266 2.1327571170172595e-09 
160 1.3504367425125222e-08 
2440 1.7627494264445005e-08 
8301 5.7902676949726244e-08 
8387 3.865621821719147e-09 
507 5.466943036655599e-08 
8291 1.1108504654328e-10 
2861 2.443432160619143e-08 
5721 2.3649242032036503e-07 
8690 6.733020969985925e-09 
935 9.49011237481737e-09 
6937 1.1036324022587092e-06 
1129 1.1236053219885906e-06 
1151 5.992790929319744e-07 
2392 3.9004817983086736e-08 
3967 7.072933324709193e-07 
8644 1.5491652372262403e-09 
4767 5.563936495277147e-09 
3537 4.159461008673224e-08 
8352 1.1708668604196825e-07 
7523 3.361820360666453e-09 
8498 5.104920737920935e-09 
8074 2.5137069682292326e-08 
643 3.0356314257506196e-07 
2577 3.499472374678247e-08 
5610 3.74914934186668e-08 
2230 2.6165472402458836e-06 
1560 1.5314068907835814e-09 
8635 2.9163027262719445e-09 
1071 3.2232805300723743e-06 
7258 4.159539230878413e-08 
1338 5.262130050275038e-10 
110 5.6124186215904086e-09 
1492 6.958791910624509e-08 
453 1.6003811978414487e-06 
8057 2.751446829732775e-09 
2668 9.162688433287866e-09 
987 7.314206142527342e-08 
2237 9.310270402787296e-09 
807 1.9768769954353616e-11 
3199 1.3765827931223364e-09 
1318 3.979384804852964e-08 
9656 3.5350184224939656e-07 
4916 1.8816791187927135e-08 
5099 1.40204298626663e-09 
588 1.4671634959077893e-08 
1123 7.536067079068324e-08 
6102 3.864801695345718e-08 
6960 2.3385299364319664e-08 
4153 9.997154438573881e-08 
8950 4.522884219871755e-08 
134 8.984772313652559e-09 
1297 2.4610089883735617e-07 
1127 9.911546201238786e-09 
7550 1.7899773541018612e-07 
7830 5.70970730981793e-10 
8272 1.1291182746000863e-06 
7287 3.476961812567828e-09 
6225 1.324517541651292e-07 
207 2.9790892317859818e-09 
547 2.3423086968599957e-07 
9464 5.518249658649954e-07 
2267 3.5262797868328144e-10 
7529 2.7691270086956885e-08 
5000 1.902513596474211e-08 
130 1.0341593443196576e-08 
7491 7.80435681303588e-08 
6091 2.926668827424317e-09 
6940 1.741606858701116e-07 
6779 2.2197402986764028e-07 
6123 2.6500985349609625e-08 
5246 5.022587586118021e-07 
1224 2.1992296135239786e-10 
4865 2.509412830158687e-07 
7664 2.223357858314578e-08 
6034 6.001188948638039e-09 
8728 1.440044525384803e-07 
6222 6.676551214711287e-08 
6586 5.515202118052754e-09 
5970 1.997758843183035e-08 
4966 1.0288820147226997e-06 
6785 9.637649991218675e-10 
3666 8.534419785460878e-11 
129 1.4669667088421155e-08 
4166 7.85762165950903e-09 
8248 2.4872602489426542e-08 
4517 1.8605084694926517e-08 
6099 7.320024068228209e-10 
3015 6.544511460537805e-11 
3847 1.8779094979352526e-09 
9814 6.3615063979906815e-09 
3185 2.3479425331758093e-06 
4654 7.946053056172474e-08 
2698 1.1919206931688052e-07 
2912 1.0325995052043072e-07 
903 5.008666860794343e-07 
3787 5.799309081894307e-07 
663 2.318316636752693e-10 
357 1.2202159685338121e-06 
1150 1.9302850782078156e-09 
4152 7.0603828550085774e-09 
1608 4.843854535170226e-08 
6520 1.6511590874902532e-08 
7344 1.956132780983697e-09 
5733 2.727748604249014e-10 
4920 5.943765303480534e-09 
8368 1.917777106728375e-08 
3985 1.5238236304579048e-06 
374 9.710413671044556e-08 
7186 4.5478421322093805e-09 
8449 3.9754293908787715e-08 
5482 3.690497493659855e-07 
9430 3.7583733123623163e-06 
8870 1.4384636545057214e-09 
6643 3.052281264948043e-08 
4159 7.627920253555284e-09 
1845 1.0637305630268896e-07 
2562 1.675456676515507e-07 
8076 8.375043155571653e-08 
8504 8.888964295908823e-08 
6879 1.1007962967747783e-07 
3466 7.11732215416653e-08 
977 6.361165704425742e-10 
9051 1.521037385541785e-06 
485 2.234735480103082e-08 
6527 7.79084674607021e-09 
5780 1.0236247040253768e-07 
2171 1.0047724834672e-08 
3126 4.5562560068957507e-07 
6552 1.2818850381136546e-09 
5662 2.7374406780797996e-09 
6887 2.1371131315768707e-08 
7195 3.9871887199738346e-07 
3949 1.0485155037767108e-07 
9225 3.2011311095630785e-09 
1480 1.528109776960569e-08 
9782 1.0192712218682048e-08 
5265 3.684090598993911e-08 
7000 5.38096487542952e-08 
8139 1.5616377245256607e-08 
4354 4.950362968587354e-09 
5767 8.230296131032586e-10 
6689 9.636876995754379e-09 
1874 9.374464300760201e-09 
5680 7.406297501409199e-09 
6480 9.193310945093118e-08 
4113 9.025903943045703e-09 
2968 2.52282087233289e-08 
4551 7.436946426864059e-09 
4193 1.6447258932480438e-08 
8345 3.809381135376098e-09 
4907 4.4770559776838916e-08 
5095 6.387501743860637e-07 
4446 7.110998281140679e-08 
591 1.5402482931943973e-08 
3497 1.117968201458534e-07 
2824 1.0700391022463313e-09 
2128 2.367080027930743e-06 
5214 5.53972900624988e-08 
6720 6.306975687914085e-08 
7948 2.5463127463616856e-07 
911 1.0566910335022689e-09 
4107 4.952704588102547e-07 
6367 1.1349059666013961e-06 
6212 9.632257665093125e-11 
398 3.955596771222728e-08 
4553 4.897720716927772e-08 
5213 1.1607519270622414e-07 
8220 2.5623408947765932e-08 
4309 8.908870618589416e-07 
4032 3.408275143472859e-07 
8781 3.9359762151907246e-08 
1859 2.3778988766649627e-09 
3617 6.123706974323588e-08 
1152 4.998400097278423e-09 
4111 4.877676662584391e-09 
1699 1.0220097932134154e-06 
6310 1.699882284329573e-06 
8028 7.460496547941748e-08 
4581 8.458095948192201e-08 
595 4.023378997107554e-08 
549 3.2992133122689005e-09 
4156 3.0140064475437474e-08 
5688 3.247838077012578e-09 
8169 3.1426312628256254e-07 
7713 2.649724103326312e-10 
61 1.598307877763054e-07 
9413 4.152872896243226e-08 
9340 1.6942124860296339e-07 
1130 2.0529815503839785e-07 
6468 4.115524418653316e-10 
1218 5.543709029726812e-07 
2248 2.2624021458191675e-08 
3370 6.281820267954596e-10 
2317 1.18684958725062e-09 
3730 1.072963351751255e-08 
689 6.320448809130153e-08 
7291 9.218193140586356e-07 
8181 7.157661003747437e-09 
7094 1.6473817956492226e-07 
6902 1.2665628819463783e-07 
6332 4.8322339218344e-07 
9197 1.0236364363569103e-09 
2904 6.255275811177107e-09 
2305 1.028226614375798e-07 
4684 3.3297802810383983e-09 
2678 2.1313999774856182e-08 
4863 8.05919409345142e-09 
636 1.7130616392805373e-07 
7285 1.8583425000913856e-07 
4220 1.0989193534141322e-07 
7061 9.641087038957108e-10 
6933 5.148193833043324e-10 
5551 7.279458023781021e-10 
9548 1.8766620505858422e-10 
7087 3.721934466836756e-08 
7082 3.977768662317779e-06 
8966 5.967653765374633e-08 
759 3.9942563145878296e-11 
1267 2.4693926200191306e-09 
9992 6.288803291597429e-09 
1810 7.349566861773369e-08 
3903 6.04624846066547e-08 
9410 5.090250480808255e-08 
2134 9.42739905238077e-11 
32 6.379647631790211e-08 
9447 8.6695181773528e-10 
4968 4.942995518648387e-09 
3098 5.80774337617055e-09 
8664 3.2013207402020534e-07 
9279 9.68680854337978e-09 
733 3.433811682641407e-09 
4659 1.1043566417790786e-08 
9489 6.157223561475168e-08 
9068 3.7276847576246194e-07 
4266 2.343217726943504e-08 
5596 2.726873891620296e-10 
818 4.262699563907705e-08 
5121 3.715860366986342e-08 
8396 1.335753589535961e-07 
8575 3.5964241583451902e-09 
4191 3.6822161288405016e-08 
981 9.401737793022016e-09 
8674 1.6224965778015624e-08 
6183 2.1467907206427681e-07 
4801 3.6371486716697756e-08 
9823 1.0037654531343254e-09 
2970 3.9099385108258865e-07 
2913 1.6961354130655046e-08 
3943 1.3596171770900722e-09 
1734 3.7318726027456576e-08 
9630 1.9680046341478616e-09 
5548 5.8572828189767424e-09 
3272 1.169772954776006e-08 
2060 1.2685363351655314e-08 
5058 1.2391200809558865e-08 
6700 3.95611133262308e-10 
7710 7.958885678730131e-08 
6441 2.0537847314174495e-08 
2951 6.222686688587858e-08 
5855 1.2763831383058126e-06 
9001 1.4685076177797247e-07 
3382 2.818528455906841e-08 
6962 6.566969679280615e-09 
1009 1.6120293456220805e-09 
9097 1.0847301915514209e-08 
2805 3.4012361668543054e-08 
9328 4.218581430546781e-08 
3463 9.114255526920757e-09 
7940 1.5276202297377039e-07 
3548 1.604703989783171e-07 
4209 1.959450522320211e-06 
3629 8.245593601462899e-08 
9662 9.327221221106792e-08 
3946 5.489035849631744e-07 
4591 2.2376993120336135e-09 
3644 2.309116712943815e-10 
1175 1.1643282913672348e-06 
4267 2.4854583990431035e-09 
3654 3.1728782195131466e-08 
524 1.5040210617160533e-06 
7446 1.6188781023441438e-08 
952 3.655907805724735e-08 
4370 7.033734748720238e-09 
3852 2.2619490084057946e-06 
3675 3.8815114016290916e-08 
6175 1.944620059192905e-07 
3449 1.1210876355247372e-08 
3460 6.473056090704893e-10 
6453 2.5335694577521553e-07 
5836 4.9180524815156096e-08 
8344 1.890399404844671e-08 
8302 1.9832766603102052e-07 
4734 1.2731352547667909e-08 
9577 1.975546731790897e-09 
9022 1.045640207111758e-07 
674 8.029151851723457e-08 
9793 9.259282988698485e-08 
1410 8.69762353316486e-08 
8330 2.2471480280402724e-09 
2386 2.7276037865713346e-08 
2320 3.262519682961185e-08 
7586 3.0245513608004033e-08 
3694 3.1301370940735665e-09 
9669 6.7115036612313845e-09 
3823 3.223987654914131e-09 
8784 1.690328146772827e-07 
937 1.2231055761817624e-07 
3638 1.4845265600096872e-07 
6756 1.1434776451897958e-07 
4374 1.9181418740668542e-07 
9311 8.99268206600056e-09 
6343 1.6185206355336314e-06 
9419 1.8705573522378246e-06 
8519 9.462288359626638e-07 
3619 2.2913154830526278e-09 
8566 1.5528400868218724e-09 
5360 3.0025106279446274e-08 
3872 7.511433942359181e-08 
9609 4.7039546491931984e-08 
3327 5.6028688611938805e-09 
8069 3.372541577603694e-10 
3140 1.0246402095106448e-08 
8107 1.3876876079369657e-07 
8463 1.6184885948033332e-06 
2506 2.6068446106722494e-09 
8394 1.973126839867334e-10 
3995 2.9186958621458745e-09 
9065 2.1115078513143947e-08 
7573 7.388364442083626e-08 
5771 8.299732202083967e-08 
6541 1.061729573256418e-08 
3418 4.0712868875904885e-08 
1424 2.1841110381761765e-08 
3130 2.5949426584877494e-08 
9083 1.269867360970369e-07 
3927 4.816976849813864e-09 
9554 8.644285981462829e-11 
1048 4.7481682111728105e-08 
9614 8.367559271339753e-10 
9361 9.209978767899993e-09 
1705 3.7051720873284427e-09 
3772 1.5284895035689347e-08 
9373 3.977923742249511e-07 
3888 7.131718422878882e-08 
86 7.208034759304047e-08 
8506 1.803229816008979e-09 
7439 4.965133073396936e-07 
3564 2.7805701615432333e-08 
617 1.680868246998167e-09 
4754 2.5028205717235637e-09 
5803 4.890957176317389e-09 
5552 3.1870509276181154e-08 
9682 3.166728146353947e-07 
7572 2.5283863162587136e-08 
8378 5.7124948346580604e-08 
6924 1.0859830116481629e-07 
4436 7.820218836329438e-08 
8279 9.996265548173691e-10 
5221 3.098763584137343e-08 
7166 2.9354551973943973e-08 
3142 5.720186932934196e-07 
9382 5.909021447061263e-10 
2346 1.1350185581123705e-06 
9421 2.967666004105368e-07 
1666 7.598620344051454e-11 
4231 2.7302973866453277e-07 
4469 2.19368192791965e-07 
7397 9.481277121062073e-07 
4636 1.3333880111098386e-07 
9301 4.62534672046014e-09 
6774 5.504555127087019e-09 
740 7.458084801942579e-07 
5749 7.395323808828417e-08 
8606 2.7200394300754167e-09 
7130 3.857272969449028e-07 
1029 1.5360831300513776e-07 
1791 1.7050890076180194e-08 
4073 1.1753836240138368e-08 
6390 5.338347715367325e-08 
9753 3.4803589155606163e-10 
7324 1.873591070043225e-08 
2608 9.847655483364079e-08 
3147 4.7833871328601706e-08 
5484 4.3194916133498795e-10 
5293 5.373664723993532e-07 
3659 6.30350097423002e-10 
5478 8.39449531880524e-08 
8437 8.416850769436071e-07 
1189 5.950605735157571e-10 
5457 6.255233438480298e-08 
75 1.5688376744968748e-08 
6255 4.3201972592699173e-07 
520 8.88824056947404e-07 
6358 6.883154219246065e-08 
4356 2.381822903555129e-08 
2843 8.159884833797149e-10 
7150 3.139034706834884e-08 
7274 8.527970235234772e-07 
2122 1.9361727652626975e-08 
9307 2.4866061091394844e-08 
2459 2.861844964539796e-09 
3063 6.377693038259143e-07 
968 1.1622752326551078e-10 
5080 3.7137567636371575e-07 
7290 1.673917315207072e-07 
8763 1.7980069858072595e-07 
104 2.57238491117673e-06 
9965 7.418589904465542e-08 
1759 3.6462110149758364e-09 
4948 3.197082920364941e-08 
3895 1.1753002809889725e-08 
8505 5.841438791764493e-08 
9376 3.3730089040037107e-09 
5303 2.8919724094359287e-08 
4350 7.852109987322125e-09 
979 2.8598622926192738e-09 
4954 4.576274818632412e-06 
6788 6.290084700929371e-10 
4776 1.5447940459821723e-07 
749 9.32399206385597e-09 
6474 4.791275263392675e-09 
9067 3.0622368164963908e-09 
1370 3.2586188599812524e-07 
2484 8.985886474306097e-08 
9319 2.7113947326006047e-08 
7322 7.502079858010447e-09 
8813 9.202116458836355e-07 
1002 5.071405100696646e-08 
6848 4.795893112558022e-07 
8060 3.4815423727807776e-08 
2431 6.766588306533891e-07 
891 1.5683227924884538e-09 
9904 9.113298612180067e-08 
1615 3.861000552191006e-08 
1298 1.4687538967623786e-07 
2701 1.615473832993191e-09 
2078 4.788751952746455e-07 
8511 1.82096011086579e-08 
4027 1.3634444019308299e-08 
1340 1.4688288851732198e-08 
5673 1.514459776780653e-08 
2817 6.832310360334781e-09 
324 1.2882121053523166e-07 
7634 4.408377625108829e-07 
6768 1.1190189277586124e-09 
5656 6.370551119559611e-09 
8144 2.0395373636950454e-07 
7415 3.466276149899744e-07 
5145 2.5493135380472154e-11 
