1 2 6 4 272
1 47 3 5 2070
2 31 5 4 402
2 35 7 4 232
2 406 9 3 94
3 4 2 4 63
3 5 9 5 1778
3 26 9 2 22
5 57 5 3 33
15 16 3 4 185
15 36 9 3 85
16 25 3 4 336
17 18 2 5 548
17 36 8 3 82
18 33 4 3 24
19 20 5 3 47
19 21 10 3 170
20 142 8 4 364
20 148 1 5 121
21 22 4 3 70
22 23 7 4 251
23 24 5 2 26
24 25 5 4 120
24 28 8 3 116
26 27 8 3 47
27 29 9 3 198
27 30 2 2 6
28 29 9 4 326
31 33 6 4 282
32 33 7 4 403
32 34 8 6 22491
32 69 1 6 960
34 35 10 4 554
34 73 8 3 122
36 37 2 4 136
36 75 3 4 96
37 52 4 5 549
37 43 1 5 225
46 47 3 5 1120
47 448 5 4 116
52 67 7 4 500
53 54 2 5 309
53 59 1 6 4625
53 418 2 4 197
54 163 4 3 63
55 56 1 4 66
55 59 10 2 27
56 57 5 4 115
56 66 4 5 787
58 59 6 3 40
58 60 7 3 57
58 199 6 3 112
58 458 7 3 95
60 63 8 4 207
63 225 8 4 372
64 65 2 4 116
64 66 10 4 604
65 67 8 3 163
69 70 10 2 50
70 71 9 5 2042
71 101 1 6 2576
72 73 8 6 13775
72 101 6 4 143
73 76 3 3 62
73 77 2 6 2086
96 97 1 6 4224
96 111 9 4 516
97 101 5 1 7
98 99 6 4 497
98 100 7 4 284
99 138 10 2 45
100 116 7 4 166
105 106 4 2 10
105 111 8 2 23
106 107 8 4 334
107 108 10 5 2060
111 114 7 4 367
113 114 5 7 108903
113 116 8 4 184
115 116 1 3 15
115 409 4 5 1549
118 119 8 3 108
119 138 3 4 211
120 121 6 3 70
120 122 5 4 116
120 304 1 6 1552
121 296 10 2 23
122 123 9 1 14
122 124 1 5 193
124 125 8 2 40
134 135 6 4 379
134 332 6 3 69
135 136 8 4 181
135 137 4 4 140
137 139 9 4 334
139 140 10 3 61
139 141 9 3 83
139 399 6 1 7
141 400 8 2 23
154 155 6 4 281
154 156 6 3 56
154 172 10 5 5453
155 168 10 5 2450
156 157 9 3 77
156 171 9 4 373
157 158 4 4 157
158 159 9 5 1716
158 177 3 4 152
159 160 9 3 62
159 161 5 3 33
159 196 3 3 28
161 162 6 4 246
161 197 3 4 84
163 164 2 4 117
164 165 6 4 276
165 166 6 3 93
165 104 4 3 26
166 167 3 4 151
167 168 2 4 95
169 170 10 4 570
169 171 3 4 69
169 174 7 4 189
170 172 9 4 544
170 173 4 2 16
170 419 8 4 566
171 178 8 4 850
173 174 2 4 203
174 179 6 5 1174
175 176 3 3 17
176 214 1 5 137
177 178 4 3 87
177 191 7 5 1563
178 421 4 4 190
179 192 2 5 588
180 181 6 4 178
180 208 6 6 12535
181 192 7 5 1267
182 183 2 4 183
182 184 4 3 52
184 185 9 5 1224
184 208 8 4 182
185 186 7 5 1007
185 207 6 3 41
186 187 5 4 113
186 230 2 4 204
187 188 8 3 48
187 193 10 4 545
188 189 8 3 71
188 191 7 3 140
189 190 8 4 552
189 191 10 1 13
193 194 2 4 141
193 217 2 4 144
194 195 10 1 13
194 217 10 5 1760
195 196 7 5 3976
195 216 4 5 705
196 197 6 3 53
196 476 6 3 40
197 216 5 4 352
198 199 3 3 29
198 221 2 4 67
199 200 3 3 55
200 10 7 3 91
201 202 4 3 72
201 203 1 4 75
201 351 6 3 66
202 213 4 4 242
203 204 10 4 245
203 205 1 4 30
205 206 8 3 55
205 231 9 5 2121
205 360 7 2 27
206 207 2 4 66
206 232 2 4 50
207 233 3 4 283
208 209 6 3 82
210 211 7 3 147
210 212 1 4 108
211 215 8 7 91416
212 213 5 4 276
212 342 9 4 292
213 340 9 3 175
214 215 2 7 19262
216 219 1 5 639
217 218 3 4 90
218 222 8 4 633
219 220 1 6 1502
220 221 3 4 317
220 222 8 4 246
222 226 1 4 38
223 224 2 4 208
223 225 1 5 225
223 7 1 5 249
224 229 1 6 1406
227 228 2 5 361
227 229 7 3 39
227 272 2 4 69
228 230 3 3 40
229 401 5 4 301
231 281 9 4 376
232 265 1 7 10979
233 264 10 3 75
233 150 2 4 209
234 235 4 4 113
234 278 2 5 243
236 237 7 2 13
236 280 5 4 265
237 238 3 5 410
237 239 4 6 7243
239 240 9 2 35
240 241 1 5 541
241 243 10 3 114
241 442 2 3 17
242 243 10 3 109
242 244 5 4 165
242 314 6 3 48
242 80 6 4 227
243 293 8 4 263
244 247 5 2 14
245 246 9 3 163
245 247 1 5 225
247 248 2 5 713
248 249 2 6 1484
249 250 2 5 446
249 312 10 3 138
250 251 3 4 273
250 321 7 4 155
251 252 10 2 42
252 253 1 4 45
252 327 1 5 183
252 301 9 2 36
253 254 1 5 423
253 277 5 3 45
253 266 2 5 1245
254 255 5 3 54
254 256 1 4 93
256 257 7 2 32
257 258 10 3 73
257 259 2 5 303
260 261 8 4 225
260 262 7 2 35
260 263 5 3 35
263 264 5 3 38
263 479 2 4 97
266 267 5 5 2825
267 268 6 3 38
267 299 6 2 26
268 269 10 4 314
269 270 3 4 237
269 294 5 6 4502
270 271 1 3 11
271 295 1 5 157
271 133 4 4 297
272 273 5 3 56
272 274 10 5 6059
274 275 4 3 37
275 276 5 6 3904
275 277 3 4 124
275 291 4 4 132
278 279 8 5 1225
278 282 3 3 24
279 280 4 3 35
280 287 10 1 10
281 289 8 5 1377
282 288 5 4 138
283 284 8 4 373
283 285 4 3 27
283 305 2 4 106
284 290 9 1 10
284 365 10 4 970
285 286 6 4 266
285 306 10 2 27
286 287 5 4 472
286 306 4 5 465
286 452 5 2 17
287 293 7 5 1843
288 289 3 4 260
289 290 9 4 357
291 292 9 3 84
297 298 6 2 13
297 454 6 3 50
298 299 9 1 12
300 301 7 3 56
300 302 3 3 45
302 303 6 5 1057
302 304 6 3 32
302 330 7 4 238
305 306 5 3 52
305 308 10 4 279
306 308 8 4 706
307 308 1 4 91
307 309 7 4 251
309 310 3 2 10
309 338 2 3 14
309 379 1 7 10140
310 311 4 6 3724
310 85 10 2 36
311 312 10 4 287
313 314 8 4 382
315 316 1 4 52
315 317 7 3 77
315 499 5 2 21
316 334 8 3 98
316 398 8 3 150
317 318 2 4 70
317 503 4 3 74
318 319 5 7 43409
318 502 1 4 41
318 510 2 4 74
319 320 2 4 83
320 333 3 5 2017
321 322 10 4 311
322 323 1 5 350
322 325 2 5 242
322 333 7 2 13
323 324 9 3 123
325 326 10 2 43
326 328 3 3 38
327 328 4 5 1663
328 329 5 4 154
328 495 9 2 22
329 330 4 4 110
329 331 9 4 494
331 332 3 5 436
331 489 6 2 18
332 481 3 3 39
333 493 2 4 46
334 335 7 7 75395
336 337 6 3 82
336 500 9 5 1885
337 338 7 3 99
337 382 7 4 332
338 339 1 4 25
338 377 7 3 113
340 341 2 6 1443
340 349 2 5 391
340 354 10 5 1422
341 343 3 3 34
342 343 10 3 130
344 345 5 5 2235
344 346 8 1 13
344 385 5 5 760
346 347 6 4 235
347 348 4 4 133
347 387 5 6 3563
348 349 1 4 66
348 386 1 4 50
350 351 4 5 493
350 359 4 3 59
350 13 3 4 101
351 352 5 5 1167
352 353 5 6 9832
352 356 6 3 73
353 354 1 5 577
354 355 6 4 139
355 356 10 4 250
356 357 7 3 114
358 359 9 5 3271
358 361 9 3 49
358 362 10 3 67
358 360 7 3 58
358 92 5 4 147
360 413 6 4 279
361 388 1 5 447
362 367 2 5 344
363 364 3 5 1463
363 365 6 3 84
363 370 6 4 272
364 395 9 3 92
365 366 10 2 48
365 371 7 4 382
366 144 1 6 851
367 368 10 5 2358
367 369 6 5 907
370 380 1 5 225
371 372 8 3 74
371 373 7 3 38
371 374 10 4 601
375 376 9 3 100
375 383 6 3 46
376 384 2 4 108
377 378 7 1 11
377 381 9 3 127
378 384 1 5 174
381 383 1 7 7904
382 496 7 4 432
383 384 10 3 118
388 389 10 2 39
388 392 9 4 507
389 390 5 5 1094
390 391 6 4 165
392 393 6 4 600
392 394 8 3 81
395 396 9 2 24
399 411 4 4 145
400 405 7 4 182
404 405 10 5 4981
404 412 3 5 1854
405 89 4 2 16
408 409 4 5 1331
411 412 2 5 954
411 415 5 4 364
411 482 6 3 52
412 415 5 4 402
415 427 1 7 10280
415 487 7 3 134
427 428 10 3 56
427 431 1 2 5
427 487 6 6 14173
427 424 10 4 669
428 429 2 3 25
428 432 5 2 23
481 482 6 5 1888
482 488 6 4 469
483 484 3 5 484
483 485 3 3 40
484 492 7 3 70
485 486 5 6 22807
486 487 5 5 2195
489 490 8 5 2468
490 491 6 4 231
490 492 9 6 22886
493 508 4 5 1147
494 495 3 4 195
494 507 6 6 5857
496 497 2 4 59
496 62 1 5 332
497 498 10 2 30
497 499 2 5 287
499 501 6 4 602
501 447 3 8 168194
502 511 1 5 411
503 450 2 4 60
504 505 1 5 255
504 506 6 4 168
505 508 3 3 29
505 509 3 4 212
506 507 10 3 55
509 510 7 4 312
509 511 5 3 65
7 8 1 5 123
7 6 1 5 164
10 9 3 4 148
10 11 2 4 61
13 12 6 4 637
12 14 9 1 15
144 38 8 3 106
144 145 3 3 66
38 39 10 3 55
89 68 9 1 8
89 88 6 2 20
68 40 7 3 44
68 102 1 6 4693
40 41 6 3 56
40 81 1 6 842
102 50 9 3 48
50 51 3 4 86
41 95 2 5 250
81 146 10 5 3268
95 456 10 3 116
95 143 7 3 51
95 146 9 3 113
146 410 3 4 103
43 42 1 4 37
133 130 3 5 724
128 117 5 3 92
128 132 4 4 95
117 129 10 4 420
117 110 6 3 95
132 130 8 5 3006
129 127 4 4 92
127 44 5 4 509
130 131 5 3 36
44 45 1 5 462
110 109 5 3 59
110 126 4 3 87
109 112 10 3 169
62 49 4 4 116
62 61 9 3 148
48 49 4 5 550
75 74 9 2 17
77 78 5 5 1297
80 79 6 5 3436
92 90 8 6 11312
82 83 10 2 28
83 91 10 3 103
91 90 7 1 7
90 93 1 4 112
93 94 5 4 328
85 84 10 3 99
84 86 4 2 17
84 87 7 4 368
86 87 1 4 94
104 103 8 3 127
148 147 7 3 133
147 149 4 4 146
150 153 1 5 357
150 151 10 2 29
152 153 6 4 192
398 397 6 2 20
401 402 3 3 54
401 403 6 4 418
406 407 3 4 95
416 407 1 5 665
413 434 8 4 666
413 414 10 4 717
433 434 8 4 604
418 417 3 4 71
419 420 10 1 7
419 430 10 4 569
421 422 5 3 60
421 423 10 2 39
424 425 5 3 28
424 426 2 6 1992
424 438 3 4 199
438 437 1 6 3400
437 439 2 5 749
454 453 8 3 164
454 435 1 4 75
453 455 9 4 273
455 460 8 5 1514
435 436 5 4 161
460 463 5 5 1734
463 462 6 3 48
461 462 9 1 12
461 464 5 3 28
464 466 1 4 79
466 467 9 4 351
452 451 1 4 43
452 440 10 4 601
451 459 6 4 164
459 473 9 3 109
440 441 5 2 22
473 472 3 3 48
442 443 3 4 321
448 444 5 6 3806
444 445 9 1 9
465 445 9 3 102
465 468 6 5 2331
468 469 8 4 832
469 470 3 4 106
470 471 4 3 62
447 446 9 5 3812
450 449 6 2 22
458 457 2 3 12
476 474 7 4 214
476 477 7 2 31
474 475 2 4 206
477 478 9 3 69
479 480 10 2 34
284 177 8 4 750
391 291 5 3 43
397 161 9 4 476
376 187 7 4 777
322 42 1 5 592
399 318 2 6 1703
463 89 10 3 99
343 194 10 6 34825
437 265 5 4 470
239 53 7 2 24
411 475 7 6 6689
21 372 9 2 31
508 449 1 3 7
24 51 7 5 1072
54 280 7 4 587
261 73 9 3 176
2 307 4 3 35
476 36 8 2 42
374 231 5 5 759
483 72 2 2 7
188 248 4 4 100
326 346 7 3 54
458 449 5 6 10331
435 58 3 4 175
225 130 7 4 173
484 174 6 4 184
322 33 2 7 20372
369 191 1 4 78
330 20 6 3 67
324 21 10 3 166
18 385 9 3 87
252 297 4 6 4696
7 178 9 4 381
30 43 5 3 80
397 191 7 3 39
450 80 10 4 249
458 335 9 4 359
171 48 2 4 58
485 267 2 3 14
104 136 2 3 43
47 507 4 6 13038
302 429 7 5 2910
424 132 5 3 42
55 69 3 5 358
81 28 7 4 209
346 114 8 2 28
84 284 7 4 226
57 44 9 2 31
112 358 3 2 8
103 252 1 5 128
202 401 2 5 397
106 343 7 3 75
297 285 6 5 1769
47 27 5 3 48
391 38 10 3 62
292 297 9 6 7881
292 334 1 5 275
149 56 4 6 4167
56 464 4 4 185
252 487 8 1 12
491 427 4 2 18
112 439 3 3 50
62 365 3 6 10388
315 75 9 5 3326
445 373 10 5 3543
373 228 6 4 216
459 103 1 4 29
5 34 1 4 111
357 412 1 6 780
195 208 3 6 2398
362 282 4 3 24
282 132 5 4 145
292 358 9 3 60
130 16 4 4 398
354 48 10 2 42
329 398 8 3 90
107 143 2 4 100
302 8 8 4 345
437 468 1 5 692
391 24 6 3 85
70 453 10 6 12884
428 250 7 6 7180
427 93 10 3 63
235 500 5 4 489
476 259 7 4 167
140 144 3 3 44
373 167 6 4 253
413 463 9 3 134
100 419 8 4 465
67 49 10 3 113
148 127 7 3 78
227 117 1 3 16
147 283 9 3 87
464 193 8 3 64
281 305 4 2 21
168 300 1 4 54
456 265 2 7 12229
74 34 8 4 261
228 497 10 2 46
84 178 6 5 3803
47 339 6 4 328
137 364 4 2 13
419 487 10 6 14557
497 260 4 4 350
432 171 8 2 17
104 329 10 4 273
16 90 6 4 318
14 244 3 4 226
56 483 4 4 143
175 2 2 5 700
151 442 3 8 138136
372 443 4 4 165
460 285 1 5 275
372 171 8 4 211
267 357 2 6 8137
336 274 9 1 15
235 63 4 2 21
279 71 3 3 22
251 475 3 4 150
440 88 8 2 35
169 453 1 4 24
172 264 6 4 148
51 471 9 4 228
503 172 8 4 274
175 199 1 5 324
230 291 4 3 24
16 205 4 4 100
339 82 8 4 189
449 137 10 2 26
119 372 9 4 981
499 126 8 2 29
485 290 3 4 79
181 127 4 6 5659
505 298 9 5 1154
290 489 8 3 83
34 249 5 3 80
179 277 1 4 32
440 73 4 2 15
343 395 7 4 412
87 478 8 3 162
316 6 6 4 248
307 144 2 4 92
308 435 4 4 194
233 510 5 3 43
126 354 5 4 114
272 162 1 4 43
135 122 1 3 22
365 389 3 5 1186
235 479 2 4 54
125 110 4 5 1355
289 302 6 4 479
13 387 6 3 106
345 228 10 2 39
10 105 7 4 448
311 286 6 5 2394
126 229 4 4 99
286 221 10 4 238
171 11 2 4 45
172 342 10 4 397
245 407 1 6 1069
63 188 2 4 182
253 232 9 3 74
435 104 9 4 274
87 138 7 3 139
30 432 5 3 53
476 53 3 5 919
107 103 3 3 63
409 12 7 4 173
344 183 7 4 651
440 85 5 6 11392
210 133 6 4 216
45 192 6 5 2857
352 234 9 4 728
354 440 2 4 169
28 170 9 3 145
281 2 7 1 9
361 251 10 4 916
35 364 3 3 38
433 81 10 5 4103
281 159 8 3 55
495 148 4 3 73
316 239 9 3 116
143 130 10 3 212
26 136 9 3 84
424 419 2 3 36
395 202 3 4 253
136 352 1 5 305
380 360 4 4 135
146 72 1 4 42
424 450 10 4 562
147 425 10 2 22
451 285 7 1 12
195 101 8 2 39
457 177 5 3 57
81 208 7 6 30274
182 200 2 4 187
436 509 7 4 338
29 18 2 4 211
149 453 1 3 6
330 473 6 5 1617
73 53 7 3 133
340 196 1 5 172
256 444 1 6 717
270 428 9 3 147
407 87 6 4 200
346 295 7 3 119
78 410 5 3 108
87 205 1 4 45
331 59 8 4 736
45 83 7 3 99
411 217 1 5 462
262 497 3 3 57
267 226 8 2 36
456 426 6 4 160
321 505 5 5 1388
479 424 10 5 1347
488 420 1 6 1489
236 272 7 3 98
507 217 1 4 46
366 165 8 4 279
227 338 7 4 158
228 346 10 4 500
488 324 10 4 346
116 214 1 3 19
499 343 5 2 26
155 118 7 2 24
480 256 1 5 127
176 478 6 3 60
375 389 2 4 73
139 438 10 1 17
366 395 7 5 2950
42 36 3 4 106
470 372 9 5 1443
127 490 6 4 410
407 209 10 4 229
455 68 8 4 870
222 99 7 3 100
351 55 4 3 48
418 87 9 3 64
254 89 1 5 242
256 83 7 2 18
225 147 7 4 215
73 89 4 4 281
376 270 4 3 22
415 507 3 5 528
414 382 5 4 126
319 321 3 6 11056
257 29 6 6 4268
312 374 4 4 156
43 150 8 1 8
82 423 10 1 8
226 280 10 4 280
125 299 2 5 268
202 220 6 5 781
290 116 7 3 91
130 118 6 3 100
358 76 3 5 360
243 500 3 3 28
163 155 8 3 118
445 227 4 4 96
240 177 5 5 1237
299 246 6 3 63
347 136 7 3 39
211 323 2 4 203
318 227 8 3 72
174 222 1 4 52
35 492 9 4 264
441 58 9 4 214
196 346 5 3 92
511 236 8 3 66
485 390 3 4 276
104 59 1 4 49
479 450 3 5 694
138 5 5 3 49
37 172 9 1 8
138 363 1 4 42
242 4 9 3 149
482 154 4 4 103
149 188 6 4 224
99 460 1 4 95
425 450 2 4 205
357 26 5 4 252
161 115 1 6 2228
381 37 7 4 256
132 19 5 3 76
187 142 5 2 18
491 238 9 2 26
159 315 9 4 349
210 320 8 4 403
412 304 6 4 197
455 221 3 5 398
206 67 6 6 12658
49 231 9 2 19
148 56 3 5 526
418 274 6 4 265
101 374 4 3 22
262 368 10 4 430
508 424 4 4 92
337 46 2 4 145
509 305 8 4 202
204 60 8 3 133
96 195 1 4 40
339 139 9 3 97
437 348 5 3 27
121 269 2 4 211
246 328 2 4 125
484 17 6 6 5139
69 250 8 6 7806
402 7 4 6 9668
129 389 2 5 1369
119 123 1 5 218
197 210 5 5 1517
363 165 4 4 127
87 5 4 4 430
221 486 9 5 1262
247 221 9 4 374
413 265 7 4 372
111 499 3 3 25
448 258 5 1 5
49 166 5 4 112
110 115 9 5 4735
26 425 10 3 56
72 204 9 4 495
315 355 7 3 88
189 99 3 4 213
509 155 1 5 497
483 167 2 5 1004
82 471 9 3 170
145 45 9 5 3188
297 442 3 5 400
55 250 8 4 261
288 110 6 3 113
445 503 5 2 20
503 235 9 2 38
332 103 1 5 243
489 487 6 4 163
127 123 7 4 268
358 357 7 5 4679
330 332 10 2 36
501 372 8 3 131
253 133 6 3 55
78 174 1 5 640
337 445 1 4 85
85 334 2 3 39
498 277 6 3 39
210 80 5 3 84
42 223 9 3 181
168 27 7 3 76
160 87 10 3 141
55 270 8 3 46
36 223 6 4 210
314 10 10 2 37
410 213 2 3 11
484 485 9 2 22
309 28 2 4 169
10 219 2 3 18
69 297 1 6 730
18 402 3 3 58
457 206 4 5 938
319 504 6 3 79
401 246 10 3 95
422 501 3 5 886
26 11 5 2 12
245 501 2 5 249
211 451 1 4 25
7 275 7 3 94
293 502 7 3 134
340 55 2 5 312
385 449 4 5 477
474 142 4 4 332
186 407 2 6 1582
116 149 4 4 110
83 372 5 6 12895
228 281 4 4 429
265 65 10 3 84
230 241 2 4 221
435 123 4 4 333
288 386 1 6 794
497 427 4 4 147
452 23 10 5 1248
256 360 5 3 59
227 132 8 3 115
352 378 9 3 72
294 84 2 6 3581
434 225 6 3 80
26 289 9 1 5
415 461 4 5 688
231 103 1 4 52
58 371 6 4 199
109 176 4 1 5
445 329 6 3 109
255 165 6 3 79
219 451 6 4 318
162 205 2 4 109
491 62 9 5 1509
7 308 9 1 9
18 332 10 5 1609
76 390 3 5 1815
197 166 9 3 72
235 507 10 4 351
116 328 5 4 237
197 207 4 2 19
109 115 8 3 152
412 293 8 5 925
350 270 3 4 107
112 330 5 3 29
94 410 5 4 123
244 108 9 2 39
430 322 2 4 96
38 287 2 3 24
413 145 2 2 6
132 195 3 4 176
366 374 8 1 6
276 123 5 2 15
72 257 4 5 630
83 370 9 4 347
94 1 2 6 2432
125 184 5 6 3569
322 156 1 4 32
427 192 8 3 127
107 214 7 3 124
399 122 8 5 1812
121 386 5 4 278
219 414 4 4 126
430 401 1 4 96
363 468 8 5 3018
209 498 8 4 757
481 116 6 4 283
123 216 7 2 36
377 330 2 5 1123
450 12 5 2 12
432 20 5 3 42
470 270 7 6 5381
337 139 8 3 90
301 389 10 3 206
135 200 1 5 362
159 50 6 5 2363
359 397 6 6 8266
33 149 9 5 1811
136 288 10 3 170
413 16 6 4 164
463 182 7 4 157
198 105 2 4 83
49 140 5 4 186
33 261 10 4 408
305 456 8 4 657
349 1 4 4 233
504 327 7 2 17
286 335 2 6 2183
283 48 6 5 2291
60 394 3 5 1320
227 316 10 2 31
436 460 5 7 25881
88 61 1 5 422
100 508 10 3 114
477 260 10 5 3814
153 235 1 4 87
315 224 7 5 1210
418 362 4 4 309
349 509 10 3 96
35 59 5 4 439
77 252 8 2 20
461 97 10 4 894
411 182 9 6 9510
509 70 4 4 362
184 381 6 3 117
316 475 8 6 16831
199 51 1 6 2655
239 85 8 2 24
495 137 4 3 53
178 75 1 4 87
49 269 7 4 208
473 106 4 4 317
276 111 9 3 129
441 332 5 3 36
205 450 8 4 540
65 173 8 4 313
154 383 2 4 109
63 404 4 3 43
171 161 6 4 659
118 224 8 4 183
435 190 9 5 1722
108 470 9 5 4252
463 209 3 3 38
147 93 6 3 32
120 408 9 2 45
370 455 5 4 332
238 401 5 4 520
376 455 9 3 81
468 266 7 5 886
282 469 8 4 669
200 118 2 6 2008
239 435 5 5 591
29 477 10 4 616
183 3 2 5 501
232 241 9 4 731
160 491 10 1 7
384 176 6 4 397
303 407 2 3 35
244 2 4 4 343
90 477 7 3 100
269 160 8 3 49
9 255 10 5 1182
500 323 2 5 287
226 17 10 4 468
162 100 6 3 79
442 354 10 4 360
254 56 7 2 28
177 70 9 3 98
283 413 9 3 142
467 303 8 4 311
506 52 2 4 69
402 315 1 4 49
44 66 7 3 106
205 376 2 4 98
78 375 4 5 1675
45 468 4 4 355
300 11 2 6 1915
288 143 3 4 137
238 91 10 4 984
423 101 7 5 2863
159 455 7 4 360
46 77 7 5 1087
438 456 3 4 169
168 438 6 3 116
228 205 7 3 52
60 109 1 5 169
97 31 5 4 198
56 135 1 3 6
215 138 10 4 771
305 446 4 7 48921
195 390 8 3 132
181 508 6 2 17
511 454 9 4 371
388 279 7 4 215
13 343 4 3 33
132 121 8 3 122
420 165 2 4 119
279 398 6 3 119
334 466 2 4 110
76 96 9 6 28932
397 429 2 5 388
271 172 7 5 804
297 357 3 3 21
398 305 6 5 2183
266 449 8 3 150
380 322 8 2 36
511 252 1 3 19
412 136 7 4 357
273 453 5 3 40
440 111 8 5 969
88 261 8 4 355
40 321 4 3 27
221 370 10 3 189
200 348 3 5 765
141 425 4 5 787
461 442 3 5 518
496 325 3 4 197
504 467 8 3 73
148 320 10 3 208
274 53 5 4 144
133 312 2 4 220
166 318 9 2 21
326 491 2 5 591
131 60 10 2 26
336 448 6 3 66
392 136 4 3 33
64 75 7 2 34
211 433 6 4 499
405 393 4 4 237
415 14 2 4 85
475 69 3 5 385
125 335 1 6 1784
481 214 10 2 48
125 1 4 4 201
345 352 9 4 269
511 191 5 4 157
398 405 10 4 247
204 231 1 5 128
61 220 7 2 25
359 498 1 5 192
413 159 9 4 246
4 62 3 4 311
458 351 7 3 68
218 325 2 4 79
184 488 5 4 189
131 327 6 4 390
29 210 2 3 20
74 138 2 5 336
48 333 9 2 16
110 339 1 5 193
408 186 4 5 1225
340 441 1 4 58
251 446 7 3 134
31 254 10 4 362
336 79 5 4 456
111 375 10 3 62
199 351 10 4 337
258 429 7 4 775
503 484 6 2 16
152 452 3 5 494
247 166 3 5 472
460 442 2 4 72
81 489 3 3 46
91 476 5 3 72
202 449 6 6 4996
137 230 3 5 425
147 127 3 5 670
229 424 3 5 1063
462 27 3 5 759
387 140 2 3 37
322 160 10 3 81
177 218 10 2 28
53 275 1 4 113
268 37 6 5 1293
330 88 6 4 365
107 462 2 5 270
508 252 9 1 8
343 78 1 4 33
385 88 6 3 58
403 66 1 4 95
424 490 1 5 219
266 293 10 2 40
177 182 1 6 2000
149 4 2 4 47
423 324 7 4 369
504 180 9 2 27
457 115 6 3 129
493 85 6 4 463
257 240 7 3 64
470 36 10 3 63
179 507 1 5 160
473 504 2 5 1060
125 304 2 5 896
363 434 1 5 194
175 87 8 3 109
183 464 10 4 815
186 482 7 4 540
146 458 3 5 700
51 209 4 4 199
413 464 2 5 310
331 130 6 3 107
194 161 7 3 132
345 204 7 2 15
342 194 5 3 64
10 115 5 5 3167
160 432 9 4 268
215 229 6 7 65552
484 191 9 3 81
41 250 7 4 488
339 86 2 4 166
244 91 10 4 829
61 236 5 4 195
190 394 1 4 40
125 6 7 3 99
508 205 4 7 58438
248 408 5 3 62
411 280 10 2 35
262 392 3 4 87
400 392 7 3 133
386 265 9 4 334
174 34 7 4 749
96 121 7 5 2232
263 96 2 4 62
410 447 8 4 204
306 460 7 3 64
191 279 7 3 128
35 83 1 7 17173
192 242 1 5 359
369 247 7 3 62
350 153 6 4 201
479 274 4 4 124
26 418 2 4 111
301 269 6 2 17
390 181 10 1 12
316 65 5 3 78
85 146 4 3 78
356 361 1 5 139
241 163 9 5 2544
284 239 6 4 142
364 384 1 6 1832
70 284 10 3 142
248 479 1 6 4876
483 142 10 5 2949
38 189 2 4 50
407 298 7 3 111
285 240 7 6 11188
22 131 10 2 28
427 98 2 4 149
293 274 8 4 627
119 489 4 4 247
332 489 6 5 787
283 245 6 3 97
358 491 4 4 90
283 272 5 2 26
162 72 3 4 251
207 259 1 6 3619
246 89 3 3 28
359 59 6 4 190
71 492 5 3 97
39 234 5 4 240
297 212 7 4 164
256 326 2 4 174
400 423 7 2 29
418 165 5 4 123
461 334 8 5 954
451 500 10 3 61
63 480 7 3 70
276 339 1 4 111
141 172 9 5 2779
299 64 7 3 83
93 402 8 5 989
90 165 2 6 1440
433 169 1 4 67
445 468 7 4 184
367 36 6 4 182
375 508 10 4 771
225 288 2 4 214
82 296 4 4 163
156 481 5 5 834
366 8 7 2 30
100 420 5 4 309
264 109 5 5 1070
92 14 1 4 94
134 35 5 3 59
414 441 5 3 92
187 57 10 4 1090
42 133 4 3 66
473 266 2 3 31
458 119 1 5 217
192 360 4 5 1329
94 81 4 4 313
216 13 2 5 261
76 173 10 3 138
120 454 2 6 7997
343 60 3 5 1433
192 460 5 5 1344
184 465 7 5 2511
69 61 8 3 122
487 247 4 3 48
266 308 3 5 529
423 257 2 2 10
421 192 8 1 3
143 98 5 5 981
89 380 1 4 84
228 398 8 4 267
312 208 6 5 968
51 506 3 4 95
373 53 9 5 1263
494 121 9 3 97
329 228 6 3 112
86 229 6 3 73
476 119 9 4 812
76 148 3 4 67
58 21 3 4 273
443 33 9 5 1242
233 353 3 5 524
141 25 2 5 1018
195 58 6 3 89
287 178 10 4 245
181 421 6 3 46
419 33 10 2 23
386 116 3 6 3589
163 39 10 6 13362
185 33 6 3 48
185 471 4 6 5733
186 5 3 4 235
452 308 5 3 71
382 35 9 4 279
172 211 2 3 32
260 59 8 5 4303
333 111 4 5 1425
57 59 9 3 107
202 115 5 3 105
141 195 4 3 67
510 426 6 4 228
444 365 7 7 42395
39 406 8 2 36
115 421 10 2 23
317 45 8 3 113
161 54 1 4 85
459 283 5 3 43
299 249 3 3 44
3 507 3 5 1464
229 428 1 4 28
29 73 5 4 115
330 30 9 4 653
398 118 3 2 9
223 402 9 3 152
158 29 7 3 60
235 346 9 3 76
361 212 2 4 80
112 326 8 3 71
345 235 9 2 24
358 223 1 5 461
86 283 3 3 48
467 161 5 4 117
473 223 10 4 519
29 209 10 4 297
376 243 8 4 235
72 50 7 6 10880
349 439 9 5 4232
308 170 6 4 526
140 271 5 5 733
279 3 10 6 30268
207 34 10 3 210
32 332 2 4 68
149 170 8 4 297
183 54 5 6 6177
325 171 8 5 1118
91 163 3 3 59
40 473 3 3 30
363 384 9 2 26
268 451 3 4 336
399 15 5 2 15
356 368 4 2 19
486 70 1 5 456
105 340 7 3 121
435 24 8 3 48
508 242 8 4 293
417 254 1 4 91
386 441 10 1 8
89 423 6 3 81
390 24 2 5 1084
504 122 7 3 137
186 208 8 4 385
70 485 5 4 122
165 337 1 6 1026
18 30 6 4 280
169 36 9 2 42
212 392 1 5 171
248 453 9 4 208
169 310 8 3 75
495 378 5 5 1420
241 469 4 4 141
179 231 6 5 1551
119 322 8 3 115
411 311 2 4 117
227 258 4 5 1355
160 45 3 4 231
463 202 1 4 26
208 153 2 3 15
140 420 5 2 25
198 185 8 2 20
154 510 10 3 186
314 121 9 3 182
251 401 1 7 9195
100 409 1 4 52
112 412 10 3 147
28 505 6 4 320
296 137 10 3 82
495 323 8 4 696
43 180 8 4 525
159 171 5 2 23
109 281 8 4 209
232 145 9 2 36
381 27 5 2 18
140 401 9 2 39
103 320 7 6 8680
86 459 9 4 339
489 382 4 3 52
185 52 10 5 1717
127 172 5 4 207
456 357 3 4 311
355 326 3 4 85
9 219 4 5 978
160 508 7 4 246
303 177 8 4 200
463 456 1 4 77
163 224 7 4 238
233 28 6 2 22
142 354 9 2 23
269 336 2 5 583
258 44 2 5 368
341 396 10 4 371
436 81 10 4 361
232 130 1 5 389
60 340 8 3 45
145 318 2 5 862
487 498 7 3 71
165 470 3 5 1151
123 193 1 5 225
128 495 1 6 925
465 349 1 6 1050
146 365 8 4 661
425 335 2 4 211
425 197 8 4 399
9 241 5 4 488
128 424 5 2 26
140 125 6 2 28
143 503 3 4 101
109 200 5 2 19
100 10 10 3 124
358 496 5 4 449
42 454 3 5 402
463 107 8 4 215
239 177 7 4 242
511 267 9 4 770
498 163 6 3 61
281 392 5 3 99
436 508 7 3 148
270 121 9 5 1123
289 495 7 5 1405
327 260 2 6 1448
288 510 5 6 3620
13 86 6 4 146
484 104 10 3 109
76 320 7 1 10
34 270 1 5 243
417 262 3 4 244
339 117 2 7 19764
310 380 1 5 177
112 259 9 3 67
26 406 3 4 106
255 223 6 3 129
45 291 5 4 120
225 344 9 2 47
440 106 5 4 275
143 484 9 4 240
354 419 3 4 192
419 206 2 5 492
119 339 9 4 274
226 436 9 4 825
439 497 7 3 72
194 26 5 3 73
100 262 9 5 3192
77 56 4 3 70
391 338 7 4 252
197 35 1 5 351
505 417 10 3 73
508 260 3 5 393
134 480 6 2 19
209 492 5 5 2797
463 286 4 6 10656
121 55 9 3 89
94 58 10 3 214
174 474 10 5 2796
131 54 10 1 14
164 145 4 3 84
288 487 10 3 76
310 363 10 2 52
79 402 6 5 1854
178 332 5 5 718
3 218 9 4 250
70 382 3 4 132
331 321 3 4 132
357 509 1 5 121
187 274 1 4 73
179 105 6 4 200
292 415 5 5 755
153 385 7 4 248
98 383 9 5 1260
250 191 2 5 533
80 417 6 3 81
165 178 2 6 2407
296 247 3 3 29
66 366 2 5 889
185 205 9 3 54
39 301 4 5 986
495 509 6 3 49
324 396 9 1 13
484 215 8 4 698
461 40 8 5 1141
468 365 9 4 228
421 91 6 4 345
478 225 6 3 53
259 305 2 5 906
64 82 1 5 500
357 475 2 3 22
89 270 9 2 38
296 90 8 5 3905
428 311 4 4 94
473 126 1 5 301
348 165 9 4 540
245 192 2 5 552
53 264 7 3 42
252 453 10 4 435
13 167 7 4 352
245 367 5 4 375
65 488 10 2 27
178 501 7 5 840
55 321 9 5 1675
217 504 5 3 60
280 176 5 3 95
472 426 6 3 68
260 434 7 4 190
54 13 3 4 120
118 10 8 3 108
164 315 5 4 287
203 425 2 5 551
460 428 7 3 147
106 164 9 4 432
342 261 8 4 187
343 26 7 3 147
188 194 4 4 172
501 128 3 3 57
265 301 4 4 174
106 340 4 4 227
449 100 9 4 247
25 280 1 5 129
