6750 5.850042475490308e-08 
9796 2.441664541495244e-06 
8593 2.145897920879151e-06 
1606 2.669763622287647e-07 
8065 7.66574264175121e-06 
6230 3.3827463323014774e-07 
4043 1.0729048634852125e-07 
7740 1.0075063037350297e-05 
9820 2.4631986527034924e-07 
47 2.2594754836872608e-08 
1256 4.322378031308243e-06 
7236 4.636106343166595e-06 
6328 1.48657859710456e-06 
3982 2.168637877090568e-07 
296 5.886818622338324e-07 
2643 9.011971254880794e-07 
7999 3.88518756066346e-07 
3780 5.183692139200021e-06 
9115 5.344439295531273e-06 
7368 3.9445053510261637e-07 
9375 3.5179892589216902e-06 
4474 2.2651604472035032e-07 
5085 7.225707183771818e-06 
8247 7.668554680207644e-06 
2790 1.1593318185829154e-06 
1978 4.713196909408911e-07 
3104 1.1614153844419694e-07 
8086 1.5689785907849566e-05 
501 2.615874217795322e-06 
7599 4.447070171796629e-06 
8457 1.4750125246643792e-08 
7092 3.4503521543763477e-06 
3767 8.728530474516068e-07 
8883 2.086041524959039e-06 
9221 3.896252481648124e-06 
4974 7.957748584290494e-07 
9432 2.7101364714361207e-06 
6888 1.0937823747664167e-05 
1170 1.4447865930284257e-06 
8435 3.312784197235005e-06 
2363 4.240159842984575e-06 
8314 3.961667099634889e-08 
9278 6.988600054558103e-06 
4460 5.17915587534261e-06 
693 1.630163358149046e-06 
8245 2.1243742894029604e-07 
4354 6.371661161631525e-06 
1824 9.944473706459107e-07 
8482 9.357407589523471e-07 
7347 1.0747187786844137e-05 
1403 1.072571383683995e-06 
2796 1.485749576358628e-07 
2344 1.0170034712247934e-06 
1643 3.4737417955245052e-06 
1414 5.99887257543944e-07 
6661 1.8071650806231535e-08 
4658 2.9782111090150866e-07 
6252 2.614513267343299e-09 
7971 8.454282113793713e-06 
9664 8.454176447488318e-08 
3082 2.5926307790829986e-06 
1726 4.882483089285804e-07 
1257 1.4564756870764743e-07 
5288 1.6807041773239199e-06 
8802 1.9705334110937337e-07 
6812 7.004772254121452e-08 
9107 6.833507925805508e-08 
7888 1.8191337110804453e-06 
5382 1.40842329880033e-05 
6030 4.1973229193810965e-06 
8201 1.6312173700897404e-07 
8093 2.2405136532033915e-07 
1232 5.354534211203394e-07 
9456 1.329610550392972e-06 
2970 1.953132855508319e-06 
6336 6.9317696138315315e-06 
1954 2.6154351513825155e-06 
4188 9.978166284701996e-06 
3297 2.2533055607753366e-06 
4646 2.2475435034136418e-08 
2201 8.957555525150812e-08 
8029 4.023297836716776e-06 
2001 4.9187412276687475e-06 
8823 1.0130794119818853e-06 
5147 6.305622680263536e-06 
2242 2.6456380812109215e-06 
2154 1.1166490102402671e-05 
2383 4.055419747676708e-07 
2668 1.0698343406598234e-06 
5986 4.802594162441696e-06 
7273 6.237425172899602e-07 
8945 7.66892026042409e-06 
9169 1.5450578095455413e-06 
3178 7.897133988952994e-06 
6555 1.9374274910443966e-06 
1142 2.0007115138133447e-06 
2337 3.243687411620406e-07 
4727 3.1062603501549644e-06 
1194 3.0086337481436148e-06 
9002 6.438182026093913e-07 
6111 7.536451025868255e-07 
9755 2.137580003729079e-05 
9972 1.5358096346757e-08 
9382 1.3757334401571052e-05 
5713 4.5601764815066516e-07 
9691 7.198364357070917e-08 
4110 4.444375043357029e-06 
2460 3.479706250391748e-06 
6706 3.437171151859137e-06 
692 6.089683865055922e-07 
7779 1.5884694936694316e-06 
5925 7.778664389463823e-06 
7949 6.7470802596669205e-06 
5014 1.0566689284840678e-06 
3572 5.211740484263507e-08 
880 1.1069117454793387e-05 
6044 2.0693324191461884e-07 
6168 2.557635942187556e-06 
6997 5.161118779424626e-06 
8042 3.59783589159177e-08 
6023 7.707886072323193e-07 
8560 8.892910843821308e-06 
723 2.455414094857487e-06 
3481 1.368526133711832e-05 
2306 4.673456112642583e-07 
9007 3.4976744234542414e-07 
2627 8.006467015954518e-07 
4849 3.7437079305364967e-06 
9461 1.6290382025251783e-05 
2501 5.225841631871419e-07 
8462 4.1108014975199507e-07 
7872 3.686638903399944e-08 
6236 9.040888505486732e-06 
1555 2.594316957437397e-07 
1471 6.249025231809386e-07 
9783 5.9069112118706815e-06 
4063 1.6342021768338316e-05 
3230 3.958174528819001e-08 
6000 3.3192432464430083e-06 
5805 3.7249164803345824e-07 
5857 2.3990217472373e-07 
1931 1.5207536663930023e-06 
2171 1.986035085092945e-06 
4826 4.9011872939946404e-06 
1006 2.588019265349022e-06 
4635 5.525263633999502e-06 
8917 1.1983780652871194e-06 
6482 9.136188235515711e-07 
7635 3.261210337848152e-06 
5200 7.481811577630802e-07 
4168 5.252255538476525e-09 
7291 2.4636773534508063e-06 
2872 3.277000573742242e-07 
8522 8.02007659480067e-06 
1242 8.890152498229781e-07 
9896 4.889781390866026e-06 
914 2.377001704550588e-06 
6339 1.7502409670178392e-07 
3266 2.5924491704396035e-08 
3038 9.819151736755094e-07 
2505 4.315452283949508e-06 
6037 4.2443411987395994e-06 
5814 9.960331017448023e-06 
6907 2.144541060017497e-06 
3617 3.385566444631414e-06 
1117 5.822752973037856e-06 
8943 3.7448470375248847e-06 
3475 1.1846974834605015e-06 
1405 1.2869280403572094e-07 
3479 5.54817446431754e-07 
8566 6.025476662015791e-07 
6634 1.5870658433203897e-06 
1175 4.558325333164914e-08 
921 3.329915381488106e-07 
8630 2.5876161411297523e-06 
6801 4.8050366222254e-07 
6462 2.795615286087123e-06 
3732 6.449837451426814e-07 
9765 2.1531771101151763e-06 
324 7.48342385156525e-06 
6365 5.2537540550542765e-08 
1090 2.8792646322047856e-06 
2405 4.2361855924374193e-07 
4513 6.430182850511533e-06 
1991 1.930298847099777e-06 
1284 2.7304164974544647e-06 
2594 4.528067296826197e-06 
7469 8.65163767536925e-09 
587 3.2834363175564262e-06 
7446 3.7565547412435514e-08 
670 8.978272581595358e-06 
4500 6.3955284612705845e-06 
2388 1.6903682133537342e-07 
8798 3.0259591711988797e-08 
3638 1.387270183718767e-06 
4760 4.915553409267742e-07 
8791 1.4207551663762497e-06 
4252 9.41956172340484e-06 
8585 1.2732651034886265e-07 
8987 3.313148602793516e-06 
2862 1.5076490506547857e-08 
8200 3.8405477037285845e-06 
5748 6.594870013100081e-07 
8597 1.6958383043991422e-06 
1274 9.032784075626133e-06 
4197 7.979556519657844e-07 
3952 1.2900821001173382e-06 
2278 6.981439482261542e-06 
6327 8.850673312226898e-06 
7000 1.4903298523670215e-05 
6532 9.559107452518957e-07 
6136 4.3384940562199784e-08 
2137 1.121835313536739e-06 
3305 1.6173225058682258e-05 
3556 2.22544459895814e-08 
1410 6.084343045857306e-06 
2167 2.7683456742255697e-09 
6949 1.8885137705868917e-06 
2419 5.56160171295641e-06 
8162 3.6131348310272236e-07 
9038 2.8093987092204717e-08 
2634 2.9198136047271543e-06 
5780 1.458647485685004e-06 
6308 6.389877462209835e-06 
4364 1.757118525164614e-06 
936 3.472576096923799e-06 
9152 1.6924198057557167e-06 
1331 2.4256736849466323e-07 
2191 2.601068836399994e-06 
6837 4.055752524780323e-06 
79 1.5391421827315884e-05 
5799 9.424429465494264e-08 
2128 7.994889391126303e-07 
2922 1.7856495796361834e-06 
8551 3.417586913695512e-08 
57 5.030865482246844e-06 
6384 6.69809778339127e-08 
437 1.913126463510396e-06 
343 2.211611416832321e-08 
755 5.6837016571268354e-06 
3866 9.783068613234402e-07 
9286 3.3598958330935576e-08 
4323 2.182345303043251e-06 
491 1.9693659118751534e-06 
5134 4.995463963926999e-08 
2984 7.175373240691297e-06 
1011 1.6988747168760507e-06 
8514 6.537061608702117e-08 
7022 2.6364956484591583e-07 
2842 4.39860195971609e-08 
4792 2.202952282500141e-06 
1144 2.2969945586363133e-07 
4299 2.359029442990969e-08 
870 4.999230827473881e-06 
1988 1.9709870493090503e-08 
8383 2.2152475872640197e-06 
5337 8.40035005471773e-07 
9658 1.224623200373929e-06 
8210 7.649904336394468e-06 
258 4.266173412258067e-07 
8453 8.837683760840303e-08 
9721 1.2459055390758858e-07 
9314 2.845850260617828e-06 
3155 5.671025191461839e-07 
6295 1.7306630885100055e-06 
4857 6.499831463694099e-07 
9808 5.034892377922319e-06 
193 1.8185618458231706e-06 
4611 4.144075162896243e-06 
1883 5.564619305149077e-06 
1202 1.1428153119380258e-05 
4951 2.6848057862247497e-06 
1564 3.7097078374018174e-06 
8290 1.1849161428421657e-06 
2923 2.1297072838557705e-07 
6140 5.197897013872223e-08 
6906 3.609597956416481e-06 
1288 1.348361144757523e-06 
6298 6.850477631910135e-06 
5047 6.029670084902068e-06 
9438 6.328681353781576e-06 
4632 1.193422750465587e-05 
312 9.420433517347137e-07 
1714 9.178297537448814e-07 
9585 5.031185933595777e-07 
9862 1.5768438450737728e-07 
8832 5.326327946024879e-06 
9790 4.4263713303132485e-06 
3878 1.9953962445352765e-06 
8237 1.825610569055171e-07 
5160 6.095258094193819e-08 
3594 8.004212122483749e-07 
3162 1.531328119447698e-05 
9294 2.6929083744681527e-06 
2841 3.1222686567369334e-06 
2625 2.317416159117019e-05 
7589 6.49054671805413e-08 
9837 7.358333048815426e-06 
1406 1.2948690338569616e-05 
857 5.567765672966052e-07 
5720 1.6073295560961576e-07 
7848 3.764868228316783e-08 
9238 3.10042375660468e-06 
2372 8.543282396656814e-06 
5119 1.7353366355051122e-07 
4113 7.460828786224814e-06 
1692 4.863958454634585e-08 
8751 2.8813008622136994e-06 
6195 1.2369523290194084e-08 
5607 1.504811856431035e-06 
1432 4.277554878706728e-06 
9457 2.6291697908031093e-05 
6747 7.821194825661956e-07 
6856 2.4766800314192013e-06 
9560 1.6890998995544798e-07 
7646 6.245413505188213e-06 
6316 4.319205458457805e-06 
2186 4.6828882122064665e-06 
5711 2.899993793598345e-06 
6495 1.215192854942645e-05 
159 1.1504332783241898e-07 
6010 2.6738346866131946e-06 
7629 8.662527288250227e-06 
1445 5.5720367083086e-07 
9938 4.540400182907786e-06 
867 5.5189710249786694e-08 
3739 2.474749641758452e-06 
4906 1.4887129743314225e-06 
3988 1.1647990050093342e-05 
8792 7.185377987488755e-07 
4691 4.6933461155287384e-07 
8633 1.0303539606210761e-07 
3163 7.73355347366252e-08 
1254 3.2640495417987246e-07 
9131 1.5325972406725216e-05 
7773 1.746191731027925e-07 
8276 2.576402572672284e-07 
5569 2.001075398483103e-06 
8554 8.94780814629628e-06 
4879 1.2476101930006841e-07 
4910 6.156775514283677e-07 
6475 4.492766120253199e-07 
1554 7.75621627168887e-07 
4373 9.738860625683322e-06 
2403 6.060611477224469e-06 
858 2.1425565895842168e-07 
155 4.088816344822765e-06 
771 6.8770902582169605e-06 
1255 5.944600944739388e-06 
7677 3.149920614853481e-06 
5028 6.309529639033447e-07 
2982 3.2936612325527046e-06 
5737 1.9775375133802256e-07 
5120 6.404197776796164e-06 
2680 6.163709865186816e-08 
6967 9.103318408144737e-07 
535 5.135678763659042e-06 
495 1.1912291785516712e-06 
721 1.0624188811770149e-05 
9326 1.3009980829248147e-06 
1002 8.988314935208943e-07 
2146 6.400826735191475e-06 
5714 3.483128670026898e-06 
8726 1.8445528961044302e-06 
9681 3.1289686122371244e-06 
5592 1.0096813619966138e-05 
8929 9.576915443440817e-07 
4907 4.829265792221355e-06 
9424 1.3781289593811946e-06 
6928 5.604810798837489e-07 
1925 3.1389408516777473e-06 
7321 1.5849230775464375e-06 
9167 3.1944951848600052e-06 
279 3.499813833003614e-06 
59 1.3068364807430762e-05 
6683 2.0997264119302088e-07 
6128 4.4602743700834237e-07 
3238 1.496723942850583e-06 
5295 7.123266006317823e-08 
3192 9.290027782615656e-06 
7088 1.7718088437539852e-07 
9817 1.1154572355452077e-07 
8433 1.2490061378385431e-08 
9172 9.304384519125868e-08 
6430 7.713467570221585e-06 
9166 1.7249773386769553e-05 
7033 4.668267815956793e-07 
9536 8.021164344298705e-07 
2156 5.599455328728496e-07 
8249 6.903809010388139e-08 
7382 1.1742078377037276e-05 
3433 1.1309251271221335e-06 
3013 5.844830841071066e-07 
3205 1.9505738170619204e-07 
9435 1.2717809425369375e-08 
8506 2.4763607012152694e-07 
7458 1.2308395957820722e-07 
8429 1.4490649487149706e-05 
4627 9.63369239832743e-06 
890 6.25150651415796e-08 
9553 2.0190080937261784e-07 
3465 4.6201422039250607e-07 
2475 3.658611862592116e-06 
851 3.551904113082451e-06 
6552 1.7253812888997331e-06 
8955 9.577611719730514e-07 
3626 3.0066825041532414e-07 
1972 6.331414039204603e-06 
5172 8.726813325230251e-06 
1186 5.0307819021711e-10 
2554 4.3734918547852877e-07 
8389 2.9967261743850755e-06 
6166 1.153763364087708e-06 
9613 5.784392949636599e-07 
9723 2.6111659558208384e-06 
8650 9.142984244930337e-06 
8094 3.3230399602902294e-06 
848 3.965341825000739e-07 
3570 1.926597619739953e-06 
295 4.594244767719378e-06 
5746 3.120256733462137e-07 
336 1.3496870730093843e-06 
4346 4.20175908226215e-06 
4892 9.655971919612047e-07 
9591 7.45069457022434e-06 
4597 5.216092821102742e-06 
4976 1.842947637242223e-07 
8085 1.182614974200737e-05 
2471 1.2559621706523705e-07 
3146 3.900537735446977e-06 
389 1.1585289144439449e-07 
4918 1.148690701635753e-05 
790 2.9169330587505985e-06 
4117 6.830982615443616e-07 
6133 4.5737667240317427e-07 
2810 3.556117480942988e-08 
7893 3.1273756605221248e-09 
1648 2.516190021847835e-06 
6147 7.579858000445385e-06 
5233 5.679637654472493e-06 
2095 7.443649832411178e-08 
4407 1.8617492541518633e-06 
1706 5.684886860994294e-06 
8609 5.216104332977112e-07 
415 3.556061348990061e-07 
3517 1.4932234658937733e-07 
4728 5.103533237683859e-06 
4894 1.4455060250384788e-05 
9397 1.7750204883315996e-06 
5845 4.576639207540256e-08 
671 7.738644167619866e-07 
4145 1.3049573735927172e-05 
6754 1.647837093556655e-07 
8606 5.430675255484375e-07 
5410 1.0797869431623911e-05 
8736 4.271272447099617e-07 
2382 3.3518168465172883e-06 
4985 4.631497807528345e-06 
657 4.7575140295323e-07 
718 4.580278641886471e-06 
4325 7.014231740576975e-07 
372 3.569833877112332e-06 
1495 4.3802405717781166e-06 
2145 8.237080645097475e-06 
1817 5.040005333354926e-06 
6192 3.5101765923085915e-07 
8849 2.076027407841115e-06 
5021 2.2550759722897093e-08 
4098 2.5965793989393086e-07 
135 6.167455674640446e-07 
7468 7.150061637793391e-06 
4302 2.5198713162184717e-06 
5009 4.409386565102621e-06 
5935 1.6237261714433654e-08 
3663 1.321485286880877e-05 
912 3.043886603144516e-08 
5178 4.9712436076650744e-06 
3860 3.374616700533087e-08 
3199 5.935889040090735e-07 
9915 4.710915946985576e-08 
5792 4.205572557087676e-06 
3072 8.515783351880781e-07 
8698 3.7329924816286016e-06 
8715 1.0108065268358147e-05 
9548 1.487016079661744e-05 
1012 1.1494474022431037e-06 
7869 5.0773291622551435e-06 
2116 7.313784950898513e-06 
5319 2.523670064247187e-07 
8535 3.0641928200115553e-06 
6655 3.109634371259399e-06 
7955 7.169486192822993e-08 
8124 1.8030174372495604e-06 
960 5.663217756729367e-06 
4114 1.2865367534712333e-07 
4338 3.293236958446541e-07 
9662 1.2556680994459113e-08 
5825 7.515287957638228e-07 
6771 6.04032829973512e-06 
7267 3.0937682966049307e-07 
7212 1.4521371094454935e-06 
4710 1.0498547804596212e-05 
332 1.391681052689739e-06 
2380 5.521534977908033e-07 
7925 4.130888994764416e-07 
1226 7.875403080391811e-06 
743 4.817118105522031e-07 
1206 1.062047250466513e-05 
1790 4.716014176466845e-07 
4002 1.7216305779653787e-08 
1538 3.302256027339741e-06 
6945 4.391684076162218e-07 
5578 2.049846461002128e-06 
37 1.1505689503170934e-06 
8896 3.4241674233370753e-07 
531 2.5674399730330184e-06 
3480 5.113358319506231e-07 
2469 1.0530624021911444e-05 
9280 1.699856714402648e-06 
5434 2.8401721295815834e-06 
1031 6.314394499622925e-06 
72 2.0316929584381113e-06 
3372 6.905276444075403e-06 
1919 1.5001840665166258e-06 
19 3.3458119742031005e-07 
6398 1.1267803325090678e-05 
6177 8.972571412592881e-06 
2035 4.701401819201413e-06 
2241 4.243479417311534e-08 
3350 7.642992157050506e-07 
7621 2.3689320736874478e-06 
3694 5.601594032559063e-06 
9964 1.274641536855081e-06 
8632 2.575676340545413e-06 
2041 8.977932369414995e-06 
9889 6.927318071507408e-06 
3450 1.9124669398072592e-07 
8681 6.196766989875847e-07 
4561 1.9026392823504364e-06 
1102 2.8295884765892115e-06 
5000 1.626899238749086e-06 
3004 1.5652701687748093e-06 
6401 1.7232088919327078e-06 
4574 1.6357499507704438e-06 
5655 1.7818802266144862e-05 
8524 1.3464703370281647e-08 
2623 7.089898096687309e-07 
5001 1.4421003552290138e-06 
3879 5.910434533091898e-07 
9083 1.9287872500126896e-06 
3886 8.294720175953184e-06 
5234 6.933368947027832e-07 
2839 7.057547404588823e-06 
8830 6.366222096201386e-06 
4936 3.101768865195584e-06 
3417 4.178993338976878e-06 
8789 5.771688245576235e-07 
2956 6.473568519383755e-07 
9493 3.154447242650904e-08 
3627 4.730131809263689e-08 
9389 4.047796557079259e-06 
8920 1.173691707842287e-06 
2332 7.828707863532757e-07 
199 1.0665059035652621e-06 
2889 9.177600680064971e-07 
915 3.00777056851055e-07 
216 1.1276119539155408e-05 
15 1.8085308823064672e-06 
9132 1.747337591248598e-07 
924 1.7265330986952505e-07 
2617 2.250396321184882e-07 
2660 1.6594979846838294e-06 
2290 6.95082124789035e-06 
5774 1.0399729625810419e-07 
3972 6.303180696961787e-06 
6517 1.357676714573718e-06 
586 1.2858605228928912e-05 
7175 7.622764295256088e-08 
8273 1.685606684245181e-07 
2472 1.3102601723654489e-08 
8311 2.5153525499984403e-06 
3467 1.298593498858889e-05 
7600 1.1217279485332936e-05 
7393 1.3462793021758362e-05 
8700 8.846925379779602e-10 
5336 2.9821234581714157e-06 
7886 1.2908497011615836e-06 
4880 2.260727846310588e-08 
9021 3.631774066886062e-07 
5891 2.9126293400650716e-06 
5106 2.1408630095888865e-05 
2628 2.0600064138058047e-05 
2396 8.404137671385823e-07 
4560 9.257669706602497e-06 
6125 2.1715604219802424e-06 
9200 6.786309894017497e-07 
9674 1.9220450605859553e-06 
9282 4.952692965335195e-08 
4625 1.3339330035085121e-05 
9248 4.0912042368544373e-07 
1704 9.028104997962916e-09 
3709 2.6000213910655467e-06 
2310 1.0854750098318231e-07 
1063 1.0106974916436115e-05 
5244 8.020309249070265e-06 
1989 3.520030156635781e-08 
5196 7.564085870691531e-06 
8731 2.3298487617634794e-07 
5517 2.777642792309845e-06 
6912 2.7589807716489297e-06 
8196 7.092337175570158e-07 
9275 8.473194637939123e-06 
4600 5.3773694167456604e-08 
84 1.1783144878183905e-07 
1181 2.5960899882123928e-06 
7270 6.530426672249934e-07 
6595 5.830727058326136e-06 
4132 1.2099956892326607e-06 
480 1.0041616289111907e-05 
620 5.865437942739885e-06 
8172 1.3365871140121402e-07 
2009 1.4766324275882317e-06 
2169 7.065400627900105e-08 
3034 7.25622278896581e-07 
6867 5.783874178166922e-06 
6599 8.705574437570989e-08 
9064 3.475467965422777e-07 
3498 1.214469175634279e-06 
3184 8.516397518410846e-08 
868 7.97355706693621e-06 
9469 6.46308020551692e-07 
6612 5.960562444354793e-07 
5249 1.4341504230433622e-06 
9353 3.88153291768005e-06 
8732 7.123580761205897e-07 
3094 1.436186234754314e-06 
2258 1.1900893136556335e-06 
6397 1.7248625495350917e-08 
4842 6.007876600538631e-06 
2618 1.6459571654767003e-06 
