1 5 6 4 255
1 9 2 6 1692
1 10 10 3 181
1 18 4 4 167
1 19 8 3 119
1 30 8 3 156
1 48 5 4 280
1 113 2 4 141
1 136 1 7 8652
1 151 2 3 33
1 157 2 4 96
1 167 7 4 610
1 216 6 6 6938
1 257 6 3 105
1 260 6 3 93
1 266 3 5 433
1 275 2 5 416
1 322 2 5 248
1 353 1 4 24
1 416 2 4 56
1 553 10 2 37
1 619 7 4 513
1 647 7 3 94
1 671 2 4 93
1 675 2 4 88
1 680 8 3 66
1 705 10 4 1046
1 844 9 1 13
1 903 9 4 205
1 918 10 4 227
1 937 9 5 2077
1 3 4 4 291
1 13 6 3 63
1 81 9 4 486
1 121 10 4 312
1 130 1 3 7
1 249 3 5 431
1 258 10 3 117
1 291 7 3 112
1 323 10 4 321
1 341 1 4 109
1 481 4 3 34
1 518 9 2 20
1 519 4 4 156
1 722 6 5 2919
1 773 10 7 89863
1 805 1 4 40
1 835 9 4 941
1 919 9 3 138
2 8 1 4 85
2 16 8 3 101
2 31 6 2 20
2 38 4 4 104
2 71 6 4 529
2 83 5 4 466
2 136 4 4 251
2 229 2 6 4054
2 293 5 2 15
2 358 9 5 1218
2 482 8 3 73
2 536 3 5 593
2 566 10 4 256
2 645 2 5 739
2 706 1 4 85
2 769 10 2 36
2 826 5 5 2020
2 921 10 4 845
2 9 8 5 4657
2 21 5 3 77
2 30 8 3 156
2 39 9 2 30
2 44 3 3 23
2 65 8 4 279
2 72 1 6 1819
2 113 2 4 99
2 129 8 5 3545
2 146 2 4 49
2 149 6 5 1653
2 211 3 3 64
2 257 9 3 72
2 265 5 2 11
2 513 4 5 678
2 523 8 3 162
2 673 9 4 332
2 774 2 3 40
2 785 6 4 334
3 4 10 1 12
3 9 8 3 83
3 49 9 4 262
3 133 10 3 94
3 168 9 3 100
3 261 2 5 541
3 268 3 3 17
3 329 2 3 39
3 524 7 5 1499
3 827 8 5 2273
3 34 3 4 156
3 38 8 3 165
3 68 7 5 1597
3 90 4 3 36
3 142 3 3 54
3 146 8 3 99
3 386 5 4 112
3 438 6 3 72
3 547 4 5 525
3 593 4 4 238
3 711 9 3 134
3 853 6 3 35
3 913 7 4 357
4 25 10 2 27
4 132 9 3 114
4 273 3 6 10210
4 278 8 3 105
4 531 4 4 151
4 593 5 4 278
4 653 7 4 199
4 818 6 3 59
4 7 7 2 26
4 34 3 4 125
4 40 8 4 183
4 61 2 3 44
4 106 8 6 7745
4 108 4 6 4565
4 113 8 3 64
4 199 9 5 5082
4 359 8 3 107
4 489 8 3 151
4 518 7 4 232
4 628 7 3 115
4 657 3 2 10
4 666 7 3 146
5 5 3 3 27
5 16 4 4 237
5 25 4 6 5967
5 51 5 3 34
5 61 2 5 978
5 65 8 3 75
5 249 9 4 937
5 285 1 3 16
5 294 8 3 105
5 369 2 6 3319
5 518 5 3 28
5 577 7 4 568
5 684 10 3 70
5 775 7 2 19
5 804 7 4 195
5 809 6 1 8
5 50 9 4 420
5 90 6 3 56
5 189 7 2 30
5 212 7 3 76
5 257 3 4 336
5 265 7 2 25
5 276 2 5 247
5 322 2 5 266
5 396 1 3 9
5 515 2 5 463
5 547 9 4 249
5 552 7 3 145
5 555 7 4 192
5 567 5 4 140
5 593 3 4 207
5 641 7 2 20
5 646 7 4 311
5 650 8 2 21
5 901 1 3 22
6 19 4 3 84
6 217 4 4 125
6 585 2 3 15
6 888 8 3 71
6 30 6 3 43
6 58 8 2 24
6 61 2 4 99
6 186 6 4 510
6 233 9 3 166
6 257 9 2 18
6 385 2 4 191
6 513 9 3 59
6 514 5 6 4451
6 534 9 4 560
6 577 9 3 157
6 626 9 2 44
6 912 3 4 303
7 149 8 4 525
7 213 1 4 80
7 260 9 5 1552
7 268 10 2 40
7 269 4 3 49
7 467 2 4 48
7 513 4 3 54
7 799 4 3 36
7 1003 8 2 21
7 103 2 2 10
7 133 6 5 1131
7 205 1 6 1009
7 305 2 6 6874
7 326 4 3 45
7 385 9 4 776
7 397 2 2 10
7 413 5 3 45
7 474 10 3 96
7 535 5 3 48
7 545 1 6 2160
7 558 4 3 31
7 641 10 3 145
7 682 1 4 87
7 695 6 3 105
7 778 3 5 1232
7 871 8 3 79
8 82 2 4 117
8 111 9 4 552
8 238 1 4 41
8 716 10 5 1346
8 20 10 3 56
8 260 7 4 378
8 293 7 4 498
8 420 10 4 338
8 721 6 3 66
9 20 4 3 55
9 33 10 4 303
9 43 10 6 14481
9 59 6 3 70
9 203 10 1 17
9 273 8 4 606
9 274 3 4 106
9 387 6 3 51
9 394 1 4 95
9 487 2 4 155
9 553 8 3 47
9 643 6 4 235
9 657 7 4 300
9 736 5 3 109
9 851 10 2 21
9 903 10 3 57
9 73 1 4 97
9 169 2 5 585
9 173 6 6 21410
9 194 2 4 194
9 262 4 3 22
9 278 2 5 569
9 305 7 4 158
9 331 5 5 1185
9 392 2 6 5664
9 431 10 3 120
9 518 8 3 148
9 627 4 3 76
9 775 2 4 78
9 923 8 3 140
10 40 2 3 37
10 44 10 3 65
10 275 1 4 105
10 417 7 2 14
10 527 9 4 259
10 573 7 3 67
10 824 8 4 184
10 908 10 5 1166
10 17 7 3 57
10 25 5 3 62
10 41 9 4 311
10 51 1 6 1078
10 231 1 4 42
10 400 1 5 261
10 455 3 4 160
10 521 9 4 309
10 801 9 4 402
10 874 7 5 1022
10 949 8 3 72
10 501 7 2 30
11 14 4 4 193
11 41 8 4 305
11 76 5 4 142
11 85 7 4 353
11 161 4 3 29
11 177 6 6 12897
11 209 6 3 60
11 519 3 4 129
11 524 3 3 18
11 585 3 5 1001
11 600 9 4 331
11 681 9 2 23
11 779 10 4 240
11 21 5 5 716
11 45 3 4 187
11 129 10 3 142
11 130 5 4 348
11 401 9 5 2458
11 529 7 3 60
11 536 6 3 127
11 537 10 5 1517
11 562 9 8 1199965
11 659 8 4 189
11 912 3 3 27
11 930 6 3 65
12 205 2 5 401
12 587 10 4 821
12 753 5 3 50
12 780 9 4 287
12 203 6 4 615
12 267 5 4 395
12 306 10 4 756
12 327 6 3 64
12 347 9 3 106
12 348 7 3 111
12 515 2 4 136
12 533 2 4 56
12 597 10 3 103
13 25 2 4 59
13 56 4 3 63
13 66 9 3 57
13 117 2 4 172
13 129 6 5 2226
13 270 4 3 65
13 367 3 4 133
13 635 1 3 14
13 782 8 3 176
13 37 6 4 338
13 45 6 5 872
13 112 9 3 148
13 209 3 3 32
13 269 6 2 27
13 287 6 3 108
13 350 9 3 195
13 692 1 6 787
13 906 9 2 33
14 67 10 2 48
14 193 9 5 1228
14 225 2 2 7
14 321 10 2 48
14 781 5 4 297
14 38 10 3 132
15 128 3 4 164
15 153 10 3 77
15 211 3 3 51
15 322 8 3 145
15 377 6 4 134
15 585 8 7 41086
15 617 3 3 24
15 99 2 4 197
15 209 4 5 1840
15 683 8 2 25
15 781 1 4 75
16 353 9 5 1056
16 486 6 3 47
16 660 8 5 1648
16 855 2 4 149
16 343 7 3 40
16 558 3 5 520
17 25 10 3 132
17 65 3 2 15
17 97 4 5 783
17 133 7 3 72
17 149 9 6 16675
17 199 5 3 100
17 517 4 3 56
17 644 6 3 98
17 807 2 4 199
17 33 7 5 1276
17 68 8 3 82
17 276 10 3 140
17 325 4 4 102
17 327 3 3 38
17 402 8 3 117
17 419 1 4 56
17 530 6 4 470
17 641 3 4 85
17 665 3 4 190
17 781 3 5 389
17 793 8 5 2257
17 833 10 1 16
18 49 9 3 187
18 130 6 4 243
18 259 10 5 4227
18 50 2 3 20
18 133 4 4 177
18 707 6 4 548
18 811 2 4 168
19 52 9 4 242
19 204 3 5 537
19 216 10 2 50
19 291 6 4 251
19 642 9 3 64
19 646 4 6 3061
19 98 4 4 290
19 145 8 3 49
19 241 1 5 185
19 280 3 4 338
19 337 6 3 132
19 561 5 3 63
19 575 3 5 1158
19 633 10 4 288
19 701 10 5 3528
19 817 5 7 51708
20 25 7 5 1069
20 658 6 4 238
20 710 4 2 14
20 181 5 4 503
20 293 7 4 248
20 577 8 2 30
20 712 4 3 57
21 29 2 4 79
21 37 3 3 41
21 70 6 2 11
21 177 1 5 559
21 195 5 5 742
21 324 7 2 27
21 787 7 2 13
21 27 2 4 141
21 41 1 6 1956
21 68 2 5 310
21 91 7 4 242
21 96 10 5 1395
21 150 9 3 127
21 404 10 3 55
21 412 10 5 1206
21 531 5 4 496
21 564 4 4 446
21 681 7 4 334
21 725 9 5 2440
22 117 3 3 47
22 259 9 3 94
22 309 3 5 1608
22 31 7 4 191
22 137 2 4 52
22 162 6 4 245
22 401 1 5 131
22 442 2 3 44
22 545 3 4 84
22 833 4 2 18
22 840 8 2 38
23 25 6 3 36
23 69 6 4 166
23 98 5 4 443
23 108 2 3 16
23 134 9 3 89
23 282 6 3 34
23 321 2 4 49
23 332 6 5 1971
23 566 4 3 29
23 27 8 2 40
23 955 4 2 9
23 978 6 4 178
24 329 7 3 75
24 771 5 4 181
24 887 8 6 12088
24 46 1 5 437
24 134 7 3 52
24 865 8 3 106
25 534 8 5 4383
25 782 8 5 2366
25 787 1 6 1485
25 849 2 4 109
25 945 1 5 353
25 123 7 4 406
25 149 5 4 440
25 259 3 4 250
25 434 8 3 59
25 545 3 4 128
25 611 2 4 163
25 632 7 3 81
25 737 2 4 71
25 817 4 3 77
26 524 5 5 1520
26 593 10 3 126
26 66 9 2 26
26 170 3 4 147
26 355 10 2 28
26 646 1 7 11824
26 738 10 3 139
26 789 2 5 449
27 110 8 2 17
27 802 6 1 5
27 34 1 4 26
27 65 6 1 9
27 105 1 4 32
27 154 3 4 222
27 579 7 3 70
27 659 4 5 842
28 131 1 4 46
28 211 1 3 18
28 548 6 4 218
28 550 2 4 54
28 278 7 3 111
28 295 7 4 437
29 43 10 2 48
29 73 7 4 742
29 147 5 4 428
29 193 4 4 188
29 204 4 2 21
29 625 8 3 85
29 648 10 3 62
29 105 7 3 58
29 113 1 6 1962
29 194 9 5 1442
29 565 8 3 57
29 610 1 8 236797
30 328 1 6 1202
30 533 3 4 154
30 810 7 4 699
30 301 6 3 34
30 321 6 4 505
30 967 5 4 230
31 53 3 4 207
31 130 7 2 28
31 589 5 3 71
31 355 10 4 427
31 833 5 3 74
32 78 10 3 157
32 562 5 4 244
32 34 4 3 32
32 86 5 5 3143
33 34 5 4 239
33 43 9 4 654
33 73 3 6 3550
33 186 1 4 85
33 197 3 5 441
33 205 1 5 297
33 212 10 7 68773
33 220 4 4 416
33 277 10 2 29
33 389 5 4 425
33 415 5 4 322
33 515 2 5 373
33 613 6 2 18
33 642 9 5 3346
33 722 6 5 899
33 760 8 3 144
33 804 3 5 378
33 849 2 4 133
33 961 4 3 55
33 97 4 4 122
33 173 7 4 172
33 177 3 3 19
33 229 8 3 99
33 263 8 4 801
33 292 1 3 18
33 327 1 6 979
33 346 2 5 1264
33 421 6 3 46
33 429 10 4 570
33 561 3 4 74
33 755 5 4 237
33 773 4 5 737
33 835 9 3 157
33 842 6 3 46
33 873 7 3 134
34 65 7 3 69
34 277 7 2 24
34 278 9 2 43
34 321 4 4 287
34 545 6 3 76
34 786 10 2 24
34 899 10 3 90
34 946 9 3 134
34 58 4 4 112
34 61 5 3 63
34 117 7 3 133
34 245 8 4 768
34 339 2 3 40
34 517 6 3 79
34 529 8 2 24
34 597 9 3 72
34 682 1 4 62
34 925 6 4 264
35 145 4 3 45
35 293 7 5 3334
35 325 2 3 23
35 562 4 4 176
35 664 2 3 31
35 721 5 4 365
35 801 4 6 8920
35 37 5 2 17
35 96 5 3 33
35 161 6 2 16
35 165 2 4 59
35 213 5 4 222
35 259 1 4 96
35 269 6 4 408
35 306 4 5 2264
35 363 10 3 99
35 518 1 4 85
35 702 7 5 964
35 705 2 4 98
35 770 8 3 106
35 802 9 3 76
35 978 2 5 454
36 66 2 5 684
36 267 4 2 14
36 552 9 4 251
36 690 4 3 64
36 227 1 5 580
36 284 5 5 594
36 330 3 4 274
36 713 6 4 135
36 991 9 3 70
37 49 5 3 28
37 258 3 4 69
37 267 9 5 1446
37 289 9 3 122
37 321 5 3 47
37 449 9 2 27
37 556 2 6 1914
37 706 9 2 20
37 859 2 6 2689
37 259 3 4 195
37 281 7 3 75
37 290 3 4 101
37 307 3 4 233
37 513 5 3 89
37 515 8 4 247
37 528 7 4 682
37 529 6 4 166
37 551 10 3 121
37 554 4 3 33
37 573 8 4 667
37 661 10 4 579
37 997 5 3 42
37 1012 10 3 200
38 365 4 3 81
38 521 2 6 4855
38 595 10 4 234
38 641 2 5 255
38 674 8 3 57
38 68 3 5 423
38 73 7 6 5646
38 130 4 5 590
38 534 2 6 1977
38 953 3 4 204
39 181 9 4 202
39 205 3 5 651
39 545 1 5 482
39 93 6 2 19
39 165 1 5 277
39 393 6 4 156
39 877 6 4 146
40 49 10 3 72
40 521 9 4 913
40 983 8 4 234
40 41 1 5 296
40 74 1 5 218
40 130 2 4 127
40 137 10 3 84
40 202 10 3 98
40 681 8 3 141
40 898 5 4 558
41 66 6 3 103
41 257 3 2 12
41 513 8 2 27
41 529 7 3 81
41 606 1 6 3509
41 646 2 4 58
41 673 4 5 886
41 757 8 3 120
41 762 9 4 284
41 841 10 2 36
41 981 2 4 96
41 162 3 4 292
41 552 5 4 471
41 761 5 5 1765
42 97 8 2 33
42 264 5 5 2727
42 277 1 6 941
42 322 5 4 230
42 514 8 3 172
42 988 2 4 57
42 65 1 5 311
42 273 3 4 184
42 519 5 3 74
43 43 7 4 279
43 141 7 4 645
43 330 7 5 1072
43 412 10 2 46
43 779 6 6 7510
43 840 3 3 53
43 186 6 3 128
43 305 3 3 49
43 340 3 5 1191
43 514 9 2 43
43 858 7 4 374
43 883 4 4 404
44 547 9 3 198
44 193 5 6 5302
44 807 3 5 1037
44 833 2 6 1538
45 48 3 3 53
45 431 8 4 598
45 525 10 5 2128
45 795 7 2 28
45 311 2 3 14
45 567 4 5 635
45 726 10 4 826
46 51 2 3 35
46 75 9 5 1935
46 267 7 3 61
46 616 3 5 1072
46 809 8 5 3693
46 845 3 4 98
46 329 3 4 141
46 742 6 2 27
46 786 1 5 134
46 801 7 4 242
47 58 2 3 32
47 53 9 4 545
47 251 5 3 31
48 81 1 5 376
48 1023 2 3 24
48 274 3 3 32
48 289 8 2 34
48 514 2 5 236
49 68 3 4 100
49 169 8 2 29
49 177 10 3 73
49 194 4 2 20
49 199 3 4 123
49 227 9 2 25
49 647 9 3 102
49 709 7 6 6644
49 790 2 3 13
49 844 2 5 291
49 933 4 4 299
49 98 6 3 98
49 105 1 6 913
49 453 5 3 51
49 577 8 2 21
49 645 4 3 73
49 650 2 5 1241
49 776 9 5 1392
50 311 4 4 93
50 314 8 3 120
50 517 8 4 245
50 94 6 5 875
50 369 5 4 329
51 114 6 3 122
51 529 5 4 358
51 289 1 4 80
51 873 8 3 107
52 71 7 3 104
52 378 3 3 33
52 517 10 3 154
52 81 9 3 142
52 969 9 4 948
53 189 1 6 800
53 257 9 4 227
53 286 3 4 130
53 391 6 2 24
53 900 10 2 38
53 169 10 3 88
53 193 7 2 23
53 417 7 5 4167
53 513 6 3 40
53 556 4 4 149
53 661 5 5 570
53 677 9 3 100
53 794 3 5 982
54 147 7 3 90
54 246 7 3 113
55 113 3 3 54
55 719 6 5 1466
55 157 6 3 83
56 279 2 5 275
56 210 3 4 131
57 90 2 4 134
57 268 2 7 24630
57 473 9 3 162
57 545 9 3 115
57 561 6 4 272
57 267 1 4 76
57 878 5 3 108
58 129 5 3 32
58 449 1 5 514
58 297 3 5 713
59 114 5 4 142
59 471 3 4 174
59 60 4 2 20
59 129 2 5 539
59 402 3 3 24
59 467 8 4 866
59 596 7 4 305
59 255 3 3 40
60 293 5 5 732
60 454 6 5 730
60 584 3 3 61
61 113 4 3 37
61 949 1 6 833
61 290 9 3 157
62 645 5 5 794
62 649 2 4 63
62 66 3 4 119
62 198 8 3 141
63 522 9 3 69
63 613 1 5 289
63 420 3 4 308
64 305 10 3 197
64 746 6 2 21
65 193 10 2 39
65 195 6 4 580
65 198 6 4 158
65 204 4 3 77
65 273 1 5 165
65 371 3 4 141
65 466 7 5 3112
65 482 7 3 73
65 515 7 3 80
65 687 3 4 99
65 757 7 3 99
65 772 5 3 32
65 781 9 3 60
65 791 4 5 1974
65 85 8 4 549
65 105 8 5 1049
65 214 4 4 192
65 247 7 3 115
65 387 3 4 77
65 483 6 4 245
65 490 3 3 66
65 573 6 3 74
65 581 5 4 284
65 586 2 3 35
65 587 6 6 4577
65 673 2 4 79
65 738 10 2 22
65 853 3 4 145
65 929 3 6 3277
65 860 9 3 157
66 97 6 4 232
66 105 7 3 125
66 119 1 4 79
66 219 10 3 136
66 242 2 6 1873
66 266 5 3 70
66 275 7 2 14
66 422 8 3 97
66 516 10 1 9
66 572 10 4 893
66 615 7 3 102
66 73 4 4 323
66 86 8 4 382
66 233 1 4 25
66 513 1 4 26
66 514 7 2 30
66 726 7 3 52
67 141 6 5 2123
67 546 8 6 10139
67 217 9 5 4684
67 241 2 3 32
67 409 10 4 331
67 410 3 4 267
67 519 10 3 139
67 667 3 5 1374
67 190 6 3 85
68 74 2 5 762
68 454 1 3 18
68 483 1 5 201
68 841 9 2 22
68 135 2 3 43
68 146 9 2 31
68 169 3 4 108
68 262 9 5 1512
68 771 3 3 50
68 835 10 3 206
69 154 3 4 78
69 193 5 3 53
69 227 7 3 108
69 285 10 2 49
69 323 9 3 103
69 577 9 3 100
69 115 5 4 261
69 145 3 3 41
69 169 8 5 3998
69 257 6 3 68
69 403 5 4 522
69 431 1 5 182
69 550 4 4 205
69 601 4 3 46
69 769 2 3 23
69 871 1 6 715
70 139 2 3 22
70 277 2 3 24
70 467 2 4 62
70 530 8 3 46
70 573 10 4 356
70 769 5 3 85
70 147 6 4 228
70 213 7 3 42
70 257 7 4 234
70 517 4 4 314
70 661 7 6 20108
70 820 6 3 100
70 493 6 3 80
71 110 4 3 26
71 213 5 3 75
71 432 8 3 59
71 609 5 3 33
71 643 1 5 127
71 647 7 3 141
71 649 4 3 35
71 673 8 2 33
71 102 9 5 2312
71 619 9 4 245
72 265 1 4 38
72 410 10 2 53
72 701 2 3 30
73 281 2 5 434
73 438 4 3 88
73 534 8 4 358
73 962 8 3 55
73 141 2 4 142
73 170 9 2 20
73 193 10 3 174
73 262 4 4 106
73 517 3 3 50
73 578 3 4 107
73 853 1 6 1553
74 641 2 4 178
74 871 8 3 135
74 1000 4 5 2325
74 271 6 6 10768
74 387 9 5 5485
74 638 2 5 537
74 644 10 3 180
74 801 3 5 615
74 816 7 4 302
74 936 3 5 758
74 980 10 3 100
75 513 7 3 46
75 549 7 3 66
75 601 7 4 228
75 769 4 4 246
75 1013 5 4 379
75 85 8 3 59
75 326 1 4 82
75 539 2 7 34649
76 260 9 3 130
76 577 7 3 102
76 299 7 5 1218
76 386 7 3 48
77 77 9 3 96
77 85 4 4 147
77 134 2 4 96
77 263 6 3 38
77 587 5 3 33
77 856 2 3 28
77 90 7 2 37
77 121 9 5 2846
77 577 4 4 392
77 620 7 2 21
77 629 8 4 365
77 649 6 2 15
77 705 3 4 124
78 257 8 2 18
78 268 1 4 84
78 451 4 4 141
78 457 6 3 49
78 310 8 4 291
78 376 7 3 138
79 289 6 4 161
79 518 1 4 98
79 785 7 4 577
79 920 8 4 539
79 103 4 4 212
79 131 4 3 51
79 300 5 3 96
80 166 9 4 201
80 387 8 3 76
80 658 8 2 20
81 83 3 4 93
81 133 4 4 370
81 212 5 5 929
81 529 1 4 43
81 678 9 2 21
81 921 8 2 31
81 97 8 1 9
81 123 10 2 27
81 207 8 4 222
81 233 2 4 63
81 323 4 4 149
81 395 5 3 84
81 403 1 5 303
81 580 9 3 80
81 606 3 3 29
81 690 5 4 113
82 808 4 6 3486
82 853 9 5 4603
82 137 6 4 642
82 161 5 6 6362
82 197 1 5 117
82 522 4 4 205
82 617 6 4 679
83 281 10 3 128
83 284 4 3 79
83 723 2 5 704
83 654 1 5 246
84 116 6 4 289
84 125 5 3 47
84 305 4 4 453
84 618 1 5 215
84 785 10 5 1983
84 336 5 4 426
85 217 6 5 1588
85 491 10 4 308
85 113 5 3 107
85 135 6 3 62
85 297 7 2 21
85 539 10 4 857
85 778 4 4 173
86 661 8 6 25063
86 913 10 2 35
87 235 4 3 26
87 525 10 2 30
87 219 10 3 166
87 531 2 3 22
87 837 1 5 156
88 354 7 3 67
88 463 10 4 249
88 513 2 4 142
88 516 4 4 196
88 140 5 3 65
88 165 3 4 121
89 331 8 3 73
89 783 1 6 1253
89 130 5 5 1159
89 209 4 5 1214
90 347 9 1 12
90 552 10 3 203
91 275 3 6 2140
91 844 6 4 294
91 978 10 3 198
91 989 5 4 122
91 849 7 1 11
92 155 3 3 46
92 653 10 3 198
92 952 4 4 226
92 93 6 3 44
92 238 2 3 28
92 597 6 4 264
92 476 1 3 6
93 449 8 4 337
93 600 2 4 185
94 135 3 3 33
94 670 7 4 522
94 516 2 4 80
94 500 8 2 42
95 870 6 5 1408
95 955 6 4 136
95 133 2 4 48
95 146 2 5 1347
95 521 4 4 313
95 935 9 4 650
97 104 6 5 3174
97 149 3 5 497
97 209 3 4 77
97 221 2 4 149
97 277 8 4 240
97 305 4 5 2483
97 322 4 3 85
97 357 4 5 745
97 548 10 4 952
97 777 9 3 130
97 821 3 4 247
97 513 8 2 33
97 561 7 2 20
97 579 9 3 58
97 841 4 5 514
98 131 6 3 100
98 145 2 3 35
98 168 3 3 45
98 196 8 4 519
98 287 1 6 709
98 474 1 5 206
98 526 4 4 229
98 182 7 2 22
98 257 4 4 353
98 529 8 4 288
98 550 9 2 22
98 743 1 4 38
98 801 7 3 41
99 353 5 3 81
99 402 9 6 7456
99 672 4 3 75
99 929 10 3 87
99 169 8 4 481
99 202 9 4 232
99 275 1 3 20
99 404 6 2 21
99 649 6 3 129
99 717 1 5 128
100 118 10 4 327
100 135 5 3 32
100 250 3 4 74
100 538 6 4 156
101 129 7 2 18
101 295 9 3 117
101 753 1 4 47
101 769 4 3 65
101 902 8 4 428
101 179 4 3 60
101 198 6 3 54
101 260 8 3 66
101 337 6 6 5199
101 514 3 4 122
101 572 7 3 41
101 723 5 3 79
102 125 7 3 73
102 162 7 3 111
102 170 3 7 27498
102 393 2 4 92
102 600 10 2 50
102 282 9 3 121
102 416 5 4 261
102 459 6 4 263
102 777 7 3 113
103 167 2 3 13
103 265 9 2 29
103 152 8 3 170
103 554 2 5 258
104 705 4 3 59
105 133 2 5 966
105 314 5 6 20945
105 513 2 5 229
105 674 3 4 177
105 159 5 4 542
105 168 10 2 28
105 286 5 4 124
105 561 1 5 146
105 627 2 5 303
105 722 3 3 66
105 723 7 2 29
105 805 4 4 201
105 835 9 4 460
106 297 1 4 87
106 780 2 6 1772
106 410 10 3 109
106 457 2 4 57
106 566 4 5 2394
106 681 6 2 12
107 517 10 4 362
107 653 10 1 10
107 118 4 3 69
107 305 6 3 78
107 325 1 5 178
107 341 1 4 110
107 841 1 4 92
108 130 9 4 306
108 113 8 1 5
109 134 7 4 575
109 515 8 3 57
109 826 4 5 649
109 651 2 4 58
109 709 1 4 55
110 708 4 6 7350
110 315 7 2 32
111 691 5 3 76
113 166 2 4 85
113 777 10 1 14
113 213 1 4 23
113 372 1 7 5424
113 492 5 4 459
113 514 8 2 33
113 905 1 5 131
115 417 4 6 8116
115 453 10 2 31
115 498 8 5 2546
115 873 2 4 56
115 421 2 4 91
115 627 2 7 22940
116 601 6 5 1408
116 898 9 3 164
117 144 1 5 190
117 276 5 3 64
117 327 3 4 79
118 804 7 3 71
119 566 6 2 26
120 447 3 4 157
120 837 1 5 586
121 194 8 3 62
121 579 2 3 13
122 537 4 6 3296
122 523 5 3 76
122 678 8 2 18
123 186 9 3 114
123 295 6 3 56
124 601 6 4 303
125 305 10 3 162
125 349 3 4 208
125 745 2 4 95
126 269 2 6 1503
126 612 10 4 274
128 999 8 2 35
129 135 4 4 397
129 201 9 3 86
129 209 2 4 176
129 321 10 1 14
129 363 2 5 614
129 376 2 5 242
129 377 9 5 3052
129 434 9 3 193
129 454 2 4 198
129 629 1 4 68
129 771 8 2 37
129 807 8 3 131
129 178 10 2 37
129 278 6 5 1552
129 349 9 5 4794
129 772 2 6 4093
130 164 5 2 22
130 585 5 4 115
130 708 10 4 309
130 584 2 4 137
130 655 7 2 25
130 673 8 4 221
130 913 7 4 270
130 1005 1 4 28
131 273 4 4 254
131 274 1 4 50
131 369 2 6 1758
131 521 5 5 3187
131 529 4 5 813
131 533 8 1 12
131 541 2 4 109
131 676 4 4 219
131 773 9 5 1287
131 981 9 4 257
131 149 6 2 14
131 233 9 3 71
131 760 4 4 226
131 863 1 5 125
131 964 3 4 178
132 582 7 4 257
132 194 4 4 171
132 261 10 4 1044
132 297 1 3 15
132 522 6 3 99
132 903 4 4 217
132 962 1 4 81
133 138 4 4 164
133 373 3 4 152
133 517 6 3 84
133 714 8 5 1473
133 917 7 2 36
133 958 2 4 159
133 152 7 2 33
133 289 8 2 42
133 398 9 2 34
133 518 2 3 24
133 531 10 3 105
133 567 1 6 1124
133 843 2 4 134
134 139 8 4 291
134 615 4 4 105
134 157 3 3 42
134 276 2 6 4582
134 577 10 3 167
134 801 6 6 6292
135 209 2 5 855
135 225 4 3 38
135 378 4 4 219
135 391 10 3 59
135 517 7 4 442
135 769 9 2 35
135 263 3 3 42
135 293 4 5 914
135 356 6 2 22
135 486 8 4 217
135 526 4 3 84
135 533 7 2 37
135 807 4 5 1498
136 259 7 3 91
136 545 6 5 1669
136 141 9 4 244
136 705 6 4 252
137 161 5 3 37
137 483 1 5 151
137 611 3 5 698
137 658 7 2 27
137 685 7 2 21
137 832 3 4 76
137 283 1 6 972
137 453 7 3 111
137 553 4 4 201
137 579 7 3 94
137 580 6 4 231
138 149 7 3 65
138 257 5 3 92
138 260 4 4 332
138 326 4 2 16
138 679 6 5 1716
138 779 1 5 165
138 177 9 4 921
138 555 9 4 425
138 907 4 3 39
139 267 7 3 107
139 416 1 5 302
139 591 6 4 389
139 903 10 4 598
139 217 7 2 22
139 259 5 3 81
139 354 2 4 134
139 538 9 3 119
140 427 1 5 179
140 866 2 4 53
140 149 4 5 616
141 144 1 5 169
141 169 4 4 220
141 465 5 4 162
141 725 8 3 43
141 777 10 4 627
141 202 10 4 230
141 301 4 3 34
141 620 1 3 13
142 522 2 5 393
142 955 1 4 26
142 151 4 3 56
142 166 10 5 4508
142 185 10 1 11
142 549 7 3 117
142 713 1 5 164
143 642 10 4 351
143 724 7 4 184
143 787 2 3 23
143 480 5 5 3331
144 145 5 2 12
144 188 9 2 22
144 287 9 4 409
144 643 10 3 142
145 249 5 3 46
145 258 8 1 13
145 419 9 5 3062
145 434 1 4 50
145 521 8 2 38
145 801 9 4 309
145 161 8 3 95
145 172 1 3 15
145 179 10 2 52
145 401 5 4 413
145 529 3 3 59
145 721 6 4 476
146 185 7 4 341
146 217 5 3 33
146 274 9 2 24
146 393 1 3 22
146 514 8 1 14
146 577 2 4 59
146 326 10 1 11
147 147 9 2 31
147 397 10 2 44
147 911 10 4 1012
147 149 7 2 31
147 201 2 4 51
147 443 7 1 11
147 550 4 3 37
147 723 4 4 286
148 514 5 4 326
148 523 4 5 909
148 388 5 3 42
148 592 2 5 384
148 834 10 2 33
149 279 2 4 116
149 465 9 4 518
149 516 2 3 40
149 913 7 4 184
149 530 10 3 147
149 593 6 4 341
149 835 8 4 185
149 910 1 4 109
150 634 10 4 717
150 650 3 5 697
150 348 3 6 2642
151 161 10 2 51
151 657 2 4 97
152 208 8 3 69
152 251 6 5 1719
152 154 4 4 396
152 545 4 4 376
153 181 6 5 1907
154 172 3 3 51
154 593 6 4 580
154 599 5 4 504
154 834 9 3 111
154 962 9 3 103
154 513 6 3 52
155 597 5 5 1019
156 777 2 5 269
156 440 8 6 7377
157 522 9 3 59
157 815 6 4 637
157 243 4 3 46
157 258 2 5 639
157 290 6 4 199
157 315 1 5 153
157 385 8 3 164
157 529 5 2 19
157 683 5 2 15
158 405 10 3 62
158 227 9 2 26
158 516 2 6 6923
159 387 7 2 32
160 527 1 6 887
160 525 3 4 111
161 453 6 3 45
161 645 3 6 3170
161 802 3 3 29
161 163 8 4 529
161 257 1 5 507
161 339 4 4 304
161 387 6 3 46
161 406 3 3 47
161 515 3 5 618
161 545 3 5 950
161 641 6 3 87
162 327 7 3 70
162 377 2 6 8253
162 525 8 5 929
162 577 8 4 313
162 718 8 3 44
162 899 6 4 331
162 185 5 3 101
162 426 6 3 48
162 639 5 4 115
162 707 8 4 391
162 815 6 2 25
163 291 7 4 160
163 307 1 5 206
163 518 10 3 165
163 194 4 4 114
163 273 5 4 123
163 293 10 2 28
163 364 7 4 200
163 563 4 3 62
163 901 4 4 325
164 228 1 5 618
164 362 6 1 9
164 602 5 5 2532
164 306 1 4 37
164 669 1 4 72
165 218 2 5 359
165 265 7 4 696
165 281 7 3 64
165 330 6 3 130
165 482 3 4 119
165 637 5 4 173
165 647 3 3 48
165 521 1 3 10
165 876 2 4 110
166 398 6 4 474
166 260 7 4 277
166 873 3 5 552
166 945 4 4 112
167 687 3 5 1405
168 290 5 4 564
168 385 7 4 438
168 457 4 4 116
168 713 5 5 579
168 298 2 5 227
168 325 10 4 514
169 481 2 5 587
169 343 6 4 539
169 359 10 3 85
169 385 4 4 260
169 561 6 4 285
170 352 1 4 74
170 515 4 4 294
170 339 7 3 83
170 517 2 5 300
170 549 6 3 51
171 613 10 2 32
171 722 2 5 297
172 811 6 4 157
172 529 2 4 76
173 570 2 5 769
173 665 3 4 100
173 577 2 4 172
174 262 4 5 511
174 513 8 3 152
174 525 8 4 418
175 494 9 4 300
175 583 6 6 11958
176 864 9 3 135
177 271 6 3 84
177 274 5 3 31
177 825 3 4 67
177 865 5 4 121
177 917 8 3 90
177 933 4 4 252
177 221 9 4 417
177 600 6 4 388
177 609 8 2 23
178 281 6 4 494
178 561 4 4 394
178 612 4 4 369
178 745 10 4 842
178 193 8 3 43
178 269 7 4 227
178 518 1 6 1133
179 581 10 6 15375
179 798 1 5 203
180 430 6 4 173
180 325 7 5 1180
180 999 1 4 70
181 601 10 2 25
181 974 2 3 38
181 971 4 5 1425
182 332 2 4 59
182 769 3 4 72
182 965 1 4 61
182 641 2 4 89
183 301 2 4 98
183 673 5 3 43
183 729 6 4 570
185 665 6 3 44
186 392 9 3 53
186 609 3 5 671
187 273 3 4 188
187 583 8 2 26
188 801 4 3 43
189 200 8 4 403
189 345 7 3 76
189 849 9 3 103
193 389 8 2 34
193 393 8 2 38
193 525 8 4 418
193 537 5 4 522
193 714 7 4 403
193 899 1 4 36
193 905 1 5 332
193 1000 10 5 1324
193 269 10 4 714
193 326 3 6 4466
193 642 1 5 368
193 967 2 5 786
194 376 5 6 4598
194 423 1 6 941
194 719 7 2 30
194 776 4 5 455
194 263 7 3 97
194 377 6 3 55
194 577 10 4 391
194 781 7 3 127
194 1010 9 3 170
195 322 3 5 529
195 593 10 3 102
195 678 4 3 46
195 429 9 3 53
195 907 3 3 47
196 646 6 4 352
196 852 4 4 232
197 287 9 3 62
197 378 9 3 79
197 199 6 3 48
197 323 8 3 66
197 906 10 4 338
197 925 7 3 48
198 298 1 5 157
198 593 4 3 33
198 612 8 3 107
198 770 4 6 3213
198 359 6 4 370
198 434 2 4 128
198 461 5 3 39
198 967 10 3 63
199 813 8 3 151
200 788 6 5 1236
201 446 3 3 30
201 578 1 5 153
201 925 5 4 278
201 325 9 5 1088
201 728 9 3 51
201 778 9 3 192
201 843 1 6 1415
201 921 2 4 85
202 658 6 2 22
204 655 10 5 1214
204 431 1 4 68
205 521 5 5 939
205 331 8 2 28
206 458 1 5 418
206 453 1 5 268
206 665 1 5 271
206 947 5 3 52
206 976 2 5 388
207 531 4 4 303
207 242 7 3 114
207 387 7 4 338
209 535 5 4 562
209 273 3 4 153
209 483 9 3 70
209 586 1 5 166
210 514 10 4 315
210 565 10 3 188
210 405 5 5 2964
210 546 6 4 179
211 883 6 4 390
211 610 8 3 84
211 649 1 3 21
211 907 2 4 50
212 395 4 4 308
212 468 5 3 60
212 771 5 4 489
212 823 8 2 31
213 263 7 3 67
213 286 1 6 702
213 674 7 4 274
213 234 4 4 107
213 257 6 3 112
213 305 4 4 99
214 386 4 3 75
214 184 7 4 442
215 370 6 2 15
215 586 4 3 79
215 386 6 5 879
217 793 8 4 476
217 651 8 3 44
217 915 10 4 737
218 924 8 3 54
218 586 8 4 733
220 390 2 6 4478
221 659 10 3 199
221 761 9 1 14
223 533 7 2 22
223 853 4 4 397
223 578 1 4 24
223 782 9 3 68
223 571 6 3 39
225 289 9 5 4126
226 258 10 2 28
226 317 3 4 239
226 949 7 3 51
226 273 10 4 998
226 610 5 6 10091
227 260 5 5 654
227 473 1 5 196
227 546 5 5 1099
227 659 9 3 117
227 769 7 4 312
227 783 2 3 14
228 337 1 5 133
228 593 7 5 2051
228 839 7 3 104
228 729 5 2 25
229 295 10 4 242
229 577 2 4 127
230 522 10 4 243
230 701 4 4 92
231 932 1 5 222
232 262 4 4 126
232 291 3 5 608
232 297 7 2 17
232 620 6 3 33
232 905 7 3 71
232 990 2 3 44
233 481 1 6 1174
233 807 7 4 186
234 913 9 3 141
234 974 7 5 3714
234 518 5 4 142
235 849 5 3 73
235 918 3 4 328
235 273 4 5 640
235 523 10 4 225
236 282 4 3 75
236 646 4 5 1860
236 741 2 4 51
237 578 9 6 14605
237 822 7 3 52
238 679 7 2 17
239 621 4 5 470
239 643 2 3 32
240 371 2 7 17269
240 561 6 5 729
241 800 9 2 35
241 915 2 5 598
241 448 2 5 387
242 246 8 3 153
243 267 9 5 1588
244 257 9 3 89
245 357 7 3 88
245 933 9 3 180
245 537 1 5 152
245 662 5 3 101
246 706 8 5 986
247 641 3 6 4337
248 627 8 4 217
249 291 8 3 116
249 558 3 5 554
249 903 4 3 40
249 906 4 3 75
254 637 6 3 124
254 819 9 4 370
254 792 4 3 66
257 263 3 2 14
257 313 9 4 817
257 345 6 4 225
257 417 1 4 91
257 513 7 5 1659
257 523 9 3 109
257 617 10 3 84
257 706 8 3 88
257 765 9 4 1018
257 773 1 6 1980
257 805 6 6 5955
257 905 10 5 1812
257 964 10 4 1116
257 993 7 5 3236
257 261 7 3 100
257 294 6 5 1976
257 473 3 4 106
257 541 10 3 129
257 771 3 3 32
257 857 6 6 13847
258 269 4 5 673
258 273 10 3 88
258 545 6 3 67
258 681 1 4 79
258 807 1 6 2102
258 913 6 2 17
258 921 3 4 214
258 946 1 4 34
258 538 3 4 116
258 573 8 1 12
258 653 6 3 61
258 676 5 4 286
258 761 9 2 37
258 786 2 4 218
258 930 8 3 81
259 266 1 5 129
259 674 1 4 65
259 811 3 3 44
259 881 1 4 76
259 279 10 3 138
259 291 5 3 40
259 305 6 3 53
259 330 6 4 488
259 641 6 3 55
259 723 3 4 292
259 879 10 5 1375
259 272 4 4 148
260 269 3 6 2272
260 328 3 3 29
260 533 6 3 47
260 273 10 4 258
260 657 1 5 236
260 675 10 3 112
261 296 10 4 320
261 523 7 2 28
261 546 3 3 42
261 679 2 4 112
261 979 10 4 387
261 297 1 5 167
261 530 3 3 52
261 666 5 3 70
261 693 2 4 74
261 742 4 3 52
261 867 1 5 246
261 1001 5 4 520
262 357 10 3 84
262 673 1 4 111
262 996 5 4 143
262 426 2 6 1429
262 626 9 5 5850
262 753 7 4 299
262 939 3 4 200
263 907 8 3 102
263 1014 9 3 182
263 322 1 5 594
264 547 7 3 100
265 297 2 3 26
265 321 3 4 173
265 569 4 4 145
265 266 4 4 90
265 815 10 2 19
265 836 4 3 36
265 872 2 4 51
266 340 7 2 15
266 633 8 2 33
266 335 8 3 47
266 465 7 3 53
266 548 4 3 67
266 615 6 3 78
267 273 4 5 991
267 327 8 4 368
267 337 5 5 718
267 505 5 3 59
267 362 10 3 148
267 513 5 3 106
267 253 1 5 214
268 524 1 5 142
268 582 10 3 87
268 505 2 3 18
269 513 1 4 51
269 525 6 2 13
269 578 10 3 64
269 986 8 4 228
270 445 3 3 20
270 641 1 4 100
270 489 8 3 61
271 533 7 3 102
271 643 8 4 250
273 281 1 5 159
273 379 8 3 137
273 521 6 3 51
273 555 1 5 181
273 641 4 3 61
273 685 2 4 52
273 900 4 2 12
273 323 8 4 178
273 343 1 4 37
273 922 4 5 819
274 582 5 2 24
274 694 7 3 86
274 810 5 4 200
274 904 3 7 22463
274 516 9 4 289
275 335 7 5 1034
275 302 9 2 36
275 793 9 4 601
275 933 5 4 331
276 402 10 3 136
276 486 2 5 694
276 513 2 5 310
276 387 1 5 140
277 289 9 3 142
277 393 2 5 920
277 395 10 6 25520
277 539 10 3 70
277 629 4 3 82
277 662 4 4 218
277 484 6 4 318
277 591 8 5 2816
277 908 10 3 150
278 386 6 4 283
278 402 5 3 62
278 770 6 2 30
279 531 8 3 68
279 657 9 4 201
279 684 7 3 47
280 902 6 3 70
280 417 8 4 325
280 510 3 5 418
281 601 10 3 67
281 675 2 3 34
281 327 7 3 102
281 745 9 4 449
281 252 4 3 46
282 518 3 5 689
282 607 9 4 395
282 833 5 5 1090
283 577 10 3 58
283 718 1 4 42
283 788 5 4 457
284 515 9 4 249
284 713 8 2 26
285 836 5 2 15
285 402 7 3 74
286 483 2 5 578
287 625 8 3 167
287 833 2 4 103
287 1002 5 4 120
287 890 3 3 63
288 449 5 4 319
288 803 1 6 1119
288 814 10 2 31
289 293 9 4 318
289 342 4 4 119
289 546 2 4 74
289 777 2 5 271
289 297 3 4 127
289 335 1 5 358
289 355 6 5 820
289 421 4 4 283
289 482 5 4 174
289 550 1 6 910
289 608 5 3 61
289 675 6 3 33
289 738 6 5 736
290 346 4 6 14290
290 469 4 4 266
290 473 9 3 67
290 649 2 4 55
290 754 9 4 291
290 789 9 2 37
290 647 7 2 29
291 329 9 2 43
291 389 3 4 128
291 652 1 4 23
292 611 3 4 71
292 769 9 5 4124
292 968 2 5 350
292 300 10 3 64
292 962 5 4 525
293 525 5 3 102
293 594 3 4 171
293 304 7 4 311
293 305 7 5 896
293 417 10 2 20
293 533 5 4 144
293 578 4 6 7678
293 705 7 5 2966
294 961 6 2 16
294 622 10 3 96
295 743 6 4 168
295 865 4 4 271
295 713 3 5 1130
297 337 6 3 69
297 410 5 4 137
297 517 10 4 1068
297 348 9 2 33
297 521 9 2 19
297 555 2 4 111
298 326 8 2 28
298 390 3 4 128
298 545 9 3 59
298 743 9 3 61
298 388 4 4 184
299 801 1 4 41
299 405 9 3 111
300 496 6 3 88
300 631 6 3 99
301 468 2 5 494
301 591 7 4 268
301 761 6 4 427
302 778 10 1 17
302 649 1 5 136
303 809 3 3 37
305 514 10 3 113
305 833 1 4 71
306 577 2 5 355
306 398 1 5 262
307 551 1 4 48
307 919 7 3 118
308 515 6 5 761
309 584 1 7 18319
309 641 2 4 89
309 693 5 5 716
309 833 8 4 183
309 849 7 3 134
309 851 10 3 189
310 775 10 2 32
310 703 1 4 107
311 937 10 2 52
313 515 6 4 140
313 385 10 4 615
313 802 2 3 16
314 348 5 3 35
314 849 9 4 473
314 901 5 4 343
314 970 3 4 244
315 377 7 2 19
315 519 8 3 157
316 740 1 5 230
316 321 8 4 182
316 514 5 4 126
317 453 4 3 29
317 362 2 5 598
317 930 5 4 408
317 939 2 3 26
317 1014 8 4 314
319 533 6 5 839
319 915 7 2 31
319 778 8 3 103
321 408 5 5 2834
321 429 6 1 10
321 469 5 6 3771
321 642 1 4 95
321 721 4 3 69
321 922 8 4 434
321 928 2 4 208
322 338 2 4 96
322 769 6 2 17
322 835 10 4 345
322 1009 2 5 1243
322 450 8 3 49
322 977 4 4 213
323 417 3 5 363
323 900 7 2 23
323 903 6 3 79
323 593 9 3 126
323 727 10 4 541
324 361 8 3 56
324 516 9 3 140
324 722 5 3 93
325 514 4 2 13
325 531 1 5 318
325 789 4 4 142
325 985 10 4 338
326 615 2 4 78
326 721 10 2 24
326 531 10 2 48
326 577 7 5 1081
326 710 8 2 30
327 444 8 4 243
327 769 9 2 36
327 807 5 5 2478
328 676 10 3 89
328 699 5 5 665
329 854 9 3 96
329 521 1 4 30
329 833 7 5 1365
329 907 7 4 673
330 837 1 4 57
331 779 10 4 639
331 897 7 4 164
332 513 2 5 278
333 457 7 3 74
333 644 3 5 897
333 385 5 3 90
333 389 2 3 25
333 506 10 2 31
333 731 5 3 32
333 789 5 2 21
333 869 10 2 41
334 380 4 4 178
334 962 10 3 91
334 256 9 4 267
335 489 4 3 53
336 392 2 5 501
336 602 2 4 122
337 577 3 5 434
337 633 5 5 747
337 393 1 5 165
337 899 5 3 55
338 353 7 3 51
338 769 10 3 176
338 834 1 6 1886
338 805 9 4 351
340 381 5 6 4908
340 717 10 4 503
340 904 2 5 801
340 992 9 4 788
341 705 4 4 209
341 764 9 6 6445
341 514 2 4 148
341 884 9 4 476
342 577 4 3 42
343 537 6 2 31
345 677 10 2 33
345 529 6 2 31
345 542 7 3 71
346 729 7 3 73
346 993 8 2 26
349 396 7 3 111
350 943 9 4 432
351 729 2 4 179
351 770 7 4 198
353 410 1 5 123
353 420 6 3 65
353 515 4 3 44
353 681 4 4 441
353 795 9 4 517
353 861 3 6 4623
353 373 8 2 33
353 969 1 4 29
354 390 1 4 84
354 685 4 4 101
355 837 3 3 35
355 970 5 3 28
355 561 7 4 222
355 586 6 3 65
355 710 1 5 401
356 635 5 4 169
357 801 6 4 243
357 831 8 3 96
358 434 10 2 38
358 642 9 3 198
358 691 7 4 388
358 517 4 4 279
359 961 4 3 30
359 1019 3 4 151
361 515 8 5 4575
361 556 9 4 571
361 733 1 4 66
361 785 6 2 29
361 811 1 5 235
361 875 5 3 77
361 969 9 4 886
364 425 4 5 619
365 741 10 4 734
367 658 2 3 27
367 989 2 5 1067
368 457 3 3 38
369 739 5 7 46437
369 926 3 5 1576
369 454 9 4 201
370 641 10 3 61
370 649 9 3 58
371 558 6 2 27
371 573 1 4 46
371 657 2 6 3605
371 705 8 3 134
371 842 6 4 150
372 706 1 4 32
372 773 6 3 85
372 577 1 4 74
372 1021 9 1 14
375 618 5 3 51
375 663 10 3 74
377 457 9 4 466
382 532 10 2 49
382 758 9 3 62
383 563 8 2 39
385 424 6 4 174
385 458 4 3 64
385 482 8 7 95083
385 532 1 5 212
385 572 10 2 26
385 598 10 3 88
385 693 4 5 627
385 842 8 2 37
385 963 9 4 244
385 656 1 4 44
385 929 10 6 44875
386 514 4 5 1492
386 564 7 2 18
386 517 4 4 279
386 570 9 3 67
386 597 6 3 121
386 689 9 4 199
386 1021 4 3 65
387 682 5 3 73
387 847 9 4 463
387 850 4 4 112
387 913 1 5 141
387 747 5 3 32
388 546 3 4 130
388 1017 6 4 143
388 598 8 5 2147
388 645 1 5 131
388 806 2 4 85
389 647 2 5 373
389 837 5 3 70
389 913 7 2 36
390 597 9 3 111
390 586 3 4 121
390 590 10 4 675
390 779 3 5 507
391 567 1 4 25
392 462 7 5 1006
392 801 1 3 17
392 849 7 3 59
392 1006 10 4 935
393 554 7 2 28
393 675 3 4 337
393 825 8 5 1596
393 836 7 4 402
393 895 2 6 1825
394 462 10 4 538
394 578 10 3 65
394 608 6 5 2168
394 723 7 3 136
395 591 5 3 79
395 811 3 4 170
396 559 7 4 299
396 648 6 5 712
397 455 6 3 41
397 537 2 3 11
397 547 5 5 595
397 778 2 4 123
397 916 4 5 971
397 961 1 4 52
398 519 10 3 167
398 694 3 3 37
399 944 3 3 43
399 434 7 4 715
399 723 8 3 87
400 828 4 2 14
401 713 3 4 145
401 422 5 4 150
401 558 1 4 88
401 320 2 4 59
402 674 7 5 4586
402 933 10 4 250
402 515 9 4 419
402 545 3 4 142
402 578 6 5 1638
402 675 4 5 1838
403 770 4 4 172
406 409 7 4 454
406 783 6 3 82
407 678 2 4 72
407 929 8 3 149
407 529 3 3 16
408 592 2 5 597
409 577 8 4 192
410 418 8 5 1114
410 889 8 5 1196
410 557 4 4 148
411 521 2 5 463
411 564 4 3 78
413 537 9 3 160
414 641 5 3 44
415 933 9 4 574
417 532 4 4 245
417 833 8 3 58
417 482 2 3 37
417 545 6 2 26
417 811 5 3 52
418 578 8 5 942
419 556 3 4 83
419 628 5 3 46
420 845 7 3 97
421 425 5 4 332
421 539 10 4 367
421 546 4 4 121
421 513 9 2 32
421 903 3 4 295
422 641 1 7 27537
423 737 6 3 128
423 796 9 4 362
424 652 9 4 241
424 530 1 4 37
425 482 5 3 40
425 984 10 3 74
426 747 10 4 1106
426 777 10 2 32
426 470 4 4 96
426 535 4 5 661
427 645 8 3 123
427 687 9 3 65
428 581 4 3 50
428 548 3 3 24
428 833 5 4 117
429 621 5 4 340
429 881 3 3 54
430 545 5 2 9
430 594 5 4 249
432 602 1 5 131
432 916 8 3 76
433 585 7 2 30
433 1015 1 4 89
434 497 5 5 1866
434 800 4 3 84
434 805 9 2 39
436 762 2 4 200
437 598 1 4 87
437 642 7 2 15
437 521 5 4 445
438 455 3 3 22
439 513 3 4 90
443 692 6 3 93
443 517 6 5 938
445 770 9 3 95
445 802 8 4 736
445 562 3 4 198
446 1018 2 5 435
447 630 8 5 2004
449 514 3 3 42
449 656 3 5 685
449 374 5 3 33
451 451 4 5 2676
451 522 10 4 322
451 617 6 4 460
451 681 1 4 111
453 489 5 4 307
453 513 8 5 1077
453 514 6 3 100
453 515 10 3 56
454 662 5 3 28
454 513 9 1 10
455 635 9 3 51
455 783 4 5 542
456 641 1 7 6210
457 775 9 2 29
457 909 9 3 64
457 946 7 3 83
458 907 1 5 196
458 572 9 2 28
459 744 7 4 253
461 463 2 4 208
461 567 4 4 210
461 707 4 4 123
462 626 8 2 30
462 902 8 3 64
463 517 7 2 28
463 642 4 4 320
464 917 2 4 45
465 929 9 4 820
465 669 6 2 20
465 723 4 5 791
466 532 1 5 281
466 762 7 3 83
466 903 2 4 80
467 441 7 8 1000460
468 641 8 4 246
471 714 3 4 246
471 676 4 3 33
473 802 9 3 81
473 962 7 4 470
474 601 4 4 364
474 801 3 4 336
477 776 1 7 10365
479 538 3 3 64
479 460 4 8 183223
481 666 7 3 102
481 732 7 3 57
481 929 8 4 178
481 603 9 1 13
481 807 8 3 48
482 541 10 4 613
482 962 7 4 754
483 513 6 3 40
484 556 7 3 140
484 985 8 6 14419
484 812 3 3 36
485 842 8 4 302
486 837 3 4 139
489 566 10 4 374
495 753 8 1 14
497 979 10 4 1032
497 782 4 3 53
497 312 2 5 275
499 794 1 4 39
502 520 2 5 934
503 769 3 4 123
507 707 9 3 138
507 752 9 3 193
507 768 1 5 118
508 581 7 3 56
513 515 4 4 286
513 523 3 5 439
513 686 3 4 178
513 937 2 3 42
513 529 5 4 113
513 549 7 5 845
513 558 9 2 31
513 643 9 3 88
513 649 7 3 102
513 720 8 3 84
513 804 1 4 48
513 941 3 3 21
514 549 3 5 486
514 641 1 5 498
514 645 1 5 129
514 766 6 3 33
515 523 8 3 55
515 573 3 3 24
515 781 2 4 134
515 673 3 4 156
515 705 4 4 416
515 785 4 3 46
516 599 9 2 16
516 671 1 4 80
516 771 9 5 1175
517 556 10 2 27
517 583 6 5 698
517 606 10 1 15
517 780 8 2 19
517 786 5 3 94
517 864 7 4 262
517 929 6 3 94
518 526 2 4 76
518 535 2 3 19
518 673 4 3 36
518 677 5 3 73
518 769 5 3 75
518 519 8 3 89
518 520 6 3 71
518 530 8 2 36
518 696 6 3 32
519 833 9 2 38
519 929 9 2 37
520 945 9 3 86
520 968 8 6 5999
520 848 8 5 2610
521 786 4 3 71
521 813 2 3 21
521 897 8 3 76
521 525 3 4 162
521 530 4 3 55
521 546 5 3 109
521 591 8 4 768
521 767 10 3 79
522 547 1 5 535
522 555 10 3 66
522 561 3 5 625
522 610 4 4 286
522 562 8 5 2767
522 787 8 2 27
523 550 9 4 569
523 653 5 6 4676
523 531 8 4 256
523 570 7 3 99
523 609 10 3 131
523 694 2 5 507
523 749 4 2 10
524 651 5 3 74
524 815 3 3 41
524 898 6 5 699
524 893 8 2 30
526 821 1 5 204
526 577 8 3 55
526 641 10 2 30
527 549 1 5 382
527 777 3 3 52
527 610 3 3 36
527 809 6 4 242
528 714 5 3 30
529 581 5 4 522
529 583 2 4 101
529 612 8 3 68
529 721 6 2 17
529 802 5 3 85
529 593 9 3 52
529 627 7 3 114
529 630 8 3 173
530 738 6 5 1955
530 837 3 4 69
531 697 10 4 602
531 550 9 3 191
531 587 7 2 34
531 626 8 4 510
533 551 3 4 176
533 854 4 3 62
534 788 4 4 141
534 575 6 3 126
535 787 3 3 24
535 929 7 3 145
535 933 6 3 130
535 613 3 5 493
537 688 1 3 6
537 903 1 5 285
537 545 4 6 4208
537 747 2 4 186
537 478 7 2 19
538 900 6 4 191
539 821 8 2 21
539 820 6 5 1173
540 665 3 5 375
540 778 2 5 1181
540 366 1 5 229
541 681 5 3 103
541 793 5 4 412
541 906 6 7 38820
542 794 10 5 1385
543 545 8 4 235
545 552 10 4 491
545 598 1 4 65
545 719 8 6 6261
546 744 7 4 173
546 915 1 5 525
546 841 10 2 34
547 613 5 5 2273
547 651 2 3 25
547 759 8 4 247
547 901 10 5 2114
547 636 7 3 89
547 318 1 4 32
548 578 4 5 782
548 577 6 4 156
548 931 8 3 120
549 578 1 6 758
549 587 9 3 100
549 646 2 6 2602
549 833 8 3 136
550 648 9 2 36
550 785 5 3 56
550 978 6 4 610
551 650 10 3 131
551 801 6 6 4368
553 641 4 4 275
553 657 7 3 86
553 933 3 4 302
553 781 3 3 53
553 905 8 2 17
553 939 10 4 257
554 934 10 5 1925
555 579 5 3 56
555 778 2 4 57
556 967 2 3 37
557 680 2 4 166
558 558 5 4 244
558 771 10 5 1223
558 939 4 3 48
558 560 5 4 366
558 596 8 3 75
561 918 7 4 253
562 787 7 2 34
562 994 8 3 86
562 846 3 4 188
563 978 10 4 383
563 993 2 4 175
563 601 2 6 1667
563 643 2 5 654
565 657 9 5 1169
565 660 9 3 58
566 655 3 5 383
567 593 3 6 4364
567 972 5 6 5131
568 794 7 3 46
569 948 10 4 884
570 600 10 4 281
570 785 1 4 57
573 778 2 4 49
573 579 5 4 190
573 906 5 4 371
574 798 3 5 1242
574 887 6 1 10
574 601 6 5 1165
575 697 2 3 29
576 579 6 5 1727
576 601 9 3 122
577 608 1 5 163
577 609 6 3 91
577 787 2 4 169
578 578 9 3 148
578 662 10 3 61
578 998 10 2 50
579 730 2 3 15
579 982 6 4 407
580 622 8 4 610
580 790 7 3 102
580 625 5 4 225
581 599 4 4 123
582 646 3 5 1081
583 634 9 3 90
584 836 2 4 66
585 834 7 2 20
585 641 4 5 481
585 722 3 3 34
585 845 4 4 371
586 593 7 2 26
586 696 8 3 82
587 659 9 4 361
587 777 7 6 26898
588 609 9 3 87
588 668 10 4 420
589 785 8 3 99
591 789 2 4 139
592 883 1 6 1155
593 857 2 4 180
593 802 1 4 51
593 829 4 5 481
594 687 5 4 248
594 714 10 3 90
595 653 9 3 118
595 793 6 3 34
597 706 5 3 27
597 725 4 5 1247
602 886 4 3 37
602 544 8 2 34
605 914 4 3 39
605 1007 9 4 205
605 785 8 4 177
605 797 10 3 83
607 808 8 5 3718
609 649 8 3 54
609 627 2 5 798
609 662 6 2 31
609 673 3 6 7535
609 769 6 4 536
609 778 5 4 187
610 769 3 4 168
610 825 7 3 69
611 738 8 5 1077
612 881 5 4 484
614 841 5 3 51
615 937 4 2 17
615 911 6 4 580
617 807 7 4 190
618 909 8 2 39
619 1005 6 2 21
624 1001 3 4 245
625 846 9 3 161
625 472 10 3 61
628 770 4 3 87
628 978 6 5 1046
629 794 10 3 55
634 813 3 2 7
635 785 10 1 16
641 660 3 5 418
641 733 8 3 54
641 939 9 4 802
641 953 3 5 1688
641 659 3 4 140
641 770 1 6 764
642 678 6 4 248
642 778 10 3 65
643 725 3 3 50
643 802 9 2 36
644 776 7 5 988
644 1022 4 4 197
645 661 8 3 56
645 757 9 2 42
645 770 5 4 167
645 710 9 3 125
646 964 6 4 424
649 695 9 2 38
649 770 7 3 127
649 661 8 4 204
650 717 8 3 46
651 954 4 4 321
651 488 9 4 307
653 1003 5 2 26
656 762 5 4 182
656 995 7 3 39
657 834 3 3 52
657 674 6 5 862
658 932 9 5 1230
658 934 6 4 254
661 803 2 4 76
661 452 5 6 6336
662 796 2 5 317
663 956 3 3 57
664 771 2 4 101
665 782 5 4 274
667 769 4 4 388
669 750 7 4 182
669 764 6 3 43
670 915 6 2 12
673 718 4 3 70
673 675 7 6 9804
674 705 7 5 1533
682 855 8 5 1108
685 1009 4 3 71
685 1004 9 2 42
693 915 3 5 673
695 769 9 3 126
695 932 2 3 25
695 977 9 2 31
697 886 1 5 180
698 711 6 3 34
698 777 10 2 29
700 899 5 5 873
700 1016 6 3 83
701 865 3 3 17
702 942 7 3 84
706 855 8 4 354
707 733 10 3 71
708 779 5 3 88
708 781 7 4 222
710 844 1 5 136
713 863 9 2 28
713 729 8 4 452
714 838 8 4 325
717 843 7 3 39
717 973 6 1 3
721 804 2 5 317
721 931 5 3 53
729 512 5 2 15
730 975 5 2 26
731 127 10 3 110
733 835 7 4 315
737 769 5 5 623
737 900 7 4 208
739 971 4 5 1404
739 769 5 4 214
741 779 6 4 189
741 802 4 4 398
741 1011 6 4 181
742 623 1 5 162
743 917 10 4 297
744 788 2 4 81
745 763 4 4 171
753 787 9 2 39
753 896 2 5 267
757 945 2 5 510
769 927 9 4 507
770 774 3 4 79
770 803 7 3 49
770 970 7 3 46
772 794 3 5 454
772 801 6 2 18
772 942 9 4 640
773 987 7 6 25648
775 937 9 2 39
776 922 5 3 104
777 799 3 4 107
777 851 4 3 55
777 915 10 1 14
778 809 1 5 172
778 917 2 3 34
778 360 6 3 65
779 813 1 4 74
779 883 5 4 197
780 805 7 3 82
780 977 8 3 92
781 902 2 4 81
782 806 6 4 269
784 933 2 4 163
784 891 7 5 3957
785 842 2 5 402
785 818 7 4 382
785 923 3 3 39
786 839 5 3 96
786 511 7 4 188
787 915 3 4 107
787 865 8 3 98
791 504 2 4 54
791 951 10 3 110
793 850 5 4 496
794 894 7 3 81
795 751 6 5 787
801 825 9 5 4649
801 841 7 3 115
803 885 7 1 12
806 192 5 4 141
809 938 6 4 145
809 946 6 2 22
815 906 7 4 227
817 735 9 4 420
818 979 9 4 394
819 952 2 4 65
825 979 1 5 251
825 853 7 5 2847
834 1000 8 3 122
835 913 6 4 515
837 997 9 4 211
844 940 4 5 894
845 959 9 2 28
845 892 4 3 51
847 957 6 4 345
849 900 10 3 203
849 1008 3 3 56
850 1019 3 3 50
850 475 6 6 4786
857 867 7 6 25680
868 999 6 4 164
869 897 2 4 58
873 704 9 2 29
881 862 7 3 47
885 640 5 2 26
889 905 6 4 190
889 384 2 5 567
897 912 2 5 545
898 1003 9 3 159
898 960 9 3 176
900 509 8 3 136
905 930 5 4 161
906 954 3 4 80
907 756 10 4 313
912 222 5 5 775
913 918 10 3 58
913 1003 7 3 39
914 830 4 4 335
915 969 6 3 75
920 748 6 3 78
933 950 8 3 46
938 966 1 5 117
961 715 4 3 35
963 988 7 3 129
964 880 3 5 2073
979 882 6 4 451
1003 734 4 2 9
1012 224 2 5 879
1019 1020 6 4 336
928 191 2 5 365
476 344 3 5 713
735 435 4 5 1276
896 604 8 2 34
