3116 6.1413880739938335e-06 
8185 3.4948162325208566e-06 
5272 3.5120111593703147e-06 
1205 3.49391610253344e-06 
7669 3.583911059088849e-06 
7509 3.516417168454018e-06 
4285 3.0758808785225676e-06 
8 3.42329537388092e-06 
5569 3.495043532190429e-06 
8486 3.5091316266485216e-06 
1562 3.4949322341034045e-06 
4528 3.488499304771662e-06 
7340 3.475886815727108e-06 
8895 3.4801266742700446e-06 
7284 2.8801528987646924e-06 
6428 6.233390551969597e-06 
2255 3.4920824392490924e-06 
4771 9.722409815700855e-07 
6385 3.5717586805416503e-06 
3471 3.292555199620712e-06 
4070 4.782086115601131e-06 
9497 3.750159690923085e-06 
7257 3.556193473801715e-06 
3301 3.5171450928943214e-06 
1700 3.197862183486684e-06 
1895 3.4815705947495557e-06 
4007 3.50037486733726e-06 
5374 3.4998033507848917e-06 
5954 3.7224431373285046e-06 
7206 3.4908725707068843e-06 
5812 3.231383753843884e-06 
8206 3.4477726277739693e-06 
3579 3.496695414419657e-06 
1057 3.2061917723386765e-06 
4314 3.602368008466194e-06 
4718 3.4829685680101465e-06 
3286 3.5039652992589357e-06 
3679 3.7525890109989975e-06 
2696 2.9588216128214394e-06 
5577 2.730921091727265e-06 
4607 3.4817431019680274e-06 
9346 3.659413597381743e-06 
1987 3.5482892582871736e-06 
3568 3.7063304396257816e-06 
270 3.4990248831793135e-06 
5265 3.5588869051305834e-06 
9559 2.591816904024611e-06 
1793 3.507203869589206e-06 
2199 6.111263791189804e-06 
110 3.4964610230949834e-06 
3369 3.495797893778971e-06 
775 3.4997664495688657e-06 
7511 3.4656132056881866e-06 
1369 3.6332851322811826e-06 
7941 4.844251392450491e-06 
7008 3.7779750825893834e-06 
5310 3.4457883334351653e-06 
708 3.495170429683818e-06 
9668 5.016384113701568e-06 
3681 3.499433596643719e-06 
556 3.4478797913969803e-06 
263 3.465678506719075e-06 
2987 3.4881367787936698e-06 
7277 3.257113782084349e-06 
6881 3.4353915045979352e-06 
5555 5.202051467208049e-06 
8957 5.552726629139051e-08 
2759 3.5002742317171353e-06 
6871 3.506211846909289e-06 
7451 1.5960311838960454e-06 
3452 2.145470744511921e-06 
8639 3.540167292126323e-06 
9151 3.5065298925853436e-06 
8638 3.4798981093492323e-06 
923 3.612428988763938e-06 
230 1.1454665755037202e-06 
9162 3.4765691714123182e-06 
366 3.4995227709793458e-06 
1840 3.491943325136921e-06 
1025 3.6577508374699904e-06 
7584 3.399222166088134e-06 
5520 3.2896950617346103e-06 
2348 3.924401004304455e-06 
7833 3.5015439205047735e-06 
7750 3.503013779984975e-06 
2698 3.5074033479254674e-06 
4594 3.3714629286679105e-06 
2903 3.558661832680473e-06 
839 3.6676870172071066e-06 
1188 5.796845439657279e-06 
5674 3.6575150702341457e-06 
7927 3.4962649772863634e-06 
4525 3.5807738277177703e-06 
6529 3.5142369773175556e-06 
3900 3.4963680478810967e-06 
1934 3.592345419780529e-06 
7863 3.4800357036859435e-06 
9248 3.4791769693694955e-06 
9869 3.7108255469068155e-06 
9597 3.5340462233458673e-06 
5885 3.4905128622790602e-06 
6488 3.1033216297158724e-06 
6183 3.457125845542842e-06 
4147 3.7188305032847658e-06 
2745 3.5804529252334894e-06 
3786 3.4300884754201226e-06 
3411 4.167269326677098e-06 
3313 3.4171350468258035e-06 
5868 3.4986254759620914e-06 
4691 9.958893900524668e-07 
8999 3.4962315695524007e-06 
1444 3.3674796080680173e-06 
9293 1.8057619041318623e-06 
9817 3.447864966183087e-06 
3709 3.5045205251420956e-06 
3721 9.102542244084898e-06 
7353 3.6314869253885524e-06 
6125 3.6172142574550945e-06 
3837 3.7071104589788186e-06 
4903 3.697219709323299e-06 
2567 3.533157629518441e-06 
1386 3.740907065296943e-06 
114 4.433084268972321e-06 
7313 3.5034806511249795e-06 
2234 3.5050654574973355e-06 
1825 3.517003997296382e-06 
340 3.4632461356315756e-06 
7767 4.0699215588791485e-06 
1518 3.5960960863400047e-06 
3334 3.526837610475708e-06 
7984 3.4836477558340324e-06 
8301 3.513531121591379e-06 
1379 3.5702836747792163e-06 
8499 3.5022724524362477e-06 
6190 3.5024147133675437e-06 
5760 1.1828933716822036e-06 
6817 3.3564247121760435e-06 
3445 3.5141988269903547e-06 
3428 3.595653497323229e-06 
2216 3.378887821258581e-06 
9615 5.292956592827472e-06 
758 3.3816991305270334e-06 
8028 3.995540614941192e-06 
1881 2.3312424797016366e-06 
5057 3.4771914424432896e-06 
3522 3.517878310188932e-06 
4900 3.5004208831580737e-06 
392 3.497023425025799e-06 
2064 3.456631009094962e-06 
3239 3.497916666572401e-06 
5593 3.4880023806240643e-06 
1809 1.4432241829780688e-07 
6439 3.4974788027832598e-06 
9609 3.4798004235969584e-06 
7999 3.541782030161224e-06 
922 3.4875336242459835e-06 
9472 3.506844869557008e-06 
6205 3.5043043646012954e-06 
5195 3.543038411241601e-06 
8412 3.498380043296246e-06 
6422 2.7438247764842453e-06 
3825 3.5148006034533244e-06 
3601 1.9934059027243206e-07 
4440 3.526441411798643e-06 
211 3.508256190174032e-06 
6828 3.9743683076421475e-06 
408 3.1708514976280776e-06 
2219 3.4504869435494093e-06 
6134 3.7606027652138223e-06 
7341 3.502936232930997e-06 
6040 3.3922667707419344e-06 
4003 3.4777597868466454e-06 
9713 3.498196999183398e-06 
1613 3.4947034203232162e-06 
8701 3.504183528279423e-06 
2414 3.492482881553978e-06 
8665 3.485393048588488e-06 
9336 4.435909559391052e-06 
1915 3.5145895388876873e-06 
9750 3.5869045425742774e-06 
8836 3.5340747585800214e-06 
6575 3.4953896539551983e-06 
1499 3.597530731442349e-06 
1305 3.49299720599139e-06 
9583 3.240552011367236e-06 
9463 3.0153902041891115e-06 
4317 3.4818525534334113e-06 
3733 3.3098157237435814e-06 
205 3.3505656473266677e-06 
3099 3.543901345553482e-06 
5992 2.13230173385371e-06 
5271 4.24384816644137e-06 
3878 3.680870095130136e-06 
3834 3.5704856342305727e-06 
6311 3.5388520363885694e-06 
3071 3.493654637155568e-06 
6812 3.6498694374422587e-06 
5930 3.4919036058578235e-06 
2360 3.49415863893121e-06 
3168 8.862294436718168e-09 
7408 7.461127485651623e-06 
1939 3.3346740415832095e-06 
3418 3.497854709005224e-06 
625 3.748931363522357e-06 
6414 3.0453281672206865e-06 
7994 2.7806844076319664e-06 
4389 3.6027135822318352e-06 
2107 3.461282404138691e-06 
7749 3.500845951529587e-06 
8191 3.4498310530169698e-06 
2197 3.7297220688268355e-06 
6097 2.646433224255069e-06 
2317 3.5170045918902873e-06 
8668 1.169615119715228e-06 
7699 3.4948179247608437e-06 
1054 3.440196781334697e-06 
1074 3.491798001843914e-06 
6162 4.49408389503103e-06 
2069 3.68923623530514e-06 
3588 2.923999169909684e-06 
1468 2.082032641719135e-06 
943 4.541592284141859e-06 
7480 3.4929080128947115e-06 
3062 3.6742817923805e-06 
3228 3.059831373451255e-07 
1307 3.5007045922838386e-06 
31 1.2227785986640061e-06 
1621 3.5259640938321843e-06 
1000 3.3959351197273785e-06 
9158 3.989438995645534e-06 
623 3.480746098673557e-06 
7138 3.520737054093374e-06 
2754 1.3966330287683947e-06 
4822 6.805764465649407e-07 
7469 3.3562741553256925e-07 
8078 3.497962347341691e-06 
8162 5.908204042792772e-07 
4790 3.496112871196652e-06 
2814 3.521465312768393e-06 
2004 3.4964966060546367e-06 
4364 5.610114171468133e-07 
6951 3.3741870497685936e-06 
6440 3.424216783017175e-06 
2388 3.488749181758083e-06 
7628 3.26391193613643e-06 
7410 3.6839031312061407e-06 
6182 3.54975279746409e-06 
3191 3.4939055239895458e-06 
1370 3.5008895261116806e-06 
6462 3.483486199513175e-06 
3529 2.764624539501606e-06 
4131 3.496281838200751e-06 
2117 3.4792660040747593e-06 
2193 4.074808022386371e-06 
7215 3.4989137888931362e-06 
5675 3.302192296473512e-06 
2553 3.3810420614820976e-06 
9619 3.543919900044004e-06 
6920 3.7030298956724464e-07 
7524 3.7368512691968355e-06 
7153 3.305677545781136e-06 
2054 1.8741080286876886e-06 
8813 1.2859623534262051e-06 
4565 3.502584724466331e-06 
544 2.275444673665972e-06 
266 3.494979917933932e-06 
1334 3.512633632906614e-06 
3585 3.6863621814717744e-06 
5172 3.5057945835287047e-06 
3894 3.0970237592739746e-06 
4306 3.584743089100874e-06 
1064 3.4870667870682276e-06 
5395 3.52070684237626e-06 
1729 3.491539078961664e-06 
1822 3.4965728493991768e-06 
6668 3.494983617464866e-06 
4901 3.2373963096274856e-06 
6426 3.4993038276887163e-06 
3329 3.638088395524373e-06 
1642 3.485598482512439e-06 
9171 3.487656072048488e-06 
2172 3.5718879472726024e-06 
7187 3.5294819864399196e-06 
4505 3.4942880225488423e-06 
99 3.571043573940552e-06 
8667 3.481036655488226e-06 
7901 3.3553635041671317e-06 
86 2.7468937870123137e-06 
9313 3.4731423317350736e-06 
1121 3.3083045394977574e-06 
6109 3.4772901375192255e-06 
4793 3.5071984786916234e-06 
5479 3.6961941699084168e-06 
4162 2.816127025412844e-06 
6875 3.5470100013053764e-06 
2664 3.530889480578481e-06 
2212 3.5003323731140185e-06 
3863 3.606671550166127e-06 
6767 3.6227217648252145e-06 
429 3.346248948419275e-06 
6630 3.184282053784982e-06 
1639 3.502838231480585e-06 
9976 3.4971172387053375e-06 
4249 3.251287279037504e-06 
4955 3.2764896177436244e-06 
4050 3.52042426108517e-06 
1511 3.350099469350956e-06 
6713 3.978544111793212e-06 
1368 3.4931684520149317e-06 
6610 3.2313365388166406e-06 
4016 3.4962211443823444e-06 
6856 3.4728298483361424e-06 
7719 3.4502669893425687e-06 
9696 3.499539419990726e-06 
7142 3.4785358859091313e-06 
8950 3.009114718167571e-06 
7281 3.4371750755268246e-06 
4058 3.2540419521685107e-06 
9858 1.9222413508864347e-06 
7640 3.5274213191579626e-06 
4635 3.6010469530348413e-06 
4841 3.494525211498759e-06 
9476 3.490316247930609e-06 
4944 3.489005082781324e-06 
5050 4.645953896243935e-06 
1800 3.1302747106932616e-06 
7064 3.6739386116707833e-06 
4246 3.277451080375663e-06 
9878 3.506600796357189e-06 
6052 3.484380884847779e-06 
9326 4.345974308311163e-06 
1583 3.0792425101580863e-06 
1353 3.4978090510460164e-06 
1332 3.512631950770443e-06 
297 3.4716058582472856e-06 
8519 3.492914978179883e-06 
1197 3.504588191493167e-06 
6883 3.5604194405222196e-06 
3262 3.4970563668403616e-06 
1421 3.481805215974979e-06 
9042 3.5427272878926283e-06 
9929 3.495756999061979e-06 
9333 3.4953054131483124e-06 
8257 4.361318497465629e-06 
4395 4.020352773150903e-06 
2125 3.503684487362205e-06 
8762 3.723713189615833e-06 
3637 3.4683022085203174e-06 
7228 3.496580851309702e-06 
7562 3.4053108726864345e-06 
4412 3.69585624937335e-06 
4069 4.702061492678429e-06 
3167 3.48553618742683e-06 
2200 3.4288409596247013e-06 
74 3.6354049894595333e-06 
1985 3.4887975323903076e-06 
9486 3.5850676708100045e-06 
7000 1.4168006809927053e-06 
740 3.4961695771612502e-06 
953 3.5178655057227964e-06 
2803 3.423176359529425e-06 
3425 3.0994558640445164e-07 
3633 3.5121516247607087e-06 
6512 3.4985242106232528e-06 
3969 2.0861658770001417e-06 
7020 3.4969585415247394e-06 
3764 3.414872442700263e-06 
2983 3.485910587565623e-06 
2167 3.486867129393739e-06 
9199 6.426466058882458e-06 
1786 3.6025094698270567e-06 
3732 3.4767310687643678e-06 
1994 3.4036684192122648e-06 
5895 3.5251744270223212e-06 
8992 3.4202387790818226e-06 
1473 3.5500732634220776e-06 
2229 3.1750964136124843e-06 
9963 3.4911447182674893e-06 
549 3.1927371821651684e-06 
5159 3.990496753967391e-06 
7432 3.500465497511373e-06 
8236 3.4892297320388787e-06 
4862 3.797185763071474e-06 
8034 3.492367607335432e-06 
410 3.4830905096272312e-06 
16 3.898582339138582e-06 
286 3.508560582705677e-06 
4142 3.578835692821568e-06 
2499 3.500790315245654e-06 
8325 5.620461633682422e-07 
5206 5.409796928685425e-08 
1107 3.549112350906948e-06 
9061 3.6564614084779034e-06 
378 3.543168242406739e-06 
7498 3.529361169476906e-06 
602 3.5025921850282465e-06 
7671 1.0780818718365559e-06 
1028 3.4846963261963154e-06 
8841 3.551258480651031e-06 
9044 3.47409527271687e-06 
1543 3.4856372277403993e-06 
7659 3.419412406214398e-06 
7312 3.5699851180602598e-06 
5805 4.0751796459948725e-06 
2523 3.1303694632068374e-06 
9911 3.6451722484178307e-06 
2457 3.5070198663689577e-06 
9517 3.4963945356994674e-06 
8196 3.6785029800023283e-06 
8600 3.4945142432155367e-06 
2131 2.888720661036776e-06 
4093 3.4977094373234317e-06 
7295 3.645492870199609e-06 
9396 4.520929842264172e-06 
9427 3.600377127591811e-06 
5616 3.528792098701262e-06 
8782 3.501810753867679e-06 
5336 3.508921485697326e-06 
6437 3.6064421724126274e-06 
4402 3.949635660540387e-06 
1437 3.5743094840846316e-06 
7860 3.4818510109459186e-06 
7453 3.462592284010035e-06 
7083 3.505865993230664e-06 
9072 3.5227181942968464e-06 
6047 1.4607149342034815e-06 
8141 3.4981027952754874e-06 
1835 3.4758155567050024e-06 
5309 3.5955240736750506e-06 
3367 3.4938378808488e-06 
7414 2.742864536408931e-06 
1042 3.498484240409634e-06 
9871 3.4950485576750703e-06 
972 3.6281137213638076e-06 
2676 3.48696617701927e-06 
7856 3.2698836406080085e-06 
6139 1.1464688015265449e-05 
2483 3.408852370195674e-06 
5117 3.5054842914787676e-06 
7574 3.504151612291107e-06 
3975 3.792489292131235e-06 
6267 2.71621742892071e-06 
7598 3.5738738227299005e-06 
354 3.4994644712787184e-06 
7746 5.097160771159377e-06 
210 3.4974961899637177e-06 
5107 3.3136409369693125e-06 
2947 3.5166446122952168e-06 
2989 3.509517045927798e-06 
6587 4.627788746280826e-06 
541 3.4975488080934828e-06 
2228 3.5050410228212614e-06 
7121 3.2050664464609994e-06 
3208 3.3512517656106496e-06 
4028 3.690869631096257e-06 
5847 3.5062041932734547e-06 
7716 2.400329975426541e-06 
2058 3.506860522415123e-06 
7756 3.45467671033692e-06 
3654 3.4944615321361825e-06 
6161 3.4935934342352914e-06 
4633 3.484083749208444e-06 
8545 3.8968194752668655e-06 
4896 3.5515126851647487e-06 
322 6.415056421668592e-07 
7435 3.4946110714090004e-06 
6260 3.5012744100822964e-06 
1689 3.4492651541528333e-06 
9011 3.4010544087447996e-06 
1901 3.5103630977121774e-06 
6014 1.5841765325397565e-07 
9050 3.430481141179506e-06 
4480 3.5117870776504235e-06 
670 5.215876301013057e-06 
2309 3.478335668879759e-06 
4344 3.1884925935277818e-06 
9058 3.498593962899602e-06 
2972 2.1978646605247597e-06 
5867 3.489917056020921e-06 
4288 3.4921424705003043e-06 
287 3.83506322461092e-06 
4189 4.080400922873173e-06 
8518 3.6320831194565937e-06 
1823 3.486397997696191e-06 
2479 3.4966964182751195e-06 
1704 3.506631764456846e-06 
45 3.5052871767745284e-06 
8718 3.4944945830987705e-06 
7774 2.313560427048853e-06 
4330 3.5030260651161534e-06 
7515 3.531688890940145e-06 
6298 3.541167746393963e-06 
9744 3.5851772622992105e-06 
608 3.494166250614191e-06 
6331 3.5224193345462227e-06 
4914 3.4972138950211816e-06 
5702 3.1575738865811463e-06 
4287 3.499338751589727e-06 
6777 3.5232552145042245e-06 
8055 3.5285798887506472e-06 
8054 3.4695109545857768e-06 
1105 3.4883264307449473e-06 
2842 3.4541844946669124e-06 
5507 3.495949871228808e-06 
6565 3.5819147111427387e-06 
8043 3.95063209650777e-06 
461 3.5112118320624984e-06 
2717 3.474291698311636e-06 
3986 3.5066167246109938e-06 
5268 3.5010245071725377e-06 
5455 3.4905778299892193e-06 
7889 3.5108306602657385e-06 
7541 3.3225666417057264e-06 
4556 3.5547019256304133e-06 
8564 3.5021684588070905e-06 
3776 1.157604223945594e-06 
7330 3.481811844956778e-06 
9823 3.5030363874681214e-06 
4902 5.183253807485465e-06 
3552 3.4784043081159126e-06 
2331 3.4768399411867494e-06 
9192 4.151933697249255e-06 
2001 3.5856288859935515e-06 
5490 3.573539832614598e-06 
6358 3.538034509932585e-06 
2451 3.502898064147823e-06 
8775 2.938546877746488e-06 
8326 3.758974228763484e-06 
5072 6.6090246838842884e-06 
3561 2.9515685780241303e-06 
2046 3.5025052803903878e-06 
8473 3.1135249001215925e-06 
873 3.4477925969292736e-06 
1784 3.387534222012201e-06 
1961 3.3768621259899392e-06 
955 3.5022523239888765e-06 
1540 3.409359287625821e-06 
5197 3.414251840715484e-06 
8876 3.076719439127461e-06 
7315 3.964565792202957e-06 
1217 3.5335776772441832e-06 
1585 3.370791592893748e-06 
25 3.4186937962760615e-06 
9195 3.4947373756369738e-06 
158 3.4671736555694986e-06 
333 2.1970478195850764e-07 
9550 3.4977645577625764e-06 
4391 3.5028963031837356e-06 
413 2.2809835590052597e-06 
7932 3.480215305456355e-06 
2266 8.16549470742382e-06 
7614 3.491104343763168e-06 
6516 3.681865375566531e-06 
1344 3.5863507940799067e-06 
4394 3.5299196788292947e-06 
5157 3.772939649499814e-06 
8578 3.51582753809609e-06 
726 3.311166423103183e-06 
7133 3.283791227539025e-06 
2361 3.5157310819832812e-06 
4325 3.4466855674151074e-06 
1175 3.2361647778632694e-06 
7664 3.4970916714949877e-06 
8873 3.5302239680059934e-06 
5318 3.4973447709513094e-06 
6374 1.5851244411460932e-06 
7993 3.5194645877370376e-06 
794 3.490633289935678e-06 
5407 3.5313713938022813e-06 
3971 3.4844952683763575e-06 
7593 3.7469939394231425e-06 
4797 4.411478208298578e-07 
533 3.498112242474317e-06 
9697 3.5068625018705983e-06 
9337 3.5361974147505096e-06 
4791 3.4820179085082693e-06 
5680 3.150037011277759e-07 
3966 3.429426485807498e-06 
465 3.527279556766882e-06 
5866 3.6122942926673838e-06 
1202 1.8148557976929024e-06 
3249 3.4973785119531868e-06 
8759 2.2142601625885776e-06 
6929 3.484855139163394e-06 
6840 3.29532664200555e-06 
2574 3.154153321609883e-06 
6131 3.5367919630299946e-06 
4732 3.368147430153238e-06 
4467 3.54094380850247e-06 
9796 1.60127061369952e-07 
1630 4.030468122203824e-06 
3267 3.619276203571655e-06 
921 3.582819736581802e-06 
9068 3.514806223017512e-06 
285 3.486732700435942e-06 
4465 3.554646907870711e-06 
742 3.4929480265112636e-06 
9802 3.413291630083519e-06 
2821 4.100763393733432e-06 
8448 3.641612538727235e-06 
1255 3.5232047915644137e-06 
1866 3.3469878015665918e-06 
9537 3.5614111102516613e-06 
6474 1.9952937841969916e-06 
1748 3.529258678016153e-06 
659 4.018866855821565e-06 
2927 3.7005010216045564e-06 
383 3.5012055519046997e-06 
4062 1.4964728501445838e-06 
7148 3.463032533883135e-06 
2525 3.471905769476802e-06 
1257 3.492691329442418e-06 
7017 3.524653869911947e-06 
3311 3.460002892675562e-06 
4103 3.149107804148836e-06 
8962 3.503771668460333e-06 
4511 3.6620915753965534e-06 
3701 3.5010292299995116e-06 
959 3.4800025646028674e-06 
7115 3.4976564858443275e-06 
1177 3.5549969984177534e-06 
612 3.290310157714607e-06 
5254 3.4950277833400423e-06 
2891 3.757838774036747e-06 
1584 3.4911892164451454e-06 
6872 4.187128511279644e-06 
4171 2.8487336459070024e-06 
78 3.0814505321551283e-06 
443 3.4706060077978624e-06 
1326 3.6762759098828286e-06 
5715 3.498460957588243e-06 
8178 3.6500855272484014e-06 
5735 2.9728118462065466e-06 
2404 3.4910159310317514e-06 
5075 3.476734757398772e-06 
5131 3.4831652054038944e-06 
8129 3.495313393863032e-06 
5222 3.186970958667923e-06 
8749 5.336147059980595e-06 
4648 3.5473578960622936e-06 
7439 3.4657627624108573e-06 
1282 3.5352608195304333e-06 
3605 3.5022035204848024e-06 
152 2.8357912308747815e-06 
3032 6.546019414890012e-07 
8691 3.4933854076504514e-06 
448 3.639251887564856e-06 
587 7.579376421118786e-07 
6075 3.6526537742493386e-06 
8571 3.4420413270686282e-06 
7089 3.5171971995533404e-06 
313 3.39131938932937e-06 
1373 3.4983956577373545e-06 
9092 3.927363378802464e-06 
459 3.4904044977960113e-06 
3651 3.4980368617001867e-06 
4504 3.49394991905721e-06 
4498 3.4945561015215756e-06 
332 3.444893087601171e-06 
7962 3.4947026991629453e-06 
5647 3.4862632807143734e-06 
9903 1.6473372637533431e-06 
2495 3.6750895039373304e-06 
9724 3.521263546143393e-06 
5598 3.5001353883848484e-06 
9354 3.552717411972569e-06 
2237 3.4946558195117562e-06 
7617 4.035594288762716e-06 
7591 3.512436623150701e-06 
6585 4.3650760228706215e-06 
4025 3.1944480398344026e-06 
1871 3.5474677835593704e-06 
418 3.475642895695127e-06 
4451 3.497317695512971e-06 
1802 3.504219302108302e-06 
6067 3.5132399107755826e-06 
844 3.4775319376186003e-06 
2338 3.396114159338769e-06 
1399 3.4788333287504833e-06 
665 4.905586051917389e-06 
7899 3.1651757719537647e-06 
3541 3.502894252855955e-06 
7051 3.50355586990633e-06 
8810 3.3951244952744555e-06 
1850 3.227071456272093e-06 
1970 4.514345822937101e-06 
5773 3.493869831647117e-06 
1346 3.0388715529435566e-06 
1555 3.494935439965706e-06 
9815 3.5532504847184e-06 
6300 2.8413226120316876e-06 
5420 3.6071270482484877e-06 
2767 3.4835897954131415e-06 
2507 3.494907694632083e-06 
6613 3.6146949828597665e-06 
9118 3.457870535669644e-06 
1423 3.3418864614317247e-06 
6524 4.298260705456475e-06 
1922 6.193685889333875e-06 
3685 3.5979263266090937e-06 
9623 2.4860646861034437e-06 
711 3.51402758311905e-06 
4115 3.4941174583886528e-06 
7618 3.414893435583341e-06 
1807 3.6175968934693464e-06 
6984 3.6956427379195374e-06 
7985 3.721008937478112e-06 
8451 3.503784002038702e-06 
1996 3.4939846152868355e-06 
9457 3.4776156899236467e-06 
7368 3.565995262653123e-06 
8350 3.50893438339893e-06 
9833 3.4122473381807557e-06 
3968 3.5725392492851817e-06 
488 3.4684261875442635e-06 
4183 3.521953627589317e-06 
6371 3.469144968239916e-06 
9319 3.4816524878383544e-06 
7831 3.474596655565655e-06 
7274 3.497487673982021e-06 
1237 8.545409622737307e-08 
7139 3.497145277209208e-06 
5353 3.4918462887793994e-06 
2527 3.484012324633052e-06 
3169 3.4951358050256977e-06 
5155 3.506216434851722e-06 
189 3.830247798770986e-06 
8541 3.5029847380249566e-06 
5005 3.7397520529437128e-06 
5857 3.4945261653450136e-06 
7675 3.504426097310253e-06 
9987 3.6013251167100853e-06 
7834 3.5455812634508196e-06 
9743 3.461242055964682e-06 
3802 3.0952666304940575e-06 
4383 3.499186924371219e-06 
8207 3.4825842362233604e-06 
1726 3.4926634026640065e-06 
1049 3.4960998233289518e-06 
8144 3.6864657508612756e-06 
7637 3.500155048164512e-06 
1814 3.4966276557225447e-06 
8111 3.5090411007658027e-06 
1442 5.857118019941287e-06 
4783 1.7175625531880416e-06 
2705 3.498600063651751e-06 
456 3.4924950364839605e-06 
2792 3.4910118449607754e-06 
3459 3.51695737542787e-06 
1299 3.5121383049612132e-06 
1646 3.495840832585117e-06 
1691 3.308578377758785e-06 
2431 5.10833156164816e-06 
5088 1.9878234947077068e-07 
694 3.500192950155165e-06 
1001 3.5860865918729047e-06 
3142 3.662501084775124e-06 
6595 3.5370208233665667e-06 
998 2.0910313576885718e-07 
9358 3.4812644878300208e-06 
9875 3.5690075650970787e-06 
2413 3.1440199925174787e-06 
1633 3.500078780547194e-06 
3175 3.4962570335491422e-06 
2126 3.4947686279861875e-06 
7969 3.5053421943483746e-06 
2720 3.487100840793806e-06 
4950 1.6440916810978982e-06 
9570 3.1483995456380006e-06 
8346 3.509511916916257e-06 
6517 3.4478731370981274e-06 
6927 3.5873533814307776e-06 
1893 3.4965207015238466e-06 
6643 3.4932823098989185e-06 
2314 3.4967676042767146e-06 
7144 3.505546515339079e-06 
5594 3.5083389478895988e-06 
504 4.492939189841328e-06 
1976 3.4975874398650333e-06 
167 3.496635467935442e-06 
4297 3.5225251582103646e-06 
3384 3.5429684455923543e-06 
8601 3.135112894301416e-06 
5489 3.7247208744319993e-06 
3763 3.60895614291659e-06 
474 3.3498930457641745e-06 
4283 3.51725975956673e-06 
5841 3.416576961596971e-06 
4384 1.5932400632928417e-06 
7830 3.488947565435567e-06 
3380 3.537493057519279e-06 
9698 3.60542873860186e-06 
4019 3.499213675204187e-06 
6612 3.454139084571349e-06 
385 3.4919457986300696e-06 
9991 3.6764782202235926e-06 
5350 3.5051974481675554e-06 
3854 3.486314176597863e-06 
6310 3.478782114091291e-06 
6293 3.5013326988255213e-06 
1087 3.631113338762864e-06 
64 3.467072706809723e-06 
6220 3.5539446729475917e-06 
3389 3.484858735090984e-06 
6346 5.690424648632662e-06 
116 3.438306598962007e-06 
8377 3.5479406523436028e-06 
9573 3.3728468517171124e-06 
8134 3.898668164285131e-06 
1355 3.1180729967805516e-06 
9977 2.482192190146976e-06 
5537 3.3277106547861925e-06 
8765 3.491324260993174e-06 
4642 3.764589236109348e-06 
3275 3.4959472280870014e-06 
2484 3.477352244664929e-06 
5013 3.4539808640302174e-06 
9507 3.491618389741397e-06 
7983 3.5364817230339904e-06 
7695 1.7236829983344625e-06 
6814 3.0923267522763298e-06 
3882 3.50927487462557e-06 
9692 3.4538784350749394e-06 
4608 3.4985021780413853e-06 
8716 3.409420974575929e-06 
816 3.5060790152792134e-06 
9226 3.2784802942980056e-06 
8583 3.4981576586151833e-06 
2937 3.5698103893575957e-06 
3538 3.7910771131514045e-06 
5575 3.5101942339743094e-06 
6249 2.5265430886849256e-06 
8994 3.4874235397677716e-06 
6157 3.4987252628518238e-06 
7792 7.589746121588539e-07 
3597 3.495921041594788e-06 
4313 1.2343405400361542e-06 
977 3.5562801491724737e-06 
6972 3.1944358388666223e-06 
3610 3.4159324064000035e-06 
5306 3.5021082200735683e-06 
2982 3.918709588578191e-06 
8924 3.367638738743852e-06 
9142 3.5290708651353884e-06 
772 3.6596712926330584e-06 
3903 3.5033536852170253e-06 
2532 3.603995135312695e-06 
6071 3.5355730552697396e-06 
535 3.504368959709569e-06 
5396 2.5878505726897593e-06 
2590 3.5265405843025905e-06 
6680 3.5513984312107265e-06 
5700 3.5131465212015184e-06 
9265 3.4969851418156156e-06 
6209 3.2838265370199047e-06 
9948 3.4788073876344546e-06 
5732 3.4975442443460053e-06 
9382 3.4993427360746246e-06 
2783 3.470911238775185e-06 
5226 3.502311341538998e-06 
4435 3.5076151002775047e-06 
7711 3.48147717763011e-06 
7789 3.50205958018875e-06 
6712 3.45584843812187e-06 
4675 3.4986546438966953e-06 
8672 3.484273263797958e-06 
8734 3.502342021807276e-06 
3293 3.5204400070294392e-06 
5030 3.545870654470875e-06 
35 3.5189378975880615e-06 
6285 3.4837582718107197e-06 
8833 3.458880335606602e-06 
7643 1.1945117950455414e-07 
4866 3.490040545801836e-06 
8979 3.2954576116063304e-06 
5174 3.771262295593543e-06 
5400 3.4849712334052682e-06 
964 3.4917365365859705e-06 
8232 3.7566402891895995e-06 
2873 4.036405183222491e-07 
3719 3.474006125472147e-06 
6513 3.514021602296136e-06 
4492 3.4958983860519986e-06 
941 3.7471864361176167e-06 
518 2.4412702597342645e-06 
1564 3.5262840184244692e-06 
2310 3.397180701967366e-06 
1838 3.500646195960263e-06 
7141 3.4977329840980193e-06 
5860 3.5787414406015235e-06 
9450 3.4934320027666484e-06 
2034 3.4988143684349754e-06 
7479 3.5960406336046823e-06 
9274 3.4759550257706717e-06 
8370 3.468797188184723e-06 
2075 3.5065099666489036e-06 
6121 2.8514750849488154e-06 
8286 3.4968213684215807e-06 
9193 2.9662246663981393e-06 
3078 3.4650980013868932e-06 
4954 3.509471231819655e-06 
1168 3.4175711354112554e-06 
2397 3.6209629038376613e-06 
1426 3.698312363974838e-06 
3870 3.4884766535268312e-06 
960 3.435372565124617e-06 
20 3.383623052010785e-06 
4449 1.8776394336618044e-06 
9611 1.381514618004428e-06 
7612 3.023875998183699e-06 
2038 3.5714343526933057e-06 
6366 4.4462250013523516e-06 
4225 3.498938920244006e-06 
1200 1.5613479777569566e-06 
9560 4.065518549036785e-06 
1247 3.585636357690552e-06 
7027 4.053916893904875e-06 
6667 3.3557080656433853e-06 
1489 3.376563505089502e-06 
5270 3.5272205938592437e-06 
2226 3.1463692978056414e-06 
2447 3.5963642816892937e-06 
5658 3.4492016976115646e-06 
5119 3.514254599056933e-06 
7188 3.4964575535456484e-06 
6241 3.4214177305297765e-06 
1044 3.510591139408513e-06 
1176 3.2392239952143385e-06 
4781 3.500311117713255e-06 
6785 1.326044465699908e-06 
8557 3.5776346221714893e-06 
4218 3.4911391496562396e-06 
1099 3.632582516643538e-06 
8680 3.4967114657389264e-06 
3702 3.5136742331759126e-06 
9330 3.5108347451355126e-06 
9620 3.5013608587133196e-06 
5969 3.4994682778320656e-06 
256 3.5021512542731644e-06 
9516 3.469057987600211e-06 
1180 3.736606896302473e-06 
5822 3.3821622001374274e-06 
9814 3.486322790787013e-06 
7346 3.4364346728389648e-06 
7851 2.843855097881571e-06 
6683 3.6116187394197884e-06 
8217 3.493138943065519e-06 
4581 3.407581504702181e-06 
3520 3.492772972959882e-06 
4481 3.0142171971361185e-06 
3586 4.678888828530388e-06 
2808 3.184623237695529e-06 
1422 3.4219698647548783e-06 
9100 3.491849246759056e-06 
9055 3.0668850906051383e-06 
4377 3.502774023139092e-06 
8818 3.4902837203859303e-06 
6718 4.4906948208224e-06 
5349 3.496823724935264e-06 
1525 3.4337824177966787e-06 
9218 3.4930837754162e-06 
1504 3.382053233940324e-06 
8038 3.489372819638032e-06 
7 3.4964047293722886e-06 
5217 3.4652520705655733e-06 
2661 4.544961829811743e-06 
8591 3.486455241982239e-06 
7356 3.6148040064414452e-06 
8304 3.5015103027150404e-06 
3035 3.475454508098352e-06 
6536 4.1780401442113e-06 
6508 3.5034101110512566e-06 
7316 3.4984289563444322e-06 
7739 3.4715561315626215e-06 
412 3.180348813152424e-06 
8248 3.598649405702883e-06 
8798 3.4914458238839103e-06 
8501 3.508286284797287e-06 
4 3.512713858565783e-06 
6115 3.5083903269520816e-06 
1654 4.3086276784279434e-06 
6563 4.1651608602200874e-07 
5714 3.601842466915831e-06 
7484 3.3651264909041564e-06 
7755 3.5097682286980866e-06 
3226 3.489219234929321e-06 
2565 3.5074573037435244e-06 
2006 3.4995061344634665e-06 
1918 3.4979930278870083e-06 
5441 3.5195375297093715e-06 
7503 3.481309596810163e-06 
580 3.5923526808301566e-06 
6801 7.579882106862026e-06 
5212 3.5666196414623486e-06 
1544 3.4344406621813824e-06 
9131 6.899816938181073e-07 
4290 3.4889265082691415e-06 
6464 3.4869148611413855e-06 
2632 8.088859306149523e-07 
1982 3.4351430256332876e-06 
3717 3.434394872089745e-06 
8489 3.3511806295699004e-06 
595 3.5037782221133053e-06 
108 3.6337603926546626e-06 
5251 3.4676572120692272e-06 
4411 3.5127493947888914e-06 
9272 3.126385886419188e-06 
3790 3.524261169538774e-06 
4378 3.4816719782082285e-06 
8449 3.491390367227184e-06 
5209 2.666401839303654e-06 
6533 3.5297445427344346e-06 
3264 4.264834802787418e-06 
628 3.682364017029869e-06 
9607 3.4903017103463966e-06 
9890 3.4962764378517775e-06 
3535 3.534784779951316e-06 
5070 3.4940524605742274e-06 
6278 2.7816558356161055e-06 
6995 3.535801116452764e-06 
1454 1.638081104298101e-06 
9212 3.7490439444527334e-06 
7970 4.05946950469887e-06 
5368 3.496478585656505e-06 
5017 3.3157544706912626e-08 
3831 3.097199038668553e-06 
5134 3.696991517760919e-06 
6654 3.508036654171968e-06 
372 3.540759086183408e-06 
6028 1.2276398211164173e-06 
2233 3.495441119024776e-06 
2481 3.490104561905719e-06 
9930 3.5359321528601857e-06 
5656 3.1092851266312154e-06 
8523 3.034013068134571e-06 
6500 3.5204529171296085e-06 
8826 3.4861650561590305e-06 
8547 3.4780731132865804e-06 
8670 3.5034976217432457e-06 
7220 3.408679635027688e-06 
7327 3.492645767993445e-06 
8311 3.4291496052700317e-06 
7245 3.4995580871416057e-06 
1592 3.5124909500809084e-06 
669 6.757756317206376e-09 
1487 3.4833472439295917e-06 
2387 3.4992325409151778e-06 
5182 3.484546318238371e-06 
4604 3.569552104402265e-06 
6221 3.496550036551699e-06 
7829 5.272109644708973e-06 
9783 3.5090356372864926e-06 
9400 3.4580972027830796e-06 
2530 3.548432867340091e-06 
9534 3.4778851715655545e-06 
6264 3.401144390973317e-06 
7371 3.4957517922709223e-06 
6831 3.4014434005031444e-06 
5750 3.482349238917241e-06 
3553 3.496846123768046e-06 
3859 3.173050489477411e-06 
2430 7.439805638589324e-06 
3945 3.4861121407070256e-06 
9244 2.8044802262569526e-06 
8440 3.5064488175866397e-06 
5308 2.6097548838368735e-06 
552 3.565421103487576e-06 
9141 3.425909751360678e-06 
6314 3.551748008569364e-06 
8745 3.4076101901227547e-06 
829 3.813160451123028e-06 
4428 3.4963102513777724e-06 
2436 3.496762062274532e-06 
1471 3.4942855070220866e-06 
2660 3.984253293154523e-06 
8807 3.5032850846590044e-06 
1464 3.5108115986024148e-06 
2505 2.3757477903084834e-06 
3818 2.7540384784370413e-06 
9770 3.194907611686572e-06 
6230 3.5017935825349994e-06 
1651 3.180838547763148e-06 
5367 3.506777675011747e-06 
2033 3.5030820444931405e-06 
4992 3.5037041649720447e-06 
1124 3.5302670028121473e-06 
9742 3.401796165542627e-06 
18 3.910186218790443e-06 
9144 3.517906370273114e-06 
3250 3.480240894805012e-06 
3481 3.730832508905313e-06 
7473 3.4992961592091386e-06 
5215 3.492567372105361e-06 
8197 3.5096222136155078e-06 
4724 3.492503249451674e-06 
5258 2.003161736796337e-06 
7471 1.7181971770518953e-06 
5229 3.5213807591979445e-06 
2435 3.5175653420081165e-06 
4876 3.831133458352499e-06 
1154 3.871010686785165e-06 
8033 3.555106603220231e-06 
4507 3.4508033716119755e-06 
8669 3.421848299359256e-06 
8137 1.816557085836389e-07 
3447 3.4658644825285408e-06 
9160 3.4997302356105577e-06 
4239 3.7076646449623757e-06 
9949 3.0089310793334996e-06 
6537 3.6012968477123185e-06 
7335 5.59735841692489e-07 
9675 1.5705470534755717e-07 
3540 3.526387139465255e-06 
9422 3.4900159066310806e-06 
1550 2.9365618421884083e-06 
837 3.6227849338579264e-06 
4107 3.412329353169266e-06 
8883 3.575222430708525e-06 
261 3.43506389574584e-06 
12 6.228365839492152e-07 
9771 3.501998052573779e-06 
8848 3.498406510104658e-06 
8786 3.652916917279864e-06 
6636 4.596880024115283e-06 
2861 3.4828323756212302e-06 
4910 3.4874236802750005e-06 
5784 3.210567819524362e-06 
5536 3.4492772496978502e-06 
5358 3.478679950947166e-06 
6255 3.4850983768158138e-06 
5021 3.2196404666528656e-06 
4582 3.1502237160681565e-06 
155 3.4985832225198357e-06 
4941 3.5046049349047885e-06 
8347 2.69801624117394e-07 
7577 3.479030832768867e-06 
7249 3.83084765299284e-06 
4611 3.445168504862046e-06 
6354 3.5166669652509518e-06 
1140 3.4178837375857725e-06 
3437 3.684998343075526e-06 
2268 3.492035820035359e-06 
2291 3.270511239070509e-06 
9133 3.614317942903626e-06 
8128 3.4556096151551216e-06 
6096 4.362262253668333e-06 
4799 3.54089755563772e-06 
9837 3.497717664555141e-06 
3976 3.489551268241639e-06 
4328 3.513005778436825e-06 
6458 3.4931859950398486e-06 
9980 3.5985537884150748e-06 
700 3.5252969208338423e-06 
9458 3.5230451050982783e-06 
978 3.071890684891717e-06 
893 3.3417466906339625e-06 
7044 3.5250430972329587e-06 
4977 3.491818719669933e-06 
7596 3.3901920673303143e-06 
1410 3.493871255911546e-06 
7068 3.5073700019683505e-06 
4881 3.5131882233322582e-06 
7769 3.481288117822675e-06 
3504 7.877603030792577e-07 
5003 3.478346288318555e-06 
2640 3.7926004755328613e-06 
7217 3.4096790823189882e-06 
6144 3.115163357213099e-06 
2326 3.496749920161453e-06 
2466 3.4687577372843067e-06 
4495 3.47914388585338e-06 
9747 3.5458446650360867e-06 
597 2.6004881493189715e-06 
1210 3.7704751766255265e-06 
6740 3.5052515135154906e-06 
9048 2.990053407351756e-06 
7715 3.504974068125628e-06 
8433 3.5524204552100644e-06 
7915 3.5167906861834744e-06 
8485 3.4926819398701835e-06 
6402 3.525488559297053e-06 
4268 7.428693660052555e-06 
2442 3.496063826625647e-06 
8474 3.4923402725476784e-06 
8480 3.622183695008964e-06 
7837 2.478522761434129e-06 
5191 3.595682761028893e-06 
9689 3.492950842977231e-06 
8153 3.538434256297213e-06 
8764 3.617329642806852e-06 
8254 3.523545461765063e-06 
9955 3.502863442716435e-06 
5579 2.073265236981467e-06 
2962 3.5147960737934283e-06 
6146 3.502088049395064e-06 
8549 3.044450673531156e-06 
7956 4.0731010681264325e-06 
5913 3.495094972204785e-06 
6127 5.312647715127816e-06 
9853 3.525864012909883e-06 
9359 3.4191711879855995e-06 
8328 2.7830865505943632e-06 
6166 3.4741493116696026e-06 
1679 3.500832889032734e-06 
1694 3.4483212220902774e-06 
4454 3.5064306481339e-06 
2888 3.5099024486181545e-06 
766 3.2475137948545572e-06 
9515 3.492853300579243e-06 
6731 3.4721868852508113e-06 
9788 2.5991065055514735e-06 
7989 3.524356109385022e-06 
6229 3.495995105174034e-06 
5672 3.511792686488961e-06 
5242 3.5091212948414014e-06 
7992 3.4893861620578295e-06 
187 3.193176677795955e-06 
5219 3.5064155431579714e-06 
9792 3.539459030344709e-06 
5356 3.7219136662418636e-06 
6562 3.506861139994775e-06 
5532 3.484972009015944e-06 
4166 1.566825869857291e-06 
4742 2.2889273867307796e-06 
2793 3.492128689759128e-06 
3687 3.472328786323701e-06 
1969 2.5672410001695606e-06 
364 3.7078199450617056e-06 
2008 3.207661453875111e-06 
4473 3.470341226659932e-06 
1023 3.5062633750697337e-06 
1492 3.3674237505774623e-06 
1392 3.4787395794566883e-06 
6196 6.326020049305823e-08 
8664 3.5127679658075923e-06 
8266 2.9899013617529497e-06 
49 5.037597006152203e-06 
1574 3.1581167606633946e-06 
846 3.5864168371433405e-06 
9868 3.491158497127946e-06 
9576 2.195243183107858e-06 
3973 3.5051061653987407e-06 
957 3.577219149081064e-06 
8823 1.4901337562181927e-07 
3727 3.4166101465645472e-06 
7059 3.461381165187552e-06 
1269 3.430298752131265e-06 
5385 3.496973116134564e-06 
57 3.5915450931170907e-06 
5492 3.5303416423084872e-06 
4006 3.472264719924636e-06 
9904 3.528618062650277e-06 
1824 3.40791271686698e-06 
9083 3.7991169507124513e-06 
813 3.4941675757370577e-06 
609 3.1423919102997436e-06 
8740 3.5790598577121236e-06 
5332 3.4242573874386865e-06 
4983 3.5762176039303075e-06 
3577 3.795452059252345e-06 
2938 3.4950009089477463e-06 
8318 3.5457416337154433e-06 
908 3.5032408999942303e-06 
4064 3.5037827454268574e-06 
5734 3.5044165315828563e-06 
6845 3.2915633931649864e-06 
9926 3.5226860680856304e-06 
6032 3.4774459518309007e-06 
174 3.496706519845817e-06 
9053 2.735927452299495e-06 
9404 3.377884609703405e-06 
3024 3.4121116096496467e-06 
8622 3.500263795834282e-06 
1303 3.511837763262846e-06 
2729 3.4869149972539097e-06 
4751 3.454409080313208e-06 
2249 3.33804866708755e-06 
8705 2.481189372860409e-06 
254 3.48237162765962e-06 
5959 5.150044503401046e-06 
9652 2.6494254139052967e-06 
2161 3.4621780965480204e-06 
7763 3.536461161599128e-06 
6698 3.543445694789443e-06 
2770 3.5145750804520763e-06 
9024 3.687945163799166e-06 
2402 3.508350949541773e-06 
3491 3.508493922920445e-06 
5124 5.392855977361913e-07 
9995 3.3791455422779435e-06 
5438 2.615384932931698e-06 
7061 3.4985927383734907e-06 
7809 3.419300621438783e-06 
572 3.530128214346964e-06 
4259 3.4638366777787013e-06 
7855 3.4940107971329664e-06 
6783 3.436495113430719e-06 
8083 3.575819358643981e-06 
6455 6.504429035366882e-06 
6742 3.4980519516687138e-06 
7685 3.607395933112868e-06 
7770 3.5417180019319936e-06 
1424 3.4985295626129536e-06 
352 2.9278057773803727e-06 
1113 3.324176224495501e-06 
8558 3.490043779617541e-06 
2741 3.467361019378756e-06 
4346 3.491544384988704e-06 
5543 3.3267145713540812e-06 
5125 3.3002061879731374e-06 
4423 3.4995257035193103e-06 
946 3.3482181366449674e-06 
858 3.4395270536554773e-06 
1223 2.1753994599684566e-06 
6504 3.4982169424212744e-06 
8321 3.511277089803618e-06 
3238 3.47847889176832e-06 
4269 3.8013614099075943e-06 
4363 2.918578585856684e-06 
3514 3.456190070465301e-06 
636 7.530793640386734e-06 
6328 3.896711565245953e-07 
1757 4.745078243210355e-07 
9448 4.819438238921333e-06 
5 3.733112215710337e-06 
2462 3.297789865598685e-06 
9335 3.4898161364378196e-06 
9617 3.4708311436635045e-06 
7979 1.1390709980121438e-06 
6652 3.2747940327265373e-06 
8544 3.819280932973449e-06 
3660 3.4494599562144287e-06 
1086 3.4430074688368032e-06 
6686 3.1887715036082835e-08 
7925 3.5523978739968916e-06 
8654 3.4981506147712337e-06 
8891 5.287119955417634e-06 
1862 3.7126040247664683e-06 
1546 3.5207795848658e-06 
5129 3.162426847603484e-06 
4373 3.38777416752161e-06 
9825 3.495049876096166e-06 
8309 3.56023048739044e-06 
9119 3.479765750714105e-06 
4187 3.894548545667605e-06 
6060 3.6802112379790912e-06 
4074 3.700877183366492e-06 
1371 3.547611784383767e-06 
7523 3.562678884721704e-06 
2954 4.1904667465401726e-07 
6325 3.4745006596644477e-06 
3716 3.4633604029038247e-06 
7157 7.629049873496166e-08 
6584 3.562113399773215e-06 
6825 3.1592643985135317e-06 
1055 3.5109690784008704e-06 
2678 3.7377486026817854e-06 
9403 3.188178764645179e-06 
6946 3.5031974349069406e-06 
9275 4.018811260046298e-06 
4457 3.17840150516324e-06 
9345 3.5064387051955114e-06 
8422 3.4901814548195864e-06 
9657 3.5206281498569904e-06 
7062 3.6097948082124337e-06 
8211 3.458366751595777e-06 
7531 3.485129508910444e-06 
5677 3.546978967695862e-06 
898 3.5349563007664068e-06 
2586 3.197287530177074e-06 
6658 3.5136751641254397e-06 
234 3.4861444762365343e-06 
916 3.601029883394646e-06 
4963 3.511266339807264e-06 
8615 3.5832093317511957e-06 
4529 3.4968143418263217e-06 
2094 3.5274509983895767e-06 
778 3.903689218258246e-06 
3543 3.462514507393328e-06 
6081 3.4951214278490575e-06 
1141 3.512437078234768e-06 
3747 6.249875734876882e-07 
4210 3.4791212959172555e-06 
8618 3.5596809641582393e-06 
4488 3.5132676174463695e-06 
7967 3.5102602377652445e-06 
3457 3.495102543494594e-06 
8393 3.3495337915063874e-06 
2639 3.494347463412314e-06 
9602 3.496867530989655e-06 
6379 3.5003268736884965e-06 
1698 6.65618572456611e-08 
8679 3.6188768708974254e-06 
6214 3.4960270088492604e-06 
3476 3.4945113305067527e-06 
763 3.554040020907562e-06 
2405 3.4991393482398413e-06 
8355 3.5414973015645853e-06 
2926 3.4963352393171392e-06 
2699 3.8380676062358844e-06 
249 3.4560722572236056e-06 
8342 1.9175057253979456e-06 
1171 3.4839993408274175e-06 
9477 3.489602007982729e-06 
3890 3.5047873765035177e-06 
8909 3.8900776524882316e-06 
7842 3.4995980790998248e-06 
9117 3.6139563032317648e-06 
5758 3.4904344310168552e-06 
4694 1.7715059462502026e-06 
4023 3.356431300897391e-06 
7416 3.532223029121012e-06 
9387 3.4980852730490134e-06 
7382 3.868919368886534e-06 
9918 3.486264432796535e-06 
6116 3.5679672073106554e-06 
4087 5.434923826261804e-06 
7825 8.425495538501903e-07 
1094 6.523914132251718e-07 
4260 3.497758541292318e-06 
5401 3.496478590115181e-06 
4299 3.827143613966123e-06 
8005 3.549306758839337e-06 
915 3.461851201391081e-06 
424 3.502647217027418e-06 
6336 3.7483114187311333e-06 
7815 3.522348202799021e-06 
6558 3.773627537970157e-06 
5673 3.4960551704386814e-06 
4553 3.4795839515066744e-06 
7886 5.371290017869314e-06 
9810 3.4836238790607686e-06 
8077 3.4175058415205418e-06 
5534 3.2438963941585805e-06 
1977 3.4234138921302776e-06 
666 9.409394782818138e-07 
4221 4.920115218926943e-07 
826 3.4884919887067417e-06 
7872 2.3270354580322724e-06 
1189 4.155650123476863e-06 
8724 3.4994974695492913e-06 
9264 3.4946364756273806e-06 
1476 3.3951105507051387e-06 
4984 3.4881825514626945e-06 
5506 3.4721778394382004e-06 
3626 3.363159139527827e-06 
375 3.6133477397659467e-06 
9532 3.4333247706350232e-06 
5343 3.492730287985761e-06 
176 3.5125931702389963e-06 
1267 3.5839469140820722e-06 
1374 3.2288656655608556e-06 
8447 3.4985350507433272e-06 
4106 3.419101589203329e-06 
7964 3.2318869903772807e-06 
115 3.827577530601103e-06 
9489 3.3853165957450554e-06 
2256 2.844539438090383e-06 
5519 3.1297783281456137e-06 
3218 3.4782573524325116e-06 
289 3.4891957735154905e-06 
5975 3.1766690553505527e-06 
3427 3.514217672587948e-06 
6472 3.4904138626881763e-06 
6015 3.523371426783559e-06 
3809 3.536106002822809e-06 
5337 3.73042410866503e-06 
2955 3.530680212196271e-06 
4673 3.8976407086247914e-06 
7431 3.482095749328247e-06 
4835 3.477695323026693e-06 
4359 3.5296772961937614e-06 
6406 2.967253052243005e-06 
8739 3.4665655467618915e-06 
3869 3.4926561089625425e-06 
4592 3.610726145598315e-06 
5465 3.4560843790384142e-06 
7597 2.4491700204386033e-06 
6846 3.468719184671629e-06 
6185 3.4853636345254125e-06 
8985 3.4047323439270398e-06 
373 3.5488599088279923e-06 
5834 3.5581829444074216e-06 
933 8.5084487107784e-07 
8125 3.496637998245535e-06 
7196 3.67935250716393e-06 
6225 3.6250480429196538e-06 
5493 4.268472656061788e-06 
2675 3.48226776092461e-06 
2534 3.5287275668212823e-06 
7568 3.497928431962313e-06 
2834 3.5862215901737657e-06 
4304 3.501421908685568e-06 
3885 5.382063948715786e-07 
395 3.5273110664762436e-06 
9461 3.458089113302374e-06 
783 3.807170843638324e-06 
7477 3.5025026239760253e-06 
4831 3.5390342769152e-06 
6864 4.416183442093937e-06 
5381 3.4934499506096994e-06 
6851 3.338111457302998e-06 
3560 3.4791478241218687e-06 
3496 3.4454525011858833e-06 
1079 3.5208974755359324e-06 
1155 3.5044458232506474e-06 
492 3.147606299643116e-07 
3634 3.493500562070419e-06 
909 3.464984190175914e-06 
7218 3.3543734804655674e-06 
9240 3.3037106712659434e-06 
8068 1.190610223906003e-06 
1674 3.5168460937053275e-06 
5413 5.3688832910061995e-06 
7665 3.4719919459664433e-06 
6064 3.5027136200310207e-06 
4145 3.7638672335250974e-06 
9484 3.505609237795561e-06 
4770 3.495852752295618e-06 
7700 3.770472352267949e-06 
2680 3.5176965279302734e-06 
2202 3.4197678331700744e-06 
2742 3.5083057271935213e-06 
4177 3.4543390934620937e-06 
9227 3.4862683955966045e-06 
4095 3.399519698950896e-06 
3292 4.266529192962841e-06 
6501 3.4183466240820196e-06 
6149 3.4985521028027394e-06 
4408 3.4971062979804515e-06 
4637 3.735323774629782e-06 
8228 3.8896278469097375e-06 
7727 1.8236266199741852e-06 
2487 9.93381577226517e-07 
1420 3.6846432391509706e-06 
6619 3.4953248871573503e-06 
9706 4.076932870503718e-06 
6424 3.494213947014769e-06 
2848 7.895484010681865e-06 
6577 3.5012863747357372e-06 
5589 3.542799197763595e-06 
8756 3.218772071735863e-06 
2791 4.437464228495167e-06 
6387 3.504648794960205e-06 
8397 3.589287805036318e-06 
9505 3.493980744555263e-06 
8337 3.495245938957875e-06 
7129 3.4929994789136282e-06 
3558 3.467310232095308e-06 
792 3.0806234525620874e-06 
29 3.4141629990515144e-06 
4674 3.4994470134804965e-06 
6699 3.523388305099356e-06 
8766 3.6452137998754547e-06 
5754 1.3967116568222e-06 
5295 2.3951674115958792e-06 
9136 3.6373208792194717e-06 
4046 3.527782156118611e-06 
146 3.390821105023686e-06 
4821 2.423218417786487e-06 
2412 3.542606998157603e-06 
8405 3.510877611612038e-06 
5164 3.571929294120696e-06 
5609 3.4959610755839102e-06 
2535 3.5318561578555428e-06 
951 2.6302727857762175e-06 
3414 3.299557063849619e-06 
5778 3.481300961729201e-06 
9855 3.447839092826689e-06 
6430 3.417386092840403e-06 
8905 3.547059765451892e-06 
9886 9.967315228773383e-06 
4331 3.529126129503013e-06 
6764 3.4953048695885206e-06 
8173 3.3547654804117535e-06 
8133 3.4690344635806003e-06 
251 3.3787751029340786e-06 
1497 3.492602481160293e-06 
9978 2.4856381319629552e-06 
9263 3.4833848497206594e-06 
1166 2.3621497770691952e-06 
8214 3.558958414352066e-06 
7128 2.7751762071538795e-06 
3606 3.4340616623625618e-06 
2764 2.870926652223121e-06 
1118 3.4858321171875874e-06 
1927 3.4565421847665123e-06 
6505 3.634192547059227e-06 
8006 3.4652978786139894e-06 
3574 3.4944261723609652e-06 
9822 3.4883268442371265e-06 
6847 3.4855444999765067e-06 
6299 3.49838701920929e-06 
4020 3.4763664671837467e-06 
1849 3.763126597002646e-06 
7520 3.5400807346260298e-06 
534 3.4757814692918666e-06 
9548 3.50954623748905e-06 
3385 3.4513122972543614e-06 
6273 3.506204301362458e-06 
