1 2 4 5 650
1 47 8 4 638
2 31 9 6 14636
2 35 8 1 3
2 406 7 7 100271
3 4 5 8 200884
3 5 6 7 60395
3 26 7 3 76
5 57 2 4 165
15 16 7 7 139227
15 36 7 5 1954
16 25 3 6 9771
17 18 3 5 709
17 36 8 4 846
18 33 6 4 466
19 20 1 9 1765383
19 21 3 8 203857
20 142 8 5 1229
20 148 6 4 185
21 22 7 3 143
22 23 5 6 5183
23 24 7 8 754006
24 25 5 4 348
24 28 9 3 88
26 27 4 4 96
27 29 6 6 11023
27 30 10 4 821
28 29 3 4 254
31 33 10 6 7169
32 33 3 6 3892
32 34 5 6 7470
32 69 5 7 43776
34 35 8 6 7161
34 73 5 6 16726
36 37 7 3 55
36 75 4 6 6055
37 52 3 4 168
37 43 9 7 96917
46 47 5 6 10381
47 448 2 6 2268
52 67 7 5 815
53 54 9 4 750
53 59 10 5 5382
53 418 3 6 3840
54 163 9 7 56085
55 56 7 4 270
55 59 7 3 95
56 57 9 6 19831
56 66 6 4 556
58 59 7 3 103
58 60 2 6 1815
58 199 2 5 598
58 458 3 3 21
60 63 6 7 128272
63 225 3 5 1237
64 65 3 4 97
64 66 8 7 74667
65 67 7 4 156
69 70 6 4 456
70 71 1 9 509425
71 101 3 7 32110
72 73 4 10 32252737
72 101 2 5 1239
73 76 10 7 81958
73 77 2 4 54
96 97 10 4 573
96 111 10 4 318
97 101 5 4 199
98 99 9 2 46
98 100 8 4 280
99 138 3 4 219
100 116 1 6 4773
105 106 3 7 58581
105 111 4 4 95
106 107 2 7 13624
107 108 6 9 10567377
111 114 1 5 142
113 114 3 8 155252
113 116 10 5 6657
115 116 2 5 511
115 409 10 4 1070
118 119 5 4 149
119 138 6 5 836
120 121 10 6 22380
120 122 6 4 659
120 304 1 8 69314
121 296 9 2 45
122 123 6 4 244
122 124 5 4 121
124 125 2 9 3261401
134 135 7 3 124
134 332 7 5 876
135 136 5 5 673
135 137 5 6 11469
137 139 5 5 753
139 140 4 6 4085
139 141 5 4 237
139 399 2 3 29
141 400 6 7 203110
154 155 8 4 212
154 156 6 5 1371
154 172 10 7 72638
155 168 2 5 1002
156 157 5 5 919
156 171 10 6 40223
157 158 10 5 2281
158 159 7 8 1227513
158 177 1 3 10
159 160 1 5 128
159 161 8 5 1083
159 196 6 5 1247
161 162 4 3 47
161 197 10 5 1482
163 164 9 6 18447
164 165 2 5 1278
165 166 8 5 1164
165 104 2 5 465
166 167 7 7 55674
167 168 6 4 308
169 170 7 4 604
169 171 2 5 813
169 174 7 4 201
170 172 10 7 90906
170 173 1 6 4227
170 419 6 6 19324
171 178 7 4 232
173 174 2 7 12228
174 179 9 6 23439
175 176 4 6 9008
176 214 9 4 214
177 178 5 4 155
177 191 6 7 88283
178 421 3 4 99
179 192 8 4 185
180 181 1 7 10394
180 208 5 6 6389
181 192 5 6 8090
182 183 2 7 10108
182 184 2 5 459
184 185 10 4 288
184 208 1 6 2676
185 186 10 3 172
185 207 3 4 239
186 187 8 4 776
186 230 6 8 625950
187 188 5 4 327
187 193 2 4 70
188 189 6 4 351
188 191 6 6 5762
189 190 6 4 257
189 191 4 5 1670
193 194 9 6 8174
193 217 8 5 1174
194 195 9 4 709
194 217 10 4 712
195 196 4 5 653
195 216 2 4 73
196 197 1 6 851
196 476 5 5 2177
197 216 7 6 8897
198 199 5 3 57
198 221 6 7 73305
199 200 3 7 111580
200 10 2 6 1503
201 202 2 7 19251
201 203 2 5 1004
201 351 5 5 2276
202 213 3 7 101675
203 204 7 6 17142
203 205 2 4 193
205 206 9 3 106
205 231 1 6 1186
205 360 3 6 7987
206 207 1 5 519
206 232 8 4 455
207 233 3 5 827
208 209 4 5 1130
210 211 8 5 1173
210 212 8 5 1858
211 215 7 4 503
212 213 10 3 71
212 342 9 3 147
213 340 7 2 19
214 215 1 6 2440
216 219 1 7 25511
217 218 5 3 61
218 222 9 10 59447304
219 220 10 2 30
220 221 2 5 376
220 222 8 6 9935
222 226 6 4 487
223 224 7 6 9064
223 225 10 8 1809123
223 7 10 7 57972
224 229 4 7 69101
227 228 8 6 8377
227 229 4 5 797
227 272 4 6 7002
228 230 2 6 3651
229 401 9 5 1469
231 281 7 1 12
232 265 5 8 435377
233 264 10 7 74461
233 150 8 5 5275
234 235 5 5 602
234 278 3 5 1961
236 237 6 5 1417
236 280 7 4 523
237 238 5 9 4401039
237 239 10 3 103
239 240 10 6 8661
240 241 1 7 5413
241 243 9 6 10789
241 442 9 5 1442
242 243 2 8 720114
242 244 9 5 5206
242 314 4 6 4495
242 80 6 6 20784
243 293 1 5 226
244 247 8 6 6698
245 246 6 5 3013
245 247 5 8 375484
247 248 6 5 3644
248 249 2 6 5259
249 250 9 5 2539
249 312 5 3 51
250 251 9 5 1756
250 321 3 3 29
251 252 10 7 177397
252 253 4 6 7730
252 327 8 7 172667
252 301 5 7 29702
253 254 3 6 5271
253 277 3 6 2509
253 266 5 3 53
254 255 5 3 68
254 256 2 6 1436
256 257 6 4 176
257 258 8 4 856
257 259 6 4 582
260 261 1 7 9728
260 262 10 5 3232
260 263 10 4 610
263 264 9 4 233
263 479 1 5 331
266 267 2 5 440
267 268 7 6 8985
267 299 4 4 402
268 269 9 5 2808
269 270 8 6 11714
269 294 6 5 2641
270 271 6 5 1116
271 295 8 4 814
271 133 4 6 4756
272 273 2 6 2284
272 274 8 7 76844
274 275 7 7 177015
275 276 8 5 1343
275 277 1 6 1366
275 291 5 4 255
278 279 6 7 104102
278 282 3 7 19248
279 280 10 5 1900
280 287 5 6 16461
281 289 4 5 470
282 288 2 5 1206
283 284 10 4 227
283 285 1 5 502
283 305 8 6 7437
284 290 9 3 108
284 365 5 5 2809
285 286 8 3 83
285 306 4 7 123930
286 287 10 1 9
286 306 9 5 4985
286 452 3 5 2030
287 293 5 5 1928
288 289 6 4 243
289 290 2 5 606
291 292 8 8 788797
297 298 4 5 2333
297 454 6 5 3231
298 299 6 7 84895
300 301 8 2 25
300 302 6 8 1887368
302 303 8 4 833
302 304 5 5 1429
302 330 10 4 898
305 306 6 5 3468
305 308 7 6 13222
306 308 2 5 598
307 308 6 7 90384
307 309 4 6 6473
309 310 9 6 21719
309 338 2 4 118
309 379 1 6 761
310 311 3 6 2322
310 85 6 4 422
311 312 8 8 1794160
313 314 5 5 901
315 316 6 5 803
315 317 1 6 2911
315 499 10 5 2533
316 334 5 3 67
316 398 3 6 3442
317 318 3 5 380
317 503 3 5 986
318 319 3 7 25503
318 502 9 6 12389
318 510 1 4 46
319 320 6 9 20394362
320 333 6 7 94201
321 322 9 3 61
322 323 2 4 78
322 325 7 6 28038
322 333 1 7 5041
323 324 10 3 186
325 326 8 6 9006
326 328 2 8 393442
327 328 6 6 14515
328 329 5 7 33724
328 495 3 6 10048
329 330 4 8 171418
329 331 9 3 55
331 332 4 2 15
331 489 7 7 51167
332 481 2 6 6912
333 493 7 5 1581
334 335 2 6 3234
336 337 5 6 17556
336 500 2 3 37
337 338 10 5 1332
337 382 7 7 73333
338 339 4 6 7112
338 377 10 5 1332
340 341 3 9 3467910
340 349 9 5 2945
340 354 9 4 473
341 343 5 7 79260
342 343 4 8 214059
344 345 2 6 3500
344 346 3 3 37
344 385 8 5 955
346 347 9 4 199
347 348 2 3 44
347 387 7 5 1369
348 349 10 6 10035
348 386 10 6 18183
350 351 5 6 6595
350 359 7 5 2187
350 13 9 5 2213
351 352 7 5 1365
352 353 5 8 271331
352 356 10 5 6909
353 354 1 5 634
354 355 2 7 63181
355 356 4 4 449
356 357 7 5 4782
358 359 7 2 21
358 361 8 3 52
358 362 7 6 24546
358 360 4 7 21072
358 92 5 4 220
360 413 2 9 789080
361 388 4 6 7440
362 367 8 4 565
363 364 5 4 203
363 365 9 2 35
363 370 7 4 228
364 395 9 5 1302
365 366 1 10 9862305
365 371 9 6 20396
366 144 2 6 1794
367 368 10 8 2634825
367 369 10 5 1655
370 380 2 6 1512
371 372 2 5 653
371 373 10 6 43770
371 374 8 3 122
375 376 3 4 135
375 383 4 7 25234
376 384 10 6 12823
377 378 8 2 18
377 381 6 6 11999
378 384 1 7 6750
381 383 9 6 11814
382 496 9 5 2671
383 384 3 4 328
388 389 9 3 153
388 392 5 5 2080
389 390 4 5 1080
390 391 5 4 147
392 393 1 7 13588
392 394 7 7 39051
395 396 4 5 2263
399 411 5 4 311
400 405 9 5 2389
404 405 3 4 71
404 412 2 6 9861
405 89 5 5 1210
408 409 1 9 1201358
411 412 2 7 42060
411 415 8 8 586830
411 482 5 7 70158
412 415 9 5 2952
415 427 8 5 2230
415 487 10 5 1750
427 428 1 6 1578
427 431 7 7 60122
427 487 3 7 54623
427 424 6 4 638
428 429 2 8 90366
428 432 1 5 201
481 482 4 4 377
482 488 9 3 78
483 484 4 5 608
483 485 4 3 53
484 492 7 5 4352
485 486 9 6 6790
486 487 9 5 1626
489 490 2 6 1437
490 491 10 4 237
490 492 3 7 68639
493 508 4 4 409
494 495 1 9 598367
494 507 2 5 236
496 497 3 6 9381
496 62 7 7 157954
497 498 4 7 25964
497 499 10 9 3872562
499 501 7 5 1396
501 447 5 7 77813
502 511 8 6 6464
503 450 6 1 9
504 505 10 7 52295
504 506 8 7 89870
505 508 8 3 122
505 509 4 4 105
506 507 10 7 56381
509 510 9 4 535
509 511 1 7 29510
7 8 7 2 37
7 6 7 9 14248589
10 9 7 5 836
10 11 8 5 991
13 12 5 4 203
12 14 4 7 64046
144 38 3 6 4524
144 145 6 4 534
38 39 4 6 4992
89 68 2 4 187
89 88 2 6 1741
68 40 10 6 20167
68 102 7 4 249
40 41 4 8 170231
40 81 5 9 3650440
102 50 7 4 364
50 51 6 4 598
41 95 2 6 8063
81 146 9 5 1342
95 456 2 7 36667
95 143 1 8 47025
95 146 1 5 328
146 410 9 4 211
43 42 5 6 12520
133 130 1 10 11889628
128 117 2 4 76
128 132 7 4 254
117 129 9 8 893779
117 110 5 6 15372
132 130 8 5 1671
129 127 6 4 561
127 44 1 5 629
130 131 9 5 1120
44 45 10 7 75517
110 109 7 6 5609
110 126 1 5 470
109 112 2 6 1952
62 49 4 5 2243
62 61 9 4 959
48 49 4 4 221
75 74 5 7 27109
77 78 4 4 190
80 79 6 7 103581
92 90 8 6 6022
82 83 3 3 64
83 91 6 6 6278
91 90 8 4 430
90 93 6 5 2930
93 94 9 6 40172
85 84 10 5 2867
84 86 6 4 143
84 87 4 4 366
86 87 5 6 3811
104 103 7 6 6568
148 147 3 5 453
147 149 8 8 473246
150 153 2 3 43
150 151 6 6 21586
152 153 10 6 43020
398 397 7 7 147378
401 402 5 6 9544
401 403 3 3 18
406 407 4 5 1708
416 407 9 6 15685
413 434 8 7 46036
413 414 1 6 3621
433 434 7 5 2221
418 417 3 7 21720
419 420 2 5 735
419 430 8 8 772739
421 422 5 4 248
421 423 3 4 176
424 425 4 6 3884
424 426 6 5 2098
424 438 1 5 156
438 437 2 4 132
437 439 4 5 540
454 453 2 6 7052
454 435 10 4 756
453 455 3 6 3409
455 460 7 3 61
435 436 1 5 510
460 463 3 8 193998
463 462 5 8 287415
461 462 5 5 1832
461 464 7 5 3474
464 466 5 6 20621
466 467 6 4 268
452 451 8 7 125291
452 440 2 6 5651
451 459 7 5 1174
459 473 10 5 1310
440 441 9 3 99
473 472 3 4 185
442 443 8 6 6330
448 444 1 4 59
444 445 2 3 28
465 445 3 5 1004
465 468 5 2 12
468 469 4 5 795
469 470 6 6 9726
470 471 8 5 5213
447 446 2 5 279
450 449 2 5 1346
458 457 3 5 564
476 474 2 7 31508
476 477 3 7 41309
474 475 5 4 134
477 478 3 4 179
479 480 10 5 4021
284 177 3 4 168
391 291 10 6 22879
397 161 8 5 1361
376 187 8 4 638
322 42 1 7 10058
399 318 9 6 22525
463 89 1 5 240
343 194 3 5 1715
437 265 9 3 198
239 53 10 6 35044
411 475 1 8 80429
21 372 8 7 47179
508 449 7 5 924
24 51 1 7 7021
54 280 4 6 14019
261 73 5 4 517
2 307 5 6 12046
476 36 4 8 372236
374 231 4 8 380714
483 72 7 5 1261
188 248 7 3 62
326 346 8 4 423
458 449 3 6 14109
435 58 6 4 200
225 130 6 5 2818
484 174 5 4 433
322 33 4 5 631
369 191 6 8 238950
330 20 10 4 1027
324 21 3 3 35
18 385 3 6 8893
252 297 7 5 981
7 178 8 3 125
30 43 10 2 53
397 191 7 7 78091
450 80 5 8 1417165
458 335 3 7 105917
171 48 9 10 1839407712
485 267 9 4 482
104 136 5 5 1186
47 507 2 4 209
302 429 6 4 198
424 132 6 5 729
55 69 9 5 3281
81 28 3 8 286595
346 114 7 4 306
84 284 4 7 19801
57 44 9 4 728
112 358 5 4 284
103 252 9 3 182
202 401 4 5 1496
106 343 9 4 881
297 285 4 3 24
47 27 10 4 678
391 38 5 7 94780
292 297 8 6 7520
292 334 8 3 53
149 56 5 8 483830
56 464 2 6 4624
252 487 1 8 81457
491 427 3 5 1025
112 439 10 6 9518
62 365 4 5 2755
315 75 9 4 456
445 373 8 3 147
373 228 7 5 1337
459 103 3 7 21493
5 34 7 6 6527
357 412 1 4 49
195 208 10 4 272
362 282 5 4 127
282 132 1 7 18474
292 358 9 6 12262
130 16 2 9 3031398
354 48 8 3 131
329 398 1 6 1532
107 143 9 4 732
302 8 10 4 272
437 468 6 4 409
391 24 7 5 1298
70 453 4 3 46
428 250 8 4 351
427 93 6 7 35548
235 500 5 6 12385
476 259 8 4 394
140 144 6 4 389
373 167 9 3 170
413 463 6 3 71
100 419 7 4 621
67 49 4 8 163653
148 127 7 5 924
227 117 7 5 997
147 283 5 4 297
464 193 9 4 837
281 305 5 5 1242
168 300 5 5 2371
456 265 3 7 42750
74 34 8 5 2819
228 497 6 4 493
84 178 4 3 51
47 339 5 4 168
137 364 2 6 5041
419 487 1 5 536
497 260 8 8 629355
432 171 9 3 164
104 329 7 6 23266
16 90 9 4 661
14 244 9 6 14886
56 483 8 4 319
175 2 6 4 341
151 442 2 10 31910551
372 443 2 4 152
460 285 10 4 699
372 171 1 7 6692
267 357 7 5 2612
336 274 10 3 108
235 63 7 8 1374339
279 71 3 7 38800
251 475 2 6 2890
440 88 7 5 819
169 453 1 5 185
172 264 7 6 6674
51 471 8 5 4651
503 172 1 6 1888
175 199 8 5 2234
230 291 4 5 1505
16 205 10 2 27
339 82 10 6 7701
449 137 9 6 7934
119 372 2 6 2052
499 126 6 6 9624
485 290 3 6 5203
181 127 9 4 324
505 298 5 7 88630
290 489 9 4 433
34 249 5 5 1722
179 277 7 6 10200
440 73 10 5 4070
343 395 4 8 509259
87 478 2 6 2281
316 6 6 5 1849
307 144 2 5 515
308 435 5 6 6734
233 510 10 4 1133
126 354 6 6 6127
272 162 1 5 445
135 122 6 4 611
365 389 2 5 552
235 479 4 5 573
125 110 10 6 12583
289 302 2 5 1286
13 387 9 7 253374
345 228 5 6 24523
10 105 9 4 588
311 286 5 6 6362
126 229 9 3 56
286 221 10 4 956
171 11 2 7 20751
172 342 3 6 3922
245 407 7 4 418
63 188 9 6 10546
253 232 3 5 429
435 104 10 4 962
87 138 4 5 1313
30 432 1 8 51693
476 53 2 7 40755
107 103 8 9 10272194
409 12 4 6 18253
344 183 10 3 216
440 85 1 6 4889
210 133 3 6 4702
45 192 7 6 6228
352 234 4 5 1177
354 440 9 7 109935
28 170 8 5 1904
281 2 9 2 35
361 251 3 8 670073
35 364 6 6 20925
433 81 5 5 3136
281 159 2 5 1003
495 148 1 6 837
316 239 9 7 276334
143 130 4 6 14836
26 136 3 5 371
424 419 8 3 155
395 202 6 6 29468
136 352 4 7 64072
380 360 8 5 1954
146 72 9 4 462
424 450 6 7 92857
147 425 10 6 11862
451 285 4 6 5569
195 101 1 4 88
457 177 9 5 1868
81 208 10 3 55
182 200 8 5 4214
436 509 4 10 15640559
29 18 8 5 1442
149 453 7 8 486567
330 473 5 5 1552
73 53 7 5 3164
340 196 7 3 133
256 444 10 4 320
270 428 9 3 165
407 87 9 7 261950
346 295 2 3 25
78 410 9 7 233340
87 205 3 4 314
331 59 3 9 8077068
45 83 9 4 218
411 217 4 6 6850
262 497 3 4 258
267 226 9 5 6069
456 426 10 4 517
321 505 6 3 62
479 424 9 5 2482
488 420 1 5 448
236 272 10 2 39
507 217 4 9 13700758
366 165 7 5 1429
227 338 1 5 469
228 346 9 7 181153
488 324 6 5 3142
116 214 3 6 14515
499 343 4 3 44
155 118 8 5 1866
480 256 10 8 1176360
176 478 9 3 162
375 389 8 6 15341
139 438 6 4 256
366 395 9 3 179
42 36 8 4 366
470 372 5 3 72
127 490 3 3 44
407 209 4 7 28234
455 68 1 8 42822
222 99 2 6 3117
351 55 1 4 42
418 87 2 7 28791
254 89 5 8 240850
256 83 1 5 638
225 147 3 6 14556
73 89 3 4 159
376 270 7 4 185
415 507 4 5 2509
414 382 4 5 747
319 321 8 6 21353
257 29 2 4 45
312 374 8 6 28824
43 150 7 5 1552
82 423 2 5 316
226 280 5 4 145
125 299 6 5 1012
202 220 1 7 4987
290 116 7 6 6356
130 118 4 6 6076
358 76 5 6 6626
243 500 4 6 3690
163 155 1 5 353
445 227 1 7 6627
240 177 3 5 649
299 246 2 4 92
347 136 10 5 4461
211 323 2 7 44189
318 227 6 6 12265
174 222 5 4 165
35 492 4 5 2171
441 58 4 5 1128
196 346 7 8 771760
511 236 2 6 6729
485 390 10 6 23277
104 59 8 5 4998
479 450 3 7 90154
138 5 5 6 15155
37 172 4 4 100
138 363 1 9 2541143
242 4 8 5 1571
482 154 8 5 1863
149 188 5 3 89
99 460 7 3 97
425 450 5 4 155
357 26 8 4 235
161 115 5 4 531
381 37 1 6 728
132 19 4 6 13798
187 142 9 7 143984
491 238 2 5 410
159 315 6 4 346
210 320 3 5 2056
412 304 4 8 277657
455 221 5 5 611
206 67 9 4 917
49 231 10 3 219
148 56 6 5 3505
418 274 4 6 3651
101 374 6 7 93469
262 368 6 7 53996
508 424 10 9 5638864
337 46 3 6 8473
509 305 1 4 36
204 60 8 7 72290
96 195 1 5 644
339 139 10 7 233643
437 348 2 5 718
121 269 7 5 3630
246 328 1 4 43
484 17 4 6 6027
69 250 4 7 64375
402 7 3 5 742
129 389 10 4 953
119 123 6 3 78
197 210 7 6 8122
363 165 4 5 813
87 5 9 4 388
221 486 8 4 219
247 221 1 5 511
413 265 2 7 10956
111 499 3 7 26636
448 258 7 5 983
49 166 9 5 1250
110 115 6 8 254466
26 425 1 8 97479
72 204 6 6 15160
315 355 4 7 58147
189 99 9 5 3022
509 155 5 4 116
483 167 4 6 4574
82 471 4 5 1370
145 45 6 5 1154
297 442 8 4 196
55 250 2 6 3139
288 110 8 5 2419
445 503 5 4 317
503 235 6 2 22
332 103 9 6 14891
489 487 1 6 792
127 123 8 8 374005
358 357 1 9 893782
330 332 9 5 1440
501 372 9 5 1399
253 133 10 7 174679
78 174 4 3 70
337 445 5 4 125
85 334 10 8 511208
498 277 3 10 11010994
210 80 7 5 865
42 223 2 8 92939
168 27 6 5 696
160 87 5 6 17155
55 270 2 4 77
36 223 3 4 215
314 10 10 6 13434
410 213 4 5 2249
484 485 9 6 37496
309 28 1 10 40022894
10 219 9 5 6248
69 297 10 3 175
18 402 8 8 324146
457 206 4 5 2595
319 504 5 4 203
401 246 3 5 1697
422 501 6 2 23
26 11 7 5 2253
245 501 4 4 293
211 451 10 3 91
7 275 10 7 59461
293 502 3 7 30602
340 55 6 5 1967
385 449 8 7 212758
474 142 3 4 79
186 407 10 8 782078
116 149 1 6 1646
83 372 5 4 199
228 281 10 4 249
265 65 1 6 882
230 241 6 7 30195
435 123 8 5 1314
288 386 8 4 665
497 427 10 2 51
452 23 2 4 174
256 360 10 2 38
227 132 4 6 8624
352 378 1 5 339
294 84 8 3 135
434 225 8 5 2045
26 289 7 8 1561236
415 461 9 3 115
231 103 7 5 854
58 371 1 9 3285335
109 176 3 4 319
445 329 10 3 187
255 165 7 6 22437
219 451 4 5 1084
162 205 8 4 684
491 62 7 8 2142285
7 308 3 7 48453
18 332 6 7 108639
76 390 7 7 183311
197 166 8 4 230
235 507 4 7 49663
116 328 1 6 2823
197 207 9 5 4595
109 115 3 7 47351
412 293 1 4 83
350 270 1 6 2193
112 330 7 8 379493
94 410 5 5 1169
244 108 1 7 5001
430 322 2 8 139841
38 287 7 6 5937
413 145 5 7 100229
132 195 1 6 936
366 374 2 6 7720
276 123 6 5 1005
72 257 1 7 12403
83 370 10 4 1025
94 1 8 5 1615
125 184 5 3 58
322 156 7 7 48268
427 192 6 5 1516
107 214 4 4 247
399 122 2 6 2841
121 386 3 3 16
219 414 4 7 53916
430 401 8 9 4673235
363 468 2 7 25525
209 498 6 5 1258
481 116 3 6 8841
123 216 7 8 609974
377 330 5 5 575
450 12 1 6 4520
432 20 7 5 1441
470 270 10 5 2814
337 139 9 4 857
301 389 5 4 516
135 200 7 7 252830
159 50 6 3 50
359 397 1 6 2742
33 149 9 6 27217
136 288 10 3 133
413 16 7 4 168
463 182 8 5 3945
198 105 5 5 1567
49 140 4 7 67284
33 261 10 4 234
305 456 3 5 783
349 1 7 4 225
504 327 7 4 672
286 335 3 5 813
283 48 2 4 108
60 394 3 8 216792
227 316 6 8 1657008
436 460 6 6 7045
88 61 10 3 177
100 508 6 7 42660
477 260 3 5 1129
153 235 9 5 1649
315 224 8 5 2791
418 362 1 6 1626
349 509 3 7 15818
35 59 3 6 2505
77 252 5 6 9404
461 97 9 7 106717
411 182 6 5 1875
509 70 2 7 9905
184 381 8 6 6838
316 475 1 5 672
199 51 4 6 10731
239 85 3 4 112
495 137 2 6 5219
178 75 6 5 2319
49 269 9 3 83
473 106 5 6 8006
276 111 6 6 19247
441 332 4 5 1775
205 450 9 1 14
65 173 5 7 80996
154 383 7 6 12899
63 404 2 4 115
171 161 4 5 2702
118 224 10 5 1569
435 190 6 8 763340
108 470 8 6 6414
463 209 10 4 565
147 93 8 8 480349
120 408 2 6 4473
370 455 3 5 1347
238 401 2 6 3299
376 455 8 3 103
468 266 7 6 26692
282 469 6 5 970
200 118 7 5 3860
239 435 3 7 28392
29 477 8 5 5520
183 3 1 8 300261
232 241 6 3 96
160 491 7 7 118225
384 176 9 6 16291
303 407 1 8 83481
244 2 8 3 121
90 477 1 8 117613
269 160 8 5 4391
9 255 2 8 602302
500 323 6 7 117523
226 17 6 6 5550
162 100 2 8 369032
442 354 2 4 80
254 56 7 5 1185
177 70 9 3 132
283 413 10 6 13241
467 303 9 2 25
506 52 4 6 2804
402 315 9 4 684
44 66 6 3 104
205 376 2 7 22496
78 375 4 4 170
45 468 8 6 15277
300 11 8 6 9945
288 143 7 7 211675
238 91 3 4 137
423 101 4 6 4396
159 455 6 5 1767
46 77 1 5 674
438 456 1 4 41
168 438 8 7 242620
228 205 6 6 6199
60 109 9 4 819
97 31 5 7 81253
56 135 1 9 1094369
215 138 6 6 6505
305 446 7 3 46
195 390 1 5 670
181 508 2 3 14
511 454 2 9 1339444
388 279 5 6 9122
13 343 5 6 10107
132 121 10 3 82
420 165 5 6 9085
279 398 4 8 344889
334 466 1 5 358
76 96 3 5 1746
397 429 7 7 89169
271 172 4 6 7665
297 357 7 5 1383
398 305 7 3 151
266 449 1 5 528
380 322 1 7 14742
511 252 8 4 513
412 136 9 4 927
273 453 8 6 6655
440 111 10 2 21
88 261 4 9 1848204
40 321 5 7 113820
221 370 5 6 17699
200 348 6 7 33402
141 425 4 3 36
461 442 6 6 6999
496 325 8 4 208
504 467 4 6 3835
148 320 6 3 66
274 53 8 7 281754
133 312 3 4 274
166 318 8 6 14928
326 491 4 6 3101
131 60 4 7 20052
336 448 3 7 20394
392 136 6 3 106
64 75 2 7 13774
211 433 2 6 8237
405 393 4 6 5047
415 14 2 5 1221
475 69 7 5 2074
125 335 2 8 196187
481 214 4 6 19234
125 1 5 6 3937
345 352 8 6 7775
511 191 3 7 36598
398 405 9 4 293
204 231 3 7 97071
61 220 3 5 736
359 498 8 6 5703
413 159 9 6 6730
4 62 9 3 195
458 351 7 7 60007
218 325 2 6 1510
184 488 7 3 88
131 327 5 4 380
29 210 4 7 49597
74 138 9 4 608
48 333 4 5 495
110 339 9 4 675
408 186 1 8 131826
340 441 3 6 3397
251 446 7 8 483626
31 254 9 6 33084
336 79 5 5 2164
111 375 10 7 165155
199 351 10 3 91
258 429 2 5 1301
503 484 7 3 143
152 452 5 5 1083
247 166 3 6 2751
460 442 9 5 2790
81 489 4 6 12731
91 476 1 7 24985
202 449 7 4 655
137 230 10 7 175441
147 127 7 4 204
229 424 6 4 146
462 27 9 5 3651
387 140 4 6 7759
322 160 5 6 3716
177 218 1 10 7335370
53 275 5 7 40713
268 37 9 5 1216
330 88 9 7 190264
107 462 4 5 753
508 252 1 9 2961324
343 78 5 4 118
385 88 10 7 79186
403 66 10 4 596
424 490 10 5 4885
266 293 5 4 310
177 182 4 6 7984
149 4 7 6 17138
423 324 3 3 43
504 180 4 7 25016
457 115 5 6 8656
493 85 6 7 32197
257 240 3 4 238
470 36 9 6 29909
179 507 10 7 107050
473 504 10 3 81
125 304 10 4 889
363 434 8 6 23620
175 87 2 6 6397
183 464 3 6 6138
186 482 8 4 632
146 458 7 2 20
51 209 5 7 24911
413 464 10 3 196
331 130 8 4 180
194 161 9 8 458859
345 204 9 6 41395
342 194 1 10 54681644
10 115 5 5 1160
160 432 4 9 5477932
215 229 3 5 518
484 191 7 5 4064
41 250 6 7 96556
339 86 4 5 548
244 91 7 5 1343
61 236 5 5 825
190 394 10 5 5576
125 6 9 6 18387
508 205 3 5 1609
248 408 9 4 716
411 280 3 5 803
262 392 10 4 949
400 392 1 5 407
386 265 3 7 33040
174 34 5 7 48641
96 121 6 5 1029
263 96 2 4 90
410 447 7 6 26722
306 460 2 3 15
191 279 7 7 43449
35 83 3 6 5893
192 242 4 8 635739
369 247 6 5 1144
350 153 8 5 1621
479 274 10 4 339
26 418 5 5 2720
301 269 1 6 727
390 181 8 3 70
316 65 1 3 16
85 146 8 4 801
356 361 1 4 58
241 163 10 5 1462
284 239 5 5 1080
364 384 2 7 12131
70 284 4 6 8973
248 479 4 5 2457
483 142 1 6 2721
38 189 3 6 8709
407 298 4 7 21513
285 240 6 6 15124
22 131 5 6 4045
427 98 4 7 76203
293 274 1 6 1581
119 489 6 9 10603187
332 489 4 6 9443
283 245 2 6 4286
358 491 2 7 51719
283 272 5 4 326
162 72 5 4 121
207 259 10 7 94565
246 89 2 7 11490
359 59 5 5 2016
71 492 7 4 737
39 234 7 4 699
297 212 2 5 1128
256 326 2 5 1362
400 423 8 3 153
418 165 7 6 32706
461 334 3 6 7743
451 500 5 3 82
63 480 1 5 518
276 339 1 7 6443
141 172 5 5 1229
299 64 8 8 325718
93 402 1 3 12
90 165 6 6 4317
433 169 2 7 71538
445 468 6 7 29597
367 36 9 5 4696
375 508 5 3 91
225 288 3 2 15
82 296 10 6 18024
156 481 10 6 32747
366 8 8 6 5975
100 420 9 6 7326
264 109 2 8 115931
92 14 6 3 98
134 35 4 2 11
414 441 9 5 5001
187 57 7 6 5547
42 133 5 6 14700
473 266 2 4 163
458 119 9 6 17708
192 360 6 7 83869
94 81 8 5 1773
216 13 1 6 1797
76 173 4 7 60330
120 454 4 9 13026857
343 60 5 6 7859
192 460 8 5 4697
184 465 6 8 246921
69 61 7 5 1149
487 247 1 6 2039
266 308 7 8 2152197
423 257 3 7 14987
421 192 4 5 1676
143 98 6 5 3849
89 380 9 6 8104
228 398 2 5 406
312 208 7 8 289301
51 506 6 5 1086
373 53 2 5 440
494 121 2 6 3980
329 228 7 5 3515
86 229 7 5 1039
476 119 10 5 1214
76 148 10 5 1810
58 21 6 6 9513
443 33 7 8 1307721
233 353 1 5 677
141 25 5 4 122
195 58 10 6 49087
287 178 9 5 1163
181 421 6 5 1579
419 33 5 6 10861
386 116 1 5 143
163 39 9 6 28788
185 33 9 5 3536
185 471 3 6 6642
186 5 10 4 449
452 308 2 4 159
382 35 2 5 239
172 211 10 4 328
260 59 4 5 817
333 111 4 7 23281
57 59 5 7 44814
202 115 10 5 1932
141 195 8 4 847
510 426 3 5 768
444 365 7 7 48698
39 406 4 6 9838
115 421 7 5 2212
317 45 2 8 83692
161 54 4 6 4568
459 283 4 5 1114
299 249 7 4 496
3 507 9 4 911
229 428 1 6 896
29 73 8 6 16614
330 30 5 5 943
398 118 9 3 164
223 402 4 8 1093556
158 29 4 3 34
235 346 2 4 74
361 212 2 5 273
112 326 7 7 89854
345 235 8 6 9327
358 223 2 4 65
86 283 4 5 625
467 161 1 6 1849
473 223 8 7 47434
29 209 7 4 700
376 243 7 8 1458218
72 50 8 5 2147
349 439 6 5 955
308 170 3 8 1031530
140 271 6 7 147688
279 3 1 7 19143
207 34 6 4 573
32 332 10 3 140
149 170 3 4 126
183 54 2 8 131124
325 171 1 6 4667
91 163 5 5 3182
40 473 2 6 6823
363 384 10 5 2407
268 451 7 6 18490
399 15 5 7 42928
356 368 4 6 4400
486 70 9 4 785
105 340 3 4 239
435 24 10 6 8520
508 242 2 6 2165
417 254 7 4 462
386 441 1 6 831
89 423 4 7 45409
390 24 8 4 497
504 122 1 6 1124
186 208 6 7 81483
70 485 1 10 86173307
165 337 10 2 19
18 30 7 3 38
169 36 10 4 499
212 392 10 2 48
248 453 5 7 137824
169 310 2 2 10
495 378 7 9 5209472
241 469 1 6 1990
179 231 9 9 3513747
119 322 10 3 177
411 311 5 6 6396
227 258 1 5 390
160 45 9 6 18212
463 202 4 3 52
208 153 7 2 17
140 420 9 5 5775
198 185 8 6 13921
154 510 10 5 1324
314 121 7 5 2601
251 401 2 4 139
100 409 2 5 454
112 412 4 8 172574
28 505 1 6 1270
296 137 1 7 15103
495 323 3 3 46
43 180 5 5 1176
159 171 10 4 429
109 281 1 6 3831
232 145 1 5 269
381 27 5 5 1416
140 401 6 5 3501
103 320 4 3 28
86 459 1 8 78702
489 382 8 4 488
185 52 1 7 17085
127 172 2 6 3115
456 357 6 8 375742
355 326 3 6 14350
9 219 10 7 353020
160 508 1 5 555
303 177 1 7 5619
463 456 6 6 9717
163 224 7 5 1075
233 28 2 4 160
142 354 7 7 124226
269 336 2 4 83
258 44 8 6 18046
341 396 9 3 113
436 81 8 6 22462
232 130 4 7 96533
60 340 5 6 7783
145 318 3 5 454
487 498 3 5 680
165 470 1 6 1385
123 193 4 5 1472
128 495 3 8 1040623
465 349 5 5 2208
146 365 5 5 1867
425 335 1 8 304454
425 197 4 8 482111
9 241 7 7 46057
128 424 9 4 215
140 125 5 3 104
143 503 9 6 8224
109 200 9 8 922768
100 10 10 7 153049
358 496 6 5 1098
42 454 9 4 894
463 107 9 4 330
239 177 5 3 30
511 267 4 5 841
498 163 4 5 859
281 392 7 5 2838
436 508 5 6 7799
270 121 1 4 109
289 495 7 6 10105
327 260 10 8 997409
288 510 9 6 41469
13 86 4 3 33
484 104 10 7 166682
76 320 7 5 974
34 270 7 3 78
417 262 10 6 9263
339 117 4 8 185645
310 380 5 4 295
112 259 7 3 38
26 406 8 6 7447
255 223 9 3 173
45 291 3 4 98
225 344 8 6 9702
440 106 10 7 53984
143 484 2 6 1452
354 419 2 6 8825
419 206 1 6 1364
119 339 5 4 395
226 436 6 9 12870061
439 497 5 5 913
194 26 7 5 806
100 262 1 5 137
77 56 9 5 3310
391 338 10 5 6122
197 35 6 6 5827
505 417 7 5 1448
508 260 3 6 5398
134 480 5 6 14594
209 492 8 3 167
463 286 3 7 56389
121 55 1 8 158616
94 58 10 5 3686
174 474 5 6 12660
131 54 8 6 12374
164 145 4 5 1302
288 487 6 3 37
310 363 7 5 1171
79 402 4 4 367
178 332 1 5 118
3 218 3 4 149
70 382 2 8 134595
331 321 7 8 645031
357 509 1 8 94029
187 274 1 5 421
179 105 8 4 358
292 415 4 5 634
153 385 1 7 14035
98 383 5 5 2524
250 191 8 4 331
80 417 9 7 64358
165 178 8 6 8981
296 247 7 5 863
66 366 2 5 1176
185 205 9 6 17228
39 301 8 10 31802467
495 509 2 5 314
324 396 9 3 68
484 215 1 4 32
461 40 8 6 8388
468 365 2 8 217282
421 91 4 3 29
478 225 2 5 360
259 305 9 4 253
64 82 1 3 9
357 475 5 5 3302
89 270 8 6 31768
296 90 6 6 4738
428 311 2 7 27287
473 126 9 6 10863
348 165 3 8 616901
245 192 5 3 43
53 264 1 7 7849
252 453 7 4 361
13 167 4 3 43
245 367 4 3 46
65 488 4 5 525
178 501 9 5 1773
55 321 2 4 54
217 504 8 6 38843
280 176 5 5 2187
472 426 4 5 608
260 434 10 3 193
54 13 8 3 76
118 10 3 6 4892
164 315 7 5 1569
203 425 5 6 7622
460 428 7 2 17
106 164 4 6 15666
342 261 1 5 429
343 26 7 5 1863
188 194 10 9 24007264
501 128 4 6 3626
265 301 7 3 84
106 340 6 4 154
449 100 1 5 603
25 280 8 7 69280
