0 0 4 2 14
0 1 2 4 53
0 2 9 1 4
0 3 9 4 383
0 4 1 4 76
0 5 7 4 228
0 6 3 4 333
0 7 8 4 259
0 8 9 8 2302979
0 9 2 6 1828
0 10 9 1 6
0 11 8 5 4656
0 12 5 2 18
0 13 6 10 24193327
0 14 9 2 24
0 15 1 5 306
0 16 7 3 81
0 17 2 2 8
0 18 5 5 947
0 19 7 5 3705
0 20 2 3 24
0 21 1 2 5
0 22 4 1 6
0 23 3 3 25
0 24 5 4 114
0 25 1 3 17
0 26 2 2 4
0 27 2 4 166
0 28 9 5 1159
0 29 8 2 21
0 30 10 1 13
0 31 6 4 638
0 32 7 5 919
0 33 4 2 15
0 34 8 4 318
0 35 9 4 233
0 36 7 1 5
0 37 6 8 583818
0 38 3 3 46
0 39 2 5 352
0 40 1 5 174
0 41 7 1 4
0 42 3 2 8
0 43 5 3 76
0 44 1 6 1263
0 45 2 4 165
0 46 3 3 26
0 47 5 3 27
0 48 8 1 4
0 49 9 3 52
0 50 3 8 273578
0 51 3 6 9164
0 52 6 1 5
0 53 3 3 33
0 54 3 2 9
0 55 7 1 5
0 56 4 5 491
0 57 1 3 14
0 58 6 6 7391
0 59 7 4 215
0 60 4 2 17
0 61 3 5 371
0 62 1 6 1363
0 63 8 6 18179
1 0 1 3 9
1 1 8 1 9
1 2 9 1 4
1 3 6 3 91
1 4 7 1 6
1 5 7 1 4
1 6 2 4 95
1 7 8 4 202
1 8 3 5 486
1 9 6 2 13
1 10 10 2 45
1 11 10 1 5
1 12 9 2 16
1 13 1 4 29
1 14 7 3 55
1 15 7 8 625023
1 16 8 5 4677
1 17 2 3 27
1 18 2 4 130
1 19 7 1 10
1 20 2 2 10
1 21 5 2 17
1 22 3 3 16
1 23 5 4 155
1 24 7 1 11
1 25 10 7 146287
1 26 1 3 8
1 27 7 3 91
1 28 5 1 8
1 29 9 3 149
1 30 9 4 338
1 31 10 5 6739
1 32 10 3 207
1 33 2 3 12
1 34 1 4 27
1 35 8 1 10
1 36 2 7 22161
1 37 10 3 101
1 38 10 3 60
1 39 9 3 150
1 40 9 5 2261
1 41 4 4 161
1 42 5 2 21
1 43 9 1 8
1 44 1 3 8
1 45 6 6 6534
1 46 6 2 11
1 47 10 4 542
1 48 5 4 313
1 49 1 5 656
1 50 2 4 162
1 51 10 7 155111
1 52 1 7 13070
1 53 5 1 8
1 54 5 1 4
1 55 1 5 205
1 56 7 5 1572
1 57 8 2 20
1 58 10 7 268393
1 59 10 6 17283
1 60 10 5 1620
1 61 6 6 13207
1 62 4 4 104
1 63 2 5 250
2 0 5 4 333
2 1 9 1 4
2 2 8 3 107
2 3 9 3 92
2 4 5 1 8
2 5 5 1 6
2 6 4 2 9
2 7 3 3 20
2 8 3 3 52
2 9 5 1 7
2 10 9 3 129
2 11 8 3 148
2 12 7 1 4
2 13 4 4 97
2 14 4 4 370
2 15 10 6 21857
2 16 1 6 2003
2 17 4 8 942945
2 18 8 4 250
2 19 2 2 6
2 20 1 3 22
2 21 2 4 128
2 22 8 1 5
2 23 2 4 85
2 24 8 5 1763
2 25 9 1 6
2 26 7 2 21
2 27 9 6 11607
2 28 9 5 2764
2 29 5 6 5002
2 30 8 2 15
2 31 8 1 10
2 32 1 3 15
2 33 5 1 6
2 34 3 7 17213
2 35 9 2 25
2 36 2 3 23
2 37 2 3 36
2 38 7 3 135
2 39 2 2 6
2 40 1 7 12355
2 41 4 3 36
2 42 1 4 54
2 43 8 2 30
2 44 6 5 885
2 45 9 1 9
2 46 6 4 309
2 47 7 1 5
2 48 10 1 4
2 49 6 4 473
2 50 4 2 13
2 51 4 6 9698
2 52 4 9 6295933
2 53 10 6 23152
2 54 6 2 26
2 55 7 5 3472
2 56 7 1 10
2 57 6 2 19
2 58 10 1 13
2 59 6 2 14
2 60 10 2 26
2 61 9 4 245
2 62 9 1 4
2 63 6 4 136
3 0 8 1 10
3 1 9 1 10
3 2 10 1 4
3 3 7 2 14
3 4 1 3 6
3 5 6 3 51
3 6 7 2 22
3 7 9 1 11
3 8 3 2 13
3 9 9 2 36
3 10 4 1 5
3 11 3 2 6
3 12 3 4 131
3 13 5 3 58
3 14 8 2 35
3 15 8 3 49
3 16 5 1 5
3 17 3 3 26
3 18 3 3 56
3 19 1 4 38
3 20 8 5 1155
3 21 3 2 6
3 22 2 4 75
3 23 9 1 14
3 24 10 3 103
3 25 4 3 30
3 26 5 3 53
3 27 5 3 31
3 28 6 2 22
3 29 7 2 20
3 30 10 2 20
3 31 10 3 133
3 32 1 6 1081
3 33 3 2 14
3 34 3 2 10
3 35 8 6 6657
3 36 8 2 17
3 37 4 2 13
3 38 10 4 368
3 39 1 5 356
3 40 1 8 248147
3 41 3 9 2101762
3 42 5 5 2619
3 43 3 4 103
3 44 3 4 186
3 45 1 3 11
3 46 6 2 12
3 47 6 3 100
3 48 4 2 19
3 49 1 3 14
3 50 5 4 161
3 51 4 2 19
3 52 5 3 29
3 53 6 3 83
3 54 2 2 4
3 55 5 2 9
3 56 9 1 5
3 57 6 2 15
3 58 10 3 87
3 59 1 3 6
3 60 8 1 12
3 61 7 2 25
3 62 1 4 70
3 63 6 4 295
4 0 2 5 339
4 1 1 3 20
4 2 3 7 19813
4 3 4 1 6
4 4 2 3 39
4 5 7 2 28
4 6 10 1 17
4 7 5 2 22
4 8 3 1 4
4 9 6 4 205
4 10 2 4 51
4 11 6 3 127
4 12 8 1 7
4 13 6 2 16
4 14 1 4 29
4 15 10 2 35
4 16 6 2 18
4 17 9 1 9
4 18 2 3 18
4 19 9 1 7
4 20 9 2 25
4 21 3 3 21
4 22 7 1 5
4 23 3 2 12
4 24 7 3 51
4 25 1 5 682
4 26 5 4 271
4 27 3 7 18240
4 28 1 3 7
4 29 10 3 88
4 30 3 3 23
4 31 7 2 18
4 32 4 4 199
4 33 6 1 5
4 34 1 4 35
4 35 1 7 7195
4 36 3 1 4
4 37 7 4 444
4 38 10 2 19
4 39 2 2 5
4 40 9 1 6
4 41 2 6 3722
4 42 8 1 12
4 43 10 4 235
4 44 1 4 75
4 45 9 7 351786
4 46 10 5 5351
4 47 4 2 17
4 48 1 4 28
4 49 2 2 6
4 50 2 3 28
4 51 8 3 55
4 52 7 4 200
4 53 3 2 10
4 54 4 3 40
4 55 7 2 15
4 56 9 5 1561
4 57 5 4 137
4 58 7 7 45474
4 59 3 1 5
4 60 6 2 18
4 61 1 5 218
4 62 4 3 66
4 63 4 5 637
5 0 10 1 6
5 1 1 4 36
5 2 8 1 13
5 3 2 2 5
5 4 6 3 94
5 5 3 4 289
5 6 10 1 4
5 7 3 2 6
5 8 9 4 230
5 9 8 1 6
5 10 2 4 210
5 11 6 2 12
5 12 10 1 15
5 13 5 2 15
5 14 3 2 6
5 15 8 3 66
5 16 8 1 11
5 17 10 7 55104
5 18 1 3 9
5 19 9 3 176
5 20 7 6 5398
5 21 3 6 6395
5 22 2 5 903
5 23 4 2 8
5 24 10 1 9
5 25 3 3 16
5 26 4 3 32
5 27 5 6 15355
5 28 7 4 232
5 29 3 1 4
5 30 5 2 18
5 31 2 6 2200
5 32 5 2 17
5 33 2 2 5
5 34 8 1 14
5 35 5 4 235
5 36 7 4 167
5 37 7 3 62
5 38 9 1 11
5 39 6 4 288
5 40 3 6 3905
5 41 4 1 6
5 42 10 1 5
5 43 8 2 15
5 44 8 2 24
5 45 5 1 5
5 46 6 2 30
5 47 8 1 8
5 48 3 3 28
5 49 3 2 14
5 50 3 5 341
5 51 1 3 6
5 52 1 5 228
5 53 2 3 15
5 54 6 3 49
5 55 2 2 4
5 56 8 3 61
5 57 2 2 4
5 58 5 2 10
5 59 1 6 835
5 60 4 4 347
5 61 1 7 21109
5 62 7 1 9
5 63 9 6 14256
6 0 2 6 3433
6 1 1 2 5
6 2 4 6 18302
6 3 1 2 5
6 4 7 1 12
6 5 9 6 31003
6 6 5 3 47
6 7 1 5 118
6 8 1 4 46
6 9 6 3 34
6 10 3 4 135
6 11 5 5 1092
6 12 10 1 7
6 13 8 1 5
6 14 8 1 8
6 15 6 5 2904
6 16 5 3 89
6 17 1 4 71
6 18 9 4 511
6 19 9 4 235
6 20 5 4 244
6 21 2 7 15256
6 22 3 6 11488
6 23 3 3 56
6 24 9 3 134
6 25 1 7 28609
6 26 7 1 9
6 27 9 3 154
6 28 9 1 9
6 29 9 2 41
6 30 9 4 405
6 31 4 1 4
6 32 4 5 1595
6 33 5 3 58
6 34 9 5 5022
6 35 9 1 6
6 36 2 3 23
6 37 2 6 1697
6 38 5 3 61
6 39 8 1 5
6 40 6 4 489
6 41 10 5 2592
6 42 2 4 85
6 43 1 3 19
6 44 8 3 55
6 45 7 5 1537
6 46 7 4 172
6 47 4 4 91
6 48 2 3 17
6 49 7 4 282
6 50 10 2 42
6 51 4 1 7
6 52 7 2 15
6 53 8 4 493
6 54 3 1 5
6 55 2 2 6
6 56 1 4 24
6 57 1 6 1073
6 58 8 3 87
6 59 1 3 21
6 60 2 3 20
6 61 5 3 59
6 62 4 3 46
6 63 9 1 11
7 0 7 3 61
7 1 1 4 112
7 2 6 9 18923154
7 3 6 2 21
7 4 6 3 32
7 5 10 3 65
7 6 9 1 4
7 7 1 6 3819
7 8 5 4 493
7 9 3 3 21
7 10 4 3 26
7 11 2 8 562497
7 12 8 5 1930
7 13 1 3 15
7 14 1 6 857
7 15 7 1 10
7 16 1 4 24
7 17 8 3 107
7 18 6 4 221
7 19 7 2 31
7 20 1 4 95
7 21 6 5 2460
7 22 9 3 145
7 23 6 1 5
7 24 9 2 20
7 25 1 8 49927
7 26 2 5 336
7 27 7 3 38
7 28 2 4 168
7 29 9 4 213
7 30 3 5 1977
7 31 6 4 182
7 32 9 1 14
7 33 4 2 15
7 34 5 4 250
7 35 2 4 52
7 36 5 3 74
7 37 4 3 42
7 38 3 2 6
7 39 2 3 31
7 40 3 5 541
7 41 9 3 56
7 42 6 3 53
7 43 4 6 5952
7 44 3 3 23
7 45 3 5 641
7 46 7 2 30
7 47 6 6 11798
7 48 4 4 382
7 49 7 3 126
7 50 3 1 5
7 51 3 8 943794
7 52 7 3 38
7 53 9 1 4
7 54 5 2 11
7 55 7 4 454
7 56 4 2 19
7 57 10 1 16
7 58 6 4 146
7 59 1 4 48
7 60 5 4 132
7 61 9 1 4
7 62 1 6 1979
7 63 6 1 7
8 0 5 3 72
8 1 6 3 59
8 2 3 5 1050
8 3 1 6 3619
8 4 6 3 55
8 5 10 1 9
8 6 1 3 10
8 7 2 3 22
8 8 1 2 5
8 9 7 1 4
8 10 1 3 21
8 11 6 1 9
8 12 4 2 10
8 13 1 3 17
8 14 9 4 569
8 15 6 2 21
8 16 8 1 7
8 17 5 1 4
8 18 7 3 153
8 19 6 1 10
8 20 2 4 92
8 21 6 3 113
8 22 8 3 49
8 23 8 1 11
8 24 7 1 7
8 25 1 3 18
8 26 1 3 21
8 27 4 1 4
8 28 1 3 9
8 29 9 5 1616
8 30 7 2 18
8 31 8 4 202
8 32 6 2 14
8 33 8 3 156
8 34 4 3 48
8 35 1 5 158
8 36 4 2 12
8 37 5 4 125
8 38 3 4 277
8 39 1 5 118
8 40 1 4 51
8 41 3 3 21
8 42 6 4 284
8 43 1 6 1615
8 44 9 4 382
8 45 3 1 4
8 46 4 5 1274
8 47 10 2 20
8 48 10 4 491
8 49 1 3 15
8 50 7 1 5
8 51 5 4 165
8 52 3 3 17
8 53 10 3 56
8 54 3 3 17
8 55 4 3 30
8 56 5 6 5314
8 57 8 3 105
8 58 4 4 341
8 59 9 1 8
8 60 10 1 9
8 61 4 2 10
8 62 2 3 31
8 63 1 3 8
9 0 10 1 17
9 1 7 2 17
9 2 4 4 93
9 3 5 4 180
9 4 5 4 356
9 5 2 5 670
9 6 4 3 68
9 7 2 6 3372
9 8 9 5 2380
9 9 9 5 1159
9 10 8 1 7
9 11 4 3 33
9 12 10 6 11919
9 13 4 5 553
9 14 1 3 14
9 15 2 4 74
9 16 1 4 30
9 17 5 4 483
9 18 2 3 18
9 19 3 3 60
9 20 3 4 78
9 21 2 3 22
9 22 6 6 5344
9 23 3 5 939
9 24 6 4 241
9 25 10 1 4
9 26 6 4 672
9 27 3 4 67
9 28 8 3 79
9 29 5 3 45
9 30 6 4 174
9 31 9 1 5
9 32 1 4 35
9 33 2 4 199
9 34 1 5 257
9 35 4 5 552
9 36 1 2 4
9 37 8 3 55
9 38 3 4 92
9 39 5 3 46
9 40 1 5 382
9 41 1 3 6
9 42 10 1 9
9 43 1 6 3672
9 44 8 1 10
9 45 8 3 96
9 46 10 3 154
9 47 5 2 10
9 48 1 7 7872
9 49 10 2 53
9 50 8 4 196
9 51 7 5 2906
9 52 5 3 30
9 53 2 2 9
9 54 10 2 24
9 55 8 2 22
9 56 2 8 272535
9 57 9 5 1327
9 58 4 2 8
9 59 4 4 236
9 60 1 7 32614
9 61 9 3 193
9 62 9 2 29
9 63 6 3 34
10 0 6 1 9
10 1 6 2 20
10 2 3 3 28
10 3 1 5 159
10 4 3 3 24
10 5 8 4 181
10 6 4 3 88
10 7 5 2 13
10 8 8 5 1986
10 9 5 4 400
10 10 7 1 8
10 11 9 5 2841
10 12 5 3 54
10 13 5 2 15
10 14 8 3 135
10 15 10 3 137
10 16 9 1 4
10 17 3 1 4
10 18 7 3 69
10 19 2 2 4
10 20 3 6 2393
10 21 2 4 64
10 22 9 3 65
10 23 8 2 20
10 24 6 1 4
10 25 1 5 415
10 26 10 3 170
10 27 1 3 12
10 28 2 3 38
10 29 4 1 4
10 30 4 5 2602
10 31 3 6 5160
10 32 2 4 132
10 33 9 4 330
10 34 2 4 163
10 35 4 3 41
10 36 5 3 29
10 37 1 3 10
10 38 7 1 8
10 39 10 1 8
10 40 9 6 8005
10 41 1 3 19
10 42 3 3 64
10 43 2 4 93
10 44 1 5 369
10 45 2 6 4690
10 46 1 5 356
10 47 9 3 121
10 48 2 4 179
10 49 3 2 10
10 50 7 3 146
10 51 6 2 12
10 52 2 2 6
10 53 5 2 21
10 54 1 6 707
10 55 9 7 96388
10 56 5 5 618
10 57 8 3 98
10 58 3 4 137
10 59 10 1 9
10 60 8 5 1654
10 61 7 2 27
10 62 3 5 865
10 63 10 3 204
11 0 6 1 6
11 1 7 3 56
11 2 10 5 2949
11 3 8 7 63455
11 4 10 2 37
11 5 7 2 20
11 6 10 4 350
11 7 5 1 8
11 8 1 5 376
11 9 1 6 1172
11 10 1 4 30
11 11 8 1 11
11 12 4 3 62
11 13 3 2 9
11 14 7 1 5
11 15 1 3 10
11 16 2 9 3894443
11 17 1 5 120
11 18 8 3 75
11 19 10 2 27
11 20 9 3 135
11 21 8 2 27
11 22 9 3 63
11 23 10 6 9701
11 24 4 3 61
11 25 6 2 21
11 26 4 2 17
11 27 5 3 70
11 28 5 1 6
11 29 8 1 5
11 30 2 6 1980
11 31 9 5 2912
11 32 3 6 2743
11 33 3 4 173
11 34 4 1 7
11 35 8 2 35
11 36 9 5 2314
11 37 3 3 62
11 38 7 1 4
11 39 4 2 11
11 40 5 3 101
11 41 5 3 31
11 42 5 6 18848
11 43 2 3 12
11 44 3 2 11
11 45 10 1 7
11 46 7 1 10
11 47 1 4 23
11 48 8 1 6
11 49 7 2 22
11 50 5 5 1057
11 51 10 1 4
11 52 4 4 178
11 53 3 6 2505
11 54 9 4 326
11 55 8 1 7
11 56 9 2 36
11 57 4 3 43
11 58 3 6 3504
11 59 9 6 44126
11 60 5 3 82
11 61 10 1 7
11 62 6 3 34
11 63 7 4 359
12 0 10 8 965544
12 1 5 3 39
12 2 9 3 173
12 3 9 2 19
12 4 8 4 285
12 5 2 4 57
12 6 3 1 5
12 7 4 5 1584
12 8 6 3 38
12 9 3 2 15
12 10 6 2 19
12 11 2 3 20
12 12 7 1 12
12 13 4 1 4
12 14 10 7 50553
12 15 3 5 993
12 16 9 1 14
12 17 1 5 334
12 18 9 1 6
12 19 4 3 26
12 20 3 3 25
12 21 5 1 5
12 22 4 2 20
12 23 7 4 160
12 24 2 3 28
12 25 6 3 70
12 26 4 1 5
12 27 8 1 6
12 28 8 1 4
12 29 4 1 5
12 30 3 3 34
12 31 10 2 22
12 32 2 6 2513
12 33 9 4 906
12 34 1 5 334
12 35 10 6 28237
12 36 8 4 177
12 37 7 5 966
12 38 3 2 13
12 39 9 4 559
12 40 8 1 4
12 41 5 3 44
12 42 10 4 1020
12 43 9 1 5
12 44 5 2 16
12 45 4 7 106789
12 46 6 3 54
12 47 2 3 25
12 48 5 2 20
12 49 5 3 58
12 50 6 5 687
12 51 1 4 81
12 52 4 5 1723
12 53 1 7 5938
12 54 6 3 79
12 55 3 3 52
12 56 6 3 124
12 57 9 3 189
12 58 10 4 489
12 59 10 1 11
12 60 1 3 17
12 61 4 2 17
12 62 9 4 719
12 63 2 5 878
13 0 2 3 24
13 1 6 1 6
13 2 2 3 38
13 3 8 2 16
13 4 10 2 32
13 5 6 8 481085
13 6 6 2 18
13 7 6 2 29
13 8 3 1 5
13 9 9 3 176
13 10 3 2 15
13 11 7 5 3395
13 12 1 6 1093
13 13 6 1 6
13 14 2 8 190261
13 15 1 2 5
13 16 2 3 28
13 17 8 4 388
13 18 8 10 126140066
13 19 6 3 39
13 20 3 2 6
13 21 8 5 4217
13 22 5 6 8288
13 23 1 4 36
13 24 2 6 6657
13 25 3 3 44
13 26 9 1 5
13 27 7 4 357
13 28 1 3 6
13 29 1 4 30
13 30 1 4 25
13 31 9 2 16
13 32 1 6 4445
13 33 7 1 7
13 34 4 2 9
13 35 2 2 4
13 36 2 7 54957
13 37 7 6 9081
13 38 4 3 29
13 39 8 1 10
13 40 3 5 1790
13 41 5 2 20
13 42 7 2 13
13 43 3 3 37
13 44 3 5 894
13 45 9 3 59
13 46 9 1 13
13 47 10 2 22
13 48 2 8 530492
13 49 7 2 36
13 50 1 5 146
13 51 4 3 33
13 52 10 6 35139
13 53 6 5 3169
13 54 10 4 657
13 55 6 2 26
13 56 3 2 10
13 57 7 4 253
13 58 3 5 422
13 59 4 3 30
13 60 7 1 5
13 61 5 1 4
13 62 6 1 6
13 63 6 4 381
14 0 1 3 18
14 1 10 4 714
14 2 5 2 13
14 3 8 2 32
14 4 5 4 353
14 5 6 2 16
14 6 5 3 49
14 7 9 7 76619
14 8 6 5 1175
14 9 7 1 4
14 10 2 2 8
14 11 5 5 968
14 12 2 3 13
14 13 4 5 891
14 14 7 2 20
14 15 3 3 20
14 16 10 6 33750
14 17 7 4 409
14 18 1 5 310
14 19 1 5 133
14 20 1 3 22
14 21 6 2 18
14 22 5 2 24
14 23 9 6 39891
14 24 5 2 13
14 25 4 3 28
14 26 3 2 8
14 27 7 5 1395
14 28 2 7 37841
14 29 5 3 63
14 30 10 5 3503
14 31 1 3 22
14 32 3 3 53
14 33 4 3 30
14 34 2 2 4
14 35 2 3 29
14 36 6 5 3129
14 37 7 2 34
14 38 6 2 11
14 39 1 6 4849
14 40 4 3 61
14 41 3 3 16
14 42 8 2 24
14 43 2 6 1564
14 44 6 5 3262
14 45 4 5 638
14 46 2 4 114
14 47 4 6 7340
14 48 7 3 53
14 49 8 4 566
14 50 9 4 558
14 51 8 1 5
14 52 6 3 53
14 53 5 1 5
14 54 7 9 3186765
14 55 6 5 1059
14 56 7 5 1876
14 57 6 2 26
14 58 1 5 276
14 59 4 4 193
14 60 3 5 870
14 61 5 2 10
14 62 1 4 39
14 63 4 3 63
15 0 6 1 8
15 1 7 2 20
15 2 7 1 10
15 3 1 3 8
15 4 4 7 20594
15 5 9 2 17
15 6 7 5 1888
15 7 10 1 7
15 8 1 4 28
15 9 1 6 862
15 10 4 3 45
15 11 9 4 203
15 12 6 2 16
15 13 6 1 9
15 14 2 4 73
15 15 3 2 13
15 16 4 3 31
15 17 3 3 53
15 18 4 8 1144571
15 19 10 1 11
15 20 6 3 34
15 21 8 2 18
15 22 5 6 4084
15 23 4 2 11
15 24 2 3 11
15 25 3 3 32
15 26 7 2 23
15 27 4 3 57
15 28 4 2 8
15 29 3 3 18
15 30 2 2 4
15 31 1 6 714
15 32 3 2 11
15 33 3 3 58
15 34 9 3 152
15 35 2 4 184
15 36 2 3 18
15 37 4 2 13
15 38 10 8 3515971
15 39 8 3 71
15 40 7 5 1103
15 41 8 2 42
15 42 6 3 36
15 43 10 4 544
15 44 1 3 7
15 45 10 1 9
15 46 6 4 540
15 47 6 2 14
15 48 4 4 180
15 49 1 4 48
15 50 4 2 19
15 51 4 3 83
15 52 5 2 10
15 53 10 5 3709
15 54 2 4 52
15 55 1 7 8504
15 56 3 2 15
15 57 1 3 16
15 58 9 1 7
15 59 4 2 13
15 60 2 3 29
15 61 4 1 5
15 62 9 5 2400
15 63 1 3 9
16 0 9 2 38
16 1 9 2 19
16 2 7 2 19
16 3 10 3 85
16 4 5 1 5
16 5 6 4 341
16 6 7 4 173
16 7 3 3 28
16 8 4 3 33
16 9 8 1 4
16 10 1 5 291
16 11 4 5 1541
16 12 5 2 18
16 13 1 5 140
16 14 7 2 27
16 15 10 1 11
16 16 7 1 4
16 17 3 2 7
16 18 8 5 996
16 19 1 3 7
16 20 6 2 12
16 21 10 1 4
16 22 5 1 8
16 23 3 4 106
16 24 9 2 26
16 25 8 2 28
16 26 6 2 17
16 27 4 5 1322
16 28 1 4 37
16 29 3 2 8
16 30 9 5 1073
16 31 10 2 41
16 32 3 3 28
16 33 8 3 80
16 34 1 4 24
16 35 4 3 48
16 36 7 2 27
16 37 2 10 2561088764
16 38 9 4 364
16 39 2 6 4352
16 40 6 4 314
16 41 2 2 6
16 42 3 4 171
16 43 1 2 4
16 44 9 1 12
16 45 10 1 5
16 46 5 5 1622
16 47 3 4 295
16 48 6 3 62
16 49 9 2 21
16 50 4 4 197
16 51 5 1 4
16 52 7 2 18
16 53 9 2 47
16 54 8 1 5
16 55 1 3 14
16 56 3 5 1200
16 57 5 4 474
16 58 3 4 129
16 59 5 3 27
16 60 5 3 29
16 61 10 1 5
16 62 3 3 36
16 63 3 3 47
17 0 8 5 1151
17 1 6 3 51
17 2 1 5 386
17 3 10 7 78495
17 4 7 2 36
17 5 5 3 82
17 6 5 2 16
17 7 3 4 123
17 8 8 1 4
17 9 8 1 5
17 10 7 2 29
17 11 2 2 4
17 12 1 4 97
17 13 1 3 10
17 14 3 3 42
17 15 4 3 23
17 16 8 1 9
17 17 4 2 16
17 18 1 3 21
17 19 1 4 50
17 20 2 3 31
17 21 3 2 6
17 22 10 3 146
17 23 7 2 29
17 24 7 4 204
17 25 9 2 45
17 26 1 4 62
17 27 7 4 722
17 28 7 3 67
17 29 3 6 4523
17 30 5 6 18885
17 31 9 3 136
17 32 1 2 4
17 33 1 3 11
17 34 7 2 25
17 35 6 4 422
17 36 6 5 1949
17 37 5 1 5
17 38 5 10 22446655
17 39 7 3 39
17 40 1 8 142518
17 41 8 1 6
17 42 5 3 27
17 43 9 1 4
17 44 8 3 113
17 45 9 3 51
17 46 8 3 156
17 47 7 4 157
17 48 8 1 6
17 49 6 4 187
17 50 8 1 6
17 51 9 1 9
17 52 2 3 12
17 53 2 2 5
17 54 6 3 37
17 55 7 1 10
17 56 7 3 68
17 57 10 1 9
17 58 8 1 8
17 59 10 1 7
17 60 8 2 25
17 61 4 6 2866
17 62 7 4 202
17 63 6 3 113
18 0 6 2 22
18 1 9 3 110
18 2 1 3 8
18 3 6 2 28
18 4 6 6 20821
18 5 6 6 24314
18 6 8 2 16
18 7 8 2 35
18 8 5 2 9
18 9 1 4 74
18 10 8 1 12
18 11 10 3 55
18 12 10 4 285
18 13 3 4 207
18 14 8 1 8
18 15 5 2 20
18 16 1 3 13
18 17 7 2 17
18 18 10 5 1571
18 19 2 3 16
18 20 10 9 13363209
18 21 3 4 179
18 22 5 7 70501
18 23 8 1 9
18 24 8 5 1440
18 25 2 3 14
18 26 4 5 1630
18 27 4 5 502
18 28 2 4 96
18 29 4 6 3013
18 30 2 6 7754
18 31 9 3 112
18 32 3 5 881
18 33 8 1 12
18 34 6 1 4
18 35 3 5 1256
18 36 1 3 7
18 37 10 4 548
18 38 8 4 202
18 39 7 5 3384
18 40 10 5 6035
18 41 6 3 51
18 42 9 2 21
18 43 3 4 245
18 44 7 1 4
18 45 10 2 38
18 46 5 7 74498
18 47 6 3 33
18 48 6 1 8
18 49 1 6 722
18 50 6 6 13152
18 51 9 3 52
18 52 6 1 8
18 53 8 1 6
18 54 4 5 530
18 55 6 5 727
18 56 4 3 34
18 57 4 3 69
18 58 1 4 61
18 59 1 3 7
18 60 6 3 60
18 61 5 2 9
18 62 6 4 144
18 63 4 4 136
19 0 6 4 135
19 1 10 1 4
19 2 10 3 62
19 3 4 4 144
19 4 5 5 1040
19 5 1 4 25
19 6 4 3 53
19 7 1 5 142
19 8 1 5 588
19 9 10 9 5024335
19 10 2 3 36
19 11 7 5 1002
19 12 6 5 2323
19 13 2 4 213
19 14 4 7 23155
19 15 7 6 11661
19 16 5 5 2797
19 17 5 5 2894
19 18 9 3 70
19 19 4 2 8
19 20 7 2 31
19 21 9 3 49
19 22 1 4 84
19 23 5 5 1184
19 24 2 3 14
19 25 5 3 31
19 26 10 5 6123
19 27 9 1 8
19 28 5 2 23
19 29 6 1 4
19 30 7 4 358
19 31 7 4 186
19 32 8 4 291
19 33 6 4 251
19 34 10 1 16
19 35 8 2 21
19 36 2 3 11
19 37 8 2 21
19 38 6 2 30
19 39 3 5 451
19 40 8 1 10
19 41 8 2 23
19 42 7 1 4
19 43 8 3 70
19 44 2 3 29
19 45 2 5 506
19 46 2 4 164
19 47 4 2 10
19 48 4 2 16
19 49 3 2 8
19 50 5 3 34
19 51 8 5 4811
19 52 9 6 12366
19 53 3 4 191
19 54 4 3 87
19 55 1 4 111
19 56 4 7 61489
19 57 3 2 14
19 58 3 3 42
19 59 4 6 5928
19 60 2 4 92
19 61 3 4 70
19 62 8 1 14
19 63 6 2 16
20 0 8 2 41
20 1 3 4 111
20 2 4 6 17991
20 3 4 3 34
20 4 2 3 28
20 5 10 3 90
20 6 8 1 10
20 7 10 2 23
20 8 4 2 18
20 9 7 3 143
20 10 9 4 336
20 11 2 2 10
20 12 2 2 9
20 13 6 3 49
20 14 7 2 29
20 15 7 3 47
20 16 9 5 2399
20 17 6 4 361
20 18 10 1 6
20 19 6 1 7
20 20 10 2 44
20 21 5 3 60
20 22 10 2 35
20 23 1 3 10
20 24 8 5 4286
20 25 9 4 403
20 26 2 2 4
20 27 8 1 7
20 28 8 3 127
20 29 5 2 13
20 30 9 2 42
20 31 10 1 5
20 32 4 6 3865
20 33 8 2 16
20 34 5 5 1823
20 35 10 2 33
20 36 8 4 745
20 37 8 5 1563
20 38 4 5 2226
20 39 3 2 6
20 40 9 1 8
20 41 10 5 2191
20 42 2 2 4
20 43 8 4 740
20 44 1 3 12
20 45 6 4 557
20 46 7 1 11
20 47 2 2 7
20 48 10 4 372
20 49 5 6 6551
20 50 8 2 30
20 51 10 2 18
20 52 3 3 17
20 53 3 5 1289
20 54 6 2 19
20 55 9 2 37
20 56 6 1 6
20 57 4 2 15
20 58 1 3 17
20 59 8 1 6
20 60 9 1 9
20 61 4 3 59
20 62 1 3 10
20 63 6 2 28
21 0 3 2 11
21 1 1 5 169
21 2 2 4 76
21 3 8 5 1047
21 4 6 6 9956
21 5 2 3 17
21 6 6 7 33507
21 7 9 6 17275
21 8 7 3 81
21 9 5 6 5899
21 10 8 3 89
21 11 10 6 15883
21 12 2 5 397
21 13 7 2 37
21 14 1 5 646
21 15 8 2 35
21 16 6 6 7727
21 17 6 4 471
21 18 7 3 48
21 19 1 4 83
21 20 4 4 140
21 21 9 4 350
21 22 1 2 4
21 23 2 2 4
21 24 2 4 105
21 25 9 2 25
21 26 8 2 17
21 27 10 5 3669
21 28 10 2 32
21 29 3 3 25
21 30 5 3 88
21 31 2 6 3405
21 32 3 2 15
21 33 4 1 5
21 34 7 4 176
21 35 10 1 16
21 36 1 4 73
21 37 2 4 82
21 38 1 7 21717
21 39 9 2 24
21 40 6 9 3751626
21 41 7 3 141
21 42 3 3 40
21 43 5 5 1844
21 44 3 5 411
21 45 6 5 947
21 46 9 1 8
21 47 9 1 10
21 48 7 5 1445
21 49 3 2 7
21 50 5 1 7
21 51 4 3 37
21 52 6 1 5
21 53 10 5 3843
21 54 3 2 6
21 55 9 5 3402
21 56 1 6 823
21 57 8 3 84
21 58 9 4 330
21 59 6 3 42
21 60 2 3 18
21 61 4 1 5
21 62 2 5 248
21 63 2 4 139
22 0 10 4 873
22 1 2 6 4999
22 2 7 1 4
22 3 7 5 817
22 4 2 2 5
22 5 3 7 54090
22 6 2 4 117
22 7 6 6 6298
22 8 6 5 790
22 9 3 2 15
22 10 8 5 4538
22 11 6 1 6
22 12 3 4 105
22 13 3 5 963
22 14 5 3 37
22 15 2 5 438
22 16 5 3 87
22 17 1 3 15
22 18 8 3 78
22 19 4 2 12
22 20 9 1 10
22 21 3 5 375
22 22 3 4 132
22 23 6 5 888
22 24 10 1 10
22 25 4 1 4
22 26 5 3 66
22 27 4 2 21
22 28 2 2 10
22 29 7 3 50
22 30 1 7 21167
22 31 9 3 74
22 32 5 3 99
22 33 3 3 51
22 34 10 4 239
22 35 1 5 118
22 36 10 7 125103
22 37 9 6 30847
22 38 9 4 696
22 39 1 9 632246
22 40 1 7 7846
22 41 1 4 89
22 42 5 1 8
22 43 9 2 21
22 44 10 2 19
22 45 2 3 23
22 46 2 5 698
22 47 3 2 6
22 48 6 2 20
22 49 10 1 12
22 50 9 2 24
22 51 6 2 13
22 52 1 6 2319
22 53 5 7 133800
22 54 8 4 785
22 55 6 2 19
22 56 3 7 17085
22 57 3 2 7
22 58 6 3 76
22 59 6 4 223
22 60 10 1 13
22 61 1 4 45
22 62 6 4 157
22 63 10 1 8
23 0 6 1 10
23 1 6 2 25
23 2 3 2 9
23 3 8 4 185
23 4 9 3 54
23 5 10 3 95
23 6 2 4 60
23 7 3 4 71
23 8 3 5 761
23 9 2 2 7
23 10 3 3 66
23 11 6 2 30
23 12 8 2 31
23 13 6 3 104
23 14 5 2 24
23 15 3 1 4
23 16 4 2 9
23 17 8 3 55
23 18 9 5 1160
23 19 1 3 10
23 20 9 3 53
23 21 7 3 82
23 22 1 4 73
23 23 7 6 22243
23 24 7 3 152
23 25 1 3 16
23 26 5 4 179
23 27 5 5 1032
23 28 7 2 22
23 29 9 2 46
23 30 9 3 59
23 31 6 3 52
23 32 3 4 292
23 33 3 2 7
23 34 8 2 26
23 35 4 4 309
23 36 3 6 4588
23 37 2 3 31
23 38 7 5 1358
23 39 2 7 16140
23 40 10 2 37
23 41 6 2 14
23 42 4 2 20
23 43 1 4 28
23 44 2 5 1104
23 45 1 9 419187
23 46 8 2 29
23 47 10 4 705
23 48 4 2 9
23 49 3 2 15
23 50 6 1 6
23 51 5 1 5
23 52 9 3 50
23 53 7 1 5
23 54 2 4 69
23 55 4 4 116
23 56 6 3 80
23 57 6 2 17
23 58 10 1 9
23 59 5 6 3647
23 60 5 2 19
23 61 6 4 433
23 62 8 1 4
23 63 3 5 356
24 0 9 3 108
24 1 5 4 268
24 2 3 7 46959
24 3 2 2 6
24 4 4 1 4
24 5 1 3 7
24 6 2 2 8
24 7 7 7 202627
24 8 3 3 25
24 9 4 4 151
24 10 7 2 15
24 11 2 3 13
24 12 10 1 10
24 13 6 3 88
24 14 10 2 31
24 15 9 1 4
24 16 1 4 43
24 17 6 1 9
24 18 5 5 724
24 19 5 4 158
24 20 3 4 127
24 21 4 4 169
24 22 8 1 8
24 23 6 2 19
24 24 3 3 55
24 25 4 3 32
24 26 5 3 44
24 27 8 4 182
24 28 4 3 44
24 29 1 3 7
24 30 1 3 22
24 31 6 2 11
24 32 4 5 2346
24 33 3 2 11
24 34 2 5 287
24 35 1 6 1016
24 36 10 1 17
24 37 5 6 9422
24 38 3 8 183314
24 39 6 5 1387
24 40 1 3 9
24 41 6 4 293
24 42 3 3 43
24 43 2 4 113
24 44 8 5 2499
24 45 8 5 977
24 46 4 2 12
24 47 3 4 159
24 48 9 2 32
24 49 5 2 14
24 50 3 3 16
24 51 3 2 7
24 52 7 3 40
24 53 5 5 2429
24 54 1 9 470898
24 55 5 2 19
24 56 4 3 43
24 57 9 3 129
24 58 6 5 1556
24 59 5 2 20
24 60 1 6 849
24 61 6 6 4977
24 62 9 1 7
24 63 3 3 19
25 0 7 5 3793
25 1 1 3 7
25 2 3 3 41
25 3 4 4 358
25 4 9 1 8
25 5 7 6 26912
25 6 8 2 38
25 7 10 6 29632
25 8 9 1 6
25 9 5 5 938
25 10 6 2 13
25 11 2 2 5
25 12 5 2 11
25 13 5 4 268
25 14 2 2 8
25 15 7 3 38
25 16 5 2 13
25 17 7 4 465
25 18 6 2 15
25 19 9 3 148
25 20 10 1 7
25 21 3 1 4
25 22 3 3 48
25 23 10 4 280
25 24 10 1 14
25 25 6 1 5
25 26 9 5 2402
25 27 4 4 275
25 28 4 4 106
25 29 5 2 10
25 30 9 3 91
25 31 6 3 97
25 32 7 3 139
25 33 3 4 175
25 34 6 4 228
25 35 6 1 6
25 36 2 4 135
25 37 2 3 14
25 38 1 5 167
25 39 6 3 36
25 40 10 3 136
25 41 4 2 8
25 42 7 2 24
25 43 3 5 758
25 44 9 3 52
25 45 4 1 4
25 46 5 3 76
25 47 6 5 1270
25 48 7 3 76
25 49 8 1 4
25 50 8 1 10
25 51 3 2 15
25 52 9 1 11
25 53 2 2 5
25 54 10 9 4728961
25 55 6 5 857
25 56 6 4 607
25 57 8 2 28
25 58 7 1 6
25 59 8 1 9
25 60 6 2 12
25 61 7 7 42674
25 62 10 1 4
25 63 8 5 2058
26 0 1 9 629434
26 1 3 2 15
26 2 4 6 3852
26 3 7 3 127
26 4 7 8 720888
26 5 7 1 5
26 6 5 3 33
26 7 8 4 735
26 8 7 4 600
26 9 7 1 9
26 10 4 3 46
26 11 7 1 6
26 12 7 2 25
26 13 9 2 26
26 14 1 4 64
26 15 1 3 11
26 16 5 1 4
26 17 2 5 1336
26 18 3 4 79
26 19 8 1 5
26 20 6 3 83
26 21 6 3 81
26 22 2 6 9795
26 23 2 4 64
26 24 2 5 1004
26 25 6 3 130
26 26 9 3 62
26 27 8 2 15
26 28 6 4 558
26 29 9 4 443
26 30 7 1 12
26 31 4 1 3
26 32 9 2 38
26 33 1 5 163
26 34 1 8 86259
26 35 5 5 1135
26 36 3 3 65
26 37 4 3 83
26 38 10 2 23
26 39 8 5 1691
26 40 7 1 8
26 41 8 1 4
26 42 2 3 17
26 43 6 4 163
26 44 1 5 224
26 45 3 3 36
26 46 3 1 5
26 47 5 2 11
26 48 9 1 14
26 49 7 2 28
26 50 2 2 9
26 51 8 1 4
26 52 2 3 20
26 53 10 4 450
26 54 6 1 5
26 55 1 3 9
26 56 10 1 4
26 57 7 6 13766
26 58 7 3 81
26 59 10 2 42
26 60 1 4 27
26 61 7 3 87
26 62 6 2 24
26 63 2 6 5561
27 0 4 5 653
27 1 4 6 5042
27 2 6 1 5
27 3 8 2 40
27 4 3 2 6
27 5 2 3 13
27 6 4 6 13559
27 7 4 4 138
27 8 2 5 281
27 9 6 4 199
27 10 8 1 13
27 11 3 5 532
27 12 10 1 8
27 13 8 2 29
27 14 3 5 515
27 15 7 3 52
27 16 3 3 18
27 17 7 2 28
27 18 5 2 16
27 19 3 4 158
27 20 5 3 48
27 21 9 5 1300
27 22 6 7 32599
27 23 7 3 87
27 24 5 2 10
27 25 1 5 574
27 26 5 4 131
27 27 6 1 4
27 28 4 1 7
27 29 8 2 18
27 30 6 2 16
27 31 5 3 71
27 32 4 5 620
27 33 8 2 22
27 34 5 3 83
27 35 2 4 175
27 36 3 5 398
27 37 6 4 397
27 38 1 6 3929
27 39 9 7 104283
27 40 9 1 8
27 41 8 1 8
27 42 8 5 4881
27 43 3 2 7
27 44 10 7 74675
27 45 8 4 179
27 46 3 5 1262
27 47 8 3 155
27 48 6 1 5
27 49 6 2 21
27 50 1 4 25
27 51 2 2 9
27 52 9 6 18777
27 53 7 1 4
27 54 8 1 5
27 55 4 4 110
27 56 4 1 7
27 57 10 5 1653
27 58 4 4 212
27 59 2 2 4
27 60 4 4 94
27 61 3 3 40
27 62 6 5 895
27 63 6 2 22
28 0 1 6 4352
28 1 9 3 72
28 2 3 2 6
28 3 8 1 4
28 4 4 1 6
28 5 4 1 5
28 6 7 5 1105
28 7 9 1 8
28 8 2 3 25
28 9 2 3 37
28 10 10 4 979
28 11 9 3 71
28 12 7 5 1119
28 13 7 3 143
28 14 4 1 6
28 15 1 6 3021
28 16 1 4 60
28 17 3 3 19
28 18 4 3 22
28 19 3 3 28
28 20 10 3 94
28 21 8 7 56799
28 22 2 2 6
28 23 5 2 25
28 24 6 2 16
28 25 4 2 16
28 26 2 4 105
28 27 9 1 11
28 28 7 4 155
28 29 2 3 34
28 30 8 4 202
28 31 3 2 8
28 32 8 1 5
28 33 6 2 11
28 34 7 1 4
28 35 4 3 34
28 36 2 4 182
28 37 1 9 527809
28 38 8 1 4
28 39 1 5 397
28 40 8 1 7
28 41 4 5 477
28 42 7 3 81
28 43 8 5 1932
28 44 5 4 383
28 45 4 3 22
28 46 1 4 97
28 47 3 4 69
28 48 5 1 4
28 49 5 1 4
28 50 5 2 15
28 51 8 3 47
28 52 5 3 38
28 53 8 3 60
28 54 7 1 10
28 55 9 3 167
28 56 7 6 7842
28 57 7 1 5
28 58 1 4 103
28 59 9 1 6
28 60 3 4 185
28 61 6 2 20
28 62 7 2 37
28 63 4 1 4
29 0 3 4 72
29 1 8 7 134521
29 2 1 4 69
29 3 9 4 330
29 4 6 4 261
29 5 7 3 49
29 6 9 1 7
29 7 2 7 49426
29 8 7 1 5
29 9 1 3 6
29 10 9 4 681
29 11 1 7 6920
29 12 6 4 310
29 13 5 2 21
29 14 8 3 109
29 15 10 3 157
29 16 9 4 472
29 17 9 3 89
29 18 1 4 49
29 19 1 5 442
29 20 6 2 13
29 21 5 4 177
29 22 10 2 19
29 23 3 2 11
29 24 9 4 857
29 25 10 1 6
29 26 8 3 107
29 27 7 3 123
29 28 6 5 820
29 29 7 2 13
29 30 10 2 29
29 31 1 5 223
29 32 7 5 919
29 33 5 2 14
29 34 6 4 227
29 35 5 4 164
29 36 2 3 11
29 37 6 3 53
29 38 10 1 15
29 39 4 3 23
29 40 1 3 12
29 41 10 1 9
29 42 1 6 909
29 43 1 4 44
29 44 9 3 109
29 45 4 2 9
29 46 1 10 9794709
29 47 9 2 29
29 48 8 1 7
29 49 8 1 14
29 50 9 4 222
29 51 4 3 87
29 52 9 2 18
29 53 4 2 8
29 54 6 1 6
29 55 3 4 71
29 56 1 3 13
29 57 1 2 4
29 58 8 2 19
29 59 7 6 11396
29 60 2 8 230239
29 61 5 2 16
29 62 4 4 101
29 63 2 4 188
30 0 6 3 120
30 1 2 5 965
30 2 2 6 2049
30 3 8 3 72
30 4 4 1 6
30 5 2 2 6
30 6 9 6 17643
30 7 5 4 120
30 8 1 5 256
30 9 9 2 16
30 10 4 1 5
30 11 9 1 7
30 12 3 3 20
30 13 5 2 9
30 14 1 4 29
30 15 3 3 24
30 16 9 4 346
30 17 8 2 29
30 18 7 3 78
30 19 7 1 5
30 20 6 7 53501
30 21 7 7 93620
30 22 3 2 7
30 23 7 2 25
30 24 9 4 216
30 25 6 2 16
30 26 8 2 19
30 27 3 9 4759447
30 28 2 3 16
30 29 10 2 34
30 30 7 1 7
30 31 7 1 10
30 32 1 5 210
30 33 7 2 24
30 34 7 3 43
30 35 8 2 37
30 36 10 2 40
30 37 7 1 7
30 38 10 2 40
30 39 10 1 9
30 40 6 5 824
30 41 3 2 8
30 42 7 7 186783
30 43 4 2 15
30 44 3 1 4
30 45 8 1 14
30 46 10 4 502
30 47 1 4 73
30 48 2 4 122
30 49 7 3 63
30 50 5 5 714
30 51 8 4 252
30 52 8 5 3484
30 53 6 3 121
30 54 1 4 23
30 55 10 3 56
30 56 5 3 39
30 57 4 3 76
30 58 2 3 38
30 59 3 2 12
30 60 3 3 55
30 61 7 2 27
30 62 8 2 29
30 63 7 3 38
31 0 2 4 73
31 1 5 4 448
31 2 8 1 10
31 3 5 4 441
31 4 7 3 119
31 5 4 2 12
31 6 1 4 51
31 7 1 6 2275
31 8 10 3 135
31 9 6 6 22297
31 10 9 1 7
31 11 8 1 9
31 12 2 4 86
31 13 3 4 133
31 14 5 4 304
31 15 1 8 47428
31 16 7 7 36927
31 17 6 5 1512
31 18 7 2 35
31 19 8 1 5
31 20 9 1 4
31 21 6 4 159
31 22 9 2 16
31 23 2 4 108
31 24 1 3 22
31 25 5 2 11
31 26 6 2 28
31 27 8 1 6
31 28 9 4 399
31 29 9 1 10
31 30 9 2 43
31 31 10 6 17489
31 32 3 3 23
31 33 7 1 5
31 34 7 4 199
31 35 5 6 3720
31 36 6 2 18
31 37 10 1 10
31 38 9 4 921
31 39 10 3 115
31 40 3 6 7093
31 41 7 7 41110
31 42 4 5 686
31 43 1 4 26
31 44 9 3 52
31 45 5 3 92
31 46 1 3 7
31 47 5 6 10590
31 48 2 3 17
31 49 6 3 71
31 50 2 2 4
31 51 3 2 14
31 52 3 3 27
31 53 3 4 176
31 54 8 1 6
31 55 5 5 602
31 56 3 4 104
31 57 8 2 22
31 58 9 3 107
31 59 10 2 45
31 60 1 3 12
31 61 7 1 11
31 62 7 4 194
31 63 7 4 381
32 0 4 2 12
32 1 9 2 16
32 2 2 2 5
32 3 10 3 74
32 4 10 3 54
32 5 7 3 58
32 6 5 5 810
32 7 9 3 63
32 8 3 3 26
32 9 9 3 63
32 10 3 3 60
32 11 10 3 133
32 12 10 4 521
32 13 6 2 20
32 14 9 5 1292
32 15 3 5 575
32 16 8 3 53
32 17 3 6 6979
32 18 2 5 1376
32 19 3 3 19
32 20 8 1 13
32 21 2 4 99
32 22 5 6 8745
32 23 4 2 9
32 24 7 2 26
32 25 1 3 16
32 26 1 2 4
32 27 2 4 119
32 28 7 4 237
32 29 8 1 8
32 30 2 4 106
32 31 6 2 22
32 32 3 7 105020
32 33 6 4 332
32 34 4 1 5
32 35 3 4 79
32 36 7 5 1608
32 37 8 1 5
32 38 5 4 174
32 39 1 2 4
32 40 1 3 11
32 41 6 4 318
32 42 7 1 11
32 43 5 3 105
32 44 7 2 18
32 45 4 4 169
32 46 7 1 7
32 47 9 4 387
32 48 5 2 11
32 49 7 3 44
32 50 10 2 26
32 51 1 3 12
32 52 7 1 9
32 53 5 4 114
32 54 2 4 80
32 55 8 3 55
32 56 7 5 3962
32 57 7 2 27
32 58 4 3 31
32 59 2 2 4
32 60 5 3 98
32 61 1 3 7
32 62 7 4 320
32 63 8 1 9
33 0 8 3 50
33 1 9 1 11
33 2 10 1 5
33 3 8 1 8
33 4 3 5 1942
33 5 6 1 10
33 6 10 4 242
33 7 3 4 132
33 8 4 3 49
33 9 10 5 3516
33 10 5 1 5
33 11 1 6 1510
33 12 3 3 16
33 13 9 6 19438
33 14 8 1 6
33 15 3 1 4
33 16 8 2 21
33 17 10 2 24
33 18 1 5 440
33 19 4 5 1506
33 20 3 3 31
33 21 9 8 2351860
33 22 4 2 10
33 23 2 2 8
33 24 9 2 44
33 25 7 4 713
33 26 3 4 98
33 27 5 3 47
33 28 1 3 22
33 29 7 5 1073
33 30 6 5 690
33 31 10 5 1625
33 32 3 3 53
33 33 3 4 78
33 34 10 6 14110
33 35 4 6 8082
33 36 8 4 189
33 37 5 1 4
33 38 8 4 407
33 39 9 4 778
33 40 8 2 42
33 41 1 7 9227
33 42 10 5 6795
33 43 8 2 26
33 44 7 3 66
33 45 10 1 14
33 46 5 2 25
33 47 9 3 147
33 48 4 4 130
33 49 8 1 12
33 50 9 1 4
33 51 4 1 4
33 52 10 4 346
33 53 8 4 435
33 54 2 3 29
33 55 10 2 24
33 56 9 1 6
33 57 6 4 198
33 58 6 3 73
33 59 6 2 24
33 60 3 8 202732
33 61 2 5 465
33 62 3 4 280
33 63 3 2 8
34 0 7 5 1178
34 1 9 2 29
34 2 3 4 322
34 3 5 1 4
34 4 3 6 5415
34 5 4 2 8
34 6 9 1 5
34 7 4 8 1139667
34 8 1 5 121
34 9 5 2 20
34 10 9 2 23
34 11 6 3 83
34 12 9 1 6
34 13 10 2 23
34 14 8 3 76
34 15 4 4 251
34 16 6 1 7
34 17 5 2 9
34 18 8 1 14
34 19 6 4 436
34 20 4 5 1321
34 21 10 1 16
34 22 1 5 181
34 23 3 7 26564
34 24 6 2 14
34 25 6 2 25
34 26 3 3 25
34 27 7 1 11
34 28 3 5 486
34 29 4 6 4161
34 30 8 1 4
34 31 4 4 175
34 32 3 2 9
34 33 9 1 10
34 34 4 2 17
34 35 10 2 20
34 36 9 1 8
34 37 1 5 536
34 38 10 2 42
34 39 8 1 6
34 40 2 2 4
34 41 3 3 22
34 42 9 1 6
34 43 2 3 35
34 44 7 1 10
34 45 7 1 7
34 46 7 3 62
34 47 7 2 30
34 48 8 4 177
34 49 7 2 20
34 50 5 4 222
34 51 10 3 127
34 52 5 3 35
34 53 1 3 6
34 54 4 3 46
34 55 3 2 9
34 56 8 4 768
34 57 9 1 5
34 58 6 1 6
34 59 2 3 17
34 60 7 3 53
34 61 7 4 553
34 62 5 2 15
34 63 9 2 18
35 0 3 2 6
35 1 2 3 27
35 2 3 2 7
35 3 8 8 589894
35 4 7 2 37
35 5 2 3 17
35 6 10 1 14
35 7 8 2 23
35 8 5 4 498
35 9 8 1 11
35 10 1 7 9820
35 11 7 3 121
35 12 5 1 8
35 13 5 1 5
35 14 10 3 188
35 15 10 3 89
35 16 8 1 5
35 17 5 4 349
35 18 4 2 8
35 19 9 4 210
35 20 3 5 736
35 21 5 3 61
35 22 10 4 489
35 23 5 1 7
35 24 7 3 108
35 25 4 4 167
35 26 1 4 35
35 27 7 3 56
35 28 3 3 55
35 29 4 2 19
35 30 8 1 4
35 31 2 3 11
35 32 1 4 25
35 33 1 6 782
35 34 3 4 167
35 35 5 1 4
35 36 2 3 20
35 37 10 2 19
35 38 3 2 11
35 39 2 3 29
35 40 4 5 645
35 41 7 3 49
35 42 6 1 10
35 43 9 4 248
35 44 8 4 559
35 45 5 2 11
35 46 4 2 18
35 47 1 3 9
35 48 1 3 10
35 49 9 6 11908
35 50 3 4 144
35 51 4 3 59
35 52 7 2 25
35 53 2 2 10
35 54 3 2 9
35 55 1 3 18
35 56 9 1 9
35 57 4 4 147
35 58 1 4 69
35 59 6 3 59
35 60 5 1 8
35 61 4 3 39
35 62 5 3 105
35 63 6 4 237
36 0 4 3 78
36 1 7 1 10
36 2 9 4 531
36 3 6 4 633
36 4 5 1 6
36 5 9 1 14
36 6 7 3 51
36 7 9 2 47
36 8 8 4 248
36 9 4 5 1501
36 10 4 1 4
36 11 1 7 5530
36 12 9 3 101
36 13 1 3 18
36 14 6 3 95
36 15 3 1 5
36 16 2 2 7
36 17 1 3 6
36 18 2 2 5
36 19 3 5 1095
36 20 2 3 30
36 21 10 1 16
36 22 3 7 69309
36 23 2 2 6
36 24 6 4 231
36 25 2 6 8587
36 26 4 3 35
36 27 3 5 370
36 28 6 5 1156
36 29 3 5 1217
36 30 3 3 62
36 31 10 5 2754
36 32 2 4 77
36 33 10 2 26
36 34 9 1 8
36 35 8 2 16
36 36 7 3 67
36 37 7 6 7490
36 38 3 3 21
36 39 10 1 13
36 40 7 2 35
36 41 1 5 260
36 42 1 4 25
36 43 8 2 26
36 44 1 3 20
36 45 9 2 47
36 46 5 3 51
36 47 3 2 7
36 48 7 5 4829
36 49 6 2 17
36 50 3 3 38
36 51 8 4 199
36 52 10 3 140
36 53 8 4 816
36 54 1 4 85
36 55 1 4 87
36 56 9 2 47
36 57 2 5 315
36 58 8 2 19
36 59 3 3 61
36 60 9 1 6
36 61 3 5 642
36 62 5 3 54
36 63 4 4 155
37 0 5 1 4
37 1 3 2 13
37 2 9 1 9
37 3 3 4 211
37 4 1 3 15
37 5 8 2 18
37 6 4 3 70
37 7 1 3 6
37 8 6 4 288
37 9 4 4 229
37 10 7 5 982
37 11 3 4 335
37 12 1 7 7018
37 13 8 3 74
37 14 7 3 109
37 15 4 5 1107
37 16 2 5 725
37 17 8 2 27
37 18 6 3 68
37 19 6 4 178
37 20 8 3 134
37 21 10 2 29
37 22 2 3 44
37 23 7 2 17
37 24 2 2 4
37 25 8 5 2778
37 26 6 3 35
37 27 7 4 266
37 28 3 4 286
37 29 9 1 6
37 30 7 2 15
37 31 9 4 445
37 32 8 1 8
37 33 8 4 529
37 34 10 2 53
37 35 6 1 4
37 36 3 2 7
37 37 2 7 10387
37 38 2 4 215
37 39 4 6 14451
37 40 10 2 41
37 41 4 5 646
37 42 4 4 116
37 43 4 3 25
37 44 3 3 22
37 45 5 3 58
37 46 6 3 113
37 47 3 5 366
37 48 1 5 251
37 49 5 8 569548
37 50 6 3 38
37 51 6 2 20
37 52 2 8 131484
37 53 10 4 301
37 54 4 1 5
37 55 8 2 31
37 56 3 3 29
37 57 7 4 352
37 58 2 5 473
37 59 7 2 21
37 60 3 3 34
37 61 6 3 84
37 62 8 2 28
37 63 4 3 62
38 0 5 3 28
38 1 2 3 18
38 2 5 3 45
38 3 8 1 11
38 4 10 3 104
38 5 9 1 5
38 6 9 2 38
38 7 6 3 55
38 8 7 2 36
38 9 3 4 79
38 10 5 4 541
38 11 10 6 20112
38 12 4 2 9
38 13 7 1 8
38 14 2 6 2792
38 15 6 2 14
38 16 4 4 277
38 17 5 9 2200756
38 18 10 2 24
38 19 7 6 10145
38 20 3 2 14
38 21 8 1 6
38 22 3 3 30
38 23 1 3 11
38 24 10 1 8
38 25 9 2 21
38 26 2 2 7
38 27 2 2 9
38 28 8 3 117
38 29 9 1 7
38 30 7 2 24
38 31 4 7 65739
38 32 5 3 36
38 33 6 2 11
38 34 6 3 68
38 35 10 3 188
38 36 3 3 31
38 37 4 5 855
38 38 5 3 63
38 39 4 1 6
38 40 3 5 355
38 41 8 1 6
38 42 3 3 46
38 43 6 3 84
38 44 10 1 12
38 45 8 1 8
38 46 2 4 127
38 47 10 2 43
38 48 9 4 300
38 49 7 3 63
38 50 7 1 7
38 51 8 4 189
38 52 8 3 121
38 53 5 3 45
38 54 10 3 215
38 55 6 3 45
38 56 2 3 12
38 57 1 5 158
38 58 1 4 63
38 59 8 1 6
38 60 3 3 17
38 61 8 2 36
38 62 10 1 10
38 63 9 1 8
39 0 10 6 14455
39 1 2 2 10
39 2 8 2 21
39 3 4 3 79
39 4 6 3 128
39 5 3 3 19
39 6 6 2 26
39 7 7 3 153
39 8 1 4 27
39 9 6 3 36
39 10 8 6 12878
39 11 3 2 10
39 12 9 3 77
39 13 3 2 7
39 14 9 4 279
39 15 6 4 538
39 16 10 3 158
39 17 7 2 18
39 18 2 2 5
39 19 1 4 72
39 20 4 3 33
39 21 3 3 48
39 22 4 3 61
39 23 1 4 66
39 24 6 2 18
39 25 5 5 1472
39 26 9 3 123
39 27 10 2 45
39 28 7 3 109
39 29 3 4 110
39 30 1 4 23
39 31 5 2 20
39 32 5 1 7
39 33 6 3 45
39 34 7 3 62
39 35 3 3 21
39 36 1 2 5
39 37 3 2 15
39 38 5 4 378
39 39 4 2 9
39 40 10 2 32
39 41 10 2 33
39 42 10 1 7
39 43 9 4 339
39 44 7 4 275
39 45 1 3 7
39 46 8 3 122
39 47 9 1 8
39 48 8 1 8
39 49 4 4 412
39 50 9 7 71922
39 51 9 3 106
39 52 8 4 189
39 53 4 1 7
39 54 9 1 10
39 55 9 3 95
39 56 6 4 150
39 57 1 4 90
39 58 2 5 288
39 59 6 3 46
39 60 4 4 169
39 61 9 10 486558323
39 62 2 2 9
39 63 1 3 14
40 0 8 2 38
40 1 7 5 2674
40 2 8 6 11522
40 3 5 2 9
40 4 7 7 40601
40 5 8 3 71
40 6 8 1 7
40 7 9 5 5638
40 8 8 3 130
40 9 1 3 15
40 10 7 6 8730
40 11 2 3 25
40 12 2 8 170536
40 13 2 3 37
40 14 6 2 19
40 15 9 4 659
40 16 2 2 4
40 17 2 3 27
40 18 3 6 11807
40 19 5 2 19
40 20 1 3 17
40 21 1 4 46
40 22 3 5 1178
40 23 10 1 17
40 24 8 1 12
40 25 7 4 235
40 26 1 3 12
40 27 6 4 499
40 28 4 3 23
40 29 4 5 490
40 30 6 4 374
40 31 10 4 444
40 32 2 2 5
40 33 7 4 299
40 34 8 1 5
40 35 8 2 23
40 36 3 5 392
40 37 9 4 468
40 38 10 1 9
40 39 10 4 528
40 40 10 3 86
40 41 8 5 1587
40 42 8 2 35
40 43 7 1 8
40 44 10 2 23
40 45 1 4 69
40 46 9 7 85619
40 47 4 1 4
40 48 6 2 16
40 49 1 4 47
40 50 3 3 46
40 51 2 3 23
40 52 2 3 32
40 53 6 2 12
40 54 2 3 23
40 55 7 2 16
40 56 5 1 4
40 57 1 3 17
40 58 5 1 8
40 59 7 3 43
40 60 8 3 136
40 61 4 2 15
40 62 7 1 12
40 63 1 5 204
41 0 6 6 5014
41 1 6 4 297
41 2 6 3 43
41 3 10 1 6
41 4 8 6 6539
41 5 1 3 16
41 6 10 1 17
41 7 2 4 80
41 8 8 2 34
41 9 4 3 34
41 10 6 1 4
41 11 4 5 532
41 12 4 3 27
41 13 10 4 1016
41 14 6 1 6
41 15 6 3 35
41 16 10 4 976
41 17 10 1 11
41 18 8 5 1626
41 19 10 2 45
41 20 6 4 195
41 21 5 5 589
41 22 7 4 631
41 23 2 3 28
41 24 6 1 6
41 25 8 2 16
41 26 10 6 26172
41 27 5 3 27
41 28 10 3 202
41 29 5 1 5
41 30 8 1 7
41 31 10 5 2186
41 32 9 2 18
41 33 10 5 3673
41 34 6 1 5
41 35 10 5 1938
41 36 10 3 171
41 37 10 2 19
41 38 2 5 789
41 39 6 8 348458
41 40 10 1 10
41 41 7 3 110
41 42 1 3 18
41 43 7 5 1351
41 44 10 2 43
41 45 8 1 8
41 46 4 5 1244
41 47 5 3 66
41 48 9 6 10319
41 49 2 2 10
41 50 6 2 22
41 51 1 7 11695
41 52 2 2 4
41 53 6 1 9
41 54 2 5 1107
41 55 4 4 129
41 56 7 1 5
41 57 7 4 360
41 58 6 1 4
41 59 7 2 15
41 60 3 3 37
41 61 2 3 23
41 62 2 4 128
41 63 3 2 13
42 0 3 4 108
42 1 2 2 8
42 2 5 3 44
42 3 2 7 38706
42 4 10 3 78
42 5 9 1 12
42 6 4 1 6
42 7 8 1 11
42 8 6 1 9
42 9 1 5 257
42 10 5 3 68
42 11 6 1 10
42 12 2 2 7
42 13 2 4 99
42 14 5 1 5
42 15 10 4 285
42 16 9 6 11328
42 17 1 3 8
42 18 7 3 54
42 19 10 4 303
42 20 6 2 11
42 21 10 7 269516
42 22 7 4 218
42 23 10 3 68
42 24 3 2 9
42 25 7 3 60
42 26 9 2 44
42 27 7 1 5
42 28 1 2 4
42 29 4 3 23
42 30 3 9 1219211
42 31 1 4 31
42 32 1 6 904
42 33 3 4 85
42 34 9 3 48
42 35 9 5 1165
42 36 2 5 645
42 37 1 6 1093
42 38 8 1 7
42 39 10 2 42
42 40 2 5 491
42 41 7 3 103
42 42 10 3 66
42 43 1 5 338
42 44 5 3 49
42 45 9 5 1947
42 46 3 3 30
42 47 1 4 97
42 48 5 4 446
42 49 2 4 99
42 50 3 5 1421
42 51 8 2 39
42 52 6 3 37
42 53 6 1 9
42 54 9 3 68
42 55 4 3 29
42 56 6 1 5
42 57 7 1 6
42 58 5 5 2899
42 59 2 4 49
42 60 8 1 5
42 61 5 5 631
42 62 4 1 6
42 63 5 6 4232
43 0 2 3 43
43 1 7 5 4681
43 2 8 5 1116
43 3 5 3 38
43 4 9 3 101
43 5 10 3 55
43 6 3 2 6
43 7 9 2 21
43 8 10 1 4
43 9 5 3 60
43 10 9 2 20
43 11 5 3 59
43 12 4 2 17
43 13 9 4 234
43 14 3 2 9
43 15 2 3 18
43 16 8 2 41
43 17 2 2 5
43 18 5 4 112
43 19 4 2 13
43 20 10 1 5
43 21 1 4 58
43 22 9 4 385
43 23 4 2 16
43 24 5 4 131
43 25 4 2 16
43 26 2 2 6
43 27 2 2 5
43 28 6 6 21448
43 29 3 4 86
43 30 7 3 42
43 31 1 3 6
43 32 4 4 226
43 33 7 5 1210
43 34 1 4 82
43 35 3 5 439
43 36 9 2 17
43 37 1 3 6
43 38 3 3 32
43 39 2 3 16
43 40 2 2 6
43 41 8 1 8
43 42 9 3 83
43 43 4 1 7
43 44 5 2 21
43 45 4 5 518
43 46 7 2 31
43 47 4 3 38
43 48 6 4 242
43 49 7 1 4
43 50 10 2 33
43 51 8 4 197
43 52 8 3 83
43 53 7 1 12
43 54 4 1 5
43 55 4 2 11
43 56 3 5 588
43 57 3 2 8
43 58 6 2 11
43 59 1 5 460
43 60 9 2 27
43 61 10 1 9
43 62 9 5 2150
43 63 2 4 71
44 0 1 3 10
44 1 10 4 277
44 2 3 7 24886
44 3 6 5 4014
44 4 7 2 19
44 5 3 2 13
44 6 3 1 4
44 7 4 3 49
44 8 1 3 7
44 9 6 3 72
44 10 5 1 7
44 11 4 3 38
44 12 4 6 3854
44 13 7 1 9
44 14 6 1 7
44 15 9 1 15
44 16 1 3 7
44 17 10 8 680252
44 18 4 3 39
44 19 9 1 6
44 20 5 6 5709
44 21 1 3 8
44 22 9 1 8
44 23 4 3 55
44 24 3 2 8
44 25 5 1 5
44 26 4 7 60776
44 27 10 4 363
44 28 10 4 889
44 29 4 5 1084
44 30 3 5 357
44 31 9 3 87
44 32 8 3 97
44 33 3 5 446
44 34 1 4 65
44 35 5 3 60
44 36 10 1 7
44 37 5 3 89
44 38 10 4 262
44 39 10 1 6
44 40 5 2 9
44 41 5 1 5
44 42 2 3 27
44 43 1 6 1041
44 44 2 5 550
44 45 5 3 41
44 46 8 2 16
44 47 9 4 690
44 48 6 2 19
44 49 3 4 257
44 50 2 3 21
44 51 4 3 26
44 52 5 3 71
44 53 4 4 132
44 54 7 1 10
44 55 3 3 19
44 56 2 2 8
44 57 10 1 6
44 58 6 1 4
44 59 1 4 90
44 60 7 1 6
44 61 10 1 4
44 62 3 2 7
44 63 5 1 4
45 0 1 3 18
45 1 3 1 4
45 2 10 1 7
45 3 6 3 58
45 4 6 5 1200
45 5 3 3 19
45 6 8 3 50
45 7 9 2 44
45 8 6 4 267
45 9 4 2 9
45 10 1 4 34
45 11 3 4 301
45 12 8 2 21
45 13 10 1 5
45 14 6 1 6
45 15 4 1 4
45 16 4 6 11756
45 17 7 3 41
45 18 6 2 25
45 19 8 3 48
45 20 8 2 38
45 21 5 5 1085
45 22 8 6 15226
45 23 4 4 101
45 24 1 4 72
45 25 9 6 10694
45 26 2 2 7
45 27 5 5 1077
45 28 10 3 75
45 29 10 3 57
45 30 10 5 1887
45 31 9 3 74
45 32 8 4 251
45 33 8 1 4
45 34 8 1 4
45 35 3 2 7
45 36 2 6 1654
45 37 1 5 616
45 38 4 3 46
45 39 1 3 7
45 40 10 2 28
45 41 1 3 13
45 42 9 5 2568
45 43 8 4 383
45 44 6 3 88
45 45 5 1 4
45 46 9 4 754
45 47 1 5 464
45 48 6 1 5
45 49 10 3 177
45 50 1 3 19
45 51 4 5 942
45 52 6 4 256
45 53 10 4 423
45 54 8 2 40
45 55 6 3 55
45 56 3 2 8
45 57 8 3 153
45 58 5 3 28
45 59 10 1 9
45 60 1 4 24
45 61 2 2 6
45 62 10 3 81
45 63 2 5 1188
46 0 7 2 19
46 1 1 3 7
46 2 9 2 18
46 3 9 2 21
46 4 9 2 46
46 5 8 4 277
46 6 6 1 8
46 7 5 3 91
46 8 5 3 55
46 9 1 8 96529
46 10 2 3 23
46 11 7 2 19
46 12 1 6 981
46 13 6 2 25
46 14 5 1 4
46 15 3 3 47
46 16 5 4 121
46 17 1 4 112
46 18 6 1 10
46 19 4 1 6
46 20 2 5 441
46 21 5 4 232
46 22 6 3 39
46 23 3 5 727
46 24 9 1 7
46 25 1 3 6
46 26 6 3 113
46 27 8 5 938
46 28 7 2 27
46 29 5 3 95
46 30 6 6 24340
46 31 6 2 24
46 32 6 3 33
46 33 4 3 39
46 34 4 3 24
46 35 4 3 80
46 36 6 4 144
46 37 6 4 149
46 38 3 4 128
46 39 4 1 7
46 40 10 3 126
46 41 1 3 10
46 42 10 7 103653
46 43 7 1 11
46 44 3 3 36
46 45 7 2 32
46 46 7 1 4
46 47 4 6 4137
46 48 9 5 5821
46 49 4 9 13343530
46 50 4 4 118
46 51 3 5 549
46 52 4 4 301
46 53 4 3 30
46 54 5 4 293
46 55 10 3 122
46 56 3 2 11
46 57 6 6 4193
46 58 8 2 20
46 59 10 2 18
46 60 8 2 15
46 61 3 4 273
46 62 6 3 57
46 63 4 4 169
47 0 3 3 29
47 1 9 4 764
47 2 10 3 115
47 3 7 6 12959
47 4 2 2 10
47 5 2 2 4
47 6 5 10 523406223
47 7 7 4 666
47 8 8 4 258
47 9 1 2 5
47 10 10 1 4
47 11 6 5 2042
47 12 8 3 78
47 13 8 1 7
47 14 8 3 45
47 15 10 2 18
47 16 7 5 1061
47 17 2 4 85
47 18 3 9 1584145
47 19 7 3 53
47 20 1 4 34
47 21 8 6 24814
47 22 1 4 57
47 23 2 3 23
47 24 2 2 6
47 25 4 6 5988
47 26 2 3 28
47 27 3 3 27
47 28 4 6 15785
47 29 7 1 11
47 30 9 6 9559
47 31 10 1 6
47 32 1 5 150
47 33 7 5 1233
47 34 8 1 5
47 35 2 2 4
47 36 7 5 3816
47 37 6 3 63
47 38 8 3 124
47 39 8 3 61
47 40 1 5 172
47 41 2 3 41
47 42 8 2 34
47 43 8 6 6869
47 44 8 3 144
47 45 9 4 907
47 46 8 1 6
47 47 8 7 86001
47 48 9 3 152
47 49 10 1 9
47 50 3 5 360
47 51 2 2 4
47 52 3 3 23
47 53 8 2 21
47 54 1 2 4
47 55 7 1 4
47 56 6 2 16
47 57 7 5 3379
47 58 8 1 4
47 59 3 4 182
47 60 4 4 105
47 61 7 3 91
47 62 7 3 84
47 63 7 7 44776
48 0 9 3 193
48 1 3 6 6930
48 2 10 3 84
48 3 7 2 31
48 4 10 5 1512
48 5 10 1 12
48 6 3 1 5
48 7 6 3 97
48 8 3 3 31
48 9 10 4 301
48 10 2 2 10
48 11 8 1 14
48 12 2 2 4
48 13 10 1 8
48 14 1 4 100
48 15 1 3 15
48 16 7 1 7
48 17 6 4 285
48 18 10 1 6
48 19 6 3 46
48 20 9 3 163
48 21 5 3 84
48 22 4 3 50
48 23 1 6 2152
48 24 2 3 19
48 25 9 3 141
48 26 4 3 73
48 27 10 1 4
48 28 2 4 91
48 29 5 5 1915
48 30 7 6 5702
48 31 8 3 53
48 32 9 5 1106
48 33 10 2 22
48 34 1 4 69
48 35 5 5 2043
48 36 10 1 4
48 37 9 2 18
48 38 10 3 195
48 39 1 6 695
48 40 6 1 4
48 41 4 1 7
48 42 7 2 35
48 43 7 2 27
48 44 9 1 4
48 45 1 9 1295293
48 46 1 3 7
48 47 1 3 15
48 48 4 4 122
48 49 10 1 11
48 50 9 6 19039
48 51 10 1 9
48 52 6 4 651
48 53 1 3 7
48 54 1 3 9
48 55 4 5 818
48 56 6 3 47
48 57 7 3 38
48 58 4 3 47
48 59 6 4 383
48 60 5 4 172
48 61 10 4 647
48 62 10 4 1000
48 63 10 1 8
49 0 8 5 915
49 1 1 2 4
49 2 4 5 1338
49 3 9 1 8
49 4 7 1 4
49 5 1 5 648
49 6 10 1 6
49 7 8 1 7
49 8 5 3 32
49 9 3 4 148
49 10 3 5 437
49 11 6 4 181
49 12 4 2 9
49 13 4 4 120
49 14 3 4 273
49 15 8 4 260
49 16 1 3 9
49 17 3 6 5323
49 18 9 2 17
49 19 10 2 36
49 20 7 1 7
49 21 10 3 153
49 22 6 2 14
49 23 10 2 39
49 24 5 1 6
49 25 9 4 638
49 26 6 5 1670
49 27 4 4 218
49 28 4 3 22
49 29 5 1 5
49 30 2 2 8
49 31 5 4 214
49 32 7 6 27170
49 33 6 3 100
49 34 6 1 9
49 35 9 4 492
49 36 4 3 37
49 37 10 2 18
49 38 7 4 363
49 39 1 4 34
49 40 3 6 9257
49 41 9 6 23661
49 42 9 4 573
49 43 7 1 7
49 44 10 6 8009
49 45 8 2 34
49 46 6 3 37
49 47 4 2 17
49 48 6 4 496
49 49 10 4 286
49 50 9 4 378
49 51 8 2 15
49 52 9 1 9
49 53 1 5 250
49 54 2 4 167
49 55 3 3 26
49 56 7 4 760
49 57 2 2 7
49 58 1 4 87
49 59 3 4 321
49 60 3 1 4
49 61 5 3 44
49 62 9 1 12
49 63 6 1 5
50 0 2 3 12
50 1 1 6 1524
50 2 7 1 5
50 3 2 2 5
50 4 1 3 10
50 5 10 4 446
50 6 8 6 13813
50 7 10 3 114
50 8 8 3 100
50 9 2 2 9
50 10 2 4 129
50 11 2 6 8618
50 12 6 4 155
50 13 7 5 2023
50 14 9 2 47
50 15 2 3 13
50 16 2 3 19
50 17 6 2 31
50 18 8 5 923
50 19 2 3 31
50 20 2 4 136
50 21 5 5 784
50 22 7 6 18420
50 23 6 4 386
50 24 1 5 527
50 25 8 5 2845
50 26 3 3 59
50 27 1 4 39
50 28 7 3 39
50 29 6 1 4
50 30 5 5 751
50 31 9 1 10
50 32 8 3 72
50 33 7 4 763
50 34 1 3 14
50 35 1 2 5
50 36 8 4 688
50 37 5 3 51
50 38 9 6 7037
50 39 5 6 9230
50 40 6 4 345
50 41 1 4 23
50 42 5 2 26
50 43 6 2 18
50 44 8 3 53
50 45 6 3 32
50 46 6 1 8
50 47 3 3 18
50 48 4 3 29
50 49 1 2 4
50 50 7 1 9
50 51 2 2 9
50 52 9 1 6
50 53 1 5 267
50 54 2 2 4
50 55 2 6 1860
50 56 2 3 13
50 57 2 3 14
50 58 6 4 165
50 59 6 3 35
50 60 1 3 12
50 61 5 2 12
50 62 3 4 83
50 63 5 4 111
51 0 6 3 75
51 1 8 1 9
51 2 3 2 6
51 3 9 3 57
51 4 8 3 108
51 5 8 3 124
51 6 4 2 11
51 7 6 3 43
51 8 7 1 4
51 9 6 4 142
51 10 3 6 10477
51 11 4 4 210
51 12 3 4 239
51 13 3 3 22
51 14 8 3 155
51 15 8 2 19
51 16 6 4 291
51 17 3 6 7209
51 18 2 3 36
51 19 1 4 49
51 20 9 4 225
51 21 1 4 60
51 22 5 3 49
51 23 5 2 11
51 24 10 2 25
51 25 3 1 5
51 26 4 3 34
51 27 2 4 219
51 28 3 4 276
51 29 9 4 219
51 30 5 10 39646817
51 31 4 5 540
51 32 3 4 145
51 33 9 3 156
51 34 8 1 7
51 35 8 3 126
51 36 2 4 66
51 37 6 3 33
51 38 4 4 405
51 39 6 5 757
51 40 3 5 696
51 41 3 6 8314
51 42 9 3 100
51 43 9 1 5
51 44 3 2 9
51 45 4 4 169
51 46 5 2 9
51 47 6 3 41
51 48 4 4 116
51 49 3 6 12059
51 50 6 4 249
51 51 9 1 5
51 52 4 5 1087
51 53 10 5 1588
51 54 6 1 8
51 55 3 3 60
51 56 3 3 29
51 57 2 3 40
51 58 5 5 3109
51 59 10 1 4
51 60 5 1 4
51 61 2 7 11901
51 62 6 2 11
51 63 10 1 11
52 0 3 4 188
52 1 5 6 12595
52 2 2 3 15
52 3 1 4 72
52 4 2 2 7
52 5 8 2 20
52 6 2 3 12
52 7 2 2 6
52 8 7 3 85
52 9 3 8 190480
52 10 8 2 17
52 11 10 4 313
52 12 8 8 1878646
52 13 2 4 112
52 14 3 1 4
52 15 6 4 431
52 16 2 3 15
52 17 6 4 141
52 18 1 3 13
52 19 4 3 29
52 20 7 3 116
52 21 9 5 1930
52 22 5 3 36
52 23 6 1 7
52 24 9 3 96
52 25 2 6 6201
52 26 7 3 77
52 27 5 2 19
52 28 9 3 153
52 29 1 5 317
52 30 9 2 19
52 31 8 2 26
52 32 6 5 758
52 33 3 2 7
52 34 7 1 5
52 35 6 4 169
52 36 5 2 13
52 37 6 4 347
52 38 7 3 86
52 39 9 3 166
52 40 5 3 39
52 41 5 8 1131274
52 42 6 2 19
52 43 10 2 36
52 44 6 2 13
52 45 10 2 18
52 46 2 4 149
52 47 2 3 28
52 48 7 1 5
52 49 3 2 6
52 50 1 4 35
52 51 5 5 893
52 52 7 5 1777
52 53 1 4 43
52 54 9 4 354
52 55 5 2 26
52 56 8 2 36
52 57 9 2 20
52 58 2 3 26
52 59 8 3 46
52 60 7 2 21
52 61 5 6 3532
52 62 6 1 7
52 63 2 3 42
53 0 9 2 46
53 1 1 3 10
53 2 10 1 5
53 3 2 2 8
53 4 10 3 79
53 5 6 6 8966
53 6 8 3 77
53 7 10 2 40
53 8 6 2 30
53 9 8 4 533
53 10 7 7 90571
53 11 6 2 18
53 12 3 4 113
53 13 10 5 3183
53 14 2 5 1298
53 15 3 3 54
53 16 6 2 27
53 17 5 2 14
53 18 4 4 133
53 19 6 1 5
53 20 7 1 8
53 21 9 3 106
53 22 4 5 1906
53 23 4 3 30
53 24 10 6 28537
53 25 10 3 125
53 26 8 5 1291
53 27 6 1 4
53 28 8 6 6371
53 29 8 4 412
53 30 5 2 18
53 31 1 3 6
53 32 9 4 917
53 33 8 1 4
53 34 8 2 18
53 35 5 4 517
53 36 1 5 657
53 37 9 1 7
53 38 9 3 79
53 39 4 1 6
53 40 3 1 4
53 41 8 2 20
53 42 8 2 17
53 43 7 5 2931
53 44 6 3 46
53 45 5 3 50
53 46 8 4 341
53 47 6 3 104
53 48 3 3 19
53 49 2 2 8
53 50 3 4 154
53 51 4 3 70
53 52 10 4 926
53 53 9 3 144
53 54 2 5 1054
53 55 9 3 78
53 56 6 2 18
53 57 8 1 14
53 58 6 3 39
53 59 8 1 9
53 60 2 2 4
53 61 3 8 722365
53 62 7 1 6
53 63 4 1 5
54 0 3 2 15
54 1 7 1 11
54 2 8 3 116
54 3 7 1 6
54 4 8 1 9
54 5 5 6 12091
54 6 5 4 192
54 7 1 5 369
54 8 10 3 163
54 9 3 2 11
54 10 4 2 14
54 11 1 5 486
54 12 5 3 73
54 13 8 1 4
54 14 9 1 6
54 15 7 4 413
54 16 2 6 1936
54 17 4 3 32
54 18 10 2 43
54 19 5 1 4
54 20 1 5 329
54 21 6 1 4
54 22 9 2 34
54 23 2 3 15
54 24 1 4 34
54 25 3 9 7252527
54 26 7 1 4
54 27 3 1 5
54 28 6 1 9
54 29 6 2 17
54 30 2 4 161
54 31 10 2 18
54 32 6 5 1311
54 33 10 3 189
54 34 3 5 375
54 35 9 4 512
54 36 3 4 126
54 37 5 2 9
54 38 8 1 6
54 39 9 6 13625
54 40 3 3 58
54 41 2 2 6
54 42 1 3 13
54 43 1 2 4
54 44 8 3 63
54 45 10 3 56
54 46 2 4 165
54 47 2 4 51
54 48 9 3 66
54 49 9 3 98
54 50 8 3 93
54 51 7 3 139
54 52 3 1 4
54 53 10 4 821
54 54 1 5 122
54 55 5 4 497
54 56 6 1 4
54 57 4 3 46
54 58 9 3 129
54 59 8 4 222
54 60 2 3 30
54 61 5 1 4
54 62 5 2 25
54 63 8 4 202
55 0 8 3 55
55 1 3 2 11
55 2 8 2 19
55 3 3 2 10
55 4 2 3 15
55 5 6 2 17
55 6 2 5 466
55 7 10 1 10
55 8 1 3 15
55 9 3 4 105
55 10 4 1 5
55 11 9 3 172
55 12 10 3 82
55 13 6 3 50
55 14 7 5 4015
55 15 2 2 4
55 16 7 3 45
55 17 1 5 350
55 18 8 4 318
55 19 1 3 13
55 20 4 2 16
55 21 2 4 59
55 22 2 4 47
55 23 6 4 265
55 24 7 5 2282
55 25 1 4 33
55 26 7 2 36
55 27 2 3 23
55 28 10 6 7474
55 29 1 4 28
55 30 7 5 3920
55 31 9 1 8
55 32 5 3 106
55 33 2 4 119
55 34 8 4 402
55 35 7 1 12
55 36 3 3 34
55 37 1 4 67
55 38 9 1 4
55 39 2 4 49
55 40 2 3 25
55 41 1 3 10
55 42 3 4 72
55 43 8 3 157
55 44 5 1 8
55 45 6 3 48
55 46 4 9 1722740
55 47 3 3 22
55 48 1 3 8
55 49 7 4 198
55 50 4 5 474
55 51 2 3 15
55 52 8 3 58
55 53 3 2 7
55 54 4 5 970
55 55 3 1 4
55 56 2 4 222
55 57 2 6 3609
55 58 3 5 737
55 59 3 4 101
55 60 5 3 64
55 61 9 1 5
55 62 10 5 3378
55 63 5 3 34
56 0 10 4 424
56 1 10 1 9
56 2 3 3 17
56 3 3 3 17
56 4 8 1 6
56 5 5 3 93
56 6 8 1 6
56 7 4 4 229
56 8 3 4 121
56 9 3 4 92
56 10 7 5 868
56 11 10 9 10776184
56 12 2 3 14
56 13 5 4 150
56 14 10 1 4
56 15 8 4 480
56 16 8 2 27
56 17 9 3 83
56 18 7 3 39
56 19 9 1 5
56 20 1 3 20
56 21 2 4 200
56 22 1 5 136
56 23 5 8 201264
56 24 5 5 1065
56 25 1 3 19
56 26 10 1 5
56 27 10 2 18
56 28 10 5 2909
56 29 6 1 7
56 30 1 5 243
56 31 9 3 85
56 32 4 5 837
56 33 7 2 26
56 34 6 5 1213
56 35 9 3 68
56 36 7 4 158
56 37 10 2 38
56 38 9 1 5
56 39 2 3 13
56 40 4 3 43
56 41 6 1 10
56 42 10 5 1208
56 43 4 3 65
56 44 9 4 432
56 45 5 1 6
56 46 9 1 9
56 47 10 1 9
56 48 6 2 13
56 49 8 3 154
56 50 10 3 90
56 51 2 3 27
56 52 7 3 99
56 53 9 2 35
56 54 10 1 6
56 55 8 3 103
56 56 5 2 11
56 57 9 1 6
56 58 8 2 23
56 59 9 3 93
56 60 10 1 11
56 61 2 4 45
56 62 4 1 7
56 63 8 2 16
57 0 2 4 57
57 1 6 1 7
57 2 10 5 3674
57 3 10 1 7
57 4 3 6 2094
57 5 4 6 19023
57 6 9 6 6542
57 7 10 1 6
57 8 4 3 33
57 9 6 1 8
57 10 1 2 4
57 11 2 2 7
57 12 1 2 4
57 13 7 1 5
57 14 6 5 3237
57 15 2 3 35
57 16 3 3 50
57 17 4 5 1724
57 18 4 2 13
57 19 10 1 10
57 20 8 2 21
57 21 10 1 14
57 22 8 1 9
57 23 3 5 1204
57 24 3 2 9
57 25 9 5 3183
57 26 7 4 580
57 27 1 3 12
57 28 9 1 4
57 29 5 4 351
57 30 5 3 77
57 31 1 4 57
57 32 5 6 21031
57 33 7 3 43
57 34 4 4 114
57 35 6 4 330
57 36 8 1 9
57 37 2 3 25
57 38 5 3 102
57 39 5 6 24392
57 40 6 3 33
57 41 8 1 4
57 42 6 3 33
57 43 10 4 488
57 44 10 4 355
57 45 6 4 322
57 46 2 7 17240
57 47 8 2 22
57 48 4 4 93
57 49 5 4 261
57 50 4 5 2479
57 51 6 2 15
57 52 3 3 27
57 53 4 2 14
57 54 9 1 12
57 55 1 4 25
57 56 3 3 17
57 57 3 2 9
57 58 7 3 71
57 59 3 3 20
57 60 7 4 389
57 61 9 1 11
57 62 5 5 869
57 63 9 4 415
58 0 3 3 26
58 1 4 4 125
58 2 7 2 24
58 3 1 3 9
58 4 5 2 25
58 5 8 1 10
58 6 6 6 18693
58 7 6 6 9604
58 8 8 1 11
58 9 10 4 341
58 10 1 7 24859
58 11 10 2 37
58 12 5 4 145
58 13 3 2 6
58 14 8 1 8
58 15 4 3 57
58 16 9 1 4
58 17 5 8 1253422
58 18 4 4 224
58 19 5 2 9
58 20 9 1 4
58 21 7 3 55
58 22 4 4 90
58 23 8 4 355
58 24 8 1 7
58 25 6 4 135
58 26 1 5 627
58 27 1 3 16
58 28 7 1 5
58 29 1 7 8628
58 30 8 4 658
58 31 4 1 4
58 32 8 1 4
58 33 4 4 252
58 34 9 2 43
58 35 2 3 36
58 36 10 2 50
58 37 8 2 28
58 38 5 4 393
58 39 9 4 206
58 40 6 3 41
58 41 9 3 83
58 42 9 7 101249
58 43 2 5 1295
58 44 1 6 4158
58 45 3 5 759
58 46 10 4 338
58 47 10 2 43
58 48 4 6 11654
58 49 9 2 32
58 50 4 7 79473
58 51 10 4 657
58 52 7 4 407
58 53 9 2 46
58 54 2 4 123
58 55 9 4 767
58 56 7 4 184
58 57 8 4 187
58 58 5 1 5
58 59 2 2 6
58 60 5 4 213
58 61 7 8 488109
58 62 2 3 17
58 63 3 2 10
59 0 4 2 11
59 1 1 2 4
59 2 4 4 388
59 3 7 3 57
59 4 3 3 26
59 5 1 3 10
59 6 3 5 920
59 7 5 3 41
59 8 3 8 514928
59 9 3 4 84
59 10 9 2 28
59 11 5 2 9
59 12 5 1 7
59 13 1 4 23
59 14 8 3 103
59 15 5 4 114
59 16 6 4 248
59 17 3 3 39
59 18 8 2 31
59 19 8 6 6487
59 20 7 6 20265
59 21 4 3 81
59 22 1 9 652685
59 23 10 1 4
59 24 2 6 5367
59 25 7 3 96
59 26 5 1 5
59 27 7 4 265
59 28 5 5 3144
59 29 1 4 42
59 30 3 4 295
59 31 5 3 36
59 32 2 7 64624
59 33 7 3 49
59 34 10 3 208
59 35 4 1 7
59 36 2 4 74
59 37 2 5 392
59 38 1 3 15
59 39 10 4 813
59 40 7 3 78
59 41 4 3 43
59 42 2 3 28
59 43 10 2 18
59 44 2 4 115
59 45 7 7 181012
59 46 3 3 59
59 47 9 2 16
59 48 7 1 6
59 49 2 6 1641
59 50 7 4 398
59 51 2 4 95
59 52 5 3 36
59 53 3 4 203
59 54 2 3 28
59 55 3 2 12
59 56 2 2 10
59 57 5 1 8
59 58 7 3 77
59 59 4 1 4
59 60 4 6 6780
59 61 9 1 7
59 62 8 6 6931
59 63 8 5 3886
60 0 4 4 441
60 1 1 2 4
60 2 8 6 23989
60 3 3 5 1019
60 4 3 2 7
60 5 7 1 8
60 6 1 6 3298
60 7 4 5 1322
60 8 5 2 21
60 9 2 3 14
60 10 7 4 541
60 11 10 2 39
60 12 1 4 52
60 13 4 5 2649
60 14 4 4 110
60 15 8 4 349
60 16 2 3 30
60 17 3 7 115474
60 18 6 2 21
60 19 9 3 67
60 20 2 2 5
60 21 8 2 16
60 22 1 6 810
60 23 5 3 34
60 24 1 2 4
60 25 3 6 2134
60 26 1 5 160
60 27 2 4 83
60 28 5 6 9892
60 29 9 3 158
60 30 6 4 297
60 31 6 4 188
60 32 9 4 443
60 33 3 1 4
60 34 3 3 25
60 35 3 4 92
60 36 2 4 63
60 37 4 1 5
60 38 9 1 4
60 39 9 3 72
60 40 10 1 8
60 41 6 5 1238
60 42 2 8 215051
60 43 1 2 4
60 44 2 3 11
60 45 4 1 6
60 46 10 3 116
60 47 8 5 1711
60 48 10 4 598
60 49 3 7 15570
60 50 5 1 6
60 51 8 6 11433
60 52 8 5 1330
60 53 5 4 305
60 54 2 2 4
60 55 1 6 1099
60 56 1 4 54
60 57 7 1 9
60 58 5 1 4
60 59 2 3 12
60 60 2 2 6
60 61 8 5 1084
60 62 2 5 233
60 63 4 4 112
61 0 5 2 17
61 1 8 1 4
61 2 5 4 519
61 3 2 5 936
61 4 1 10 16890470
61 5 10 1 5
61 6 3 3 63
61 7 5 3 98
61 8 1 3 8
61 9 3 2 11
61 10 3 2 13
61 11 9 2 34
61 12 7 4 211
61 13 1 5 225
61 14 8 1 6
61 15 8 1 7
61 16 6 1 6
61 17 1 5 161
61 18 9 5 2075
61 19 2 4 132
61 20 2 8 81876
61 21 8 4 279
61 22 5 6 8490
61 23 5 4 152
61 24 1 5 522
61 25 6 3 66
61 26 1 2 5
61 27 5 3 37
61 28 2 4 148
61 29 7 3 51
61 30 9 3 67
61 31 5 7 83290
61 32 7 1 5
61 33 9 4 449
61 34 1 4 55
61 35 10 1 4
61 36 9 1 7
61 37 5 2 20
61 38 8 2 28
61 39 2 7 61458
61 40 10 3 101
61 41 6 3 46
61 42 10 5 1351
61 43 3 3 23
61 44 3 4 101
61 45 10 1 10
61 46 9 2 24
61 47 2 3 30
61 48 6 4 307
61 49 8 2 19
61 50 10 4 641
61 51 4 1 7
61 52 4 1 6
61 53 8 1 4
61 54 6 4 257
61 55 8 6 8015
61 56 5 5 2438
61 57 9 1 7
61 58 2 4 104
61 59 2 2 7
61 60 5 6 20074
61 61 6 4 179
61 62 9 1 10
61 63 3 2 14
62 0 6 1 8
62 1 5 1 5
62 2 3 3 26
62 3 4 7 136679
62 4 5 3 43
62 5 8 6 18572
62 6 10 4 579
62 7 5 4 398
62 8 10 4 318
62 9 9 1 7
62 10 7 1 8
62 11 6 1 4
62 12 1 6 2011
62 13 2 2 5
62 14 3 2 6
62 15 4 4 195
62 16 5 2 10
62 17 8 1 5
62 18 8 5 1859
62 19 4 3 31
62 20 9 2 17
62 21 9 3 85
62 22 1 7 11488
62 23 1 6 2288
62 24 6 4 284
62 25 3 3 22
62 26 9 5 2177
62 27 8 2 17
62 28 8 4 244
62 29 9 3 51
62 30 1 2 4
62 31 7 3 44
62 32 6 3 80
62 33 2 2 6
62 34 4 1 5
62 35 4 4 434
62 36 7 4 210
62 37 3 3 40
62 38 1 3 16
62 39 8 2 36
62 40 6 1 10
62 41 9 1 12
62 42 9 2 42
62 43 4 2 11
62 44 7 1 11
62 45 7 1 8
62 46 2 3 29
62 47 5 3 83
62 48 8 1 5
62 49 6 4 219
62 50 3 1 4
62 51 8 3 122
62 52 1 4 81
62 53 3 4 165
62 54 10 4 259
62 55 10 1 15
62 56 10 1 14
62 57 10 2 23
62 58 9 3 66
62 59 1 7 6666
62 60 10 3 176
62 61 9 3 61
62 62 8 3 148
62 63 6 1 10
63 0 5 2 19
63 1 4 1 4
63 2 2 2 9
63 3 5 6 7533
63 4 2 5 1056
63 5 9 5 2073
63 6 4 4 123
63 7 1 4 47
63 8 2 6 6210
63 9 1 3 7
63 10 5 2 10
63 11 2 4 166
63 12 5 5 3101
63 13 9 4 632
63 14 9 4 253
63 15 6 1 6
63 16 7 2 15
63 17 2 5 243
63 18 8 4 894
63 19 9 3 77
63 20 2 5 507
63 21 1 8 47692
63 22 1 4 31
63 23 1 4 27
63 24 4 1 7
63 25 10 2 18
63 26 7 4 175
63 27 3 3 50
63 28 9 5 1109
63 29 10 6 11000
63 30 5 3 86
63 31 9 3 65
63 32 10 4 314
63 33 3 1 5
63 34 3 4 129
63 35 9 3 97
63 36 2 4 152
63 37 10 1 9
63 38 8 5 3701
63 39 10 4 478
63 40 2 5 465
63 41 6 2 20
63 42 6 5 899
63 43 3 3 26
63 44 5 10 177960322
63 45 9 1 5
63 46 7 3 59
63 47 9 5 1791
63 48 9 1 4
63 49 1 6 2096
63 50 1 4 23
63 51 7 4 299
63 52 6 4 195
63 53 5 1 4
63 54 3 1 5
63 55 1 7 9886
63 56 8 1 8
63 57 10 8 548671
63 58 1 3 15
63 59 10 3 57
63 60 5 2 21
63 61 8 2 36
63 62 5 1 7
63 63 3 3 31
