1197 3.0633495740062244e-11 
3159 1.686942252554502e-10 
9137 4.948494531473342e-07 
7899 5.30744143079076e-10 
7657 5.501947369923599e-10 
2246 1.2045621583522959e-09 
3063 2.6995196147905354e-09 
4374 1.538269855244634e-08 
8383 2.6326127389175724e-10 
8436 4.810685183542773e-11 
5841 6.117165385344236e-10 
8549 7.909595201027741e-11 
2633 3.8308340874482205e-09 
4898 1.0315071019562083e-10 
4563 5.673506386916216e-10 
7131 5.983380457763587e-11 
3121 2.874256804785702e-10 
9128 6.395678570081387e-10 
3592 8.327577516453744e-11 
7084 1.1627822520815512e-08 
3225 3.5756685112797726e-10 
693 1.8664103679233435e-08 
9181 4.625620442233469e-10 
6978 4.028777311759768e-12 
465 4.239298911912215e-10 
3335 3.205138203454805e-09 
377 6.893818849107447e-11 
4816 2.491211674449101e-09 
1041 3.360171169086712e-10 
790 6.223068796384901e-10 
7765 9.810488810213513e-10 
4224 4.831690603168681e-12 
9869 8.231360038024604e-11 
4944 1.1112350170247587e-08 
3989 7.854455974509733e-11 
3581 4.82440684623775e-10 
6164 7.106315536020702e-12 
3261 8.121565434060507e-10 
6329 2.90184709594854e-10 
9657 2.549916944261099e-10 
6187 1.4986148433315805e-10 
5754 5.494345117762478e-10 
7294 8.644296389803685e-11 
3723 7.41144923210868e-11 
8087 2.4947599541746968e-11 
8616 1.089436874046612e-10 
3472 1.0451156606805512e-10 
514 4.114455779552495e-09 
1702 1.7783027828066622e-10 
4925 3.0456184657579044e-09 
7311 2.248366621354636e-09 
7500 1.3126370754235062e-09 
8 5.286744375609942e-10 
8822 1.4766113824726812e-08 
2548 3.9766745452141095e-11 
9397 2.2996290982568723e-10 
4081 5.441955081009198e-10 
1844 4.4497738826976274e-12 
1084 5.320743845516063e-11 
3752 1.6635048893931526e-10 
5740 7.814537905659336e-10 
7980 3.770004381592473e-09 
5288 2.384435426883158e-10 
271 5.904634281517218e-10 
435 2.8892844089467573e-09 
1088 6.393841012197754e-11 
5171 6.368213317786697e-10 
950 2.475221975301034e-09 
3266 6.746798050794034e-10 
3354 6.629352622411488e-11 
1921 1.412387540256077e-09 
6375 5.754006990712004e-07 
7339 1.212807847206232e-09 
1228 0.0002939217806551763 
1843 2.9815153738260713e-08 
1824 6.52733735118094e-10 
7689 2.3835805551541966e-10 
882 2.6314705969809893e-10 
6675 2.6089752580560344e-10 
400 6.980505062870179e-11 
436 2.627849049474662e-10 
5292 4.2918865683638785e-10 
5130 7.528178080917769e-11 
7033 3.0489166746860974e-10 
1810 6.038591848778196e-11 
7660 2.291848100188787e-10 
4635 4.4751267969100894e-10 
9685 3.40244180052629e-10 
7572 3.8322166273641045e-10 
9401 1.1518785925090924e-11 
8334 2.4589941194363973e-10 
8430 1.6441492577123906e-09 
1471 2.2105902559854673e-09 
9233 1.095811316687012e-09 
5157 4.750165261135919e-10 
7524 2.5262442138185293e-10 
8654 4.2395223442959207e-10 
4091 7.990546418978894e-10 
416 9.012730076141118e-10 
5635 4.603240011391563e-11 
4124 3.220712585516594e-11 
5789 5.332804892121956e-10 
1836 3.8697768600659543e-10 
2021 4.5274561877306496e-11 
2217 1.6054499396567223e-10 
502 7.352629616264039e-10 
3617 3.8967884474772063e-10 
9819 1.05240538506024e-10 
2131 3.127658132484612e-10 
6259 1.4097017997372063e-10 
8249 1.242344560559161e-10 
876 9.33609300979299e-11 
8254 2.204466331701127e-10 
9833 2.3578228501575094e-09 
3957 6.034892446882267e-10 
1716 6.731859514275129e-11 
1913 3.3483732453376547e-10 
7799 1.8700078222022576e-09 
9765 3.170978202238217e-10 
1416 2.878763893932046e-11 
2373 1.8773294030438592e-10 
9022 5.049545087620899e-10 
3147 5.36730382361128e-10 
7317 5.062326530191896e-10 
6435 2.2659796261592646e-09 
9225 5.224143340143428e-11 
483 1.1058698401456013e-10 
1665 1.077401501348163e-10 
1359 8.855544075814237e-11 
2006 2.088204331673893e-10 
3746 1.3567369450129263e-11 
8705 7.938285306874349e-10 
2586 1.704401342284001e-10 
2571 4.867489883375598e-10 
3440 4.5358827804875546e-11 
7210 1.4923394082988484e-09 
6809 2.501597262671851e-10 
1195 4.858335955759685e-12 
7858 1.2223117101806125e-09 
6310 6.891267384859234e-08 
8840 4.206437975717847e-10 
9411 2.041478097680738e-11 
102 1.9351692123747988e-09 
977 3.1088021046343783e-11 
7786 1.5702994460298214e-11 
5773 4.56705769383281e-09 
8823 5.824293269895975e-10 
176 5.60262947146839e-12 
931 1.3427470246796247e-10 
6775 5.497591271108604e-11 
7749 9.32643406947875e-11 
1040 2.400432630444982e-10 
1728 2.897304757221164e-10 
4662 6.095138282979917e-10 
3494 2.9039708832057087e-09 
8792 2.6563622308739543e-09 
7874 3.319019930420053e-09 
7249 7.001632607028796e-11 
7088 3.134557847398606e-08 
6462 1.0152982690692092e-09 
