8401 -2.6020602339471566e-10 
33 -2.773587470805694e-10 
1704 -4.1669423467283195e-10 
8648 3.5059458114439224e-10 
7307 -2.832876155878239e-10 
2356 -1.3579418145504007e-10 
5554 -4.0113512511652516e-10 
7646 -2.5436572292925064e-10 
2311 -4.0721137573029864e-10 
4317 -4.189697477841037e-10 
4754 -4.048538171375071e-10 
89 -3.9220088288161037e-10 
4601 -4.1952219476115715e-10 
2998 3.6731695329111913e-07 
3216 -3.897585032497375e-10 
705 -4.1105230330629183e-10 
1673 -3.719475838437347e-10 
4554 -2.646309282816617e-10 
7466 -4.109386164685702e-10 
5259 -4.1125280958453914e-10 
7372 -4.097637784639119e-10 
8116 -4.0416980873203556e-10 
6708 -4.191038627254784e-10 
9918 -3.921957758556971e-10 
6389 -3.714076823868595e-10 
3472 -4.1045300491759917e-10 
9850 -2.745038085727458e-10 
856 -4.014282239950262e-10 
1083 -3.9150926944842013e-10 
9444 -3.515103208506787e-10 
4445 -4.128102304434833e-10 
6465 -2.2551871481368835e-10 
8505 -4.111062601452886e-10 
8001 -3.746533638881999e-10 
2734 -4.1191983157773393e-10 
9126 -4.1665693117920455e-10 
4868 1.9761193098544183e-09 
5070 -2.5257473890150095e-10 
407 2.3155110467909523e-09 
1381 -2.5443161466576214e-10 
5987 -4.21332302380506e-10 
6926 8.022101039006913e-11 
57 -2.955141131799621e-10 
9463 -3.9191971890062405e-10 
7056 1.2396324383656676e-09 
8474 -2.5272198223014186e-10 
8773 -4.0879122309434024e-10 
1429 -2.656979636306289e-10 
575 -2.531756193580037e-10 
3011 -3.917086655036428e-10 
7032 4.405607455237881e-09 
6598 -3.1161051516903626e-10 
3692 -4.218918547849171e-10 
2101 -4.1807446393704595e-10 
5572 -1.729685006335302e-10 
2896 6.588853608546774e-09 
73 -2.513847463525565e-10 
8956 -4.067355341419443e-10 
5088 -3.922485114493668e-10 
2191 -2.671953769350921e-10 
6651 -4.046710744276538e-10 
3173 4.597407661163788e-08 
6282 -4.108122730883679e-10 
998 -4.1645842330240157e-10 
8496 5.973345845733391e-09 
5089 -4.169828926592345e-10 
3987 -3.933396941491196e-10 
5000 -3.899322531530913e-10 
2240 2.4303774270872935e-10 
5095 9.631321851166774e-09 
2823 -4.180846779888725e-10 
7902 5.011092575613052e-09 
6770 -4.218101423703047e-10 
7641 -3.950340055070001e-10 
9038 -2.522842490471078e-10 
6752 -3.937660197905757e-10 
5248 -3.424265315743469e-10 
8078 5.0929668121701965e-09 
8080 -3.9097902693185915e-10 
3779 -2.483010741460845e-10 
5522 -4.235687356413109e-10 
655 3.1699477279212296e-09 
215 -3.9923153671850287e-10 
173 -2.3676879901124437e-10 
8382 4.1207154355404896e-10 
4973 7.600526041873223e-10 
2510 -4.1137093731435925e-10 
4938 -4.115674467897179e-10 
7702 -4.221512028834695e-10 
6193 -3.961146965991702e-10 
5490 1.8018549846621212e-09 
5159 1.5635346212183876e-09 
39 1.6975717664902135e-08 
7422 -3.023976624660918e-10 
4860 -2.603229853903599e-10 
2029 -4.2107650699563237e-10 
1219 -3.156271910498276e-10 
2438 -3.160284811620784e-10 
862 2.3321374900686642e-08 
8024 -4.019707899871605e-10 
7640 -4.233058348290797e-10 
2569 -3.9176667465667947e-10 
7139 1.2509722958561897e-07 
6371 -2.663312348438751e-10 
2955 -3.911577728388238e-10 
7731 -3.9146369479325926e-10 
7325 -3.920803126611361e-10 
2058 -3.9417191732837864e-10 
7404 -2.6356725135734393e-10 
9170 -4.162492572845622e-10 
5920 -3.824950356445811e-10 
3548 7.345299646299708e-10 
1214 -4.1187298016609475e-10 
2982 -3.8945902058884485e-10 
9483 -4.142428622344596e-10 
1356 3.0969732334185096e-10 
438 -3.9109748772858666e-10 
8984 -4.067298720045187e-10 
6911 -4.1554537588694984e-10 
2805 -3.9350966929418973e-10 
1154 -2.8535790397299365e-10 
2929 -3.49202888827449e-10 
189 -1.7241044703020236e-10 
2372 -4.1214187618265896e-10 
6803 3.125214115273778e-10 
2105 1.354279285936677e-09 
2425 -1.663519877403985e-10 
1890 -3.9217168401606273e-10 
8252 -2.2031196311722567e-10 
4150 -4.086766480781989e-10 
8042 -4.221512028834695e-10 
1861 -3.907919543522098e-10 
6982 -3.8204350794046604e-10 
9450 -3.9220798830896797e-10 
4941 -2.1321733267853915e-10 
4135 -2.506839735794131e-10 
7185 4.425785356254597e-09 
9839 -3.908317003364914e-10 
603 -3.9224595793641015e-10 
1020 5.691148954878322e-09 
3237 -4.0239989118617814e-10 
6629 -3.9147396435623705e-10 
3885 -3.9089931291869107e-10 
5509 3.4115684444113725e-09 
3500 -4.0920999921922885e-10 
5583 -3.8978664740341173e-10 
7851 -4.081786020293521e-10 
106 -4.055566993343973e-10 
7931 -3.913017687651177e-10 
5917 -4.1786707427604597e-10 
9070 5.686892887157846e-09 
5622 -3.922476787820983e-10 
5210 -3.919633506654918e-10 
9064 -1.0232700797807581e-10 
2981 -3.907167922534427e-10 
5361 -4.1303582776208714e-10 
9270 -3.921781788207568e-10 
101 9.466077505182469e-10 
714 -4.109466100743475e-10 
5578 -4.1882231016643345e-10 
