0 0 6 6 6579
0 1 6 3 42
0 2 2 5 928
0 3 8 4 434
0 4 10 5 1681
0 5 1 6 1936
0 6 10 4 593
0 7 5 4 388
0 8 8 7 236708
0 9 7 5 1258
0 10 8 8 664563
0 11 2 6 1453
0 12 9 4 325
0 13 4 4 408
0 14 3 9 3154095
0 15 8 7 61009
0 16 9 8 1010695
0 17 4 4 321
0 18 8 6 19442
0 19 6 5 793
0 20 2 8 604676
0 21 3 7 16015
0 22 9 5 1299
0 23 2 4 109
0 24 2 5 516
0 25 4 5 1478
0 26 4 6 13124
0 27 6 5 1901
0 28 9 4 895
0 29 3 5 816
0 30 7 6 12667
0 31 4 4 261
0 32 5 5 1671
0 33 2 8 662082
0 34 7 3 44
0 35 5 2 13
0 36 6 7 37800
0 37 2 5 371
0 38 1 5 124
0 39 9 5 3791
0 40 1 5 258
0 41 5 5 658
0 42 9 3 115
0 43 10 7 265818
0 44 2 5 503
0 45 8 3 152
0 46 9 3 137
0 47 4 6 5639
0 48 5 7 52643
0 49 3 6 2129
0 50 7 4 391
0 51 5 5 1353
0 52 10 7 210244
0 53 3 5 378
0 54 6 6 6229
0 55 9 2 43
0 56 3 7 115985
0 57 6 5 3100
0 58 1 6 825
0 59 9 4 399
0 60 4 7 88096
0 61 4 4 113
0 62 8 6 9807
0 63 4 6 9441
1 0 2 4 89
1 1 6 4 485
1 2 7 5 2085
1 3 2 6 2491
1 4 6 2 22
1 5 7 4 457
1 6 7 4 370
1 7 10 7 337317
1 8 8 5 3743
1 9 4 5 1476
1 10 4 4 126
1 11 9 5 1724
1 12 1 6 4030
1 13 3 7 20111
1 14 7 2 35
1 15 7 4 180
1 16 2 8 183608
1 17 10 4 919
1 18 5 6 5058
1 19 7 5 1762
1 20 5 7 34146
1 21 2 5 463
1 22 2 5 478
1 23 4 4 136
1 24 2 8 148494
1 25 2 7 50342
1 26 3 8 221620
1 27 7 6 5398
1 28 1 6 2417
1 29 8 5 4662
1 30 3 5 1410
1 31 1 4 32
1 32 3 4 133
1 33 8 4 432
1 34 4 7 23042
1 35 3 5 1020
1 36 3 3 63
1 37 8 6 10172
1 38 8 4 308
1 39 1 5 116
1 40 2 5 785
1 41 4 6 6423
1 42 6 4 383
1 43 4 5 1286
1 44 7 4 719
1 45 6 6 6496
1 46 6 5 813
1 47 6 4 293
1 48 2 6 1652
1 49 6 7 111047
1 50 7 4 170
1 51 1 7 8261
1 52 8 4 367
1 53 1 5 118
1 54 1 6 1580
1 55 4 6 3765
1 56 10 5 4184
1 57 4 5 1107
1 58 9 5 1406
1 59 10 4 293
1 60 5 6 9606
1 61 6 3 35
1 62 4 5 567
1 63 4 4 148
2 0 4 6 5761
2 1 8 3 91
2 2 6 4 621
2 3 10 6 42284
2 4 7 6 9638
2 5 10 4 1114
2 6 5 4 263
2 7 10 4 437
2 8 4 6 5285
2 9 9 8 2980019
2 10 6 7 35682
2 11 3 5 891
2 12 3 5 727
2 13 3 5 1234
2 14 5 5 2585
2 15 2 5 292
2 16 5 4 451
2 17 4 4 349
2 18 6 5 1247
2 19 1 6 3123
2 20 4 6 7093
2 21 1 7 7984
2 22 10 6 12247
2 23 9 4 419
2 24 4 5 1333
2 25 2 5 244
2 26 3 3 57
2 27 9 6 7060
2 28 8 2 26
2 29 8 5 1858
2 30 2 7 74307
2 31 7 5 1676
2 32 3 5 669
2 33 5 6 7526
2 34 4 7 36491
2 35 3 4 153
2 36 5 3 49
2 37 5 4 503
2 38 7 2 26
2 39 5 4 189
2 40 3 7 88506
2 41 4 6 8461
2 42 10 6 8308
2 43 1 4 52
2 44 6 6 6078
2 45 3 5 578
2 46 7 4 634
2 47 8 4 190
2 48 4 3 73
2 49 9 5 5573
2 50 1 9 1471909
2 51 5 8 1060974
2 52 7 5 2059
2 53 5 5 1303
2 54 6 2 15
2 55 8 5 1972
2 56 5 5 870
2 57 4 5 2106
2 58 3 6 14315
2 59 9 4 207
2 60 4 6 4918
2 61 6 7 78758
2 62 2 5 784
2 63 10 3 75
3 0 2 6 1450
3 1 4 5 1502
3 2 8 6 17953
3 3 10 6 11922
3 4 6 7 130308
3 5 9 5 2938
3 6 10 6 10355
3 7 1 6 1317
3 8 8 2 33
3 9 5 4 188
3 10 2 5 674
3 11 10 4 640
3 12 4 6 18868
3 13 3 5 1771
3 14 10 8 1058580
3 15 3 6 9647
3 16 5 4 488
3 17 2 6 3245
3 18 1 7 12026
3 19 8 3 157
3 20 5 3 102
3 21 4 5 2278
3 22 6 6 12715
3 23 5 4 131
3 24 3 6 3555
3 25 6 3 73
3 26 6 6 14607
3 27 4 5 1777
3 28 2 4 47
3 29 7 5 1682
3 30 2 5 454
3 31 9 4 587
3 32 5 6 9444
3 33 9 5 4262
3 34 8 6 13505
3 35 8 4 902
3 36 2 8 147942
3 37 5 5 743
3 38 5 5 1598
3 39 4 5 2037
3 40 8 7 54854
3 41 8 8 2710676
3 42 6 5 3409
3 43 3 5 668
3 44 4 5 749
3 45 1 8 66858
3 46 9 5 1101
3 47 3 5 356
3 48 8 6 17360
3 49 7 6 10461
3 50 7 4 256
3 51 2 5 694
3 52 5 7 42696
3 53 5 6 10884
3 54 6 6 6221
3 55 6 5 4042
3 56 2 5 1263
3 57 3 6 2127
3 58 3 5 555
3 59 5 1 6
3 60 5 5 2574
3 61 3 4 118
3 62 10 5 5732
3 63 5 4 271
4 0 5 5 1676
4 1 8 5 3895
4 2 9 5 1192
4 3 4 7 104809
4 4 5 5 3281
4 5 3 4 279
4 6 9 4 415
4 7 7 6 9677
4 8 7 6 5558
4 9 8 7 82499
4 10 8 7 132053
4 11 7 7 36936
4 12 4 4 287
4 13 3 7 56390
4 14 7 6 6737
4 15 3 5 984
4 16 5 8 1156132
4 17 3 6 11310
4 18 9 6 23685
4 19 7 7 40488
4 20 4 6 7148
4 21 7 4 195
4 22 6 4 265
4 23 7 6 17945
4 24 7 7 47727
4 25 6 3 46
4 26 8 6 38700
4 27 4 4 239
4 28 6 4 422
4 29 1 6 4084
4 30 4 4 209
4 31 8 4 351
4 32 5 3 80
4 33 1 6 2115
4 34 3 6 4690
4 35 1 7 12983
4 36 2 6 5462
4 37 8 4 225
4 38 1 6 763
4 39 7 5 3940
4 40 10 5 3393
4 41 6 5 1927
4 42 3 5 688
4 43 8 7 45282
4 44 6 6 24951
4 45 9 5 3888
4 46 3 8 862598
4 47 4 4 96
4 48 4 3 44
4 49 9 8 1556186
4 50 8 4 321
4 51 7 5 4808
4 52 3 4 151
4 53 5 6 9672
4 54 2 5 371
4 55 10 6 29767
4 56 10 7 177968
4 57 2 6 2404
4 58 6 5 1613
4 59 7 2 22
4 60 8 4 819
4 61 5 4 565
4 62 2 6 3562
4 63 2 4 220
5 0 1 5 401
5 1 1 8 64672
5 2 10 8 547979
5 3 5 6 8573
5 4 4 5 679
5 5 7 5 3464
5 6 10 4 857
5 7 5 3 53
5 8 5 4 448
5 9 1 5 626
5 10 5 4 262
5 11 2 7 30911
5 12 3 6 6572
5 13 8 4 259
5 14 9 6 7508
5 15 3 7 72954
5 16 6 7 45398
5 17 3 6 2712
5 18 6 5 1002
5 19 2 5 1048
5 20 5 8 261963
5 21 10 1 17
5 22 2 6 3472
5 23 9 5 6187
5 24 8 3 118
5 25 5 5 1074
5 26 6 2 12
5 27 3 5 807
5 28 6 4 416
5 29 10 4 224
5 30 7 5 4550
5 31 3 6 5261
5 32 5 6 8721
5 33 3 6 4724
5 34 1 3 14
5 35 7 7 44541
5 36 5 3 53
5 37 7 5 2734
5 38 3 4 115
5 39 2 4 155
5 40 9 4 359
5 41 8 5 1416
5 42 10 5 1941
5 43 3 5 777
5 44 4 7 89731
5 45 9 5 1653
5 46 10 4 1113
5 47 10 4 350
5 48 7 6 7243
5 49 10 3 67
5 50 5 6 4209
5 51 9 5 4471
5 52 9 10 96676316
5 53 6 6 8973
5 54 6 6 19446
5 55 4 7 20256
5 56 6 5 2114
5 57 2 8 98217
5 58 3 6 7519
5 59 4 6 6929
5 60 10 3 168
5 61 2 6 6932
5 62 8 6 6834
5 63 8 5 1185
6 0 6 6 17410
6 1 5 4 234
6 2 4 6 14860
6 3 9 2 27
6 4 6 3 96
6 5 4 7 25431
6 6 8 4 476
6 7 5 5 1487
6 8 9 4 1002
6 9 6 4 230
6 10 6 7 140558
6 11 5 8 299801
6 12 9 5 1712
6 13 9 6 13418
6 14 9 5 4869
6 15 1 7 20408
6 16 2 8 103171
6 17 3 5 945
6 18 5 5 1205
6 19 3 6 10942
6 20 1 6 4763
6 21 6 8 1691526
6 22 7 5 4773
6 23 5 7 84065
6 24 6 4 313
6 25 1 4 110
6 26 10 6 9377
6 27 5 6 5389
6 28 5 4 137
6 29 3 4 74
6 30 6 7 150362
6 31 6 5 897
6 32 1 6 4824
6 33 8 7 42627
6 34 6 5 736
6 35 5 6 5950
6 36 1 6 2172
6 37 5 4 192
6 38 4 6 17991
6 39 4 6 4233
6 40 3 6 5259
6 41 8 7 109611
6 42 3 7 31221
6 43 5 6 6395
6 44 10 9 13137771
6 45 9 5 4398
6 46 3 5 1215
6 47 6 7 38837
6 48 10 6 14928
6 49 2 6 8276
6 50 6 4 256
6 51 3 5 906
6 52 5 6 6751
6 53 6 4 471
6 54 10 3 108
6 55 6 5 1689
6 56 8 5 1147
6 57 8 6 10597
6 58 9 6 9430
6 59 2 5 889
6 60 8 4 203
6 61 4 7 52084
6 62 2 7 52898
6 63 4 6 6575
7 0 4 7 40413
7 1 9 7 91623
7 2 2 5 664
7 3 5 5 1562
7 4 1 5 405
7 5 10 2 39
7 6 9 5 2586
7 7 1 6 2590
7 8 10 5 4510
7 9 5 5 1437
7 10 10 4 524
7 11 1 6 1759
7 12 4 4 371
7 13 3 7 39860
7 14 1 5 142
7 15 3 6 9394
7 16 3 5 1887
7 17 9 5 1154
7 18 7 7 95386
7 19 3 7 45078
7 20 2 5 378
7 21 7 6 6668
7 22 5 5 2562
7 23 9 5 1101
7 24 10 4 596
7 25 4 5 2016
7 26 9 8 844638
7 27 5 4 367
7 28 3 6 6864
7 29 3 4 76
7 30 10 4 227
7 31 9 5 2077
7 32 10 5 6483
7 33 4 4 305
7 34 8 5 3333
7 35 9 4 732
7 36 6 6 9014
7 37 6 8 596851
7 38 5 7 175521
7 39 3 4 276
7 40 6 3 107
7 41 6 5 859
7 42 1 8 52986
7 43 4 4 89
7 44 4 6 3209
7 45 8 6 10958
7 46 1 7 6267
7 47 6 8 433308
7 48 7 3 103
7 49 6 4 279
7 50 4 5 477
7 51 8 6 6894
7 52 3 4 309
7 53 4 6 5100
7 54 9 6 17258
7 55 10 5 1563
7 56 4 5 799
7 57 10 5 3504
7 58 1 8 69951
7 59 2 6 4983
7 60 9 5 1625
7 61 9 4 393
7 62 6 5 1203
7 63 6 5 1822
8 0 5 2 15
8 1 1 4 32
8 2 8 3 118
8 3 2 6 1828
8 4 5 5 2967
8 5 2 7 41955
8 6 5 3 92
8 7 3 3 32
8 8 8 5 955
8 9 7 6 17366
8 10 9 5 4080
8 11 6 5 1889
8 12 3 4 271
8 13 1 5 128
8 14 4 6 13511
8 15 10 5 4070
8 16 10 5 2449
8 17 8 7 146673
8 18 4 10 15666509
8 19 7 6 6672
8 20 7 6 30766
8 21 8 8 1533434
8 22 1 6 3876
8 23 6 3 72
8 24 3 5 1424
8 25 5 5 3105
8 26 9 2 38
8 27 4 5 957
8 28 5 4 256
8 29 7 5 1187
8 30 4 4 404
8 31 9 5 3123
8 32 9 4 289
8 33 1 7 18772
8 34 6 3 84
8 35 2 5 1073
8 36 8 5 2801
8 37 9 3 139
8 38 9 5 1232
8 39 4 7 49556
8 40 5 6 14623
8 41 2 4 185
8 42 7 6 11996
8 43 8 5 1401
8 44 9 5 4099
8 45 5 5 1299
8 46 6 3 53
8 47 9 3 72
8 48 6 5 3149
8 49 3 5 1362
8 50 6 5 3489
8 51 2 5 311
8 52 6 3 45
8 53 7 3 135
8 54 9 3 127
8 55 10 3 72
8 56 8 6 19410
8 57 5 5 773
8 58 2 5 1343
8 59 6 4 297
8 60 9 5 2081
8 61 3 4 314
8 62 8 4 337
8 63 8 3 145
9 0 9 4 750
9 1 6 5 1047
9 2 10 4 1097
9 3 3 5 487
9 4 7 4 189
9 5 8 5 1385
9 6 2 6 8196
9 7 4 6 4653
9 8 10 6 40327
9 9 6 3 74
9 10 8 4 823
9 11 9 2 33
9 12 5 4 186
9 13 1 5 239
9 14 6 6 15202
9 15 3 7 50743
9 16 6 5 723
9 17 9 4 1010
9 18 1 5 378
9 19 9 5 1867
9 20 3 6 2550
9 21 9 7 59243
9 22 9 5 2054
9 23 7 3 143
9 24 1 5 242
9 25 8 4 345
9 26 5 4 171
9 27 6 4 490
9 28 9 3 114
9 29 2 7 14328
9 30 5 4 113
9 31 2 4 89
9 32 2 4 216
9 33 3 5 1624
9 34 1 5 521
9 35 2 7 55218
9 36 7 4 243
9 37 7 5 1675
9 38 9 8 425472
9 39 5 6 4264
9 40 9 4 413
9 41 8 4 446
9 42 8 4 220
9 43 6 7 45952
9 44 3 5 908
9 45 2 4 192
9 46 4 4 198
9 47 2 5 325
9 48 10 3 200
9 49 5 5 770
9 50 2 8 163634
9 51 1 5 278
9 52 8 5 1329
9 53 1 5 132
9 54 8 7 164120
9 55 5 4 209
9 56 3 6 2328
9 57 8 5 2456
9 58 4 5 1205
9 59 6 3 63
9 60 10 3 180
9 61 7 6 17148
9 62 2 4 85
9 63 4 6 6557
10 0 5 4 211
10 1 2 7 14627
10 2 9 4 382
10 3 2 4 102
10 4 5 5 1273
10 5 5 5 1106
10 6 1 6 2265
10 7 4 4 182
10 8 10 5 3078
10 9 5 6 7941
10 10 1 5 399
10 11 4 7 65835
10 12 3 4 128
10 13 2 5 1048
10 14 1 6 884
10 15 8 3 144
10 16 7 5 830
10 17 5 4 221
10 18 5 5 1876
10 19 9 4 415
10 20 10 3 144
10 21 10 5 1519
10 22 2 6 2382
10 23 2 4 77
10 24 4 4 285
10 25 1 6 753
10 26 7 6 17052
10 27 3 5 616
10 28 10 6 16105
10 29 8 5 1356
10 30 9 5 5190
10 31 6 7 50874
10 32 4 5 919
10 33 5 6 23857
10 34 2 4 200
10 35 5 3 83
10 36 8 7 70556
10 37 9 5 4960
10 38 4 7 31272
10 39 2 4 45
10 40 1 4 101
10 41 2 6 3253
10 42 2 5 652
10 43 3 6 2163
10 44 7 6 22539
10 45 10 4 749
10 46 2 5 256
10 47 7 4 389
10 48 1 5 446
10 49 1 7 34431
10 50 7 5 969
10 51 7 4 331
10 52 10 7 84861
10 53 7 4 262
10 54 4 3 36
10 55 1 6 894
10 56 2 5 963
10 57 10 4 460
10 58 2 6 7655
10 59 8 4 438
10 60 8 3 54
10 61 8 5 1300
10 62 9 4 848
10 63 7 7 257379
11 0 2 6 1987
11 1 3 7 19616
11 2 1 5 408
11 3 9 6 6582
11 4 4 6 13229
11 5 8 7 93591
11 6 6 4 643
11 7 4 6 12938
11 8 1 6 2354
11 9 3 7 72872
11 10 5 5 1710
11 11 10 5 2090
11 12 3 8 216532
11 13 9 4 449
11 14 3 5 2021
11 15 6 4 207
11 16 4 6 3404
11 17 6 8 313390
11 18 2 3 23
11 19 3 6 3521
11 20 6 3 37
11 21 7 6 11766
11 22 5 5 1008
11 23 3 7 50514
11 24 9 5 2222
11 25 5 4 551
11 26 5 5 1075
11 27 4 7 23539
11 28 10 5 6125
11 29 2 6 8721
11 30 1 5 174
11 31 7 8 539056
11 32 1 4 71
11 33 7 5 3124
11 34 3 5 587
11 35 1 6 754
11 36 6 7 96195
11 37 2 7 52709
11 38 9 4 301
11 39 6 5 1307
11 40 6 7 51074
11 41 7 3 74
11 42 2 4 58
11 43 7 3 100
11 44 6 3 77
11 45 5 5 1062
11 46 7 6 11093
11 47 4 6 3527
11 48 1 8 307878
11 49 4 3 88
11 50 8 5 5537
11 51 2 6 5331
11 52 3 6 10816
11 53 7 5 2135
11 54 9 5 2155
11 55 6 4 516
11 56 3 5 1938
11 57 8 5 1084
11 58 2 5 496
11 59 2 7 27113
11 60 6 4 230
11 61 3 4 171
11 62 1 7 7859
11 63 10 5 3835
12 0 8 4 378
12 1 1 5 348
12 2 10 7 58971
12 3 8 3 44
12 4 6 5 1467
12 5 10 7 65057
12 6 2 5 227
12 7 4 6 18678
12 8 10 2 45
12 9 4 3 87
12 10 9 6 16666
12 11 9 3 64
12 12 7 4 567
12 13 9 5 5838
12 14 1 7 6981
12 15 9 4 598
12 16 6 3 47
12 17 4 6 8653
12 18 10 6 35906
12 19 8 4 785
12 20 7 4 266
12 21 8 7 126989
12 22 2 5 1076
12 23 2 4 119
12 24 2 6 3512
12 25 2 5 873
12 26 1 6 4316
12 27 1 4 72
12 28 7 7 40536
12 29 6 3 98
12 30 10 4 401
12 31 8 6 5794
12 32 8 7 103312
12 33 3 7 28111
12 34 1 6 1676
12 35 3 5 434
12 36 6 8 442206
12 37 6 6 9172
12 38 10 2 49
12 39 9 5 5694
12 40 4 6 17059
12 41 2 8 111847
12 42 1 5 160
12 43 10 5 1698
12 44 7 7 43101
12 45 6 6 22678
12 46 3 5 828
12 47 5 4 218
12 48 2 4 64
12 49 2 6 1990
12 50 7 6 5452
12 51 1 6 3187
12 52 10 3 218
12 53 10 5 1762
12 54 7 4 372
12 55 1 4 108
12 56 3 6 6588
12 57 10 5 4116
12 58 8 4 312
12 59 8 5 3873
12 60 2 5 1052
12 61 5 5 3472
12 62 1 4 100
12 63 8 4 539
13 0 7 4 521
13 1 1 7 16226
13 2 4 5 2778
13 3 10 7 114448
13 4 4 6 3208
13 5 7 8 1368098
13 6 5 7 53751
13 7 5 5 1055
13 8 1 6 721
13 9 4 4 98
13 10 4 4 159
13 11 1 5 431
13 12 4 5 2435
13 13 9 6 12217
13 14 1 6 729
13 15 4 6 16222
13 16 5 4 403
13 17 6 6 7849
13 18 6 7 54517
13 19 9 5 3723
13 20 10 6 9480
13 21 4 6 6598
13 22 1 6 1445
13 23 6 5 3943
13 24 3 5 389
13 25 7 6 7112
13 26 7 5 2089
13 27 1 5 670
13 28 4 4 131
13 29 5 7 25185
13 30 5 4 469
13 31 8 7 241923
13 32 10 5 2119
13 33 7 8 657642
13 34 4 5 641
13 35 9 5 3060
13 36 5 6 4604
13 37 4 3 53
13 38 6 1 10
13 39 8 5 1675
13 40 2 6 2252
13 41 8 4 298
13 42 2 5 635
13 43 1 5 238
13 44 4 5 957
13 45 2 6 5289
13 46 3 4 113
13 47 3 5 1135
13 48 5 4 212
13 49 4 3 76
13 50 6 7 78204
13 51 5 6 4959
13 52 5 4 211
13 53 10 6 11791
13 54 10 5 2707
13 55 8 3 84
13 56 9 4 415
13 57 2 6 5105
13 58 1 7 6977
13 59 1 5 362
13 60 8 4 213
13 61 4 6 3810
13 62 10 5 1491
13 63 4 4 452
14 0 2 6 2182
14 1 7 4 740
14 2 3 7 14997
14 3 9 4 254
14 4 10 4 627
14 5 8 6 23353
14 6 1 5 623
14 7 4 6 2914
14 8 6 6 14490
14 9 4 4 346
14 10 10 7 56282
14 11 10 5 6559
14 12 3 4 299
14 13 8 3 43
14 14 1 6 3916
14 15 4 4 118
14 16 3 4 302
14 17 5 4 383
14 18 7 4 181
14 19 2 4 85
14 20 1 5 205
14 21 8 3 125
14 22 9 4 402
14 23 10 5 4654
14 24 3 7 18504
14 25 9 3 88
14 26 10 4 239
14 27 2 7 32109
14 28 3 4 73
14 29 3 5 1845
14 30 1 6 999
14 31 1 7 7220
14 32 1 5 262
14 33 8 5 1436
14 34 1 7 5952
14 35 2 6 5124
14 36 7 6 11775
14 37 6 4 499
14 38 3 4 253
14 39 9 6 6597
14 40 8 5 2322
14 41 1 5 594
14 42 7 7 61788
14 43 7 6 9404
14 44 6 5 822
14 45 4 6 2874
14 46 10 3 65
14 47 4 4 147
14 48 6 8 310742
14 49 3 5 557
14 50 1 4 79
14 51 6 5 1497
14 52 10 4 432
14 53 10 3 59
14 54 1 5 671
14 55 5 5 2019
14 56 7 6 7511
14 57 1 4 90
14 58 4 5 531
14 59 9 4 926
14 60 9 3 66
14 61 7 5 2697
14 62 4 6 8927
14 63 3 7 23633
15 0 10 6 37976
15 1 4 4 292
15 2 10 5 3423
15 3 1 5 316
15 4 1 5 435
15 5 4 6 11762
15 6 6 8 1392828
15 7 9 4 922
15 8 5 6 24001
15 9 3 5 1133
15 10 4 6 14730
15 11 10 3 136
15 12 7 5 962
15 13 7 3 125
15 14 2 7 25918
15 15 7 4 772
15 16 4 5 761
15 17 4 7 77028
15 18 1 6 1353
15 19 7 6 15971
15 20 7 5 4416
15 21 10 6 7810
15 22 4 5 1047
15 23 2 7 19415
15 24 3 7 14964
15 25 7 7 213355
15 26 3 6 11098
15 27 5 4 327
15 28 1 7 7469
15 29 7 3 141
15 30 7 4 533
15 31 9 4 538
15 32 9 5 3030
15 33 9 4 738
15 34 10 5 1357
15 35 3 4 142
15 36 2 5 904
15 37 1 7 5705
15 38 9 5 5953
15 39 4 4 135
15 40 8 4 598
15 41 7 4 711
15 42 4 6 9689
15 43 2 5 341
15 44 3 5 1614
15 45 7 8 384092
15 46 3 6 9269
15 47 6 6 29355
15 48 8 7 87592
15 49 5 7 37759
15 50 7 5 2123
15 51 3 4 178
15 52 6 5 1490
15 53 8 3 108
15 54 1 6 3354
15 55 1 7 23303
15 56 5 9 1830568
15 57 2 6 2928
15 58 2 5 232
15 59 8 5 1744
15 60 9 5 3774
15 61 5 4 558
15 62 5 7 29395
15 63 9 6 6536
16 0 7 4 251
16 1 4 4 269
16 2 3 4 117
16 3 2 5 706
16 4 2 6 1761
16 5 10 3 95
16 6 9 5 2588
16 7 3 3 53
16 8 3 4 171
16 9 8 4 215
16 10 10 7 60004
16 11 9 8 418818
16 12 9 4 337
16 13 10 5 2040
16 14 5 7 49862
16 15 2 6 6450
16 16 2 6 5375
16 17 9 4 284
16 18 10 5 2101
16 19 3 6 4704
16 20 3 6 2093
16 21 4 6 11514
16 22 7 4 327
16 23 8 4 381
16 24 3 5 1025
16 25 6 6 6090
16 26 7 5 1060
16 27 7 6 5003
16 28 1 4 68
16 29 9 5 2956
16 30 7 7 37606
16 31 10 2 52
16 32 3 7 40409
16 33 9 6 23977
16 34 4 8 163108
16 35 5 6 5332
16 36 5 5 698
16 37 6 4 292
16 38 9 6 11616
16 39 6 3 52
16 40 6 4 629
16 41 3 7 21134
16 42 6 3 70
16 43 4 5 609
16 44 3 6 2634
16 45 4 6 4011
16 46 8 5 1302
16 47 9 6 10055
16 48 8 3 69
16 49 5 6 15423
16 50 10 6 16732
16 51 9 8 907269
16 52 5 8 200801
16 53 10 5 2632
16 54 6 5 960
16 55 9 5 1407
16 56 4 5 947
16 57 3 6 2515
16 58 1 5 626
16 59 10 5 1508
16 60 10 5 4266
16 61 2 5 229
16 62 4 5 649
16 63 9 4 352
17 0 8 6 24136
17 1 2 4 62
17 2 10 4 317
17 3 5 6 8345
17 4 5 4 259
17 5 6 6 22319
17 6 10 6 23681
17 7 9 4 433
17 8 4 5 847
17 9 2 6 1536
17 10 5 6 5497
17 11 4 8 295175
17 12 6 5 1942
17 13 6 5 3399
17 14 8 5 4733
17 15 2 8 187672
17 16 10 4 287
17 17 6 4 172
17 18 3 4 203
17 19 2 5 469
17 20 7 5 1979
17 21 9 7 55115
17 22 9 3 177
17 23 7 2 23
17 24 4 5 1589
17 25 3 6 5117
17 26 7 5 4681
17 27 3 5 643
17 28 4 8 239069
17 29 7 4 642
17 30 9 4 691
17 31 5 8 261279
17 32 3 9 1107563
17 33 2 6 4997
17 34 3 6 8646
17 35 3 6 9398
17 36 6 2 25
17 37 6 3 130
17 38 9 5 5724
17 39 5 5 662
17 40 3 5 965
17 41 10 4 585
17 42 7 6 15969
17 43 9 5 3521
17 44 4 8 188667
17 45 3 9 2464670
17 46 8 5 4697
17 47 6 5 863
17 48 7 5 4717
17 49 5 8 219554
17 50 10 5 2480
17 51 7 3 65
17 52 9 8 3218812
17 53 8 4 215
17 54 7 7 62365
17 55 1 7 13680
17 56 10 1 14
17 57 4 4 204
17 58 7 5 865
17 59 6 4 205
17 60 7 7 101080
17 61 6 5 2218
17 62 8 6 18225
17 63 10 5 1706
18 0 1 5 124
18 1 6 4 472
18 2 6 5 900
18 3 1 7 25957
18 4 8 5 923
18 5 10 4 383
18 6 4 7 22569
18 7 10 5 1753
18 8 3 4 246
18 9 4 5 505
18 10 2 6 4687
18 11 7 5 1416
18 12 4 5 2004
18 13 5 6 10505
18 14 1 5 557
18 15 8 3 169
18 16 2 6 5362
18 17 3 5 477
18 18 5 7 39922
18 19 4 6 3847
18 20 6 8 574406
18 21 4 5 905
18 22 7 4 749
18 23 7 6 31928
18 24 10 2 43
18 25 5 5 827
18 26 3 3 63
18 27 3 6 2908
18 28 10 5 2863
18 29 9 7 123389
18 30 9 5 6153
18 31 3 4 250
18 32 7 4 599
18 33 10 5 2234
18 34 8 3 49
18 35 3 6 2468
18 36 2 5 444
18 37 2 4 77
18 38 10 4 304
18 39 6 6 17805
18 40 2 5 236
18 41 5 5 1042
18 42 4 4 105
18 43 1 6 1446
18 44 10 4 255
18 45 8 4 432
18 46 8 5 2632
18 47 4 3 33
18 48 2 6 1735
18 49 2 7 59574
18 50 1 6 3621
18 51 5 4 559
18 52 2 5 1298
18 53 9 5 2382
18 54 6 4 148
18 55 7 8 533321
18 56 10 6 10187
18 57 8 5 2722
18 58 5 5 2503
18 59 10 4 691
18 60 10 6 21296
18 61 8 7 109518
18 62 1 5 218
18 63 7 3 93
19 0 10 4 416
19 1 6 6 7594
19 2 1 7 36094
19 3 10 5 2978
19 4 10 3 72
19 5 9 4 905
19 6 2 6 8670
19 7 7 7 82400
19 8 1 7 5335
19 9 10 6 34925
19 10 8 4 775
19 11 6 5 938
19 12 9 6 8986
19 13 9 5 1522
19 14 4 8 191231
19 15 2 4 87
19 16 6 4 632
19 17 6 5 1475
19 18 7 6 13238
19 19 8 7 44814
19 20 6 7 59388
19 21 9 5 3085
19 22 5 4 173
19 23 4 5 467
19 24 10 5 1767
19 25 10 3 104
19 26 5 5 1015
19 27 7 6 5497
19 28 3 2 13
19 29 1 6 959
19 30 1 7 10502
19 31 3 5 1249
19 32 1 4 61
19 33 9 3 156
19 34 5 3 96
19 35 3 4 326
19 36 3 5 836
19 37 3 5 530
19 38 1 6 1908
19 39 4 3 61
19 40 4 4 286
19 41 6 6 4634
19 42 5 5 2388
19 43 8 6 12757
19 44 7 2 25
19 45 10 6 9153
19 46 9 5 1425
19 47 4 5 1193
19 48 6 7 62529
19 49 6 6 20123
19 50 8 6 18538
19 51 8 4 180
19 52 1 5 199
19 53 8 4 474
19 54 9 5 2625
19 55 8 6 6885
19 56 9 6 14573
19 57 8 4 242
19 58 10 5 1576
19 59 9 6 20823
19 60 8 5 1204
19 61 2 5 357
19 62 4 5 751
19 63 1 8 70911
20 0 10 7 84007
20 1 3 7 15892
20 2 7 5 1257
20 3 3 5 882
20 4 10 5 3571
20 5 2 5 486
20 6 2 6 1952
20 7 10 6 12439
20 8 10 3 154
20 9 6 6 4350
20 10 7 4 555
20 11 10 3 188
20 12 10 5 1429
20 13 8 5 1137
20 14 5 5 1764
20 15 7 3 59
20 16 8 5 1248
20 17 2 5 314
20 18 7 4 306
20 19 3 4 194
20 20 3 7 20121
20 21 5 5 3181
20 22 9 3 192
20 23 8 6 7033
20 24 9 4 324
20 25 9 4 395
20 26 9 7 77157
20 27 8 5 1046
20 28 1 6 1451
20 29 9 3 113
20 30 7 5 3724
20 31 10 5 5695
20 32 7 5 1452
20 33 5 4 330
20 34 4 3 54
20 35 7 4 653
20 36 6 4 237
20 37 5 6 19771
20 38 1 4 31
20 39 3 5 782
20 40 4 6 5731
20 41 5 5 2500
20 42 8 6 31256
20 43 2 7 10278
20 44 4 7 148944
20 45 7 3 141
20 46 7 6 7568
20 47 4 6 3314
20 48 3 8 145719
20 49 7 4 430
20 50 5 6 3841
20 51 4 6 2957
20 52 6 3 107
20 53 3 5 783
20 54 1 6 898
20 55 1 7 8761
20 56 9 4 1020
20 57 5 6 5816
20 58 3 5 1322
20 59 3 8 125496
20 60 6 4 331
20 61 1 4 50
20 62 10 3 82
20 63 4 6 5373
21 0 1 6 1828
21 1 1 5 343
21 2 10 4 977
21 3 1 4 42
21 4 10 7 52090
21 5 6 6 4458
21 6 6 4 160
21 7 4 4 172
21 8 3 5 584
21 9 7 3 84
21 10 9 5 3401
21 11 7 4 465
21 12 2 4 225
21 13 8 7 126186
21 14 6 6 23493
21 15 6 5 829
21 16 10 4 235
21 17 4 4 372
21 18 8 7 56111
21 19 9 4 920
21 20 5 7 29691
21 21 2 5 499
21 22 8 4 626
21 23 10 6 23147
21 24 10 4 625
21 25 9 4 700
21 26 1 6 1520
21 27 5 6 6254
21 28 1 5 499
21 29 2 6 1903
21 30 9 5 2519
21 31 7 3 114
21 32 4 6 4327
21 33 4 3 26
21 34 9 4 230
21 35 6 4 346
21 36 2 5 228
21 37 2 4 206
21 38 2 5 1037
21 39 6 5 1238
21 40 1 7 20144
21 41 5 5 1154
21 42 9 3 106
21 43 1 7 18363
21 44 5 6 4745
21 45 9 6 8974
21 46 7 3 98
21 47 6 5 2925
21 48 8 4 704
21 49 7 5 1042
21 50 9 5 4014
21 51 4 5 2605
21 52 3 5 1320
21 53 8 3 147
21 54 3 4 196
21 55 1 5 675
21 56 7 5 1697
21 57 2 8 106169
21 58 9 5 4247
21 59 2 5 1343
21 60 1 5 457
21 61 4 5 1004
21 62 7 7 224023
21 63 7 3 90
22 0 7 6 16313
22 1 2 6 3620
22 2 4 3 58
22 3 5 5 3258
22 4 6 3 44
22 5 1 4 92
22 6 4 5 1152
22 7 1 5 208
22 8 1 6 712
22 9 6 5 2921
22 10 7 3 123
22 11 9 5 1827
22 12 5 3 43
22 13 5 5 1313
22 14 10 1 17
22 15 10 3 79
22 16 10 6 20256
22 17 5 4 218
22 18 7 5 1484
22 19 2 4 73
22 20 1 7 8544
22 21 5 5 664
22 22 7 8 652936
22 23 2 5 390
22 24 3 6 12519
22 25 2 7 11305
22 26 3 3 48
22 27 1 5 576
22 28 8 6 5897
22 29 6 5 2214
22 30 5 6 5754
22 31 9 7 81401
22 32 10 3 219
22 33 8 4 735
22 34 2 5 658
22 35 2 4 100
22 36 5 5 2128
22 37 5 5 1108
22 38 3 6 10851
22 39 1 6 1454
22 40 5 6 9773
22 41 6 6 15669
22 42 2 7 53462
22 43 3 6 4240
22 44 5 4 175
22 45 9 5 4009
22 46 6 4 249
22 47 10 5 2651
22 48 5 5 780
22 49 2 6 5492
22 50 10 4 498
22 51 9 6 8653
22 52 5 6 5034
22 53 7 3 151
22 54 1 4 94
22 55 2 5 674
22 56 7 6 19755
22 57 9 5 1186
22 58 9 4 532
22 59 8 4 846
22 60 4 7 21437
22 61 1 6 4146
22 62 1 5 568
22 63 5 5 2895
23 0 1 7 15321
23 1 1 6 1546
23 2 8 4 390
23 3 4 4 345
23 4 1 6 902
23 5 4 5 714
23 6 4 6 3662
23 7 7 5 1180
23 8 9 6 10088
23 9 4 7 74863
23 10 9 5 5813
23 11 9 2 20
23 12 1 6 1740
23 13 8 3 47
23 14 4 3 22
23 15 4 5 2319
23 16 9 4 304
23 17 8 5 1819
23 18 7 4 212
23 19 2 4 68
23 20 1 5 159
23 21 6 4 332
23 22 1 5 237
23 23 7 7 63596
23 24 3 5 886
23 25 1 8 78960
23 26 9 5 3767
23 27 4 6 14725
23 28 2 4 83
23 29 6 5 1783
23 30 2 7 73888
23 31 7 4 175
23 32 5 5 2050
23 33 10 4 245
23 34 6 7 34169
23 35 9 4 864
23 36 8 6 36311
23 37 3 6 8548
23 38 7 5 901
23 39 1 4 98
23 40 10 5 3294
23 41 7 5 3035
23 42 5 5 688
23 43 4 5 804
23 44 3 8 131475
23 45 7 3 143
23 46 2 5 258
23 47 6 5 1356
23 48 10 4 489
23 49 3 7 15881
23 50 3 8 212577
23 51 9 7 97794
23 52 3 5 1945
23 53 6 4 560
23 54 5 5 746
23 55 9 8 823160
23 56 5 4 392
23 57 9 4 270
23 58 8 6 32021
23 59 3 5 1147
23 60 7 4 693
23 61 5 5 1973
23 62 6 5 687
23 63 1 7 34715
24 0 5 4 191
24 1 10 5 1883
24 2 8 3 129
24 3 3 6 3811
24 4 10 4 490
24 5 7 3 116
24 6 9 2 28
24 7 4 5 1177
24 8 2 6 1746
24 9 8 3 170
24 10 4 6 3670
24 11 7 6 16500
24 12 5 5 1672
24 13 5 7 50715
24 14 8 5 4768
24 15 10 7 284882
24 16 5 5 1688
24 17 6 5 1455
24 18 5 6 5007
24 19 3 7 25809
24 20 1 5 687
24 21 1 5 152
24 22 8 6 7427
24 23 1 7 21557
24 24 2 5 399
24 25 9 6 28016
24 26 9 8 474133
24 27 6 4 237
24 28 8 5 1354
24 29 8 6 17188
24 30 9 3 84
24 31 3 5 1160
24 32 5 4 120
24 33 3 4 335
24 34 7 6 9059
24 35 9 5 1939
24 36 1 6 787
24 37 2 6 5741
24 38 5 6 7830
24 39 4 5 2075
24 40 10 5 2301
24 41 7 4 304
24 42 9 5 3625
24 43 9 3 198
24 44 5 5 2559
24 45 7 3 56
24 46 4 5 688
24 47 4 6 4165
24 48 5 4 154
24 49 4 7 33648
24 50 9 5 1991
24 51 2 6 8427
24 52 3 6 10285
24 53 2 5 776
24 54 6 4 135
24 55 8 7 55752
24 56 9 6 9943
24 57 10 3 72
24 58 3 5 456
24 59 9 4 686
24 60 8 3 95
24 61 9 3 79
24 62 5 5 3246
24 63 1 6 2395
25 0 3 4 199
25 1 8 5 3547
25 2 6 3 79
25 3 8 6 12332
25 4 7 5 1537
25 5 5 5 1271
25 6 8 4 839
25 7 4 5 648
25 8 4 3 45
25 9 7 4 240
25 10 9 3 93
25 11 6 6 27449
25 12 1 6 3086
25 13 1 5 355
25 14 2 5 1149
25 15 6 6 26124
25 16 2 5 353
25 17 4 6 2934
25 18 8 7 42540
25 19 3 6 2416
25 20 7 4 399
25 21 2 4 161
25 22 3 5 1044
25 23 8 4 857
25 24 5 5 2919
25 25 1 10 24686778
25 26 4 6 2836
25 27 8 5 3216
25 28 8 4 665
25 29 9 8 395849
25 30 4 4 158
25 31 6 6 6448
25 32 3 6 2745
25 33 7 6 12158
25 34 5 4 297
25 35 8 6 9622
25 36 2 5 889
25 37 2 8 265793
25 38 5 7 39291
25 39 10 5 5679
25 40 5 5 2410
25 41 4 3 29
25 42 10 5 3398
25 43 8 5 1739
25 44 4 8 447597
25 45 6 5 2975
25 46 7 5 2197
25 47 2 4 115
25 48 6 6 9391
25 49 8 6 16211
25 50 9 4 354
25 51 10 4 320
25 52 4 9 2347811
25 53 2 6 2838
25 54 4 4 173
25 55 7 5 2926
25 56 7 7 41055
25 57 10 7 78311
25 58 4 6 2885
25 59 1 8 57131
25 60 1 5 166
25 61 9 3 145
25 62 7 7 47679
25 63 9 4 359
26 0 3 6 11640
26 1 5 4 158
26 2 4 7 46533
26 3 2 6 6427
26 4 4 4 128
26 5 9 4 242
26 6 8 5 2545
26 7 10 3 79
26 8 9 4 395
26 9 4 4 214
26 10 1 7 6574
26 11 7 6 4995
26 12 8 5 3869
26 13 8 3 143
26 14 8 4 770
26 15 9 6 9237
26 16 7 4 704
26 17 5 4 530
26 18 5 4 224
26 19 4 6 12752
26 20 9 3 74
26 21 10 6 12006
26 22 4 6 3361
26 23 3 6 6729
26 24 5 6 11701
26 25 8 4 354
26 26 4 4 207
26 27 5 2 22
26 28 5 3 72
26 29 7 6 6001
26 30 5 5 1094
26 31 8 6 13348
26 32 10 5 4941
26 33 7 4 745
26 34 7 4 351
26 35 1 6 3692
26 36 6 4 263
26 37 2 4 155
26 38 7 3 43
26 39 6 6 14285
26 40 9 5 4483
26 41 8 8 2070387
26 42 1 6 2405
26 43 2 7 31632
26 44 5 5 759
26 45 3 7 17740
26 46 7 7 103975
26 47 8 4 893
26 48 4 4 436
26 49 5 5 2816
26 50 2 7 18702
26 51 6 7 52924
26 52 5 7 160167
26 53 3 4 267
26 54 1 7 12345
26 55 4 6 3051
26 56 3 5 777
26 57 7 5 4274
26 58 3 5 519
26 59 1 6 970
26 60 5 4 363
26 61 9 7 52229
26 62 9 3 108
26 63 2 5 1025
27 0 8 4 638
27 1 3 6 3418
27 2 2 5 290
27 3 10 8 1095034
27 4 4 7 40938
27 5 9 4 590
27 6 3 7 35366
27 7 2 9 4961151
27 8 10 4 695
27 9 5 4 171
27 10 7 4 772
27 11 9 6 7676
27 12 6 6 14142
27 13 3 4 295
27 14 3 4 89
27 15 7 5 1329
27 16 8 4 177
27 17 9 4 281
27 18 6 3 86
27 19 2 6 7998
27 20 8 4 554
27 21 5 5 1243
27 22 5 7 33901
27 23 6 6 10157
27 24 7 4 698
27 25 6 5 2452
27 26 4 4 443
27 27 3 5 580
27 28 2 3 28
27 29 5 6 4895
27 30 5 5 2288
27 31 10 5 1859
27 32 10 4 332
27 33 2 4 57
27 34 8 5 3924
27 35 5 5 576
27 36 4 7 39597
27 37 9 4 955
27 38 4 4 132
27 39 9 5 1360
27 40 5 5 2321
27 41 2 5 928
27 42 3 5 1203
27 43 7 4 214
27 44 9 5 5617
27 45 5 5 1361
27 46 10 5 1812
27 47 8 6 7160
27 48 5 5 595
27 49 4 7 36948
27 50 3 6 5756
27 51 10 6 12828
27 52 4 3 50
27 53 6 7 44407
27 54 6 5 961
27 55 1 7 14438
27 56 2 6 5617
27 57 9 4 864
27 58 1 6 1748
27 59 9 7 168168
27 60 8 4 300
27 61 7 6 17033
27 62 2 6 6613
27 63 2 6 4721
28 0 8 3 80
28 1 5 2 24
28 2 10 7 95290
28 3 1 7 11322
28 4 4 4 259
28 5 7 5 878
28 6 4 7 22278
28 7 9 4 976
28 8 6 7 129478
28 9 7 6 7003
28 10 2 4 221
28 11 4 4 188
28 12 4 4 269
28 13 5 6 7448
28 14 2 6 5504
28 15 10 6 7607
28 16 3 4 141
28 17 7 3 44
28 18 9 3 129
28 19 2 6 3751
28 20 3 8 260786
28 21 6 5 811
28 22 8 7 223976
28 23 1 6 1174
28 24 8 7 86037
28 25 4 8 242845
28 26 5 5 593
28 27 9 6 10963
28 28 5 7 157114
28 29 9 4 371
28 30 3 7 40514
28 31 4 5 918
28 32 8 5 913
28 33 10 7 256944
28 34 8 4 644
28 35 10 6 9490
28 36 9 4 603
28 37 7 4 190
28 38 5 4 271
28 39 4 4 184
28 40 10 5 1986
28 41 3 4 88
28 42 10 4 496
28 43 6 3 129
28 44 8 4 329
28 45 5 4 430
28 46 1 5 671
28 47 8 4 233
28 48 10 6 7761
28 49 6 4 150
28 50 8 8 353749
28 51 2 8 193667
28 52 6 5 1788
28 53 3 7 17520
28 54 4 5 480
28 55 9 5 1530
28 56 3 8 222950
28 57 2 6 1467
28 58 10 5 1337
28 59 6 4 255
28 60 9 3 100
28 61 4 6 11832
28 62 7 4 205
28 63 6 6 5541
29 0 4 4 143
29 1 9 5 1028
29 2 6 3 35
29 3 7 6 8375
29 4 1 6 2088
29 5 9 4 679
29 6 2 5 500
29 7 7 6 11850
29 8 1 6 1116
29 9 8 3 154
29 10 9 5 2182
29 11 8 3 136
29 12 8 5 2775
29 13 8 5 4788
29 14 4 5 842
29 15 10 6 34103
29 16 10 6 7362
29 17 1 7 6923
29 18 8 5 1658
29 19 6 4 512
29 20 2 5 727
29 21 4 8 1219062
29 22 6 6 4536
29 23 9 4 1011
29 24 4 6 16467
29 25 8 6 6482
29 26 4 3 65
29 27 5 8 206284
29 28 9 7 324761
29 29 9 8 719397
29 30 3 5 1401
29 31 3 4 129
29 32 6 2 31
29 33 8 4 350
29 34 9 3 177
29 35 10 3 82
29 36 4 7 20873
29 37 5 3 52
29 38 5 6 3872
29 39 7 3 114
29 40 1 9 929449
29 41 5 2 25
29 42 8 6 18094
29 43 8 7 53219
29 44 2 5 744
29 45 2 7 20637
29 46 8 6 5897
29 47 3 4 112
29 48 10 4 233
29 49 4 6 13480
29 50 2 8 93981
29 51 10 6 7765
29 52 5 6 4103
29 53 1 5 482
29 54 4 3 88
29 55 1 7 7271
29 56 6 6 19054
29 57 2 5 330
29 58 3 5 597
29 59 3 4 247
29 60 5 5 1153
29 61 8 7 67140
29 62 5 7 59478
29 63 5 4 273
30 0 6 5 1083
30 1 8 6 6319
30 2 4 7 99789
30 3 7 4 733
30 4 7 4 187
30 5 5 4 372
30 6 9 4 349
30 7 10 5 1805
30 8 1 9 421899
30 9 7 7 49062
30 10 8 5 3962
30 11 3 6 13874
30 12 3 7 16389
30 13 10 4 1028
30 14 3 6 4453
30 15 6 5 1311
30 16 9 5 1807
30 17 9 3 57
30 18 9 3 148
30 19 8 5 2929
30 20 9 3 91
30 21 5 3 57
30 22 6 5 1267
30 23 8 2 31
30 24 9 5 2906
30 25 10 4 302
30 26 8 6 33095
30 27 5 4 411
30 28 7 3 142
30 29 1 6 1098
30 30 7 5 2204
30 31 6 6 5673
30 32 7 5 985
30 33 6 6 4808
30 34 5 3 55
30 35 7 3 93
30 36 8 5 5116
30 37 9 5 1494
30 38 7 4 655
30 39 6 5 1700
30 40 2 5 1253
30 41 10 3 86
30 42 6 4 232
30 43 1 7 8429
30 44 7 7 139706
30 45 1 7 34105
30 46 6 5 926
30 47 8 6 19183
30 48 7 4 440
30 49 1 6 2317
30 50 4 6 6765
30 51 7 7 51296
30 52 1 6 792
30 53 4 6 14211
30 54 1 6 1687
30 55 2 5 233
30 56 3 6 5874
30 57 3 5 744
30 58 2 6 6588
30 59 6 4 166
30 60 6 4 412
30 61 4 5 549
30 62 7 4 222
30 63 6 3 83
31 0 10 2 38
31 1 3 4 137
31 2 2 5 246
31 3 9 4 267
31 4 2 5 285
31 5 9 4 939
31 6 4 5 663
31 7 7 5 2513
31 8 1 6 834
31 9 3 6 5560
31 10 2 6 1426
31 11 1 4 65
31 12 8 8 889411
31 13 6 7 60941
31 14 7 5 1809
31 15 10 5 1620
31 16 10 4 799
31 17 10 4 305
31 18 4 5 712
31 19 3 4 107
31 20 3 6 2719
31 21 5 5 644
31 22 5 6 14531
31 23 1 7 11121
31 24 3 6 8774
31 25 10 3 139
31 26 7 5 1569
31 27 7 4 275
31 28 1 4 87
31 29 9 4 436
31 30 3 5 686
31 31 8 6 11213
31 32 1 6 975
31 33 2 6 1579
31 34 7 5 1049
31 35 1 6 2227
31 36 1 8 190351
31 37 2 7 19507
31 38 7 5 919
31 39 7 4 748
31 40 2 4 160
31 41 3 7 42692
31 42 6 5 1059
31 43 6 4 577
31 44 4 6 18503
31 45 1 7 25240
31 46 9 4 485
31 47 8 4 499
31 48 8 5 1808
31 49 4 6 6818
31 50 9 4 209
31 51 4 6 3250
31 52 6 5 884
31 53 4 5 1358
31 54 6 5 1455
31 55 8 4 803
31 56 8 3 167
31 57 10 5 5519
31 58 9 3 140
31 59 4 6 4745
31 60 7 4 287
31 61 6 5 3171
31 62 4 5 942
31 63 3 4 272
32 0 6 6 8894
32 1 5 6 14965
32 2 5 6 10990
32 3 8 4 713
32 4 1 7 7672
32 5 10 3 175
32 6 6 6 5530
32 7 1 5 508
32 8 5 3 53
32 9 4 4 135
32 10 7 3 68
32 11 7 8 587573
32 12 7 6 8956
32 13 8 6 7576
32 14 10 4 520
32 15 3 7 38492
32 16 5 6 5417
32 17 3 3 45
32 18 3 7 31703
32 19 4 4 300
32 20 1 5 393
32 21 5 5 908
32 22 4 4 327
32 23 8 5 2193
32 24 3 5 1456
32 25 1 7 9643
32 26 1 4 75
32 27 9 5 1953
32 28 5 6 6090
32 29 1 4 76
32 30 4 7 26394
32 31 9 2 30
32 32 5 4 191
32 33 1 6 719
32 34 3 5 1794
32 35 8 5 927
32 36 8 4 403
32 37 3 5 364
32 38 10 3 70
32 39 6 5 1041
32 40 1 4 48
32 41 5 3 59
32 42 4 8 213040
32 43 2 4 78
32 44 1 8 99750
32 45 9 4 459
32 46 4 5 834
32 47 7 6 17236
32 48 8 5 4660
32 49 2 4 208
32 50 6 6 4698
32 51 4 3 72
32 52 2 7 32890
32 53 6 7 214135
32 54 7 4 535
32 55 7 3 129
32 56 2 5 406
32 57 6 3 92
32 58 1 6 3373
32 59 6 6 11508
32 60 8 4 671
32 61 8 6 6333
32 62 8 7 41965
32 63 9 8 390820
33 0 10 2 47
33 1 6 6 18249
33 2 10 4 374
33 3 1 7 12129
33 4 10 3 96
33 5 8 5 2504
33 6 4 6 3206
33 7 3 2 12
33 8 6 8 941689
33 9 1 5 151
33 10 2 4 210
33 11 9 6 35083
33 12 4 7 51211
33 13 9 4 355
33 14 4 6 4178
33 15 7 4 466
33 16 3 4 147
33 17 1 7 6653
33 18 2 4 164
33 19 3 4 318
33 20 1 6 932
33 21 3 4 214
33 22 5 6 4847
33 23 10 4 765
33 24 4 7 31212
33 25 6 6 5047
33 26 4 3 75
33 27 1 5 489
33 28 4 5 956
33 29 3 6 4977
33 30 10 6 9333
33 31 8 4 186
33 32 7 7 144081
33 33 9 8 2063347
33 34 10 5 3547
33 35 7 4 577
33 36 8 3 140
33 37 5 6 4068
33 38 1 7 9732
33 39 9 2 39
33 40 9 6 11722
33 41 2 3 39
33 42 1 8 51895
33 43 1 4 104
33 44 2 5 1124
33 45 1 6 880
33 46 5 4 183
33 47 2 6 1873
33 48 9 5 2825
33 49 6 6 11146
33 50 5 6 4783
33 51 2 4 86
33 52 9 6 6793
33 53 9 4 312
33 54 9 4 493
33 55 4 4 171
33 56 8 2 18
33 57 6 5 829
33 58 8 4 576
33 59 1 7 19551
33 60 10 4 359
33 61 8 5 2809
33 62 9 6 15353
33 63 7 6 6526
34 0 8 3 148
34 1 9 5 1931
34 2 9 5 3136
34 3 8 7 67767
34 4 1 6 1472
34 5 7 5 3295
34 6 5 6 6439
34 7 2 5 544
34 8 2 5 241
34 9 7 5 973
34 10 3 6 2662
34 11 5 5 1544
34 12 3 7 103115
34 13 1 6 1184
34 14 3 6 11109
34 15 4 6 5643
34 16 7 3 122
34 17 7 5 1111
34 18 9 9 3876760
34 19 7 5 1960
34 20 2 5 471
34 21 5 6 4660
34 22 8 7 46607
34 23 9 5 3368
34 24 2 5 857
34 25 7 5 2678
34 26 1 6 3576
34 27 10 7 94763
34 28 7 3 46
34 29 7 6 10330
34 30 3 5 1227
34 31 7 2 35
34 32 3 5 1751
34 33 5 5 827
34 34 9 5 2183
34 35 4 7 145722
34 36 7 4 732
34 37 8 6 9106
34 38 9 4 597
34 39 5 4 384
34 40 1 5 199
34 41 10 5 4756
34 42 4 8 403599
34 43 1 5 155
34 44 6 5 1350
34 45 8 4 215
34 46 8 3 74
34 47 3 7 23439
34 48 9 6 6361
34 49 5 5 1132
34 50 8 5 2908
34 51 3 6 14608
34 52 2 5 896
34 53 8 6 8187
34 54 5 7 81639
34 55 4 5 877
34 56 3 6 3251
34 57 1 5 490
34 58 6 4 280
34 59 2 5 328
34 60 10 3 83
34 61 7 3 51
34 62 10 5 6307
34 63 1 4 79
35 0 6 6 10226
35 1 6 5 1312
35 2 2 4 157
35 3 2 8 270101
35 4 3 6 2141
35 5 10 5 4215
35 6 7 7 200798
35 7 2 5 409
35 8 2 7 16829
35 9 4 5 2245
35 10 5 5 795
35 11 4 6 10675
35 12 6 7 37220
35 13 4 7 116530
35 14 2 7 52396
35 15 9 5 1621
35 16 2 4 59
35 17 9 6 22110
35 18 4 6 3649
35 19 8 5 2829
35 20 10 1 14
35 21 2 7 10309
35 22 1 5 154
35 23 4 6 6869
35 24 3 6 6623
35 25 4 6 3341
35 26 6 6 7161
35 27 6 6 24202
35 28 8 5 3534
35 29 4 7 84063
35 30 8 4 380
35 31 8 3 105
35 32 2 2 8
35 33 9 5 2530
35 34 7 5 4404
35 35 4 6 6142
35 36 3 4 109
35 37 5 6 5470
35 38 7 5 3969
35 39 7 5 1666
35 40 9 4 323
35 41 9 4 353
35 42 8 4 251
35 43 9 5 2595
35 44 7 6 22502
35 45 5 3 33
35 46 5 7 126402
35 47 1 5 192
35 48 9 6 24957
35 49 4 6 12343
35 50 9 5 4706
35 51 1 7 26690
35 52 5 5 860
35 53 8 6 8137
35 54 5 5 855
35 55 10 5 2383
35 56 1 5 544
35 57 6 3 122
35 58 2 7 21994
35 59 9 4 444
35 60 9 6 7247
35 61 7 3 63
35 62 7 7 48931
35 63 5 4 201
36 0 8 4 270
36 1 8 5 2172
36 2 6 7 36052
36 3 9 5 3274
36 4 7 5 1026
36 5 10 4 747
36 6 4 4 158
36 7 5 4 168
36 8 7 4 573
36 9 7 3 136
36 10 1 6 4120
36 11 9 5 3207
36 12 5 6 5662
36 13 4 6 8292
36 14 8 6 18556
36 15 5 7 36989
36 16 10 5 1677
36 17 8 5 4128
36 18 4 8 262973
36 19 3 5 507
36 20 5 6 4627
36 21 1 6 3742
36 22 4 5 1987
36 23 5 4 183
36 24 9 5 1592
36 25 8 5 1180
36 26 1 7 7446
36 27 2 4 56
36 28 1 8 60060
36 29 5 5 2413
36 30 5 4 131
36 31 3 7 18881
36 32 5 4 563
36 33 2 5 1107
36 34 5 5 1173
36 35 5 4 547
36 36 7 5 913
36 37 10 4 893
36 38 7 4 463
36 39 10 3 141
36 40 9 4 302
36 41 8 4 563
36 42 10 6 10348
36 43 10 4 958
36 44 2 8 312596
36 45 8 7 58939
36 46 1 5 127
36 47 5 4 370
36 48 1 5 691
36 49 6 7 41300
36 50 1 6 2141
36 51 4 6 6091
36 52 7 6 12273
36 53 4 4 422
36 54 4 6 5315
36 55 3 5 542
36 56 4 6 3230
36 57 1 8 47725
36 58 5 4 176
36 59 6 6 10195
36 60 10 6 11342
36 61 2 4 195
36 62 7 5 4477
36 63 10 5 1313
37 0 1 9 2074324
37 1 4 7 39072
37 2 6 6 19210
37 3 5 5 2794
37 4 5 6 3977
37 5 6 5 915
37 6 2 6 1629
37 7 9 7 88253
37 8 4 7 46616
37 9 5 6 11984
37 10 7 6 9218
37 11 3 4 175
37 12 9 7 283017
37 13 8 3 139
37 14 7 5 850
37 15 1 6 4350
37 16 3 6 3420
37 17 7 5 2940
37 18 5 4 363
37 19 10 3 75
37 20 3 5 1781
37 21 8 5 3257
37 22 10 4 243
37 23 3 7 76603
37 24 7 4 220
37 25 6 5 1943
37 26 10 5 5777
37 27 3 5 1285
37 28 9 6 29497
37 29 3 8 988159
37 30 10 3 97
37 31 3 4 207
37 32 9 6 15112
37 33 7 5 816
37 34 6 5 802
37 35 10 4 222
37 36 6 5 3592
37 37 6 7 34788
37 38 1 5 577
37 39 7 4 200
37 40 5 4 133
37 41 5 5 776
37 42 10 4 409
37 43 6 7 88769
37 44 3 5 780
37 45 9 4 489
37 46 1 5 127
37 47 3 4 232
37 48 3 6 11932
37 49 5 7 32243
37 50 6 6 8532
37 51 3 6 3263
37 52 1 6 758
37 53 1 6 2197
37 54 6 5 1840
37 55 1 4 82
37 56 9 6 10678
37 57 2 4 83
37 58 6 5 1848
37 59 7 8 527018
37 60 1 7 7090
37 61 2 4 132
37 62 8 4 236
37 63 3 5 1508
38 0 1 6 2676
38 1 8 6 15897
38 2 3 5 457
38 3 6 5 703
38 4 9 9 16421410
38 5 8 6 10466
38 6 8 5 3509
38 7 9 3 52
38 8 8 6 6086
38 9 5 5 571
38 10 8 5 1066
38 11 10 4 619
38 12 5 5 1253
38 13 7 3 78
38 14 8 4 456
38 15 9 4 685
38 16 3 5 1083
38 17 2 5 617
38 18 8 5 4306
38 19 9 6 6575
38 20 4 7 58732
38 21 7 4 614
38 22 5 4 115
38 23 8 3 59
38 24 4 8 298716
38 25 8 5 1626
38 26 6 2 25
38 27 8 7 200511
38 28 9 5 1983
38 29 7 4 580
38 30 10 3 133
38 31 4 5 940
38 32 6 5 1837
38 33 9 3 149
38 34 1 5 148
38 35 7 5 1354
38 36 1 8 41748
38 37 8 4 356
38 38 2 4 153
38 39 9 4 615
38 40 9 6 21942
38 41 1 5 124
38 42 1 5 141
38 43 5 5 648
38 44 3 4 237
38 45 10 3 59
38 46 9 6 13256
38 47 9 5 1660
38 48 2 5 608
38 49 4 6 8084
38 50 2 7 11390
38 51 4 7 82871
38 52 2 4 144
38 53 10 4 469
38 54 7 5 1011
38 55 8 5 2572
38 56 7 3 149
38 57 6 5 2330
38 58 10 6 7775
38 59 6 5 2460
38 60 7 5 1399
38 61 5 4 407
38 62 7 4 194
38 63 9 4 596
39 0 2 6 4868
39 1 7 5 3963
39 2 7 4 455
39 3 5 7 33806
39 4 4 6 7107
39 5 8 5 4564
39 6 2 4 97
39 7 6 6 7053
39 8 5 3 37
39 9 4 3 32
39 10 5 2 24
39 11 8 5 1127
39 12 8 5 1817
39 13 2 4 97
39 14 1 7 28009
39 15 8 6 16344
39 16 10 4 642
39 17 6 6 8472
39 18 10 6 29748
39 19 3 6 4030
39 20 4 6 3357
39 21 10 9 7314031
39 22 5 4 247
39 23 2 4 67
39 24 2 5 1219
39 25 5 5 802
39 26 7 5 934
39 27 7 5 2043
39 28 1 7 6790
39 29 6 5 2044
39 30 5 5 1623
39 31 5 5 1043
39 32 5 8 306997
39 33 8 3 169
39 34 4 4 388
39 35 6 7 106211
39 36 10 5 4008
39 37 4 7 85551
39 38 1 4 60
39 39 6 4 269
39 40 7 4 330
39 41 4 4 129
39 42 3 6 8834
39 43 8 8 967698
39 44 1 5 230
39 45 6 3 33
39 46 7 7 116040
39 47 5 7 28315
39 48 6 5 1167
39 49 9 4 276
39 50 2 6 2878
39 51 10 4 304
39 52 3 9 1876102
39 53 5 4 135
39 54 10 5 4700
39 55 8 5 1801
39 56 2 8 92527
39 57 7 5 1729
39 58 7 3 126
39 59 3 5 1183
39 60 4 5 564
39 61 7 4 681
39 62 9 5 3190
39 63 10 6 13814
40 0 6 6 10203
40 1 6 2 14
40 2 8 2 41
40 3 7 3 38
40 4 10 5 2296
40 5 1 6 2591
40 6 10 5 2021
40 7 7 4 455
40 8 2 7 12824
40 9 1 6 1829
40 10 2 6 1442
40 11 7 5 969
40 12 5 4 113
40 13 3 5 386
40 14 9 5 1166
40 15 4 5 662
40 16 9 4 605
40 17 3 5 578
40 18 1 5 380
40 19 5 5 646
40 20 5 6 5246
40 21 8 4 238
40 22 6 5 846
40 23 10 5 1505
40 24 1 5 431
40 25 6 5 753
40 26 9 3 71
40 27 6 4 301
40 28 10 5 1954
40 29 3 6 12925
40 30 4 6 9839
40 31 6 4 194
40 32 6 4 157
40 33 3 4 83
40 34 1 5 229
40 35 9 4 425
40 36 5 5 3116
40 37 10 4 809
40 38 2 5 515
40 39 2 5 1183
40 40 6 5 2958
40 41 10 3 141
40 42 5 6 7742
40 43 2 4 48
40 44 9 3 66
40 45 9 6 23094
40 46 4 6 4006
40 47 2 4 106
40 48 2 4 87
40 49 6 5 3276
40 50 1 6 2295
40 51 8 4 747
40 52 8 5 4262
40 53 6 4 644
40 54 9 3 132
40 55 5 6 16243
40 56 4 5 770
40 57 9 4 370
40 58 2 5 757
40 59 7 6 30065
40 60 8 6 5690
40 61 4 5 910
40 62 1 6 3656
40 63 3 3 58
41 0 7 4 354
41 1 3 9 1932480
41 2 7 4 689
41 3 9 5 2515
41 4 5 3 50
41 5 3 6 7907
41 6 4 4 197
41 7 9 6 20683
41 8 5 6 22929
41 9 8 5 1609
41 10 3 3 35
41 11 1 4 45
41 12 7 6 8332
41 13 10 5 1901
41 14 9 3 193
41 15 6 4 527
41 16 5 6 6327
41 17 4 5 541
41 18 10 6 8247
41 19 6 7 100989
41 20 5 7 38955
41 21 4 5 978
41 22 7 4 406
41 23 2 6 1458
41 24 1 6 2143
41 25 1 5 500
41 26 1 7 7570
41 27 9 4 542
41 28 7 6 14314
41 29 9 4 691
41 30 7 5 4214
41 31 6 5 2830
41 32 2 6 5003
41 33 8 6 27490
41 34 8 5 1906
41 35 9 5 2078
41 36 1 8 211778
41 37 8 3 43
41 38 7 5 1213
41 39 9 4 375
41 40 4 6 16970
41 41 8 4 385
41 42 4 5 2141
41 43 4 6 5294
41 44 10 5 1820
41 45 6 4 227
41 46 2 6 5907
41 47 1 6 2913
41 48 1 6 2596
41 49 6 4 310
41 50 5 6 3726
41 51 8 3 143
41 52 6 7 49422
41 53 4 6 5200
41 54 6 5 784
41 55 10 4 1035
41 56 3 6 9148
41 57 3 6 4678
41 58 7 6 32952
41 59 8 4 346
41 60 8 5 1253
41 61 8 6 12950
41 62 5 6 3983
41 63 3 6 7008
42 0 2 5 1234
42 1 3 5 419
42 2 6 5 3255
42 3 4 7 24633
42 4 9 6 8083
42 5 6 6 16608
42 6 2 5 1132
42 7 3 5 765
42 8 2 6 2761
42 9 5 5 612
42 10 8 5 4207
42 11 8 3 154
42 12 4 6 13048
42 13 8 4 383
42 14 1 9 587630
42 15 10 4 259
42 16 10 2 46
42 17 6 5 3895
42 18 9 3 72
42 19 4 5 1646
42 20 3 7 30183
42 21 1 7 8068
42 22 7 6 11600
42 23 9 5 1768
42 24 3 5 1387
42 25 2 6 7290
42 26 7 5 2400
42 27 3 3 30
42 28 1 5 312
42 29 5 4 117
42 30 1 5 172
42 31 5 8 218661
42 32 7 5 1389
42 33 2 5 350
42 34 8 6 37654
42 35 9 4 839
42 36 9 7 44769
42 37 2 6 2036
42 38 8 4 386
42 39 6 5 912
42 40 4 4 280
42 41 1 6 4827
42 42 7 4 331
42 43 2 3 41
42 44 4 5 624
42 45 8 4 551
42 46 4 6 3501
42 47 1 6 762
42 48 6 5 829
42 49 10 4 480
42 50 7 7 60582
42 51 2 6 3532
42 52 5 7 38257
42 53 9 8 1940424
42 54 10 4 1006
42 55 5 5 3293
42 56 5 7 73186
42 57 4 4 159
42 58 3 8 145598
42 59 9 5 2273
42 60 5 3 40
42 61 3 6 2278
42 62 9 6 28013
42 63 1 5 205
43 0 10 4 245
43 1 5 7 30070
43 2 8 3 56
43 3 3 3 61
43 4 3 7 32831
43 5 1 4 45
43 6 3 5 468
43 7 2 5 690
43 8 9 6 13675
43 9 7 5 1710
43 10 1 4 81
43 11 3 6 3238
43 12 9 5 5861
43 13 10 5 4350
43 14 9 4 818
43 15 3 5 736
43 16 9 3 125
43 17 10 4 663
43 18 5 5 3374
43 19 6 5 1209
43 20 1 6 4732
43 21 6 5 702
43 22 3 5 502
43 23 10 2 50
43 24 7 5 3986
43 25 9 4 654
43 26 5 5 1398
43 27 9 6 41597
43 28 10 4 329
43 29 10 6 8842
43 30 9 6 16670
43 31 7 5 3524
43 32 9 3 56
43 33 6 5 1671
43 34 3 6 13718
43 35 10 6 10384
43 36 4 8 172910
43 37 6 5 1047
43 38 2 7 13076
43 39 6 6 21209
43 40 6 4 160
43 41 3 4 221
43 42 5 5 2120
43 43 1 6 754
43 44 2 6 5792
43 45 1 7 9638
43 46 4 4 351
43 47 3 7 58596
43 48 5 3 78
43 49 7 7 65645
43 50 3 4 107
43 51 5 4 447
43 52 6 6 7429
43 53 1 4 74
43 54 6 3 107
43 55 10 3 146
43 56 3 5 383
43 57 5 6 4112
43 58 3 4 72
43 59 8 5 2615
43 60 2 6 2083
43 61 1 5 503
43 62 8 1 7
43 63 9 6 10399
44 0 3 7 17524
44 1 9 6 13319
44 2 7 6 7753
44 3 3 5 1587
44 4 1 6 4793
44 5 3 5 1831
44 6 1 5 354
44 7 1 7 6730
44 8 9 5 5135
44 9 8 4 187
44 10 3 5 1735
44 11 4 5 2243
44 12 6 7 56223
44 13 7 4 543
44 14 8 5 3895
44 15 7 4 199
44 16 1 6 3183
44 17 5 4 363
44 18 10 4 681
44 19 3 7 20461
44 20 2 9 1127112
44 21 10 6 17767
44 22 3 3 59
44 23 4 3 80
44 24 9 4 447
44 25 10 6 26163
44 26 7 4 227
44 27 5 5 2594
44 28 7 5 4357
44 29 8 5 1571
44 30 3 5 574
44 31 10 8 3315497
44 32 7 3 133
44 33 1 4 87
44 34 1 6 1007
44 35 5 6 24211
44 36 4 5 513
44 37 9 4 650
44 38 6 5 1018
44 39 3 6 8571
44 40 1 5 145
44 41 5 6 7941
44 42 6 6 5734
44 43 9 2 33
44 44 2 5 518
44 45 3 4 119
44 46 7 5 812
44 47 1 6 2930
44 48 6 5 3667
44 49 8 5 4015
44 50 8 4 257
44 51 10 5 4265
44 52 2 4 225
44 53 10 3 126
44 54 2 6 4655
44 55 10 2 31
44 56 8 4 515
44 57 8 4 216
44 58 10 4 836
44 59 1 7 35656
44 60 4 7 36447
44 61 2 6 7800
44 62 10 4 439
44 63 2 6 8292
45 0 1 4 109
45 1 1 6 1319
45 2 2 4 113
45 3 6 4 173
45 4 7 5 4108
45 5 9 6 22218
45 6 2 5 919
45 7 6 5 744
45 8 8 5 2504
45 9 10 3 87
45 10 10 2 47
45 11 8 3 99
45 12 1 7 35272
45 13 2 6 1616
45 14 5 5 1987
45 15 9 5 5105
45 16 9 5 1430
45 17 5 4 452
45 18 7 4 752
45 19 7 6 28554
45 20 4 7 94420
45 21 9 6 6457
45 22 4 5 462
45 23 6 6 11520
45 24 3 6 3903
45 25 3 6 12161
45 26 9 5 4977
45 27 10 4 626
45 28 6 6 4681
45 29 6 7 31410
45 30 9 5 3625
45 31 8 6 16251
45 32 3 4 299
45 33 3 4 220
45 34 3 6 7207
45 35 6 5 872
45 36 6 5 3351
45 37 4 5 2590
45 38 4 7 123926
45 39 6 3 43
45 40 4 5 691
45 41 10 4 980
45 42 5 4 133
45 43 7 5 1743
45 44 3 5 363
45 45 8 8 353040
45 46 9 5 5337
45 47 8 5 2280
45 48 8 3 153
45 49 10 3 80
45 50 10 4 508
45 51 10 4 522
45 52 10 4 732
45 53 6 3 83
45 54 6 3 122
45 55 6 4 526
45 56 5 6 4551
45 57 6 8 327068
45 58 5 7 42776
45 59 8 3 126
45 60 9 5 4712
45 61 2 6 7444
45 62 7 7 62434
45 63 9 6 30697
46 0 8 6 5814
46 1 4 6 5472
46 2 5 4 273
46 3 2 8 115237
46 4 5 3 48
46 5 2 7 19201
46 6 1 6 4810
46 7 8 6 17666
46 8 6 5 2350
46 9 2 5 586
46 10 3 5 690
46 11 1 6 4224
46 12 1 6 3655
46 13 4 4 305
46 14 2 7 19063
46 15 2 7 16875
46 16 5 7 29102
46 17 6 6 5634
46 18 6 6 5373
46 19 2 6 1390
46 20 7 6 5262
46 21 8 5 2091
46 22 4 6 10737
46 23 6 4 642
46 24 10 6 36615
46 25 3 6 6904
46 26 2 7 25556
46 27 9 7 93653
46 28 7 6 10011
46 29 2 5 429
46 30 7 4 494
46 31 10 5 2436
46 32 1 5 469
46 33 9 4 304
46 34 9 5 1094
46 35 2 6 6949
46 36 7 4 473
46 37 3 5 1546
46 38 6 6 10120
46 39 10 4 568
46 40 4 7 24623
46 41 2 4 180
46 42 1 6 2933
46 43 5 5 3045
46 44 5 4 116
46 45 6 5 1439
46 46 2 5 1235
46 47 10 6 8084
46 48 2 4 119
46 49 4 6 3690
46 50 2 6 1416
46 51 1 6 943
46 52 9 5 1160
46 53 4 5 655
46 54 8 5 3760
46 55 1 8 109000
46 56 9 5 1616
46 57 6 5 1774
46 58 6 5 2299
46 59 7 3 86
46 60 7 3 118
46 61 1 5 515
46 62 2 7 24074
46 63 7 4 223
47 0 10 4 435
47 1 5 6 4035
47 2 5 3 88
47 3 5 6 3926
47 4 9 5 2451
47 5 10 5 1975
47 6 4 4 93
47 7 5 6 10234
47 8 2 5 1015
47 9 5 5 998
47 10 6 4 271
47 11 8 4 788
47 12 1 6 2727
47 13 5 3 63
47 14 9 6 22540
47 15 8 5 1735
47 16 10 5 5580
47 17 8 4 603
47 18 8 3 48
47 19 5 4 130
47 20 8 4 233
47 21 5 4 455
47 22 2 6 6637
47 23 5 5 1670
47 24 1 8 82602
47 25 2 6 9196
47 26 7 6 9734
47 27 10 5 3442
47 28 6 6 20861
47 29 2 4 157
47 30 4 5 2114
47 31 7 6 29016
47 32 4 6 9069
47 33 1 3 13
47 34 8 7 48403
47 35 4 6 7521
47 36 5 3 72
47 37 8 5 2489
47 38 3 7 19461
47 39 10 5 1896
47 40 3 7 21986
47 41 4 7 20387
47 42 8 4 567
47 43 9 4 697
47 44 2 6 8516
47 45 6 2 22
47 46 7 4 197
47 47 8 4 229
47 48 10 6 46559
47 49 7 6 25167
47 50 2 6 8108
47 51 5 6 5450
47 52 6 6 6655
47 53 2 6 4328
47 54 8 5 4366
47 55 6 4 292
47 56 3 5 1330
47 57 2 5 834
47 58 8 5 1090
47 59 1 7 6086
47 60 6 4 206
47 61 4 4 411
47 62 2 6 2246
47 63 7 3 149
48 0 8 5 947
48 1 2 6 2112
48 2 8 5 1504
48 3 8 3 52
48 4 9 6 11626
48 5 3 5 901
48 6 1 6 1075
48 7 8 6 7826
48 8 2 5 448
48 9 7 5 1373
48 10 1 6 1588
48 11 1 4 85
48 12 4 7 82108
48 13 6 5 1098
48 14 8 5 1060
48 15 1 7 22445
48 16 7 4 219
48 17 9 5 1551
48 18 2 7 24552
48 19 6 4 278
48 20 7 4 533
48 21 5 5 1730
48 22 5 6 3860
48 23 8 5 5502
48 24 1 6 1377
48 25 2 4 88
48 26 4 7 46911
48 27 6 5 2699
48 28 9 5 5243
48 29 8 5 3118
48 30 5 8 1518337
48 31 8 4 496
48 32 8 3 128
48 33 1 7 25139
48 34 8 3 85
48 35 6 4 221
48 36 7 5 1969
48 37 8 4 283
48 38 5 6 23885
48 39 1 4 50
48 40 7 4 156
48 41 10 4 250
48 42 8 5 1563
48 43 7 7 194737
48 44 10 3 220
48 45 3 7 41030
48 46 9 7 48158
48 47 6 5 2243
48 48 10 5 1600
48 49 8 8 1050642
48 50 10 4 898
48 51 7 3 88
48 52 9 5 2071
48 53 5 4 179
48 54 6 5 3615
48 55 8 4 793
48 56 7 5 2029
48 57 9 5 6233
48 58 5 4 503
48 59 5 6 12979
48 60 10 6 26966
48 61 6 5 3880
48 62 9 3 131
48 63 2 7 60824
49 0 2 6 7975
49 1 6 5 3236
49 2 7 6 19795
49 3 5 4 126
49 4 10 4 392
49 5 8 3 107
49 6 6 7 37460
49 7 5 4 145
49 8 9 2 33
49 9 2 4 47
49 10 8 4 426
49 11 3 4 148
49 12 5 6 3991
49 13 9 5 1166
49 14 10 5 1421
49 15 9 5 1281
49 16 1 6 4638
49 17 6 5 2531
49 18 8 6 30532
49 19 8 3 83
49 20 7 5 1008
49 21 2 8 261061
49 22 4 6 13641
49 23 7 5 1212
49 24 6 5 708
49 25 8 6 11804
49 26 1 5 197
49 27 8 4 194
49 28 8 4 859
49 29 9 3 137
49 30 2 6 1889
49 31 7 7 230262
49 32 5 6 13961
49 33 7 6 17438
49 34 3 2 14
49 35 2 6 2419
49 36 6 3 64
49 37 4 5 1864
49 38 3 4 76
49 39 5 7 31820
49 40 6 7 33258
49 41 5 5 727
49 42 10 2 25
49 43 5 3 90
49 44 5 8 259580
49 45 4 8 291333
49 46 4 5 760
49 47 9 4 721
49 48 9 6 10464
49 49 9 6 9101
49 50 3 6 9569
49 51 5 5 749
49 52 6 5 3485
49 53 5 4 394
49 54 5 6 10571
49 55 4 4 90
49 56 10 5 2134
49 57 7 6 11140
49 58 8 4 539
49 59 8 6 22361
49 60 9 4 435
49 61 2 4 149
49 62 1 5 545
49 63 5 4 514
50 0 2 3 32
50 1 7 7 132488
50 2 3 5 429
50 3 8 3 133
50 4 3 4 84
50 5 3 3 32
50 6 7 5 1161
50 7 5 6 10604
50 8 9 5 1065
50 9 3 4 72
50 10 7 5 1004
50 11 10 5 1199
50 12 4 5 463
50 13 1 6 3995
50 14 6 5 2612
50 15 6 6 16475
50 16 2 5 788
50 17 1 5 682
50 18 4 4 295
50 19 10 4 413
50 20 8 6 9323
50 21 3 5 492
50 22 7 4 486
50 23 1 5 576
50 24 6 3 32
50 25 5 5 639
50 26 10 6 23987
50 27 8 6 7624
50 28 3 5 521
50 29 2 4 75
50 30 2 7 12026
50 31 3 7 43998
50 32 1 5 156
50 33 3 6 7477
50 34 6 5 1518
50 35 3 4 134
50 36 9 6 10428
50 37 5 3 96
50 38 4 7 23179
50 39 5 3 32
50 40 1 6 2450
50 41 8 4 198
50 42 10 5 4583
50 43 7 5 1623
50 44 3 3 24
50 45 1 7 16743
50 46 9 5 1181
50 47 10 6 18969
50 48 8 3 114
50 49 1 6 3274
50 50 3 6 5198
50 51 7 6 12099
50 52 1 8 42742
50 53 9 5 4771
50 54 9 5 2428
50 55 7 6 5514
50 56 3 5 507
50 57 9 4 902
50 58 3 5 699
50 59 1 7 23874
50 60 2 6 3482
50 61 7 4 663
50 62 1 5 145
50 63 8 6 5590
51 0 3 6 6140
51 1 2 5 1249
51 2 4 6 10083
51 3 1 5 358
51 4 5 6 14920
51 5 7 3 38
51 6 7 4 216
51 7 2 5 1320
51 8 2 5 504
51 9 4 6 3776
51 10 2 7 25491
51 11 1 8 155380
51 12 2 6 6708
51 13 2 7 17024
51 14 7 5 4609
51 15 7 4 634
51 16 6 5 2564
51 17 7 4 431
51 18 7 6 15667
51 19 9 4 908
51 20 4 5 870
51 21 8 4 560
51 22 8 3 86
51 23 4 5 2437
51 24 4 5 974
51 25 10 4 950
51 26 6 7 221252
51 27 5 5 945
51 28 9 3 146
51 29 5 7 29715
51 30 4 6 3383
51 31 7 5 4513
51 32 8 3 52
51 33 7 5 884
51 34 1 6 1860
51 35 7 4 230
51 36 3 6 8507
51 37 4 7 20905
51 38 3 9 1256804
51 39 3 6 8660
51 40 2 6 4253
51 41 8 7 191792
51 42 9 4 691
51 43 2 3 17
51 44 9 5 2498
51 45 6 4 209
51 46 6 6 5086
51 47 5 5 1561
51 48 7 4 661
51 49 7 2 36
51 50 6 6 12034
51 51 2 5 1051
51 52 1 4 52
51 53 7 3 98
51 54 4 5 792
51 55 9 4 788
51 56 1 6 1339
51 57 9 7 67996
51 58 6 5 965
51 59 1 7 23470
51 60 4 7 38344
51 61 1 6 2178
51 62 2 6 9333
51 63 2 5 341
52 0 9 5 3397
52 1 2 4 92
52 2 9 4 765
52 3 3 5 366
52 4 10 7 84849
52 5 6 3 96
52 6 2 6 3668
52 7 10 6 37401
52 8 5 6 10164
52 9 7 5 2622
52 10 8 5 2692
52 11 7 3 44
52 12 4 8 161564
52 13 4 4 337
52 14 4 3 82
52 15 6 5 1380
52 16 4 4 101
52 17 2 4 140
52 18 5 5 1624
52 19 6 6 4335
52 20 10 5 3334
52 21 2 4 119
52 22 7 6 8820
52 23 4 7 20743
52 24 7 3 74
52 25 2 7 10631
52 26 2 5 822
52 27 2 5 367
52 28 10 4 632
52 29 8 7 150167
52 30 8 5 3036
52 31 5 8 278359
52 32 7 5 1096
52 33 9 5 5349
52 34 9 4 909
52 35 5 4 513
52 36 6 5 1866
52 37 3 7 88532
52 38 8 3 141
52 39 7 3 133
52 40 3 5 1003
52 41 7 5 1030
52 42 1 6 1167
52 43 2 5 300
52 44 2 7 13117
52 45 1 6 1363
52 46 1 6 4508
52 47 6 6 8790
52 48 10 5 1402
52 49 10 6 18578
52 50 2 4 92
52 51 10 6 7339
52 52 5 6 5436
52 53 6 5 2070
52 54 4 5 1667
52 55 1 5 491
52 56 6 3 92
52 57 5 5 1575
52 58 2 5 1042
52 59 3 4 91
52 60 2 5 541
52 61 7 4 657
52 62 8 4 412
52 63 6 5 4018
53 0 5 6 20486
53 1 6 6 11632
53 2 4 8 1021451
53 3 1 5 418
53 4 4 4 236
53 5 2 6 9280
53 6 1 8 165967
53 7 8 5 953
53 8 7 7 38934
53 9 4 6 3049
53 10 6 8 295681
53 11 7 7 48097
53 12 2 6 5627
53 13 7 5 2748
53 14 8 6 8363
53 15 5 4 210
53 16 9 5 2956
53 17 3 7 68185
53 18 4 5 710
53 19 6 4 654
53 20 3 5 1874
53 21 3 8 588561
53 22 1 5 610
53 23 4 5 624
53 24 4 5 880
53 25 4 4 109
53 26 7 5 1077
53 27 6 3 130
53 28 10 6 37668
53 29 7 3 76
53 30 8 6 11584
53 31 3 4 276
53 32 4 6 10738
53 33 5 8 268621
53 34 10 4 807
53 35 6 4 638
53 36 9 3 93
53 37 7 4 254
53 38 4 4 172
53 39 7 6 7554
53 40 9 5 3568
53 41 2 6 7331
53 42 9 5 5070
53 43 3 5 1193
53 44 4 8 661776
53 45 6 4 264
53 46 6 5 2865
53 47 8 7 64980
53 48 8 5 1421
53 49 9 6 9581
53 50 3 5 1927
53 51 7 5 3219
53 52 4 6 3258
53 53 9 5 2276
53 54 6 7 207672
53 55 7 6 17973
53 56 2 5 442
53 57 9 5 2081
53 58 7 6 11661
53 59 1 5 380
53 60 9 4 440
53 61 7 4 621
53 62 10 4 718
53 63 8 4 672
54 0 8 3 76
54 1 8 4 612
54 2 2 5 1278
54 3 2 8 220918
54 4 2 5 811
54 5 3 5 1727
54 6 8 6 11461
54 7 4 6 4295
54 8 3 7 20788
54 9 2 7 18755
54 10 8 4 579
54 11 3 6 7718
54 12 4 6 6297
54 13 3 5 411
54 14 9 7 73899
54 15 9 4 647
54 16 9 5 2282
54 17 9 3 118
54 18 2 5 282
54 19 5 4 427
54 20 3 7 18727
54 21 10 6 43567
54 22 4 4 358
54 23 9 5 5849
54 24 7 5 797
54 25 2 7 10834
54 26 7 3 140
54 27 8 6 33455
54 28 8 6 5892
54 29 9 3 88
54 30 4 5 1548
54 31 5 9 9074312
54 32 10 4 622
54 33 2 6 1649
54 34 3 5 1402
54 35 1 5 242
54 36 2 5 344
54 37 4 7 31972
54 38 5 4 225
54 39 2 6 6940
54 40 1 7 9830
54 41 4 6 4705
54 42 6 5 3905
54 43 1 5 416
54 44 3 7 55397
54 45 2 6 2316
54 46 10 5 4277
54 47 4 3 72
54 48 2 6 8935
54 49 5 4 296
54 50 9 5 3798
54 51 9 5 2889
54 52 9 4 236
54 53 6 4 252
54 54 3 5 712
54 55 1 5 262
54 56 10 5 2626
54 57 2 6 1487
54 58 3 5 459
54 59 3 6 13277
54 60 3 5 657
54 61 6 4 189
54 62 7 6 7196
54 63 9 7 180738
55 0 4 8 597162
55 1 1 8 56730
55 2 6 4 350
55 3 2 7 29106
55 4 1 4 71
55 5 7 4 245
55 6 3 5 1751
55 7 2 5 1212
55 8 4 5 1168
55 9 6 5 1666
55 10 3 4 160
55 11 5 6 13587
55 12 7 4 186
55 13 8 3 76
55 14 3 5 1480
55 15 6 2 28
55 16 7 5 2675
55 17 3 5 613
55 18 4 6 7734
55 19 2 4 150
55 20 10 4 563
55 21 6 4 329
55 22 5 7 47449
55 23 3 6 4394
55 24 7 5 1369
55 25 6 5 1086
55 26 10 6 23812
55 27 2 4 80
55 28 9 2 25
55 29 10 6 29128
55 30 3 7 17138
55 31 7 4 177
55 32 10 7 327094
55 33 9 4 238
55 34 3 7 38116
55 35 1 5 216
55 36 7 3 46
55 37 7 5 2125
55 38 1 5 297
55 39 3 7 77310
55 40 5 4 369
55 41 4 6 19048
55 42 6 6 15136
55 43 4 6 16915
55 44 1 7 13089
55 45 7 6 14222
55 46 1 7 8642
55 47 10 4 307
55 48 9 4 272
55 49 4 4 439
55 50 2 4 103
55 51 8 4 185
55 52 9 5 1045
55 53 8 5 1962
55 54 2 5 449
55 55 3 4 165
55 56 6 6 16799
55 57 7 6 5923
55 58 4 3 26
55 59 8 6 7954
55 60 2 8 485914
55 61 8 5 2809
55 62 4 5 1096
55 63 2 6 4970
56 0 10 3 97
56 1 4 6 15780
56 2 2 8 424985
56 3 6 6 4820
56 4 3 6 3616
56 5 9 6 7062
56 6 1 5 621
56 7 3 5 590
56 8 8 5 1292
56 9 4 5 2703
56 10 6 6 23059
56 11 6 5 2982
56 12 10 4 654
56 13 6 5 751
56 14 10 4 598
56 15 8 6 10423
56 16 8 4 644
56 17 8 6 5898
56 18 5 3 59
56 19 1 7 7249
56 20 6 4 242
56 21 8 6 5664
56 22 5 4 414
56 23 2 7 27839
56 24 5 5 2319
56 25 3 7 24909
56 26 6 3 117
56 27 8 5 3228
56 28 9 3 167
56 29 8 7 115782
56 30 1 4 38
56 31 4 5 2432
56 32 3 4 97
56 33 5 8 641905
56 34 8 8 887062
56 35 3 4 257
56 36 10 5 3244
56 37 8 6 33512
56 38 7 5 2416
56 39 3 4 311
56 40 4 5 1871
56 41 2 6 5271
56 42 4 5 1613
56 43 8 4 870
56 44 5 8 406797
56 45 10 7 104376
56 46 3 7 58042
56 47 9 4 672
56 48 5 5 691
56 49 7 6 16042
56 50 1 6 2801
56 51 4 4 336
56 52 7 6 15293
56 53 9 4 773
56 54 7 4 216
56 55 9 7 70935
56 56 2 6 1588
56 57 7 4 543
56 58 10 4 487
56 59 1 8 142804
56 60 7 6 13536
56 61 7 4 404
56 62 9 7 156988
56 63 7 4 433
57 0 7 4 181
57 1 3 8 308618
57 2 4 4 418
57 3 6 4 669
57 4 6 4 280
57 5 1 4 88
57 6 3 8 206294
57 7 7 6 13169
57 8 1 6 780
57 9 4 4 280
57 10 7 4 564
57 11 10 2 49
57 12 4 4 241
57 13 8 5 4803
57 14 6 5 2828
57 15 9 6 6936
57 16 5 5 2457
57 17 5 1 3
57 18 9 5 4364
57 19 2 5 1347
57 20 8 4 220
57 21 2 5 320
57 22 6 7 49796
57 23 2 6 8595
57 24 9 5 3962
57 25 6 3 90
57 26 10 5 2639
57 27 5 3 77
57 28 1 5 339
57 29 9 7 61776
57 30 3 4 181
57 31 7 7 59997
57 32 4 4 267
57 33 8 5 1791
57 34 7 6 12380
57 35 2 5 323
57 36 7 3 65
57 37 4 5 1120
57 38 4 4 365
57 39 7 3 75
57 40 4 6 16399
57 41 6 4 354
57 42 4 8 168976
57 43 1 4 95
57 44 7 5 2961
57 45 3 6 2272
57 46 9 6 27063
57 47 6 2 28
57 48 2 5 336
57 49 2 5 606
57 50 4 6 13809
57 51 10 3 148
57 52 5 3 102
57 53 5 6 4390
57 54 5 6 19272
57 55 2 5 1119
57 56 5 9 2111466
57 57 4 5 580
57 58 10 7 98762
57 59 3 5 364
57 60 2 4 101
57 61 1 6 1706
57 62 2 7 10488
57 63 7 6 5696
58 0 9 4 504
58 1 10 5 3336
58 2 4 5 813
58 3 1 4 67
58 4 5 5 875
58 5 1 6 1196
58 6 5 4 150
58 7 9 4 535
58 8 10 6 32042
58 9 5 6 16808
58 10 3 5 664
58 11 3 6 3712
58 12 2 6 3487
58 13 8 4 534
58 14 9 4 224
58 15 2 3 21
58 16 9 5 3457
58 17 9 6 11108
58 18 4 7 27576
58 19 10 5 1227
58 20 3 3 20
58 21 3 6 4092
58 22 2 5 544
58 23 3 7 18028
58 24 6 6 5364
58 25 3 5 1139
58 26 1 7 15557
58 27 2 5 292
58 28 2 7 21004
58 29 6 5 823
58 30 9 6 42667
58 31 1 5 557
58 32 7 3 53
58 33 3 5 487
58 34 4 6 3002
58 35 10 8 666381
58 36 1 6 775
58 37 3 4 127
58 38 4 4 308
58 39 2 5 572
58 40 4 6 3518
58 41 8 7 93489
58 42 7 4 298
58 43 9 5 2563
58 44 5 6 3561
58 45 9 5 5227
58 46 4 4 138
58 47 5 7 45985
58 48 4 8 174933
58 49 5 5 642
58 50 7 6 13786
58 51 9 5 1142
58 52 7 7 41201
58 53 5 5 1642
58 54 8 5 1660
58 55 1 7 17850
58 56 3 4 144
58 57 7 6 34448
58 58 1 4 91
58 59 8 5 3553
58 60 5 7 43678
58 61 7 5 797
58 62 4 5 462
58 63 8 6 5605
59 0 9 5 1293
59 1 3 4 74
59 2 4 3 27
59 3 5 4 140
59 4 7 6 5274
59 5 10 4 614
59 6 7 6 8134
59 7 5 2 16
59 8 5 4 209
59 9 10 6 27113
59 10 8 3 133
59 11 8 5 3576
59 12 4 6 9774
59 13 8 3 55
59 14 1 9 845980
59 15 4 5 711
59 16 3 6 6439
59 17 8 5 2846
59 18 4 5 2707
59 19 2 5 345
59 20 9 4 815
59 21 5 6 6589
59 22 3 7 79301
59 23 5 6 5925
59 24 4 6 3549
59 25 6 4 196
59 26 10 4 1019
59 27 8 5 2109
59 28 8 5 1149
59 29 2 6 5196
59 30 2 7 13888
59 31 1 7 30629
59 32 5 6 16524
59 33 1 5 319
59 34 2 6 2285
59 35 10 4 842
59 36 10 3 115
59 37 6 5 1467
59 38 5 4 395
59 39 2 6 1468
59 40 8 3 129
59 41 4 4 364
59 42 9 4 779
59 43 7 4 562
59 44 6 5 2704
59 45 9 3 75
59 46 7 5 2898
59 47 3 6 2801
59 48 6 3 120
59 49 5 5 595
59 50 7 5 866
59 51 9 4 613
59 52 5 3 69
59 53 8 2 41
59 54 3 5 1210
59 55 1 5 487
59 56 6 6 17782
59 57 5 6 10898
59 58 4 4 221
59 59 10 5 5339
59 60 10 3 211
59 61 1 4 49
59 62 5 5 657
59 63 4 5 771
60 0 3 5 343
60 1 2 7 19214
60 2 6 3 93
60 3 9 2 31
60 4 10 4 696
60 5 7 6 18710
60 6 2 5 787
60 7 5 5 2067
60 8 1 6 2961
60 9 7 4 573
60 10 2 4 179
60 11 3 6 2499
60 12 4 4 354
60 13 3 7 76126
60 14 3 6 6485
60 15 10 3 137
60 16 6 4 140
60 17 8 5 4401
60 18 3 3 34
60 19 10 3 76
60 20 4 3 41
60 21 3 5 1249
60 22 5 3 36
60 23 3 5 526
60 24 8 3 117
60 25 8 6 15968
60 26 2 2 10
60 27 1 7 15565
60 28 3 6 3891
60 29 3 4 126
60 30 9 5 1743
60 31 2 6 1493
60 32 9 5 2439
60 33 9 6 6604
60 34 5 6 7627
60 35 5 6 15611
60 36 6 5 844
60 37 6 5 2657
60 38 6 4 179
60 39 7 5 2336
60 40 1 8 155277
60 41 6 5 2567
60 42 2 5 391
60 43 5 4 204
60 44 8 4 434
60 45 9 8 2887979
60 46 6 3 56
60 47 2 6 7188
60 48 3 5 350
60 49 9 5 5513
60 50 9 5 5317
60 51 10 5 1190
60 52 7 6 32013
60 53 4 5 574
60 54 3 7 56254
60 55 5 3 108
60 56 2 6 2664
60 57 1 5 529
60 58 4 6 2792
60 59 10 5 1754
60 60 2 4 58
60 61 7 7 44595
60 62 7 6 8743
60 63 9 4 715
61 0 8 4 220
61 1 2 6 1705
61 2 10 7 72520
61 3 3 6 6407
61 4 4 4 406
61 5 10 4 466
61 6 9 3 138
61 7 2 4 221
61 8 1 6 3879
61 9 2 8 124440
61 10 10 3 149
61 11 1 6 1612
61 12 1 5 202
61 13 2 3 43
61 14 9 4 432
61 15 9 5 4387
61 16 9 4 735
61 17 2 3 38
61 18 9 5 1721
61 19 10 4 988
61 20 8 3 134
61 21 4 5 1331
61 22 4 4 125
61 23 8 5 1605
61 24 8 4 556
61 25 1 5 625
61 26 6 6 10326
61 27 2 6 1401
61 28 6 6 5545
61 29 10 6 7391
61 30 8 5 3937
61 31 6 4 208
61 32 3 6 5075
61 33 7 4 544
61 34 10 2 48
61 35 1 5 142
61 36 9 5 5737
61 37 2 6 5877
61 38 2 6 3594
61 39 9 4 210
61 40 8 4 663
61 41 6 6 10183
61 42 3 4 215
61 43 3 5 1756
61 44 6 6 7760
61 45 2 4 57
61 46 7 5 1116
61 47 5 5 1303
61 48 1 6 1152
61 49 7 4 315
61 50 10 4 509
61 51 9 5 1743
61 52 4 6 6588
61 53 4 6 3398
61 54 6 5 1536
61 55 9 5 2291
61 56 10 4 307
61 57 5 5 620
61 58 8 3 79
61 59 6 5 3431
61 60 1 7 24941
61 61 7 1 11
61 62 9 5 2089
61 63 10 8 618092
62 0 7 5 1287
62 1 1 6 4099
62 2 7 4 610
62 3 4 6 12690
62 4 3 5 1893
62 5 6 3 44
62 6 3 4 218
62 7 7 4 202
62 8 8 4 187
62 9 4 6 6779
62 10 10 3 195
62 11 7 5 2380
62 12 3 7 30961
62 13 9 6 31337
62 14 7 4 225
62 15 4 5 1578
62 16 6 3 56
62 17 3 6 6094
62 18 3 7 72093
62 19 3 7 23722
62 20 5 7 63587
62 21 5 5 1467
62 22 6 6 4436
62 23 7 3 113
62 24 9 2 23
62 25 8 3 164
62 26 1 8 100294
62 27 3 3 31
62 28 4 6 3438
62 29 1 7 6134
62 30 1 6 1978
62 31 4 6 14902
62 32 4 10 156666935
62 33 7 4 602
62 34 7 3 78
62 35 8 4 413
62 36 2 5 556
62 37 6 6 10711
62 38 1 5 136
62 39 6 6 4245
62 40 9 4 220
62 41 6 4 489
62 42 2 8 84309
62 43 9 5 1113
62 44 1 5 265
62 45 7 4 775
62 46 1 4 80
62 47 3 6 11952
62 48 1 6 4282
62 49 5 4 407
62 50 5 4 284
62 51 4 6 12281
62 52 7 5 2136
62 53 5 6 4114
62 54 2 5 238
62 55 3 4 138
62 56 2 7 63289
62 57 7 5 1042
62 58 4 5 2409
62 59 3 6 9215
62 60 6 4 660
62 61 8 9 3379132
62 62 4 4 247
62 63 1 5 249
63 0 8 4 394
63 1 6 4 185
63 2 10 4 569
63 3 6 4 147
63 4 9 7 58476
63 5 2 5 240
63 6 5 6 4264
63 7 4 6 10076
63 8 8 6 8439
63 9 1 6 1630
63 10 3 7 81374
63 11 1 6 807
63 12 1 8 229890
63 13 9 8 384388
63 14 10 4 464
63 15 1 7 20994
63 16 2 5 637
63 17 5 5 1452
63 18 5 6 8310
63 19 9 7 58628
63 20 8 2 31
63 21 8 4 566
63 22 9 5 2477
63 23 9 5 1071
63 24 6 5 1743
63 25 7 5 3326
63 26 1 4 91
63 27 2 5 466
63 28 3 8 431609
63 29 9 7 274929
63 30 9 5 1708
63 31 10 4 760
63 32 1 7 39360
63 33 2 8 584703
63 34 9 4 409
63 35 9 7 60975
63 36 1 5 339
63 37 4 5 1388
63 38 10 3 63
63 39 10 6 16779
63 40 4 7 79667
63 41 3 8 180157
63 42 3 4 183
63 43 7 4 240
63 44 1 5 151
63 45 4 5 878
63 46 8 5 945
63 47 9 5 1813
63 48 3 6 7786
63 49 5 6 16891
63 50 7 5 1179
63 51 4 4 149
63 52 5 3 95
63 53 7 7 137366
63 54 8 3 63
63 55 2 6 1670
63 56 3 4 113
63 57 10 5 1351
63 58 6 7 62893
63 59 4 5 560
63 60 9 6 7305
63 61 10 4 585
63 62 3 4 271
63 63 9 6 44140
