8966 1.0 
2312 1.0 
9163 1.0 
8039 1.0 
822 1.0 
7518 1.0 
4285 1.0 
866 1.0 
8983 1.0 
1636 1.0 
8860 1.0 
4307 1.0 
9991 1.0 
1032 1.0 
7504 1.0 
3112 1.0 
9628 1.0 
7969 1.0 
5431 1.0 
489 1.0 
5836 1.0 
1061 1.0 
628 1.0 
3154 1.0 
4863 1.0 
2681 1.0 
57 1.0 
9845 1.0 
8189 1.0 
35 1.0 
9631 1.0 
5189 1.0 
3250 1.0 
6108 1.0 
4700 1.0 
3795 1.0 
1714 1.0 
9804 1.0 
5289 1.0 
2260 1.0 
8449 1.0 
1722 1.0 
2118 1.0 
3555 1.0 
6727 1.0 
20 1.0 
2740 1.0 
9870 1.0 
5059 1.0 
6867 1.0 
5611 1.0 
8737 1.0 
3707 1.0 
6449 1.0 
3008 1.0 
640 1.0 
7788 1.0 
2757 1.0 
1532 1.0 
8381 1.0 
3410 1.0 
1037 1.0 
2821 1.0 
9517 1.0 
5904 1.0 
2214 1.0 
3523 1.0 
5450 1.0 
9153 1.0 
8575 1.0 
7713 1.0 
2901 1.0 
6724 1.0 
8443 1.0 
8841 1.0 
3776 1.0 
6154 1.0 
2209 1.0 
8508 1.0 
2474 1.0 
6686 1.0 
8284 1.0 
9009 1.0 
8740 1.0 
6990 1.0 
9538 1.0 
5866 1.0 
8123 1.0 
8461 1.0 
4707 1.0 
8000 1.0 
7621 1.0 
3386 1.0 
4744 1.0 
282 1.0 
5127 1.0 
805 1.0 
9858 1.0 
6775 1.0 
4711 1.0 
9769 1.0 
7938 1.0 
5959 1.0 
8435 1.0 
2421 1.0 
7865 1.0 
5831 1.0 
9428 1.0 
565 1.0 
2029 1.0 
2137 1.0 
6490 1.0 
2570 1.0 
6984 1.0 
6539 1.0 
5382 1.0 
9026 1.0 
1970 1.0 
9420 1.0 
4146 1.0 
5120 1.0 
5311 1.0 
8105 1.0 
190 1.0 
2589 1.0 
3892 1.0 
1911 1.0 
9539 1.0 
6823 1.0 
2724 1.0 
5239 1.0 
2265 1.0 
269 1.0 
5356 1.0 
6568 1.0 
512 1.0 
1260 1.0 
6044 1.0 
3161 1.0 
724 1.0 
7595 1.0 
6999 1.0 
1852 1.0 
9030 1.0 
473 1.0 
3953 1.0 
5724 1.0 
4201 1.0 
8772 1.0 
2048 1.0 
1820 1.0 
9110 1.0 
4336 1.0 
1655 1.0 
3284 1.0 
5897 1.0 
9390 1.0 
3381 1.0 
8103 1.0 
6612 1.0 
