1 2 1 4 31
1 47 5 4 195
2 31 3 5 542
2 35 7 4 629
2 406 6 5 2752
3 4 6 4 482
3 5 2 5 771
3 26 7 4 686
5 57 3 3 56
15 16 4 5 1119
15 36 6 4 167
16 25 10 5 1882
17 18 10 6 17529
17 36 6 3 55
18 33 10 5 4718
19 20 1 6 3302
19 21 8 2 32
20 142 7 4 190
20 148 10 5 3604
21 22 7 6 34234
22 23 8 2 20
23 24 1 6 2635
24 25 5 2 23
24 28 8 4 202
26 27 10 5 1224
27 29 6 3 86
27 30 4 2 13
28 29 2 7 36174
31 33 4 8 359583
32 33 5 4 239
32 34 3 7 36416
32 69 10 4 338
34 35 2 5 603
34 73 1 5 503
36 37 10 5 6498
36 75 1 9 834084
37 52 6 6 6184
37 43 5 4 460
46 47 7 7 48627
47 448 4 6 8380
52 67 8 4 543
53 54 10 5 1348
53 59 4 3 49
53 418 4 4 331
54 163 3 3 47
55 56 4 3 70
55 59 7 4 780
56 57 1 5 127
56 66 9 3 83
58 59 4 4 168
58 60 10 4 283
58 199 4 7 36980
58 458 8 5 1758
60 63 8 3 55
63 225 1 4 79
64 65 5 6 7255
64 66 4 2 11
65 67 10 4 719
69 70 7 3 134
70 71 6 7 84593
71 101 5 3 42
72 73 1 5 550
72 101 10 6 13296
73 76 7 7 54674
73 77 5 4 148
96 97 4 3 46
96 111 4 5 1119
97 101 6 5 1074
98 99 4 5 527
98 100 5 8 1016558
99 138 7 3 90
100 116 10 5 1900
105 106 1 4 37
105 111 2 5 503
106 107 4 7 35497
107 108 3 5 379
111 114 1 7 16349
113 114 1 6 1459
113 116 8 2 18
115 116 8 4 224
115 409 10 2 26
118 119 10 3 204
119 138 2 5 252
120 121 3 6 7953
120 122 4 7 37672
120 304 2 9 1993860
121 296 5 7 25961
122 123 10 4 864
122 124 8 3 44
124 125 1 6 2261
134 135 4 3 65
134 332 9 4 468
135 136 9 4 230
135 137 10 6 20463
137 139 1 4 62
139 140 6 5 907
139 141 8 2 15
139 399 1 5 309
141 400 4 2 18
154 155 2 7 19197
154 156 3 6 2503
154 172 7 5 1946
155 168 5 3 57
156 157 10 4 1098
156 171 8 5 1536
157 158 9 5 3201
158 159 9 5 2828
158 177 4 4 178
159 160 4 3 82
159 161 9 3 194
159 196 6 5 2877
161 162 3 6 3403
161 197 8 3 89
163 164 8 4 545
164 165 8 4 554
165 166 3 4 262
165 104 8 4 230
166 167 6 7 34733
167 168 5 4 386
169 170 3 7 44635
169 171 6 1 8
169 174 8 6 8666
170 172 8 5 2827
170 173 2 7 54169
170 419 1 5 439
171 178 2 6 1538
173 174 1 6 1082
174 179 6 7 89335
175 176 3 2 15
176 214 1 4 72
177 178 6 5 1890
177 191 5 5 2478
178 421 2 5 414
179 192 9 7 117412
180 181 9 3 65
180 208 6 5 1945
181 192 9 5 2385
182 183 9 7 82426
182 184 9 9 3418554
184 185 7 6 8089
184 208 3 3 65
185 186 3 5 1655
185 207 8 8 364808
186 187 3 4 167
186 230 8 3 169
187 188 3 3 25
187 193 7 4 170
188 189 10 4 249
188 191 7 1 3
189 190 10 3 119
189 191 3 5 634
193 194 1 5 295
193 217 9 8 468178
194 195 5 3 28
194 217 5 4 115
195 196 7 5 2176
195 216 4 3 41
196 197 6 5 1916
196 476 3 4 97
197 216 4 5 2166
198 199 7 1 9
198 221 5 5 2472
199 200 7 3 145
200 10 4 3 80
201 202 4 5 2334
201 203 3 5 789
201 351 9 4 548
202 213 8 3 71
203 204 6 4 567
203 205 5 5 1655
205 206 4 5 1427
205 231 10 3 69
205 360 1 4 80
206 207 10 5 1137
206 232 2 4 45
207 233 8 5 2741
208 209 4 7 107406
210 211 2 4 45
210 212 2 4 136
211 215 6 6 20589
212 213 6 5 691
212 342 8 5 3593
213 340 6 5 1190
214 215 4 4 219
216 219 10 5 4329
217 218 3 5 1385
218 222 9 3 124
219 220 9 4 391
220 221 3 4 114
220 222 3 4 304
222 226 3 5 1062
223 224 2 5 355
223 225 7 4 763
223 7 5 6 3727
224 229 2 6 1737
227 228 4 1 5
227 229 4 4 107
227 272 9 4 237
228 230 3 5 1671
229 401 10 4 513
231 281 9 6 35703
232 265 9 3 140
233 264 1 4 110
233 150 1 5 219
234 235 9 4 249
234 278 2 4 68
236 237 2 7 22647
236 280 1 4 48
237 238 3 5 609
237 239 5 3 52
239 240 3 6 2846
240 241 1 7 11581
241 243 7 2 21
241 442 5 5 610
242 243 3 2 12
242 244 1 8 260207
242 314 9 6 11846
242 80 3 5 721
243 293 4 4 101
244 247 9 2 31
245 246 2 3 37
245 247 7 4 211
247 248 2 4 140
248 249 1 5 345
249 250 10 2 42
249 312 2 5 239
250 251 10 4 644
250 321 4 6 3022
251 252 4 3 52
252 253 9 3 99
252 327 4 8 537775
252 301 6 7 49660
253 254 6 5 2276
253 277 8 7 98415
253 266 3 1 4
254 255 5 4 168
254 256 4 5 1575
256 257 4 7 40810
257 258 2 3 16
257 259 9 4 687
260 261 3 3 42
260 262 3 7 41632
260 263 5 4 319
263 264 2 5 358
263 479 10 5 2488
266 267 4 3 37
267 268 8 4 254
267 299 2 6 1576
268 269 8 4 505
269 270 2 6 3818
269 294 8 3 138
270 271 5 5 1549
271 295 4 5 905
271 133 5 5 645
272 273 1 4 111
272 274 6 4 416
274 275 10 3 117
275 276 8 5 1173
275 277 5 7 31616
275 291 6 4 231
278 279 9 2 35
278 282 6 5 1108
279 280 2 5 376
280 287 8 4 197
281 289 3 5 1763
282 288 6 4 558
283 284 4 6 3303
283 285 8 5 1227
283 305 7 5 2550
284 290 7 2 22
284 365 9 3 95
285 286 7 3 64
285 306 6 3 38
286 287 2 6 3145
286 306 2 3 35
286 452 1 4 105
287 293 5 2 11
288 289 1 4 37
289 290 9 4 243
291 292 5 6 12955
297 298 1 4 65
297 454 2 6 3888
298 299 3 5 892
300 301 7 4 224
300 302 7 5 1803
302 303 5 4 165
302 304 5 4 313
302 330 7 6 9861
305 306 8 7 93763
305 308 10 5 4127
306 308 4 6 4577
307 308 5 4 140
307 309 5 4 230
309 310 1 6 2529
309 338 2 5 337
309 379 1 6 812
310 311 7 4 177
310 85 8 7 172134
311 312 6 5 1898
313 314 10 5 1207
315 316 3 5 419
315 317 4 5 1132
315 499 2 4 188
316 334 5 5 590
316 398 3 4 200
317 318 4 4 139
317 503 5 4 337
318 319 4 3 41
318 502 6 2 11
318 510 5 3 44
319 320 6 4 570
320 333 7 2 28
321 322 3 4 242
322 323 1 4 52
322 325 4 4 193
322 333 9 2 16
323 324 2 4 90
325 326 3 6 7849
326 328 6 6 16671
327 328 4 7 46600
328 329 6 2 22
328 495 3 3 52
329 330 1 5 241
329 331 3 5 1375
331 332 8 6 27018
331 489 4 4 186
332 481 2 5 267
333 493 3 5 1650
334 335 10 3 78
336 337 10 5 6037
336 500 8 4 395
337 338 9 3 168
337 382 10 3 184
338 339 2 4 57
338 377 2 5 370
340 341 2 5 452
340 349 10 3 212
340 354 10 5 1603
341 343 5 7 67478
342 343 2 6 1412
344 345 3 8 349422
344 346 5 8 250749
344 385 5 5 3151
346 347 9 2 19
347 348 4 3 88
347 387 10 4 224
348 349 9 5 4142
348 386 1 4 100
350 351 5 5 1305
350 359 4 3 84
350 13 5 4 460
351 352 10 1 17
352 353 10 5 2829
352 356 3 7 22433
353 354 2 3 34
354 355 7 4 180
355 356 3 5 392
356 357 7 3 120
358 359 2 6 3818
358 361 4 4 125
358 362 10 5 4911
358 360 4 5 1038
358 92 6 6 14416
360 413 3 5 572
361 388 7 3 43
362 367 5 3 28
363 364 5 4 114
363 365 2 4 69
363 370 4 4 304
364 395 9 2 20
365 366 3 5 2063
365 371 7 1 12
366 144 8 4 187
367 368 2 6 5337
367 369 10 6 20566
370 380 2 7 12434
371 372 2 7 20482
371 373 10 3 65
371 374 2 4 64
375 376 6 6 9206
375 383 10 2 21
376 384 2 3 20
377 378 7 3 139
377 381 1 6 752
378 384 1 6 700
381 383 5 4 165
382 496 4 8 171638
383 384 6 9 4292153
388 389 5 5 749
388 392 5 7 50321
389 390 4 3 72
390 391 4 3 25
392 393 6 4 151
392 394 9 5 1845
395 396 3 4 71
399 411 1 7 15121
400 405 8 3 173
404 405 3 5 582
404 412 5 3 57
405 89 4 3 39
408 409 3 6 3928
411 412 4 3 33
411 415 1 4 58
411 482 2 5 522
412 415 1 7 12007
415 427 9 4 374
415 487 5 3 33
427 428 10 5 1323
427 431 8 4 647
427 487 9 3 93
427 424 6 4 460
428 429 5 4 499
428 432 8 4 454
481 482 2 5 662
482 488 3 5 1196
483 484 3 6 2324
483 485 2 4 207
484 492 9 7 54774
485 486 2 6 3605
486 487 10 3 176
489 490 8 6 18872
490 491 8 4 386
490 492 4 4 115
493 508 4 4 285
494 495 9 5 1728
494 507 5 3 38
496 497 1 4 50
496 62 4 3 29
497 498 8 4 504
497 499 8 5 4884
499 501 10 6 34913
501 447 6 4 488
502 511 2 6 7058
503 450 8 3 51
504 505 3 5 352
504 506 7 8 375681
505 508 3 4 88
505 509 6 6 8094
506 507 9 3 113
509 510 8 4 670
509 511 4 2 14
7 8 6 3 101
7 6 5 5 3318
10 9 8 3 109
10 11 1 5 170
13 12 9 5 1474
12 14 9 2 33
144 38 6 4 231
144 145 6 3 105
38 39 6 4 169
89 68 10 6 15015
89 88 9 4 629
68 40 1 5 157
68 102 3 7 72731
40 41 4 6 11307
40 81 2 5 476
102 50 1 3 8
50 51 10 3 76
41 95 3 6 8791
81 146 3 5 1362
95 456 5 6 4810
95 143 1 3 7
95 146 6 4 510
146 410 9 3 65
43 42 8 4 645
133 130 8 6 5657
128 117 8 3 48
128 132 8 3 120
117 129 10 3 64
117 110 7 4 314
132 130 4 5 2749
129 127 8 5 1979
127 44 6 3 80
130 131 4 4 388
44 45 5 5 1556
110 109 1 5 153
110 126 6 5 925
109 112 4 7 35714
62 49 6 3 81
62 61 8 8 861309
48 49 8 5 3389
75 74 10 2 19
77 78 1 8 245376
80 79 8 5 1108
92 90 9 6 14006
82 83 7 4 369
83 91 7 5 1637
91 90 8 3 47
90 93 6 6 7436
93 94 1 7 36850
85 84 3 4 336
84 86 10 4 817
84 87 2 5 999
86 87 3 5 956
104 103 4 7 40960
148 147 8 5 1091
147 149 7 5 1172
150 153 8 6 15048
150 151 9 4 874
152 153 1 4 54
398 397 4 6 5448
401 402 8 1 14
401 403 10 3 56
406 407 2 3 30
416 407 1 6 3103
413 434 5 3 53
413 414 3 5 588
433 434 10 5 3064
418 417 6 4 417
419 420 5 5 1053
419 430 4 5 1080
421 422 2 4 131
421 423 6 3 52
424 425 9 2 37
424 426 3 6 3792
424 438 1 4 33
438 437 3 4 315
437 439 1 7 13702
454 453 5 4 439
454 435 10 3 216
453 455 8 3 112
455 460 3 6 4802
435 436 1 5 287
460 463 8 8 849190
463 462 3 5 457
461 462 10 5 1337
461 464 7 5 1034
464 466 6 5 1229
466 467 5 5 1221
452 451 10 5 1257
452 440 9 5 2089
451 459 6 6 5929
459 473 1 4 69
440 441 6 4 231
473 472 6 7 174006
442 443 7 6 10062
448 444 10 5 5153
444 445 4 5 2765
465 445 5 4 379
465 468 9 4 973
468 469 9 4 817
469 470 7 4 287
470 471 5 8 344150
447 446 7 3 39
450 449 7 4 488
458 457 9 5 3534
476 474 9 1 7
476 477 8 4 257
474 475 3 5 848
477 478 2 5 855
479 480 1 5 266
284 177 4 4 191
391 291 1 10 1117628015
397 161 5 6 6587
376 187 6 4 517
322 42 9 3 80
399 318 8 3 44
463 89 2 2 7
343 194 8 4 375
437 265 2 3 29
239 53 1 6 1209
411 475 2 5 295
21 372 1 8 225619
508 449 4 4 444
24 51 8 5 1883
54 280 1 5 152
261 73 1 6 2042
2 307 4 4 164
476 36 10 5 4980
374 231 8 1 4
483 72 9 5 1117
188 248 9 5 3010
326 346 6 5 1623
458 449 4 6 5476
435 58 2 4 162
225 130 7 4 224
484 174 2 6 7720
322 33 9 2 31
369 191 7 4 328
330 20 5 5 1157
324 21 6 4 367
18 385 7 3 138
252 297 6 5 1938
7 178 1 3 7
30 43 10 4 584
397 191 10 3 163
450 80 7 4 253
458 335 10 6 48592
171 48 10 5 2402
485 267 10 5 3989
104 136 8 4 234
47 507 5 5 2103
302 429 8 5 1816
424 132 8 4 386
55 69 8 7 196183
81 28 1 5 122
346 114 1 7 11642
84 284 3 6 5266
57 44 2 3 40
112 358 9 4 314
103 252 3 6 8335
202 401 4 5 770
106 343 2 8 266930
297 285 8 4 819
47 27 3 5 942
391 38 2 6 3884
292 297 5 7 46467
292 334 10 7 149967
149 56 1 5 222
56 464 10 4 450
252 487 8 5 3332
491 427 6 6 29426
112 439 7 3 124
62 365 7 6 5071
315 75 8 5 4306
445 373 4 4 302
373 228 5 4 338
459 103 8 5 3039
5 34 8 4 240
357 412 9 7 49627
195 208 8 4 870
362 282 3 6 10938
282 132 4 3 60
292 358 1 6 985
130 16 2 5 900
354 48 3 5 1060
329 398 3 5 1090
107 143 4 5 1230
302 8 1 6 2166
437 468 5 6 3633
391 24 4 2 16
70 453 10 4 638
428 250 6 4 331
427 93 9 4 202
235 500 1 3 13
476 259 7 7 257142
140 144 5 4 523
373 167 7 6 5832
413 463 4 5 545
100 419 10 6 14029
67 49 8 6 20823
148 127 9 4 258
227 117 9 2 42
147 283 7 3 143
464 193 5 4 116
281 305 1 6 2136
168 300 7 4 175
456 265 10 8 553639
74 34 3 7 107335
228 497 3 7 59487
84 178 1 7 13062
47 339 9 5 1115
137 364 3 4 106
419 487 4 4 284
497 260 3 3 33
432 171 8 7 53618
104 329 2 5 772
16 90 10 4 779
14 244 4 2 17
56 483 9 2 30
175 2 3 7 30087
151 442 4 5 643
372 443 6 5 1092
460 285 6 3 34
372 171 9 9 3343052
267 357 9 4 212
336 274 1 7 5116
235 63 1 6 3321
279 71 3 5 708
251 475 4 7 76596
440 88 9 3 188
169 453 9 3 50
172 264 3 5 438
51 471 5 2 9
503 172 6 7 154268
175 199 2 4 124
230 291 9 4 721
16 205 3 4 109
339 82 10 6 27363
449 137 4 5 492
119 372 10 3 187
499 126 2 6 4928
485 290 6 6 7169
181 127 9 4 353
505 298 1 7 10439
290 489 5 4 128
34 249 5 5 1098
179 277 5 5 1049
440 73 3 6 8319
343 395 9 6 6318
87 478 3 3 36
316 6 9 5 2241
307 144 5 4 193
308 435 7 3 107
233 510 3 2 9
126 354 6 1 9
272 162 9 4 386
135 122 6 6 5663
365 389 1 4 56
235 479 8 3 150
125 110 10 3 189
289 302 2 4 135
13 387 3 6 6681
345 228 6 4 276
10 105 1 6 1013
311 286 7 4 349
126 229 4 4 224
286 221 5 6 22410
171 11 10 5 3476
172 342 7 5 2832
245 407 3 6 2281
63 188 9 3 153
253 232 4 4 133
435 104 8 3 100
87 138 4 4 101
30 432 7 5 3536
476 53 1 5 566
107 103 9 2 47
409 12 8 6 9162
344 183 3 6 2779
440 85 7 5 1820
210 133 10 4 234
45 192 3 5 878
352 234 10 4 391
354 440 4 7 29883
28 170 7 7 44625
281 2 10 7 132204
361 251 1 4 65
35 364 1 5 367
433 81 10 3 136
281 159 5 5 975
495 148 6 5 4114
316 239 7 3 71
143 130 8 4 595
26 136 6 4 283
424 419 2 3 23
395 202 1 3 17
136 352 3 4 205
380 360 9 4 662
146 72 6 1 10
424 450 5 4 156
147 425 3 6 5315
451 285 7 5 2038
195 101 3 6 11529
457 177 7 5 2226
81 208 7 6 26569
182 200 3 6 4316
436 509 3 4 122
29 18 8 3 157
149 453 5 4 150
330 473 5 5 1253
73 53 9 5 1178
340 196 3 6 2298
256 444 6 5 1235
270 428 2 5 403
407 87 5 4 133
346 295 4 5 881
78 410 2 6 4368
87 205 1 3 21
331 59 7 4 417
45 83 7 5 1496
411 217 9 4 703
262 497 8 5 1195
267 226 10 4 691
456 426 2 6 5261
321 505 9 4 311
479 424 5 5 2363
488 420 4 3 49
236 272 5 3 58
507 217 9 3 50
366 165 3 4 252
227 338 10 4 664
228 346 10 7 192300
488 324 2 4 197
116 214 4 3 54
499 343 1 6 1764
155 118 4 3 36
480 256 9 5 2982
176 478 5 5 1572
375 389 9 5 1729
139 438 8 3 61
366 395 2 4 76
42 36 6 4 275
470 372 1 5 514
127 490 7 2 35
407 209 10 3 137
455 68 2 2 9
222 99 4 3 52
351 55 7 4 228
418 87 7 3 118
254 89 10 4 329
256 83 7 3 51
225 147 9 3 139
73 89 9 4 204
376 270 4 3 30
415 507 1 7 14185
414 382 5 5 633
319 321 5 4 459
257 29 10 4 701
312 374 10 5 1181
43 150 2 5 954
82 423 7 4 204
226 280 3 5 938
125 299 7 7 68277
202 220 5 5 640
290 116 9 4 663
130 118 2 3 43
358 76 7 7 53991
243 500 1 9 1335067
163 155 8 4 586
445 227 8 8 491342
240 177 7 5 1114
299 246 6 5 987
347 136 7 6 10077
211 323 4 5 1945
318 227 6 4 363
174 222 4 6 8337
35 492 9 5 3382
441 58 10 4 391
196 346 5 4 353
511 236 7 6 26505
485 390 8 4 498
104 59 4 5 687
479 450 9 7 104290
138 5 10 6 35408
37 172 10 10 504915097
138 363 1 4 86
242 4 8 2 21
482 154 5 5 2002
149 188 9 4 218
99 460 6 5 1420
425 450 8 5 3845
357 26 4 3 57
161 115 3 5 384
381 37 4 5 1515
132 19 9 5 1543
187 142 4 4 115
491 238 5 5 1490
159 315 1 3 13
210 320 10 5 2771
412 304 2 4 138
455 221 6 5 711
206 67 7 3 86
49 231 1 6 1680
148 56 9 3 81
418 274 3 6 11675
101 374 10 4 514
262 368 4 4 374
508 424 6 3 109
337 46 4 4 111
509 305 3 9 9951831
204 60 1 6 2937
96 195 7 7 132437
339 139 1 3 15
437 348 7 3 66
121 269 7 3 63
246 328 9 5 1433
484 17 8 4 311
69 250 2 4 74
402 7 1 4 29
129 389 2 5 569
119 123 8 4 314
197 210 2 5 467
363 165 6 4 550
87 5 1 6 1257
221 486 8 3 108
247 221 9 4 216
413 265 5 5 1398
111 499 6 4 144
448 258 1 5 240
49 166 7 4 181
110 115 9 6 31464
26 425 2 4 208
72 204 1 7 19568
315 355 6 3 115
189 99 6 3 51
509 155 8 4 481
483 167 3 5 1248
82 471 8 5 1415
145 45 9 1 4
297 442 3 4 286
55 250 7 5 2235
288 110 4 6 8438
445 503 8 4 197
503 235 2 6 2348
332 103 5 5 724
489 487 5 5 2131
127 123 1 6 885
358 357 8 5 2463
330 332 9 2 34
501 372 5 6 6747
253 133 4 4 298
78 174 7 4 189
337 445 2 5 406
85 334 7 6 26072
498 277 3 3 59
210 80 2 4 53
42 223 3 6 5052
168 27 5 3 33
160 87 8 4 662
55 270 3 5 778
36 223 6 3 98
314 10 3 3 42
410 213 2 5 1150
484 485 2 3 18
309 28 3 6 3267
10 219 8 4 314
69 297 2 7 15243
18 402 6 6 24630
457 206 2 7 21825
319 504 5 5 1070
401 246 8 5 4575
422 501 6 5 2722
26 11 5 5 2301
245 501 5 4 323
211 451 3 5 547
7 275 3 5 573
293 502 10 2 22
340 55 10 2 20
385 449 10 5 2084
474 142 9 4 234
186 407 8 5 2998
116 149 6 4 312
83 372 5 5 826
228 281 3 3 25
265 65 7 6 10640
230 241 2 6 1733
435 123 4 8 1069863
288 386 4 4 253
497 427 9 3 155
452 23 2 8 154937
256 360 4 4 227
227 132 5 5 2319
352 378 7 4 628
294 84 9 3 100
434 225 5 6 10663
26 289 2 4 196
415 461 8 5 2051
231 103 7 6 11842
58 371 3 6 2511
109 176 9 7 72390
445 329 9 2 29
255 165 10 2 20
219 451 7 3 74
162 205 6 3 120
491 62 6 2 17
7 308 4 3 85
18 332 10 4 692
76 390 2 4 143
197 166 4 7 31244
235 507 1 6 1300
116 328 10 4 460
197 207 6 4 333
109 115 9 4 248
412 293 3 4 262
350 270 4 4 332
112 330 2 5 267
94 410 5 6 8081
244 108 8 3 53
430 322 5 3 98
38 287 5 5 892
413 145 8 4 577
132 195 10 7 53111
366 374 7 3 52
276 123 2 4 97
72 257 2 6 2016
83 370 5 4 127
94 1 4 9 2340154
125 184 4 5 1693
322 156 7 3 135
427 192 5 4 397
107 214 2 9 1881322
399 122 9 3 87
121 386 8 5 1062
219 414 4 5 541
430 401 9 4 342
363 468 4 5 1524
209 498 4 3 52
481 116 5 3 41
123 216 5 5 1034
377 330 8 4 396
450 12 3 5 386
432 20 7 7 36149
470 270 3 5 1044
337 139 3 6 2734
301 389 9 6 25143
135 200 6 5 1501
159 50 2 6 1864
359 397 2 2 6
33 149 6 5 1188
136 288 5 6 5441
413 16 5 4 381
463 182 6 4 526
198 105 3 5 606
49 140 9 5 1678
33 261 4 8 632538
305 456 8 2 19
349 1 8 4 223
504 327 4 5 1298
286 335 8 5 1459
283 48 2 4 78
60 394 9 5 1549
227 316 5 4 281
436 460 1 6 953
88 61 8 4 562
100 508 9 4 306
477 260 9 6 7994
153 235 4 6 3993
315 224 7 3 121
418 362 8 4 366
349 509 7 6 20390
35 59 8 3 168
77 252 7 4 160
461 97 8 6 10019
411 182 5 5 2984
509 70 3 3 16
184 381 8 6 27753
316 475 7 1 4
199 51 1 6 2375
239 85 9 3 65
495 137 4 5 1697
178 75 8 3 44
49 269 2 4 110
473 106 5 7 26564
276 111 4 7 20283
441 332 7 1 12
205 450 6 4 340
65 173 6 7 83962
154 383 9 5 1642
63 404 3 6 5131
171 161 3 8 146361
118 224 8 2 37
435 190 10 5 2888
108 470 4 5 832
463 209 5 4 221
147 93 4 6 16024
120 408 2 5 294
370 455 2 7 41844
238 401 8 5 1442
376 455 3 4 89
468 266 7 2 32
282 469 8 4 190
200 118 2 5 1227
239 435 3 2 7
29 477 9 3 58
183 3 7 3 41
232 241 4 5 1683
160 491 6 1 7
384 176 4 4 139
303 407 9 5 2535
244 2 7 5 1009
90 477 2 2 8
269 160 5 5 640
9 255 4 4 366
500 323 5 5 1660
226 17 1 5 127
162 100 7 6 20633
442 354 6 4 248
254 56 9 3 114
177 70 3 6 6923
283 413 8 7 64073
467 303 2 7 48807
506 52 4 3 66
402 315 1 6 2754
44 66 10 1 8
205 376 3 4 152
78 375 1 4 64
45 468 9 4 745
300 11 10 2 21
288 143 1 5 518
238 91 2 6 3853
423 101 8 4 181
159 455 4 4 269
46 77 7 3 144
438 456 3 4 198
168 438 9 6 34245
228 205 8 7 52041
60 109 8 5 1621
97 31 7 4 663
56 135 10 5 6205
215 138 5 8 972414
305 446 9 5 1681
195 390 1 5 270
181 508 2 4 155
511 454 8 3 89
388 279 3 7 23445
13 343 5 3 108
132 121 10 3 114
420 165 4 7 78902
279 398 4 4 109
334 466 6 2 16
76 96 7 8 320782
397 429 4 6 4910
271 172 2 6 4417
297 357 6 5 736
398 305 8 6 17438
266 449 1 6 3826
380 322 7 5 3947
511 252 3 5 611
412 136 6 5 1964
273 453 4 5 632
440 111 8 3 48
88 261 1 3 6
40 321 3 4 125
221 370 1 6 1155
200 348 9 5 2193
141 425 2 7 22282
461 442 5 2 10
496 325 2 7 12421
504 467 2 6 3126
148 320 4 5 835
274 53 2 2 5
133 312 8 6 7560
166 318 10 3 89
326 491 6 4 198
131 60 6 5 1147
336 448 6 5 2767
392 136 10 4 542
64 75 2 6 5811
211 433 5 3 53
405 393 10 5 1303
415 14 6 6 9689
475 69 3 3 32
125 335 5 6 4838
481 214 3 4 269
125 1 6 5 3592
345 352 4 6 8614
511 191 10 3 194
398 405 2 8 82987
204 231 3 5 725
61 220 3 5 345
359 498 4 3 48
413 159 9 4 279
4 62 6 4 144
458 351 9 1 13
218 325 5 5 711
184 488 2 4 77
131 327 2 5 548
29 210 3 6 2321
74 138 4 5 1701
48 333 2 5 548
110 339 2 5 331
408 186 4 7 27284
340 441 9 6 6335
251 446 7 6 8791
31 254 4 5 1380
336 79 6 5 738
111 375 10 4 1097
199 351 9 5 3302
258 429 3 6 2214
503 484 7 2 34
152 452 5 3 28
247 166 3 5 692
460 442 5 5 1423
81 489 7 5 2546
91 476 5 3 27
202 449 7 4 391
137 230 1 5 520
147 127 1 6 762
229 424 9 2 31
462 27 9 4 388
387 140 3 7 23598
322 160 3 3 50
177 218 7 4 278
53 275 9 5 2002
268 37 5 2 17
330 88 5 4 159
107 462 4 4 105
508 252 7 5 3079
343 78 1 6 2376
385 88 5 2 18
403 66 5 3 51
424 490 1 7 8422
266 293 6 3 58
177 182 2 7 14687
149 4 1 8 42085
423 324 5 5 1066
504 180 7 4 282
457 115 7 5 1822
493 85 1 10 7710400
257 240 4 5 2213
470 36 1 5 521
179 507 6 7 82495
473 504 5 4 326
125 304 3 4 276
363 434 9 6 15859
175 87 2 7 41146
183 464 2 5 581
186 482 9 5 4428
146 458 10 5 2052
51 209 4 7 89019
413 464 3 6 3364
331 130 6 5 3589
194 161 9 5 1118
345 204 3 4 195
342 194 6 3 86
10 115 8 3 65
160 432 7 3 136
215 229 5 5 1896
484 191 8 3 161
41 250 7 5 1968
339 86 5 3 88
244 91 3 2 7
61 236 2 5 619
190 394 5 5 621
125 6 8 3 112
508 205 7 3 83
248 408 1 4 98
411 280 2 7 15696
262 392 3 4 86
400 392 7 1 6
386 265 3 4 154
174 34 7 5 1287
96 121 1 3 6
263 96 4 7 27830
410 447 7 3 60
306 460 1 6 1919
191 279 9 6 7936
35 83 10 3 78
192 242 8 4 791
369 247 5 5 1176
350 153 1 7 8662
479 274 4 3 54
26 418 4 4 259
301 269 2 5 277
390 181 5 3 68
316 65 6 6 4226
85 146 7 3 56
356 361 8 3 172
241 163 3 6 2469
284 239 4 6 19380
364 384 8 3 170
70 284 10 6 14837
248 479 4 7 37534
483 142 6 6 16799
38 189 10 5 5397
407 298 5 9 6231081
285 240 7 6 25085
22 131 1 5 406
427 98 2 4 93
293 274 3 4 114
119 489 2 6 1671
332 489 1 5 208
283 245 2 6 5437
358 491 7 5 3862
283 272 2 2 10
162 72 8 2 34
207 259 7 4 314
246 89 10 3 165
359 59 1 5 549
71 492 2 7 14253
39 234 2 4 127
297 212 8 1 8
256 326 8 4 183
400 423 6 7 58160
418 165 5 4 357
461 334 1 6 4164
451 500 1 4 40
63 480 6 3 129
276 339 10 2 19
141 172 2 2 8
299 64 4 5 1687
93 402 4 6 4580
90 165 2 5 325
433 169 1 7 8612
445 468 2 6 2174
367 36 2 4 60
375 508 10 3 216
225 288 7 6 9478
82 296 4 5 679
156 481 9 4 358
366 8 10 5 5358
100 420 10 4 352
264 109 3 3 54
92 14 7 3 152
134 35 6 4 248
414 441 5 5 1148
187 57 8 3 108
42 133 4 5 1289
473 266 10 4 536
458 119 7 6 21559
192 360 7 5 3948
94 81 8 6 9011
216 13 3 5 1845
76 173 9 3 150
120 454 7 8 453615
343 60 10 5 1185
192 460 1 7 31887
184 465 2 3 23
69 61 7 5 1540
487 247 5 2 10
266 308 9 7 101296
423 257 2 7 19724
421 192 5 7 166034
143 98 3 5 890
89 380 1 8 40841
228 398 7 6 8699
312 208 6 3 50
51 506 10 4 649
373 53 6 5 2176
494 121 8 3 110
329 228 5 6 3568
86 229 8 4 222
476 119 10 5 1257
76 148 9 3 124
58 21 4 7 75390
443 33 1 8 43198
233 353 3 4 99
141 25 6 4 217
195 58 5 3 77
287 178 7 5 2798
181 421 8 3 78
419 33 10 7 359450
386 116 3 6 11673
163 39 10 4 978
185 33 5 4 284
185 471 5 5 3266
186 5 2 2 6
452 308 3 7 30800
382 35 9 4 318
172 211 3 6 3310
260 59 8 4 199
333 111 5 2 24
57 59 8 5 2336
202 115 4 6 3817
141 195 1 7 10976
510 426 3 5 499
444 365 5 4 347
39 406 5 6 4178
115 421 10 4 263
317 45 4 4 448
161 54 9 5 3945
459 283 4 4 107
299 249 10 4 1014
3 507 1 5 143
229 428 8 4 509
29 73 5 4 346
330 30 2 4 49
398 118 10 3 69
223 402 5 4 172
158 29 8 4 309
235 346 7 4 240
361 212 9 4 250
112 326 1 3 16
345 235 9 4 585
358 223 3 4 105
86 283 8 3 97
467 161 2 4 55
473 223 8 3 85
29 209 3 3 37
376 243 9 6 21360
72 50 3 7 104434
349 439 1 5 659
308 170 6 6 8713
140 271 6 5 1500
279 3 10 2 53
207 34 1 5 306
32 332 9 4 992
149 170 8 4 181
183 54 9 5 1826
325 171 7 3 55
91 163 1 5 397
40 473 6 2 31
363 384 2 4 82
268 451 10 5 1656
399 15 10 3 144
356 368 5 4 118
486 70 1 5 442
105 340 6 3 75
435 24 7 4 340
508 242 9 7 269934
417 254 4 3 27
386 441 8 4 178
89 423 4 5 863
390 24 10 6 21819
504 122 8 9 6112178
186 208 10 4 364
70 485 9 3 143
165 337 6 4 429
18 30 6 5 782
169 36 2 4 224
212 392 3 5 364
248 453 10 1 11
169 310 8 4 903
495 378 5 3 107
241 469 9 4 648
179 231 7 6 11097
119 322 3 3 21
411 311 5 5 2618
227 258 10 5 6212
160 45 8 4 197
463 202 9 6 7482
208 153 9 3 90
140 420 10 5 1399
198 185 10 3 181
154 510 2 5 372
314 121 5 3 69
251 401 3 3 55
100 409 8 5 5116
112 412 1 6 1238
28 505 9 3 134
296 137 10 4 397
495 323 8 4 627
43 180 8 5 2227
159 171 7 3 114
109 281 7 3 110
232 145 2 6 2520
381 27 9 3 186
140 401 6 3 60
103 320 3 6 4404
86 459 4 4 148
489 382 10 5 4049
185 52 7 5 1013
127 172 5 4 536
456 357 9 2 37
355 326 7 3 141
9 219 7 5 2827
160 508 10 3 86
303 177 10 6 16671
463 456 1 6 1970
163 224 3 4 78
233 28 2 6 5674
142 354 9 6 11639
269 336 10 4 939
258 44 7 1 5
341 396 4 7 23757
436 81 2 5 697
232 130 1 6 906
60 340 10 7 82450
145 318 5 4 265
487 498 9 7 209139
165 470 3 4 176
123 193 1 5 414
128 495 8 6 34059
465 349 2 7 56671
146 365 4 6 4685
425 335 7 4 637
425 197 9 5 1766
9 241 8 5 2056
128 424 6 6 6462
140 125 7 5 2221
143 503 3 6 10249
109 200 7 5 800
100 10 10 5 6763
358 496 9 3 120
42 454 7 4 197
463 107 1 3 9
239 177 9 3 145
511 267 10 4 1058
498 163 10 4 637
281 392 1 5 201
436 508 8 3 155
270 121 10 4 529
289 495 2 8 179037
327 260 9 3 122
288 510 8 5 1443
13 86 4 3 25
484 104 4 4 205
76 320 7 4 321
34 270 4 3 56
417 262 6 9 3831021
339 117 10 3 81
310 380 3 5 583
112 259 2 2 8
26 406 4 7 91684
255 223 6 4 328
45 291 3 3 30
225 344 10 4 818
440 106 1 5 412
143 484 8 6 12006
354 419 3 3 16
419 206 2 5 523
119 339 5 4 140
226 436 7 4 676
439 497 7 6 19377
194 26 3 6 2289
100 262 10 3 154
77 56 8 6 16964
391 338 9 6 41055
197 35 2 5 335
505 417 9 3 128
508 260 5 4 249
134 480 5 3 36
209 492 5 5 1719
463 286 9 9 4015172
121 55 10 2 20
94 58 9 3 99
174 474 6 6 5500
131 54 1 6 988
164 145 7 6 18800
288 487 4 3 68
310 363 2 5 375
79 402 10 4 609
178 332 9 3 141
3 218 2 3 22
70 382 4 3 58
331 321 9 6 6411
357 509 3 6 6412
187 274 1 5 219
179 105 10 3 75
292 415 2 5 908
153 385 8 4 743
98 383 3 4 331
250 191 10 4 1056
80 417 10 3 138
165 178 7 6 5589
296 247 1 3 15
66 366 4 5 1138
185 205 1 7 5081
39 301 2 5 526
495 509 3 7 20995
324 396 9 6 10908
484 215 8 6 10561
461 40 9 6 9519
468 365 2 3 14
421 91 8 4 458
478 225 2 6 2188
259 305 4 7 40500
64 82 4 7 115022
357 475 6 6 22300
89 270 10 4 498
296 90 2 3 17
428 311 3 9 1996176
473 126 6 2 26
348 165 1 6 1115
245 192 3 5 2051
53 264 4 3 58
252 453 1 5 383
13 167 3 7 24126
245 367 2 4 130
65 488 1 8 51253
178 501 4 4 302
55 321 10 4 388
217 504 8 5 2095
280 176 1 6 733
472 426 2 4 178
260 434 9 4 534
54 13 5 3 53
118 10 9 3 169
164 315 5 3 53
203 425 2 7 11545
460 428 9 4 346
106 164 1 4 52
342 261 9 4 565
343 26 8 4 233
188 194 5 5 1541
501 128 4 5 2667
265 301 9 4 490
106 340 8 6 6611
449 100 4 3 30
25 280 3 5 458
