6155 4.2020440480875225e-08 
8318 2.7064780971919333e-11 
8729 1.9227609250407042e-06 
3615 1.0335454849006321e-08 
6991 7.586768744548912e-08 
8017 3.3924190855156504e-08 
3519 8.083731658558647e-08 
2180 1.447993028534959e-08 
7098 1.3684691703875086e-08 
1954 6.569071890014664e-08 
4681 2.4812169549873198e-09 
7163 3.459908249413648e-08 
1681 2.6967408033214124e-09 
5950 1.3928473961493607e-08 
6338 2.2410077266110662e-10 
8403 2.7696377488499796e-07 
5011 3.992316105526708e-09 
8393 1.2333270785559508e-07 
6659 7.558333263010597e-08 
1564 2.5012493769559837e-07 
3872 1.4303692618745142e-08 
2885 7.215114602331156e-08 
5829 5.782214208943626e-08 
6596 3.9657410341731314e-10 
9732 5.9885765078425066e-09 
4772 9.881363500878482e-10 
4625 6.429711088204448e-09 
5454 8.831086556471135e-11 
495 1.494912833615008e-08 
6251 3.941620211964775e-08 
7776 3.391039945913922e-09 
7729 1.9872518889172714e-05 
7159 9.347967106290711e-08 
8917 8.741223898086747e-09 
9334 3.121571259074793e-09 
6157 1.6327110995859603e-05 
213 1.6140816474184694e-09 
5007 1.167799720640239e-09 
2790 1.2619880231264351e-08 
3089 1.3498166856840355e-07 
887 1.2753787718842768e-07 
6559 1.3159813416936672e-09 
57 8.872153053644932e-08 
4521 2.3515311239083545e-08 
6593 2.3977583076591896e-09 
2954 6.450440896015492e-08 
8209 1.7917546368036857e-09 
9988 3.5813885005382906e-07 
9402 2.1956135108809616e-09 
8969 1.623943863063304e-09 
223 1.880052684190346e-08 
7444 7.115266080590533e-09 
1395 1.1214157244848169e-07 
2367 3.645153623388353e-11 
9455 9.906719194985314e-11 
784 4.162382585747507e-06 
3886 2.75350748049562e-07 
8903 1.9020586570833373e-08 
2261 1.003922141988925e-08 
8678 9.882185701476018e-09 
8915 2.1546076526667707e-09 
9692 4.2570635577063765e-08 
8218 8.180671911908615e-06 
5137 9.953761651449854e-09 
1723 1.1549321114268443e-08 
8389 1.4865975729590712e-07 
6921 1.7442276622602754e-09 
9720 3.6429010005632105e-08 
3352 9.73207784076436e-09 
6564 7.604661478492795e-06 
3496 8.143347037382724e-09 
7108 1.6812271366739573e-10 
8816 2.1368868653726114e-09 
7323 4.723637423528391e-08 
6002 6.994630137642111e-07 
6907 7.16147134103686e-08 
6291 4.530343675703495e-06 
3690 4.962177649656769e-08 
2620 3.587187302842715e-09 
9427 8.568839268566567e-09 
3651 6.215559004969464e-08 
571 2.885764880311212e-09 
4435 5.668508079050526e-09 
3400 1.382663567775673e-08 
5291 2.0074390056062236e-09 
7808 1.2058504598379152e-07 
4660 3.463112568538411e-08 
1155 1.52217028434945e-09 
4829 8.278955558318062e-06 
9767 2.8047482306881947e-05 
803 3.7067653499596454e-08 
8495 4.803778833051275e-10 
5288 5.0948163555835854e-09 
6765 8.13264441901218e-10 
9890 1.2285863963020475e-06 
6417 1.0652899972742047e-09 
6234 7.632681698882657e-08 
3039 4.7343945191631056e-08 
8108 1.4893510063413145e-08 
1085 3.3424467230439014e-09 
1655 4.489796461048037e-09 
246 1.7462295776038417e-09 
5997 6.6510858402844125e-09 
2863 4.051503654140291e-08 
6979 1.2580614399196333e-08 
197 5.0277026259761774e-08 
9214 9.683725750733675e-08 
6557 7.64812001859301e-09 
5623 2.1071133269717204e-08 
5000 1.856715842792761e-08 
9554 1.583844961775124e-08 
7053 1.2157642975576914e-08 
1431 3.6022418554992885e-10 
9745 1.1817257918590143e-07 
9901 4.043634957472467e-09 
228 2.091836188696048e-08 
5754 1.908662858681365e-07 
6385 7.195843276439334e-09 
5353 4.648473362527453e-09 
5344 1.4094604871249528e-09 
5857 5.019465758429641e-08 
3990 2.100271023899392e-08 
4147 1.0404439683940614e-09 
2278 3.2512660201768203e-08 
8294 3.3662366765579987e-09 
4885 1.303024296672886e-06 
5077 6.360790550958423e-09 
7040 4.184964273567908e-08 
748 3.6210080705840076e-08 
1198 2.2236506396682097e-08 
9969 1.8008048633928828e-08 
1878 1.0407677059640161e-08 
7071 2.1242236721574544e-07 
6806 8.020251129892131e-13 
3358 2.51488596486073e-08 
3701 2.563155842956401e-08 
8401 6.664399149121933e-08 
1516 6.177549439603303e-08 
167 3.2382645002992927e-10 
5560 3.9546442350208225e-09 
9613 6.075945584009014e-09 
3508 4.769094455124084e-06 
5573 7.117870117476829e-09 
7376 2.827114650506325e-08 
5070 1.726046213904953e-08 
6839 3.1023219345012454e-09 
3943 5.19271699879649e-09 
631 3.070093970714005e-10 
1733 6.634926358328741e-10 
8367 1.0923996429657024e-10 
9032 9.638768116992935e-10 
8713 2.624328736630264e-08 
4920 6.299804000946957e-08 
9641 7.3245889752743265e-09 
2951 2.3519884052294535e-08 
1670 4.685968392828532e-10 
7322 1.7268702182950645e-08 
5432 1.3790613760369447e-07 
9426 1.788800978560134e-08 
752 6.05753289459183e-08 
