1 2 3 5 485
1 47 8 1 4
2 31 10 2 24
2 35 5 2 23
2 406 9 1 8
3 4 8 1 5
3 5 1 2 5
3 26 3 2 7
5 57 1 2 5
15 16 7 1 8
15 36 5 1 4
16 25 3 1 4
17 18 7 6 8835
17 36 4 1 4
18 33 4 5 833
19 20 2 4 77
19 21 4 1 4
20 142 9 1 4
20 148 8 1 13
21 22 5 1 4
22 23 6 1 10
23 24 9 4 341
24 25 8 1 4
24 28 8 1 4
26 27 6 1 4
27 29 3 2 12
27 30 9 1 7
28 29 4 3 51
31 33 3 1 4
32 33 3 1 4
32 34 1 7 12946
32 69 1 2 4
34 35 9 3 109
34 73 6 2 13
36 37 5 1 6
36 75 10 2 26
37 52 5 6 4956
37 43 7 1 4
46 47 3 3 28
47 448 7 3 66
52 67 1 4 34
53 54 1 2 4
53 59 2 3 12
53 418 2 5 386
54 163 9 1 4
55 56 5 1 4
55 59 7 1 4
56 57 3 2 10
56 66 6 3 95
58 59 3 3 42
58 60 10 1 4
58 199 6 5 855
58 458 6 4 250
60 63 3 2 14
63 225 3 4 319
64 65 10 1 4
64 66 7 1 4
65 67 1 3 9
69 70 10 1 4
70 71 3 1 4
71 101 3 1 4
72 73 7 1 8
72 101 8 1 14
73 76 5 2 13
73 77 3 1 4
96 97 7 4 320
96 111 8 1 4
97 101 2 3 23
98 99 9 1 5
98 100 9 7 49569
99 138 8 1 4
100 116 10 1 4
105 106 5 1 8
105 111 3 1 4
106 107 10 2 53
107 108 6 6 14282
111 114 8 3 104
113 114 7 4 741
113 116 4 1 4
115 116 10 1 7
115 409 9 4 443
118 119 10 1 4
119 138 2 2 5
120 121 6 7 44639
120 122 10 1 14
120 304 4 2 21
121 296 1 4 35
122 123 5 1 8
122 124 10 1 12
124 125 8 5 1097
134 135 3 1 4
134 332 7 3 41
135 136 7 1 4
135 137 4 1 7
137 139 4 1 4
139 140 9 1 4
139 141 4 2 19
139 399 6 1 4
141 400 7 1 4
154 155 1 2 4
154 156 9 1 4
154 172 7 1 5
155 168 6 4 242
156 157 2 2 4
156 171 2 3 17
157 158 1 4 80
158 159 5 1 4
158 177 1 8 41643
159 160 1 5 170
159 161 1 2 4
159 196 4 1 4
161 162 1 2 4
161 197 3 1 4
163 164 2 2 4
164 165 5 2 9
165 166 7 1 5
165 104 5 1 4
166 167 7 1 5
167 168 7 1 4
169 170 7 1 4
169 171 7 1 5
169 174 3 1 4
170 172 2 2 8
170 173 6 1 4
170 419 5 1 7
171 178 8 1 4
173 174 6 1 4
174 179 7 2 22
175 176 2 3 11
176 214 8 1 4
177 178 1 2 4
177 191 9 1 10
178 421 8 1 10
179 192 4 3 30
180 181 9 1 12
180 208 4 1 5
181 192 7 1 7
182 183 3 1 5
182 184 6 1 5
184 185 10 2 19
184 208 4 6 16675
185 186 1 4 95
185 207 5 1 4
186 187 4 5 572
186 230 10 1 4
187 188 2 3 26
187 193 3 1 4
188 189 2 8 105660
188 191 7 3 110
189 190 5 4 318
189 191 4 1 4
193 194 4 1 4
193 217 5 1 4
194 195 6 3 70
194 217 4 2 8
195 196 2 2 4
195 216 10 1 11
196 197 6 1 10
196 476 2 5 291
197 216 1 3 11
198 199 1 2 4
198 221 1 4 31
199 200 5 3 50
200 10 6 3 34
201 202 7 1 4
201 203 7 2 26
201 351 1 3 16
202 213 4 1 4
203 204 5 5 1064
203 205 3 1 4
205 206 10 1 12
205 231 10 4 536
205 360 8 1 7
206 207 10 1 4
206 232 1 2 4
207 233 4 2 11
208 209 1 2 4
210 211 2 4 140
210 212 9 1 6
211 215 7 1 4
212 213 9 1 8
212 342 8 1 4
213 340 6 3 48
214 215 9 2 33
216 219 8 1 4
217 218 5 4 155
218 222 9 1 4
219 220 1 4 56
220 221 2 2 4
220 222 9 1 4
222 226 5 1 8
223 224 1 2 4
223 225 5 1 8
223 7 2 2 4
224 229 5 1 4
227 228 9 1 4
227 229 5 2 14
227 272 7 2 20
228 230 3 2 15
229 401 7 2 27
231 281 8 1 14
232 265 1 2 4
233 264 9 6 23392
233 150 10 1 4
234 235 1 2 4
234 278 10 1 4
236 237 9 1 4
236 280 10 1 4
237 238 6 7 117999
237 239 1 4 56
239 240 3 1 5
240 241 1 2 4
241 243 10 1 4
241 442 9 1 4
242 243 1 2 4
242 244 7 6 24387
242 314 2 2 4
242 80 5 1 4
243 293 4 3 85
244 247 2 3 23
245 246 6 3 36
245 247 6 1 4
247 248 5 3 75
248 249 7 1 4
249 250 4 5 891
249 312 7 1 8
250 251 1 2 4
250 321 10 8 804961
251 252 9 3 114
252 253 4 1 4
252 327 2 3 16
252 301 1 3 17
253 254 8 1 4
253 277 6 2 14
253 266 8 1 8
254 255 4 3 22
254 256 2 4 75
256 257 9 1 14
257 258 1 4 24
257 259 6 1 4
260 261 3 3 25
260 262 3 3 31
260 263 6 5 717
263 264 7 2 16
263 479 10 1 4
266 267 6 1 9
267 268 10 1 4
267 299 1 2 5
268 269 1 2 4
269 270 8 3 49
269 294 5 5 822
270 271 1 2 5
271 295 9 1 4
271 133 1 3 8
272 273 4 1 4
272 274 2 5 815
274 275 5 1 7
275 276 6 1 4
275 277 9 1 14
275 291 10 3 108
278 279 7 1 7
278 282 8 1 4
279 280 3 1 4
280 287 10 1 4
281 289 2 2 4
282 288 2 6 6622
283 284 6 4 266
283 285 6 1 4
283 305 5 5 3063
284 290 6 1 6
284 365 1 2 4
285 286 8 2 31
285 306 8 1 4
286 287 3 3 26
286 306 9 1 4
286 452 6 4 210
287 293 2 3 15
288 289 9 5 2724
289 290 2 2 4
291 292 6 1 4
297 298 1 2 4
297 454 5 1 4
298 299 9 1 4
300 301 1 2 4
300 302 1 2 4
302 303 10 1 4
302 304 9 7 155049
302 330 7 2 37
305 306 1 2 4
305 308 6 1 4
306 308 8 7 93066
307 308 7 3 48
307 309 6 2 26
309 310 1 2 4
309 338 10 1 7
309 379 1 2 5
310 311 6 1 5
310 85 7 5 1766
311 312 10 1 7
313 314 10 1 5
315 316 6 1 4
315 317 1 6 1322
315 499 9 1 4
316 334 7 5 1642
316 398 8 1 5
317 318 6 1 4
317 503 9 2 23
318 319 8 1 4
318 502 8 3 67
318 510 7 1 4
319 320 1 2 4
320 333 6 1 4
321 322 3 1 4
322 323 5 5 1659
322 325 6 1 4
322 333 3 2 7
323 324 3 1 4
325 326 5 1 5
326 328 8 1 8
327 328 9 1 4
328 329 7 1 11
328 495 3 1 4
329 330 2 2 4
329 331 10 1 4
331 332 5 1 4
331 489 5 4 336
332 481 7 1 4
333 493 2 2 4
334 335 10 1 12
336 337 7 1 4
336 500 6 2 29
337 338 8 1 7
337 382 6 4 284
338 339 3 3 16
338 377 3 3 35
340 341 3 4 88
340 349 5 3 30
340 354 9 1 4
341 343 4 1 4
342 343 9 1 4
344 345 4 4 89
344 346 2 2 4
344 385 9 1 11
346 347 6 3 92
347 348 4 1 4
347 387 7 7 165213
348 349 3 5 1757
348 386 2 2 7
350 351 9 1 4
350 359 8 1 8
350 13 7 1 9
351 352 4 5 2153
352 353 10 1 4
352 356 6 4 386
353 354 7 5 2238
354 355 5 2 14
355 356 4 1 7
356 357 6 1 4
358 359 1 2 4
358 361 2 2 4
358 362 4 1 5
358 360 10 1 4
358 92 8 1 11
360 413 9 1 4
361 388 1 2 4
362 367 4 1 4
363 364 3 1 4
363 365 10 1 4
363 370 9 2 16
364 395 9 1 4
365 366 3 1 4
365 371 2 2 4
366 144 2 2 5
367 368 5 1 4
367 369 9 1 4
370 380 4 1 7
371 372 1 2 4
371 373 3 1 4
371 374 6 7 64044
375 376 3 1 4
375 383 10 1 16
376 384 3 1 4
377 378 4 1 4
377 381 2 2 4
378 384 3 1 4
381 383 4 4 141
382 496 10 3 60
383 384 7 1 4
388 389 3 1 4
388 392 3 2 7
389 390 5 4 280
390 391 4 1 4
392 393 9 3 173
392 394 4 1 4
395 396 8 1 4
399 411 7 1 5
400 405 10 1 4
404 405 5 3 35
404 412 7 3 38
405 89 1 3 10
408 409 1 3 10
411 412 4 2 11
411 415 1 3 7
411 482 6 3 42
412 415 3 1 4
415 427 6 3 48
415 487 8 1 4
427 428 6 1 4
427 431 4 1 6
427 487 4 1 4
427 424 8 5 1545
428 429 6 1 4
428 432 5 6 7067
481 482 7 3 83
482 488 7 2 29
483 484 4 1 5
483 485 2 3 11
484 492 6 1 5
485 486 3 1 4
486 487 3 3 56
489 490 3 1 4
490 491 3 3 28
490 492 4 1 5
493 508 1 4 94
494 495 10 1 4
494 507 9 1 8
496 497 7 1 4
496 62 3 4 132
497 498 8 6 6364
497 499 10 1 4
499 501 10 1 4
501 447 3 3 40
502 511 7 1 4
503 450 8 1 4
504 505 2 2 5
504 506 6 3 116
505 508 7 1 4
505 509 9 2 17
506 507 7 3 57
509 510 2 2 7
509 511 1 3 8
7 8 7 3 44
7 6 10 1 4
10 9 3 3 28
10 11 9 1 4
13 12 1 4 81
12 14 2 2 4
144 38 9 1 4
144 145 5 1 8
38 39 4 3 22
89 68 4 1 6
89 88 2 2 10
68 40 8 1 4
68 102 7 1 6
40 41 5 8 327460
40 81 8 3 121
102 50 8 2 33
50 51 5 1 4
41 95 7 1 8
81 146 9 2 23
95 456 6 3 33
95 143 7 1 4
95 146 10 1 10
146 410 4 1 7
43 42 1 2 4
133 130 9 1 4
128 117 3 1 4
128 132 2 2 4
117 129 10 7 60966
117 110 10 1 4
132 130 5 1 4
129 127 7 5 1547
127 44 2 2 10
130 131 6 1 4
44 45 4 1 4
110 109 6 1 4
110 126 4 1 4
109 112 4 2 8
62 49 10 1 5
62 61 9 1 4
48 49 10 1 4
75 74 5 1 8
77 78 3 1 4
80 79 5 1 8
92 90 6 4 167
82 83 4 2 17
83 91 1 5 216
91 90 8 1 4
90 93 6 2 23
93 94 8 4 490
85 84 5 1 4
84 86 7 1 4
84 87 7 1 4
86 87 9 1 4
104 103 8 1 6
148 147 2 2 4
147 149 9 1 4
150 153 8 1 14
150 151 7 1 4
152 153 1 2 4
398 397 1 6 1810
401 402 6 1 4
401 403 2 3 13
406 407 1 2 4
416 407 3 1 4
413 434 2 4 132
413 414 2 2 4
433 434 3 4 87
418 417 5 3 95
419 420 9 2 37
419 430 1 2 4
421 422 8 1 5
421 423 7 1 4
424 425 3 1 4
424 426 8 8 1290988
424 438 3 3 44
438 437 7 5 3558
437 439 5 1 4
454 453 1 6 1218
454 435 1 2 5
453 455 4 1 4
455 460 7 1 11
435 436 6 1 4
460 463 4 3 67
463 462 1 2 4
461 462 1 3 13
461 464 10 1 4
464 466 5 1 4
466 467 2 2 4
452 451 10 1 5
452 440 6 2 31
451 459 8 1 5
459 473 6 3 62
440 441 8 5 1539
473 472 6 1 4
442 443 10 1 4
448 444 2 2 4
444 445 10 3 161
465 445 8 1 5
465 468 4 1 7
468 469 9 1 5
469 470 5 1 4
470 471 4 6 3732
447 446 9 1 4
450 449 2 2 4
458 457 9 1 7
476 474 8 1 4
476 477 10 1 14
474 475 10 2 23
477 478 4 2 14
479 480 10 4 546
284 177 10 1 4
391 291 4 1 4
397 161 5 3 31
376 187 1 2 4
322 42 9 2 45
399 318 1 2 4
463 89 8 1 5
343 194 1 6 1467
437 265 1 5 641
239 53 7 1 6
411 475 9 1 4
21 372 3 1 4
508 449 1 2 4
24 51 1 2 4
54 280 9 5 1316
261 73 2 2 4
2 307 1 2 4
476 36 3 3 25
374 231 8 1 4
483 72 3 1 4
188 248 6 3 33
326 346 10 1 5
458 449 1 7 13877
435 58 8 6 9206
225 130 5 1 4
484 174 9 1 4
322 33 8 3 123
369 191 6 2 22
330 20 10 1 6
324 21 8 3 168
18 385 9 1 5
252 297 4 5 800
7 178 5 1 5
30 43 10 1 4
397 191 6 2 13
450 80 6 1 5
458 335 9 3 55
171 48 5 2 15
485 267 1 3 14
104 136 9 3 65
47 507 3 1 5
302 429 6 2 23
424 132 2 2 4
55 69 6 3 71
81 28 10 1 4
346 114 10 6 49245
84 284 7 1 6
57 44 8 2 38
112 358 10 1 4
103 252 2 2 4
202 401 7 1 4
106 343 8 4 751
297 285 3 2 6
47 27 6 1 4
391 38 2 2 4
292 297 1 4 42
292 334 6 2 26
149 56 2 3 23
56 464 10 1 4
252 487 7 1 4
491 427 2 3 26
112 439 2 2 4
62 365 1 2 4
315 75 8 5 3887
445 373 6 1 8
373 228 4 1 4
459 103 10 1 4
5 34 3 4 86
357 412 7 5 1182
195 208 4 1 4
362 282 9 1 5
282 132 4 1 4
292 358 7 1 4
130 16 10 5 5080
354 48 5 1 4
329 398 5 1 8
107 143 7 1 4
302 8 8 1 5
437 468 2 2 4
391 24 7 1 4
70 453 4 1 4
428 250 4 1 4
427 93 5 1 4
235 500 5 1 8
476 259 3 5 459
140 144 9 1 4
373 167 7 1 4
413 463 2 2 7
100 419 9 3 101
67 49 7 1 4
148 127 3 1 4
227 117 9 1 4
147 283 6 1 5
464 193 3 2 10
281 305 10 1 14
168 300 2 7 49975
456 265 8 2 28
74 34 3 5 582
228 497 6 6 14419
84 178 7 1 4
47 339 9 1 6
137 364 9 1 4
419 487 6 1 4
497 260 1 2 4
432 171 3 1 4
104 329 4 4 133
16 90 3 2 11
14 244 6 1 8
56 483 4 1 4
175 2 3 5 1431
151 442 6 1 8
372 443 10 3 78
460 285 10 6 8546
372 171 3 2 7
267 357 9 1 4
336 274 5 1 4
235 63 4 1 4
279 71 1 2 4
251 475 8 1 4
440 88 4 1 4
169 453 9 1 4
172 264 3 1 4
51 471 3 3 28
503 172 6 1 4
175 199 4 1 4
230 291 7 1 4
16 205 3 1 4
339 82 10 1 3
449 137 4 1 7
119 372 2 2 6
499 126 5 3 72
485 290 7 1 4
181 127 8 1 4
505 298 5 1 5
290 489 5 1 4
34 249 6 1 4
179 277 10 2 38
440 73 2 4 185
343 395 5 5 668
87 478 8 3 55
316 6 3 2 10
307 144 9 1 4
308 435 3 5 1121
233 510 8 2 27
126 354 8 1 4
272 162 4 4 335
135 122 10 6 15668
365 389 5 1 4
235 479 10 2 43
125 110 2 6 6988
289 302 5 1 8
13 387 9 1 4
345 228 8 4 194
10 105 5 1 4
311 286 6 1 4
126 229 8 1 4
286 221 3 2 13
171 11 4 4 125
172 342 9 4 965
245 407 6 1 4
63 188 4 5 2662
253 232 10 1 10
435 104 3 1 5
87 138 8 5 3676
30 432 8 1 4
476 53 4 5 1248
107 103 10 1 4
409 12 6 1 8
344 183 6 1 5
440 85 10 1 4
210 133 6 1 4
45 192 7 1 4
352 234 6 6 11496
354 440 4 1 5
28 170 6 1 4
281 2 1 3 17
361 251 10 2 38
35 364 6 1 4
433 81 8 1 4
281 159 8 1 14
495 148 3 1 4
316 239 5 5 1002
143 130 3 1 4
26 136 8 1 4
424 419 3 3 19
395 202 6 1 4
136 352 1 3 19
380 360 5 1 4
146 72 9 4 778
424 450 5 1 7
147 425 2 5 1283
451 285 4 3 44
195 101 4 3 23
457 177 8 1 4
81 208 8 8 1691601
182 200 3 1 4
436 509 1 3 13
29 18 7 6 13360
149 453 10 1 5
330 473 9 3 188
73 53 7 5 1964
340 196 9 1 4
256 444 3 1 4
270 428 2 3 17
407 87 4 7 135218
346 295 1 5 237
78 410 8 1 4
87 205 7 2 14
331 59 10 1 4
45 83 9 1 4
411 217 4 1 4
262 497 6 2 16
267 226 7 4 554
456 426 5 2 12
321 505 7 1 8
479 424 2 4 93
488 420 2 4 71
236 272 10 1 4
507 217 10 3 103
366 165 6 7 30125
227 338 5 1 4
228 346 9 1 4
488 324 8 1 4
116 214 8 1 7
499 343 5 3 71
155 118 5 1 4
480 256 10 1 4
176 478 8 1 8
375 389 7 1 4
139 438 4 1 4
366 395 5 1 4
42 36 10 1 9
470 372 2 2 8
127 490 1 4 56
407 209 9 1 4
455 68 5 1 8
222 99 9 1 4
351 55 8 1 4
418 87 5 2 21
254 89 1 2 4
256 83 9 6 19176
225 147 9 1 4
73 89 2 2 4
376 270 7 1 5
415 507 1 2 4
414 382 6 2 16
319 321 3 1 4
257 29 8 1 8
312 374 3 1 4
43 150 8 1 4
82 423 5 1 4
226 280 6 4 617
125 299 1 2 4
202 220 6 1 4
290 116 1 3 8
130 118 1 5 208
358 76 5 1 4
243 500 5 1 4
163 155 9 1 13
445 227 10 1 5
240 177 2 2 4
299 246 8 1 4
347 136 7 1 4
211 323 5 4 136
318 227 8 1 5
174 222 3 1 4
35 492 10 1 4
441 58 10 1 17
196 346 9 3 56
511 236 5 2 13
485 390 8 1 4
104 59 2 2 4
479 450 2 2 4
138 5 9 1 4
37 172 7 1 5
138 363 1 2 4
242 4 6 1 4
482 154 6 1 5
149 188 6 2 26
99 460 8 1 4
425 450 1 2 4
357 26 3 2 14
161 115 2 2 9
381 37 5 5 1676
132 19 1 2 5
187 142 8 1 4
491 238 7 1 4
159 315 8 1 4
210 320 1 2 4
412 304 3 1 4
455 221 3 3 43
206 67 2 2 4
49 231 6 3 45
148 56 2 4 150
418 274 10 1 6
101 374 4 2 12
262 368 5 8 200162
508 424 3 2 7
337 46 7 1 4
509 305 2 3 40
204 60 8 3 149
96 195 2 2 4
339 139 5 1 4
437 348 9 1 5
121 269 10 1 4
246 328 2 3 17
484 17 10 2 29
69 250 6 1 4
402 7 6 1 4
129 389 6 1 4
119 123 1 2 5
197 210 9 1 4
363 165 10 1 11
87 5 4 1 4
221 486 4 1 4
247 221 6 6 9635
413 265 1 3 14
111 499 1 5 536
448 258 9 1 4
49 166 7 2 37
110 115 3 3 61
26 425 8 1 4
72 204 10 2 30
315 355 4 1 4
189 99 10 1 4
509 155 9 1 4
483 167 1 3 6
82 471 2 2 4
145 45 8 1 4
297 442 10 4 225
55 250 1 3 11
288 110 2 3 13
445 503 6 1 8
503 235 2 2 4
332 103 1 2 4
489 487 8 2 42
127 123 1 2 5
358 357 8 1 7
330 332 2 2 4
501 372 7 1 4
253 133 1 4 87
78 174 10 1 4
337 445 3 1 4
85 334 9 4 626
498 277 1 4 32
210 80 9 1 8
42 223 1 4 26
168 27 9 1 4
160 87 8 2 36
55 270 4 1 4
36 223 3 2 8
314 10 8 1 4
410 213 5 1 5
484 485 8 1 4
309 28 6 6 16296
10 219 2 2 5
69 297 2 2 4
18 402 8 1 4
457 206 6 10 140006368
319 504 5 1 4
401 246 3 2 13
422 501 7 1 4
26 11 9 3 177
245 501 3 3 26
211 451 10 1 4
7 275 6 1 4
293 502 10 7 89539
340 55 8 1 13
385 449 9 1 4
474 142 1 2 4
186 407 7 5 1098
116 149 10 1 4
83 372 9 3 126
228 281 8 2 22
265 65 5 1 4
230 241 6 1 9
435 123 1 4 65
288 386 7 1 4
497 427 9 1 4
452 23 3 2 7
256 360 3 8 181683
227 132 9 1 4
352 378 6 1 4
294 84 6 1 4
434 225 4 1 4
26 289 10 1 4
415 461 7 1 4
231 103 2 4 53
58 371 8 3 166
109 176 9 1 4
445 329 8 1 4
255 165 10 1 4
219 451 4 1 7
162 205 7 3 76
491 62 9 1 4
7 308 9 1 4
18 332 8 1 5
76 390 1 3 7
197 166 6 4 287
235 507 8 1 4
116 328 6 5 2704
197 207 1 4 30
109 115 4 1 4
412 293 9 1 11
350 270 2 2 4
112 330 6 1 4
94 410 1 5 198
244 108 4 1 4
430 322 9 1 4
38 287 9 1 4
413 145 10 1 4
132 195 2 2 4
366 374 5 3 35
276 123 5 1 4
72 257 2 4 98
83 370 3 7 44506
94 1 3 2 6
125 184 10 5 1809
322 156 1 4 60
427 192 7 1 4
107 214 5 2 9
399 122 7 1 4
121 386 6 7 73306
219 414 9 1 4
430 401 1 3 19
363 468 7 1 4
209 498 6 8 890910
481 116 3 2 13
123 216 3 1 4
377 330 3 1 4
450 12 7 3 60
432 20 9 6 30672
470 270 5 5 2704
337 139 5 3 47
301 389 7 2 15
135 200 8 1 4
159 50 2 2 4
359 397 6 10 222803485
33 149 1 2 5
136 288 2 2 4
413 16 9 1 4
463 182 7 1 4
198 105 9 1 4
49 140 3 1 4
33 261 3 1 4
305 456 4 4 180
349 1 2 2 4
504 327 7 1 4
286 335 3 3 40
283 48 4 1 4
60 394 9 1 5
227 316 9 2 17
436 460 6 3 115
88 61 2 2 4
100 508 10 1 5
477 260 5 1 4
153 235 9 1 4
315 224 6 3 43
418 362 5 1 4
349 509 2 5 279
35 59 3 3 35
77 252 8 3 89
461 97 9 2 31
411 182 6 1 4
509 70 5 1 4
184 381 2 3 11
316 475 10 1 4
199 51 9 3 120
239 85 6 5 2866
495 137 10 5 1322
178 75 1 2 4
49 269 3 4 152
473 106 9 1 10
276 111 1 5 163
441 332 10 2 49
205 450 3 1 4
65 173 10 1 4
154 383 5 3 80
63 404 8 1 8
171 161 1 2 4
118 224 5 3 104
435 190 5 3 32
108 470 3 4 77
463 209 3 4 271
147 93 10 6 21757
120 408 6 1 4
370 455 5 1 4
238 401 6 1 5
376 455 6 1 4
468 266 8 1 4
282 469 2 3 22
200 118 2 2 4
239 435 1 3 11
29 477 6 2 25
183 3 5 4 467
232 241 6 2 13
160 491 4 2 11
384 176 9 1 4
303 407 7 1 5
244 2 5 1 4
90 477 3 1 5
269 160 8 6 10273
9 255 7 1 4
500 323 5 1 4
226 17 3 1 4
162 100 3 1 4
442 354 8 1 4
254 56 10 6 46352
177 70 2 2 7
283 413 10 1 8
467 303 8 1 4
506 52 4 2 8
402 315 4 3 50
44 66 3 6 2704
205 376 1 2 4
78 375 6 1 6
45 468 4 1 4
300 11 3 4 119
288 143 3 1 4
238 91 10 1 4
423 101 8 2 18
159 455 4 1 4
46 77 1 4 39
438 456 1 2 4
168 438 6 3 41
228 205 2 2 4
60 109 3 4 100
97 31 6 2 20
56 135 8 1 4
215 138 8 1 4
305 446 5 1 4
195 390 10 1 4
181 508 9 1 4
511 454 2 2 5
388 279 4 1 4
13 343 3 1 4
132 121 4 1 4
420 165 1 6 4321
279 398 8 1 4
334 466 5 4 338
76 96 2 2 9
397 429 4 7 20857
271 172 7 1 4
297 357 2 5 231
398 305 5 1 4
266 449 1 2 4
380 322 9 1 4
511 252 4 7 19939
412 136 10 4 335
273 453 5 1 4
440 111 10 1 8
88 261 6 5 2994
40 321 3 5 630
221 370 5 1 4
200 348 8 4 321
141 425 5 1 5
461 442 7 1 7
496 325 1 2 4
504 467 8 1 5
148 320 8 1 9
274 53 2 7 39003
133 312 8 1 4
166 318 5 2 26
326 491 5 2 14
131 60 3 1 4
336 448 6 5 2599
392 136 3 2 7
64 75 6 1 7
211 433 9 7 167839
405 393 2 2 4
415 14 10 1 4
475 69 3 1 4
125 335 3 1 4
481 214 2 2 4
125 1 10 1 4
345 352 7 3 55
511 191 4 2 13
398 405 3 1 4
204 231 9 1 4
61 220 5 1 6
359 498 2 3 11
413 159 1 3 19
4 62 6 4 161
458 351 4 1 4
218 325 6 4 381
184 488 1 2 4
131 327 1 2 4
29 210 5 3 63
74 138 4 3 64
48 333 2 3 16
110 339 9 4 278
408 186 2 2 8
340 441 8 4 228
251 446 1 2 4
31 254 5 1 6
336 79 1 5 119
111 375 9 1 4
199 351 2 2 4
258 429 4 1 4
503 484 3 2 8
152 452 4 1 4
247 166 1 2 4
460 442 5 1 4
81 489 10 1 4
91 476 6 1 5
202 449 8 1 4
137 230 2 2 7
147 127 9 1 4
229 424 10 1 10
462 27 6 4 134
387 140 6 5 810
322 160 1 3 21
177 218 4 1 4
53 275 9 8 833847
268 37 8 2 19
330 88 9 1 4
107 462 6 1 6
508 252 6 6 5599
343 78 10 2 23
385 88 5 2 26
403 66 7 3 48
424 490 3 2 10
266 293 4 1 4
177 182 6 1 9
149 4 1 2 4
423 324 7 1 4
504 180 4 4 407
457 115 8 1 5
493 85 1 5 399
257 240 9 1 4
470 36 2 2 4
179 507 8 1 4
473 504 1 7 38529
125 304 9 3 107
363 434 5 1 4
175 87 4 1 4
183 464 9 1 4
186 482 2 2 4
146 458 3 1 4
51 209 2 3 22
413 464 2 2 9
331 130 8 1 4
194 161 4 1 4
345 204 3 2 6
342 194 8 1 4
10 115 9 1 7
160 432 10 1 4
215 229 3 1 4
484 191 1 2 4
41 250 5 1 5
339 86 8 3 88
244 91 8 1 8
61 236 4 1 5
190 394 5 1 4
125 6 6 1 5
508 205 5 1 5
248 408 10 1 4
411 280 1 4 53
262 392 3 2 14
400 392 5 2 9
386 265 3 1 4
174 34 9 1 4
96 121 4 4 153
263 96 7 1 4
410 447 2 2 5
306 460 1 2 4
191 279 5 6 9833
35 83 9 1 4
192 242 10 1 4
369 247 1 8 187127
350 153 4 1 5
479 274 9 1 15
26 418 1 4 45
301 269 2 2 4
390 181 5 1 4
316 65 9 1 4
85 146 2 3 26
356 361 1 4 26
241 163 10 1 4
284 239 9 3 116
364 384 6 1 7
70 284 8 1 4
248 479 4 1 4
483 142 3 6 3150
38 189 4 1 4
407 298 10 4 630
285 240 9 1 4
22 131 2 2 4
427 98 1 2 4
293 274 9 1 7
119 489 10 3 161
332 489 4 1 4
283 245 10 1 4
358 491 9 1 4
283 272 8 1 4
162 72 7 1 10
207 259 5 1 4
246 89 6 1 4
359 59 9 4 395
71 492 2 2 4
39 234 1 2 4
297 212 8 5 1428
256 326 1 10 10723355
400 423 10 1 4
418 165 5 1 4
461 334 10 1 4
451 500 5 8 342467
63 480 9 1 4
276 339 2 2 4
141 172 9 1 4
299 64 6 1 4
93 402 6 1 4
90 165 7 1 5
433 169 3 2 9
445 468 4 1 4
367 36 10 1 4
375 508 2 3 39
225 288 7 8 504633
82 296 10 1 14
156 481 9 1 4
366 8 9 1 4
100 420 9 7 66140
264 109 5 3 92
92 14 10 1 4
134 35 2 3 23
414 441 5 1 4
187 57 1 5 135
42 133 4 2 9
473 266 2 2 4
458 119 1 3 13
192 360 4 2 8
94 81 8 1 5
216 13 9 1 4
76 173 3 1 4
120 454 2 2 8
343 60 5 3 42
192 460 4 2 8
184 465 2 5 375
69 61 3 1 4
487 247 2 2 4
266 308 7 1 5
423 257 3 1 4
421 192 1 5 275
143 98 8 1 4
89 380 9 1 4
228 398 9 2 38
312 208 10 1 5
51 506 10 3 180
373 53 5 1 4
494 121 7 2 17
329 228 1 3 11
86 229 6 1 4
476 119 5 3 92
76 148 10 3 57
58 21 9 1 4
443 33 8 1 4
233 353 7 1 4
141 25 5 1 4
195 58 5 1 4
287 178 2 2 4
181 421 8 1 4
419 33 7 1 4
386 116 3 1 4
163 39 3 2 6
185 33 7 1 4
185 471 9 7 273352
186 5 5 4 137
452 308 5 3 95
382 35 1 2 4
172 211 4 2 20
260 59 5 1 4
333 111 9 1 4
57 59 9 5 2734
202 115 8 2 17
141 195 9 1 13
510 426 2 2 10
444 365 7 1 4
39 406 7 1 4
115 421 5 1 4
317 45 4 1 5
161 54 2 2 8
459 283 3 4 92
299 249 10 1 4
3 507 5 2 12
229 428 3 5 1362
29 73 8 1 4
330 30 8 1 5
398 118 6 5 1343
223 402 1 5 544
158 29 8 5 3031
235 346 4 6 7145
361 212 9 4 305
112 326 8 1 4
345 235 6 3 36
358 223 10 1 4
86 283 1 4 38
467 161 2 2 5
473 223 9 1 15
29 209 10 1 4
376 243 4 1 4
72 50 6 1 5
349 439 1 3 9
308 170 1 4 44
140 271 3 2 7
279 3 10 1 4
207 34 7 1 4
32 332 7 9 8314715
149 170 3 1 4
183 54 5 6 4588
325 171 2 2 6
91 163 5 2 23
40 473 4 1 4
363 384 2 8 166290
268 451 4 1 7
399 15 1 3 8
356 368 3 1 4
486 70 8 1 4
105 340 10 1 4
435 24 9 2 17
508 242 10 1 4
417 254 8 1 4
386 441 3 1 4
89 423 9 2 32
390 24 8 1 4
504 122 5 1 4
186 208 7 1 4
70 485 3 1 4
165 337 9 1 4
18 30 6 1 4
169 36 1 2 4
212 392 10 2 35
248 453 6 4 309
169 310 2 4 94
495 378 5 1 4
241 469 1 3 20
179 231 4 1 4
119 322 7 1 11
411 311 5 1 5
227 258 9 1 4
160 45 2 2 4
463 202 3 1 5
208 153 9 1 8
140 420 6 1 4
198 185 1 3 15
154 510 9 4 221
314 121 3 1 4
251 401 1 3 8
100 409 9 1 14
112 412 10 1 6
28 505 5 2 13
296 137 7 1 4
495 323 9 2 31
43 180 1 2 4
159 171 8 4 344
109 281 6 6 5146
232 145 6 1 4
381 27 8 1 4
140 401 3 1 4
103 320 8 1 5
86 459 6 3 51
489 382 1 6 3091
185 52 4 1 4
127 172 8 1 4
456 357 9 1 8
355 326 2 3 11
9 219 10 1 4
160 508 1 2 4
303 177 5 1 4
463 456 4 3 57
163 224 1 2 4
233 28 2 6 3282
142 354 8 3 134
269 336 4 2 10
258 44 1 2 4
341 396 5 1 4
436 81 9 1 4
232 130 5 2 10
60 340 8 1 4
145 318 3 1 4
487 498 2 2 4
165 470 6 1 4
123 193 6 1 4
128 495 10 1 5
465 349 8 1 4
146 365 9 5 2987
425 335 2 2 4
425 197 7 2 32
9 241 5 1 8
128 424 10 6 29801
140 125 3 1 4
143 503 6 1 4
109 200 10 1 4
100 10 6 1 4
358 496 9 3 51
42 454 3 1 4
463 107 2 7 22508
239 177 3 6 6937
511 267 2 2 4
498 163 8 3 123
281 392 7 1 7
436 508 10 1 4
270 121 9 1 11
289 495 10 1 4
327 260 1 2 4
288 510 10 1 4
13 86 6 1 4
484 104 5 2 13
76 320 7 6 31149
34 270 6 1 8
417 262 10 2 26
339 117 5 1 7
310 380 4 1 4
112 259 9 4 225
26 406 2 5 633
255 223 4 1 4
45 291 3 2 10
225 344 8 1 4
440 106 6 2 17
143 484 5 1 5
354 419 3 7 63462
419 206 9 2 45
119 339 8 1 4
226 436 4 1 4
439 497 3 1 4
194 26 8 1 11
100 262 7 2 17
77 56 5 3 39
391 338 3 1 4
197 35 5 1 5
505 417 9 1 5
508 260 8 1 4
134 480 5 1 4
209 492 2 2 4
463 286 1 4 35
121 55 3 2 11
94 58 3 1 4
174 474 4 1 4
131 54 8 1 4
164 145 3 1 4
288 487 3 1 4
310 363 10 1 7
79 402 10 1 7
178 332 7 1 4
3 218 7 1 4
70 382 4 2 16
331 321 5 1 4
357 509 6 1 5
187 274 1 2 4
179 105 2 2 4
292 415 3 2 9
153 385 3 1 4
98 383 7 1 4
250 191 10 1 4
80 417 5 3 63
165 178 2 2 4
296 247 1 3 22
66 366 7 1 4
185 205 3 3 60
39 301 5 1 4
495 509 2 3 17
324 396 5 1 4
484 215 6 6 7673
461 40 6 1 4
468 365 8 1 10
421 91 4 1 4
478 225 7 8 299114
259 305 10 1 5
64 82 10 1 4
357 475 3 4 273
89 270 1 3 7
296 90 4 1 4
428 311 8 1 4
473 126 10 1 5
348 165 5 1 4
245 192 8 1 4
53 264 7 2 23
252 453 10 1 4
13 167 7 8 287631
245 367 2 6 1443
65 488 7 1 4
178 501 2 3 14
55 321 8 3 122
217 504 3 7 29725
280 176 8 1 14
472 426 2 2 4
260 434 5 1 4
54 13 8 1 4
118 10 5 1 4
164 315 1 3 7
203 425 3 2 11
460 428 4 2 19
106 164 3 3 17
342 261 2 3 26
343 26 8 3 173
188 194 2 2 4
501 128 8 1 5
265 301 1 4 36
106 340 10 1 4
449 100 10 1 4
25 280 4 3 26
