1 2 1 1 0
1 47 6 1 1
2 31 4 1 1
2 35 8 1 1
2 406 6 1 1
3 4 8 1 1
3 5 10 1 0
3 26 6 1 0
5 57 9 1 1
15 16 3 1 1
15 36 4 1 0
16 25 4 1 0
17 18 5 1 1
17 36 2 1 0
18 33 2 1 0
19 20 2 1 1
19 21 1 1 1
20 142 6 1 0
20 148 5 1 1
21 22 1 1 1
22 23 10 1 0
23 24 2 1 0
24 25 9 1 1
24 28 10 1 1
26 27 10 1 1
27 29 8 1 0
27 30 6 1 0
28 29 9 1 1
31 33 8 1 1
32 33 10 1 0
32 34 5 1 1
32 69 8 1 1
34 35 10 1 0
34 73 3 1 0
36 37 6 1 1
36 75 7 1 0
37 52 10 1 1
37 43 7 1 0
46 47 10 1 0
47 448 10 1 1
52 67 1 1 1
53 54 4 1 0
53 59 2 1 0
53 418 1 1 1
54 163 10 1 0
55 56 3 1 1
55 59 4 1 1
56 57 9 1 0
56 66 10 1 0
58 59 6 1 1
58 60 3 1 0
58 199 7 1 1
58 458 5 1 1
60 63 4 1 0
63 225 7 1 0
64 65 7 1 1
64 66 2 1 1
65 67 4 1 1
69 70 4 1 0
70 71 5 1 1
71 101 7 1 1
72 73 6 1 0
72 101 5 1 1
73 76 6 1 0
73 77 10 1 1
96 97 8 1 1
96 111 6 1 1
97 101 2 1 1
98 99 3 1 1
98 100 5 1 1
99 138 4 1 1
100 116 10 1 0
105 106 4 1 1
105 111 4 1 0
106 107 10 1 1
107 108 5 1 1
111 114 3 1 1
113 114 4 1 0
113 116 4 1 1
115 116 1 1 1
115 409 7 1 0
118 119 9 1 0
119 138 1 1 0
120 121 3 1 1
120 122 1 1 1
120 304 7 1 1
121 296 10 1 1
122 123 3 1 0
122 124 1 1 0
124 125 6 1 0
134 135 7 1 1
134 332 3 1 1
135 136 2 1 1
135 137 3 1 1
137 139 7 1 0
139 140 4 1 1
139 141 7 1 1
139 399 4 1 1
141 400 3 1 0
154 155 10 1 1
154 156 2 1 1
154 172 9 1 0
155 168 5 1 0
156 157 10 1 1
156 171 1 1 0
157 158 5 1 1
158 159 5 1 1
158 177 3 1 1
159 160 4 1 0
159 161 3 1 1
159 196 8 1 0
161 162 8 1 1
161 197 5 1 0
163 164 8 1 1
164 165 1 1 1
165 166 8 1 1
165 104 9 1 1
166 167 4 1 1
167 168 4 1 1
169 170 3 1 1
169 171 4 1 1
169 174 3 1 1
170 172 4 1 1
170 173 9 1 1
170 419 8 1 1
171 178 1 1 0
173 174 6 1 0
174 179 9 1 1
175 176 9 1 1
176 214 1 1 1
177 178 1 1 1
177 191 3 1 1
178 421 8 1 1
179 192 9 1 1
180 181 3 1 4
180 208 2 1 1
181 192 1 1 1
182 183 6 1 1
182 184 1 1 0
184 185 8 1 0
184 208 5 1 1
185 186 6 1 1
185 207 4 1 1
186 187 6 1 0
186 230 3 1 1
187 188 6 1 1
187 193 9 1 0
188 189 10 1 1
188 191 8 1 1
189 190 6 1 1
189 191 5 1 1
193 194 5 1 1
193 217 8 1 1
194 195 8 1 1
194 217 3 1 1
195 196 5 1 1
195 216 7 1 0
196 197 6 1 1
196 476 10 1 1
197 216 7 1 0
198 199 2 1 0
198 221 3 1 0
199 200 7 1 0
200 10 4 1 1
201 202 2 1 0
201 203 1 1 0
201 351 10 1 1
202 213 4 1 1
203 204 10 1 1
203 205 9 1 0
205 206 4 1 1
205 231 3 1 1
205 360 7 1 1
206 207 9 1 1
206 232 10 1 0
207 233 1 1 1
208 209 10 1 1
210 211 1 1 1
210 212 3 1 1
211 215 8 1 1
212 213 2 1 1
212 342 9 1 0
213 340 4 1 1
214 215 10 1 1
216 219 8 1 1
217 218 3 1 0
218 222 3 1 1
219 220 10 1 1
220 221 3 1 1
220 222 6 1 1
222 226 4 1 1
223 224 3 1 1
223 225 6 1 1
223 7 2 1 1
224 229 9 1 1
227 228 3 1 1
227 229 7 1 1
227 272 9 1 0
228 230 5 1 0
229 401 10 1 1
231 281 7 1 1
232 265 6 1 1
233 264 1 1 1
233 150 2 1 1
234 235 7 1 1
234 278 9 1 1
236 237 4 1 1
236 280 10 1 1
237 238 7 1 1
237 239 10 1 1
239 240 10 1 1
240 241 10 1 1
241 243 2 1 0
241 442 10 1 1
242 243 6 1 0
242 244 4 1 1
242 314 2 1 1
242 80 9 1 1
243 293 5 1 1
244 247 4 1 1
245 246 2 1 1
245 247 9 1 1
247 248 10 1 1
248 249 4 1 1
249 250 2 1 1
249 312 10 1 0
250 251 7 1 1
250 321 9 1 0
251 252 4 1 0
252 253 3 1 0
252 327 2 1 1
252 301 1 1 1
253 254 8 1 1
253 277 7 1 0
253 266 9 1 1
254 255 7 1 1
254 256 7 1 1
256 257 6 1 1
257 258 9 1 1
257 259 10 1 1
260 261 7 1 1
260 262 7 1 1
260 263 7 1 1
263 264 5 1 1
263 479 5 1 1
266 267 10 1 1
267 268 6 1 0
267 299 6 1 1
268 269 1 1 1
269 270 10 1 1
269 294 8 1 1
270 271 8 1 1
271 295 9 1 0
271 133 1 1 1
272 273 10 1 0
272 274 7 1 1
274 275 9 1 1
275 276 9 1 1
275 277 1 1 0
275 291 7 1 0
278 279 10 1 1
278 282 8 1 1
279 280 9 1 1
280 287 5 1 1
281 289 4 1 1
282 288 7 1 1
283 284 4 1 1
283 285 9 1 1
283 305 5 1 1
284 290 3 1 1
284 365 1 1 0
285 286 1 1 0
285 306 1 1 1
286 287 1 1 1
286 306 4 1 1
286 452 1 1 0
287 293 6 1 1
288 289 6 1 1
289 290 4 1 0
291 292 6 1 0
297 298 5 1 1
297 454 9 1 0
298 299 3 1 1
300 301 7 1 1
300 302 2 1 1
302 303 2 1 1
302 304 3 1 1
302 330 6 1 0
305 306 5 1 0
305 308 7 1 1
306 308 7 1 1
307 308 8 1 1
307 309 1 1 0
309 310 2 1 1
309 338 8 1 1
309 379 6 1 0
310 311 8 1 1
310 85 4 1 1
311 312 1 1 1
313 314 8 1 1
315 316 6 1 1
315 317 3 1 0
315 499 2 1 1
316 334 5 1 0
316 398 10 1 1
317 318 7 1 1
317 503 9 1 1
318 319 1 1 1
318 502 9 1 1
318 510 9 1 1
319 320 2 1 0
320 333 6 1 0
321 322 8 1 1
322 323 2 1 0
322 325 7 1 1
322 333 6 1 0
323 324 9 1 1
325 326 9 1 1
326 328 5 1 1
327 328 4 1 1
328 329 9 1 1
328 495 3 1 1
329 330 1 1 0
329 331 9 1 1
331 332 7 1 1
331 489 2 1 0
332 481 3 1 1
333 493 10 1 0
334 335 10 1 1
336 337 9 1 0
336 500 6 1 0
337 338 8 1 1
337 382 5 1 1
338 339 5 1 0
338 377 7 1 0
340 341 6 1 1
340 349 8 1 1
340 354 10 1 1
341 343 2 1 0
342 343 2 1 1
344 345 10 1 1
344 346 10 1 1
344 385 7 1 0
346 347 7 1 0
347 348 9 1 1
347 387 10 1 0
348 349 10 1 0
348 386 6 1 1
350 351 8 1 0
350 359 1 1 1
350 13 9 1 0
351 352 10 1 0
352 353 5 1 1
352 356 3 1 1
353 354 6 1 0
354 355 4 1 0
355 356 10 1 1
356 357 1 1 0
358 359 7 1 1
358 361 8 1 0
358 362 1 1 1
358 360 6 1 0
358 92 2 1 0
360 413 6 1 1
361 388 5 1 1
362 367 8 1 0
363 364 10 1 0
363 365 7 1 0
363 370 6 1 1
364 395 8 1 1
365 366 7 1 0
365 371 6 1 1
366 144 3 1 0
367 368 4 1 1
367 369 6 1 0
370 380 3 1 0
371 372 1 1 1
371 373 5 1 0
371 374 2 1 0
375 376 2 1 1
375 383 10 1 0
376 384 8 1 1
377 378 7 1 0
377 381 1 1 1
378 384 4 1 1
381 383 3 1 1
382 496 9 1 0
383 384 2 1 0
388 389 10 1 1
388 392 5 1 0
389 390 9 1 0
390 391 9 1 1
392 393 3 1 1
392 394 6 1 1
395 396 3 1 1
399 411 10 1 1
400 405 9 1 1
404 405 6 1 1
404 412 3 1 0
405 89 9 1 1
408 409 8 1 1
411 412 7 1 1
411 415 7 1 0
411 482 9 1 1
412 415 1 1 1
415 427 9 1 1
415 487 9 1 1
427 428 7 1 1
427 431 4 1 1
427 487 2 1 1
427 424 1 1 1
428 429 5 1 1
428 432 4 1 1
481 482 1 1 0
482 488 3 1 0
483 484 3 1 1
483 485 8 1 1
484 492 4 1 1
485 486 8 1 1
486 487 3 1 0
489 490 5 1 0
490 491 10 1 0
490 492 5 1 1
493 508 4 1 1
494 495 4 1 1
494 507 3 1 1
496 497 7 1 1
496 62 4 1 1
497 498 2 1 0
497 499 7 1 1
499 501 10 1 0
501 447 3 1 1
502 511 4 1 1
503 450 7 1 1
504 505 3 1 1
504 506 7 1 0
505 508 8 1 1
505 509 9 1 0
506 507 1 1 1
509 510 6 1 1
509 511 5 1 1
7 8 5 1 1
7 6 5 1 1
10 9 5 1 1
10 11 9 1 1
13 12 7 1 1
12 14 8 1 1
144 38 1 1 1
144 145 8 1 0
38 39 2 1 1
89 68 9 1 1
89 88 1 1 1
68 40 8 1 1
68 102 4 1 1
40 41 8 1 1
40 81 4 1 0
102 50 5 1 1
50 51 9 1 1
41 95 3 1 0
81 146 2 1 1
95 456 3 1 1
95 143 9 1 1
95 146 9 1 1
146 410 5 1 1
43 42 3 1 0
133 130 5 1 0
128 117 6 1 1
128 132 9 1 0
117 129 3 1 0
117 110 4 1 1
132 130 1 1 1
129 127 2 1 1
127 44 10 1 1
130 131 8 1 0
44 45 7 1 1
110 109 4 1 1
110 126 1 1 1
109 112 4 1 1
62 49 8 1 1
62 61 2 1 1
48 49 1 1 1
75 74 7 1 0
77 78 1 1 1
80 79 4 1 1
92 90 1 1 0
82 83 6 1 1
83 91 5 1 1
91 90 9 1 1
90 93 4 1 0
93 94 9 1 0
85 84 4 1 1
84 86 4 1 1
84 87 9 1 1
86 87 5 1 1
104 103 1 1 1
148 147 8 1 1
147 149 4 1 0
150 153 5 1 0
150 151 3 1 1
152 153 4 1 1
398 397 1 1 1
401 402 1 1 1
401 403 10 1 1
406 407 3 1 1
416 407 4 1 1
413 434 3 1 1
413 414 6 1 1
433 434 3 1 1
418 417 7 1 1
419 420 10 1 0
419 430 2 1 1
421 422 7 1 1
421 423 7 1 0
424 425 3 1 1
424 426 3 1 0
424 438 3 1 0
438 437 6 1 1
437 439 8 1 1
454 453 8 1 1
454 435 7 1 1
453 455 8 1 1
455 460 3 1 1
435 436 5 1 0
460 463 4 1 0
463 462 2 1 0
461 462 2 1 -8
461 464 6 1 1
464 466 7 1 1
466 467 6 1 0
452 451 6 1 1
452 440 8 1 0
451 459 5 1 0
459 473 9 1 1
440 441 5 1 1
473 472 8 1 0
442 443 6 1 1
448 444 3 1 1
444 445 7 1 0
465 445 5 1 1
465 468 9 1 1
468 469 8 1 1
469 470 6 1 1
470 471 3 1 1
447 446 2 1 0
450 449 5 1 1
458 457 7 1 1
476 474 6 1 1
476 477 5 1 1
474 475 3 1 0
477 478 5 1 1
479 480 3 1 1
284 177 8 1 1
391 291 4 1 0
397 161 1 1 1
376 187 6 1 1
322 42 10 1 1
399 318 3 1 1
463 89 10 1 0
343 194 8 1 0
437 265 7 1 0
239 53 5 1 0
411 475 4 1 0
21 372 7 1 1
508 449 5 1 0
24 51 7 1 0
54 280 2 1 0
261 73 10 1 1
2 307 9 1 0
476 36 8 1 0
374 231 10 1 0
483 72 8 1 0
188 248 10 1 0
326 346 2 1 1
458 449 10 1 1
435 58 10 1 1
225 130 4 1 1
484 174 2 1 0
322 33 7 1 1
369 191 8 1 0
330 20 5 1 1
324 21 4 1 1
18 385 1 1 1
252 297 4 1 1
7 178 9 1 1
30 43 9 1 0
397 191 6 1 1
450 80 8 1 1
458 335 9 1 1
171 48 8 1 1
485 267 3 1 1
104 136 1 1 1
47 507 3 1 1
302 429 9 1 1
424 132 8 1 0
55 69 6 1 1
81 28 10 1 0
346 114 8 1 1
84 284 1 1 0
57 44 6 1 1
112 358 2 1 1
103 252 2 1 1
202 401 8 1 0
106 343 10 1 1
297 285 6 1 0
47 27 5 1 0
391 38 4 1 1
292 297 3 1 1
292 334 4 1 1
149 56 6 1 1
56 464 8 1 1
252 487 8 1 0
491 427 5 1 1
112 439 3 1 1
62 365 8 1 1
315 75 10 1 1
445 373 5 1 1
373 228 5 1 0
459 103 2 1 0
5 34 5 1 1
357 412 6 1 1
195 208 10 1 0
362 282 1 1 0
282 132 1 1 1
292 358 3 1 0
130 16 4 1 0
354 48 6 1 1
329 398 8 1 1
107 143 2 1 0
302 8 10 1 1
437 468 2 1 1
391 24 4 1 1
70 453 7 1 0
428 250 10 1 1
427 93 3 1 1
235 500 9 1 1
476 259 6 1 1
140 144 3 1 1
373 167 6 1 1
413 463 7 1 0
100 419 5 1 0
67 49 5 1 1
148 127 3 1 1
227 117 2 1 0
147 283 4 1 1
464 193 3 1 0
281 305 7 1 1
168 300 1 1 1
456 265 1 1 1
74 34 1 1 1
228 497 1 1 0
84 178 8 1 0
47 339 5 1 1
137 364 1 1 0
419 487 6 1 0
497 260 1 1 0
432 171 6 1 1
104 329 2 1 1
16 90 9 1 0
14 244 10 1 1
56 483 1 1 1
175 2 9 1 1
151 442 10 1 0
372 443 7 1 1
460 285 10 1 1
372 171 9 1 1
267 357 10 1 0
336 274 1 1 1
235 63 9 1 1
279 71 5 1 0
251 475 3 1 0
440 88 10 1 -1
169 453 10 1 1
172 264 5 1 1
51 471 5 1 1
503 172 7 1 0
175 199 7 1 1
230 291 10 1 1
16 205 2 1 0
339 82 8 1 0
449 137 3 1 1
119 372 9 1 1
499 126 6 1 0
485 290 1 1 0
181 127 4 1 0
505 298 7 1 0
290 489 1 1 1
34 249 1 1 0
179 277 1 1 1
440 73 8 1 1
343 395 5 1 1
87 478 7 1 0
316 6 5 1 0
307 144 10 1 1
308 435 3 1 0
233 510 5 1 1
126 354 10 1 1
272 162 8 1 1
135 122 8 1 0
365 389 5 1 1
235 479 6 1 0
125 110 1 1 1
289 302 4 1 1
13 387 7 1 0
345 228 9 1 0
10 105 8 1 0
311 286 2 1 1
126 229 3 1 1
286 221 1 1 1
171 11 4 1 1
172 342 7 1 0
245 407 8 1 1
63 188 10 1 0
253 232 5 1 0
435 104 2 1 1
87 138 5 1 1
30 432 8 1 1
476 53 4 1 1
107 103 3 1 1
409 12 8 1 1
344 183 1 1 1
440 85 5 1 0
210 133 3 1 1
45 192 8 1 1
352 234 6 1 1
354 440 10 1 0
28 170 3 1 0
281 2 3 1 1
361 251 2 1 1
35 364 2 1 1
433 81 7 1 1
281 159 8 1 1
495 148 3 1 1
316 239 1 1 1
143 130 5 1 1
26 136 10 1 1
424 419 7 1 1
395 202 9 1 1
136 352 2 1 1
380 360 4 1 1
146 72 1 1 1
424 450 8 1 0
147 425 8 1 1
451 285 4 1 0
195 101 9 1 0
457 177 2 1 0
81 208 4 1 1
182 200 7 1 0
436 509 1 1 1
29 18 5 1 1
149 453 9 1 1
330 473 10 1 1
73 53 7 1 0
340 196 5 1 1
256 444 6 1 1
270 428 5 1 1
407 87 8 1 1
346 295 3 1 0
78 410 4 1 1
87 205 1 1 1
331 59 10 1 1
45 83 2 1 0
411 217 6 1 1
262 497 3 1 1
267 226 1 1 1
456 426 8 1 1
321 505 1 1 1
479 424 9 1 1
488 420 5 1 1
236 272 5 1 1
507 217 3 1 1
366 165 1 1 1
227 338 8 1 1
228 346 6 1 3
488 324 9 1 1
116 214 3 1 1
499 343 1 1 0
155 118 7 1 0
480 256 5 1 0
176 478 5 1 0
375 389 4 1 1
139 438 6 1 1
366 395 6 1 1
42 36 5 1 0
470 372 9 1 1
127 490 4 1 1
407 209 7 1 1
455 68 7 1 1
222 99 1 1 0
351 55 3 1 0
418 87 1 1 1
254 89 4 1 1
256 83 1 1 0
225 147 2 1 1
73 89 4 1 1
376 270 8 1 1
415 507 7 1 0
414 382 6 1 1
319 321 8 1 0
257 29 5 1 1
312 374 2 1 1
43 150 7 1 0
82 423 2 1 1
226 280 9 1 1
125 299 4 1 0
202 220 4 1 0
290 116 9 1 1
130 118 7 1 1
358 76 5 1 1
243 500 4 1 0
163 155 10 1 1
445 227 8 1 0
240 177 5 1 1
299 246 2 1 1
347 136 7 1 0
211 323 8 1 1
318 227 10 1 0
174 222 6 1 1
35 492 5 1 1
441 58 6 1 1
196 346 7 1 0
511 236 9 1 1
485 390 2 1 1
104 59 7 1 1
479 450 9 1 0
138 5 4 1 1
37 172 8 1 1
138 363 10 1 0
242 4 2 1 1
482 154 1 1 0
149 188 4 1 1
99 460 10 1 1
425 450 2 1 0
357 26 4 1 1
161 115 5 1 0
381 37 8 1 0
132 19 7 1 1
187 142 10 1 0
491 238 1 1 0
159 315 2 1 1
210 320 9 1 1
412 304 6 1 1
455 221 4 1 0
206 67 4 1 1
49 231 7 1 0
148 56 8 1 1
418 274 10 1 0
101 374 2 1 1
262 368 4 1 1
508 424 6 1 1
337 46 5 1 1
509 305 2 1 1
204 60 4 1 1
96 195 5 1 0
339 139 6 1 0
437 348 7 1 1
121 269 4 1 1
246 328 6 1 1
484 17 10 1 1
69 250 8 1 1
402 7 3 1 1
129 389 5 1 1
119 123 9 1 0
197 210 8 1 1
363 165 5 1 1
87 5 9 1 1
221 486 7 1 1
247 221 1 1 0
413 265 5 1 1
111 499 2 1 1
448 258 1 1 1
49 166 3 1 0
110 115 7 1 1
26 425 1 1 0
72 204 9 1 1
315 355 6 1 0
189 99 4 1 1
509 155 3 1 1
483 167 7 1 1
82 471 2 1 1
145 45 4 1 0
297 442 9 1 1
55 250 8 1 1
288 110 5 1 1
445 503 10 1 0
503 235 6 1 1
332 103 1 1 0
489 487 9 1 1
127 123 6 1 0
358 357 4 1 1
330 332 2 1 0
501 372 6 1 1
253 133 5 1 1
78 174 1 1 1
337 445 5 1 0
85 334 6 1 0
498 277 8 1 1
210 80 7 1 1
42 223 7 1 1
168 27 7 1 0
160 87 8 1 1
55 270 4 1 1
36 223 3 1 1
314 10 5 1 1
410 213 8 1 1
484 485 10 1 1
309 28 10 1 1
10 219 6 1 0
69 297 3 1 0
18 402 9 1 1
457 206 6 1 0
319 504 2 1 1
401 246 8 1 1
422 501 7 1 0
26 11 9 1 1
245 501 10 1 0
211 451 10 1 0
7 275 6 1 1
293 502 2 1 1
340 55 8 1 0
385 449 9 1 0
474 142 9 1 1
186 407 10 1 1
116 149 7 1 1
83 372 8 1 1
228 281 4 1 1
265 65 7 1 1
230 241 8 1 1
435 123 10 1 1
288 386 1 1 0
497 427 9 1 1
452 23 4 1 1
256 360 10 1 1
227 132 9 1 0
352 378 6 1 0
294 84 5 1 1
434 225 1 1 0
26 289 8 1 0
415 461 4 1 1
231 103 3 1 1
58 371 1 1 1
109 176 9 1 1
445 329 3 1 1
255 165 2 1 1
219 451 4 1 1
162 205 10 1 0
491 62 6 1 1
7 308 3 1 1
18 332 5 1 1
76 390 2 1 0
197 166 7 1 1
235 507 1 1 1
116 328 5 1 0
197 207 5 1 1
109 115 2 1 1
412 293 2 1 1
350 270 2 1 1
112 330 3 1 1
94 410 2 1 1
244 108 1 1 1
430 322 4 1 0
38 287 3 1 1
413 145 3 1 1
132 195 1 1 1
366 374 7 1 1
276 123 9 1 0
72 257 8 1 1
83 370 9 1 0
94 1 4 1 1
125 184 8 1 1
322 156 3 1 1
427 192 3 1 1
107 214 4 1 1
399 122 1 1 1
121 386 7 1 0
219 414 5 1 0
430 401 1 1 0
363 468 10 1 1
209 498 7 1 0
481 116 10 1 0
123 216 10 1 1
377 330 8 1 0
450 12 1 1 1
432 20 9 1 1
470 270 7 1 0
337 139 6 1 1
301 389 4 1 0
135 200 4 1 1
159 50 2 1 0
359 397 8 1 0
33 149 1 1 1
136 288 9 1 1
413 16 1 1 0
463 182 3 1 1
198 105 4 1 1
49 140 2 1 0
33 261 8 1 0
305 456 5 1 0
349 1 8 1 1
504 327 6 1 1
286 335 7 1 1
283 48 5 1 0
60 394 9 1 0
227 316 6 1 1
436 460 2 1 0
88 61 2 1 0
100 508 8 1 1
477 260 9 1 1
153 235 5 1 1
315 224 6 1 0
418 362 8 1 1
349 509 6 1 1
35 59 8 1 1
77 252 8 1 1
461 97 2 1 1
411 182 9 1 1
509 70 8 1 1
184 381 1 1 1
316 475 6 1 0
199 51 1 1 0
239 85 6 1 1
495 137 10 1 0
178 75 2 1 1
49 269 4 1 1
473 106 9 1 1
276 111 1 1 0
441 332 8 1 1
205 450 3 1 1
65 173 7 1 1
154 383 9 1 0
63 404 9 1 1
171 161 2 1 1
118 224 7 1 0
435 190 5 1 1
108 470 7 1 1
463 209 6 1 1
147 93 5 1 1
120 408 2 1 1
370 455 8 1 1
238 401 1 1 0
376 455 2 1 0
468 266 2 1 0
282 469 3 1 1
200 118 9 1 1
239 435 7 1 1
29 477 3 1 1
183 3 2 1 0
232 241 10 1 1
160 491 6 1 1
384 176 2 1 1
303 407 1 1 1
244 2 8 1 1
90 477 8 1 0
269 160 9 1 0
9 255 8 1 1
500 323 5 1 0
226 17 6 1 1
162 100 8 1 1
442 354 6 1 1
254 56 2 1 1
177 70 7 1 1
283 413 7 1 1
467 303 9 1 0
506 52 2 1 1
402 315 10 1 -153
44 66 6 1 0
205 376 6 1 1
78 375 9 1 1
45 468 2 1 1
300 11 4 1 0
288 143 9 1 1
238 91 10 1 1
423 101 4 1 1
159 455 5 1 1
46 77 8 1 1
438 456 3 1 1
168 438 7 1 1
228 205 7 1 1
60 109 7 1 1
97 31 10 1 1
56 135 4 1 0
215 138 8 1 1
305 446 4 1 1
195 390 3 1 0
181 508 2 1 1
511 454 5 1 1
388 279 10 1 0
13 343 7 1 1
132 121 1 1 1
420 165 10 1 1
279 398 5 1 0
334 466 10 1 0
76 96 7 1 1
397 429 1 1 1
271 172 3 1 0
297 357 1 1 1
398 305 6 1 1
266 449 2 1 1
380 322 8 1 0
511 252 6 1 1
412 136 3 1 1
273 453 7 1 1
440 111 6 1 0
88 261 1 1 1
40 321 3 1 0
221 370 8 1 1
200 348 7 1 1
141 425 6 1 1
461 442 6 1 1
496 325 5 1 1
504 467 1 1 1
148 320 7 1 0
274 53 4 1 1
133 312 10 1 1
166 318 8 1 0
326 491 4 1 1
131 60 1 1 1
336 448 10 1 1
392 136 4 1 1
64 75 7 1 1
211 433 5 1 1
405 393 4 1 1
415 14 9 1 1
475 69 8 1 0
125 335 2 1 1
481 214 4 1 1
125 1 4 1 1
345 352 6 1 1
511 191 6 1 1
398 405 6 1 0
204 231 10 1 1
61 220 8 1 1
359 498 5 1 1
413 159 3 1 0
4 62 1 1 1
458 351 7 1 1
218 325 5 1 1
184 488 8 1 1
131 327 10 1 0
29 210 3 1 1
74 138 2 1 0
48 333 5 1 0
110 339 8 1 0
408 186 6 1 1
340 441 3 1 1
251 446 1 1 1
31 254 8 1 1
336 79 8 1 0
111 375 10 1 1
199 351 4 1 1
258 429 10 1 1
503 484 6 1 0
152 452 7 1 0
247 166 8 1 1
460 442 1 1 1
81 489 1 1 1
91 476 7 1 1
202 449 10 1 1
137 230 4 1 0
147 127 6 1 0
229 424 8 1 1
462 27 9 1 1
387 140 1 1 1
322 160 3 1 0
177 218 4 1 1
53 275 1 1 1
268 37 10 1 1
330 88 5 1 1
107 462 4 1 1
508 252 5 1 0
343 78 3 1 1
385 88 6 1 1
403 66 5 1 1
424 490 3 1 1
266 293 3 1 0
177 182 2 1 1
149 4 6 1 3
423 324 7 1 1
504 180 5 1 0
457 115 10 1 1
493 85 9 1 0
257 240 4 1 1
470 36 5 1 1
179 507 6 1 -5
473 504 2 1 1
125 304 2 1 1
363 434 1 1 1
175 87 6 1 0
183 464 9 1 1
186 482 1 1 0
146 458 6 1 1
51 209 1 1 0
413 464 2 1 1
331 130 9 1 1
194 161 5 1 1
345 204 1 1 1
342 194 6 1 1
10 115 6 1 0
160 432 6 1 0
215 229 1 1 1
484 191 3 1 0
41 250 5 1 1
339 86 3 1 1
244 91 10 1 0
61 236 8 1 0
190 394 9 1 0
125 6 3 1 1
508 205 9 1 0
248 408 2 1 1
411 280 4 1 1
262 392 9 1 1
400 392 2 1 1
386 265 3 1 0
174 34 4 1 0
96 121 8 1 1
263 96 10 1 0
410 447 10 1 1
306 460 4 1 1
191 279 7 1 1
35 83 2 1 1
192 242 9 1 1
369 247 9 1 0
350 153 3 1 1
479 274 5 1 1
26 418 1 1 0
301 269 8 1 1
390 181 8 1 0
316 65 7 1 1
85 146 10 1 0
356 361 5 1 1
241 163 9 1 1
284 239 8 1 1
364 384 10 1 1
70 284 1 1 0
248 479 1 1 1
483 142 7 1 1
38 189 9 1 1
407 298 9 1 1
285 240 2 1 1
22 131 10 1 1
427 98 6 1 0
293 274 7 1 0
119 489 8 1 1
332 489 1 1 1
283 245 5 1 1
358 491 3 1 1
283 272 7 1 1
162 72 5 1 1
207 259 7 1 0
246 89 8 1 0
359 59 8 1 1
71 492 9 1 0
39 234 5 1 1
297 212 4 1 1
256 326 1 1 1
400 423 3 1 1
418 165 7 1 1
461 334 2 1 1
451 500 2 1 1
63 480 7 1 1
276 339 5 1 1
141 172 4 1 1
299 64 1 1 1
93 402 5 1 0
90 165 6 1 1
433 169 8 1 0
445 468 5 1 1
367 36 4 1 1
375 508 5 1 0
225 288 1 1 1
82 296 1 1 0
156 481 10 1 0
366 8 10 1 0
100 420 9 1 0
264 109 6 1 1
92 14 7 1 1
134 35 8 1 1
414 441 4 1 1
187 57 10 1 1
42 133 5 1 0
473 266 6 1 1
458 119 10 1 1
192 360 6 1 1
94 81 10 1 1
216 13 2 1 0
76 173 9 1 1
120 454 9 1 1
343 60 5 1 1
192 460 7 1 0
184 465 9 1 1
69 61 5 1 1
487 247 6 1 1
266 308 9 1 1
423 257 1 1 1
421 192 10 1 0
143 98 5 1 1
89 380 6 1 0
228 398 8 1 1
312 208 9 1 0
51 506 8 1 1
373 53 6 1 0
494 121 7 1 0
329 228 4 1 1
86 229 8 1 0
476 119 9 1 1
76 148 3 1 1
58 21 6 1 1
443 33 2 1 1
233 353 6 1 1
141 25 5 1 1
195 58 1 1 1
287 178 7 1 1
181 421 10 1 1
419 33 10 1 1
386 116 9 1 1
163 39 10 1 1
185 33 8 1 1
185 471 4 1 1
186 5 7 1 0
452 308 3 1 1
382 35 5 1 0
172 211 2 1 1
260 59 10 1 1
333 111 7 1 1
57 59 5 1 0
202 115 8 1 0
141 195 6 1 0
510 426 7 1 0
444 365 9 1 1
39 406 2 1 1
115 421 3 1 0
317 45 6 1 0
161 54 7 1 1
459 283 10 1 1
299 249 4 1 1
3 507 9 1 1
229 428 2 1 1
29 73 1 1 1
330 30 4 1 1
398 118 8 1 1
223 402 9 1 1
158 29 5 1 1
235 346 8 1 1
361 212 10 1 0
112 326 10 1 0
345 235 3 1 0
358 223 2 1 1
86 283 4 1 0
467 161 2 1 0
473 223 4 1 1
29 209 5 1 1
376 243 3 1 0
72 50 1 1 1
349 439 9 1 1
308 170 1 1 1
140 271 7 1 0
279 3 10 1 1
207 34 2 1 0
32 332 6 1 1
149 170 2 1 1
183 54 7 1 1
325 171 6 1 1
91 163 8 1 0
40 473 4 1 1
363 384 3 1 1
268 451 7 1 1
399 15 2 1 0
356 368 8 1 1
486 70 6 1 0
105 340 10 1 1
435 24 8 1 1
508 242 3 1 1
417 254 9 1 0
386 441 9 1 1
89 423 10 1 0
390 24 2 1 1
504 122 1 1 0
186 208 7 1 1
70 485 5 1 0
165 337 8 1 1
18 30 1 1 1
169 36 4 1 1
212 392 9 1 1
248 453 10 1 1
169 310 6 1 1
495 378 4 1 1
241 469 1 1 1
179 231 2 1 1
119 322 10 1 0
411 311 9 1 1
227 258 8 1 1
160 45 2 1 1
463 202 2 1 0
208 153 7 1 1
140 420 10 1 0
198 185 9 1 1
154 510 7 1 1
314 121 7 1 1
251 401 7 1 1
100 409 9 1 1
112 412 6 1 1
28 505 1 1 1
296 137 5 1 0
495 323 3 1 0
43 180 6 1 0
159 171 4 1 0
109 281 7 1 1
232 145 3 1 1
381 27 2 1 1
140 401 10 1 0
103 320 6 1 0
86 459 4 1 1
489 382 3 1 1
185 52 3 1 1
127 172 10 1 1
456 357 3 1 1
355 326 8 1 1
9 219 3 1 0
160 508 3 1 0
303 177 9 1 1
463 456 9 1 1
163 224 8 1 0
233 28 5 1 1
142 354 5 1 1
269 336 6 1 1
258 44 4 1 1
341 396 9 1 0
436 81 4 1 1
232 130 7 1 1
60 340 3 1 0
145 318 1 1 1
487 498 2 1 1
165 470 7 1 1
123 193 10 1 0
128 495 2 1 0
465 349 10 1 1
146 365 7 1 0
425 335 2 1 0
425 197 8 1 1
9 241 2 1 0
128 424 6 1 0
140 125 3 1 0
143 503 2 1 0
109 200 1 1 1
100 10 5 1 1
358 496 6 1 1
42 454 1 1 0
463 107 10 1 1
239 177 4 1 1
511 267 5 1 1
498 163 9 1 1
281 392 10 1 0
436 508 1 1 1
270 121 1 1 1
289 495 8 1 1
327 260 5 1 0
288 510 5 1 1
13 86 1 1 1
484 104 5 1 1
76 320 9 1 1
34 270 6 1 1
417 262 6 1 1
339 117 7 1 1
310 380 6 1 1
112 259 3 1 1
26 406 3 1 1
255 223 6 1 0
45 291 9 1 1
225 344 5 1 1
440 106 9 1 1
143 484 6 1 1
354 419 10 1 0
419 206 5 1 0
119 339 7 1 1
226 436 8 1 0
439 497 3 1 0
194 26 1 1 0
100 262 9 1 1
77 56 6 1 1
391 338 2 1 1
197 35 6 1 0
505 417 1 1 1
508 260 1 1 0
134 480 9 1 1
209 492 6 1 1
463 286 9 1 1
121 55 3 1 0
94 58 4 1 1
174 474 10 1 1
131 54 7 1 1
164 145 6 1 1
288 487 8 1 0
310 363 5 1 1
79 402 9 1 0
178 332 10 1 1
3 218 4 1 1
70 382 4 1 0
331 321 2 1 1
357 509 9 1 1
187 274 7 1 0
179 105 2 1 0
292 415 1 1 0
153 385 1 1 0
98 383 7 1 0
250 191 1 1 0
80 417 4 1 1
165 178 9 1 1
296 247 3 1 1
66 366 5 1 1
185 205 1 1 0
39 301 3 1 1
495 509 3 1 1
324 396 8 1 1
484 215 6 1 1
461 40 8 1 1
468 365 4 1 1
421 91 2 1 1
478 225 1 1 1
259 305 8 1 1
64 82 5 1 0
357 475 10 1 0
89 270 3 1 1
296 90 3 1 0
428 311 8 1 1
473 126 5 1 1
348 165 10 1 1
245 192 6 1 1
53 264 3 1 1
252 453 8 1 1
13 167 8 1 1
245 367 4 1 1
65 488 5 1 1
178 501 10 1 1
55 321 7 1 0
217 504 10 1 1
280 176 3 1 0
472 426 2 1 1
260 434 8 1 1
54 13 10 1 1
118 10 7 1 1
164 315 7 1 1
203 425 4 1 1
460 428 6 1 1
106 164 10 1 0
342 261 2 1 1
343 26 10 1 1
188 194 9 1 1
501 128 9 1 0
265 301 8 1 0
106 340 2 1 1
449 100 3 1 0
25 280 4 1 1
