7504 -2.680330180027113e-09 
8576 -2.3110541258475337e-09 
6719 -2.738120841172531e-09 
1971 -2.5112816270933536e-09 
1677 -2.238286778144527e-09 
5020 -2.645625718500355e-09 
4320 -2.297164014564146e-09 
7329 -2.7098305821482427e-09 
7271 -2.3555465356039917e-09 
4193 2.734545862005666e-07 
8563 -2.45265574516651e-09 
9636 -2.270604371190643e-09 
5635 -1.2745150490545143e-09 
4169 -2.7492443877008554e-09 
1727 -1.7390383577620128e-09 
9493 -2.777312602120219e-09 
6142 -2.5207401721516476e-09 
8595 -2.48887110920748e-09 
5052 -1.0160589314356372e-09 
3429 -2.2067131455472122e-09 
4698 -2.7603093144534796e-09 
2583 -2.594332748628858e-09 
6319 3.748259894825745e-08 
3219 -2.3640041035832837e-09 
1914 1.3075787674843298e-10 
7822 -2.7763391585722275e-09 
1076 -1.49953613415299e-09 
3669 -2.7145663494820838e-09 
588 5.424138388443467e-09 
505 6.034932785291963e-07 
4418 -2.7789894829766126e-09 
1729 -2.7278383996076627e-09 
4674 -2.410939670127732e-09 
895 -2.7051814122103224e-09 
6923 5.236897707150412e-09 
8293 -2.741337823408685e-09 
3843 -2.772093665726061e-09 
4404 -2.7116073830768528e-09 
6804 4.060213026901849e-09 
879 -1.6444997863462874e-09 
