1 2 9 4 224
1 47 4 4 438
2 31 7 4 394
2 35 9 6 7636
2 406 10 1 9
3 4 4 5 1795
3 5 3 6 3571
3 26 1 2 5
5 57 3 5 744
15 16 1 5 163
15 36 5 6 8141
16 25 5 6 13683
17 18 10 3 73
17 36 5 5 698
18 33 5 5 1473
19 20 1 5 370
19 21 6 3 111
20 142 5 5 659
20 148 4 3 24
21 22 6 5 1080
22 23 3 6 8645
23 24 9 3 106
24 25 1 4 63
24 28 1 5 285
26 27 4 2 19
27 29 6 3 35
27 30 9 5 1231
28 29 4 4 197
31 33 8 3 173
32 33 3 3 61
32 34 3 4 186
32 69 3 4 83
34 35 8 3 132
34 73 7 3 75
36 37 4 5 675
36 75 2 6 6970
37 52 2 6 1983
37 43 2 5 555
46 47 10 2 18
47 448 10 3 62
52 67 7 3 112
53 54 5 2 12
53 59 2 4 62
53 418 2 5 720
54 163 6 1 7
55 56 5 2 20
55 59 9 7 61525
56 57 10 3 162
56 66 7 4 195
58 59 3 5 1937
58 60 2 2 4
58 199 8 4 203
58 458 5 5 1448
60 63 2 5 237
63 225 1 4 78
64 65 3 5 801
64 66 5 3 57
65 67 1 7 9678
69 70 9 5 1771
70 71 1 8 96016
71 101 8 2 39
72 73 1 7 6349
72 101 4 4 284
73 76 7 7 45463
73 77 3 6 13821
96 97 8 3 47
96 111 10 6 28859
97 101 2 7 25135
98 99 10 5 1769
98 100 6 5 2767
99 138 9 3 79
100 116 8 5 1264
105 106 3 4 128
105 111 8 3 47
106 107 8 4 370
107 108 7 5 2171
111 114 8 5 3935
113 114 7 4 502
113 116 1 5 464
115 116 4 4 181
115 409 4 7 53178
118 119 4 4 282
119 138 2 2 7
120 121 6 3 43
120 122 5 7 198972
120 304 6 1 9
121 296 7 3 52
122 123 7 5 2142
122 124 10 1 5
124 125 4 3 41
134 135 1 7 7875
134 332 5 5 1322
135 136 5 3 45
135 137 8 6 22716
137 139 10 3 104
139 140 10 6 8843
139 141 3 4 198
139 399 10 4 336
141 400 1 3 15
154 155 5 3 108
154 156 6 6 5763
154 172 6 4 136
155 168 6 5 681
156 157 9 4 280
156 171 10 6 9942
157 158 6 4 278
158 159 6 6 7078
158 177 3 5 1218
159 160 4 4 299
159 161 2 6 2392
159 196 2 4 155
161 162 3 4 131
161 197 2 5 1273
163 164 2 5 755
164 165 10 4 503
165 166 5 4 187
165 104 8 4 795
166 167 2 5 416
167 168 2 4 214
169 170 8 4 476
169 171 7 4 534
169 174 2 5 338
170 172 4 4 261
170 173 5 4 177
170 419 3 5 354
171 178 2 6 4760
173 174 7 4 745
174 179 7 5 1023
175 176 6 4 353
176 214 10 4 250
177 178 7 2 22
177 191 1 9 743998
178 421 5 6 3625
179 192 5 8 250983
180 181 1 3 14
180 208 6 3 104
181 192 10 3 219
182 183 5 7 32544
182 184 4 4 102
184 185 6 5 711
184 208 6 9 7323576
185 186 6 1 6
185 207 5 3 37
186 187 5 4 222
186 230 2 7 63982
187 188 1 3 12
187 193 9 4 391
188 189 2 4 134
188 191 10 2 43
189 190 6 3 44
189 191 6 4 253
193 194 6 5 1879
193 217 1 4 67
194 195 6 5 984
194 217 5 5 1996
195 196 7 5 3805
195 216 7 3 55
196 197 10 4 268
196 476 2 4 157
197 216 1 6 2125
198 199 6 3 69
198 221 8 4 221
199 200 5 6 3868
200 10 3 5 432
201 202 1 5 159
201 203 3 3 48
201 351 10 3 57
202 213 7 2 20
203 204 8 8 2657245
203 205 10 4 1122
205 206 7 4 747
205 231 8 5 1947
205 360 7 3 49
206 207 7 6 23067
206 232 3 3 47
207 233 9 3 59
208 209 8 3 61
210 211 6 6 16568
210 212 10 4 499
211 215 7 5 851
212 213 7 4 630
212 342 2 5 440
213 340 9 1 13
214 215 8 6 19602
216 219 6 3 74
217 218 2 5 582
218 222 6 6 9855
219 220 5 3 66
220 221 2 3 36
220 222 2 3 12
222 226 10 3 203
223 224 5 6 3687
223 225 8 4 564
223 7 3 5 718
224 229 6 5 1108
227 228 1 6 804
227 229 7 8 422180
227 272 8 4 208
228 230 4 3 38
229 401 8 1 5
231 281 1 6 2427
232 265 2 6 2775
233 264 2 5 623
233 150 3 7 77560
234 235 10 4 654
234 278 7 4 378
236 237 3 4 210
236 280 8 3 44
237 238 9 4 417
237 239 9 3 60
239 240 4 5 1839
240 241 5 5 807
241 243 1 6 2421
241 442 6 5 2468
242 243 10 4 371
242 244 10 3 171
242 314 8 7 107849
242 80 4 4 141
243 293 6 4 219
244 247 7 5 2386
245 246 4 4 153
245 247 6 6 5709
247 248 10 5 2355
248 249 5 2 14
249 250 5 8 414112
249 312 6 5 852
250 251 8 5 1203
250 321 1 5 143
251 252 8 1 6
252 253 10 4 1125
252 327 6 5 807
252 301 6 4 230
253 254 10 4 233
253 277 3 4 117
253 266 9 5 3488
254 255 2 5 237
254 256 1 7 8652
256 257 7 3 67
257 258 2 4 54
257 259 2 6 6598
260 261 7 5 4392
260 262 1 5 378
260 263 9 1 13
263 264 7 3 109
263 479 6 4 263
266 267 2 7 50802
267 268 2 6 2529
267 299 10 4 305
268 269 9 2 30
269 270 1 6 1942
269 294 3 5 342
270 271 2 6 1854
271 295 2 3 12
271 133 10 6 14714
272 273 1 5 214
272 274 2 4 199
274 275 10 3 131
275 276 6 2 24
275 277 1 6 1609
275 291 8 4 484
278 279 9 2 28
278 282 3 4 80
279 280 3 5 1067
280 287 3 4 141
281 289 6 4 278
282 288 8 2 40
283 284 5 4 129
283 285 4 4 414
283 305 7 2 19
284 290 3 2 11
284 365 8 3 93
285 286 7 5 2835
285 306 3 6 3516
286 287 1 5 445
286 306 10 3 57
286 452 4 4 223
287 293 6 7 163110
288 289 3 4 233
289 290 5 4 494
291 292 8 5 1074
297 298 10 3 122
297 454 5 5 586
298 299 10 2 32
300 301 3 5 1031
300 302 7 2 32
302 303 7 2 15
302 304 3 3 40
302 330 3 4 102
305 306 5 5 740
305 308 6 5 868
306 308 4 4 191
307 308 8 7 59897
307 309 5 4 260
309 310 10 2 48
309 338 7 3 94
309 379 1 6 2340
310 311 2 8 216000
310 85 1 6 1449
311 312 2 4 107
313 314 1 6 1118
315 316 10 2 53
315 317 3 5 443
315 499 6 5 3864
316 334 5 5 1274
316 398 7 4 309
317 318 7 3 81
317 503 5 3 44
318 319 9 7 146001
318 502 3 6 11115
318 510 6 4 365
319 320 7 7 62933
320 333 4 5 720
321 322 7 2 27
322 323 8 4 697
322 325 6 5 2559
322 333 1 5 213
323 324 2 3 19
325 326 1 4 32
326 328 2 6 2693
327 328 10 5 4333
328 329 4 7 30458
328 495 9 1 13
329 330 4 3 34
329 331 7 7 35848
331 332 6 2 15
331 489 9 3 54
332 481 9 4 282
333 493 9 3 56
334 335 2 5 414
336 337 4 5 2057
336 500 5 3 64
337 338 4 3 53
337 382 2 4 59
338 339 6 4 261
338 377 6 3 37
340 341 7 4 223
340 349 7 3 91
340 354 1 7 8967
341 343 5 2 15
342 343 9 1 11
344 345 7 3 115
344 346 7 4 488
344 385 7 2 17
346 347 10 4 633
347 348 10 3 217
347 387 5 6 4152
348 349 7 3 68
348 386 2 5 442
350 351 2 6 6201
350 359 1 7 11274
350 13 8 5 4136
351 352 10 5 2877
352 353 9 3 57
352 356 9 7 47346
353 354 8 3 52
354 355 4 4 187
355 356 5 5 805
356 357 10 4 919
358 359 1 4 99
358 361 7 3 130
358 362 7 4 419
358 360 4 5 535
358 92 1 8 208724
360 413 9 4 813
361 388 5 3 36
362 367 4 2 13
363 364 8 3 161
363 365 9 4 211
363 370 7 2 15
364 395 1 4 65
365 366 3 5 405
365 371 1 5 665
366 144 9 4 662
367 368 4 7 22050
367 369 9 4 647
370 380 10 3 100
371 372 7 4 304
371 373 4 1 7
371 374 5 2 15
375 376 1 3 6
375 383 6 4 333
376 384 7 6 20694
377 378 5 3 94
377 381 5 5 953
378 384 3 3 24
381 383 6 3 46
382 496 6 4 255
383 384 7 3 60
388 389 5 3 37
388 392 6 6 13859
389 390 4 5 494
390 391 9 4 283
392 393 10 5 4472
392 394 8 5 962
395 396 6 3 42
399 411 10 1 14
400 405 4 4 144
404 405 1 4 23
404 412 7 5 3017
405 89 6 4 529
408 409 2 3 28
411 412 3 2 11
411 415 8 3 91
411 482 5 3 37
412 415 3 5 615
415 427 5 6 18497
415 487 5 2 22
427 428 2 5 461
427 431 10 5 1391
427 487 4 9 2422177
427 424 3 5 627
428 429 1 5 123
428 432 7 4 673
481 482 1 4 87
482 488 2 6 1912
483 484 5 7 87899
483 485 4 4 334
484 492 5 5 1725
485 486 2 6 4534
486 487 2 4 72
489 490 9 3 55
490 491 2 5 260
490 492 8 3 98
493 508 6 6 4210
494 495 4 5 1076
494 507 3 5 818
496 497 4 5 2116
496 62 1 4 78
497 498 6 6 11074
497 499 2 5 1263
499 501 3 7 20718
501 447 10 4 236
502 511 6 3 74
503 450 1 7 7395
504 505 10 3 59
504 506 6 8 817150
505 508 9 6 6294
505 509 2 6 6419
506 507 2 6 3012
509 510 6 4 143
509 511 7 4 223
7 8 7 5 863
7 6 7 3 146
10 9 1 5 455
10 11 9 4 283
13 12 3 5 1662
12 14 4 5 963
144 38 5 2 20
144 145 10 3 69
38 39 5 5 2056
89 68 3 5 357
89 88 5 3 48
68 40 6 4 287
68 102 2 5 306
40 41 7 3 67
40 81 10 3 97
102 50 9 5 5803
50 51 1 4 48
41 95 5 9 1962296
81 146 5 6 6171
95 456 10 3 95
95 143 7 9 3376620
95 146 10 4 839
146 410 8 5 936
43 42 4 5 712
133 130 1 4 37
128 117 5 5 676
128 132 4 4 268
117 129 3 4 205
117 110 7 6 5012
132 130 5 2 20
129 127 6 7 57917
127 44 6 5 3948
130 131 6 3 58
44 45 1 7 26600
110 109 7 1 11
110 126 10 3 141
109 112 1 5 438
62 49 3 4 123
62 61 2 5 936
48 49 4 5 1106
75 74 10 6 13637
77 78 6 6 17076
80 79 10 4 1027
92 90 9 4 977
82 83 10 5 1513
83 91 10 5 3589
91 90 3 3 63
90 93 1 7 17744
93 94 6 3 105
85 84 4 4 286
84 86 6 1 4
84 87 3 6 4752
86 87 1 5 154
104 103 8 1 5
148 147 3 6 7331
147 149 5 3 87
150 153 3 4 151
150 151 8 5 3063
152 153 6 4 534
398 397 9 5 3514
401 402 10 3 61
401 403 2 3 39
406 407 5 5 737
416 407 2 5 709
413 434 9 1 7
413 414 1 4 39
433 434 4 4 145
418 417 10 3 218
419 420 2 4 178
419 430 8 3 72
421 422 6 3 82
421 423 7 3 106
424 425 1 6 804
424 426 5 2 23
424 438 10 2 32
438 437 8 2 31
437 439 5 9 2012659
454 453 8 5 958
454 435 2 4 140
453 455 4 7 28474
455 460 9 4 337
435 436 2 4 109
460 463 9 4 285
463 462 7 6 12368
461 462 4 4 211
461 464 3 4 104
464 466 6 3 101
466 467 1 5 363
452 451 1 6 943
452 440 10 1 13
451 459 9 4 320
459 473 2 4 118
440 441 1 4 32
473 472 2 8 377362
442 443 3 6 3870
448 444 9 4 235
444 445 2 4 52
465 445 1 5 662
465 468 9 5 2155
468 469 6 6 7913
469 470 6 3 108
470 471 9 8 746218
447 446 2 3 31
450 449 7 6 6445
458 457 3 5 662
476 474 5 6 6596
476 477 1 6 2982
474 475 9 4 209
477 478 8 2 42
479 480 9 7 282579
284 177 3 4 88
391 291 3 6 4001
397 161 1 5 142
376 187 9 4 772
322 42 9 5 5452
399 318 9 3 124
463 89 4 7 43646
343 194 10 5 1152
437 265 6 5 1366
239 53 6 4 230
411 475 7 2 19
21 372 5 1 6
508 449 9 5 1078
24 51 4 4 210
54 280 4 4 122
261 73 6 5 1196
2 307 9 5 3252
476 36 6 4 391
374 231 6 2 17
483 72 7 4 173
188 248 4 3 33
326 346 2 7 29155
458 449 5 2 17
435 58 7 3 101
225 130 9 3 85
484 174 9 6 7526
322 33 5 2 21
369 191 7 3 91
330 20 2 5 929
324 21 3 2 7
18 385 4 2 15
252 297 2 6 7080
7 178 5 4 496
30 43 5 4 376
397 191 2 6 2057
450 80 10 3 218
458 335 7 4 172
171 48 5 6 4857
485 267 9 3 48
104 136 2 4 55
47 507 5 3 31
302 429 10 4 460
424 132 5 4 405
55 69 2 2 7
81 28 6 1 8
346 114 6 7 59875
84 284 6 4 182
57 44 6 4 183
112 358 7 2 13
103 252 9 4 230
202 401 7 4 547
106 343 6 3 80
297 285 1 5 126
47 27 6 4 501
391 38 4 5 691
292 297 6 4 449
292 334 6 7 34732
149 56 7 6 8387
56 464 1 6 2241
252 487 1 6 1992
491 427 7 4 234
112 439 6 5 3836
62 365 5 3 50
315 75 8 4 386
445 373 1 4 79
373 228 6 1 10
459 103 2 3 37
5 34 9 2 32
357 412 3 6 12734
195 208 8 4 606
362 282 4 4 127
282 132 1 5 454
292 358 4 4 146
130 16 4 7 67152
354 48 2 4 190
329 398 1 4 62
107 143 10 1 11
302 8 3 5 665
437 468 5 4 423
391 24 9 5 1876
70 453 9 4 911
428 250 2 5 333
427 93 7 5 974
235 500 7 3 57
476 259 4 5 458
140 144 1 6 736
373 167 4 6 13348
413 463 4 4 250
100 419 10 4 310
67 49 1 6 774
148 127 7 4 271
227 117 2 7 28354
147 283 4 3 58
464 193 3 4 130
281 305 3 5 1830
168 300 4 6 8122
456 265 7 6 27089
74 34 5 8 233865
228 497 2 4 202
84 178 5 8 819148
47 339 4 6 11396
137 364 6 3 79
419 487 3 5 1669
497 260 2 5 780
432 171 3 4 256
104 329 5 5 597
16 90 1 5 175
14 244 8 5 1412
56 483 5 5 3292
175 2 5 1 7
151 442 8 5 1499
372 443 8 4 816
460 285 6 3 108
372 171 1 6 1944
267 357 4 4 135
336 274 9 4 419
235 63 3 6 5370
279 71 2 6 2073
251 475 9 6 6355
440 88 2 1 3
169 453 7 5 1412
172 264 1 4 41
51 471 3 8 252386
503 172 2 4 79
175 199 1 4 70
230 291 5 6 7655
16 205 6 3 101
339 82 2 3 21
449 137 2 5 464
119 372 9 5 2462
499 126 5 4 214
485 290 4 4 103
181 127 6 5 684
505 298 4 7 26987
290 489 4 6 3143
34 249 6 4 467
179 277 6 4 247
440 73 5 5 2853
343 395 7 4 189
87 478 6 4 204
316 6 7 4 187
307 144 7 4 275
308 435 6 4 354
233 510 2 3 34
126 354 4 2 17
272 162 7 3 72
135 122 1 8 88349
365 389 10 2 43
235 479 7 5 840
125 110 3 6 7545
289 302 10 4 834
13 387 2 3 42
345 228 7 4 726
10 105 4 4 115
311 286 8 5 5212
126 229 8 1 8
286 221 5 7 74842
171 11 2 5 888
172 342 1 5 129
245 407 1 6 1066
63 188 2 6 2928
253 232 2 4 88
435 104 8 2 36
87 138 7 3 94
30 432 2 5 227
476 53 7 2 34
107 103 5 4 340
409 12 3 4 157
344 183 2 6 4259
440 85 8 5 5081
210 133 2 5 1245
45 192 10 5 2701
352 234 8 1 12
354 440 2 3 39
28 170 1 5 181
281 2 8 4 198
361 251 6 4 194
35 364 2 3 26
433 81 2 2 9
281 159 3 5 1703
495 148 6 4 178
316 239 9 4 349
143 130 7 2 29
26 136 5 4 160
424 419 7 4 187
395 202 7 4 258
136 352 3 4 277
380 360 10 6 41274
146 72 5 6 4310
424 450 9 5 3749
147 425 5 3 84
451 285 9 1 11
195 101 10 3 77
457 177 5 4 187
81 208 10 7 58206
182 200 7 4 349
436 509 1 8 70384
29 18 2 5 1287
149 453 2 4 85
330 473 6 3 76
73 53 10 5 1167
340 196 9 4 398
256 444 1 4 25
270 428 10 4 385
407 87 8 3 57
346 295 3 5 1608
78 410 7 2 13
87 205 8 6 9715
331 59 5 3 90
45 83 6 4 211
411 217 4 4 111
262 497 2 5 332
267 226 9 1 9
456 426 8 1 12
321 505 10 5 3032
479 424 3 3 20
488 420 8 4 630
236 272 3 5 756
507 217 8 4 584
366 165 3 5 784
227 338 2 5 1061
228 346 5 9 6729369
488 324 9 6 6703
116 214 10 4 876
499 343 4 3 59
155 118 10 4 258
480 256 7 2 16
176 478 1 6 1824
375 389 7 5 4352
139 438 9 4 295
366 395 3 4 236
42 36 5 3 35
470 372 7 5 1325
127 490 3 5 2021
407 209 1 4 52
455 68 7 5 906
222 99 9 3 109
351 55 6 3 42
418 87 8 3 70
254 89 9 2 29
256 83 7 6 31777
225 147 5 5 964
73 89 10 6 17526
376 270 4 3 60
415 507 9 4 826
414 382 3 3 52
319 321 4 4 98
257 29 6 8 1973887
312 374 2 4 82
43 150 1 5 583
82 423 8 5 4664
226 280 10 6 39595
125 299 4 1 7
202 220 8 5 2525
290 116 5 4 388
130 118 1 4 67
358 76 7 4 157
243 500 5 5 2510
163 155 5 7 182268
445 227 5 4 262
240 177 10 6 38715
299 246 7 3 137
347 136 5 2 24
211 323 1 4 23
318 227 2 5 489
174 222 3 5 373
35 492 10 4 730
441 58 2 5 588
196 346 10 4 341
511 236 3 6 2458
485 390 8 5 5237
104 59 7 4 217
479 450 9 1 5
138 5 4 5 2206
37 172 6 3 48
138 363 6 5 1054
242 4 2 8 92035
482 154 4 6 3890
149 188 3 6 6521
99 460 8 6 7597
425 450 10 3 61
357 26 10 4 293
161 115 10 5 2638
381 37 5 5 3263
132 19 2 4 55
187 142 7 5 1243
491 238 1 5 299
159 315 1 8 339717
210 320 10 5 2053
412 304 5 7 75681
455 221 7 5 1166
206 67 7 5 3648
49 231 7 6 8428
148 56 5 3 49
418 274 4 6 3551
101 374 7 3 118
262 368 4 5 538
508 424 2 3 18
337 46 8 5 1799
509 305 4 3 60
204 60 3 7 21773
96 195 6 6 8570
339 139 7 4 386
437 348 6 2 16
121 269 2 5 497
246 328 8 4 678
484 17 7 4 439
69 250 6 4 378
402 7 7 2 31
129 389 6 8 325095
119 123 4 5 1072
197 210 10 3 94
363 165 10 2 38
87 5 4 5 994
221 486 5 6 10895
247 221 8 5 1490
413 265 10 2 28
111 499 10 4 738
448 258 4 7 51818
49 166 2 5 988
110 115 6 4 296
26 425 4 5 1332
72 204 9 5 4712
315 355 1 5 114
189 99 5 3 101
509 155 2 3 28
483 167 2 6 5166
82 471 5 4 361
145 45 9 10 42237504
297 442 3 5 520
55 250 1 5 400
288 110 4 4 405
445 503 2 8 636836
503 235 8 4 862
332 103 9 6 17533
489 487 5 4 305
127 123 9 2 21
358 357 5 8 453135
330 332 9 2 34
501 372 2 3 13
253 133 10 5 1669
78 174 2 7 75630
337 445 3 7 18694
85 334 4 4 208
498 277 9 5 4966
210 80 3 4 195
42 223 9 3 148
168 27 5 4 282
160 87 3 3 47
55 270 2 3 14
36 223 6 5 2449
314 10 4 7 27576
410 213 10 1 13
484 485 1 6 742
309 28 2 5 1127
10 219 5 4 245
69 297 10 3 62
18 402 10 2 26
457 206 1 4 84
319 504 1 4 27
401 246 9 4 479
422 501 6 5 2263
26 11 3 1 5
245 501 9 6 32753
211 451 2 5 498
7 275 4 3 86
293 502 10 3 157
340 55 9 6 12283
385 449 4 7 45380
474 142 5 3 73
186 407 8 5 5557
116 149 6 4 167
83 372 5 4 238
228 281 5 7 107103
265 65 1 4 106
230 241 5 3 105
435 123 1 6 3551
288 386 8 5 1521
497 427 5 6 22151
452 23 4 7 102806
256 360 6 5 2636
227 132 5 6 5225
352 378 10 2 29
294 84 4 5 1506
434 225 3 3 35
26 289 6 5 4081
415 461 9 5 4719
231 103 5 1 7
58 371 10 6 17319
109 176 9 3 146
445 329 1 6 709
255 165 9 6 6377
219 451 3 4 117
162 205 2 4 77
491 62 7 6 20627
7 308 5 6 18872
18 332 2 7 9987
76 390 9 3 104
197 166 8 4 225
235 507 9 4 285
116 328 3 6 3363
197 207 3 5 1838
109 115 6 2 31
412 293 6 1 9
350 270 5 8 393820
112 330 2 3 27
94 410 9 5 1339
244 108 10 2 26
430 322 1 6 1613
38 287 1 7 6882
413 145 8 3 77
132 195 5 4 485
366 374 4 4 187
276 123 3 5 662
72 257 9 4 343
83 370 9 2 43
94 1 7 3 57
125 184 7 5 3321
322 156 5 4 325
427 192 9 4 788
107 214 10 3 97
399 122 9 8 2187031
121 386 7 7 241029
219 414 8 4 296
430 401 1 4 92
363 468 3 4 167
209 498 9 2 47
481 116 3 7 43640
123 216 5 2 19
377 330 1 5 165
450 12 6 4 168
432 20 9 5 1289
470 270 10 4 268
337 139 5 5 2918
301 389 6 4 157
135 200 7 7 49375
159 50 6 3 81
359 397 4 4 399
33 149 8 3 85
136 288 2 4 172
413 16 10 3 59
463 182 7 4 405
198 105 5 4 329
49 140 7 5 1156
33 261 6 5 2025
305 456 2 8 122925
349 1 5 6 5439
504 327 4 1 6
286 335 1 5 157
283 48 8 4 367
60 394 8 3 161
227 316 6 2 12
436 460 8 3 116
88 61 6 4 482
100 508 2 4 152
477 260 2 5 891
153 235 8 6 6240
315 224 5 7 97404
418 362 9 3 82
349 509 3 3 18
35 59 10 4 359
77 252 2 4 50
461 97 1 5 266
411 182 3 5 1519
509 70 10 4 575
184 381 5 4 501
316 475 6 2 26
199 51 4 3 44
239 85 1 4 73
495 137 7 4 203
178 75 7 3 114
49 269 3 5 818
473 106 7 5 1836
276 111 1 5 159
441 332 8 4 477
205 450 7 7 139462
65 173 6 5 3593
154 383 7 2 27
63 404 7 6 20753
171 161 10 4 578
118 224 7 3 56
435 190 8 2 19
108 470 5 3 74
463 209 3 3 57
147 93 6 5 1662
120 408 6 4 554
370 455 10 6 26965
238 401 4 3 35
376 455 9 5 1819
468 266 5 3 44
282 469 7 5 812
200 118 5 6 20105
239 435 7 1 7
29 477 9 5 5379
183 3 4 5 473
232 241 8 6 12092
160 491 4 3 71
384 176 2 5 558
303 407 3 3 27
244 2 5 4 117
90 477 10 4 474
269 160 3 5 624
9 255 2 4 139
500 323 3 4 334
226 17 2 5 894
162 100 2 3 32
442 354 7 4 169
254 56 3 5 1603
177 70 7 4 218
283 413 6 5 2378
467 303 3 5 673
506 52 3 4 95
402 315 3 7 32243
44 66 8 3 123
205 376 3 5 430
78 375 2 5 519
45 468 4 5 1207
300 11 5 4 159
288 143 7 6 7702
238 91 6 4 590
423 101 5 5 1723
159 455 8 3 104
46 77 2 4 50
438 456 5 4 553
168 438 10 5 2957
228 205 3 4 69
60 109 4 5 507
97 31 8 3 69
56 135 4 5 1018
215 138 5 3 57
305 446 1 4 79
195 390 6 4 650
181 508 5 3 68
511 454 9 4 225
388 279 8 7 47608
13 343 10 6 8724
132 121 4 4 326
420 165 4 2 12
279 398 1 4 55
334 466 5 5 3423
76 96 6 6 12175
397 429 9 5 1243
271 172 6 4 361
297 357 5 2 11
398 305 1 5 241
266 449 9 2 30
380 322 6 3 51
511 252 8 5 1000
412 136 10 3 199
273 453 6 4 455
440 111 4 4 125
88 261 4 3 52
40 321 4 4 123
221 370 10 3 177
200 348 3 3 42
141 425 10 2 51
461 442 7 5 1365
496 325 10 3 77
504 467 1 6 1361
148 320 1 2 5
274 53 6 4 628
133 312 3 7 21563
166 318 9 4 233
326 491 8 6 32921
131 60 2 5 506
336 448 6 6 7567
392 136 6 5 911
64 75 10 5 1264
211 433 6 4 436
405 393 4 3 33
415 14 7 9 2939046
475 69 4 4 121
125 335 3 6 12626
481 214 6 6 6363
125 1 3 5 531
345 352 10 3 130
511 191 4 5 503
398 405 2 5 417
204 231 2 8 446464
61 220 2 4 60
359 498 6 4 144
413 159 10 6 12112
4 62 5 2 16
458 351 3 4 173
218 325 6 5 1734
184 488 9 4 350
131 327 7 9 6001506
29 210 8 5 1772
74 138 3 4 153
48 333 1 5 543
110 339 5 5 636
408 186 10 5 2661
340 441 3 3 16
251 446 7 5 3874
31 254 4 4 113
336 79 8 7 110642
111 375 7 1 11
199 351 6 2 26
258 429 4 4 204
503 484 3 5 477
152 452 7 2 16
247 166 5 3 100
460 442 4 4 125
81 489 10 5 4067
91 476 4 4 226
202 449 2 4 148
137 230 2 5 465
147 127 9 6 17706
229 424 7 4 216
462 27 2 7 34516
387 140 6 6 8236
322 160 3 6 3163
177 218 8 2 42
53 275 6 5 699
268 37 3 6 6842
330 88 4 3 53
107 462 9 4 465
508 252 8 4 755
343 78 10 2 32
385 88 3 4 252
403 66 2 10 13059767
424 490 9 5 3799
266 293 10 2 53
177 182 6 4 452
149 4 9 6 8130
423 324 2 4 190
504 180 1 2 5
457 115 8 4 364
493 85 4 10 16997352
257 240 9 5 2234
470 36 6 5 2165
179 507 5 4 332
473 504 7 5 1867
125 304 3 6 8820
363 434 9 3 78
175 87 2 7 42685
183 464 2 3 41
186 482 7 6 18019
146 458 4 4 388
51 209 1 6 1278
413 464 9 4 376
331 130 3 4 204
194 161 4 6 4395
345 204 9 4 612
342 194 8 5 1924
10 115 7 1 10
160 432 5 3 31
215 229 1 5 336
484 191 2 2 7
41 250 1 5 556
339 86 10 2 34
244 91 7 2 37
61 236 9 5 2414
190 394 3 4 312
125 6 5 6 12373
508 205 5 3 73
248 408 3 4 79
411 280 1 5 194
262 392 7 5 1568
400 392 1 4 60
386 265 1 5 139
174 34 1 4 65
96 121 10 2 35
263 96 5 2 22
410 447 5 2 16
306 460 5 6 3810
191 279 2 4 157
35 83 5 2 25
192 242 7 4 267
369 247 7 6 5076
350 153 5 3 95
479 274 10 2 40
26 418 2 7 20478
301 269 3 3 28
390 181 4 4 259
316 65 7 2 23
85 146 6 3 47
356 361 6 6 4338
241 163 5 7 33941
284 239 6 4 281
364 384 10 4 445
70 284 2 3 16
248 479 10 5 5938
483 142 3 4 117
38 189 6 5 997
407 298 9 3 104
285 240 7 5 1259
22 131 9 3 71
427 98 2 5 297
293 274 6 4 320
119 489 1 6 3466
332 489 2 6 3321
283 245 9 5 1184
358 491 6 4 187
283 272 10 6 18217
162 72 4 2 18
207 259 3 8 358756
246 89 7 2 21
359 59 9 7 76726
71 492 10 2 23
39 234 7 2 24
297 212 3 4 247
256 326 8 6 17563
400 423 2 6 3471
418 165 2 6 7634
461 334 9 4 243
451 500 3 5 772
63 480 5 5 1942
276 339 5 3 105
141 172 4 3 31
299 64 2 6 9169
93 402 3 3 64
90 165 6 4 139
433 169 7 3 42
445 468 7 2 13
367 36 1 5 422
375 508 5 5 585
225 288 6 2 31
82 296 1 6 4148
156 481 9 6 11380
366 8 8 4 730
100 420 10 4 1038
264 109 7 5 1155
92 14 9 3 109
134 35 4 1 5
414 441 6 3 113
187 57 4 4 108
42 133 1 4 27
473 266 9 2 42
458 119 7 7 44379
192 360 4 4 447
94 81 9 4 347
216 13 10 3 176
76 173 8 4 462
120 454 9 4 556
343 60 8 6 18848
192 460 3 6 11655
184 465 3 3 62
69 61 3 5 705
487 247 8 5 2214
266 308 3 4 260
423 257 7 6 10596
421 192 3 6 4973
143 98 2 3 14
89 380 3 3 24
228 398 4 4 132
312 208 4 6 6222
51 506 4 5 2747
373 53 1 3 11
494 121 5 2 14
329 228 1 5 170
86 229 5 5 1453
476 119 8 4 225
76 148 4 6 2981
58 21 10 3 158
443 33 7 2 13
233 353 6 6 16153
141 25 7 4 549
195 58 2 4 71
287 178 4 4 140
181 421 10 5 2643
419 33 3 3 36
386 116 4 4 186
163 39 8 7 74502
185 33 6 7 136813
185 471 8 5 1276
186 5 3 3 34
452 308 1 5 692
382 35 1 6 2093
172 211 4 4 211
260 59 5 4 203
333 111 5 6 9626
57 59 10 2 21
202 115 6 4 194
141 195 4 7 25398
510 426 3 6 2138
444 365 4 6 12704
39 406 4 6 3167
115 421 9 3 48
317 45 6 3 105
161 54 7 2 13
459 283 3 4 185
299 249 6 4 572
3 507 5 5 1468
229 428 1 4 29
29 73 5 4 321
330 30 9 2 17
398 118 6 5 2146
223 402 8 5 1094
158 29 2 6 1750
235 346 10 4 324
361 212 10 6 7878
112 326 8 2 32
345 235 7 2 14
358 223 6 6 9629
86 283 2 4 65
467 161 2 2 5
473 223 2 3 15
29 209 5 3 63
376 243 9 4 246
72 50 8 7 303976
349 439 5 4 142
308 170 7 4 256
140 271 3 4 326
279 3 8 4 634
207 34 4 3 25
32 332 8 4 179
149 170 1 6 1206
183 54 8 4 245
325 171 7 7 159273
91 163 10 1 13
40 473 3 4 210
363 384 5 5 769
268 451 7 3 42
399 15 9 3 94
356 368 10 5 6290
486 70 4 2 20
105 340 5 7 73871
435 24 9 3 180
508 242 8 3 126
417 254 6 2 21
386 441 5 4 354
89 423 1 5 365
390 24 2 5 264
504 122 6 4 138
186 208 5 4 231
70 485 2 6 6075
165 337 7 5 4376
18 30 9 3 60
169 36 3 3 63
212 392 10 5 1306
248 453 4 1 4
169 310 5 3 51
495 378 8 5 2058
241 469 9 4 289
179 231 1 4 51
119 322 6 4 499
411 311 5 6 4604
227 258 10 3 137
160 45 1 5 673
463 202 2 2 5
208 153 8 5 1520
140 420 2 4 72
198 185 10 4 527
154 510 3 5 393
314 121 3 4 209
251 401 3 4 235
100 409 10 4 407
112 412 10 4 421
28 505 1 7 12218
296 137 10 3 111
495 323 4 3 22
43 180 6 4 580
159 171 10 2 26
109 281 9 4 298
232 145 9 4 291
381 27 6 7 107834
140 401 9 5 5771
103 320 1 5 150
86 459 4 3 28
489 382 9 1 8
185 52 3 4 238
127 172 2 5 391
456 357 8 6 28142
355 326 9 2 18
9 219 2 5 360
160 508 10 2 30
303 177 4 5 1939
463 456 6 5 3843
163 224 7 4 584
233 28 4 5 932
142 354 3 5 2084
269 336 4 4 298
258 44 3 2 13
341 396 10 3 72
436 81 7 6 16235
232 130 10 3 80
60 340 4 6 11648
145 318 5 4 158
487 498 4 5 1461
165 470 10 4 477
123 193 8 3 89
128 495 8 5 1215
465 349 9 4 287
146 365 7 7 38429
425 335 3 4 73
425 197 8 4 259
9 241 9 4 394
128 424 5 4 158
140 125 2 3 39
143 503 6 6 8104
109 200 4 5 1051
100 10 6 6 8126
358 496 4 5 2034
42 454 5 4 267
463 107 5 4 367
239 177 9 5 2287
511 267 10 2 37
498 163 9 4 981
281 392 6 5 714
436 508 10 3 145
270 121 2 6 5006
289 495 3 8 379401
327 260 2 6 2308
288 510 2 6 2581
13 86 7 3 41
484 104 5 5 777
76 320 7 6 9911
34 270 7 4 271
417 262 9 6 13511
339 117 9 4 288
310 380 3 5 1257
112 259 8 3 82
26 406 7 3 38
255 223 9 2 42
45 291 6 4 206
225 344 2 7 13317
440 106 3 5 488
143 484 4 5 570
354 419 6 4 238
419 206 5 5 841
119 339 2 5 352
226 436 4 9 2130493
439 497 4 2 20
194 26 6 4 259
100 262 8 6 6214
77 56 2 7 41830
391 338 2 5 524
197 35 4 7 59521
505 417 2 7 34629
508 260 8 1 11
134 480 5 4 328
209 492 9 4 600
463 286 8 4 232
121 55 2 4 99
94 58 7 4 580
174 474 2 5 497
131 54 1 5 554
164 145 8 4 470
288 487 5 4 145
310 363 2 4 149
79 402 9 3 113
178 332 1 6 2077
3 218 7 4 526
70 382 5 5 2662
331 321 9 4 590
357 509 1 5 181
187 274 4 4 124
179 105 2 5 923
292 415 6 3 42
153 385 5 4 299
98 383 3 3 22
250 191 4 4 227
80 417 4 3 23
165 178 7 6 11939
296 247 6 3 93
66 366 4 4 214
185 205 9 1 12
39 301 7 7 38090
495 509 5 1 7
324 396 9 2 18
484 215 1 3 22
461 40 9 3 129
468 365 3 5 1346
421 91 9 5 3723
478 225 1 7 5530
259 305 7 5 3674
64 82 2 5 970
357 475 4 5 858
89 270 1 5 124
296 90 7 2 25
428 311 4 4 103
473 126 7 4 191
348 165 3 4 111
245 192 5 5 1472
53 264 9 4 550
252 453 6 4 134
13 167 6 6 11099
245 367 1 8 95214
65 488 10 3 196
178 501 7 7 76323
55 321 4 4 123
217 504 6 1 6
280 176 2 3 27
472 426 8 4 290
260 434 2 3 11
54 13 1 5 231
118 10 1 5 475
164 315 6 3 49
203 425 6 4 374
460 428 6 2 31
106 164 6 3 55
342 261 4 5 907
343 26 3 5 394
188 194 4 4 189
501 128 10 4 827
265 301 5 4 124
106 340 4 3 54
449 100 8 7 98567
25 280 7 4 155
