9567 7.289505541286517e-09 
164 2.0260045432984874e-08 
3542 1.23901815168425e-08 
2189 2.1009917221216298e-07 
8921 4.070400999329343e-09 
4649 4.2326427986594164e-08 
2036 1.1470501234174433e-05 
1180 1.7335234021799602e-08 
7401 6.598081210302392e-09 
5657 1.036890492694606e-08 
764 6.9662959784402845e-09 
6522 3.801008947607737e-08 
2854 1.3091337736081954e-10 
8963 1.618294647918149e-08 
2633 1.195630886983935e-07 
6504 1.6851943842366326e-05 
1168 5.237484648670104e-09 
7869 7.918979027783744e-08 
6830 4.0391603021202715e-08 
371 6.667139554848711e-09 
9204 6.740273561078175e-09 
1622 9.59445153321745e-07 
533 9.353644270801778e-09 
3142 4.4086066798039577e-07 
1123 1.7577775811294938e-08 
1755 1.042364495065784e-09 
2700 4.4384706326949797e-10 
5892 1.3444821056298107e-06 
7192 1.0967373539720604e-08 
1374 2.39193803219101e-09 
4436 4.823583620212641e-08 
7540 5.675218533833515e-09 
7768 6.287320664100093e-11 
6247 4.2000952409819783e-08 
3573 2.6545973752512e-10 
5395 4.947892431341437e-08 
543 1.0511769600162618e-08 
8159 1.067528705408008e-08 
4560 3.6989114323728294e-08 
1672 1.319856609964011e-08 
102 4.338167907275972e-08 
2970 4.394682967214696e-08 
5518 1.9318620268380868e-08 
3769 3.008260307524324e-12 
2869 1.0486301306456003e-09 
4815 3.753587672909904e-08 
8226 1.5976375552976776e-06 
4885 6.946556929883932e-06 
4588 2.8816903537118473e-08 
4284 4.255587965351637e-10 
6968 1.5712133816236928e-09 
692 4.3483935389075634e-09 
8385 1.2077561150182839e-08 
6169 2.5881892626376628e-08 
2972 4.758621536312541e-09 
8750 9.629727570903412e-11 
9946 4.1113436227528666e-09 
9153 2.9724103924738676e-09 
8678 6.349934207015026e-08 
9121 3.450501778040887e-08 
1986 1.3801160009523777e-08 
4228 3.1474969207589176e-05 
6729 4.944567810749589e-10 
2936 2.8642256921752266e-08 
6121 2.1571362474157203e-08 
9308 3.4732114293986593e-09 
4215 5.713147310272559e-09 
6745 7.962518985306366e-09 
398 1.3844860593257083e-08 
9309 1.614957272663524e-08 
758 1.862472501701004e-08 
6572 2.8640140259383884e-10 
5519 3.511177646753957e-08 
415 6.750621458963962e-09 
2439 3.854174534263141e-06 
9549 3.7171768691382784e-05 
6330 4.566376798822297e-09 
9362 6.70383846737739e-08 
423 4.783709419472343e-09 
6462 2.3072186750212366e-08 
2444 1.2580974716874804e-09 
8799 9.82251801428502e-07 
5915 5.38807296419073e-08 
8345 3.896652029457314e-08 
8937 4.129439608400315e-09 
5851 3.158648228878628e-08 
5145 2.41814137984242e-09 
4838 3.081069657696542e-08 
7270 8.41846494034279e-09 
8294 4.537920039737742e-11 
1054 1.171015712262552e-08 
4042 5.703976626171125e-08 
1051 7.589351126713328e-10 
6274 4.112361825202304e-09 
5117 1.5799299026311134e-06 
7289 4.4700548593567114e-07 
4119 2.8420679690571752e-05 
2573 1.6321974952160367e-09 
4503 2.033357077331488e-09 
8394 2.2328941912696698e-05 
1739 2.392684330591692e-08 
2985 2.8163542620100214e-08 
6903 1.1343105167671043e-07 
5010 1.1405373195313767e-07 
1121 8.80229146949657e-09 
5203 6.116720567550527e-10 
3734 3.54533744206971e-08 
2535 1.1062832212804796e-09 
9816 2.1829413560732654e-08 
1579 1.980622865108833e-08 
7861 1.8827174260035127e-08 
9992 3.5514429357411115e-09 
2725 7.971963379791586e-09 
1053 1.3242242823119366e-09 
8219 5.464615614181323e-09 
8746 2.452620088792823e-09 
7188 4.3907327577734617e-08 
6011 5.899090695093978e-10 
4647 2.1331632462610336e-06 
1479 1.8650460688001926e-06 
9179 2.2718924305416624e-08 
8545 3.1333421593557516e-08 
9784 5.099407854331362e-07 
6608 1.311150327996133e-07 
1290 2.1459474742655492e-08 
7708 2.686184499627823e-08 
5743 1.4872205888897053e-08 
9865 1.5183188040168716e-11 
2651 1.0847742401744057e-07 
4962 1.0861321735880156e-08 
1835 4.358254255209356e-06 
2563 2.756282143224608e-08 
4074 2.8392038012737403e-08 
9809 7.1904644034081e-05 
224 3.6854897514728997e-08 
6502 6.831295244324326e-09 
2560 7.593461806825602e-09 
2417 4.7977492339873126e-08 
3092 9.94090829055036e-09 
1276 7.097872993392165e-08 
7000 6.835728386091061e-06 
94 3.077435104885645e-07 
5741 1.135708337920635e-08 
9991 7.229362322322408e-09 
3865 1.0629130431461489e-05 
5900 4.7756392625923454e-08 
4866 1.1869810447691018e-08 
5456 1.2430744038283148e-09 
4525 4.653797043910335e-09 
4577 5.333294345651746e-09 
8587 2.2969365298664002e-10 
9371 6.708909644839722e-09 
3148 1.995789481856053e-08 
7297 2.5653693390284907e-08 
1240 4.468503645663896e-09 
8157 4.348032429853663e-08 
1894 1.4376836657693619e-08 
3667 4.056995441187924e-08 
4420 1.951826234370237e-07 
5936 2.7120708326680565e-09 
