1 2 10 3 117
1 47 3 8 682813
2 31 10 7 76230
2 35 2 4 104
2 406 5 3 52
3 4 10 3 181
3 5 2 4 211
3 26 7 1 5
5 57 4 7 89102
15 16 5 3 53
15 36 4 4 158
16 25 8 1 8
17 18 5 2 12
17 36 6 1 5
18 33 5 1 5
19 20 1 2 4
19 21 9 5 3388
20 142 7 5 2946
20 148 5 3 76
21 22 2 5 794
22 23 10 3 77
23 24 4 5 2264
24 25 7 2 35
24 28 4 2 11
26 27 8 5 1595
27 29 4 6 18684
27 30 10 1 7
28 29 7 6 25844
31 33 3 5 356
32 33 9 2 27
32 34 1 4 27
32 69 3 6 11106
34 35 4 5 591
34 73 3 1 4
36 37 6 4 176
36 75 2 7 25477
37 52 6 5 1758
37 43 4 8 814986
46 47 7 5 1991
47 448 8 6 8867
52 67 9 4 480
53 54 9 3 48
53 59 4 2 19
53 418 7 4 238
54 163 9 5 4148
55 56 10 2 53
55 59 7 5 3527
56 57 6 3 50
56 66 7 1 12
58 59 7 3 150
58 60 7 6 9914
58 199 6 1 9
58 458 3 4 225
60 63 5 8 287913
63 225 4 3 68
64 65 2 8 505901
64 66 3 3 21
65 67 7 5 1434
69 70 9 2 16
70 71 5 1 7
71 101 5 4 117
72 73 2 3 25
72 101 4 6 10363
73 76 3 3 41
73 77 6 6 7045
96 97 4 2 10
96 111 6 1 4
97 101 4 5 462
98 99 6 6 23625
98 100 9 1 5
99 138 3 4 74
100 116 7 1 8
105 106 4 4 348
105 111 4 5 1870
106 107 1 5 119
107 108 2 3 14
111 114 3 5 634
113 114 2 4 61
113 116 5 8 1020304
115 116 6 4 344
115 409 6 2 18
118 119 4 2 21
119 138 3 4 238
120 121 4 1 5
120 122 1 3 9
120 304 10 6 31783
121 296 10 6 7758
122 123 8 4 823
122 124 9 2 28
124 125 1 3 14
134 135 3 3 62
134 332 1 7 6684
135 136 8 5 1043
135 137 3 7 72729
137 139 5 3 58
139 140 9 7 138958
139 141 6 3 85
139 399 5 7 31371
141 400 5 7 69848
154 155 4 1 5
154 156 8 4 639
154 172 5 6 8591
155 168 10 2 36
156 157 3 7 32135
156 171 4 2 9
157 158 5 2 17
158 159 3 5 516
158 177 9 2 37
159 160 1 6 1759
159 161 7 3 86
159 196 2 5 902
161 162 10 4 342
161 197 5 1 6
163 164 9 2 42
164 165 7 7 58501
165 166 4 4 128
165 104 8 2 38
166 167 5 3 32
167 168 7 2 14
169 170 2 5 464
169 171 8 3 76
169 174 9 1 10
170 172 3 2 14
170 173 3 2 14
170 419 10 4 358
171 178 9 4 568
173 174 5 4 290
174 179 4 6 2966
175 176 10 5 4711
176 214 9 3 124
177 178 1 7 7332
177 191 3 2 14
178 421 8 7 51277
179 192 1 4 55
180 181 7 1 6
180 208 8 3 92
181 192 6 2 13
182 183 8 2 28
182 184 10 3 87
184 185 6 3 73
184 208 8 4 735
185 186 3 4 121
185 207 8 5 2834
186 187 2 6 8808
186 230 4 5 2091
187 188 10 4 956
187 193 1 7 31380
188 189 8 2 17
188 191 2 3 21
189 190 3 1 5
189 191 6 4 181
193 194 9 4 211
193 217 2 4 75
194 195 3 4 198
194 217 10 6 9796
195 196 6 1 5
195 216 4 4 354
196 197 4 6 4642
196 476 5 6 9471
197 216 5 5 666
198 199 10 3 125
198 221 5 8 1014418
199 200 7 1 5
200 10 4 6 15122
201 202 1 8 60950
201 203 7 2 35
201 351 6 5 1612
202 213 1 6 3503
203 204 8 7 71627
203 205 4 10 43245373
205 206 9 2 31
205 231 2 5 1202
205 360 6 2 22
206 207 8 5 5308
206 232 10 7 174875
207 233 6 1 4
208 209 9 1 10
210 211 2 5 616
210 212 7 7 39681
211 215 9 2 24
212 213 5 6 20472
212 342 7 4 274
213 340 7 2 14
214 215 3 6 2137
216 219 4 4 145
217 218 3 6 2743
218 222 1 3 9
219 220 1 4 34
220 221 1 2 5
220 222 1 4 24
222 226 5 2 15
223 224 10 2 24
223 225 1 5 522
223 7 10 6 23520
224 229 4 2 13
227 228 10 1 15
227 229 1 6 2715
227 272 10 4 743
228 230 5 1 7
229 401 8 3 171
231 281 9 3 169
232 265 2 3 22
233 264 10 1 5
233 150 10 4 1120
234 235 7 6 16943
234 278 7 5 3917
236 237 10 2 25
236 280 4 6 3835
237 238 1 3 17
237 239 6 2 31
239 240 5 8 1621112
240 241 9 4 815
241 243 3 1 4
241 442 5 6 16933
242 243 6 4 282
242 244 10 1 7
242 314 6 1 4
242 80 9 3 60
243 293 3 3 54
244 247 7 3 105
245 246 7 3 85
245 247 5 6 20828
247 248 7 2 16
248 249 4 1 7
249 250 3 5 1432
249 312 6 3 49
250 251 9 2 20
250 321 2 2 5
251 252 1 6 2627
252 253 3 4 114
252 327 3 2 15
252 301 1 2 4
253 254 5 3 34
253 277 7 7 41609
253 266 4 3 64
254 255 8 1 7
254 256 2 5 664
256 257 1 6 4689
257 258 2 3 20
257 259 1 4 71
260 261 4 3 26
260 262 6 3 122
260 263 1 4 77
263 264 3 3 55
263 479 5 1 4
266 267 4 2 21
267 268 9 1 11
267 299 10 2 27
268 269 4 7 97026
269 270 2 4 54
269 294 5 3 41
270 271 2 3 22
271 295 3 7 29349
271 133 7 5 2820
272 273 1 2 4
272 274 2 2 5
274 275 9 1 9
275 276 10 2 44
275 277 2 4 111
275 291 5 2 24
278 279 5 6 8417
278 282 9 5 1602
279 280 3 2 13
280 287 10 1 13
281 289 4 5 2373
282 288 6 4 146
283 284 7 1 7
283 285 6 7 69493
283 305 6 5 1370
284 290 6 7 127338
284 365 9 4 607
285 286 2 5 316
285 306 8 3 103
286 287 10 2 39
286 306 5 2 14
286 452 3 3 53
287 293 9 2 44
288 289 3 2 15
289 290 9 3 147
291 292 10 8 3509643
297 298 7 6 15026
297 454 8 5 3527
298 299 7 3 47
300 301 6 1 5
300 302 10 4 1096
302 303 1 7 7332
302 304 1 3 6
302 330 9 6 26448
305 306 8 1 11
305 308 4 6 7434
306 308 4 5 2554
307 308 2 6 2288
307 309 4 4 107
309 310 4 4 100
309 338 10 2 18
309 379 8 6 13171
310 311 5 1 8
310 85 4 6 13619
311 312 4 4 90
313 314 3 6 9958
315 316 8 3 124
315 317 8 2 20
315 499 1 6 1789
316 334 1 3 20
316 398 2 2 6
317 318 5 2 25
317 503 10 5 2031
318 319 6 7 79339
318 502 8 5 3468
318 510 10 1 5
319 320 8 5 3123
320 333 2 5 378
321 322 4 5 621
322 323 5 4 440
322 325 7 6 12514
322 333 5 2 11
323 324 9 1 11
325 326 5 5 1109
326 328 6 1 10
327 328 5 4 522
328 329 9 7 143656
328 495 1 4 25
329 330 5 1 4
329 331 4 3 53
331 332 10 1 8
331 489 5 2 14
332 481 1 5 303
333 493 1 8 40431
334 335 4 5 750
336 337 4 3 55
336 500 1 3 16
337 338 3 7 24486
337 382 9 1 4
338 339 9 6 32163
338 377 9 3 153
340 341 8 2 24
340 349 10 1 4
340 354 2 8 155199
341 343 7 5 3104
342 343 6 4 230
344 345 1 7 8187
344 346 1 5 299
344 385 1 5 485
346 347 8 4 654
347 348 6 5 683
347 387 8 2 26
348 349 7 7 57923
348 386 10 2 26
350 351 3 5 391
350 359 10 6 35173
350 13 8 3 115
351 352 10 1 4
352 353 7 3 54
352 356 3 4 332
353 354 10 1 14
354 355 2 3 13
355 356 6 4 494
356 357 2 2 6
358 359 7 5 1676
358 361 7 2 19
358 362 7 1 6
358 360 4 2 8
358 92 9 8 460273
360 413 4 5 919
361 388 2 4 172
362 367 3 2 8
363 364 9 4 322
363 365 6 6 10867
363 370 5 1 8
364 395 8 1 11
365 366 6 4 136
365 371 2 5 547
366 144 7 1 10
367 368 10 3 101
367 369 2 8 164771
370 380 9 2 38
371 372 10 2 35
371 373 3 7 26922
371 374 9 5 1446
375 376 9 7 159716
375 383 10 1 10
376 384 4 8 894499
377 378 4 5 463
377 381 5 4 240
378 384 4 4 101
381 383 1 4 82
382 496 8 8 658070
383 384 1 6 3032
388 389 9 2 37
388 392 9 1 13
389 390 9 1 7
390 391 7 4 650
392 393 9 5 5280
392 394 4 5 702
395 396 9 4 765
399 411 9 3 131
400 405 7 4 184
404 405 10 1 12
404 412 10 2 39
405 89 3 2 13
408 409 8 1 8
411 412 1 4 42
411 415 3 6 2681
411 482 7 7 46706
412 415 10 6 13530
415 427 8 3 81
415 487 2 6 7225
427 428 6 9 15170980
427 431 7 1 12
427 487 6 8 426472
427 424 10 4 631
428 429 1 6 3186
428 432 8 1 10
481 482 5 2 10
482 488 2 5 1047
483 484 3 4 113
483 485 10 5 1825
484 492 1 3 8
485 486 1 5 585
486 487 5 4 130
489 490 6 2 18
490 491 3 3 45
490 492 6 2 16
493 508 9 5 1600
494 495 9 3 77
494 507 8 4 239
496 497 7 4 526
496 62 1 6 1516
497 498 2 5 302
497 499 9 3 101
499 501 6 3 58
501 447 7 1 10
502 511 8 4 680
503 450 8 2 29
504 505 7 2 14
504 506 8 6 18134
505 508 3 2 6
505 509 8 6 29784
506 507 7 5 896
509 510 2 2 6
509 511 3 4 248
7 8 7 1 8
7 6 6 1 5
10 9 4 6 5955
10 11 10 6 8800
13 12 6 3 37
12 14 6 4 424
144 38 10 1 5
144 145 9 3 182
38 39 4 1 4
89 68 5 4 113
89 88 7 1 11
68 40 10 4 371
68 102 9 2 23
40 41 4 4 354
40 81 1 4 91
102 50 6 4 295
50 51 9 1 11
41 95 5 3 36
81 146 2 4 60
95 456 9 1 11
95 143 7 6 34125
95 146 2 5 564
146 410 9 4 329
43 42 1 3 14
133 130 7 2 22
128 117 8 2 19
128 132 5 6 3832
117 129 1 5 177
117 110 8 3 150
132 130 9 4 540
129 127 3 7 15600
127 44 2 5 552
130 131 7 2 17
44 45 3 4 71
110 109 9 4 442
110 126 7 4 170
109 112 10 4 1008
62 49 2 3 33
62 61 5 1 7
48 49 2 5 729
75 74 2 3 17
77 78 1 5 252
80 79 10 6 9969
92 90 7 8 663139
82 83 3 7 79886
83 91 7 2 21
91 90 5 1 4
90 93 7 3 55
93 94 2 5 761
85 84 1 4 63
84 86 1 6 4360
84 87 3 3 22
86 87 2 4 142
104 103 6 5 863
148 147 9 2 23
147 149 10 4 288
150 153 2 4 205
150 151 10 4 239
152 153 4 3 58
398 397 10 1 5
401 402 8 1 5
401 403 9 1 5
406 407 5 2 21
416 407 3 6 2282
413 434 10 4 233
413 414 1 5 154
433 434 6 4 662
418 417 8 5 4031
419 420 2 8 399972
419 430 7 2 30
421 422 2 2 9
421 423 10 6 12131
424 425 10 4 582
424 426 1 5 493
424 438 6 2 27
438 437 1 4 78
437 439 9 2 23
454 453 6 3 61
454 435 4 4 181
453 455 8 4 483
455 460 6 5 906
435 436 2 3 19
460 463 7 6 5398
463 462 1 4 112
461 462 6 1 9
461 464 7 1 5
464 466 1 6 2009
466 467 3 3 41
452 451 10 4 879
452 440 4 2 9
451 459 8 5 5514
459 473 1 3 6
440 441 10 4 522
473 472 5 3 27
442 443 10 4 311
448 444 7 5 2519
444 445 5 3 38
465 445 6 5 2681
465 468 1 3 7
468 469 4 1 6
469 470 10 2 34
470 471 3 6 11779
447 446 9 4 495
450 449 2 5 847
458 457 2 8 179636
476 474 8 1 9
476 477 9 2 28
474 475 5 4 135
477 478 5 1 6
479 480 8 2 34
284 177 1 2 5
391 291 10 1 14
397 161 9 5 3090
376 187 10 2 25
322 42 1 6 1930
399 318 7 1 4
463 89 6 2 15
343 194 10 1 6
437 265 7 2 19
239 53 7 6 10853
411 475 5 3 38
21 372 3 4 137
508 449 9 1 6
24 51 10 5 2461
54 280 8 3 158
261 73 2 6 6527
2 307 3 6 4982
476 36 5 6 20786
374 231 2 6 3802
483 72 9 2 22
188 248 4 5 1448
326 346 5 5 1968
458 449 3 4 68
435 58 1 3 7
225 130 5 2 21
484 174 7 2 16
322 33 9 4 534
369 191 7 1 5
330 20 5 2 15
324 21 6 6 16230
18 385 8 5 1031
252 297 10 3 124
7 178 1 5 398
30 43 4 5 1515
397 191 7 4 724
450 80 1 5 563
458 335 1 4 78
171 48 10 8 809602
485 267 2 3 19
104 136 5 1 8
47 507 7 2 34
302 429 1 3 8
424 132 8 2 21
55 69 7 3 74
81 28 4 10 28199529
346 114 10 5 1379
84 284 4 1 6
57 44 2 4 84
112 358 6 8 992446
103 252 9 1 4
202 401 2 3 12
106 343 3 4 92
297 285 3 5 880
47 27 4 4 157
391 38 10 1 16
292 297 10 1 4
292 334 4 3 31
149 56 5 1 5
56 464 1 4 24
252 487 1 3 9
491 427 3 6 14550
112 439 6 4 215
62 365 8 2 32
315 75 10 2 25
445 373 7 3 42
373 228 8 2 26
459 103 6 8 874033
5 34 2 3 18
357 412 5 4 494
195 208 5 1 5
362 282 8 4 527
282 132 2 4 124
292 358 4 3 33
130 16 6 1 6
354 48 5 5 1334
329 398 10 1 6
107 143 7 8 1037201
302 8 4 7 23805
437 468 9 1 10
391 24 10 3 110
70 453 7 3 121
428 250 10 5 2243
427 93 1 5 624
235 500 5 7 96639
476 259 9 7 148096
140 144 10 8 739744
373 167 4 5 1021
413 463 1 5 401
100 419 3 5 559
67 49 7 3 98
148 127 2 3 12
227 117 4 3 38
147 283 7 2 14
464 193 3 1 5
281 305 10 1 10
168 300 5 5 1870
456 265 2 7 32391
74 34 10 1 9
228 497 4 1 6
84 178 2 6 1714
47 339 5 4 218
137 364 10 3 150
419 487 8 4 287
497 260 6 3 45
432 171 7 4 202
104 329 8 6 11659
16 90 5 7 30709
14 244 10 1 10
56 483 4 6 9171
175 2 5 3 59
151 442 8 6 14901
372 443 5 1 4
460 285 4 3 39
372 171 10 1 4
267 357 7 2 19
336 274 3 4 101
235 63 9 6 18949
279 71 7 4 169
251 475 6 9 3253019
440 88 10 6 9294
169 453 5 6 5858
172 264 8 7 169950
51 471 9 3 161
503 172 5 4 389
175 199 9 3 104
230 291 6 1 6
16 205 1 4 35
339 82 4 5 1118
449 137 8 6 21102
119 372 9 3 98
499 126 3 5 373
485 290 9 5 3180
181 127 8 6 20373
505 298 8 3 152
290 489 4 2 11
34 249 5 1 5
179 277 5 6 18034
440 73 3 2 13
343 395 7 1 6
87 478 7 3 107
316 6 3 4 143
307 144 9 6 11679
308 435 6 2 21
233 510 9 2 32
126 354 3 5 485
272 162 9 4 210
135 122 7 6 8258
365 389 1 6 1212
235 479 7 3 42
125 110 5 5 2086
289 302 1 9 466620
13 387 10 6 26353
345 228 3 2 7
10 105 1 6 4799
311 286 1 4 43
126 229 4 1 5
286 221 1 7 25547
171 11 3 2 13
172 342 5 5 714
245 407 5 1 7
63 188 1 3 7
253 232 3 5 416
435 104 10 4 335
87 138 7 6 5202
30 432 6 3 129
476 53 3 5 664
107 103 2 9 1007985
409 12 5 3 45
344 183 4 3 61
440 85 7 3 38
210 133 6 5 1473
45 192 10 1 5
352 234 8 1 5
354 440 1 9 380661
28 170 7 1 8
281 2 7 2 35
361 251 1 6 3915
35 364 1 4 62
433 81 3 3 48
281 159 5 5 662
495 148 1 4 23
316 239 6 3 43
143 130 4 1 5
26 136 7 1 8
424 419 7 1 4
395 202 9 4 851
136 352 6 5 2159
380 360 2 6 9337
146 72 9 2 16
424 450 3 6 2724
147 425 2 2 10
451 285 9 1 8
195 101 4 2 19
457 177 4 4 92
81 208 1 2 5
182 200 3 3 46
436 509 6 1 4
29 18 6 7 37827
149 453 6 6 10383
330 473 2 5 330
73 53 5 4 508
340 196 6 4 362
256 444 2 4 137
270 428 10 3 171
407 87 8 5 2769
346 295 4 3 28
78 410 6 3 35
87 205 9 4 310
331 59 4 4 159
45 83 7 1 5
411 217 10 4 802
262 497 3 3 39
267 226 9 3 126
456 426 8 8 359912
321 505 7 5 4816
479 424 3 1 5
488 420 7 4 449
236 272 5 5 615
507 217 3 5 964
366 165 1 3 17
227 338 2 2 5
228 346 3 4 112
488 324 7 1 11
116 214 1 2 5
499 343 4 5 1130
155 118 8 5 2718
480 256 7 8 304259
176 478 8 1 6
375 389 9 5 3443
139 438 1 7 8476
366 395 7 1 7
42 36 5 3 34
470 372 9 3 109
127 490 1 8 335127
407 209 10 1 14
455 68 8 2 29
222 99 1 6 1506
351 55 7 5 2881
418 87 2 3 39
254 89 10 6 38025
256 83 1 10 16455333
225 147 9 3 50
73 89 4 5 912
376 270 7 1 6
415 507 7 2 28
414 382 10 4 577
319 321 8 3 53
257 29 2 4 132
312 374 9 7 196097
43 150 1 5 354
82 423 4 7 32217
226 280 9 1 7
125 299 8 2 21
202 220 7 2 21
290 116 3 6 12642
130 118 1 4 46
358 76 3 2 9
243 500 7 3 133
163 155 10 5 3001
445 227 5 3 57
240 177 7 3 63
299 246 1 3 9
347 136 7 4 256
211 323 4 4 136
318 227 4 3 54
174 222 3 7 19674
35 492 6 4 216
441 58 7 4 171
196 346 7 3 144
511 236 6 3 93
485 390 6 2 27
104 59 7 1 9
479 450 1 2 4
138 5 4 1 4
37 172 5 5 750
138 363 10 1 9
242 4 3 5 498
482 154 3 4 70
149 188 2 4 192
99 460 7 2 13
425 450 7 1 7
357 26 5 2 10
161 115 5 2 9
381 37 6 2 27
132 19 7 1 6
187 142 2 3 12
491 238 2 4 78
159 315 7 9 11806585
210 320 2 4 67
412 304 5 4 222
455 221 4 4 196
206 67 10 1 14
49 231 6 2 29
148 56 5 3 65
418 274 4 5 852
101 374 7 4 173
262 368 4 4 178
508 424 2 7 11941
337 46 2 7 11310
509 305 7 4 504
204 60 4 5 1609
96 195 8 4 398
339 139 7 2 30
437 348 3 5 461
121 269 10 1 7
246 328 10 5 2511
484 17 7 1 7
69 250 2 5 319
402 7 4 2 11
129 389 8 2 20
119 123 2 10 86773424
197 210 9 1 5
363 165 5 4 469
87 5 2 7 17840
221 486 3 3 36
247 221 8 1 11
413 265 2 4 146
111 499 10 3 74
448 258 2 6 4127
49 166 9 2 32
110 115 9 7 83998
26 425 5 3 57
72 204 7 7 65184
315 355 3 5 380
189 99 4 2 9
509 155 4 3 28
483 167 8 1 7
82 471 5 2 16
145 45 10 6 47889
297 442 9 2 17
55 250 2 3 22
288 110 2 3 40
445 503 4 2 14
503 235 2 7 20102
332 103 7 1 4
489 487 3 2 8
127 123 8 2 37
358 357 8 3 139
330 332 2 2 4
501 372 3 2 7
253 133 2 6 1682
78 174 7 6 28769
337 445 2 8 89913
85 334 7 5 1224
498 277 2 6 4072
210 80 10 1 16
42 223 6 7 146217
168 27 9 1 5
160 87 4 8 765723
55 270 6 6 22468
36 223 3 4 297
314 10 10 9 17915830
410 213 9 1 4
484 485 2 5 508
309 28 10 3 90
10 219 7 6 23519
69 297 3 2 6
18 402 5 4 323
457 206 10 7 71630
319 504 8 4 237
401 246 8 4 330
422 501 6 2 29
26 11 8 5 4707
245 501 6 3 45
211 451 7 4 351
7 275 4 6 2919
293 502 10 6 7018
340 55 9 4 696
385 449 9 5 1371
474 142 2 3 33
186 407 3 7 51635
116 149 6 1 4
83 372 6 4 357
228 281 3 7 29433
265 65 8 1 6
230 241 1 3 14
435 123 9 6 12878
288 386 9 1 4
497 427 9 3 91
452 23 10 4 342
256 360 4 5 638
227 132 6 3 54
352 378 3 5 527
294 84 1 6 1688
434 225 8 1 5
26 289 2 6 4098
415 461 9 3 163
231 103 8 10 29608051
58 371 3 4 86
109 176 3 4 118
445 329 3 3 29
255 165 7 3 77
219 451 7 3 123
162 205 3 3 27
491 62 4 3 28
7 308 10 1 4
18 332 9 7 86101
76 390 6 5 952
197 166 10 4 224
235 507 7 1 10
116 328 5 2 12
197 207 3 6 3729
109 115 7 1 4
412 293 4 1 6
350 270 5 7 51007
112 330 3 5 470
94 410 1 7 12471
244 108 2 7 42474
430 322 3 1 4
38 287 4 4 118
413 145 2 4 80
132 195 3 5 1483
366 374 4 4 150
276 123 10 3 108
72 257 3 5 498
83 370 3 7 17320
94 1 1 5 267
125 184 9 2 47
322 156 2 2 4
427 192 7 4 618
107 214 4 3 80
399 122 4 1 5
121 386 4 5 1622
219 414 10 3 65
430 401 7 6 5299
363 468 9 1 15
209 498 9 5 5317
481 116 7 4 529
123 216 5 4 266
377 330 10 4 225
450 12 2 2 5
432 20 6 3 80
470 270 6 3 83
337 139 3 2 7
301 389 1 7 6288
135 200 4 2 13
159 50 9 1 4
359 397 10 1 9
33 149 8 3 137
136 288 8 9 3346293
413 16 7 3 48
463 182 7 4 387
198 105 2 6 2285
49 140 8 3 102
33 261 6 5 2620
305 456 9 1 9
349 1 10 3 80
504 327 9 4 483
286 335 7 1 5
283 48 2 6 2743
60 394 6 1 4
227 316 7 5 1853
436 460 4 5 503
88 61 5 4 152
100 508 9 1 14
477 260 1 3 8
153 235 10 7 55984
315 224 1 4 95
418 362 9 7 72523
349 509 8 3 128
35 59 2 3 12
77 252 5 2 15
461 97 9 5 3313
411 182 8 1 6
509 70 5 2 13
184 381 8 2 32
316 475 4 2 10
199 51 6 3 67
239 85 1 8 358010
495 137 4 4 102
178 75 1 6 2186
49 269 2 2 6
473 106 7 1 4
276 111 4 3 31
441 332 3 2 10
205 450 6 1 4
65 173 7 6 22412
154 383 7 3 56
63 404 1 4 51
171 161 6 4 379
118 224 7 6 6820
435 190 10 4 566
108 470 1 3 21
463 209 6 2 22
147 93 1 4 57
120 408 6 2 28
370 455 2 3 14
238 401 5 7 46344
376 455 8 3 85
468 266 8 1 13
282 469 8 6 10357
200 118 2 3 18
239 435 3 3 42
29 477 3 5 520
183 3 1 3 9
232 241 3 6 14774
160 491 1 7 6085
384 176 5 3 30
303 407 10 3 91
244 2 5 1 4
90 477 2 6 4008
269 160 5 7 29940
9 255 10 2 28
500 323 5 3 93
226 17 4 2 15
162 100 10 6 9350
442 354 7 1 4
254 56 8 2 19
177 70 8 6 11562
283 413 9 1 15
467 303 5 4 134
506 52 5 3 106
402 315 9 2 16
44 66 3 4 199
205 376 3 5 1227
78 375 9 2 23
45 468 4 5 621
300 11 3 6 5891
288 143 3 6 4739
238 91 6 3 99
423 101 10 1 7
159 455 7 2 30
46 77 4 6 4253
438 456 6 4 387
168 438 4 5 1910
228 205 3 5 468
60 109 5 2 11
97 31 7 4 513
56 135 5 2 17
215 138 9 6 21627
305 446 4 1 4
195 390 5 2 22
181 508 5 6 16382
511 454 8 3 131
388 279 10 3 57
13 343 9 7 60008
132 121 9 6 32495
420 165 10 3 200
279 398 1 3 11
334 466 6 1 5
76 96 4 5 462
397 429 2 2 4
271 172 5 4 158
297 357 7 3 43
398 305 4 2 9
266 449 2 8 549704
380 322 1 4 83
511 252 5 2 16
412 136 6 8 289958
273 453 10 2 53
440 111 8 1 8
88 261 7 3 84
40 321 5 7 48569
221 370 10 1 5
200 348 7 2 23
141 425 3 2 9
461 442 4 2 8
496 325 7 4 227
504 467 7 4 328
148 320 8 1 10
274 53 7 4 488
133 312 6 4 255
166 318 2 2 9
326 491 4 2 9
131 60 6 3 39
336 448 1 7 27584
392 136 5 5 2583
64 75 6 1 9
211 433 10 5 6463
405 393 9 4 268
415 14 2 7 15483
475 69 6 1 7
125 335 8 4 202
481 214 1 6 1057
125 1 5 2 14
345 352 1 3 14
511 191 8 1 6
398 405 1 6 868
204 231 10 5 2208
61 220 3 5 1069
359 498 6 7 74826
413 159 6 1 10
4 62 4 5 2292
458 351 8 2 22
218 325 6 5 3504
184 488 10 4 254
131 327 1 3 10
29 210 9 8 413807
74 138 5 4 141
48 333 4 7 26704
110 339 10 1 4
408 186 8 6 31670
340 441 7 5 2521
251 446 3 4 131
31 254 5 7 173420
336 79 1 5 498
111 375 5 4 227
199 351 9 3 57
258 429 6 10 323336662
503 484 2 2 8
152 452 6 7 53415
247 166 7 3 63
460 442 1 3 21
81 489 6 3 32
91 476 9 7 82437
202 449 10 4 266
137 230 1 5 190
147 127 6 1 4
229 424 5 3 36
462 27 5 5 2127
387 140 9 6 24527
322 160 3 9 1563875
177 218 4 3 81
53 275 3 4 271
268 37 10 5 1345
330 88 6 3 70
107 462 7 1 4
508 252 4 5 1487
343 78 4 1 4
385 88 4 2 14
403 66 4 7 33358
424 490 1 3 20
266 293 6 3 32
177 182 7 4 289
149 4 2 5 465
423 324 8 5 1058
504 180 5 4 447
457 115 1 7 6398
493 85 4 7 39054
257 240 3 6 5317
470 36 1 4 26
179 507 2 5 387
473 504 1 4 92
125 304 4 4 114
363 434 9 7 171629
175 87 2 3 13
183 464 7 3 70
186 482 7 4 267
146 458 3 3 19
51 209 2 3 28
413 464 5 4 216
331 130 4 5 467
194 161 6 1 10
345 204 7 5 1587
342 194 3 3 32
10 115 1 4 64
160 432 10 4 747
215 229 6 4 279
484 191 6 2 15
41 250 2 7 10640
339 86 7 1 10
244 91 3 7 25904
61 236 4 6 9452
190 394 7 3 38
125 6 8 4 557
508 205 2 4 80
248 408 2 2 5
411 280 6 6 15098
262 392 4 8 232617
400 392 3 4 151
386 265 7 6 7418
174 34 2 7 18955
96 121 9 5 1610
263 96 1 3 16
410 447 9 2 16
306 460 5 6 17169
191 279 9 3 92
35 83 2 2 4
192 242 1 4 23
369 247 8 5 4475
350 153 6 4 188
479 274 8 6 8978
26 418 7 6 32905
301 269 7 1 5
390 181 5 5 2213
316 65 1 5 164
85 146 4 1 6
356 361 2 2 7
241 163 3 2 6
284 239 4 2 10
364 384 6 5 2173
70 284 5 2 16
248 479 2 10 8118764
483 142 3 2 14
38 189 8 8 336801
407 298 5 5 612
285 240 8 2 18
22 131 7 3 58
427 98 10 4 243
293 274 6 5 1814
119 489 1 3 6
332 489 1 4 44
283 245 2 9 1928033
358 491 8 2 41
283 272 6 5 1207
162 72 5 2 19
207 259 9 9 4832191
246 89 8 1 6
359 59 1 5 244
71 492 6 2 28
39 234 4 4 209
297 212 6 5 815
256 326 4 4 99
400 423 7 3 93
418 165 2 3 16
461 334 3 6 2288
451 500 6 4 173
63 480 3 3 17
276 339 3 3 34
141 172 9 3 109
299 64 5 3 34
93 402 9 2 33
90 165 3 6 2754
433 169 2 4 146
445 468 7 2 15
367 36 2 7 43353
375 508 3 1 4
225 288 9 9 4508763
82 296 3 3 21
156 481 2 5 239
366 8 3 4 78
100 420 8 4 229
264 109 5 7 25377
92 14 1 5 121
134 35 6 1 5
414 441 4 2 9
187 57 7 9 4614647
42 133 2 8 123617
473 266 6 4 511
458 119 8 1 7
192 360 6 6 18125
94 81 8 9 15692447
216 13 2 3 14
76 173 6 6 11974
120 454 7 5 1068
343 60 8 5 1683
192 460 1 4 109
184 465 2 3 12
69 61 3 2 15
487 247 10 4 661
266 308 9 3 83
423 257 5 1 5
421 192 6 8 446652
143 98 9 2 26
89 380 10 5 4220
228 398 8 1 14
312 208 10 6 15410
51 506 7 4 160
373 53 3 6 3731
494 121 7 9 14576053
329 228 1 4 111
86 229 4 3 50
476 119 1 7 11803
76 148 3 3 23
58 21 10 1 12
443 33 9 2 16
233 353 4 3 60
141 25 6 4 594
195 58 2 2 4
287 178 2 6 2671
181 421 6 4 438
419 33 5 4 178
386 116 1 3 11
163 39 1 2 5
185 33 1 5 631
185 471 1 3 6
186 5 3 2 12
452 308 7 3 136
382 35 10 4 583
172 211 8 1 7
260 59 9 3 150
333 111 1 7 10119
57 59 5 1 6
202 115 8 3 50
141 195 1 7 5041
510 426 1 3 6
444 365 3 2 15
39 406 1 2 4
115 421 1 5 125
317 45 6 3 39
161 54 1 2 4
459 283 5 3 42
299 249 1 4 57
3 507 1 3 6
229 428 3 6 5563
29 73 9 1 7
330 30 3 3 25
398 118 9 6 12729
223 402 4 7 27248
158 29 10 2 26
235 346 10 3 79
361 212 9 1 5
112 326 8 1 5
345 235 6 4 177
358 223 5 6 4679
86 283 9 5 1904
467 161 8 3 45
473 223 9 7 75810
29 209 10 8 940996
376 243 9 4 199
72 50 7 3 72
349 439 6 4 484
308 170 10 2 46
140 271 3 3 25
279 3 1 4 31
207 34 1 7 27430
32 332 4 6 9856
149 170 8 4 645
183 54 2 4 135
325 171 6 3 58
91 163 2 4 83
40 473 7 5 1864
363 384 3 7 20517
268 451 5 1 8
399 15 8 2 22
356 368 8 2 15
486 70 10 4 486
105 340 9 1 7
435 24 8 1 7
508 242 6 8 459447
417 254 9 2 23
386 441 6 4 304
89 423 10 6 17161
390 24 10 10 37650534
504 122 5 4 144
186 208 7 3 44
70 485 10 1 9
165 337 10 6 14903
18 30 10 2 20
169 36 4 5 1124
212 392 8 6 6772
248 453 3 3 19
169 310 8 4 539
495 378 6 2 27
241 469 6 4 584
179 231 7 10 52383768
119 322 8 5 3026
411 311 6 2 18
227 258 5 1 5
160 45 1 4 34
463 202 9 2 35
208 153 3 5 424
140 420 8 1 9
198 185 5 2 16
154 510 1 4 72
314 121 6 8 302583
251 401 5 3 40
100 409 8 2 30
112 412 3 2 14
28 505 2 2 4
296 137 4 1 5
495 323 2 7 28384
43 180 4 2 9
159 171 3 8 171451
109 281 8 6 6889
232 145 9 2 29
381 27 1 2 4
140 401 9 6 6473
103 320 4 3 61
86 459 8 3 43
489 382 8 4 711
185 52 8 5 1625
127 172 1 5 137
456 357 6 2 15
355 326 6 5 3441
9 219 3 1 4
160 508 1 7 11305
303 177 5 4 284
463 456 7 3 64
163 224 10 6 34096
233 28 2 3 17
142 354 3 2 11
269 336 9 1 10
258 44 10 1 8
341 396 4 2 9
436 81 6 9 5638987
232 130 7 5 1340
60 340 3 4 109
145 318 1 3 15
487 498 10 3 77
165 470 2 4 188
123 193 1 5 483
128 495 1 3 11
465 349 2 2 4
146 365 5 5 2939
425 335 10 4 512
425 197 8 1 6
9 241 1 6 3244
128 424 9 5 2807
140 125 10 2 25
143 503 8 3 84
109 200 2 3 15
100 10 9 3 72
358 496 1 4 78
42 454 4 5 597
463 107 7 1 11
239 177 10 3 87
511 267 4 4 215
498 163 9 3 191
281 392 8 6 12147
436 508 10 1 7
270 121 10 6 8046
289 495 10 4 534
327 260 5 5 823
288 510 5 1 7
13 86 2 2 9
484 104 5 3 36
76 320 6 5 792
34 270 1 6 2114
417 262 9 1 7
339 117 5 3 60
310 380 7 5 3855
112 259 6 7 47809
26 406 2 8 141678
255 223 4 5 1479
45 291 2 3 12
225 344 7 3 100
440 106 7 2 19
143 484 10 1 5
354 419 6 3 41
419 206 8 3 83
119 339 6 1 3
226 436 1 7 9853
439 497 10 4 358
194 26 2 4 94
100 262 7 4 408
77 56 7 6 18706
391 338 9 2 24
197 35 5 1 4
505 417 2 2 5
508 260 10 6 24527
134 480 1 3 19
209 492 3 6 7134
463 286 5 5 1292
121 55 7 3 38
94 58 8 2 28
174 474 2 3 11
131 54 7 4 543
164 145 1 6 3639
288 487 10 1 7
310 363 2 4 54
79 402 3 2 13
178 332 4 3 27
3 218 8 1 9
70 382 8 3 48
331 321 6 6 8257
357 509 7 1 6
187 274 2 3 44
179 105 1 5 268
292 415 5 3 73
153 385 5 4 301
98 383 3 10 133580826
250 191 4 3 82
80 417 2 6 5347
165 178 6 3 109
296 247 8 6 6442
66 366 7 1 8
185 205 7 1 11
39 301 10 5 2902
495 509 4 3 41
324 396 1 4 113
484 215 7 5 1205
461 40 7 3 51
468 365 10 1 4
421 91 9 4 405
478 225 10 3 61
259 305 5 4 159
64 82 4 4 219
357 475 3 3 51
89 270 2 4 67
296 90 2 5 341
428 311 7 8 1280682
473 126 3 7 17268
348 165 9 4 331
245 192 8 3 118
53 264 7 6 6107
252 453 2 6 4662
13 167 10 5 2190
245 367 8 4 376
65 488 6 2 20
178 501 8 3 127
55 321 1 5 350
217 504 3 3 18
280 176 3 6 4148
472 426 4 8 339893
260 434 2 7 47020
54 13 8 1 5
118 10 4 2 18
164 315 7 2 15
203 425 7 1 7
460 428 3 3 47
106 164 7 2 14
342 261 9 3 181
343 26 10 2 43
188 194 6 2 22
501 128 7 4 174
265 301 6 8 1336690
106 340 6 2 11
449 100 3 6 14030
25 280 1 8 198607
