6670 -8.470329472543003e-22 
8406 1.3552527156068805e-20 
3946 1.3552527156068805e-20 
3610 3.469446951953614e-18 
1410 2.168404344971009e-19 
9340 2.532057043746318e-08 
3989 1.3552527156068805e-20 
261 0.0 
5315 0.0 
880 -3.3881317890172014e-21 
2172 0.0 
7274 5.421010862427522e-20 
4560 1.3877787807814457e-17 
116 0.0 
1866 1.0652748180917226e-06 
8694 8.673617379884035e-19 
496 0.0 
2919 1.3552527156068805e-20 
4274 0.0 
6498 -1.3552527156068805e-20 
9907 3.3881317890172014e-21 
1629 0.0 
69 1.0842021724855044e-19 
9498 0.0 
8240 0.0 
8850 0.0 
969 5.421010862427522e-20 
5132 6.776263578034403e-21 
5119 1.4047925958747448e-05 
6109 5.421010862427522e-20 
7698 0.0 
5929 5.421010862427522e-20 
3187 6.776263578034403e-21 
3871 0.0 
6199 3.469446951953614e-18 
8440 0.0 
9537 0.0 
3855 8.470329472543003e-22 
9671 -1.0842021724855044e-19 
7469 0.0 
7057 0.0 
2588 0.0 
8223 1.3552527156068805e-20 
3469 -8.673617379884035e-19 
4793 0.0 
3155 0.0 
3495 2.710505431213761e-20 
1663 0.0 
7521 0.0 
5642 0.0 
7474 0.0 
7887 0.0 
896 1.6940658945086007e-21 
6954 0.0 
5918 0.0 
1215 0.0 
1203 1.3552527156068805e-20 
2390 6.938893903907228e-18 
7958 5.421010862427522e-20 
6272 0.0 
4529 5.161000773297452e-08 
6909 0.0 
9331 0.0 
1641 5.421010862427522e-20 
9052 8.470329472543003e-22 
7488 0.0 
6778 2.710505431213761e-20 
448 0.0 
7879 0.0 
3422 0.0 
1312 0.0 
2083 6.776263578034403e-21 
9806 5.109970303052486e-06 
4225 0.0 
4584 4.336808689942018e-19 
8901 8.673617379884035e-19 
3488 0.0 
2766 0.0 
9252 1.3877787807814457e-17 
2846 -1.3552527156068805e-20 
411 0.0 
2359 0.0 
9353 0.0 
4462 -6.776263578034403e-21 
7175 6.776263578034403e-21 
4924 0.0 
1617 0.0 
6761 0.0 
3471 0.0 
1914 4.202798429806524e-06 
4360 2.710505431213761e-20 
6684 0.0 
7510 5.421010862427522e-20 
4238 0.0 
8432 2.3487935301875012e-05 
9862 0.0 
5911 0.0 
1095 4.440892098500626e-16 
6932 0.0 
6717 2.168404344971009e-19 
6926 0.0 
2193 -3.3881317890172014e-21 
3673 -1.6940658945086007e-21 
2966 0.0 
9161 3.3881317890172014e-21 
209 0.0 
2144 5.421010862427522e-20 
8241 -8.470329472543003e-22 
9160 5.421010862427522e-20 
839 4.336808689942018e-19 
8127 0.0 
1544 -5.421010862427522e-20 
8707 6.098637220230962e-20 
5210 -4.336808689942018e-19 
6948 2.710505431213761e-20 
3313 9.465914512870659e-06 
2604 -8.470329472543003e-22 
3432 -5.421010862427522e-20 
2598 0.0 
842 2.168404344971009e-19 
5598 1.6940658945086007e-21 
243 0.0 
8322 0.0 
9758 0.0 
3853 1.3552527156068805e-20 
6344 -5.421010862427522e-20 
7370 6.776263578034403e-20 
725 0.0 
1243 0.0 
9166 0.0 
4736 0.0 
7160 -3.3881317890172014e-21 
7717 0.0 
7682 0.0 
9941 4.336808689942018e-19 
9894 3.3881317890172014e-21 
602 6.776263578034403e-21 
9971 4.336808689942018e-19 
1754 2.168404344971009e-19 
6324 0.0 
7185 -6.776263578034403e-21 
7630 0.0 
7242 0.0 
4759 -1.0842021724855044e-19 
4283 0.0 
9209 0.0 
9326 0.0 
9787 4.336808689942018e-19 
1868 -6.776263578034403e-21 
328 6.938893903907228e-18 
8055 0.0 
8833 6.776263578034403e-21 
5756 1.0842021724855044e-19 
954 1.3552527156068805e-20 
9029 0.0 
7360 -1.0842021724855044e-19 
5613 0.0 
189 0.0 
1382 6.436232331603965e-06 
7566 0.0 
