0 0 1 1 1
0 1 7 1 1
0 2 3 1 1
0 3 2 1 1
0 4 3 1 1
0 5 4 1 1
0 6 7 1 1
0 7 6 1 1
0 8 8 1 1
0 9 3 1 1
0 10 6 1 1
0 11 8 1 1
0 12 5 1 1
0 13 6 1 1
0 14 4 1 1
0 15 6 1 1
0 16 10 1 1
0 17 1 1 1
0 18 9 1 1
0 19 3 1 1
0 20 7 1 1
0 21 1 1 1
0 22 8 1 1
0 23 3 1 1
0 24 4 1 1
0 25 5 1 1
0 26 5 1 1
0 27 2 1 1
0 28 1 1 1
0 29 3 1 1
0 30 2 1 1
0 31 4 1 1
0 32 7 1 1
0 33 10 1 1
0 34 8 1 1
0 35 2 1 1
0 36 7 1 1
0 37 7 1 1
0 38 4 1 1
0 39 10 1 1
0 40 5 1 1
0 41 9 1 1
0 42 5 1 1
0 43 6 1 1
0 44 9 1 1
0 45 6 1 1
0 46 8 1 1
0 47 3 1 1
0 48 4 1 1
0 49 10 1 1
0 50 7 1 1
0 51 1 1 1
0 52 6 1 1
0 53 8 1 1
0 54 7 1 1
0 55 7 1 1
0 56 10 1 1
0 57 7 1 1
0 58 7 1 1
0 59 10 1 1
0 60 4 1 1
0 61 5 1 1
0 62 8 1 1
0 63 2 1 1
1 0 8 1 1
1 1 4 1 1
1 2 8 1 1
1 3 4 1 1
1 4 8 1 1
1 5 3 1 1
1 6 3 1 1
1 7 4 1 1
1 8 2 1 1
1 9 6 1 1
1 10 9 1 1
1 11 6 1 1
1 12 10 1 1
1 13 6 1 1
1 14 4 1 1
1 15 6 1 1
1 16 5 1 1
1 17 3 1 1
1 18 9 1 1
1 19 4 1 1
1 20 3 1 1
1 21 6 1 1
1 22 2 1 1
1 23 3 1 1
1 24 1 1 1
1 25 9 1 1
1 26 6 1 1
1 27 6 1 1
1 28 9 1 1
1 29 5 1 1
1 30 9 1 1
1 31 1 1 1
1 32 1 1 1
1 33 6 1 1
1 34 8 1 1
1 35 3 1 1
1 36 4 1 1
1 37 5 1 1
1 38 4 1 1
1 39 8 1 1
1 40 3 1 1
1 41 4 1 1
1 42 2 1 1
1 43 6 1 1
1 44 4 1 1
1 45 1 1 1
1 46 8 1 1
1 47 2 1 1
1 48 4 1 1
1 49 9 1 1
1 50 8 1 1
1 51 2 1 1
1 52 4 1 1
1 53 7 1 1
1 54 10 1 1
1 55 5 1 1
1 56 3 1 1
1 57 10 1 1
1 58 9 1 1
1 59 7 1 1
1 60 2 1 1
1 61 2 1 1
1 62 10 1 1
1 63 4 1 1
2 0 8 1 1
2 1 10 1 1
2 2 8 1 1
2 3 4 1 1
2 4 10 1 1
2 5 6 1 1
2 6 6 1 1
2 7 6 1 1
2 8 4 1 1
2 9 7 1 1
2 10 5 1 1
2 11 5 1 1
2 12 4 1 1
2 13 2 1 1
2 14 10 1 1
2 15 7 1 1
2 16 4 1 1
2 17 7 1 1
2 18 7 1 1
2 19 2 1 1
2 20 9 1 1
2 21 10 1 1
2 22 3 1 1
2 23 10 1 1
2 24 7 1 1
2 25 8 1 1
2 26 9 1 1
2 27 4 1 1
2 28 1 1 1
2 29 2 1 1
2 30 9 1 1
2 31 2 1 1
2 32 10 1 1
2 33 6 1 1
2 34 4 1 1
2 35 4 1 1
2 36 2 1 1
2 37 9 1 1
2 38 6 1 1
2 39 10 1 1
2 40 7 1 1
2 41 5 1 1
2 42 8 1 1
2 43 7 1 1
2 44 4 1 1
2 45 6 1 1
2 46 10 1 1
2 47 6 1 1
2 48 5 1 1
2 49 10 1 1
2 50 4 1 1
2 51 4 1 1
2 52 10 1 1
2 53 3 1 1
2 54 2 1 1
2 55 5 1 1
2 56 2 1 1
2 57 3 1 1
2 58 4 1 1
2 59 4 1 1
2 60 8 1 1
2 61 9 1 1
2 62 2 1 1
2 63 3 1 1
3 0 3 1 1
3 1 8 1 1
3 2 3 1 1
3 3 1 1 1
3 4 8 1 1
3 5 1 1 1
3 6 8 1 1
3 7 8 1 1
3 8 3 1 1
3 9 10 1 1
3 10 10 1 1
3 11 5 1 1
3 12 3 1 1
3 13 2 1 1
3 14 5 1 1
3 15 8 1 1
3 16 10 1 1
3 17 4 1 1
3 18 2 1 1
3 19 5 1 1
3 20 3 1 1
3 21 2 1 1
3 22 6 1 1
3 23 8 1 1
3 24 8 1 1
3 25 9 1 1
3 26 4 1 1
3 27 6 1 1
3 28 3 1 1
3 29 7 1 1
3 30 4 1 1
3 31 1 1 1
3 32 8 1 1
3 33 9 1 1
3 34 1 1 1
3 35 3 1 1
3 36 3 1 1
3 37 7 1 1
3 38 2 1 1
3 39 7 1 1
3 40 2 1 1
3 41 5 1 1
3 42 6 1 1
3 43 2 1 1
3 44 9 1 1
3 45 9 1 1
3 46 5 1 1
3 47 7 1 1
3 48 4 1 1
3 49 10 1 1
3 50 2 1 1
3 51 8 1 1
3 52 3 1 1
3 53 2 1 1
3 54 3 1 1
3 55 6 1 1
3 56 3 1 1
3 57 8 1 1
3 58 1 1 1
3 59 8 1 1
3 60 1 1 1
3 61 8 1 1
3 62 7 1 1
3 63 7 1 1
4 0 7 1 1
4 1 9 1 1
4 2 7 1 1
4 3 2 1 1
4 4 9 1 1
4 5 1 1 1
4 6 4 1 1
4 7 8 1 1
4 8 3 1 1
4 9 2 1 1
4 10 6 1 1
4 11 3 1 1
4 12 10 1 1
4 13 7 1 1
4 14 5 1 1
4 15 7 1 1
4 16 7 1 1
4 17 7 1 3
4 18 8 1 1
4 19 3 1 1
4 20 6 1 1
4 21 6 1 1
4 22 10 1 1
4 23 1 1 1
4 24 4 1 1
4 25 2 1 1
4 26 6 1 1
4 27 8 1 1
4 28 6 1 1
4 29 1 1 1
4 30 8 1 1
4 31 1 1 1
4 32 7 1 1
4 33 8 1 1
4 34 3 1 1
4 35 6 1 1
4 36 1 1 1
4 37 1 1 1
4 38 10 1 1
4 39 4 1 1
4 40 10 1 1
4 41 5 1 1
4 42 5 1 1
4 43 1 1 1
4 44 4 1 1
4 45 1 1 1
4 46 2 1 1
4 47 10 1 1
4 48 6 1 1
4 49 6 1 1
4 50 1 1 1
4 51 9 1 1
4 52 6 1 1
4 53 8 1 1
4 54 7 1 1
4 55 1 1 1
4 56 5 1 1
4 57 2 1 1
4 58 9 1 1
4 59 1 1 1
4 60 2 1 1
4 61 6 1 1
4 62 1 1 1
4 63 7 1 1
5 0 5 1 1
5 1 3 1 1
5 2 5 1 1
5 3 2 1 1
5 4 4 1 1
5 5 7 1 1
5 6 3 1 1
5 7 10 1 1
5 8 4 1 1
5 9 10 1 1
5 10 7 1 1
5 11 1 1 1
5 12 4 1 1
5 13 5 1 1
5 14 1 1 1
5 15 3 1 1
5 16 10 1 1
5 17 6 1 1
5 18 2 1 1
5 19 8 1 1
5 20 4 1 1
5 21 7 1 1
5 22 3 1 1
5 23 1 1 1
5 24 2 1 1
5 25 2 1 1
5 26 9 1 1
5 27 2 1 1
5 28 6 1 1
5 29 4 1 1
5 30 8 1 1
5 31 9 1 1
5 32 7 1 1
5 33 9 1 1
5 34 5 1 1
5 35 1 1 1
5 36 1 1 1
5 37 9 1 1
5 38 6 1 1
5 39 4 1 1
5 40 1 1 1
5 41 3 1 1
5 42 9 1 1
5 43 1 1 1
5 44 2 1 1
5 45 3 1 1
5 46 4 1 1
5 47 2 1 1
5 48 4 1 1
5 49 8 1 1
5 50 8 1 1
5 51 6 1 1
5 52 9 1 1
5 53 3 1 1
5 54 4 1 1
5 55 3 1 1
5 56 2 1 1
5 57 8 1 1
5 58 5 1 1
5 59 6 1 1
5 60 2 1 1
5 61 9 1 1
5 62 9 1 1
5 63 5 1 1
6 0 4 1 1
6 1 1 1 1
6 2 5 1 1
6 3 10 1 1
6 4 4 1 1
6 5 3 1 1
6 6 10 1 1
6 7 10 1 1
6 8 9 1 1
6 9 3 1 1
6 10 5 1 1
6 11 3 1 1
6 12 8 1 1
6 13 2 1 1
6 14 1 1 1
6 15 1 1 1
6 16 1 1 1
6 17 8 1 1
6 18 8 1 1
6 19 3 1 1
6 20 9 1 1
6 21 8 1 1
6 22 6 1 1
6 23 9 1 1
6 24 3 1 1
6 25 9 1 1
6 26 4 1 1
6 27 6 1 1
6 28 6 1 1
6 29 10 1 1
6 30 4 1 1
6 31 4 1 1
6 32 10 1 1
6 33 3 1 1
6 34 9 1 1
6 35 1 1 1
6 36 1 1 1
6 37 2 1 1
6 38 10 1 1
6 39 2 1 1
6 40 10 1 1
6 41 6 1 1
6 42 7 1 1
6 43 3 1 1
6 44 8 1 1
6 45 10 1 1
6 46 9 1 1
6 47 7 1 1
6 48 5 1 1
6 49 1 1 1
6 50 1 1 1
6 51 10 1 1
6 52 8 1 1
6 53 3 1 1
6 54 9 1 1
6 55 1 1 1
6 56 1 1 1
6 57 8 1 1
6 58 5 1 1
6 59 5 1 1
6 60 2 1 1
6 61 3 1 1
6 62 5 1 1
6 63 8 1 1
7 0 4 1 1
7 1 4 1 1
7 2 1 1 1
7 3 7 1 1
7 4 7 1 1
7 5 8 1 1
7 6 4 1 1
7 7 6 1 1
7 8 6 1 1
7 9 8 1 1
7 10 4 1 1
7 11 2 1 1
7 12 7 1 1
7 13 3 1 1
7 14 5 1 1
7 15 6 1 1
7 16 5 1 1
7 17 7 1 1
7 18 2 1 1
7 19 1 1 1
7 20 7 1 1
7 21 6 1 1
7 22 10 1 1
7 23 4 1 1
7 24 2 1 1
7 25 7 1 1
7 26 6 1 1
7 27 7 1 1
7 28 6 1 1
7 29 7 1 1
7 30 7 1 1
7 31 5 1 1
7 32 4 1 1
7 33 10 1 1
7 34 2 1 1
7 35 7 1 1
7 36 9 1 1
7 37 8 1 1
7 38 5 1 1
7 39 3 1 1
7 40 2 1 1
7 41 3 1 1
7 42 1 1 1
7 43 10 1 1
7 44 1 1 1
7 45 1 1 1
7 46 7 1 1
7 47 8 1 1
7 48 4 1 1
7 49 10 1 1
7 50 10 1 1
7 51 10 1 1
7 52 3 1 1
7 53 4 1 1
7 54 5 1 1
7 55 3 1 1
7 56 6 1 1
7 57 10 1 1
7 58 1 1 1
7 59 1 1 1
7 60 2 1 1
7 61 6 1 1
7 62 6 1 1
7 63 2 1 1
8 0 9 1 1
8 1 5 1 1
8 2 1 1 1
8 3 5 1 1
8 4 10 1 1
8 5 2 1 1
8 6 4 1 1
8 7 8 1 1
8 8 9 1 1
8 9 5 1 1
8 10 1 1 1
8 11 8 1 1
8 12 1 1 1
8 13 2 1 1
8 14 8 1 1
8 15 1 1 1
8 16 8 1 1
8 17 5 1 1
8 18 3 1 1
8 19 1 1 1
8 20 7 1 1
8 21 2 1 1
8 22 1 1 1
8 23 1 1 1
8 24 1 1 1
8 25 7 1 1
8 26 10 1 1
8 27 3 1 1
8 28 9 1 1
8 29 10 1 1
8 30 9 1 1
8 31 9 1 1
8 32 6 1 1
8 33 8 1 1
8 34 7 1 1
8 35 1 1 1
8 36 3 1 1
8 37 9 1 1
8 38 3 1 1
8 39 7 1 1
8 40 4 1 1
8 41 10 1 1
8 42 7 1 1
8 43 2 1 1
8 44 9 1 1
8 45 6 1 1
8 46 5 1 1
8 47 4 1 1
8 48 6 1 1
8 49 1 1 1
8 50 6 1 1
8 51 6 1 1
8 52 5 1 1
8 53 3 1 1
8 54 7 1 1
8 55 8 1 1
8 56 6 1 1
8 57 9 1 1
8 58 3 1 1
8 59 1 1 1
8 60 2 1 1
8 61 2 1 1
8 62 2 1 1
8 63 2 1 1
9 0 5 1 1
9 1 10 1 1
9 2 3 1 1
9 3 6 1 1
9 4 7 1 1
9 5 7 1 1
9 6 3 1 1
9 7 3 1 1
9 8 7 1 1
9 9 10 1 1
9 10 4 1 1
9 11 5 1 1
9 12 8 1 1
9 13 5 1 1
9 14 6 1 1
9 15 8 1 1
9 16 5 1 1
9 17 9 1 1
9 18 10 1 1
9 19 10 1 1
9 20 4 1 1
9 21 3 1 1
9 22 10 1 1
9 23 4 1 1
9 24 10 1 1
9 25 3 1 1
9 26 10 1 1
9 27 5 1 1
9 28 4 1 1
9 29 2 1 1
9 30 4 1 1
9 31 3 1 1
9 32 1 1 1
9 33 5 1 1
9 34 3 1 1
9 35 8 1 1
9 36 10 1 1
9 37 2 1 1
9 38 7 1 1
9 39 10 1 1
9 40 3 1 1
9 41 1 1 1
9 42 7 1 1
9 43 2 1 1
9 44 2 1 1
9 45 5 1 1
9 46 2 1 1
9 47 9 1 1
9 48 1 1 1
9 49 3 1 1
9 50 3 1 1
9 51 10 1 1
9 52 3 1 1
9 53 8 1 1
9 54 3 1 1
9 55 6 1 1
9 56 4 1 1
9 57 9 1 1
9 58 9 1 1
9 59 10 1 1
9 60 6 1 1
9 61 6 1 1
9 62 6 1 1
9 63 1 1 1
10 0 1 1 1
10 1 3 1 1
10 2 1 1 1
10 3 9 1 1
10 4 8 1 1
10 5 2 1 1
10 6 10 1 1
10 7 3 1 1
10 8 9 1 1
10 9 5 1 1
10 10 5 1 1
10 11 9 1 1
10 12 4 1 1
10 13 6 1 1
10 14 5 1 1
10 15 10 1 1
10 16 4 1 1
10 17 8 1 1
10 18 8 1 1
10 19 4 1 1
10 20 5 1 1
10 21 4 1 1
10 22 4 1 1
10 23 7 1 1
10 24 5 1 1
10 25 2 1 1
10 26 3 1 1
10 27 10 1 1
10 28 9 1 1
10 29 2 1 1
10 30 6 1 1
10 31 5 1 1
10 32 10 1 1
10 33 3 1 1
10 34 1 1 1
10 35 8 1 1
10 36 2 1 1
10 37 3 1 1
10 38 5 1 1
10 39 7 1 1
10 40 10 1 1
10 41 2 1 1
10 42 3 1 1
10 43 3 1 1
10 44 4 1 1
10 45 6 1 1
10 46 4 1 1
10 47 7 1 1
10 48 7 1 1
10 49 7 1 1
10 50 3 1 1
10 51 6 1 1
10 52 4 1 1
10 53 8 1 1
10 54 5 1 1
10 55 9 1 1
10 56 1 1 1
10 57 5 1 1
10 58 10 1 1
10 59 10 1 1
10 60 2 1 1
10 61 8 1 1
10 62 1 1 1
10 63 1 1 1
11 0 6 1 1
11 1 9 1 1
11 2 3 1 1
11 3 2 1 1
11 4 9 1 1
11 5 3 1 1
11 6 3 1 1
11 7 4 1 1
11 8 2 1 1
11 9 7 1 1
11 10 2 1 1
11 11 5 1 1
11 12 4 1 1
11 13 5 1 1
11 14 4 1 1
11 15 10 1 1
11 16 2 1 1
11 17 10 1 1
11 18 7 1 1
11 19 4 1 1
11 20 3 1 1
11 21 6 1 1
11 22 4 1 1
11 23 2 1 1
11 24 4 1 1
11 25 3 1 1
11 26 3 1 1
11 27 4 1 1
11 28 4 1 1
11 29 1 1 1
11 30 8 1 1
11 31 4 1 1
11 32 8 1 1
11 33 10 1 1
11 34 9 1 1
11 35 5 1 1
11 36 7 1 1
11 37 2 1 1
11 38 2 1 1
11 39 3 1 1
11 40 10 1 1
11 41 1 1 1
11 42 9 1 1
11 43 2 1 1
11 44 2 1 1
11 45 6 1 1
11 46 9 1 1
11 47 1 1 1
11 48 7 1 1
11 49 10 1 1
11 50 1 1 1
11 51 1 1 1
11 52 7 1 1
11 53 8 1 1
11 54 9 1 1
11 55 3 1 1
11 56 9 1 1
11 57 3 1 1
11 58 4 1 1
11 59 7 1 1
11 60 3 1 1
11 61 1 1 1
11 62 2 1 1
11 63 4 1 1
12 0 10 1 1
12 1 10 1 1
12 2 6 1 1
12 3 7 1 1
12 4 5 1 1
12 5 7 1 1
12 6 6 1 1
12 7 1 1 1
12 8 5 1 1
12 9 9 1 1
12 10 4 1 1
12 11 8 1 1
12 12 8 1 1
12 13 1 1 1
12 14 1 1 1
12 15 4 1 1
12 16 3 1 1
12 17 7 1 1
12 18 3 1 1
12 19 6 1 1
12 20 4 1 1
12 21 8 1 1
12 22 9 1 1
12 23 2 1 1
12 24 10 1 1
12 25 1 1 1
12 26 9 1 1
12 27 3 1 1
12 28 2 1 1
12 29 9 1 1
12 30 5 1 1
12 31 5 1 1
12 32 2 1 1
12 33 4 1 1
12 34 7 1 1
12 35 8 1 1
12 36 2 1 1
12 37 10 1 1
12 38 9 1 1
12 39 6 1 1
12 40 9 1 1
12 41 6 1 1
12 42 5 1 1
12 43 4 1 1
12 44 3 1 1
12 45 7 1 1
12 46 10 1 1
12 47 9 1 1
12 48 8 1 1
12 49 7 1 1
12 50 5 1 1
12 51 9 1 1
12 52 7 1 1
12 53 8 1 1
12 54 4 1 1
12 55 10 1 1
12 56 6 1 1
12 57 8 1 1
12 58 1 1 1
12 59 3 1 1
12 60 5 1 1
12 61 6 1 1
12 62 10 1 1
12 63 7 1 1
13 0 3 1 1
13 1 5 1 1
13 2 8 1 1
13 3 10 1 1
13 4 1 1 1
13 5 9 1 1
13 6 8 1 1
13 7 6 1 1
13 8 2 1 1
13 9 3 1 1
13 10 8 1 1
13 11 5 1 1
13 12 2 1 1
13 13 9 1 1
13 14 7 1 1
13 15 7 1 1
13 16 1 1 1
13 17 3 1 1
13 18 4 1 1
13 19 9 1 1
13 20 4 1 1
13 21 4 1 1
13 22 10 1 1
13 23 2 1 1
13 24 5 1 1
13 25 7 1 1
13 26 9 1 1
13 27 1 1 1
13 28 6 1 1
13 29 9 1 1
13 30 10 1 1
13 31 8 1 1
13 32 9 1 1
13 33 10 1 1
13 34 5 1 1
13 35 9 1 1
13 36 10 1 1
13 37 8 1 1
13 38 7 1 1
13 39 1 1 1
13 40 2 1 1
13 41 1 1 1
13 42 4 1 1
13 43 6 1 1
13 44 8 1 1
13 45 9 1 1
13 46 1 1 1
13 47 6 1 1
13 48 2 1 1
13 49 10 1 1
13 50 1 1 1
13 51 10 1 1
13 52 8 1 1
13 53 7 1 1
13 54 9 1 1
13 55 7 1 1
13 56 5 1 1
13 57 5 1 1
13 58 2 1 1
13 59 2 1 1
13 60 5 1 1
13 61 2 1 1
13 62 10 1 1
13 63 3 1 1
14 0 4 1 1
14 1 1 1 1
14 2 10 1 1
14 3 5 1 1
14 4 1 1 1
14 5 1 1 1
14 6 2 1 1
14 7 10 1 1
14 8 9 1 1
14 9 7 1 1
14 10 3 1 1
14 11 2 1 1
14 12 5 1 1
14 13 4 1 1
14 14 10 1 1
14 15 8 1 1
14 16 6 1 1
14 17 8 1 1
14 18 6 1 1
14 19 1 1 1
14 20 5 1 1
14 21 1 1 1
14 22 4 1 1
14 23 10 1 1
14 24 8 1 1
14 25 6 1 1
14 26 5 1 1
14 27 8 1 1
14 28 5 1 1
14 29 9 1 1
14 30 8 1 1
14 31 7 1 1
14 32 1 1 1
14 33 1 1 1
14 34 10 1 1
14 35 9 1 1
14 36 10 1 1
14 37 5 1 1
14 38 6 1 1
14 39 1 1 1
14 40 8 1 1
14 41 10 1 1
14 42 4 1 1
14 43 6 1 1
14 44 4 1 1
14 45 8 1 1
14 46 6 1 1
14 47 6 1 1
14 48 3 1 1
14 49 3 1 1
14 50 6 1 1
14 51 9 1 1
14 52 2 1 1
14 53 10 1 1
14 54 7 1 1
14 55 5 1 1
14 56 10 1 1
14 57 1 1 1
14 58 2 1 1
14 59 3 1 1
14 60 1 1 1
14 61 4 1 1
14 62 9 1 1
14 63 2 1 1
15 0 5 1 1
15 1 1 1 1
15 2 9 1 1
15 3 2 1 1
15 4 1 1 1
15 5 5 1 1
15 6 6 1 1
15 7 8 1 1
15 8 6 1 1
15 9 3 1 1
15 10 7 1 1
15 11 9 1 1
15 12 1 1 1
15 13 1 1 1
15 14 3 1 1
15 15 5 1 1
15 16 7 1 1
15 17 6 1 1
15 18 9 1 1
15 19 10 1 1
15 20 5 1 1
15 21 6 1 1
15 22 2 1 1
15 23 10 1 1
15 24 8 1 1
15 25 2 1 1
15 26 1 1 1
15 27 1 1 1
15 28 10 1 1
15 29 2 1 1
15 30 8 1 1
15 31 4 1 1
15 32 7 1 1
15 33 1 1 1
15 34 8 1 1
15 35 1 1 1
15 36 5 1 1
15 37 9 1 1
15 38 6 1 1
15 39 8 1 1
15 40 3 1 1
15 41 4 1 1
15 42 2 1 1
15 43 10 1 1
15 44 4 1 1
15 45 10 1 1
15 46 7 1 1
15 47 2 1 1
15 48 9 1 1
15 49 5 1 1
15 50 3 1 1
15 51 5 1 1
15 52 3 1 1
15 53 7 1 1
15 54 1 1 1
15 55 6 1 1
15 56 9 1 1
15 57 8 1 1
15 58 8 1 1
15 59 9 1 1
15 60 2 1 1
15 61 6 1 1
15 62 7 1 1
15 63 10 1 1
16 0 10 1 1
16 1 7 1 1
16 2 4 1 1
16 3 3 1 1
16 4 10 1 1
16 5 2 1 1
16 6 2 1 1
16 7 4 1 1
16 8 9 1 1
16 9 1 1 1
16 10 4 1 1
16 11 2 1 1
16 12 5 1 1
16 13 8 1 1
16 14 8 1 1
16 15 6 1 1
16 16 2 1 1
16 17 7 1 1
16 18 4 1 1
16 19 7 1 1
16 20 5 1 1
16 21 4 1 1
16 22 4 1 1
16 23 1 1 1
16 24 7 1 1
16 25 8 1 1
16 26 2 1 1
16 27 3 1 1
16 28 6 1 1
16 29 7 1 1
16 30 10 1 1
16 31 3 1 1
16 32 3 1 1
16 33 5 1 1
16 34 4 1 1
16 35 3 1 1
16 36 6 1 1
16 37 7 1 1
16 38 6 1 1
16 39 6 1 1
16 40 6 1 1
16 41 3 1 1
16 42 8 1 1
16 43 7 1 1
16 44 10 1 1
16 45 9 1 1
16 46 4 1 1
16 47 3 1 1
16 48 2 1 1
16 49 1 1 1
16 50 3 1 1
16 51 3 1 1
16 52 3 1 1
16 53 3 1 1
16 54 5 1 1
16 55 3 1 1
16 56 4 1 1
16 57 2 1 1
16 58 8 1 1
16 59 4 1 1
16 60 9 1 1
16 61 4 1 1
16 62 6 1 1
16 63 10 1 1
17 0 6 1 1
17 1 5 1 1
17 2 9 1 1
17 3 4 1 1
17 4 4 1 1
17 5 8 1 1
17 6 8 1 1
17 7 8 1 1
17 8 8 1 1
17 9 1 1 1
17 10 5 1 1
17 11 8 1 1
17 12 4 1 1
17 13 1 1 1
17 14 2 1 1
17 15 10 1 1
17 16 6 1 1
17 17 5 1 1
17 18 8 1 1
17 19 8 1 1
17 20 1 1 1
17 21 3 1 1
17 22 1 1 1
17 23 1 1 1
17 24 9 1 1
17 25 1 1 1
17 26 10 1 1
17 27 10 1 1
17 28 9 1 1
17 29 9 1 1
17 30 8 1 1
17 31 10 1 1
17 32 10 1 1
17 33 1 1 1
17 34 8 1 1
17 35 8 1 1
17 36 2 1 1
17 37 9 1 1
17 38 4 1 1
17 39 6 1 1
17 40 8 1 1
17 41 4 1 1
17 42 4 1 1
17 43 7 1 1
17 44 2 1 1
17 45 5 1 1
17 46 6 1 1
17 47 2 1 1
17 48 1 1 1
17 49 3 1 1
17 50 7 1 1
17 51 2 1 1
17 52 9 1 1
17 53 7 1 1
17 54 4 1 1
17 55 8 1 1
17 56 10 1 1
17 57 4 1 1
17 58 8 1 1
17 59 8 1 1
17 60 7 1 1
17 61 10 1 1
17 62 7 1 1
17 63 5 1 1
18 0 5 1 1
18 1 5 1 1
18 2 1 1 1
18 3 4 1 1
18 4 4 1 1
18 5 1 1 1
18 6 4 1 1
18 7 2 1 1
18 8 6 1 1
18 9 3 1 1
18 10 6 1 1
18 11 3 1 1
18 12 1 1 1
18 13 5 1 1
18 14 3 1 1
18 15 7 1 1
18 16 2 1 1
18 17 2 1 1
18 18 10 1 1
18 19 7 1 1
18 20 6 1 1
18 21 2 1 1
18 22 1 1 1
18 23 2 1 1
18 24 8 1 1
18 25 2 1 1
18 26 9 1 1
18 27 10 1 1
18 28 8 1 1
18 29 3 1 1
18 30 5 1 1
18 31 3 1 1
18 32 4 1 1
18 33 1 1 1
18 34 1 1 1
18 35 10 1 1
18 36 7 1 1
18 37 4 1 1
18 38 1 1 1
18 39 9 1 1
18 40 6 1 1
18 41 2 1 1
18 42 4 1 1
18 43 3 1 1
18 44 2 1 1
18 45 3 1 1
18 46 9 1 1
18 47 3 1 1
18 48 9 1 1
18 49 4 1 1
18 50 2 1 1
18 51 7 1 1
18 52 3 1 1
18 53 6 1 1
18 54 8 1 1
18 55 1 1 1
18 56 10 1 1
18 57 1 1 1
18 58 3 1 1
18 59 10 1 1
18 60 5 1 1
18 61 8 1 1
18 62 8 1 1
18 63 2 1 1
19 0 2 1 1
19 1 9 1 1
19 2 4 1 1
19 3 6 1 1
19 4 7 1 1
19 5 10 1 1
19 6 5 1 1
19 7 5 1 1
19 8 7 1 1
19 9 3 1 1
19 10 3 1 1
19 11 1 1 1
19 12 5 1 1
19 13 8 1 1
19 14 2 1 1
19 15 1 1 1
19 16 3 1 1
19 17 8 1 1
19 18 4 1 1
19 19 10 1 1
19 20 1 1 1
19 21 7 1 1
19 22 2 1 1
19 23 8 1 1
19 24 9 1 1
19 25 5 1 1
19 26 4 1 1
19 27 4 1 1
19 28 1 1 1
19 29 2 1 1
19 30 9 1 1
19 31 9 1 1
19 32 9 1 1
19 33 7 1 1
19 34 4 1 1
19 35 9 1 1
19 36 10 1 1
19 37 5 1 1
19 38 6 1 1
19 39 8 1 1
19 40 10 1 1
19 41 2 1 1
19 42 4 1 1
19 43 5 1 1
19 44 2 1 1
19 45 10 1 1
19 46 8 1 1
19 47 3 1 1
19 48 1 1 1
19 49 9 1 1
19 50 2 1 1
19 51 2 1 1
19 52 9 1 1
19 53 3 1 1
19 54 3 1 1
19 55 8 1 1
19 56 2 1 1
19 57 9 1 1
19 58 4 1 1
19 59 9 1 1
19 60 8 1 1
19 61 9 1 1
19 62 5 1 1
19 63 2 1 1
20 0 4 1 1
20 1 8 1 1
20 2 4 1 1
20 3 3 1 1
20 4 3 1 1
20 5 8 1 1
20 6 1 1 1
20 7 3 1 1
20 8 2 1 1
20 9 9 1 1
20 10 2 1 1
20 11 3 1 1
20 12 2 1 1
20 13 8 1 1
20 14 3 1 1
20 15 9 1 1
20 16 7 1 1
20 17 4 1 1
20 18 9 1 1
20 19 5 1 1
20 20 10 1 1
20 21 9 1 1
20 22 5 1 1
20 23 2 1 1
20 24 3 1 1
20 25 6 1 1
20 26 10 1 1
20 27 9 1 1
20 28 10 1 1
20 29 3 1 1
20 30 5 1 1
20 31 5 1 1
20 32 9 1 1
20 33 7 1 1
20 34 9 1 1
20 35 5 1 1
20 36 4 1 1
20 37 6 1 1
20 38 10 1 1
20 39 2 1 1
20 40 8 1 1
20 41 6 1 1
20 42 2 1 1
20 43 6 1 1
20 44 3 1 1
20 45 3 1 1
20 46 7 1 1
20 47 8 1 1
20 48 5 1 1
20 49 4 1 1
20 50 8 1 1
20 51 2 1 1
20 52 10 1 1
20 53 10 1 1
20 54 4 1 1
20 55 6 1 1
20 56 9 1 1
20 57 1 1 1
20 58 2 1 1
20 59 10 1 1
20 60 1 1 1
20 61 2 1 1
20 62 6 1 1
20 63 6 1 1
21 0 2 1 1
21 1 5 1 1
21 2 10 1 1
21 3 3 1 1
21 4 8 1 1
21 5 8 1 1
21 6 7 1 1
21 7 8 1 1
21 8 7 1 1
21 9 7 1 1
21 10 8 1 1
21 11 10 1 1
21 12 5 1 1
21 13 9 1 1
21 14 7 1 1
21 15 1 1 1
21 16 5 1 1
21 17 4 1 1
21 18 3 1 1
21 19 4 1 1
21 20 9 1 1
21 21 2 1 1
21 22 2 1 1
21 23 9 1 1
21 24 2 1 1
21 25 8 1 1
21 26 7 1 1
21 27 5 1 1
21 28 10 1 1
21 29 3 1 1
21 30 5 1 1
21 31 9 1 1
21 32 2 1 1
21 33 10 1 1
21 34 8 1 1
21 35 5 1 1
21 36 2 1 1
21 37 9 1 1
21 38 3 1 1
21 39 8 1 1
21 40 3 1 1
21 41 4 1 1
21 42 10 1 1
21 43 3 1 1
21 44 3 1 1
21 45 5 1 1
21 46 4 1 1
21 47 9 1 1
21 48 10 1 1
21 49 9 1 1
21 50 2 1 1
21 51 7 1 1
21 52 2 1 1
21 53 4 1 1
21 54 7 1 1
21 55 9 1 1
21 56 10 1 1
21 57 8 1 1
21 58 10 1 1
21 59 10 1 1
21 60 6 1 1
21 61 1 1 1
21 62 8 1 1
21 63 7 1 1
22 0 1 1 1
22 1 4 1 1
22 2 7 1 1
22 3 4 1 1
22 4 1 1 1
22 5 3 1 1
22 6 5 1 1
22 7 8 1 1
22 8 6 1 1
22 9 2 1 1
22 10 6 1 1
22 11 6 1 1
22 12 10 1 1
22 13 2 1 1
22 14 9 1 1
22 15 6 1 1
22 16 4 1 1
22 17 10 1 1
22 18 4 1 1
22 19 5 1 1
22 20 9 1 1
22 21 7 1 1
22 22 10 1 1
22 23 3 1 1
22 24 3 1 1
22 25 10 1 1
22 26 4 1 1
22 27 6 1 1
22 28 5 1 1
22 29 1 1 1
22 30 8 1 1
22 31 1 1 1
22 32 6 1 1
22 33 6 1 1
22 34 10 1 1
22 35 2 1 1
22 36 1 1 1
22 37 9 1 1
22 38 9 1 1
22 39 1 1 1
22 40 5 1 1
22 41 10 1 1
22 42 5 1 1
22 43 6 1 1
22 44 3 1 1
22 45 5 1 1
22 46 5 1 1
22 47 2 1 1
22 48 5 1 1
22 49 10 1 1
22 50 10 1 1
22 51 9 1 1
22 52 5 1 1
22 53 8 1 1
22 54 10 1 1
22 55 2 1 1
22 56 9 1 1
22 57 1 1 1
22 58 10 1 1
22 59 5 1 1
22 60 10 1 1
22 61 7 1 1
22 62 5 1 1
22 63 10 1 1
23 0 6 1 1
23 1 5 1 1
23 2 5 1 1
23 3 3 1 1
23 4 6 1 1
23 5 2 1 1
23 6 5 1 1
23 7 8 1 1
23 8 7 1 1
23 9 10 1 1
23 10 7 1 1
23 11 8 1 1
23 12 10 1 1
23 13 4 1 1
23 14 1 1 1
23 15 4 1 1
23 16 9 1 1
23 17 1 1 1
23 18 3 1 1
23 19 3 1 1
23 20 6 1 1
23 21 10 1 1
23 22 4 1 1
23 23 1 1 1
23 24 4 1 1
23 25 2 1 1
23 26 1 1 1
23 27 1 1 1
23 28 1 1 1
23 29 9 1 1
23 30 5 1 1
23 31 10 1 1
23 32 7 1 1
23 33 2 1 1
23 34 3 1 1
23 35 9 1 1
23 36 10 1 1
23 37 9 1 1
23 38 7 1 1
23 39 10 1 1
23 40 6 1 1
23 41 2 1 1
23 42 2 1 1
23 43 7 1 1
23 44 8 1 1
23 45 8 1 1
23 46 6 1 1
23 47 2 1 1
23 48 1 1 1
23 49 2 1 1
23 50 9 1 1
23 51 5 1 1
23 52 7 1 1
23 53 7 1 1
23 54 4 1 1
23 55 3 1 1
23 56 9 1 1
23 57 6 1 1
23 58 8 1 1
23 59 3 1 1
23 60 7 1 1
23 61 10 1 1
23 62 8 1 1
23 63 6 1 1
24 0 1 1 1
24 1 3 1 1
24 2 4 1 1
24 3 2 1 1
24 4 6 1 1
24 5 7 1 1
24 6 3 1 1
24 7 9 1 1
24 8 5 1 1
24 9 3 1 1
24 10 1 1 1
24 11 6 1 1
24 12 7 1 1
24 13 5 1 1
24 14 6 1 1
24 15 6 1 1
24 16 5 1 1
24 17 10 1 1
24 18 4 1 1
24 19 5 1 1
24 20 3 1 1
24 21 9 1 1
24 22 4 1 1
24 23 5 1 1
24 24 7 1 1
24 25 10 1 1
24 26 2 1 1
24 27 5 1 1
24 28 2 1 1
24 29 9 1 1
24 30 6 1 1
24 31 9 1 1
24 32 2 1 1
24 33 7 1 1
24 34 6 1 1
24 35 6 1 1
24 36 8 1 1
24 37 6 1 1
24 38 9 1 1
24 39 3 1 1
24 40 5 1 1
24 41 7 1 1
24 42 8 1 1
24 43 8 1 1
24 44 7 1 1
24 45 2 1 1
24 46 10 1 1
24 47 9 1 1
24 48 9 1 1
24 49 1 1 1
24 50 2 1 1
24 51 10 1 1
24 52 7 1 1
24 53 3 1 1
24 54 5 1 1
24 55 6 1 1
24 56 8 1 1
24 57 10 1 1
24 58 6 1 1
24 59 10 1 1
24 60 4 1 1
24 61 4 1 1
24 62 3 1 1
24 63 10 1 1
25 0 5 1 1
25 1 5 1 1
25 2 2 1 1
25 3 5 1 1
25 4 1 1 1
25 5 3 1 1
25 6 9 1 1
25 7 7 1 1
25 8 5 1 1
25 9 5 1 1
25 10 8 1 1
25 11 9 1 1
25 12 4 1 1
25 13 5 1 1
25 14 1 1 1
25 15 6 1 1
25 16 3 1 1
25 17 3 1 1
25 18 8 1 1
25 19 2 1 1
25 20 7 1 1
25 21 2 1 1
25 22 2 1 1
25 23 6 1 1
25 24 8 1 1
25 25 10 1 1
25 26 10 1 1
25 27 1 1 1
25 28 7 1 1
25 29 1 1 1
25 30 5 1 1
25 31 8 1 1
25 32 1 1 1
25 33 6 1 1
25 34 6 1 1
25 35 4 1 1
25 36 8 1 1
25 37 10 1 1
25 38 7 1 1
25 39 2 1 1
25 40 5 1 1
25 41 9 1 1
25 42 3 1 1
25 43 10 1 1
25 44 2 1 1
25 45 3 1 1
25 46 8 1 1
25 47 7 1 1
25 48 4 1 1
25 49 3 1 1
25 50 6 1 1
25 51 3 1 1
25 52 8 1 1
25 53 3 1 1
25 54 6 1 1
25 55 2 1 1
25 56 9 1 1
25 57 6 1 1
25 58 9 1 1
25 59 6 1 1
25 60 8 1 1
25 61 4 1 1
25 62 1 1 1
25 63 4 1 1
26 0 10 1 1
26 1 2 1 1
26 2 3 1 1
26 3 9 1 1
26 4 3 1 1
26 5 6 1 1
26 6 8 1 1
26 7 2 1 1
26 8 4 1 1
26 9 5 1 1
26 10 5 1 1
26 11 8 1 1
26 12 9 1 1
26 13 8 1 1
26 14 10 1 1
26 15 7 1 1
26 16 9 1 1
26 17 1 1 1
26 18 3 1 1
26 19 10 1 1
26 20 5 1 1
26 21 3 1 1
26 22 1 1 1
26 23 2 1 1
26 24 8 1 1
26 25 6 1 1
26 26 2 1 1
26 27 3 1 1
26 28 2 1 1
26 29 9 1 1
26 30 2 1 1
26 31 1 1 1
26 32 6 1 1
26 33 1 1 1
26 34 7 1 1
26 35 2 1 1
26 36 8 1 1
26 37 4 1 1
26 38 2 1 1
26 39 3 1 1
26 40 2 1 1
26 41 2 1 1
26 42 5 1 1
26 43 9 1 1
26 44 2 1 1
26 45 8 1 1
26 46 7 1 1
26 47 4 1 1
26 48 10 1 1
26 49 4 1 1
26 50 1 1 1
26 51 5 1 1
26 52 3 1 1
26 53 5 1 1
26 54 9 1 1
26 55 1 1 1
26 56 3 1 1
26 57 1 1 1
26 58 3 1 1
26 59 1 1 1
26 60 1 1 1
26 61 5 1 1
26 62 8 1 1
26 63 2 1 1
27 0 7 1 1
27 1 6 1 1
27 2 7 1 1
27 3 4 1 1
27 4 10 1 1
27 5 8 1 1
27 6 6 1 1
27 7 5 1 1
27 8 2 1 1
27 9 6 1 1
27 10 3 1 1
27 11 9 1 1
27 12 2 1 1
27 13 3 1 1
27 14 4 1 1
27 15 1 1 1
27 16 2 1 1
27 17 4 1 1
27 18 2 1 1
27 19 9 1 1
27 20 4 1 1
27 21 6 1 1
27 22 10 1 1
27 23 4 1 1
27 24 7 1 1
27 25 4 1 1
27 26 7 1 1
27 27 4 1 1
27 28 5 1 1
27 29 1 1 1
27 30 6 1 1
27 31 9 1 1
27 32 9 1 1
27 33 8 1 1
27 34 6 1 1
27 35 10 1 1
27 36 2 1 1
27 37 5 1 1
27 38 1 1 1
27 39 3 1 1
27 40 9 1 1
27 41 9 1 1
27 42 2 1 1
27 43 6 1 1
27 44 10 1 1
27 45 6 1 1
27 46 8 1 1
27 47 10 1 1
27 48 9 1 1
27 49 3 1 1
27 50 1 1 1
27 51 6 1 1
27 52 8 1 1
27 53 5 1 1
27 54 10 1 1
27 55 5 1 1
27 56 6 1 1
27 57 10 1 1
27 58 3 1 1
27 59 4 1 1
27 60 3 1 1
27 61 10 1 1
27 62 4 1 1
27 63 9 1 1
28 0 9 1 1
28 1 4 1 1
28 2 8 1 1
28 3 3 1 1
28 4 4 1 1
28 5 6 1 1
28 6 5 1 1
28 7 1 1 1
28 8 5 1 1
28 9 3 1 1
28 10 1 1 1
28 11 9 1 1
28 12 1 1 1
28 13 3 1 1
28 14 1 1 1
28 15 10 1 1
28 16 4 1 1
28 17 6 1 1
28 18 4 1 1
28 19 10 1 1
28 20 10 1 1
28 21 8 1 1
28 22 7 1 1
28 23 2 1 1
28 24 3 1 1
28 25 3 1 1
28 26 7 1 1
28 27 4 1 1
28 28 9 1 1
28 29 9 1 1
28 30 1 1 1
28 31 10 1 1
28 32 4 1 1
28 33 4 1 1
28 34 1 1 1
28 35 3 1 1
28 36 3 1 1
28 37 9 1 1
28 38 6 1 1
28 39 4 1 1
28 40 1 1 1
28 41 1 1 1
28 42 7 1 1
28 43 9 1 1
28 44 10 1 1
28 45 10 1 1
28 46 5 1 1
28 47 1 1 1
28 48 2 1 1
28 49 10 1 1
28 50 2 1 1
28 51 8 1 1
28 52 10 1 1
28 53 3 1 1
28 54 2 1 1
28 55 6 1 1
28 56 3 1 1
28 57 8 1 1
28 58 10 1 1
28 59 2 1 1
28 60 8 1 1
28 61 8 1 1
28 62 7 1 1
28 63 8 1 1
29 0 3 1 1
29 1 3 1 1
29 2 8 1 1
29 3 5 1 1
29 4 3 1 1
29 5 5 1 1
29 6 5 1 1
29 7 2 1 1
29 8 9 1 1
29 9 7 1 1
29 10 7 1 1
29 11 9 1 1
29 12 9 1 1
29 13 8 1 1
29 14 10 1 1
29 15 7 1 1
29 16 2 1 1
29 17 5 1 1
29 18 5 1 1
29 19 6 1 1
29 20 10 1 1
29 21 7 1 1
29 22 3 1 1
29 23 10 1 1
29 24 10 1 1
29 25 4 1 1
29 26 6 1 1
29 27 4 1 1
29 28 6 1 1
29 29 4 1 1
29 30 3 1 1
29 31 2 1 1
29 32 5 1 1
29 33 5 1 1
29 34 9 1 1
29 35 7 1 1
29 36 5 1 1
29 37 7 1 1
29 38 2 1 1
29 39 9 1 1
29 40 3 1 1
29 41 8 1 1
29 42 5 1 1
29 43 8 1 1
29 44 4 1 1
29 45 5 1 1
29 46 9 1 1
29 47 9 1 1
29 48 9 1 1
29 49 3 1 1
29 50 7 1 1
29 51 10 1 1
29 52 4 1 1
29 53 4 1 1
29 54 1 1 1
29 55 8 1 1
29 56 8 1 1
29 57 10 1 1
29 58 6 1 1
29 59 10 1 1
29 60 9 1 1
29 61 8 1 1
29 62 5 1 1
29 63 8 1 1
30 0 4 1 1
30 1 3 1 1
30 2 4 1 1
30 3 4 1 1
30 4 2 1 1
30 5 9 1 1
30 6 8 1 1
30 7 10 1 1
30 8 10 1 1
30 9 2 1 1
30 10 6 1 1
30 11 2 1 1
30 12 6 1 1
30 13 1 1 1
30 14 3 1 1
30 15 2 1 1
30 16 4 1 1
30 17 2 1 1
30 18 9 1 1
30 19 7 1 1
30 20 7 1 1
30 21 8 1 1
30 22 1 1 1
30 23 5 1 1
30 24 5 1 1
30 25 9 1 1
30 26 4 1 1
30 27 7 1 1
30 28 4 1 1
30 29 2 1 1
30 30 8 1 1
30 31 3 1 1
30 32 6 1 1
30 33 1 1 1
30 34 10 1 1
30 35 1 1 1
30 36 1 1 1
30 37 9 1 1
30 38 2 1 1
30 39 7 1 1
30 40 3 1 1
30 41 8 1 1
30 42 4 1 1
30 43 1 1 1
30 44 7 1 1
30 45 7 1 1
30 46 10 1 1
30 47 1 1 1
30 48 4 1 1
30 49 10 1 1
30 50 3 1 1
30 51 4 1 1
30 52 2 1 1
30 53 1 1 1
30 54 10 1 1
30 55 9 1 1
30 56 5 1 1
30 57 10 1 1
30 58 2 1 1
30 59 7 1 1
30 60 5 1 1
30 61 1 1 1
30 62 8 1 1
30 63 4 1 1
31 0 4 1 1
31 1 6 1 1
31 2 1 1 1
31 3 8 1 1
31 4 4 1 1
31 5 8 1 1
31 6 5 1 1
31 7 8 1 1
31 8 3 1 1
31 9 9 1 1
31 10 3 1 1
31 11 1 1 1
31 12 5 1 1
31 13 7 1 1
31 14 2 1 1
31 15 7 1 1
31 16 8 1 1
31 17 4 1 1
31 18 5 1 1
31 19 1 1 1
31 20 5 1 1
31 21 9 1 1
31 22 10 1 1
31 23 9 1 1
31 24 2 1 1
31 25 7 1 1
31 26 7 1 1
31 27 3 1 1
31 28 3 1 1
31 29 4 1 1
31 30 3 1 1
31 31 8 1 1
31 32 7 1 1
31 33 9 1 1
31 34 5 1 1
31 35 4 1 1
31 36 6 1 1
31 37 6 1 1
31 38 5 1 1
31 39 4 1 1
31 40 3 1 1
31 41 8 1 1
31 42 6 1 1
31 43 7 1 1
31 44 10 1 1
31 45 2 1 1
31 46 9 1 1
31 47 2 1 1
31 48 9 1 1
31 49 10 1 1
31 50 10 1 1
31 51 1 1 1
31 52 10 1 1
31 53 4 1 1
31 54 9 1 1
31 55 4 1 1
31 56 10 1 1
31 57 2 1 1
31 58 2 1 1
31 59 4 1 1
31 60 2 1 1
31 61 5 1 1
31 62 6 1 1
31 63 10 1 1
32 0 1 1 1
32 1 3 1 1
32 2 9 1 1
32 3 7 1 1
32 4 5 1 1
32 5 4 1 1
32 6 9 1 1
32 7 4 1 1
32 8 1 1 1
32 9 5 1 1
32 10 7 1 1
32 11 10 1 1
32 12 4 1 1
32 13 3 1 1
32 14 4 1 1
32 15 10 1 1
32 16 7 1 1
32 17 9 1 1
32 18 1 1 1
32 19 4 1 1
32 20 9 1 1
32 21 4 1 1
32 22 8 1 1
32 23 7 1 1
32 24 7 1 1
32 25 4 1 1
32 26 10 1 1
32 27 8 1 1
32 28 10 1 1
32 29 7 1 1
32 30 7 1 1
32 31 4 1 1
32 32 5 1 1
32 33 9 1 1
32 34 8 1 1
32 35 5 1 1
32 36 9 1 1
32 37 7 1 1
32 38 8 1 1
32 39 2 1 1
32 40 7 1 1
32 41 2 1 1
32 42 10 1 1
32 43 4 1 1
32 44 10 1 1
32 45 4 1 1
32 46 4 1 1
32 47 8 1 1
32 48 8 1 1
32 49 10 1 1
32 50 5 1 1
32 51 3 1 1
32 52 3 1 1
32 53 9 1 1
32 54 7 1 1
32 55 9 1 1
32 56 1 1 1
32 57 10 1 1
32 58 10 1 1
32 59 8 1 1
32 60 7 1 1
32 61 4 1 1
32 62 2 1 1
32 63 5 1 1
33 0 4 1 1
33 1 4 1 1
33 2 3 1 1
33 3 8 1 1
33 4 5 1 1
33 5 3 1 1
33 6 10 1 1
33 7 1 1 1
33 8 4 1 1
33 9 3 1 1
33 10 6 1 1
33 11 1 1 1
33 12 4 1 1
33 13 2 1 1
33 14 1 1 1
33 15 8 1 1
33 16 10 1 1
33 17 5 1 1
33 18 8 1 1
33 19 7 1 1
33 20 4 1 1
33 21 8 1 1
33 22 4 1 1
33 23 5 1 1
33 24 4 1 1
33 25 9 1 1
33 26 7 1 1
33 27 5 1 1
33 28 6 1 1
33 29 7 1 1
33 30 8 1 1
33 31 2 1 1
33 32 9 1 1
33 33 1 1 1
33 34 9 1 1
33 35 10 1 1
33 36 1 1 1
33 37 5 1 1
33 38 4 1 1
33 39 4 1 1
33 40 6 1 1
33 41 4 1 1
33 42 8 1 1
33 43 5 1 1
33 44 8 1 1
33 45 6 1 1
33 46 9 1 1
33 47 8 1 1
33 48 6 1 1
33 49 1 1 1
33 50 9 1 1
33 51 10 1 1
33 52 2 1 1
33 53 7 1 1
33 54 1 1 1
33 55 1 1 1
33 56 10 1 1
33 57 4 1 1
33 58 4 1 1
33 59 10 1 1
33 60 1 1 1
33 61 4 1 1
33 62 4 1 1
33 63 3 1 1
34 0 2 1 1
34 1 7 1 1
34 2 3 1 1
34 3 5 1 1
34 4 10 1 1
34 5 5 1 1
34 6 3 1 1
34 7 4 1 1
34 8 4 1 1
34 9 3 1 1
34 10 6 1 1
34 11 8 1 1
34 12 2 1 1
34 13 5 1 1
34 14 3 1 1
34 15 8 1 1
34 16 4 1 1
34 17 1 1 1
34 18 3 1 1
34 19 6 1 1
34 20 7 1 1
34 21 8 1 1
34 22 6 1 1
34 23 9 1 1
34 24 4 1 1
34 25 8 1 1
34 26 4 1 1
34 27 5 1 1
34 28 1 1 1
34 29 1 1 1
34 30 2 1 1
34 31 2 1 1
34 32 7 1 1
34 33 10 1 1
34 34 1 1 1
34 35 7 1 1
34 36 10 1 1
34 37 9 1 1
34 38 3 1 1
34 39 8 1 1
34 40 7 1 1
34 41 7 1 1
34 42 8 1 1
34 43 4 1 1
34 44 4 1 1
34 45 3 1 1
34 46 2 1 1
34 47 1 1 1
34 48 3 1 1
34 49 6 1 1
34 50 2 1 1
34 51 10 1 1
34 52 5 1 1
34 53 4 1 1
34 54 4 1 1
34 55 8 1 1
34 56 7 1 1
34 57 9 1 1
34 58 8 1 1
34 59 2 1 1
34 60 9 1 1
34 61 1 1 1
34 62 1 1 1
34 63 3 1 1
35 0 9 1 1
35 1 2 1 1
35 2 10 1 1
35 3 4 1 1
35 4 8 1 1
35 5 9 1 1
35 6 6 1 1
35 7 4 1 1
35 8 3 1 1
35 9 3 1 1
35 10 8 1 1
35 11 4 1 1
35 12 1 1 1
35 13 10 1 1
35 14 9 1 1
35 15 9 1 1
35 16 10 1 1
35 17 7 1 1
35 18 1 1 1
35 19 2 1 1
35 20 8 1 1
35 21 2 1 1
35 22 7 1 1
35 23 6 1 1
35 24 10 1 1
35 25 7 1 1
35 26 9 1 1
35 27 8 1 1
35 28 6 1 1
35 29 8 1 1
35 30 2 1 1
35 31 3 1 1
35 32 10 1 1
35 33 8 1 1
35 34 4 1 1
35 35 7 1 1
35 36 2 1 1
35 37 2 1 1
35 38 7 1 1
35 39 3 1 1
35 40 1 1 1
35 41 2 1 1
35 42 7 1 1
35 43 1 1 1
35 44 6 1 1
35 45 9 1 1
35 46 3 1 1
35 47 3 1 1
35 48 4 1 1
35 49 3 1 1
35 50 10 1 1
35 51 7 1 1
35 52 8 1 1
35 53 10 1 1
35 54 6 1 1
35 55 3 1 1
35 56 2 1 1
35 57 2 1 1
35 58 4 1 1
35 59 9 1 1
35 60 10 1 1
35 61 2 1 1
35 62 4 1 1
35 63 8 1 1
36 0 5 1 1
36 1 10 1 1
36 2 7 1 1
36 3 2 1 1
36 4 9 1 1
36 5 6 1 1
36 6 7 1 1
36 7 6 1 1
36 8 3 1 1
36 9 9 1 1
36 10 2 1 1
36 11 1 1 1
36 12 2 1 1
36 13 2 1 1
36 14 6 1 1
36 15 7 1 1
36 16 5 1 1
36 17 4 1 1
36 18 9 1 1
36 19 3 1 1
36 20 1 1 1
36 21 3 1 1
36 22 2 1 1
36 23 10 1 1
36 24 4 1 1
36 25 6 1 1
36 26 10 1 1
36 27 6 1 1
36 28 8 1 1
36 29 7 1 1
36 30 2 1 1
36 31 1 1 1
36 32 7 1 1
36 33 5 1 1
36 34 3 1 1
36 35 10 1 1
36 36 4 1 1
36 37 2 1 1
36 38 5 1 1
36 39 10 1 1
36 40 9 1 1
36 41 6 1 1
36 42 4 1 1
36 43 1 1 1
36 44 1 1 1
36 45 9 1 1
36 46 5 1 1
36 47 4 1 1
36 48 10 1 1
36 49 2 1 1
36 50 6 1 1
36 51 10 1 1
36 52 3 1 1
36 53 9 1 1
36 54 4 1 1
36 55 8 1 1
36 56 1 1 1
36 57 3 1 1
36 58 4 1 1
36 59 1 1 1
36 60 3 1 1
36 61 4 1 1
36 62 7 1 1
36 63 6 1 1
37 0 5 1 1
37 1 2 1 1
37 2 6 1 1
37 3 6 1 1
37 4 4 1 1
37 5 4 1 1
37 6 10 1 1
37 7 9 1 1
37 8 2 1 1
37 9 4 1 1
37 10 6 1 1
37 11 7 1 1
37 12 1 1 1
37 13 7 1 1
37 14 10 1 1
37 15 4 1 1
37 16 4 1 1
37 17 7 1 1
37 18 6 1 1
37 19 4 1 1
37 20 2 1 1
37 21 6 1 1
37 22 9 1 1
37 23 5 1 1
37 24 9 1 1
37 25 8 1 1
37 26 9 1 1
37 27 5 1 1
37 28 9 1 1
37 29 8 1 1
37 30 9 1 1
37 31 10 1 1
37 32 3 1 1
37 33 8 1 1
37 34 8 1 1
37 35 1 1 1
37 36 7 1 1
37 37 8 1 1
37 38 8 1 1
37 39 4 1 1
37 40 5 1 1
37 41 2 1 1
37 42 1 1 1
37 43 4 1 1
37 44 3 1 1
37 45 6 1 1
37 46 7 1 1
37 47 5 1 1
37 48 8 1 1
37 49 3 1 1
37 50 8 1 1
37 51 3 1 1
37 52 3 1 1
37 53 6 1 1
37 54 3 1 1
37 55 3 1 1
37 56 4 1 1
37 57 8 1 1
37 58 2 1 1
37 59 10 1 1
37 60 2 1 1
37 61 7 1 1
37 62 4 1 1
37 63 6 1 1
38 0 2 1 1
38 1 10 1 1
38 2 6 1 1
38 3 8 1 1
38 4 5 1 1
38 5 3 1 1
38 6 2 1 1
38 7 8 1 1
38 8 8 1 1
38 9 10 1 1
38 10 5 1 1
38 11 2 1 1
38 12 9 1 1
38 13 2 1 1
38 14 10 1 1
38 15 6 1 1
38 16 6 1 1
38 17 9 1 1
38 18 10 1 1
38 19 1 1 1
38 20 6 1 1
38 21 7 1 1
38 22 9 1 1
38 23 7 1 1
38 24 6 1 1
38 25 4 1 1
38 26 8 1 1
38 27 5 1 1
38 28 4 1 1
38 29 5 1 1
38 30 3 1 1
38 31 1 1 1
38 32 9 1 1
38 33 4 1 1
38 34 9 1 1
38 35 6 1 1
38 36 4 1 1
38 37 5 1 1
38 38 1 1 1
38 39 7 1 1
38 40 6 1 1
38 41 8 1 1
38 42 9 1 1
38 43 8 1 1
38 44 8 1 1
38 45 8 1 1
38 46 4 1 1
38 47 4 1 1
38 48 8 1 1
38 49 5 1 1
38 50 1 1 1
38 51 4 1 1
38 52 8 1 1
38 53 4 1 1
38 54 9 1 1
38 55 3 1 1
38 56 2 1 1
38 57 2 1 1
38 58 5 1 1
38 59 1 1 1
38 60 8 1 1
38 61 8 1 1
38 62 6 1 1
38 63 6 1 1
39 0 3 1 1
39 1 1 1 1
39 2 1 1 1
39 3 10 1 1
39 4 2 1 1
39 5 1 1 1
39 6 8 1 1
39 7 7 1 1
39 8 8 1 1
39 9 5 1 1
39 10 9 1 1
39 11 8 1 1
39 12 5 1 1
39 13 9 1 1
39 14 3 1 1
39 15 9 1 1
39 16 4 1 1
39 17 8 1 1
39 18 7 1 1
39 19 2 1 1
39 20 9 1 1
39 21 9 1 1
39 22 6 1 1
39 23 2 1 1
39 24 8 1 1
39 25 3 1 1
39 26 1 1 1
39 27 9 1 1
39 28 2 1 1
39 29 1 1 1
39 30 2 1 1
39 31 8 1 1
39 32 5 1 1
39 33 9 1 1
39 34 5 1 1
39 35 5 1 1
39 36 6 1 1
39 37 10 1 1
39 38 8 1 1
39 39 9 1 1
39 40 4 1 1
39 41 1 1 1
39 42 10 1 1
39 43 9 1 1
39 44 3 1 1
39 45 2 1 1
39 46 9 1 1
39 47 5 1 1
39 48 2 1 1
39 49 5 1 1
39 50 10 1 1
39 51 1 1 1
39 52 2 1 1
39 53 2 1 1
39 54 4 1 1
39 55 7 1 1
39 56 4 1 1
39 57 4 1 1
39 58 4 1 1
39 59 1 1 1
39 60 3 1 1
39 61 5 1 1
39 62 4 1 1
39 63 2 1 1
40 0 6 1 1
40 1 8 1 1
40 2 2 1 1
40 3 9 1 1
40 4 4 1 1
40 5 6 1 1
40 6 5 1 1
40 7 4 1 1
40 8 3 1 1
40 9 9 1 1
40 10 2 1 1
40 11 3 1 1
40 12 10 1 1
40 13 8 1 1
40 14 4 1 1
40 15 1 1 1
40 16 4 1 1
40 17 5 1 1
40 18 1 1 1
40 19 5 1 1
40 20 7 1 1
40 21 2 1 1
40 22 8 1 1
40 23 4 1 1
40 24 5 1 1
40 25 4 1 1
40 26 3 1 1
40 27 3 1 1
40 28 6 1 1
40 29 6 1 1
40 30 6 1 1
40 31 6 1 1
40 32 1 1 1
40 33 1 1 1
40 34 7 1 1
40 35 9 1 1
40 36 7 1 1
40 37 1 1 1
40 38 2 1 1
40 39 8 1 1
40 40 10 1 1
40 41 2 1 1
40 42 3 1 1
40 43 4 1 1
40 44 7 1 1
40 45 2 1 1
40 46 4 1 1
40 47 2 1 1
40 48 6 1 1
40 49 6 1 1
40 50 8 1 1
40 51 9 1 1
40 52 6 1 1
40 53 3 1 1
40 54 5 1 1
40 55 10 1 1
40 56 9 1 1
40 57 7 1 1
40 58 10 1 1
40 59 3 1 1
40 60 1 1 1
40 61 3 1 1
40 62 4 1 1
40 63 2 1 1
41 0 5 1 1
41 1 10 1 1
41 2 10 1 1
41 3 10 1 1
41 4 10 1 1
41 5 4 1 1
41 6 9 1 1
41 7 5 1 1
41 8 1 1 1
41 9 4 1 1
41 10 7 1 1
41 11 4 1 1
41 12 9 1 1
41 13 7 1 1
41 14 5 1 1
41 15 9 1 1
41 16 9 1 1
41 17 9 1 1
41 18 1 1 1
41 19 3 1 1
41 20 2 1 1
41 21 5 1 1
41 22 1 1 1
41 23 9 1 1
41 24 3 1 1
41 25 9 1 1
41 26 9 1 1
41 27 5 1 1
41 28 9 1 1
41 29 8 1 1
41 30 4 1 1
41 31 4 1 1
41 32 1 1 1
41 33 8 1 1
41 34 6 1 1
41 35 5 1 1
41 36 1 1 1
41 37 8 1 1
41 38 10 1 1
41 39 9 1 1
41 40 6 1 1
41 41 7 1 1
41 42 2 1 1
41 43 4 1 1
41 44 4 1 1
41 45 9 1 1
41 46 9 1 1
41 47 6 1 1
41 48 6 1 1
41 49 7 1 1
41 50 10 1 1
41 51 4 1 1
41 52 3 1 1
41 53 1 1 1
41 54 1 1 1
41 55 9 1 1
41 56 5 1 1
41 57 6 1 1
41 58 1 1 1
41 59 9 1 1
41 60 10 1 1
41 61 7 1 1
41 62 6 1 1
41 63 9 1 1
42 0 8 1 1
42 1 1 1 1
42 2 9 1 1
42 3 3 1 1
42 4 9 1 1
42 5 10 1 1
42 6 5 1 1
42 7 8 1 1
42 8 8 1 1
42 9 6 1 1
42 10 1 1 1
42 11 8 1 1
42 12 2 1 1
42 13 3 1 1
42 14 6 1 1
42 15 5 1 1
42 16 9 1 1
42 17 10 1 1
42 18 9 1 1
42 19 5 1 1
42 20 5 1 1
42 21 2 1 1
42 22 7 1 1
42 23 9 1 1
42 24 2 1 1
42 25 5 1 1
42 26 9 1 1
42 27 6 1 1
42 28 4 1 1
42 29 4 1 1
42 30 2 1 1
42 31 2 1 1
42 32 8 1 1
42 33 5 1 1
42 34 7 1 1
42 35 4 1 1
42 36 5 1 1
42 37 10 1 1
42 38 1 1 1
42 39 9 1 1
42 40 5 1 1
42 41 10 1 1
42 42 2 1 1
42 43 4 1 1
42 44 3 1 1
42 45 6 1 1
42 46 10 1 1
42 47 7 1 1
42 48 2 1 1
42 49 7 1 1
42 50 9 1 1
42 51 8 1 1
42 52 5 1 1
42 53 2 1 1
42 54 2 1 1
42 55 10 1 1
42 56 6 1 1
42 57 8 1 1
42 58 10 1 1
42 59 3 1 1
42 60 1 1 1
42 61 6 1 1
42 62 7 1 1
42 63 5 1 1
43 0 8 1 1
43 1 10 1 1
43 2 1 1 1
43 3 10 1 1
43 4 7 1 1
43 5 5 1 1
43 6 8 1 1
43 7 7 1 1
43 8 7 1 1
43 9 9 1 1
43 10 6 1 1
43 11 7 1 1
43 12 6 1 1
43 13 4 1 1
43 14 4 1 1
43 15 7 1 1
43 16 8 1 1
43 17 2 1 1
43 18 9 1 1
43 19 7 1 1
43 20 9 1 1
43 21 3 1 1
43 22 2 1 1
43 23 10 1 1
43 24 3 1 1
43 25 9 1 1
43 26 9 1 1
43 27 3 1 1
43 28 2 1 1
43 29 5 1 1
43 30 10 1 1
43 31 10 1 1
43 32 4 1 1
43 33 3 1 1
43 34 6 1 1
43 35 2 1 1
43 36 6 1 1
43 37 10 1 1
43 38 3 1 1
43 39 4 1 1
43 40 4 1 1
43 41 5 1 1
43 42 4 1 1
43 43 2 1 1
43 44 10 1 1
43 45 2 1 1
43 46 2 1 1
43 47 2 1 1
43 48 8 1 1
43 49 10 1 1
43 50 8 1 1
43 51 4 1 1
43 52 8 1 1
43 53 9 1 1
43 54 2 1 1
43 55 5 1 1
43 56 7 1 1
43 57 8 1 1
43 58 7 1 1
43 59 3 1 1
43 60 7 1 1
43 61 9 1 1
43 62 7 1 1
43 63 2 1 1
44 0 5 1 1
44 1 7 1 1
44 2 5 1 1
44 3 4 1 1
44 4 2 1 1
44 5 1 1 1
44 6 10 1 1
44 7 6 1 1
44 8 1 1 1
44 9 6 1 1
44 10 9 1 1
44 11 1 1 1
44 12 8 1 1
44 13 10 1 1
44 14 5 1 1
44 15 1 1 1
44 16 5 1 1
44 17 10 1 1
44 18 7 1 1
44 19 1 1 1
44 20 4 1 1
44 21 2 1 1
44 22 6 1 1
44 23 10 1 1
44 24 1 1 1
44 25 7 1 1
44 26 1 1 1
44 27 9 1 1
44 28 5 1 1
44 29 7 1 1
44 30 3 1 1
44 31 3 1 1
44 32 3 1 1
44 33 10 1 1
44 34 6 1 1
44 35 8 1 1
44 36 1 1 1
44 37 6 1 1
44 38 3 1 1
44 39 10 1 1
44 40 8 1 1
44 41 3 1 1
44 42 10 1 1
44 43 9 1 1
44 44 7 1 1
44 45 1 1 1
44 46 4 1 1
44 47 6 1 1
44 48 6 1 1
44 49 3 1 1
44 50 5 1 1
44 51 3 1 1
44 52 2 1 1
44 53 9 1 1
44 54 2 1 1
44 55 8 1 1
44 56 8 1 1
44 57 8 1 1
44 58 1 1 1
44 59 8 1 1
44 60 1 1 1
44 61 8 1 1
44 62 7 1 1
44 63 8 1 1
45 0 6 1 1
45 1 3 1 1
45 2 3 1 1
45 3 8 1 1
45 4 3 1 1
45 5 3 1 1
45 6 1 1 1
45 7 9 1 1
45 8 7 1 1
45 9 7 1 1
45 10 5 1 1
45 11 9 1 1
45 12 3 1 1
45 13 10 1 1
45 14 3 1 1
45 15 1 1 1
45 16 6 1 1
45 17 2 1 1
45 18 10 1 1
45 19 2 1 1
45 20 1 1 1
45 21 4 1 1
45 22 10 1 1
45 23 2 1 1
45 24 7 1 1
45 25 2 1 1
45 26 10 1 1
45 27 2 1 1
45 28 4 1 1
45 29 6 1 1
45 30 2 1 1
45 31 6 1 1
45 32 6 1 1
45 33 5 1 1
45 34 9 1 1
45 35 7 1 1
45 36 3 1 1
45 37 6 1 1
45 38 9 1 1
45 39 2 1 1
45 40 7 1 1
45 41 1 1 1
45 42 9 1 1
45 43 3 1 1
45 44 3 1 1
45 45 8 1 1
45 46 7 1 1
45 47 2 1 1
45 48 3 1 1
45 49 6 1 1
45 50 5 1 1
45 51 10 1 1
45 52 9 1 1
45 53 9 1 1
45 54 5 1 1
45 55 3 1 1
45 56 7 1 1
45 57 3 1 1
45 58 2 1 1
45 59 1 1 1
45 60 10 1 1
45 61 6 1 1
45 62 6 1 1
45 63 1 1 1
46 0 2 1 1
46 1 10 1 1
46 2 10 1 1
46 3 3 1 1
46 4 3 1 1
46 5 2 1 1
46 6 8 1 1
46 7 4 1 1
46 8 2 1 1
46 9 8 1 1
46 10 7 1 1
46 11 5 1 1
46 12 1 1 1
46 13 4 1 1
46 14 4 1 1
46 15 8 1 1
46 16 3 1 1
46 17 1 1 1
46 18 4 1 1
46 19 7 1 1
46 20 5 1 1
46 21 2 1 1
46 22 6 1 1
46 23 7 1 1
46 24 4 1 1
46 25 1 1 1
46 26 3 1 1
46 27 2 1 1
46 28 8 1 1
46 29 6 1 1
46 30 5 1 1
46 31 5 1 1
46 32 6 1 1
46 33 5 1 1
46 34 2 1 1
46 35 10 1 1
46 36 8 1 1
46 37 6 1 1
46 38 5 1 1
46 39 2 1 1
46 40 5 1 1
46 41 9 1 1
46 42 2 1 1
46 43 9 1 1
46 44 6 1 1
46 45 3 1 1
46 46 7 1 1
46 47 4 1 1
46 48 8 1 1
46 49 2 1 1
46 50 7 1 1
46 51 1 1 1
46 52 6 1 1
46 53 9 1 1
46 54 7 1 1
46 55 3 1 1
46 56 10 1 1
46 57 6 1 1
46 58 3 1 1
46 59 9 1 1
46 60 6 1 1
46 61 6 1 1
46 62 4 1 1
46 63 9 1 1
47 0 7 1 1
47 1 3 1 1
47 2 4 1 1
47 3 2 1 1
47 4 9 1 1
47 5 9 1 1
47 6 5 1 1
47 7 8 1 1
47 8 9 1 1
47 9 8 1 1
47 10 4 1 1
47 11 2 1 1
47 12 10 1 1
47 13 4 1 1
47 14 7 1 1
47 15 7 1 1
47 16 1 1 1
47 17 7 1 1
47 18 10 1 1
47 19 5 1 1
47 20 3 1 1
47 21 9 1 1
47 22 3 1 1
47 23 3 1 1
47 24 9 1 1
47 25 9 1 1
47 26 3 1 1
47 27 3 1 1
47 28 1 1 1
47 29 7 1 1
47 30 7 1 1
47 31 6 1 1
47 32 10 1 1
47 33 4 1 1
47 34 8 1 1
47 35 3 1 1
47 36 6 1 1
47 37 10 1 1
47 38 8 1 1
47 39 3 1 1
47 40 10 1 1
47 41 10 1 1
47 42 4 1 1
47 43 6 1 1
47 44 9 1 1
47 45 3 1 1
47 46 6 1 1
47 47 1 1 1
47 48 5 1 1
47 49 3 1 1
47 50 9 1 1
47 51 9 1 1
47 52 2 1 1
47 53 6 1 1
47 54 6 1 1
47 55 7 1 1
47 56 10 1 1
47 57 2 1 1
47 58 4 1 1
47 59 5 1 1
47 60 3 1 1
47 61 10 1 1
47 62 9 1 1
47 63 2 1 1
48 0 7 1 1
48 1 10 1 1
48 2 2 1 1
48 3 7 1 1
48 4 2 1 1
48 5 9 1 1
48 6 4 1 1
48 7 7 1 1
48 8 5 1 1
48 9 6 1 1
48 10 6 1 1
48 11 7 1 1
48 12 8 1 1
48 13 9 1 1
48 14 10 1 1
48 15 2 1 1
48 16 9 1 1
48 17 3 1 1
48 18 6 1 1
48 19 5 1 1
48 20 6 1 1
48 21 4 1 1
48 22 10 1 1
48 23 4 1 1
48 24 3 1 1
48 25 3 1 1
48 26 10 1 1
48 27 7 1 1
48 28 6 1 1
48 29 9 1 1
48 30 3 1 1
48 31 5 1 1
48 32 1 1 1
48 33 1 1 1
48 34 7 1 1
48 35 7 1 1
48 36 10 1 1
48 37 1 1 1
48 38 7 1 1
48 39 10 1 1
48 40 10 1 1
48 41 4 1 1
48 42 6 1 1
48 43 1 1 1
48 44 2 1 1
48 45 4 1 1
48 46 1 1 1
48 47 9 1 1
48 48 1 1 1
48 49 4 1 1
48 50 4 1 1
48 51 10 1 1
48 52 8 1 1
48 53 1 1 1
48 54 4 1 1
48 55 3 1 1
48 56 5 1 1
48 57 3 1 1
48 58 3 1 1
48 59 8 1 1
48 60 2 1 1
48 61 1 1 1
48 62 7 1 1
48 63 7 1 1
49 0 9 1 1
49 1 6 1 1
49 2 9 1 1
49 3 8 1 1
49 4 3 1 1
49 5 7 1 1
49 6 8 1 1
49 7 3 1 1
49 8 8 1 1
49 9 4 1 1
49 10 4 1 1
49 11 6 1 1
49 12 9 1 1
49 13 8 1 1
49 14 2 1 1
49 15 1 1 1
49 16 3 1 1
49 17 5 1 1
49 18 9 1 1
49 19 4 1 1
49 20 6 1 1
49 21 7 1 1
49 22 7 1 1
49 23 10 1 1
49 24 3 1 1
49 25 6 1 1
49 26 10 1 1
49 27 6 1 1
49 28 4 1 1
49 29 10 1 1
49 30 6 1 1
49 31 6 1 1
49 32 3 1 1
49 33 1 1 1
49 34 6 1 1
49 35 7 1 1
49 36 3 1 1
49 37 1 1 1
49 38 3 1 1
49 39 9 1 1
49 40 5 1 1
49 41 10 1 1
49 42 9 1 1
49 43 7 1 1
49 44 7 1 1
49 45 9 1 1
49 46 3 1 1
49 47 4 1 1
49 48 4 1 1
49 49 3 1 1
49 50 7 1 1
49 51 8 1 1
49 52 3 1 1
49 53 10 1 1
49 54 7 1 1
49 55 9 1 1
49 56 10 1 1
49 57 2 1 1
49 58 6 1 1
49 59 3 1 1
49 60 7 1 1
49 61 4 1 1
49 62 8 1 1
49 63 3 1 1
50 0 4 1 1
50 1 9 1 1
50 2 10 1 1
50 3 1 1 1
50 4 4 1 1
50 5 9 1 1
50 6 1 1 1
50 7 4 1 1
50 8 10 1 1
50 9 10 1 1
50 10 3 1 1
50 11 4 1 1
50 12 3 1 1
50 13 5 1 1
50 14 7 1 1
50 15 10 1 1
50 16 5 1 1
50 17 1 1 1
50 18 6 1 1
50 19 1 1 1
50 20 2 1 1
50 21 9 1 1
50 22 5 1 1
50 23 5 1 1
50 24 3 1 1
50 25 7 1 1
50 26 9 1 1
50 27 9 1 1
50 28 4 1 1
50 29 7 1 1
50 30 6 1 1
50 31 10 1 1
50 32 1 1 1
50 33 7 1 1
50 34 6 1 1
50 35 2 1 1
50 36 4 1 1
50 37 5 1 1
50 38 10 1 1
50 39 2 1 1
50 40 10 1 1
50 41 9 1 1
50 42 9 1 1
50 43 5 1 1
50 44 10 1 1
50 45 2 1 1
50 46 8 1 1
50 47 8 1 1
50 48 10 1 1
50 49 10 1 1
50 50 1 1 1
50 51 4 1 1
50 52 6 1 1
50 53 7 1 1
50 54 8 1 1
50 55 8 1 1
50 56 3 1 1
50 57 7 1 1
50 58 9 1 1
50 59 8 1 1
50 60 3 1 1
50 61 1 1 1
50 62 6 1 1
50 63 9 1 1
51 0 4 1 1
51 1 6 1 1
51 2 7 1 1
51 3 2 1 1
51 4 7 1 1
51 5 8 1 1
51 6 7 1 1
51 7 9 1 1
51 8 9 1 1
51 9 10 1 1
51 10 4 1 1
51 11 8 1 1
51 12 2 1 1
51 13 10 1 1
51 14 8 1 1
51 15 8 1 1
51 16 2 1 1
51 17 5 1 1
51 18 10 1 1
51 19 1 1 1
51 20 7 1 1
51 21 5 1 1
51 22 3 1 1
51 23 5 1 1
51 24 10 1 1
51 25 8 1 1
51 26 2 1 1
51 27 3 1 1
51 28 1 1 1
51 29 9 1 1
51 30 7 1 1
51 31 9 1 1
51 32 1 1 1
51 33 2 1 1
51 34 9 1 1
51 35 4 1 1
51 36 8 1 1
51 37 6 1 1
51 38 1 1 1
51 39 10 1 1
51 40 3 1 1
51 41 7 1 1
51 42 6 1 1
51 43 5 1 1
51 44 6 1 1
51 45 1 1 1
51 46 10 1 1
51 47 7 1 1
51 48 1 1 1
51 49 7 1 1
51 50 3 1 1
51 51 2 1 1
51 52 5 1 1
51 53 2 1 1
51 54 1 1 1
51 55 5 1 1
51 56 6 1 1
51 57 4 1 1
51 58 5 1 1
51 59 10 1 1
51 60 1 1 1
51 61 8 1 1
51 62 8 1 1
51 63 9 1 1
52 0 4 1 1
52 1 8 1 1
52 2 10 1 1
52 3 10 1 1
52 4 2 1 1
52 5 5 1 1
52 6 10 1 1
52 7 1 1 1
52 8 6 1 1
52 9 6 1 1
52 10 9 1 1
52 11 9 1 1
52 12 9 1 1
52 13 2 1 1
52 14 1 1 1
52 15 10 1 1
52 16 1 1 1
52 17 10 1 1
52 18 2 1 1
52 19 2 1 1
52 20 5 1 1
52 21 6 1 1
52 22 8 1 1
52 23 3 1 1
52 24 7 1 1
52 25 7 1 1
52 26 7 1 1
52 27 10 1 1
52 28 4 1 1
52 29 7 1 1
52 30 1 1 1
52 31 2 1 1
52 32 5 1 1
52 33 6 1 1
52 34 7 1 1
52 35 7 1 1
52 36 5 1 1
52 37 3 1 1
52 38 2 1 1
52 39 9 1 1
52 40 6 1 1
52 41 5 1 1
52 42 4 1 1
52 43 8 1 1
52 44 6 1 1
52 45 9 1 1
52 46 9 1 1
52 47 1 1 1
52 48 4 1 1
52 49 10 1 1
52 50 1 1 1
52 51 8 1 1
52 52 8 1 1
52 53 3 1 1
52 54 1 1 1
52 55 10 1 1
52 56 1 1 1
52 57 3 1 1
52 58 2 1 1
52 59 3 1 1
52 60 5 1 1
52 61 6 1 1
52 62 2 1 1
52 63 1 1 1
53 0 10 1 1
53 1 8 1 1
53 2 9 1 1
53 3 5 1 1
53 4 5 1 1
53 5 2 1 1
53 6 3 1 1
53 7 10 1 1
53 8 2 1 1
53 9 5 1 1
53 10 8 1 1
53 11 2 1 1
53 12 2 1 1
53 13 6 1 1
53 14 7 1 1
53 15 8 1 1
53 16 9 1 1
53 17 10 1 1
53 18 5 1 1
53 19 4 1 1
53 20 9 1 1
53 21 6 1 1
53 22 9 1 1
53 23 7 1 1
53 24 10 1 1
53 25 3 1 1
53 26 4 1 1
53 27 5 1 1
53 28 3 1 1
53 29 10 1 1
53 30 3 1 1
53 31 5 1 1
53 32 5 1 1
53 33 7 1 1
53 34 4 1 1
53 35 9 1 1
53 36 7 1 1
53 37 10 1 1
53 38 9 1 1
53 39 9 1 1
53 40 9 1 1
53 41 10 1 1
53 42 5 1 1
53 43 6 1 1
53 44 10 1 1
53 45 2 1 1
53 46 5 1 1
53 47 2 1 1
53 48 2 1 1
53 49 5 1 1
53 50 3 1 1
53 51 5 1 1
53 52 1 1 1
53 53 7 1 1
53 54 3 1 1
53 55 7 1 1
53 56 2 1 1
53 57 8 1 1
53 58 4 1 1
53 59 7 1 1
53 60 8 1 1
53 61 4 1 1
53 62 1 1 1
53 63 6 1 1
54 0 3 1 1
54 1 1 1 1
54 2 9 1 1
54 3 6 1 1
54 4 7 1 1
54 5 6 1 1
54 6 4 1 1
54 7 5 1 1
54 8 6 1 1
54 9 8 1 1
54 10 6 1 1
54 11 8 1 1
54 12 1 1 1
54 13 10 1 1
54 14 3 1 1
54 15 5 1 1
54 16 5 1 1
54 17 4 1 1
54 18 7 1 1
54 19 9 1 1
54 20 5 1 1
54 21 2 1 1
54 22 10 1 1
54 23 6 1 1
54 24 2 1 1
54 25 7 1 1
54 26 10 1 1
54 27 2 1 1
54 28 7 1 1
54 29 7 1 1
54 30 4 1 1
54 31 10 1 1
54 32 3 1 1
54 33 7 1 1
54 34 3 1 1
54 35 1 1 1
54 36 6 1 1
54 37 1 1 1
54 38 4 1 1
54 39 1 1 1
54 40 5 1 1
54 41 1 1 1
54 42 1 1 1
54 43 8 1 1
54 44 3 1 1
54 45 4 1 1
54 46 2 1 1
54 47 7 1 1
54 48 4 1 1
54 49 9 1 1
54 50 5 1 1
54 51 5 1 1
54 52 8 1 1
54 53 3 1 1
54 54 1 1 1
54 55 5 1 1
54 56 7 1 1
54 57 4 1 1
54 58 10 1 1
54 59 9 1 1
54 60 2 1 1
54 61 4 1 1
54 62 4 1 1
54 63 5 1 1
55 0 2 1 1
55 1 1 1 1
55 2 9 1 1
55 3 4 1 1
55 4 6 1 1
55 5 6 1 1
55 6 8 1 1
55 7 10 1 1
55 8 8 1 1
55 9 7 1 1
55 10 7 1 1
55 11 4 1 1
55 12 9 1 1
55 13 7 1 1
55 14 4 1 1
55 15 8 1 1
55 16 7 1 1
55 17 10 1 1
55 18 6 1 1
55 19 4 1 1
55 20 6 1 1
55 21 2 1 1
55 22 5 1 1
55 23 6 1 1
55 24 7 1 1
55 25 7 1 1
55 26 2 1 1
55 27 5 1 1
55 28 2 1 1
55 29 1 1 1
55 30 9 1 1
55 31 5 1 1
55 32 1 1 1
55 33 6 1 1
55 34 6 1 1
55 35 9 1 1
55 36 5 1 1
55 37 3 1 1
55 38 5 1 1
55 39 6 1 1
55 40 6 1 1
55 41 9 1 1
55 42 3 1 1
55 43 10 1 1
55 44 3 1 1
55 45 1 1 1
55 46 4 1 1
55 47 10 1 1
55 48 4 1 1
55 49 2 1 1
55 50 10 1 1
55 51 6 1 1
55 52 1 1 1
55 53 2 1 1
55 54 2 1 1
55 55 7 1 1
55 56 8 1 1
55 57 4 1 1
55 58 6 1 1
55 59 4 1 1
55 60 5 1 1
55 61 10 1 1
55 62 3 1 1
55 63 8 1 1
56 0 5 1 1
56 1 4 1 1
56 2 3 1 1
56 3 1 1 1
56 4 2 1 1
56 5 5 1 1
56 6 3 1 1
56 7 8 1 1
56 8 6 1 1
56 9 7 1 1
56 10 7 1 1
56 11 9 1 1
56 12 9 1 1
56 13 4 1 1
56 14 3 1 1
56 15 3 1 1
56 16 2 1 1
56 17 6 1 1
56 18 5 1 1
56 19 5 1 1
56 20 8 1 1
56 21 9 1 1
56 22 6 1 1
56 23 1 1 1
56 24 2 1 1
56 25 7 1 1
56 26 5 1 1
56 27 6 1 1
56 28 2 1 1
56 29 4 1 1
56 30 2 1 1
56 31 2 1 1
56 32 4 1 1
56 33 8 1 1
56 34 9 1 1
56 35 9 1 1
56 36 2 1 1
56 37 9 1 1
56 38 3 1 1
56 39 8 1 1
56 40 4 1 1
56 41 3 1 1
56 42 5 1 1
56 43 10 1 1
56 44 9 1 1
56 45 5 1 1
56 46 7 1 1
56 47 5 1 1
56 48 8 1 1
56 49 1 1 1
56 50 10 1 1
56 51 6 1 1
56 52 9 1 1
56 53 3 1 1
56 54 10 1 1
56 55 9 1 1
56 56 2 1 1
56 57 7 1 1
56 58 6 1 1
56 59 7 1 1
56 60 5 1 1
56 61 10 1 1
56 62 10 1 1
56 63 7 1 1
57 0 7 1 1
57 1 9 1 1
57 2 1 1 1
57 3 7 1 1
57 4 9 1 1
57 5 8 1 1
57 6 4 1 1
57 7 1 1 1
57 8 9 1 1
57 9 4 1 1
57 10 4 1 1
57 11 3 1 1
57 12 7 1 1
57 13 6 1 1
57 14 4 1 1
57 15 2 1 1
57 16 8 1 1
57 17 3 1 1
57 18 10 1 1
57 19 10 1 1
57 20 6 1 1
57 21 3 1 1
57 22 10 1 1
57 23 6 1 1
57 24 10 1 1
57 25 4 1 1
57 26 3 1 1
57 27 2 1 1
57 28 3 1 1
57 29 5 1 1
57 30 3 1 1
57 31 8 1 1
57 32 9 1 1
57 33 8 1 1
57 34 3 1 1
57 35 3 1 1
57 36 1 1 1
57 37 10 1 1
57 38 5 1 1
57 39 4 1 1
57 40 7 1 1
57 41 6 1 1
57 42 1 1 1
57 43 1 1 1
57 44 8 1 1
57 45 10 1 1
57 46 1 1 1
57 47 10 1 1
57 48 7 1 1
57 49 5 1 1
57 50 6 1 1
57 51 2 1 1
57 52 6 1 1
57 53 1 1 1
57 54 3 1 1
57 55 2 1 1
57 56 4 1 1
57 57 7 1 1
57 58 9 1 1
57 59 2 1 1
57 60 1 1 1
57 61 9 1 1
57 62 4 1 1
57 63 1 1 1
58 0 9 1 1
58 1 3 1 1
58 2 4 1 1
58 3 1 1 1
58 4 8 1 1
58 5 9 1 1
58 6 10 1 1
58 7 1 1 1
58 8 10 1 1
58 9 10 1 1
58 10 9 1 1
58 11 7 1 1
58 12 4 1 1
58 13 4 1 1
58 14 4 1 1
58 15 2 1 1
58 16 5 1 1
58 17 3 1 1
58 18 1 1 1
58 19 1 1 1
58 20 5 1 1
58 21 1 1 1
58 22 1 1 1
58 23 4 1 1
58 24 7 1 1
58 25 6 1 1
58 26 1 1 1
58 27 6 1 1
58 28 3 1 1
58 29 6 1 1
58 30 3 1 1
58 31 8 1 1
58 32 9 1 1
58 33 4 1 1
58 34 5 1 1
58 35 5 1 1
58 36 6 1 1
58 37 6 1 1
58 38 10 1 1
58 39 10 1 1
58 40 1 1 1
58 41 3 1 1
58 42 4 1 1
58 43 4 1 1
58 44 2 1 1
58 45 3 1 1
58 46 3 1 1
58 47 4 1 1
58 48 9 1 1
58 49 4 1 1
58 50 8 1 1
58 51 7 1 1
58 52 6 1 1
58 53 4 1 1
58 54 9 1 1
58 55 5 1 1
58 56 8 1 1
58 57 5 1 1
58 58 4 1 1
58 59 1 1 1
58 60 10 1 1
58 61 4 1 1
58 62 2 1 1
58 63 10 1 1
59 0 7 1 1
59 1 4 1 1
59 2 5 1 1
59 3 3 1 1
59 4 9 1 1
59 5 7 1 1
59 6 1 1 1
59 7 4 1 1
59 8 7 1 1
59 9 4 1 1
59 10 10 1 1
59 11 5 1 1
59 12 8 1 1
59 13 2 1 1
59 14 9 1 1
59 15 3 1 1
59 16 4 1 1
59 17 1 1 1
59 18 2 1 1
59 19 8 1 1
59 20 4 1 1
59 21 2 1 1
59 22 10 1 1
59 23 7 1 1
59 24 9 1 1
59 25 5 1 1
59 26 9 1 1
59 27 4 1 1
59 28 7 1 1
59 29 8 1 1
59 30 3 1 1
59 31 5 1 1
59 32 4 1 1
59 33 4 1 1
59 34 5 1 1
59 35 6 1 1
59 36 4 1 1
59 37 3 1 1
59 38 3 1 1
59 39 1 1 1
59 40 10 1 1
59 41 8 1 1
59 42 9 1 1
59 43 7 1 1
59 44 3 1 1
59 45 5 1 1
59 46 8 1 1
59 47 2 1 1
59 48 1 1 1
59 49 6 1 1
59 50 2 1 1
59 51 8 1 1
59 52 4 1 1
59 53 5 1 1
59 54 8 1 1
59 55 7 1 1
59 56 10 1 1
59 57 3 1 1
59 58 9 1 1
59 59 9 1 1
59 60 3 1 1
59 61 3 1 1
59 62 4 1 1
59 63 1 1 1
60 0 7 1 1
60 1 8 1 1
60 2 10 1 1
60 3 3 1 1
60 4 4 1 1
60 5 4 1 1
60 6 8 1 1
60 7 3 1 1
60 8 2 1 1
60 9 8 1 1
60 10 3 1 1
60 11 8 1 1
60 12 10 1 1
60 13 6 1 1
60 14 8 1 1
60 15 7 1 1
60 16 2 1 1
60 17 3 1 1
60 18 9 1 1
60 19 7 1 1
60 20 8 1 1
60 21 5 1 1
60 22 7 1 1
60 23 5 1 1
60 24 3 1 1
60 25 5 1 1
60 26 6 1 1
60 27 3 1 1
60 28 1 1 1
60 29 6 1 1
60 30 9 1 1
60 31 7 1 1
60 32 1 1 1
60 33 5 1 1
60 34 3 1 1
60 35 9 1 1
60 36 2 1 1
60 37 1 1 1
60 38 9 1 1
60 39 6 1 1
60 40 10 1 1
60 41 1 1 1
60 42 7 1 1
60 43 3 1 1
60 44 8 1 1
60 45 3 1 1
60 46 2 1 1
60 47 6 1 1
60 48 5 1 1
60 49 9 1 1
60 50 10 1 1
60 51 4 1 1
60 52 10 1 1
60 53 7 1 1
60 54 10 1 1
60 55 5 1 1
60 56 4 1 1
60 57 3 1 1
60 58 3 1 1
60 59 4 1 1
60 60 7 1 1
60 61 5 1 1
60 62 9 1 1
60 63 7 1 1
61 0 1 1 1
61 1 6 1 1
61 2 5 1 1
61 3 1 1 1
61 4 8 1 1
61 5 7 1 1
61 6 2 1 1
61 7 7 1 1
61 8 2 1 1
61 9 9 1 1
61 10 2 1 1
61 11 5 1 1
61 12 3 1 1
61 13 10 1 1
61 14 1 1 1
61 15 7 1 1
61 16 9 1 1
61 17 6 1 1
61 18 4 1 1
61 19 1 1 1
61 20 1 1 1
61 21 8 1 1
61 22 10 1 1
61 23 7 1 1
61 24 1 1 1
61 25 8 1 1
61 26 1 1 1
61 27 10 1 1
61 28 1 1 1
61 29 3 1 1
61 30 3 1 1
61 31 6 1 1
61 32 8 1 1
61 33 2 1 1
61 34 1 1 1
61 35 4 1 1
61 36 9 1 1
61 37 2 1 1
61 38 9 1 1
61 39 4 1 1
61 40 4 1 1
61 41 3 1 1
61 42 5 1 1
61 43 5 1 1
61 44 10 1 1
61 45 9 1 1
61 46 3 1 1
61 47 7 1 1
61 48 8 1 1
61 49 5 1 1
61 50 7 1 1
61 51 7 1 1
61 52 7 1 1
61 53 4 1 1
61 54 9 1 1
61 55 8 1 1
61 56 6 1 1
61 57 10 1 1
61 58 4 1 1
61 59 4 1 1
61 60 7 1 1
61 61 5 1 1
61 62 2 1 1
61 63 7 1 1
62 0 4 1 1
62 1 7 1 1
62 2 7 1 1
62 3 1 1 1
62 4 7 1 1
62 5 1 1 1
62 6 5 1 1
62 7 4 1 1
62 8 2 1 1
62 9 4 1 1
62 10 10 1 1
62 11 5 1 1
62 12 2 1 1
62 13 7 1 1
62 14 5 1 1
62 15 5 1 1
62 16 10 1 1
62 17 9 1 1
62 18 1 1 1
62 19 4 1 1
62 20 8 1 1
62 21 3 1 1
62 22 10 1 1
62 23 4 1 1
62 24 9 1 1
62 25 3 1 1
62 26 8 1 1
62 27 5 1 1
62 28 4 1 1
62 29 5 1 1
62 30 1 1 1
62 31 1 1 1
62 32 10 1 1
62 33 10 1 1
62 34 8 1 1
62 35 10 1 1
62 36 9 1 1
62 37 6 1 1
62 38 2 1 1
62 39 1 1 1
62 40 9 1 1
62 41 4 1 1
62 42 7 1 1
62 43 6 1 1
62 44 3 1 1
62 45 3 1 1
62 46 3 1 1
62 47 1 1 1
62 48 10 1 1
62 49 3 1 1
62 50 4 1 1
62 51 8 1 1
62 52 6 1 1
62 53 9 1 1
62 54 2 1 1
62 55 5 1 1
62 56 1 1 1
62 57 1 1 1
62 58 9 1 1
62 59 2 1 1
62 60 6 1 1
62 61 3 1 1
62 62 4 1 1
62 63 7 1 1
63 0 3 1 1
63 1 3 1 1
63 2 6 1 1
63 3 2 1 1
63 4 9 1 1
63 5 2 1 1
63 6 5 1 1
63 7 3 1 1
63 8 2 1 1
63 9 1 1 1
63 10 7 1 1
63 11 10 1 1
63 12 10 1 1
63 13 7 1 1
63 14 1 1 1
63 15 4 1 1
63 16 7 1 1
63 17 6 1 1
63 18 10 1 1
63 19 7 1 1
63 20 10 1 1
63 21 3 1 1
63 22 8 1 1
63 23 7 1 1
63 24 9 1 1
63 25 7 1 1
63 26 6 1 1
63 27 2 1 1
63 28 1 1 1
63 29 3 1 1
63 30 1 1 1
63 31 7 1 1
63 32 6 1 1
63 33 1 1 1
63 34 3 1 1
63 35 6 1 1
63 36 3 1 1
63 37 10 1 1
63 38 4 1 1
63 39 9 1 1
63 40 7 1 1
63 41 7 1 1
63 42 8 1 1
63 43 6 1 1
63 44 10 1 1
63 45 6 1 1
63 46 4 1 1
63 47 7 1 1
63 48 6 1 1
63 49 6 1 1
63 50 10 1 1
63 51 4 1 1
63 52 2 1 1
63 53 5 1 1
63 54 10 1 1
63 55 3 1 1
63 56 3 1 1
63 57 4 1 1
63 58 9 1 1
63 59 3 1 1
63 60 1 1 1
63 61 5 1 1
63 62 5 1 1
63 63 1 1 1
