5845 -2.9059776807116577e-10 
5879 -2.9059776807116577e-10 
936 -2.9046454130821076e-10 
3859 -2.9052671379758976e-10 
6221 -2.906404006353114e-10 
677 -2.906972440541722e-10 
4056 -2.9059776807116577e-10 
6817 -2.9059066264380817e-10 
9064 -2.9056579364805657e-10 
9355 -2.901341389360823e-10 
8555 -2.906048734985234e-10 
5485 -2.9039881610515295e-10 
1470 -2.9058355721645057e-10 
7588 -2.9058355721645057e-10 
6907 -2.90611978925881e-10 
9472 -2.9059066264380817e-10 
4738 -2.90611978925881e-10 
8845 -2.846429758562863e-10 
9345 -2.909246177296154e-10 
3182 -2.9058355721645057e-10 
1026 -2.9049829208815936e-10 
700 -2.901998641391401e-10 
5656 -2.9059776807116577e-10 
6918 -2.902531548443221e-10 
2678 -2.906404006353114e-10 
9869 -2.906404006353114e-10 
7353 -2.9103830456733704e-10 
8873 -2.906972440541722e-10 
5771 -2.9041480331670755e-10 
3985 -2.9048052851976536e-10 
6063 -2.9059776807116577e-10 
7044 -2.9103830456733704e-10 
2801 -2.908109308918938e-10 
3527 -2.8845015265233087e-10 
7311 -2.9049829208815936e-10 
8425 -2.90611978925881e-10 
9785 -2.9056934636173537e-10 
3469 -2.9059066264380817e-10 
7865 -2.9059776807116577e-10 
425 -2.9056579364805657e-10 
9818 -2.9057645178909297e-10 
398 -2.9056934636173537e-10 
5691 -2.90611978925881e-10 
9198 -2.908109308918938e-10 
7015 -2.9052671379758976e-10 
8699 -2.9057645178909297e-10 
1596 -2.9059776807116577e-10 
2197 -2.8957281017483183e-10 
6585 -2.9057645178909297e-10 
4764 -2.899760431773757e-10 
2477 -5.718214790562115e-11 
281 -2.901039408698125e-10 
3290 -2.894138262377055e-10 
7762 -2.906404006353114e-10 
9801 -2.908109308918938e-10 
6709 -2.881126448528448e-10 
7949 -2.9056934636173537e-10 
9684 -2.9056934636173537e-10 
8238 -2.9059776807116577e-10 
771 -2.906972440541722e-10 
5062 -2.9057645178909297e-10 
7287 -2.90611978925881e-10 
3760 -2.9055513550702017e-10 
3418 -2.9058355721645057e-10 
6845 -2.9103830456733704e-10 
6580 -2.90611978925881e-10 
6482 -2.9056934636173537e-10 
1171 -2.90611978925881e-10 
9656 -2.8585622757759666e-10 
1280 -2.9059066264380817e-10 
4095 -2.906404006353114e-10 
4531 -2.9058355721645057e-10 
5571 -2.90611978925881e-10 
2530 -2.9049473937448056e-10 
3643 -2.9046987037872896e-10 
6895 -2.9058355721645057e-10 
6501 -2.9046454130821076e-10 
104 -2.5210522558438697e-10 
5195 -2.906404006353114e-10 
4415 -2.914930519182235e-10 
8427 -2.9059066264380817e-10 
2138 -2.9052671379758976e-10 
5337 -2.9059066264380817e-10 
241 -2.9056934636173537e-10 
9862 -2.9194779926910996e-10 
1824 -2.9058355721645057e-10 
8722 -2.9055158279334137e-10 
8848 -2.9059776807116577e-10 
6274 -2.9059776807116577e-10 
5218 -2.9057289907541417e-10 
1635 -2.9056934636173537e-10 
2775 -2.906261897805962e-10 
1902 -2.9056934636173537e-10 
764 -2.9058355721645057e-10 
2159 -2.9103830456733704e-10 
4078 -2.9056579364805657e-10 
4164 -2.9031888004737993e-10 
5175 -2.9058355721645057e-10 
19 -2.964952727779746e-10 
7663 -2.90611978925881e-10 
8787 -2.9054092465230497e-10 
835 -2.9051250294287456e-10 
791 -2.9056934636173537e-10 
3965 -2.9056934636173537e-10 
4320 -2.9047697580608656e-10 
2640 -2.906261897805962e-10 
9597 -2.906972440541722e-10 
4007 -2.9045565952401375e-10 
3976 -2.9038638160727714e-10 
8670 -2.9056934636173537e-10 
7327 -2.9057645178909297e-10 
4268 -2.9056224093437777e-10 
5919 -2.9058355721645057e-10 
6252 -2.9059776807116577e-10 
3359 -2.9055158279334137e-10 
681 -2.9046987037872896e-10 
2819 -2.9059066264380817e-10 
1223 -2.906404006353114e-10 
6712 -2.9056224093437777e-10 
2472 -2.9056224093437777e-10 
3666 -2.874003257602453e-10 
1929 -2.908109308918938e-10 
4935 -2.9058355721645057e-10 
8869 -2.906688223447418e-10 
4337 -2.9194779926910996e-10 
1231 -2.90611978925881e-10 
934 -2.9059776807116577e-10 
2473 -2.9053737193862617e-10 
3292 -2.9059776807116577e-10 
3574 -2.9056934636173537e-10 
4165 -2.9052671379758976e-10 
9401 -2.9058355721645057e-10 
1993 -2.906546114900266e-10 
7500 -2.9055868822069897e-10 
5424 -3.019522409886122e-10 
1729 -2.9052671379758976e-10 
4332 -2.906404006353114e-10 
2825 -2.906048734985234e-10 
9955 -2.906972440541722e-10 
5371 -2.9056579364805657e-10 
5910 -2.9059066264380817e-10 
4318 -2.9052671379758976e-10 
8769 -2.9048052851976536e-10 
6563 -2.9058355721645057e-10 
7997 -2.9058355721645057e-10 
1551 -2.90611978925881e-10 
7479 -2.9058355721645057e-10 
5022 -2.9059066264380817e-10 
284 -2.892193151637912e-10 
8341 -2.9058000450277177e-10 
8820 -2.9058355721645057e-10 
1644 -2.9054092465230497e-10 
3114 -2.9035618354100734e-10 
9651 -2.909246177296154e-10 
1762 -2.9046987037872896e-10 
6190 -2.906972440541722e-10 
9642 -2.9058355721645057e-10 
3233 -2.9057645178909297e-10 
780 -2.9057645178909297e-10 
482 -2.894466888392344e-10 
