0 0 9 1 1
0 1 8 1 0
0 2 3 1 0
0 3 5 1 0
0 4 7 1 0
0 5 3 1 0
0 6 6 1 0
0 7 8 1 0
0 8 10 1 0
0 9 10 1 0
0 10 9 1 0
0 11 7 1 0
0 12 1 1 1
0 13 10 1 0
0 14 1 1 0
0 15 3 1 0
0 16 2 1 0
0 17 4 1 1
0 18 9 1 0
0 19 10 1 1
0 20 6 1 0
0 21 2 1 0
0 22 5 1 0
0 23 10 1 0
0 24 7 1 1
0 25 2 1 0
0 26 8 1 0
0 27 1 1 1
0 28 8 1 0
0 29 4 1 0
0 30 1 1 0
0 31 5 1 0
0 32 9 1 0
0 33 1 1 0
0 34 1 1 0
0 35 9 1 0
0 36 8 1 0
0 37 8 1 0
0 38 7 1 1
0 39 5 1 0
0 40 5 1 0
0 41 9 1 0
0 42 7 1 0
0 43 10 1 0
0 44 3 1 0
0 45 5 1 0
0 46 9 1 0
0 47 7 1 0
0 48 4 1 1
0 49 7 1 0
0 50 7 1 0
0 51 5 1 1
0 52 7 1 0
0 53 9 1 0
0 54 4 1 1
0 55 4 1 0
0 56 3 1 1
0 57 2 1 0
0 58 1 1 0
0 59 5 1 0
0 60 2 1 0
0 61 5 1 0
0 62 5 1 0
0 63 1 1 0
1 0 8 1 0
1 1 9 1 0
1 2 10 1 1
1 3 3 1 0
1 4 2 1 0
1 5 8 1 0
1 6 5 1 0
1 7 5 1 1
1 8 7 1 0
1 9 2 1 0
1 10 6 1 0
1 11 3 1 0
1 12 6 1 0
1 13 4 1 0
1 14 1 1 0
1 15 5 1 0
1 16 3 1 0
1 17 9 1 0
1 18 6 1 0
1 19 7 1 0
1 20 2 1 0
1 21 3 1 0
1 22 2 1 0
1 23 9 1 1
1 24 9 1 1
1 25 7 1 0
1 26 3 1 0
1 27 10 1 0
1 28 5 1 1
1 29 5 1 0
1 30 4 1 0
1 31 9 1 0
1 32 7 1 0
1 33 8 1 0
1 34 8 1 0
1 35 3 1 1
1 36 1 1 0
1 37 6 1 0
1 38 10 1 1
1 39 2 1 0
1 40 3 1 0
1 41 6 1 0
1 42 9 1 0
1 43 4 1 0
1 44 5 1 0
1 45 3 1 0
1 46 6 1 0
1 47 3 1 0
1 48 10 1 1
1 49 8 1 0
1 50 10 1 0
1 51 4 1 0
1 52 5 1 0
1 53 1 1 0
1 54 2 1 0
1 55 9 1 0
1 56 2 1 0
1 57 2 1 0
1 58 2 1 0
1 59 2 1 0
1 60 10 1 1
1 61 5 1 0
1 62 9 1 0
1 63 2 1 0
2 0 4 1 0
2 1 8 1 0
2 2 5 1 0
2 3 2 1 0
2 4 5 1 0
2 5 4 1 0
2 6 1 1 0
2 7 4 1 0
2 8 10 1 0
2 9 4 1 0
2 10 3 1 0
2 11 5 1 0
2 12 6 1 1
2 13 8 1 1
2 14 8 1 0
2 15 7 1 0
2 16 9 1 1
2 17 1 1 0
2 18 10 1 0
2 19 3 1 0
2 20 5 1 0
2 21 8 1 0
2 22 5 1 0
2 23 10 1 1
2 24 1 1 0
2 25 10 1 0
2 26 4 1 0
2 27 9 1 0
2 28 1 1 0
2 29 8 1 0
2 30 2 1 1
2 31 2 1 0
2 32 4 1 0
2 33 7 1 1
2 34 7 1 0
2 35 5 1 0
2 36 5 1 0
2 37 3 1 0
2 38 4 1 0
2 39 2 1 1
2 40 3 1 0
2 41 2 1 0
2 42 2 1 0
2 43 9 1 0
2 44 6 1 0
2 45 2 1 0
2 46 3 1 1
2 47 6 1 0
2 48 10 1 1
2 49 8 1 0
2 50 4 1 0
2 51 2 1 0
2 52 4 1 0
2 53 3 1 1
2 54 3 1 0
2 55 10 1 0
2 56 3 1 1
2 57 2 1 0
2 58 8 1 1
2 59 8 1 0
2 60 10 1 0
2 61 4 1 0
2 62 5 1 0
2 63 3 1 0
3 0 1 1 0
3 1 4 1 0
3 2 5 1 0
3 3 5 1 0
3 4 6 1 0
3 5 5 1 0
3 6 4 1 0
3 7 7 1 1
3 8 1 1 1
3 9 7 1 0
3 10 4 1 1
3 11 5 1 0
3 12 4 1 0
3 13 2 1 0
3 14 8 1 0
3 15 3 1 0
3 16 4 1 0
3 17 10 1 0
3 18 3 1 1
3 19 2 1 1
3 20 4 1 0
3 21 2 1 0
3 22 2 1 0
3 23 8 1 0
3 24 1 1 1
3 25 9 1 0
3 26 10 1 0
3 27 6 1 0
3 28 7 1 0
3 29 9 1 0
3 30 1 1 1
3 31 1 1 0
3 32 6 1 1
3 33 9 1 0
3 34 4 1 0
3 35 8 1 0
3 36 9 1 0
3 37 8 1 0
3 38 10 1 1
3 39 7 1 0
3 40 6 1 0
3 41 9 1 1
3 42 5 1 0
3 43 6 1 1
3 44 6 1 0
3 45 9 1 0
3 46 3 1 0
3 47 5 1 0
3 48 5 1 0
3 49 1 1 0
3 50 10 1 0
3 51 7 1 0
3 52 3 1 0
3 53 9 1 0
3 54 6 1 1
3 55 3 1 1
3 56 6 1 0
3 57 1 1 1
3 58 9 1 0
3 59 8 1 0
3 60 5 1 0
3 61 2 1 0
3 62 10 1 0
3 63 6 1 0
4 0 1 1 0
4 1 10 1 1
4 2 1 1 0
4 3 3 1 0
4 4 10 1 0
4 5 3 1 0
4 6 8 1 0
4 7 4 1 0
4 8 1 1 0
4 9 5 1 0
4 10 2 1 1
4 11 1 1 0
4 12 6 1 0
4 13 6 1 0
4 14 7 1 0
4 15 4 1 0
4 16 3 1 0
4 17 7 1 0
4 18 1 1 0
4 19 3 1 0
4 20 10 1 0
4 21 8 1 0
4 22 1 1 0
4 23 10 1 0
4 24 7 1 0
4 25 9 1 0
4 26 6 1 0
4 27 2 1 0
4 28 2 1 0
4 29 6 1 1
4 30 10 1 0
4 31 4 1 0
4 32 2 1 0
4 33 1 1 0
4 34 7 1 0
4 35 4 1 0
4 36 1 1 0
4 37 9 1 0
4 38 4 1 0
4 39 7 1 0
4 40 9 1 1
4 41 3 1 0
4 42 8 1 0
4 43 3 1 0
4 44 5 1 0
4 45 1 1 1
4 46 4 1 1
4 47 6 1 0
4 48 9 1 0
4 49 8 1 0
4 50 7 1 1
4 51 8 1 1
4 52 1 1 1
4 53 7 1 0
4 54 2 1 1
4 55 9 1 0
4 56 1 1 0
4 57 2 1 0
4 58 10 1 1
4 59 10 1 1
4 60 10 1 0
4 61 4 1 0
4 62 5 1 1
4 63 2 1 0
5 0 2 1 0
5 1 2 1 0
5 2 2 1 0
5 3 3 1 0
5 4 7 1 0
5 5 10 1 0
5 6 8 1 0
5 7 10 1 0
5 8 8 1 0
5 9 10 1 0
5 10 7 1 1
5 11 9 1 0
5 12 6 1 0
5 13 4 1 0
5 14 4 1 0
5 15 8 1 0
5 16 9 1 0
5 17 9 1 1
5 18 2 1 1
5 19 3 1 0
5 20 3 1 0
5 21 2 1 0
5 22 5 1 0
5 23 10 1 0
5 24 4 1 0
5 25 9 1 1
5 26 8 1 0
5 27 10 1 0
5 28 1 1 0
5 29 9 1 0
5 30 5 1 0
5 31 6 1 0
5 32 6 1 0
5 33 8 1 0
5 34 7 1 1
5 35 6 1 0
5 36 6 1 0
5 37 7 1 0
5 38 3 1 0
5 39 2 1 0
5 40 6 1 0
5 41 8 1 0
5 42 10 1 0
5 43 8 1 0
5 44 8 1 1
5 45 6 1 0
5 46 10 1 0
5 47 2 1 0
5 48 7 1 0
5 49 6 1 1
5 50 8 1 0
5 51 6 1 0
5 52 6 1 0
5 53 8 1 0
5 54 7 1 0
5 55 3 1 0
5 56 1 1 0
5 57 8 1 0
5 58 10 1 0
5 59 7 1 0
5 60 4 1 0
5 61 1 1 0
5 62 5 1 0
5 63 2 1 1
6 0 10 1 0
6 1 9 1 0
6 2 7 1 0
6 3 8 1 0
6 4 9 1 0
6 5 9 1 0
6 6 6 1 0
6 7 3 1 1
6 8 10 1 0
6 9 8 1 0
6 10 2 1 1
6 11 9 1 0
6 12 8 1 0
6 13 2 1 0
6 14 5 1 0
6 15 2 1 0
6 16 6 1 0
6 17 9 1 1
6 18 1 1 0
6 19 10 1 0
6 20 5 1 0
6 21 1 1 0
6 22 9 1 0
6 23 8 1 0
6 24 6 1 0
6 25 1 1 0
6 26 10 1 0
6 27 4 1 1
6 28 10 1 0
6 29 4 1 0
6 30 8 1 1
6 31 8 1 0
6 32 7 1 0
6 33 9 1 0
6 34 5 1 1
6 35 5 1 1
6 36 9 1 1
6 37 3 1 0
6 38 8 1 1
6 39 7 1 0
6 40 8 1 1
6 41 5 1 0
6 42 1 1 0
6 43 10 1 0
6 44 1 1 0
6 45 6 1 0
6 46 3 1 0
6 47 7 1 0
6 48 3 1 0
6 49 5 1 0
6 50 6 1 0
6 51 6 1 0
6 52 9 1 0
6 53 1 1 1
6 54 4 1 0
6 55 3 1 0
6 56 2 1 0
6 57 10 1 1
6 58 9 1 0
6 59 4 1 0
6 60 6 1 0
6 61 9 1 0
6 62 5 1 1
6 63 10 1 0
7 0 7 1 0
7 1 7 1 0
7 2 10 1 0
7 3 1 1 0
7 4 2 1 0
7 5 8 1 0
7 6 7 1 1
7 7 8 1 1
7 8 1 1 0
7 9 10 1 0
7 10 6 1 0
7 11 1 1 0
7 12 9 1 0
7 13 1 1 0
7 14 1 1 0
7 15 7 1 0
7 16 3 1 0
7 17 7 1 1
7 18 4 1 0
7 19 4 1 0
7 20 2 1 0
7 21 3 1 0
7 22 5 1 0
7 23 5 1 0
7 24 6 1 0
7 25 10 1 1
7 26 2 1 0
7 27 2 1 0
7 28 1 1 0
7 29 5 1 1
7 30 7 1 1
7 31 4 1 0
7 32 6 1 0
7 33 10 1 0
7 34 4 1 0
7 35 5 1 0
7 36 6 1 0
7 37 2 1 0
7 38 5 1 0
7 39 6 1 0
7 40 4 1 0
7 41 7 1 0
7 42 4 1 0
7 43 4 1 0
7 44 5 1 0
7 45 9 1 0
7 46 2 1 0
7 47 5 1 0
7 48 1 1 1
7 49 10 1 0
7 50 10 1 0
7 51 2 1 0
7 52 5 1 0
7 53 5 1 1
7 54 6 1 0
7 55 10 1 1
7 56 2 1 0
7 57 8 1 0
7 58 4 1 0
7 59 1 1 0
7 60 9 1 1
7 61 9 1 0
7 62 1 1 0
7 63 4 1 0
8 0 3 1 1
8 1 1 1 0
8 2 5 1 1
8 3 3 1 0
8 4 6 1 1
8 5 4 1 0
8 6 6 1 0
8 7 2 1 1
8 8 7 1 0
8 9 10 1 0
8 10 6 1 0
8 11 2 1 0
8 12 9 1 1
8 13 7 1 0
8 14 5 1 0
8 15 6 1 0
8 16 5 1 0
8 17 8 1 1
8 18 5 1 0
8 19 5 1 0
8 20 5 1 0
8 21 9 1 0
8 22 6 1 0
8 23 8 1 0
8 24 6 1 0
8 25 8 1 0
8 26 2 1 0
8 27 5 1 0
8 28 2 1 0
8 29 2 1 1
8 30 2 1 1
8 31 5 1 0
8 32 1 1 0
8 33 8 1 1
8 34 7 1 0
8 35 8 1 0
8 36 10 1 0
8 37 9 1 0
8 38 5 1 0
8 39 4 1 0
8 40 5 1 0
8 41 10 1 0
8 42 6 1 0
8 43 3 1 0
8 44 5 1 0
8 45 5 1 0
8 46 1 1 0
8 47 4 1 0
8 48 10 1 0
8 49 3 1 0
8 50 9 1 0
8 51 7 1 0
8 52 7 1 0
8 53 4 1 1
8 54 10 1 0
8 55 5 1 0
8 56 4 1 1
8 57 6 1 0
8 58 3 1 0
8 59 8 1 0
8 60 6 1 0
8 61 9 1 0
8 62 8 1 0
8 63 6 1 0
9 0 4 1 1
9 1 4 1 1
9 2 9 1 0
9 3 2 1 0
9 4 10 1 0
9 5 3 1 0
9 6 10 1 0
9 7 5 1 0
9 8 5 1 0
9 9 1 1 0
9 10 10 1 0
9 11 4 1 0
9 12 10 1 0
9 13 2 1 1
9 14 10 1 0
9 15 3 1 0
9 16 8 1 0
9 17 7 1 0
9 18 4 1 0
9 19 7 1 0
9 20 8 1 1
9 21 6 1 0
9 22 3 1 0
9 23 4 1 0
9 24 4 1 1
9 25 7 1 0
9 26 10 1 1
9 27 5 1 0
9 28 1 1 0
9 29 9 1 0
9 30 6 1 1
9 31 6 1 0
9 32 5 1 0
9 33 5 1 0
9 34 8 1 0
9 35 6 1 0
9 36 2 1 0
9 37 2 1 0
9 38 4 1 0
9 39 5 1 0
9 40 9 1 0
9 41 10 1 0
9 42 2 1 0
9 43 4 1 0
9 44 10 1 0
9 45 7 1 0
9 46 8 1 0
9 47 9 1 0
9 48 4 1 1
9 49 8 1 0
9 50 7 1 0
9 51 9 1 0
9 52 3 1 0
9 53 8 1 0
9 54 1 1 0
9 55 2 1 0
9 56 5 1 0
9 57 10 1 1
9 58 6 1 1
9 59 10 1 0
9 60 2 1 0
9 61 1 1 0
9 62 2 1 0
9 63 1 1 0
10 0 1 1 0
10 1 6 1 1
10 2 5 1 0
10 3 6 1 1
10 4 8 1 0
10 5 4 1 0
10 6 8 1 0
10 7 5 1 0
10 8 1 1 0
10 9 2 1 0
10 10 10 1 1
10 11 7 1 1
10 12 1 1 0
10 13 8 1 0
10 14 6 1 0
10 15 7 1 1
10 16 8 1 0
10 17 2 1 0
10 18 8 1 0
10 19 9 1 0
10 20 4 1 0
10 21 9 1 0
10 22 9 1 0
10 23 6 1 0
10 24 1 1 0
10 25 10 1 0
10 26 4 1 0
10 27 6 1 0
10 28 9 1 0
10 29 7 1 0
10 30 4 1 0
10 31 4 1 1
10 32 8 1 0
10 33 9 1 0
10 34 2 1 0
10 35 6 1 1
10 36 9 1 0
10 37 6 1 0
10 38 10 1 1
10 39 4 1 0
10 40 8 1 0
10 41 6 1 0
10 42 5 1 0
10 43 2 1 0
10 44 5 1 0
10 45 7 1 0
10 46 8 1 1
10 47 8 1 0
10 48 4 1 0
10 49 1 1 1
10 50 7 1 0
10 51 8 1 0
10 52 5 1 0
10 53 3 1 0
10 54 5 1 1
10 55 8 1 0
10 56 3 1 0
10 57 6 1 0
10 58 8 1 0
10 59 2 1 0
10 60 8 1 0
10 61 4 1 0
10 62 10 1 0
10 63 9 1 0
11 0 8 1 0
11 1 7 1 1
11 2 4 1 1
11 3 2 1 1
11 4 5 1 0
11 5 1 1 0
11 6 2 1 0
11 7 1 1 0
11 8 9 1 0
11 9 9 1 0
11 10 2 1 0
11 11 4 1 0
11 12 10 1 0
11 13 7 1 0
11 14 2 1 0
11 15 8 1 0
11 16 4 1 0
11 17 8 1 1
11 18 5 1 0
11 19 8 1 0
11 20 2 1 1
11 21 2 1 0
11 22 1 1 0
11 23 5 1 1
11 24 3 1 0
11 25 10 1 0
11 26 5 1 0
11 27 8 1 0
11 28 5 1 0
11 29 3 1 1
11 30 7 1 1
11 31 6 1 0
11 32 9 1 1
11 33 6 1 0
11 34 6 1 0
11 35 10 1 0
11 36 9 1 0
11 37 8 1 0
11 38 10 1 1
11 39 8 1 0
11 40 5 1 0
11 41 3 1 0
11 42 6 1 0
11 43 8 1 0
11 44 2 1 0
11 45 3 1 1
11 46 1 1 0
11 47 3 1 0
11 48 6 1 0
11 49 7 1 1
11 50 10 1 0
11 51 1 1 0
11 52 6 1 0
11 53 5 1 1
11 54 9 1 0
11 55 9 1 0
11 56 4 1 0
11 57 10 1 0
11 58 4 1 0
11 59 6 1 0
11 60 4 1 1
11 61 2 1 0
11 62 10 1 0
11 63 8 1 0
12 0 10 1 0
12 1 5 1 1
12 2 5 1 0
12 3 1 1 0
12 4 2 1 0
12 5 3 1 0
12 6 10 1 1
12 7 5 1 1
12 8 10 1 0
12 9 1 1 0
12 10 6 1 0
12 11 1 1 0
12 12 2 1 0
12 13 9 1 0
12 14 6 1 0
12 15 2 1 1
12 16 3 1 0
12 17 10 1 0
12 18 8 1 0
12 19 8 1 0
12 20 7 1 0
12 21 9 1 0
12 22 4 1 0
12 23 6 1 0
12 24 6 1 0
12 25 3 1 0
12 26 2 1 1
12 27 7 1 0
12 28 5 1 0
12 29 1 1 0
12 30 5 1 0
12 31 6 1 0
12 32 8 1 0
12 33 4 1 0
12 34 5 1 0
12 35 1 1 1
12 36 4 1 0
12 37 6 1 0
12 38 2 1 0
12 39 7 1 0
12 40 3 1 0
12 41 4 1 0
12 42 8 1 0
12 43 3 1 0
12 44 3 1 0
12 45 6 1 0
12 46 6 1 0
12 47 1 1 0
12 48 3 1 0
12 49 6 1 0
12 50 9 1 1
12 51 7 1 0
12 52 4 1 1
12 53 4 1 0
12 54 8 1 0
12 55 7 1 0
12 56 4 1 0
12 57 8 1 0
12 58 3 1 0
12 59 10 1 0
12 60 5 1 0
12 61 3 1 0
12 62 3 1 1
12 63 3 1 0
13 0 8 1 0
13 1 1 1 0
13 2 1 1 0
13 3 9 1 0
13 4 8 1 0
13 5 4 1 0
13 6 6 1 0
13 7 10 1 0
13 8 8 1 0
13 9 9 1 0
13 10 4 1 0
13 11 4 1 0
13 12 9 1 1
13 13 8 1 0
13 14 6 1 0
13 15 4 1 1
13 16 8 1 0
13 17 10 1 0
13 18 5 1 0
13 19 5 1 1
13 20 6 1 0
13 21 8 1 0
13 22 8 1 1
13 23 3 1 1
13 24 8 1 0
13 25 9 1 0
13 26 1 1 1
13 27 6 1 0
13 28 4 1 0
13 29 7 1 0
13 30 10 1 0
13 31 10 1 0
13 32 4 1 0
13 33 7 1 0
13 34 6 1 0
13 35 2 1 0
13 36 3 1 0
13 37 3 1 0
13 38 10 1 0
13 39 6 1 0
13 40 4 1 0
13 41 7 1 0
13 42 7 1 0
13 43 2 1 0
13 44 7 1 0
13 45 4 1 0
13 46 5 1 0
13 47 7 1 0
13 48 4 1 0
13 49 5 1 0
13 50 10 1 0
13 51 3 1 0
13 52 10 1 0
13 53 2 1 0
13 54 3 1 0
13 55 9 1 0
13 56 7 1 0
13 57 6 1 0
13 58 3 1 1
13 59 10 1 0
13 60 5 1 0
13 61 7 1 0
13 62 2 1 0
13 63 6 1 0
14 0 6 1 0
14 1 10 1 1
14 2 6 1 0
14 3 2 1 0
14 4 1 1 0
14 5 4 1 1
14 6 4 1 0
14 7 10 1 0
14 8 10 1 1
14 9 1 1 1
14 10 1 1 0
14 11 8 1 0
14 12 10 1 0
14 13 9 1 1
14 14 5 1 0
14 15 2 1 0
14 16 5 1 0
14 17 4 1 1
14 18 8 1 0
14 19 4 1 0
14 20 3 1 0
14 21 4 1 0
14 22 5 1 1
14 23 9 1 0
14 24 5 1 1
14 25 6 1 0
14 26 10 1 1
14 27 9 1 1
14 28 8 1 1
14 29 1 1 0
14 30 3 1 0
14 31 4 1 1
14 32 2 1 0
14 33 6 1 0
14 34 4 1 0
14 35 1 1 0
14 36 2 1 1
14 37 1 1 0
14 38 7 1 0
14 39 2 1 0
14 40 6 1 0
14 41 2 1 1
14 42 1 1 0
14 43 5 1 0
14 44 2 1 0
14 45 7 1 0
14 46 5 1 1
14 47 6 1 0
14 48 10 1 0
14 49 10 1 0
14 50 9 1 1
14 51 7 1 0
14 52 3 1 0
14 53 2 1 0
14 54 6 1 1
14 55 10 1 0
14 56 2 1 0
14 57 2 1 0
14 58 2 1 0
14 59 2 1 0
14 60 2 1 0
14 61 10 1 0
14 62 4 1 0
14 63 9 1 0
15 0 9 1 0
15 1 7 1 0
15 2 1 1 0
15 3 10 1 0
15 4 9 1 0
15 5 6 1 0
15 6 1 1 0
15 7 9 1 0
15 8 2 1 0
15 9 7 1 0
15 10 2 1 1
15 11 3 1 0
15 12 9 1 0
15 13 5 1 0
15 14 7 1 1
15 15 7 1 1
15 16 6 1 1
15 17 1 1 0
15 18 4 1 0
15 19 5 1 0
15 20 3 1 0
15 21 10 1 0
15 22 6 1 0
15 23 6 1 1
15 24 7 1 0
15 25 1 1 0
15 26 4 1 0
15 27 6 1 0
15 28 1 1 0
15 29 7 1 0
15 30 9 1 0
15 31 9 1 0
15 32 3 1 1
15 33 6 1 0
15 34 3 1 0
15 35 5 1 1
15 36 10 1 0
15 37 10 1 0
15 38 1 1 0
15 39 5 1 0
15 40 9 1 0
15 41 2 1 0
15 42 8 1 0
15 43 10 1 0
15 44 9 1 0
15 45 7 1 0
15 46 2 1 0
15 47 3 1 0
15 48 8 1 0
15 49 7 1 0
15 50 4 1 0
15 51 2 1 0
15 52 8 1 0
15 53 1 1 0
15 54 7 1 0
15 55 10 1 0
15 56 4 1 0
15 57 8 1 0
15 58 5 1 0
15 59 10 1 0
15 60 9 1 0
15 61 8 1 0
15 62 8 1 0
15 63 7 1 0
16 0 7 1 0
16 1 4 1 0
16 2 9 1 0
16 3 1 1 0
16 4 9 1 0
16 5 2 1 0
16 6 8 1 1
16 7 4 1 1
16 8 5 1 0
16 9 7 1 0
16 10 3 1 0
16 11 1 1 0
16 12 8 1 0
16 13 6 1 0
16 14 9 1 0
16 15 5 1 0
16 16 1 1 1
16 17 2 1 0
16 18 3 1 0
16 19 8 1 0
16 20 6 1 0
16 21 3 1 0
16 22 7 1 0
16 23 5 1 0
16 24 6 1 0
16 25 1 1 0
16 26 8 1 0
16 27 5 1 0
16 28 9 1 0
16 29 3 1 0
16 30 9 1 0
16 31 6 1 0
16 32 7 1 0
16 33 2 1 0
16 34 7 1 1
16 35 10 1 1
16 36 6 1 0
16 37 8 1 0
16 38 10 1 0
16 39 2 1 0
16 40 8 1 0
16 41 10 1 1
16 42 5 1 0
16 43 10 1 1
16 44 9 1 0
16 45 10 1 1
16 46 3 1 0
16 47 1 1 0
16 48 4 1 0
16 49 8 1 0
16 50 10 1 0
16 51 1 1 0
16 52 4 1 0
16 53 4 1 0
16 54 3 1 0
16 55 3 1 0
16 56 2 1 0
16 57 2 1 1
16 58 9 1 1
16 59 4 1 0
16 60 6 1 1
16 61 1 1 0
16 62 3 1 0
16 63 10 1 0
17 0 7 1 0
17 1 2 1 0
17 2 10 1 0
17 3 7 1 1
17 4 9 1 0
17 5 4 1 0
17 6 6 1 1
17 7 6 1 0
17 8 4 1 0
17 9 1 1 0
17 10 7 1 0
17 11 6 1 0
17 12 9 1 1
17 13 7 1 0
17 14 6 1 0
17 15 6 1 0
17 16 1 1 0
17 17 1 1 0
17 18 10 1 0
17 19 10 1 1
17 20 9 1 0
17 21 9 1 0
17 22 1 1 0
17 23 5 1 0
17 24 2 1 0
17 25 9 1 0
17 26 3 1 0
17 27 3 1 0
17 28 8 1 0
17 29 8 1 0
17 30 8 1 1
17 31 9 1 0
17 32 5 1 1
17 33 10 1 0
17 34 7 1 1
17 35 1 1 0
17 36 9 1 0
17 37 4 1 0
17 38 6 1 0
17 39 4 1 0
17 40 6 1 0
17 41 5 1 0
17 42 7 1 1
17 43 4 1 0
17 44 10 1 0
17 45 10 1 1
17 46 10 1 0
17 47 2 1 0
17 48 7 1 0
17 49 5 1 1
17 50 5 1 0
17 51 1 1 1
17 52 6 1 1
17 53 7 1 1
17 54 2 1 1
17 55 6 1 0
17 56 10 1 0
17 57 8 1 0
17 58 5 1 0
17 59 8 1 0
17 60 9 1 1
17 61 3 1 0
17 62 5 1 1
17 63 4 1 0
18 0 2 1 0
18 1 7 1 0
18 2 7 1 0
18 3 9 1 1
18 4 10 1 0
18 5 9 1 0
18 6 5 1 0
18 7 6 1 1
18 8 5 1 1
18 9 10 1 0
18 10 3 1 0
18 11 8 1 0
18 12 1 1 0
18 13 6 1 0
18 14 4 1 0
18 15 9 1 0
18 16 8 1 0
18 17 9 1 0
18 18 2 1 1
18 19 2 1 1
18 20 4 1 0
18 21 9 1 0
18 22 5 1 0
18 23 7 1 0
18 24 9 1 1
18 25 3 1 1
18 26 10 1 0
18 27 10 1 1
18 28 9 1 0
18 29 3 1 0
18 30 7 1 0
18 31 3 1 0
18 32 1 1 0
18 33 4 1 0
18 34 6 1 0
18 35 10 1 0
18 36 7 1 0
18 37 9 1 0
18 38 10 1 1
18 39 10 1 1
18 40 9 1 0
18 41 6 1 0
18 42 5 1 0
18 43 5 1 0
18 44 7 1 0
18 45 6 1 0
18 46 2 1 1
18 47 1 1 0
18 48 5 1 0
18 49 5 1 0
18 50 4 1 0
18 51 6 1 1
18 52 4 1 0
18 53 9 1 0
18 54 9 1 0
18 55 7 1 0
18 56 10 1 1
18 57 6 1 0
18 58 2 1 0
18 59 6 1 0
18 60 7 1 0
18 61 8 1 0
18 62 5 1 0
18 63 3 1 0
19 0 5 1 0
19 1 4 1 0
19 2 3 1 1
19 3 8 1 0
19 4 7 1 0
19 5 1 1 1
19 6 1 1 0
19 7 6 1 0
19 8 7 1 0
19 9 10 1 0
19 10 2 1 0
19 11 1 1 0
19 12 2 1 0
19 13 1 1 0
19 14 7 1 0
19 15 7 1 0
19 16 1 1 0
19 17 6 1 1
19 18 2 1 0
19 19 5 1 1
19 20 4 1 0
19 21 8 1 1
19 22 8 1 0
19 23 8 1 1
19 24 4 1 0
19 25 10 1 0
19 26 4 1 0
19 27 5 1 0
19 28 1 1 0
19 29 3 1 0
19 30 8 1 1
19 31 2 1 0
19 32 8 1 0
19 33 10 1 0
19 34 9 1 0
19 35 4 1 0
19 36 9 1 0
19 37 10 1 0
19 38 6 1 0
19 39 10 1 0
19 40 5 1 0
19 41 7 1 1
19 42 9 1 0
19 43 10 1 0
19 44 3 1 0
19 45 6 1 1
19 46 8 1 1
19 47 1 1 0
19 48 4 1 0
19 49 10 1 0
19 50 7 1 1
19 51 4 1 1
19 52 8 1 1
19 53 6 1 1
19 54 4 1 0
19 55 8 1 0
19 56 7 1 1
19 57 1 1 0
19 58 2 1 0
19 59 10 1 1
19 60 7 1 0
19 61 5 1 0
19 62 8 1 0
19 63 9 1 0
20 0 2 1 0
20 1 6 1 0
20 2 2 1 1
20 3 7 1 0
20 4 3 1 0
20 5 10 1 0
20 6 3 1 0
20 7 7 1 0
20 8 9 1 0
20 9 7 1 0
20 10 9 1 0
20 11 6 1 1
20 12 4 1 0
20 13 3 1 0
20 14 9 1 0
20 15 3 1 0
20 16 10 1 1
20 17 5 1 0
20 18 1 1 0
20 19 6 1 1
20 20 4 1 0
20 21 2 1 1
20 22 4 1 0
20 23 10 1 1
20 24 2 1 1
20 25 10 1 0
20 26 6 1 0
20 27 4 1 0
20 28 10 1 0
20 29 10 1 0
20 30 6 1 0
20 31 9 1 0
20 32 2 1 0
20 33 8 1 0
20 34 5 1 0
20 35 10 1 0
20 36 9 1 0
20 37 9 1 0
20 38 3 1 0
20 39 1 1 0
20 40 1 1 0
20 41 9 1 0
20 42 7 1 0
20 43 6 1 0
20 44 9 1 0
20 45 2 1 0
20 46 2 1 0
20 47 10 1 0
20 48 10 1 0
20 49 10 1 0
20 50 1 1 0
20 51 6 1 1
20 52 7 1 1
20 53 3 1 0
20 54 1 1 1
20 55 9 1 0
20 56 9 1 0
20 57 1 1 0
20 58 5 1 0
20 59 2 1 0
20 60 3 1 1
20 61 5 1 0
20 62 6 1 0
20 63 8 1 0
21 0 6 1 0
21 1 7 1 0
21 2 1 1 0
21 3 9 1 0
21 4 7 1 0
21 5 10 1 0
21 6 6 1 0
21 7 8 1 0
21 8 9 1 0
21 9 5 1 0
21 10 5 1 0
21 11 4 1 0
21 12 3 1 0
21 13 1 1 0
21 14 10 1 0
21 15 4 1 0
21 16 7 1 0
21 17 9 1 0
21 18 6 1 0
21 19 1 1 1
21 20 4 1 0
21 21 1 1 0
21 22 6 1 0
21 23 6 1 0
21 24 6 1 0
21 25 5 1 0
21 26 3 1 0
21 27 10 1 1
21 28 7 1 0
21 29 3 1 0
21 30 8 1 0
21 31 8 1 0
21 32 4 1 1
21 33 8 1 0
21 34 10 1 0
21 35 6 1 1
21 36 3 1 1
21 37 6 1 1
21 38 3 1 0
21 39 5 1 0
21 40 5 1 0
21 41 2 1 0
21 42 3 1 0
21 43 6 1 0
21 44 4 1 0
21 45 1 1 0
21 46 9 1 0
21 47 10 1 1
21 48 3 1 1
21 49 1 1 0
21 50 6 1 0
21 51 2 1 1
21 52 8 1 0
21 53 1 1 1
21 54 3 1 0
21 55 1 1 1
21 56 4 1 0
21 57 10 1 0
21 58 2 1 0
21 59 1 1 0
21 60 6 1 0
21 61 4 1 0
21 62 7 1 1
21 63 6 1 0
22 0 6 1 0
22 1 9 1 1
22 2 7 1 0
22 3 1 1 0
22 4 2 1 1
22 5 10 1 0
22 6 9 1 0
22 7 2 1 0
22 8 5 1 0
22 9 2 1 0
22 10 4 1 0
22 11 6 1 1
22 12 6 1 0
22 13 9 1 0
22 14 3 1 0
22 15 9 1 1
22 16 10 1 1
22 17 1 1 0
22 18 5 1 0
22 19 1 1 0
22 20 5 1 0
22 21 4 1 1
22 22 6 1 0
22 23 10 1 0
22 24 7 1 0
22 25 2 1 0
22 26 5 1 1
22 27 3 1 0
22 28 2 1 0
22 29 5 1 0
22 30 6 1 1
22 31 4 1 0
22 32 2 1 0
22 33 2 1 0
22 34 4 1 0
22 35 5 1 0
22 36 1 1 0
22 37 8 1 0
22 38 2 1 0
22 39 9 1 0
22 40 4 1 0
22 41 10 1 0
22 42 1 1 0
22 43 5 1 0
22 44 1 1 0
22 45 8 1 0
22 46 7 1 1
22 47 6 1 0
22 48 2 1 0
22 49 3 1 0
22 50 5 1 0
22 51 3 1 0
22 52 7 1 0
22 53 5 1 0
22 54 8 1 1
22 55 8 1 0
22 56 9 1 0
22 57 6 1 0
22 58 10 1 0
22 59 2 1 0
22 60 9 1 0
22 61 6 1 1
22 62 3 1 0
22 63 6 1 0
23 0 2 1 1
23 1 3 1 0
23 2 6 1 0
23 3 5 1 0
23 4 6 1 0
23 5 1 1 0
23 6 2 1 1
23 7 4 1 1
23 8 4 1 1
23 9 9 1 1
23 10 9 1 1
23 11 9 1 0
23 12 2 1 0
23 13 7 1 0
23 14 7 1 0
23 15 1 1 0
23 16 3 1 0
23 17 7 1 0
23 18 7 1 0
23 19 9 1 0
23 20 9 1 0
23 21 8 1 0
23 22 6 1 1
23 23 9 1 0
23 24 2 1 0
23 25 10 1 1
23 26 10 1 0
23 27 6 1 0
23 28 9 1 0
23 29 1 1 0
23 30 8 1 0
23 31 8 1 1
23 32 3 1 0
23 33 7 1 0
23 34 1 1 0
23 35 2 1 0
23 36 7 1 0
23 37 7 1 0
23 38 8 1 0
23 39 10 1 0
23 40 5 1 0
23 41 3 1 0
23 42 1 1 0
23 43 2 1 0
23 44 6 1 0
23 45 6 1 1
23 46 2 1 0
23 47 2 1 0
23 48 5 1 1
23 49 3 1 0
23 50 8 1 0
23 51 6 1 0
23 52 6 1 0
23 53 1 1 0
23 54 1 1 0
23 55 9 1 0
23 56 9 1 0
23 57 10 1 0
23 58 9 1 0
23 59 1 1 0
23 60 3 1 0
23 61 8 1 1
23 62 4 1 0
23 63 2 1 0
24 0 1 1 0
24 1 5 1 0
24 2 10 1 0
24 3 2 1 0
24 4 6 1 0
24 5 9 1 0
24 6 9 1 1
24 7 6 1 0
24 8 5 1 0
24 9 6 1 0
24 10 5 1 0
24 11 10 1 0
24 12 4 1 1
24 13 1 1 0
24 14 10 1 0
24 15 6 1 0
24 16 1 1 0
24 17 1 1 0
24 18 7 1 0
24 19 3 1 0
24 20 6 1 0
24 21 8 1 0
24 22 3 1 0
24 23 8 1 0
24 24 3 1 0
24 25 7 1 0
24 26 8 1 0
24 27 5 1 0
24 28 10 1 0
24 29 3 1 0
24 30 1 1 1
24 31 2 1 0
24 32 2 1 0
24 33 7 1 0
24 34 2 1 0
24 35 7 1 0
24 36 3 1 0
24 37 6 1 0
24 38 8 1 0
24 39 10 1 0
24 40 6 1 0
24 41 3 1 0
24 42 10 1 0
24 43 1 1 0
24 44 2 1 0
24 45 1 1 0
24 46 4 1 0
24 47 8 1 0
24 48 2 1 0
24 49 3 1 0
24 50 9 1 0
24 51 6 1 0
24 52 1 1 0
24 53 6 1 0
24 54 2 1 0
24 55 7 1 1
24 56 7 1 0
24 57 5 1 0
24 58 2 1 0
24 59 10 1 0
24 60 7 1 0
24 61 2 1 0
24 62 4 1 0
24 63 9 1 0
25 0 3 1 0
25 1 3 1 0
25 2 8 1 0
25 3 2 1 0
25 4 6 1 0
25 5 4 1 0
25 6 4 1 0
25 7 6 1 0
25 8 1 1 0
25 9 6 1 1
25 10 1 1 1
25 11 2 1 0
25 12 2 1 0
25 13 6 1 0
25 14 4 1 0
25 15 1 1 0
25 16 5 1 0
25 17 3 1 0
25 18 6 1 0
25 19 4 1 0
25 20 9 1 0
25 21 7 1 1
25 22 6 1 0
25 23 9 1 0
25 24 6 1 0
25 25 6 1 0
25 26 6 1 1
25 27 9 1 0
25 28 4 1 0
25 29 1 1 1
25 30 5 1 0
25 31 2 1 0
25 32 7 1 0
25 33 1 1 0
25 34 4 1 0
25 35 1 1 0
25 36 9 1 1
25 37 3 1 0
25 38 2 1 0
25 39 7 1 0
25 40 7 1 0
25 41 8 1 0
25 42 5 1 1
25 43 4 1 0
25 44 10 1 0
25 45 4 1 0
25 46 1 1 0
25 47 10 1 0
25 48 3 1 0
25 49 8 1 0
25 50 6 1 0
25 51 6 1 0
25 52 7 1 0
25 53 8 1 0
25 54 6 1 0
25 55 5 1 0
25 56 8 1 0
25 57 3 1 0
25 58 7 1 0
25 59 8 1 0
25 60 4 1 0
25 61 3 1 1
25 62 6 1 0
25 63 9 1 0
26 0 9 1 0
26 1 10 1 1
26 2 9 1 0
26 3 5 1 0
26 4 2 1 1
26 5 6 1 0
26 6 7 1 0
26 7 5 1 0
26 8 1 1 0
26 9 6 1 0
26 10 6 1 0
26 11 7 1 0
26 12 1 1 0
26 13 4 1 0
26 14 2 1 0
26 15 8 1 0
26 16 2 1 0
26 17 4 1 1
26 18 1 1 0
26 19 4 1 0
26 20 8 1 0
26 21 3 1 0
26 22 9 1 0
26 23 3 1 0
26 24 2 1 0
26 25 6 1 0
26 26 9 1 0
26 27 4 1 0
26 28 4 1 0
26 29 4 1 0
26 30 4 1 0
26 31 9 1 1
26 32 7 1 1
26 33 1 1 0
26 34 8 1 1
26 35 8 1 0
26 36 1 1 0
26 37 7 1 0
26 38 8 1 0
26 39 3 1 0
26 40 2 1 0
26 41 2 1 0
26 42 10 1 0
26 43 1 1 1
26 44 7 1 0
26 45 3 1 1
26 46 9 1 0
26 47 2 1 1
26 48 9 1 0
26 49 9 1 0
26 50 6 1 0
26 51 9 1 0
26 52 3 1 0
26 53 4 1 0
26 54 4 1 1
26 55 9 1 0
26 56 10 1 0
26 57 4 1 0
26 58 5 1 1
26 59 2 1 1
26 60 1 1 0
26 61 1 1 1
26 62 4 1 0
26 63 5 1 0
27 0 5 1 0
27 1 6 1 0
27 2 7 1 0
27 3 5 1 0
27 4 7 1 0
27 5 3 1 0
27 6 3 1 0
27 7 7 1 0
27 8 10 1 0
27 9 6 1 0
27 10 8 1 0
27 11 2 1 1
27 12 8 1 0
27 13 8 1 0
27 14 7 1 0
27 15 6 1 0
27 16 3 1 0
27 17 10 1 0
27 18 4 1 0
27 19 10 1 0
27 20 9 1 0
27 21 7 1 0
27 22 6 1 0
27 23 10 1 0
27 24 10 1 0
27 25 3 1 0
27 26 10 1 0
27 27 3 1 0
27 28 8 1 1
27 29 6 1 1
27 30 1 1 1
27 31 2 1 0
27 32 9 1 0
27 33 9 1 0
27 34 4 1 1
27 35 3 1 0
27 36 6 1 0
27 37 8 1 0
27 38 7 1 0
27 39 9 1 1
27 40 5 1 0
27 41 3 1 1
27 42 7 1 0
27 43 10 1 0
27 44 2 1 0
27 45 3 1 0
27 46 8 1 0
27 47 3 1 0
27 48 7 1 0
27 49 8 1 0
27 50 10 1 0
27 51 1 1 0
27 52 10 1 0
27 53 3 1 0
27 54 7 1 0
27 55 8 1 0
27 56 9 1 0
27 57 3 1 0
27 58 7 1 0
27 59 8 1 0
27 60 1 1 0
27 61 8 1 0
27 62 6 1 0
27 63 7 1 0
28 0 4 1 1
28 1 8 1 1
28 2 5 1 0
28 3 4 1 0
28 4 3 1 0
28 5 8 1 0
28 6 4 1 0
28 7 7 1 0
28 8 1 1 0
28 9 1 1 0
28 10 10 1 0
28 11 4 1 0
28 12 1 1 0
28 13 3 1 0
28 14 5 1 0
28 15 10 1 0
28 16 7 1 0
28 17 4 1 0
28 18 4 1 0
28 19 6 1 1
28 20 5 1 0
28 21 8 1 0
28 22 5 1 0
28 23 9 1 0
28 24 7 1 0
28 25 10 1 0
28 26 1 1 0
28 27 8 1 0
28 28 6 1 0
28 29 5 1 0
28 30 3 1 0
28 31 5 1 1
28 32 6 1 0
28 33 4 1 0
28 34 9 1 1
28 35 2 1 0
28 36 4 1 0
28 37 3 1 0
28 38 4 1 0
28 39 7 1 1
28 40 2 1 1
28 41 1 1 0
28 42 8 1 0
28 43 4 1 0
28 44 9 1 0
28 45 3 1 0
28 46 9 1 0
28 47 7 1 0
28 48 4 1 0
28 49 4 1 0
28 50 8 1 0
28 51 2 1 0
28 52 2 1 0
28 53 10 1 0
28 54 6 1 0
28 55 3 1 0
28 56 4 1 0
28 57 8 1 0
28 58 3 1 1
28 59 6 1 0
28 60 7 1 0
28 61 9 1 0
28 62 2 1 1
28 63 8 1 0
29 0 6 1 0
29 1 6 1 0
29 2 10 1 0
29 3 2 1 1
29 4 9 1 0
29 5 6 1 0
29 6 10 1 0
29 7 8 1 0
29 8 9 1 1
29 9 10 1 0
29 10 10 1 0
29 11 6 1 0
29 12 1 1 1
29 13 6 1 1
29 14 10 1 0
29 15 7 1 0
29 16 6 1 0
29 17 8 1 0
29 18 6 1 0
29 19 2 1 0
29 20 8 1 0
29 21 3 1 0
29 22 10 1 0
29 23 9 1 0
29 24 2 1 0
29 25 2 1 0
29 26 2 1 0
29 27 4 1 0
29 28 2 1 0
29 29 2 1 0
29 30 7 1 0
29 31 6 1 0
29 32 8 1 0
29 33 10 1 0
29 34 2 1 0
29 35 3 1 0
29 36 4 1 0
29 37 8 1 0
29 38 10 1 1
29 39 1 1 0
29 40 1 1 0
29 41 2 1 0
29 42 1 1 0
29 43 2 1 0
29 44 2 1 0
29 45 8 1 0
29 46 7 1 0
29 47 3 1 0
29 48 7 1 0
29 49 2 1 0
29 50 2 1 1
29 51 10 1 0
29 52 1 1 1
29 53 9 1 0
29 54 8 1 0
29 55 6 1 0
29 56 4 1 0
29 57 3 1 0
29 58 2 1 0
29 59 6 1 0
29 60 7 1 0
29 61 8 1 0
29 62 7 1 1
29 63 7 1 0
30 0 4 1 0
30 1 4 1 0
30 2 1 1 0
30 3 7 1 0
30 4 8 1 0
30 5 1 1 0
30 6 10 1 0
30 7 7 1 0
30 8 9 1 0
30 9 1 1 0
30 10 7 1 0
30 11 7 1 0
30 12 3 1 0
30 13 6 1 0
30 14 7 1 0
30 15 9 1 0
30 16 7 1 0
30 17 5 1 0
30 18 1 1 0
30 19 5 1 0
30 20 8 1 0
30 21 7 1 1
30 22 5 1 0
30 23 5 1 1
30 24 5 1 0
30 25 9 1 1
30 26 9 1 0
30 27 6 1 0
30 28 2 1 1
30 29 10 1 0
30 30 8 1 1
30 31 9 1 0
30 32 4 1 0
30 33 10 1 0
30 34 7 1 0
30 35 2 1 0
30 36 3 1 0
30 37 9 1 1
30 38 4 1 1
30 39 9 1 0
30 40 5 1 0
30 41 4 1 0
30 42 3 1 1
30 43 2 1 0
30 44 10 1 1
30 45 3 1 0
30 46 8 1 0
30 47 1 1 0
30 48 5 1 1
30 49 10 1 0
30 50 1 1 0
30 51 3 1 0
30 52 3 1 0
30 53 5 1 0
30 54 5 1 0
30 55 3 1 1
30 56 10 1 0
30 57 4 1 0
30 58 10 1 1
30 59 2 1 0
30 60 7 1 0
30 61 4 1 0
30 62 8 1 1
30 63 1 1 0
31 0 5 1 0
31 1 10 1 0
31 2 10 1 0
31 3 6 1 0
31 4 3 1 0
31 5 5 1 1
31 6 6 1 0
31 7 1 1 0
31 8 9 1 0
31 9 4 1 1
31 10 6 1 0
31 11 3 1 0
31 12 5 1 0
31 13 8 1 0
31 14 1 1 0
31 15 10 1 0
31 16 4 1 0
31 17 1 1 0
31 18 6 1 0
31 19 7 1 0
31 20 8 1 1
31 21 7 1 0
31 22 3 1 0
31 23 7 1 1
31 24 3 1 0
31 25 2 1 0
31 26 2 1 0
31 27 5 1 1
31 28 3 1 0
31 29 8 1 0
31 30 2 1 0
31 31 4 1 0
31 32 2 1 0
31 33 7 1 0
31 34 3 1 0
31 35 2 1 0
31 36 7 1 0
31 37 10 1 0
31 38 4 1 1
31 39 4 1 0
31 40 3 1 0
31 41 10 1 0
31 42 5 1 0
31 43 8 1 1
31 44 2 1 0
31 45 10 1 0
31 46 9 1 0
31 47 7 1 0
31 48 8 1 1
31 49 1 1 0
31 50 10 1 0
31 51 8 1 0
31 52 8 1 0
31 53 5 1 0
31 54 6 1 0
31 55 8 1 0
31 56 9 1 1
31 57 1 1 0
31 58 1 1 0
31 59 6 1 0
31 60 3 1 1
31 61 7 1 0
31 62 9 1 0
31 63 7 1 1
32 0 8 1 0
32 1 2 1 0
32 2 5 1 0
32 3 2 1 0
32 4 8 1 0
32 5 10 1 1
32 6 8 1 0
32 7 2 1 1
32 8 10 1 0
32 9 4 1 0
32 10 7 1 0
32 11 7 1 0
32 12 5 1 0
32 13 2 1 0
32 14 5 1 0
32 15 4 1 0
32 16 6 1 1
32 17 2 1 0
32 18 4 1 0
32 19 4 1 0
32 20 10 1 0
32 21 2 1 0
32 22 2 1 0
32 23 4 1 1
32 24 4 1 0
32 25 3 1 0
32 26 9 1 0
32 27 10 1 0
32 28 2 1 0
32 29 4 1 0
32 30 4 1 0
32 31 2 1 0
32 32 8 1 0
32 33 5 1 0
32 34 7 1 1
32 35 4 1 0
32 36 2 1 1
32 37 9 1 0
32 38 8 1 1
32 39 10 1 0
32 40 9 1 0
32 41 4 1 0
32 42 1 1 0
32 43 2 1 0
32 44 2 1 0
32 45 1 1 0
32 46 3 1 0
32 47 1 1 0
32 48 3 1 0
32 49 6 1 0
32 50 8 1 0
32 51 4 1 0
32 52 1 1 0
32 53 1 1 0
32 54 3 1 1
32 55 3 1 1
32 56 6 1 0
32 57 5 1 0
32 58 7 1 1
32 59 2 1 0
32 60 10 1 0
32 61 4 1 1
32 62 2 1 0
32 63 10 1 0
33 0 9 1 0
33 1 7 1 0
33 2 6 1 0
33 3 4 1 0
33 4 3 1 0
33 5 5 1 0
33 6 6 1 0
33 7 1 1 0
33 8 9 1 0
33 9 2 1 0
33 10 10 1 0
33 11 10 1 0
33 12 2 1 0
33 13 9 1 0
33 14 9 1 0
33 15 5 1 0
33 16 3 1 1
33 17 3 1 1
33 18 3 1 0
33 19 5 1 1
33 20 6 1 0
33 21 2 1 0
33 22 7 1 0
33 23 2 1 0
33 24 10 1 0
33 25 6 1 0
33 26 7 1 0
33 27 9 1 0
33 28 10 1 1
33 29 2 1 0
33 30 9 1 0
33 31 6 1 1
33 32 9 1 0
33 33 10 1 0
33 34 5 1 0
33 35 3 1 0
33 36 3 1 0
33 37 8 1 1
33 38 2 1 0
33 39 4 1 0
33 40 10 1 0
33 41 9 1 0
33 42 6 1 0
33 43 9 1 0
33 44 5 1 0
33 45 1 1 0
33 46 3 1 0
33 47 6 1 0
33 48 8 1 0
33 49 10 1 0
33 50 4 1 0
33 51 5 1 0
33 52 2 1 0
33 53 10 1 0
33 54 3 1 0
33 55 6 1 0
33 56 7 1 1
33 57 1 1 0
33 58 7 1 0
33 59 4 1 0
33 60 5 1 0
33 61 5 1 0
33 62 7 1 0
33 63 6 1 0
34 0 1 1 0
34 1 2 1 0
34 2 5 1 0
34 3 4 1 1
34 4 4 1 0
34 5 7 1 1
34 6 8 1 0
34 7 8 1 1
34 8 5 1 0
34 9 9 1 0
34 10 1 1 1
34 11 4 1 0
34 12 6 1 0
34 13 7 1 0
34 14 8 1 0
34 15 1 1 0
34 16 1 1 0
34 17 4 1 0
34 18 1 1 0
34 19 4 1 1
34 20 10 1 0
34 21 7 1 0
34 22 9 1 0
34 23 4 1 0
34 24 8 1 0
34 25 5 1 0
34 26 7 1 0
34 27 8 1 0
34 28 10 1 0
34 29 1 1 0
34 30 8 1 1
34 31 4 1 0
34 32 3 1 0
34 33 3 1 1
34 34 10 1 0
34 35 7 1 0
34 36 1 1 0
34 37 4 1 0
34 38 10 1 0
34 39 4 1 0
34 40 7 1 0
34 41 6 1 1
34 42 2 1 0
34 43 1 1 0
34 44 10 1 1
34 45 1 1 0
34 46 7 1 0
34 47 4 1 0
34 48 8 1 0
34 49 6 1 0
34 50 8 1 0
34 51 4 1 1
34 52 9 1 0
34 53 8 1 0
34 54 7 1 0
34 55 2 1 1
34 56 8 1 1
34 57 10 1 0
34 58 7 1 0
34 59 5 1 1
34 60 3 1 0
34 61 8 1 0
34 62 10 1 0
34 63 3 1 0
35 0 4 1 0
35 1 4 1 0
35 2 6 1 1
35 3 8 1 0
35 4 7 1 0
35 5 2 1 1
35 6 6 1 0
35 7 6 1 0
35 8 1 1 1
35 9 10 1 1
35 10 5 1 0
35 11 4 1 0
35 12 2 1 0
35 13 10 1 0
35 14 7 1 1
35 15 2 1 1
35 16 6 1 1
35 17 5 1 0
35 18 7 1 0
35 19 3 1 0
35 20 7 1 0
35 21 1 1 0
35 22 4 1 1
35 23 2 1 0
35 24 9 1 0
35 25 10 1 0
35 26 1 1 0
35 27 10 1 0
35 28 1 1 0
35 29 8 1 0
35 30 8 1 0
35 31 6 1 0
35 32 9 1 0
35 33 9 1 1
35 34 5 1 0
35 35 1 1 1
35 36 9 1 0
35 37 1 1 0
35 38 5 1 0
35 39 3 1 0
35 40 7 1 0
35 41 6 1 0
35 42 8 1 0
35 43 3 1 0
35 44 9 1 1
35 45 5 1 1
35 46 1 1 0
35 47 7 1 0
35 48 2 1 0
35 49 2 1 0
35 50 10 1 0
35 51 1 1 0
35 52 8 1 1
35 53 8 1 0
35 54 5 1 1
35 55 7 1 0
35 56 10 1 0
35 57 6 1 0
35 58 3 1 0
35 59 5 1 0
35 60 8 1 0
35 61 3 1 1
35 62 10 1 0
35 63 7 1 1
36 0 1 1 0
36 1 10 1 0
36 2 3 1 0
36 3 10 1 0
36 4 5 1 0
36 5 8 1 0
36 6 2 1 1
36 7 9 1 0
36 8 1 1 0
36 9 5 1 0
36 10 9 1 0
36 11 10 1 0
36 12 7 1 0
36 13 6 1 0
36 14 9 1 0
36 15 3 1 1
36 16 2 1 0
36 17 10 1 0
36 18 2 1 0
36 19 10 1 0
36 20 10 1 0
36 21 1 1 0
36 22 2 1 0
36 23 7 1 0
36 24 6 1 0
36 25 7 1 0
36 26 2 1 0
36 27 6 1 0
36 28 9 1 0
36 29 10 1 0
36 30 7 1 0
36 31 7 1 0
36 32 4 1 0
36 33 3 1 1
36 34 3 1 0
36 35 4 1 0
36 36 5 1 0
36 37 6 1 0
36 38 9 1 0
36 39 2 1 0
36 40 2 1 0
36 41 7 1 0
36 42 4 1 0
36 43 9 1 0
36 44 8 1 0
36 45 6 1 0
36 46 4 1 0
36 47 7 1 1
36 48 9 1 0
36 49 3 1 0
36 50 6 1 1
36 51 4 1 0
36 52 8 1 0
36 53 4 1 0
36 54 4 1 0
36 55 5 1 0
36 56 3 1 0
36 57 2 1 0
36 58 2 1 0
36 59 1 1 1
36 60 8 1 1
36 61 7 1 0
36 62 3 1 1
36 63 7 1 0
37 0 8 1 0
37 1 6 1 0
37 2 10 1 1
37 3 7 1 0
37 4 10 1 0
37 5 1 1 1
37 6 3 1 0
37 7 4 1 0
37 8 3 1 0
37 9 6 1 0
37 10 6 1 0
37 11 8 1 1
37 12 9 1 1
37 13 7 1 0
37 14 9 1 0
37 15 6 1 0
37 16 2 1 0
37 17 9 1 0
37 18 4 1 0
37 19 8 1 0
37 20 10 1 0
37 21 8 1 0
37 22 1 1 0
37 23 10 1 0
37 24 10 1 0
37 25 7 1 0
37 26 9 1 0
37 27 3 1 0
37 28 2 1 0
37 29 5 1 0
37 30 7 1 0
37 31 5 1 0
37 32 9 1 0
37 33 3 1 0
37 34 1 1 0
37 35 3 1 1
37 36 8 1 0
37 37 4 1 0
37 38 2 1 0
37 39 9 1 0
37 40 8 1 0
37 41 6 1 0
37 42 7 1 0
37 43 8 1 0
37 44 10 1 0
37 45 6 1 0
37 46 3 1 0
37 47 10 1 0
37 48 1 1 0
37 49 7 1 0
37 50 9 1 0
37 51 3 1 0
37 52 4 1 0
37 53 3 1 0
37 54 9 1 0
37 55 8 1 0
37 56 2 1 0
37 57 9 1 0
37 58 7 1 0
37 59 7 1 1
37 60 5 1 0
37 61 1 1 0
37 62 3 1 0
37 63 3 1 0
38 0 8 1 1
38 1 3 1 0
38 2 2 1 1
38 3 9 1 0
38 4 10 1 0
38 5 3 1 0
38 6 2 1 0
38 7 9 1 0
38 8 7 1 1
38 9 1 1 0
38 10 10 1 1
38 11 4 1 0
38 12 10 1 0
38 13 10 1 0
38 14 4 1 0
38 15 4 1 0
38 16 6 1 0
38 17 2 1 0
38 18 1 1 0
38 19 4 1 0
38 20 4 1 0
38 21 7 1 0
38 22 9 1 0
38 23 7 1 1
38 24 7 1 0
38 25 3 1 0
38 26 6 1 1
38 27 5 1 0
38 28 10 1 0
38 29 9 1 0
38 30 7 1 0
38 31 9 1 0
38 32 3 1 1
38 33 5 1 0
38 34 6 1 0
38 35 5 1 0
38 36 10 1 0
38 37 2 1 0
38 38 10 1 0
38 39 4 1 0
38 40 10 1 0
38 41 5 1 0
38 42 9 1 1
38 43 6 1 0
38 44 5 1 0
38 45 5 1 0
38 46 8 1 0
38 47 10 1 0
38 48 3 1 0
38 49 10 1 0
38 50 3 1 0
38 51 1 1 1
38 52 5 1 0
38 53 4 1 0
38 54 6 1 0
38 55 5 1 0
38 56 2 1 0
38 57 10 1 0
38 58 7 1 1
38 59 5 1 0
38 60 7 1 0
38 61 9 1 0
38 62 3 1 1
38 63 9 1 0
39 0 9 1 0
39 1 10 1 0
39 2 3 1 0
39 3 6 1 0
39 4 6 1 0
39 5 10 1 0
39 6 9 1 0
39 7 9 1 0
39 8 10 1 0
39 9 2 1 0
39 10 4 1 0
39 11 1 1 0
39 12 7 1 0
39 13 1 1 0
39 14 10 1 0
39 15 9 1 1
39 16 4 1 0
39 17 2 1 0
39 18 4 1 1
39 19 3 1 0
39 20 4 1 0
39 21 10 1 0
39 22 1 1 0
39 23 8 1 1
39 24 3 1 0
39 25 2 1 0
39 26 8 1 1
39 27 9 1 0
39 28 1 1 0
39 29 6 1 0
39 30 7 1 0
39 31 4 1 0
39 32 7 1 1
39 33 7 1 0
39 34 1 1 0
39 35 6 1 0
39 36 7 1 0
39 37 10 1 0
39 38 2 1 0
39 39 8 1 1
39 40 4 1 0
39 41 1 1 0
39 42 7 1 0
39 43 8 1 0
39 44 3 1 0
39 45 1 1 0
39 46 2 1 0
39 47 4 1 1
39 48 10 1 0
39 49 7 1 0
39 50 2 1 0
39 51 6 1 0
39 52 8 1 1
39 53 9 1 0
39 54 4 1 0
39 55 8 1 1
39 56 3 1 0
39 57 1 1 0
39 58 5 1 0
39 59 1 1 0
39 60 1 1 0
39 61 4 1 1
39 62 1 1 1
39 63 5 1 0
40 0 3 1 0
40 1 10 1 0
40 2 4 1 0
40 3 4 1 0
40 4 8 1 0
40 5 2 1 0
40 6 10 1 0
40 7 2 1 0
40 8 4 1 0
40 9 1 1 1
40 10 4 1 0
40 11 8 1 0
40 12 6 1 0
40 13 6 1 0
40 14 3 1 0
40 15 3 1 0
40 16 6 1 0
40 17 5 1 0
40 18 6 1 0
40 19 7 1 1
40 20 8 1 1
40 21 6 1 0
40 22 7 1 0
40 23 3 1 0
40 24 9 1 0
40 25 2 1 0
40 26 2 1 1
40 27 3 1 0
40 28 5 1 1
40 29 10 1 0
40 30 1 1 0
40 31 5 1 1
40 32 2 1 0
40 33 5 1 0
40 34 3 1 0
40 35 1 1 0
40 36 6 1 0
40 37 6 1 0
40 38 7 1 0
40 39 3 1 0
40 40 3 1 0
40 41 3 1 1
40 42 8 1 0
40 43 4 1 0
40 44 2 1 1
40 45 2 1 0
40 46 8 1 0
40 47 6 1 0
40 48 5 1 0
40 49 3 1 0
40 50 10 1 0
40 51 7 1 0
40 52 10 1 0
40 53 6 1 0
40 54 10 1 0
40 55 9 1 0
40 56 10 1 0
40 57 2 1 0
40 58 10 1 0
40 59 7 1 0
40 60 8 1 1
40 61 3 1 0
40 62 7 1 0
40 63 4 1 0
41 0 8 1 1
41 1 5 1 0
41 2 3 1 0
41 3 3 1 0
41 4 5 1 0
41 5 2 1 0
41 6 7 1 1
41 7 1 1 1
41 8 3 1 0
41 9 6 1 0
41 10 1 1 0
41 11 8 1 0
41 12 2 1 1
41 13 5 1 0
41 14 6 1 0
41 15 10 1 0
41 16 7 1 1
41 17 1 1 0
41 18 6 1 0
41 19 6 1 0
41 20 5 1 0
41 21 8 1 0
41 22 8 1 0
41 23 5 1 0
41 24 1 1 0
41 25 8 1 0
41 26 10 1 0
41 27 5 1 0
41 28 3 1 0
41 29 1 1 0
41 30 8 1 0
41 31 9 1 0
41 32 9 1 1
41 33 8 1 0
41 34 6 1 0
41 35 1 1 0
41 36 2 1 0
41 37 1 1 1
41 38 6 1 0
41 39 4 1 0
41 40 7 1 0
41 41 4 1 0
41 42 4 1 0
41 43 10 1 0
41 44 8 1 0
41 45 10 1 0
41 46 10 1 0
41 47 4 1 0
41 48 1 1 0
41 49 9 1 0
41 50 9 1 0
41 51 2 1 0
41 52 2 1 1
41 53 9 1 1
41 54 8 1 0
41 55 2 1 0
41 56 8 1 0
41 57 1 1 0
41 58 7 1 0
41 59 1 1 0
41 60 2 1 0
41 61 1 1 0
41 62 9 1 0
41 63 1 1 0
42 0 8 1 0
42 1 5 1 1
42 2 10 1 0
42 3 5 1 0
42 4 1 1 0
42 5 2 1 0
42 6 7 1 0
42 7 6 1 0
42 8 10 1 1
42 9 8 1 1
42 10 2 1 0
42 11 4 1 0
42 12 9 1 0
42 13 9 1 0
42 14 9 1 0
42 15 9 1 0
42 16 5 1 0
42 17 6 1 1
42 18 1 1 0
42 19 8 1 0
42 20 10 1 0
42 21 2 1 1
42 22 9 1 0
42 23 2 1 0
42 24 8 1 0
42 25 7 1 0
42 26 5 1 0
42 27 3 1 0
42 28 5 1 0
42 29 7 1 0
42 30 4 1 0
42 31 7 1 1
42 32 1 1 0
42 33 4 1 0
42 34 3 1 0
42 35 4 1 0
42 36 4 1 0
42 37 9 1 0
42 38 1 1 0
42 39 7 1 0
42 40 9 1 1
42 41 8 1 0
42 42 3 1 0
42 43 9 1 0
42 44 7 1 0
42 45 4 1 0
42 46 3 1 0
42 47 7 1 0
42 48 10 1 0
42 49 5 1 1
42 50 10 1 0
42 51 10 1 1
42 52 6 1 0
42 53 4 1 0
42 54 3 1 0
42 55 1 1 1
42 56 1 1 0
42 57 1 1 0
42 58 8 1 1
42 59 7 1 0
42 60 4 1 1
42 61 4 1 0
42 62 5 1 1
42 63 9 1 0
43 0 6 1 1
43 1 1 1 0
43 2 6 1 0
43 3 8 1 0
43 4 2 1 0
43 5 9 1 0
43 6 3 1 0
43 7 1 1 0
43 8 10 1 0
43 9 6 1 1
43 10 9 1 1
43 11 3 1 0
43 12 3 1 0
43 13 4 1 0
43 14 1 1 1
43 15 6 1 0
43 16 4 1 0
43 17 5 1 0
43 18 6 1 1
43 19 3 1 0
43 20 9 1 0
43 21 10 1 0
43 22 3 1 0
43 23 6 1 0
43 24 2 1 0
43 25 3 1 0
43 26 5 1 0
43 27 8 1 0
43 28 4 1 1
43 29 7 1 0
43 30 1 1 0
43 31 9 1 0
43 32 1 1 0
43 33 10 1 0
43 34 4 1 0
43 35 9 1 0
43 36 5 1 0
43 37 8 1 0
43 38 1 1 1
43 39 1 1 1
43 40 4 1 0
43 41 3 1 0
43 42 6 1 0
43 43 1 1 0
43 44 3 1 0
43 45 2 1 0
43 46 3 1 0
43 47 1 1 0
43 48 9 1 0
43 49 5 1 0
43 50 5 1 0
43 51 9 1 0
43 52 7 1 0
43 53 5 1 0
43 54 1 1 0
43 55 10 1 0
43 56 5 1 0
43 57 4 1 0
43 58 1 1 0
43 59 5 1 0
43 60 2 1 3
43 61 4 1 0
43 62 5 1 0
43 63 8 1 1
44 0 5 1 1
44 1 9 1 1
44 2 9 1 0
44 3 3 1 0
44 4 10 1 0
44 5 8 1 1
44 6 5 1 1
44 7 6 1 0
44 8 3 1 0
44 9 8 1 0
44 10 5 1 0
44 11 8 1 0
44 12 10 1 0
44 13 1 1 0
44 14 4 1 1
44 15 4 1 1
44 16 4 1 0
44 17 9 1 0
44 18 5 1 0
44 19 9 1 0
44 20 2 1 0
44 21 8 1 0
44 22 7 1 0
44 23 6 1 1
44 24 6 1 0
44 25 8 1 1
44 26 3 1 0
44 27 9 1 0
44 28 3 1 0
44 29 5 1 0
44 30 6 1 0
44 31 3 1 1
44 32 1 1 0
44 33 5 1 0
44 34 3 1 0
44 35 4 1 0
44 36 10 1 0
44 37 6 1 0
44 38 9 1 0
44 39 9 1 0
44 40 6 1 0
44 41 5 1 0
44 42 8 1 0
44 43 10 1 0
44 44 3 1 1
44 45 8 1 0
44 46 8 1 1
44 47 9 1 1
44 48 6 1 0
44 49 6 1 0
44 50 5 1 0
44 51 4 1 0
44 52 5 1 0
44 53 1 1 0
44 54 5 1 0
44 55 10 1 0
44 56 9 1 1
44 57 5 1 0
44 58 7 1 0
44 59 7 1 0
44 60 6 1 0
44 61 9 1 0
44 62 1 1 0
44 63 3 1 1
45 0 4 1 0
45 1 3 1 0
45 2 4 1 0
45 3 6 1 0
45 4 2 1 1
45 5 10 1 0
45 6 2 1 0
45 7 7 1 0
45 8 3 1 0
45 9 5 1 0
45 10 8 1 0
45 11 4 1 0
45 12 1 1 0
45 13 8 1 0
45 14 1 1 0
45 15 7 1 0
45 16 4 1 0
45 17 4 1 0
45 18 8 1 0
45 19 10 1 1
45 20 5 1 0
45 21 7 1 0
45 22 6 1 0
45 23 8 1 0
45 24 10 1 0
45 25 9 1 1
45 26 9 1 0
45 27 6 1 0
45 28 3 1 0
45 29 10 1 0
45 30 4 1 1
45 31 10 1 0
45 32 10 1 1
45 33 10 1 0
45 34 8 1 0
45 35 8 1 1
45 36 8 1 0
45 37 10 1 0
45 38 9 1 0
45 39 6 1 0
45 40 8 1 0
45 41 4 1 1
45 42 1 1 0
45 43 5 1 1
45 44 4 1 1
45 45 7 1 0
45 46 9 1 0
45 47 8 1 0
45 48 10 1 0
45 49 3 1 1
45 50 10 1 0
45 51 2 1 0
45 52 10 1 0
45 53 2 1 0
45 54 2 1 0
45 55 5 1 0
45 56 3 1 1
45 57 7 1 0
45 58 8 1 0
45 59 8 1 0
45 60 2 1 0
45 61 8 1 1
45 62 6 1 0
45 63 3 1 0
46 0 3 1 0
46 1 4 1 0
46 2 1 1 0
46 3 9 1 0
46 4 5 1 0
46 5 2 1 0
46 6 3 1 1
46 7 10 1 0
46 8 7 1 0
46 9 8 1 0
46 10 6 1 1
46 11 6 1 0
46 12 5 1 0
46 13 5 1 1
46 14 4 1 0
46 15 10 1 0
46 16 4 1 0
46 17 5 1 0
46 18 8 1 1
46 19 4 1 0
46 20 2 1 0
46 21 2 1 0
46 22 3 1 0
46 23 4 1 0
46 24 9 1 0
46 25 3 1 0
46 26 1 1 0
46 27 10 1 0
46 28 8 1 0
46 29 2 1 0
46 30 5 1 0
46 31 8 1 0
46 32 9 1 0
46 33 3 1 0
46 34 8 1 0
46 35 10 1 0
46 36 5 1 0
46 37 7 1 0
46 38 3 1 0
46 39 4 1 0
46 40 1 1 0
46 41 10 1 0
46 42 7 1 0
46 43 5 1 0
46 44 10 1 0
46 45 9 1 0
46 46 3 1 1
46 47 2 1 0
46 48 1 1 0
46 49 7 1 0
46 50 10 1 0
46 51 5 1 1
46 52 10 1 0
46 53 3 1 1
46 54 6 1 0
46 55 5 1 0
46 56 2 1 0
46 57 3 1 0
46 58 7 1 0
46 59 9 1 0
46 60 6 1 0
46 61 4 1 0
46 62 10 1 0
46 63 4 1 1
47 0 1 1 1
47 1 10 1 0
47 2 2 1 0
47 3 9 1 0
47 4 2 1 0
47 5 6 1 0
47 6 4 1 0
47 7 7 1 0
47 8 5 1 0
47 9 6 1 0
47 10 5 1 0
47 11 7 1 0
47 12 9 1 0
47 13 8 1 0
47 14 5 1 0
47 15 10 1 0
47 16 6 1 0
47 17 3 1 0
47 18 2 1 0
47 19 9 1 0
47 20 2 1 0
47 21 7 1 0
47 22 5 1 0
47 23 10 1 0
47 24 4 1 0
47 25 5 1 0
47 26 8 1 1
47 27 6 1 0
47 28 8 1 0
47 29 1 1 0
47 30 5 1 0
47 31 6 1 1
47 32 2 1 0
47 33 7 1 0
47 34 1 1 1
47 35 1 1 0
47 36 9 1 0
47 37 6 1 0
47 38 9 1 0
47 39 9 1 0
47 40 2 1 0
47 41 7 1 0
47 42 3 1 0
47 43 5 1 0
47 44 9 1 0
47 45 2 1 1
47 46 8 1 0
47 47 5 1 0
47 48 10 1 0
47 49 2 1 0
47 50 6 1 0
47 51 1 1 0
47 52 7 1 0
47 53 5 1 1
47 54 3 1 1
47 55 7 1 0
47 56 2 1 0
47 57 8 1 0
47 58 5 1 1
47 59 6 1 0
47 60 4 1 0
47 61 1 1 0
47 62 7 1 0
47 63 1 1 0
48 0 2 1 0
48 1 10 1 1
48 2 5 1 0
48 3 5 1 1
48 4 7 1 0
48 5 5 1 0
48 6 9 1 0
48 7 2 1 0
48 8 6 1 0
48 9 10 1 0
48 10 8 1 0
48 11 5 1 1
48 12 8 1 0
48 13 4 1 0
48 14 6 1 0
48 15 2 1 0
48 16 7 1 0
48 17 4 1 0
48 18 4 1 1
48 19 4 1 0
48 20 7 1 0
48 21 7 1 0
48 22 3 1 0
48 23 10 1 1
48 24 5 1 0
48 25 8 1 0
48 26 8 1 0
48 27 7 1 1
48 28 8 1 0
48 29 2 1 0
48 30 5 1 0
48 31 3 1 0
48 32 7 1 1
48 33 3 1 1
48 34 6 1 0
48 35 1 1 0
48 36 3 1 0
48 37 7 1 0
48 38 5 1 1
48 39 5 1 0
48 40 7 1 0
48 41 4 1 1
48 42 1 1 0
48 43 7 1 0
48 44 7 1 0
48 45 8 1 0
48 46 1 1 1
48 47 6 1 1
48 48 10 1 0
48 49 8 1 0
48 50 9 1 0
48 51 1 1 0
48 52 3 1 0
48 53 4 1 0
48 54 5 1 0
48 55 6 1 0
48 56 2 1 0
48 57 2 1 0
48 58 6 1 0
48 59 10 1 0
48 60 5 1 0
48 61 2 1 0
48 62 10 1 1
48 63 2 1 0
49 0 1 1 0
49 1 5 1 0
49 2 10 1 0
49 3 8 1 0
49 4 6 1 0
49 5 7 1 0
49 6 4 1 0
49 7 6 1 0
49 8 5 1 0
49 9 8 1 0
49 10 3 1 0
49 11 4 1 0
49 12 8 1 0
49 13 4 1 0
49 14 2 1 0
49 15 8 1 1
49 16 9 1 0
49 17 7 1 0
49 18 4 1 1
49 19 1 1 0
49 20 8 1 0
49 21 6 1 0
49 22 4 1 0
49 23 6 1 0
49 24 2 1 0
49 25 9 1 0
49 26 5 1 0
49 27 9 1 1
49 28 6 1 0
49 29 9 1 0
49 30 10 1 0
49 31 5 1 0
49 32 4 1 0
49 33 10 1 0
49 34 2 1 0
49 35 5 1 0
49 36 1 1 0
49 37 2 1 0
49 38 10 1 0
49 39 3 1 1
49 40 10 1 0
49 41 9 1 0
49 42 2 1 1
49 43 10 1 0
49 44 6 1 0
49 45 9 1 0
49 46 4 1 0
49 47 6 1 0
49 48 9 1 0
49 49 5 1 0
49 50 6 1 0
49 51 3 1 1
49 52 8 1 0
49 53 1 1 0
49 54 7 1 0
49 55 7 1 0
49 56 10 1 1
49 57 10 1 0
49 58 1 1 0
49 59 6 1 0
49 60 8 1 0
49 61 9 1 0
49 62 3 1 1
49 63 5 1 0
50 0 1 1 0
50 1 5 1 0
50 2 2 1 1
50 3 4 1 0
50 4 4 1 0
50 5 7 1 0
50 6 4 1 0
50 7 1 1 0
50 8 3 1 0
50 9 9 1 0
50 10 2 1 0
50 11 10 1 0
50 12 5 1 0
50 13 7 1 0
50 14 8 1 0
50 15 5 1 0
50 16 7 1 0
50 17 6 1 0
50 18 2 1 0
50 19 7 1 0
50 20 4 1 0
50 21 9 1 0
50 22 1 1 0
50 23 1 1 0
50 24 9 1 1
50 25 1 1 0
50 26 7 1 0
50 27 8 1 0
50 28 4 1 0
50 29 9 1 1
50 30 2 1 0
50 31 10 1 1
50 32 5 1 0
50 33 9 1 1
50 34 8 1 0
50 35 10 1 0
50 36 10 1 0
50 37 5 1 0
50 38 9 1 0
50 39 1 1 0
50 40 6 1 0
50 41 4 1 1
50 42 10 1 0
50 43 10 1 0
50 44 5 1 0
50 45 9 1 0
50 46 1 1 1
50 47 6 1 1
50 48 1 1 0
50 49 3 1 0
50 50 4 1 0
50 51 9 1 0
50 52 3 1 0
50 53 7 1 0
50 54 9 1 0
50 55 1 1 0
50 56 9 1 0
50 57 7 1 0
50 58 9 1 1
50 59 5 1 1
50 60 5 1 0
50 61 7 1 1
50 62 8 1 0
50 63 3 1 0
51 0 5 1 1
51 1 3 1 0
51 2 9 1 0
51 3 8 1 0
51 4 8 1 0
51 5 4 1 0
51 6 2 1 0
51 7 6 1 0
51 8 9 1 0
51 9 7 1 0
51 10 10 1 0
51 11 5 1 0
51 12 1 1 0
51 13 9 1 0
51 14 9 1 1
51 15 10 1 0
51 16 1 1 1
51 17 1 1 0
51 18 8 1 0
51 19 1 1 0
51 20 3 1 0
51 21 2 1 1
51 22 3 1 0
51 23 2 1 0
51 24 5 1 1
51 25 5 1 0
51 26 7 1 1
51 27 3 1 1
51 28 9 1 1
51 29 7 1 0
51 30 9 1 0
51 31 5 1 0
51 32 7 1 0
51 33 4 1 0
51 34 1 1 0
51 35 5 1 0
51 36 2 1 1
51 37 8 1 0
51 38 5 1 0
51 39 6 1 0
51 40 4 1 0
51 41 7 1 0
51 42 1 1 0
51 43 6 1 0
51 44 8 1 0
51 45 9 1 0
51 46 1 1 0
51 47 2 1 0
51 48 4 1 0
51 49 7 1 0
51 50 3 1 0
51 51 1 1 0
51 52 3 1 0
51 53 9 1 0
51 54 2 1 1
51 55 10 1 0
51 56 7 1 0
51 57 7 1 0
51 58 8 1 0
51 59 10 1 0
51 60 4 1 0
51 61 8 1 0
51 62 7 1 0
51 63 10 1 0
52 0 1 1 0
52 1 7 1 0
52 2 10 1 0
52 3 5 1 0
52 4 6 1 0
52 5 7 1 0
52 6 9 1 0
52 7 1 1 0
52 8 7 1 0
52 9 6 1 1
52 10 1 1 0
52 11 2 1 0
52 12 2 1 0
52 13 2 1 0
52 14 4 1 0
52 15 5 1 0
52 16 2 1 0
52 17 9 1 0
52 18 1 1 0
52 19 3 1 0
52 20 9 1 0
52 21 5 1 1
52 22 3 1 0
52 23 1 1 0
52 24 9 1 0
52 25 3 1 0
52 26 1 1 0
52 27 3 1 0
52 28 6 1 0
52 29 9 1 0
52 30 4 1 0
52 31 1 1 0
52 32 10 1 0
52 33 9 1 0
52 34 8 1 0
52 35 9 1 1
52 36 2 1 0
52 37 8 1 0
52 38 9 1 0
52 39 7 1 0
52 40 7 1 0
52 41 2 1 0
52 42 6 1 1
52 43 8 1 0
52 44 10 1 0
52 45 6 1 0
52 46 6 1 0
52 47 10 1 1
52 48 9 1 0
52 49 5 1 1
52 50 9 1 0
52 51 10 1 0
52 52 10 1 0
52 53 9 1 0
52 54 1 1 0
52 55 8 1 0
52 56 3 1 1
52 57 4 1 0
52 58 9 1 0
52 59 2 1 0
52 60 6 1 1
52 61 7 1 0
52 62 10 1 1
52 63 5 1 0
53 0 7 1 0
53 1 3 1 0
53 2 7 1 0
53 3 7 1 0
53 4 5 1 0
53 5 7 1 0
53 6 3 1 0
53 7 1 1 0
53 8 7 1 0
53 9 9 1 1
53 10 6 1 0
53 11 1 1 0
53 12 2 1 0
53 13 5 1 0
53 14 3 1 0
53 15 8 1 0
53 16 4 1 1
53 17 4 1 0
53 18 1 1 0
53 19 5 1 0
53 20 1 1 0
53 21 7 1 0
53 22 1 1 1
53 23 3 1 0
53 24 9 1 0
53 25 9 1 0
53 26 4 1 0
53 27 8 1 0
53 28 1 1 0
53 29 9 1 0
53 30 8 1 1
53 31 1 1 0
53 32 7 1 0
53 33 5 1 0
53 34 8 1 0
53 35 3 1 1
53 36 6 1 0
53 37 10 1 0
53 38 1 1 0
53 39 8 1 0
53 40 9 1 0
53 41 5 1 0
53 42 3 1 1
53 43 9 1 0
53 44 8 1 1
53 45 8 1 0
53 46 7 1 0
53 47 4 1 0
53 48 3 1 1
53 49 6 1 0
53 50 6 1 0
53 51 5 1 0
53 52 6 1 0
53 53 10 1 0
53 54 8 1 0
53 55 9 1 1
53 56 3 1 0
53 57 6 1 1
53 58 9 1 1
53 59 9 1 0
53 60 8 1 1
53 61 10 1 0
53 62 8 1 0
53 63 3 1 0
54 0 7 1 0
54 1 10 1 0
54 2 9 1 0
54 3 2 1 0
54 4 10 1 1
54 5 1 1 0
54 6 8 1 0
54 7 3 1 0
54 8 7 1 0
54 9 7 1 0
54 10 3 1 0
54 11 1 1 1
54 12 6 1 1
54 13 8 1 0
54 14 2 1 0
54 15 10 1 1
54 16 6 1 0
54 17 3 1 0
54 18 1 1 0
54 19 7 1 0
54 20 3 1 0
54 21 3 1 0
54 22 5 1 0
54 23 7 1 0
54 24 2 1 1
54 25 1 1 0
54 26 1 1 0
54 27 1 1 0
54 28 2 1 0
54 29 3 1 0
54 30 5 1 1
54 31 7 1 0
54 32 7 1 0
54 33 3 1 0
54 34 9 1 0
54 35 8 1 0
54 36 7 1 0
54 37 6 1 1
54 38 4 1 0
54 39 9 1 0
54 40 2 1 0
54 41 1 1 1
54 42 8 1 0
54 43 7 1 1
54 44 1 1 0
54 45 3 1 0
54 46 9 1 0
54 47 10 1 0
54 48 7 1 0
54 49 6 1 0
54 50 1 1 0
54 51 7 1 0
54 52 4 1 0
54 53 6 1 0
54 54 2 1 0
54 55 8 1 0
54 56 1 1 0
54 57 4 1 0
54 58 4 1 0
54 59 4 1 1
54 60 8 1 0
54 61 9 1 0
54 62 3 1 0
54 63 8 1 0
55 0 1 1 0
55 1 6 1 0
55 2 3 1 0
55 3 10 1 0
55 4 7 1 1
55 5 8 1 0
55 6 4 1 0
55 7 7 1 0
55 8 7 1 0
55 9 8 1 0
55 10 5 1 1
55 11 7 1 0
55 12 5 1 0
55 13 7 1 0
55 14 9 1 0
55 15 1 1 0
55 16 6 1 1
55 17 10 1 0
55 18 1 1 0
55 19 5 1 0
55 20 6 1 1
55 21 9 1 0
55 22 5 1 0
55 23 9 1 0
55 24 2 1 0
55 25 4 1 0
55 26 4 1 0
55 27 6 1 0
55 28 10 1 0
55 29 5 1 0
55 30 10 1 0
55 31 2 1 1
55 32 10 1 0
55 33 7 1 0
55 34 10 1 0
55 35 8 1 0
55 36 2 1 0
55 37 9 1 0
55 38 4 1 1
55 39 5 1 0
55 40 3 1 0
55 41 7 1 0
55 42 10 1 0
55 43 4 1 0
55 44 10 1 0
55 45 3 1 0
55 46 2 1 0
55 47 2 1 0
55 48 9 1 0
55 49 7 1 0
55 50 8 1 1
55 51 4 1 0
55 52 2 1 0
55 53 2 1 0
55 54 3 1 0
55 55 7 1 0
55 56 10 1 0
55 57 5 1 0
55 58 8 1 0
55 59 3 1 0
55 60 2 1 0
55 61 4 1 0
55 62 10 1 0
55 63 10 1 0
56 0 7 1 0
56 1 1 1 0
56 2 7 1 0
56 3 2 1 0
56 4 4 1 0
56 5 4 1 1
56 6 1 1 1
56 7 3 1 0
56 8 7 1 0
56 9 5 1 0
56 10 7 1 0
56 11 4 1 0
56 12 2 1 0
56 13 2 1 0
56 14 10 1 0
56 15 6 1 1
56 16 9 1 0
56 17 2 1 0
56 18 4 1 0
56 19 9 1 0
56 20 3 1 0
56 21 9 1 0
56 22 1 1 0
56 23 8 1 0
56 24 3 1 0
56 25 10 1 0
56 26 5 1 1
56 27 5 1 0
56 28 8 1 0
56 29 2 1 0
56 30 9 1 1
56 31 9 1 0
56 32 10 1 0
56 33 7 1 0
56 34 9 1 1
56 35 2 1 0
56 36 5 1 1
56 37 5 1 0
56 38 3 1 1
56 39 4 1 0
56 40 6 1 0
56 41 3 1 0
56 42 4 1 0
56 43 4 1 1
56 44 1 1 0
56 45 3 1 1
56 46 8 1 0
56 47 4 1 1
56 48 5 1 0
56 49 8 1 0
56 50 1 1 0
56 51 9 1 0
56 52 4 1 1
56 53 6 1 0
56 54 9 1 1
56 55 8 1 1
56 56 1 1 0
56 57 1 1 0
56 58 4 1 0
56 59 9 1 0
56 60 10 1 0
56 61 1 1 1
56 62 5 1 1
56 63 2 1 0
57 0 5 1 0
57 1 5 1 0
57 2 9 1 0
57 3 10 1 0
57 4 8 1 0
57 5 10 1 0
57 6 6 1 0
57 7 7 1 0
57 8 7 1 0
57 9 5 1 1
57 10 4 1 0
57 11 1 1 0
57 12 9 1 0
57 13 6 1 0
57 14 7 1 1
57 15 3 1 0
57 16 3 1 0
57 17 7 1 1
57 18 6 1 0
57 19 2 1 0
57 20 6 1 0
57 21 1 1 0
57 22 4 1 0
57 23 1 1 0
57 24 7 1 0
57 25 4 1 1
57 26 5 1 0
57 27 10 1 0
57 28 5 1 0
57 29 10 1 0
57 30 2 1 0
57 31 8 1 0
57 32 8 1 0
57 33 2 1 0
57 34 6 1 1
57 35 5 1 1
57 36 3 1 0
57 37 5 1 0
57 38 5 1 0
57 39 4 1 0
57 40 7 1 0
57 41 1 1 1
57 42 1 1 1
57 43 5 1 0
57 44 2 1 0
57 45 2 1 0
57 46 10 1 1
57 47 8 1 0
57 48 2 1 0
57 49 1 1 0
57 50 5 1 0
57 51 1 1 0
57 52 6 1 1
57 53 10 1 1
57 54 7 1 0
57 55 7 1 0
57 56 1 1 0
57 57 8 1 1
57 58 7 1 0
57 59 6 1 0
57 60 1 1 0
57 61 8 1 0
57 62 10 1 0
57 63 3 1 0
58 0 1 1 0
58 1 9 1 1
58 2 10 1 0
58 3 2 1 0
58 4 8 1 0
58 5 10 1 0
58 6 5 1 0
58 7 4 1 0
58 8 3 1 0
58 9 7 1 0
58 10 1 1 1
58 11 8 1 0
58 12 9 1 0
58 13 6 1 0
58 14 9 1 1
58 15 9 1 1
58 16 3 1 0
58 17 4 1 0
58 18 10 1 1
58 19 7 1 0
58 20 2 1 1
58 21 5 1 0
58 22 7 1 0
58 23 10 1 0
58 24 4 1 0
58 25 9 1 0
58 26 2 1 0
58 27 1 1 0
58 28 1 1 1
58 29 1 1 1
58 30 3 1 0
58 31 6 1 0
58 32 4 1 0
58 33 5 1 1
58 34 1 1 0
58 35 8 1 0
58 36 7 1 1
58 37 4 1 0
58 38 1 1 0
58 39 4 1 1
58 40 8 1 0
58 41 8 1 1
58 42 9 1 0
58 43 4 1 0
58 44 4 1 0
58 45 8 1 0
58 46 4 1 1
58 47 3 1 0
58 48 4 1 0
58 49 1 1 0
58 50 7 1 0
58 51 6 1 0
58 52 1 1 0
58 53 8 1 0
58 54 8 1 0
58 55 1 1 0
58 56 1 1 0
58 57 4 1 0
58 58 10 1 0
58 59 4 1 0
58 60 1 1 0
58 61 4 1 1
58 62 2 1 0
58 63 3 1 0
59 0 1 1 0
59 1 3 1 0
59 2 4 1 1
59 3 1 1 1
59 4 10 1 0
59 5 5 1 0
59 6 3 1 0
59 7 3 1 0
59 8 6 1 0
59 9 9 1 0
59 10 2 1 1
59 11 4 1 0
59 12 9 1 0
59 13 7 1 0
59 14 9 1 1
59 15 3 1 0
59 16 4 1 0
59 17 10 1 0
59 18 1 1 0
59 19 2 1 0
59 20 8 1 1
59 21 8 1 1
59 22 10 1 0
59 23 4 1 0
59 24 1 1 0
59 25 9 1 0
59 26 1 1 0
59 27 5 1 0
59 28 1 1 1
59 29 8 1 0
59 30 9 1 0
59 31 10 1 0
59 32 5 1 0
59 33 5 1 0
59 34 1 1 0
59 35 3 1 0
59 36 6 1 0
59 37 4 1 0
59 38 6 1 0
59 39 3 1 0
59 40 8 1 0
59 41 7 1 0
59 42 10 1 1
59 43 10 1 1
59 44 4 1 0
59 45 2 1 0
59 46 9 1 0
59 47 3 1 1
59 48 6 1 0
59 49 2 1 0
59 50 9 1 0
59 51 9 1 1
59 52 5 1 1
59 53 9 1 0
59 54 4 1 1
59 55 6 1 0
59 56 8 1 0
59 57 2 1 1
59 58 4 1 1
59 59 3 1 0
59 60 7 1 0
59 61 4 1 0
59 62 5 1 0
59 63 7 1 0
60 0 7 1 0
60 1 4 1 0
60 2 1 1 0
60 3 10 1 0
60 4 2 1 1
60 5 2 1 0
60 6 3 1 0
60 7 7 1 0
60 8 6 1 0
60 9 10 1 0
60 10 8 1 0
60 11 3 1 1
60 12 2 1 0
60 13 9 1 0
60 14 7 1 0
60 15 8 1 0
60 16 10 1 1
60 17 3 1 0
60 18 3 1 0
60 19 2 1 0
60 20 5 1 1
60 21 8 1 0
60 22 8 1 0
60 23 7 1 -3
60 24 5 1 0
60 25 6 1 0
60 26 5 1 0
60 27 2 1 0
60 28 6 1 0
60 29 4 1 0
60 30 7 1 1
60 31 2 1 1
60 32 5 1 0
60 33 3 1 0
60 34 5 1 0
60 35 1 1 0
60 36 5 1 0
60 37 6 1 1
60 38 6 1 1
60 39 9 1 0
60 40 3 1 0
60 41 1 1 0
60 42 2 1 0
60 43 8 1 1
60 44 3 1 1
60 45 1 1 0
60 46 4 1 0
60 47 4 1 0
60 48 6 1 0
60 49 9 1 0
60 50 7 1 0
60 51 8 1 1
60 52 4 1 0
60 53 5 1 0
60 54 2 1 0
60 55 10 1 0
60 56 7 1 0
60 57 3 1 0
60 58 3 1 0
60 59 10 1 1
60 60 5 1 0
60 61 6 1 0
60 62 6 1 1
60 63 8 1 0
61 0 2 1 0
61 1 10 1 0
61 2 10 1 0
61 3 10 1 0
61 4 4 1 0
61 5 4 1 1
61 6 9 1 0
61 7 7 1 0
61 8 9 1 1
61 9 7 1 0
61 10 3 1 0
61 11 3 1 1
61 12 1 1 0
61 13 7 1 0
61 14 10 1 0
61 15 1 1 1
61 16 3 1 0
61 17 6 1 0
61 18 2 1 0
61 19 5 1 0
61 20 5 1 0
61 21 3 1 0
61 22 7 1 1
61 23 1 1 0
61 24 6 1 0
61 25 6 1 0
61 26 6 1 0
61 27 5 1 0
61 28 2 1 0
61 29 5 1 0
61 30 5 1 1
61 31 4 1 0
61 32 2 1 0
61 33 2 1 0
61 34 5 1 1
61 35 10 1 1
61 36 6 1 0
61 37 1 1 0
61 38 4 1 0
61 39 7 1 0
61 40 2 1 0
61 41 2 1 1
61 42 10 1 1
61 43 4 1 0
61 44 9 1 0
61 45 1 1 0
61 46 6 1 0
61 47 1 1 0
61 48 4 1 0
61 49 8 1 0
61 50 5 1 0
61 51 8 1 0
61 52 6 1 0
61 53 6 1 0
61 54 7 1 0
61 55 10 1 0
61 56 9 1 0
61 57 9 1 0
61 58 8 1 0
61 59 4 1 1
61 60 9 1 0
61 61 4 1 0
61 62 2 1 0
61 63 5 1 0
62 0 10 1 0
62 1 3 1 0
62 2 2 1 0
62 3 9 1 0
62 4 1 1 0
62 5 1 1 1
62 6 2 1 1
62 7 10 1 0
62 8 7 1 0
62 9 3 1 0
62 10 9 1 0
62 11 9 1 0
62 12 7 1 0
62 13 9 1 0
62 14 7 1 1
62 15 1 1 0
62 16 2 1 0
62 17 9 1 0
62 18 10 1 1
62 19 3 1 0
62 20 7 1 0
62 21 9 1 0
62 22 5 1 0
62 23 10 1 0
62 24 3 1 0
62 25 1 1 0
62 26 5 1 0
62 27 8 1 0
62 28 9 1 0
62 29 4 1 0
62 30 3 1 0
62 31 1 1 0
62 32 7 1 0
62 33 7 1 0
62 34 1 1 1
62 35 9 1 0
62 36 9 1 0
62 37 2 1 0
62 38 4 1 0
62 39 7 1 0
62 40 7 1 0
62 41 2 1 0
62 42 10 1 0
62 43 5 1 0
62 44 2 1 0
62 45 7 1 0
62 46 1 1 0
62 47 5 1 0
62 48 7 1 0
62 49 1 1 0
62 50 5 1 0
62 51 8 1 0
62 52 10 1 1
62 53 7 1 1
62 54 3 1 1
62 55 5 1 0
62 56 3 1 0
62 57 2 1 0
62 58 1 1 0
62 59 7 1 0
62 60 1 1 0
62 61 9 1 0
62 62 10 1 1
62 63 8 1 0
63 0 9 1 0
63 1 10 1 0
63 2 8 1 1
63 3 3 1 0
63 4 1 1 0
63 5 6 1 0
63 6 1 1 0
63 7 4 1 0
63 8 6 1 0
63 9 5 1 0
63 10 9 1 0
63 11 10 1 0
63 12 5 1 0
63 13 2 1 0
63 14 4 1 0
63 15 5 1 1
63 16 8 1 0
63 17 2 1 1
63 18 8 1 1
63 19 1 1 0
63 20 4 1 1
63 21 9 1 0
63 22 2 1 0
63 23 2 1 1
63 24 9 1 0
63 25 5 1 0
63 26 3 1 0
63 27 1 1 0
63 28 3 1 0
63 29 10 1 0
63 30 5 1 0
63 31 8 1 0
63 32 9 1 0
63 33 10 1 0
63 34 6 1 0
63 35 6 1 0
63 36 8 1 0
63 37 6 1 0
63 38 6 1 0
63 39 10 1 0
63 40 7 1 1
63 41 9 1 0
63 42 6 1 0
63 43 8 1 0
63 44 2 1 0
63 45 10 1 0
63 46 2 1 0
63 47 7 1 0
63 48 8 1 1
63 49 3 1 1
63 50 4 1 0
63 51 5 1 1
63 52 6 1 0
63 53 6 1 0
63 54 5 1 0
63 55 4 1 0
63 56 5 1 0
63 57 10 1 0
63 58 4 1 0
63 59 6 1 0
63 60 7 1 0
63 61 8 1 0
63 62 9 1 0
63 63 6 1 0
