311 0.0 
9587 0.0 
8939 4.547473508864641e-13 
6805 0.0 
7501 0.0 
9674 7.275957614183426e-12 
7644 0.0 
707 0.0 
9365 0.0 
506 0.0 
7487 0.0 
5317 1.8189894035458565e-12 
3099 0.0 
7397 0.0 
6026 7.275957614183426e-12 
3728 0.0 
6818 0.0 
7310 0.0 
3610 -7.275957614183426e-12 
1202 0.0 
7701 0.0 
343 0.0 
1823 -1.8189894035458565e-12 
6354 0.0 
3705 0.0 
9412 7.275957614183426e-12 
1621 -1.4551915228366852e-11 
6232 7.275957614183426e-12 
2868 5.820766091346741e-11 
4527 0.0 
7840 0.0 
390 0.0 
9603 0.0 
7431 0.0 
4102 0.0 
6684 0.0 
9328 0.0 
9921 7.275957614183426e-12 
6119 0.0 
6020 0.0 
8354 1.8189894035458565e-12 
2184 0.0 
3008 4.547473508864641e-13 
1022 0.0 
5268 7.275957614183426e-12 
4510 1.8189894035458565e-12 
4408 0.0 
1799 0.0 
7829 0.0 
84 0.0 
5582 0.0 
8518 0.0 
5489 9.094947017729282e-13 
6524 0.0 
1717 4.547473508864641e-13 
4953 0.0 
8395 0.0 
2471 7.275957614183426e-12 
2886 2.2737367544323206e-13 
4115 0.0 
9710 -9.094947017729282e-13 
7140 0.0 
5756 0.0 
6600 0.0 
5894 0.0 
7743 -2.9103830456733704e-11 
2341 0.0 
9096 0.0 
7623 0.0 
3768 0.0 
4399 0.0 
5071 7.275957614183426e-12 
388 -4.547473508864641e-13 
933 0.0 
1679 5.684341886080802e-14 
4430 0.0 
5606 0.0 
4976 1.4551915228366852e-11 
238 0.0 
7622 -1.8189894035458565e-12 
6343 0.0 
3892 4.547473508864641e-13 
296 0.0 
9024 0.0 
1792 0.0 
4048 7.275957614183426e-12 
5320 1.1368683772161603e-13 
9310 0.0 
6034 0.0 
5958 1.8189894035458565e-12 
5617 0.0 
1727 2.2737367544323206e-13 
945 7.275957614183426e-12 
1751 0.0 
9578 9.094947017729282e-13 
4523 2.2737367544323206e-13 
2353 0.0 
7486 1.8189894035458565e-12 
1419 4.547473508864641e-13 
3980 1.8189894035458565e-12 
1403 0.0 
6485 1.4551915228366852e-11 
7771 0.0 
9394 1.8189894035458565e-12 
1680 0.0 
3780 3.637978807091713e-12 
6702 0.0 
8633 0.0 
6469 0.0 
4613 0.0 
1219 0.0 
5528 1.4551915228366852e-11 
4354 1.4551915228366852e-11 
3318 7.275957614183426e-12 
4077 0.0 
8295 1.1641532182693481e-10 
6247 0.0 
1897 9.094947017729282e-13 
5273 0.0 
6937 2.2737367544323206e-13 
9965 4.547473508864641e-13 
696 0.0 
5255 9.094947017729282e-13 
5751 3.637978807091713e-12 
4748 0.0 
3875 4.547473508864641e-13 
7458 3.637978807091713e-12 
8523 9.094947017729282e-13 
4284 0.0 
3960 0.0 
761 7.275957614183426e-12 
5812 0.0 
3678 1.4551915228366852e-11 
9252 0.0 
1238 4.547473508864641e-13 
2900 4.547473508864641e-13 
6594 0.0 
2935 4.547473508864641e-13 
1509 -1.1641532182693481e-10 
8174 0.0 
9370 3.637978807091713e-12 
158 0.0 
2243 3.637978807091713e-12 
2009 0.0 
6055 9.094947017729282e-13 
5066 0.0 
7527 0.0 
800 1.1368683772161603e-13 
8823 2.2737367544323206e-13 
2482 4.547473508864641e-13 
3925 1.8189894035458565e-12 
9805 0.0 
1495 1.8189894035458565e-12 
8363 0.0 
1265 2.842170943040401e-14 
7260 -1.4551915228366852e-11 
6036 7.275957614183426e-12 
5529 0.0 
1832 0.0 
6607 5.820766091346741e-11 
