1 2 10 1 1
1 47 1 1 1
2 31 5 1 1
2 35 3 1 1
2 406 2 1 1
3 4 3 1 1
3 5 10 1 1
3 26 7 1 1
5 57 10 1 1
15 16 8 1 1
15 36 10 1 1
16 25 5 1 0
17 18 1 1 1
17 36 1 1 0
18 33 10 1 1
19 20 3 1 1
19 21 9 1 1
20 142 9 1 1
20 148 5 1 0
21 22 6 1 1
22 23 5 1 1
23 24 2 1 1
24 25 2 1 1
24 28 4 1 1
26 27 5 1 1
27 29 5 1 1
27 30 9 1 0
28 29 5 1 1
31 33 1 1 1
32 33 10 1 1
32 34 7 1 1
32 69 8 1 1
34 35 9 1 1
34 73 3 1 1
36 37 7 1 1
36 75 1 1 1
37 52 9 1 1
37 43 9 1 1
46 47 10 1 1
47 448 5 1 1
52 67 4 1 1
53 54 4 1 0
53 59 1 1 1
53 418 10 1 1
54 163 8 1 1
55 56 2 1 1
55 59 2 1 1
56 57 8 1 1
56 66 1 1 0
58 59 1 1 1
58 60 8 1 0
58 199 3 1 1
58 458 10 1 1
60 63 6 1 1
63 225 8 1 1
64 65 5 1 1
64 66 4 1 1
65 67 4 1 1
69 70 7 1 1
70 71 10 1 1
71 101 6 1 1
72 73 3 1 1
72 101 8 1 1
73 76 3 1 1
73 77 2 1 1
96 97 5 1 1
96 111 10 1 1
97 101 3 1 1
98 99 2 1 1
98 100 4 1 1
99 138 7 1 1
100 116 2 1 0
105 106 8 1 1
105 111 9 1 0
106 107 10 1 1
107 108 3 1 1
111 114 4 1 1
113 114 8 1 1
113 116 8 1 1
115 116 6 1 1
115 409 6 1 1
118 119 9 1 1
119 138 5 1 1
120 121 7 1 1
120 122 5 1 1
120 304 4 1 1
121 296 6 1 1
122 123 8 1 1
122 124 8 1 1
124 125 3 1 1
134 135 4 1 1
134 332 3 1 1
135 136 4 1 1
135 137 8 1 1
137 139 9 1 1
139 140 5 1 1
139 141 3 1 1
139 399 8 1 1
141 400 9 1 1
154 155 3 1 1
154 156 1 1 0
154 172 1 1 1
155 168 10 1 1
156 157 6 1 1
156 171 3 1 0
157 158 5 1 1
158 159 4 1 1
158 177 9 1 1
159 160 6 1 1
159 161 4 1 1
159 196 10 1 1
161 162 6 1 1
161 197 1 1 1
163 164 8 1 0
164 165 10 1 1
165 166 2 1 1
165 104 1 1 1
166 167 8 1 1
167 168 10 1 1
169 170 1 1 1
169 171 4 1 1
169 174 6 1 1
170 172 5 1 1
170 173 7 1 1
170 419 10 1 1
171 178 7 1 1
173 174 2 1 1
174 179 5 1 0
175 176 9 1 1
176 214 4 1 1
177 178 5 1 1
177 191 10 1 0
178 421 1 1 1
179 192 3 1 1
180 181 2 1 1
180 208 7 1 1
181 192 4 1 0
182 183 3 1 1
182 184 5 1 1
184 185 3 1 1
184 208 8 1 1
185 186 2 1 1
185 207 2 1 1
186 187 7 1 1
186 230 9 1 1
187 188 7 1 1
187 193 6 1 1
188 189 3 1 1
188 191 6 1 1
189 190 6 1 1
189 191 3 1 0
193 194 5 1 1
193 217 8 1 1
194 195 3 1 1
194 217 9 1 1
195 196 4 1 1
195 216 9 1 1
196 197 3 1 1
196 476 2 1 1
197 216 9 1 1
198 199 8 1 1
198 221 8 1 1
199 200 5 1 1
200 10 2 1 1
201 202 2 1 0
201 203 8 1 1
201 351 1 1 1
202 213 1 1 0
203 204 5 1 1
203 205 10 1 1
205 206 7 1 1
205 231 10 1 0
205 360 3 1 1
206 207 5 1 1
206 232 8 1 1
207 233 2 1 0
208 209 9 1 0
210 211 7 1 1
210 212 3 1 1
211 215 10 1 0
212 213 10 1 1
212 342 4 1 1
213 340 5 1 1
214 215 3 1 1
216 219 3 1 1
217 218 5 1 1
218 222 4 1 0
219 220 2 1 1
220 221 5 1 1
220 222 4 1 1
222 226 6 1 1
223 224 10 1 1
223 225 9 1 1
223 7 1 1 1
224 229 10 1 1
227 228 6 1 1
227 229 9 1 1
227 272 8 1 1
228 230 4 1 1
229 401 10 1 0
231 281 3 1 1
232 265 8 1 1
233 264 6 1 1
233 150 8 1 1
234 235 8 1 1
234 278 8 1 1
236 237 5 1 1
236 280 9 1 1
237 238 7 1 1
237 239 7 1 1
239 240 2 1 1
240 241 5 1 1
241 243 1 1 1
241 442 9 1 1
242 243 10 1 1
242 244 1 1 1
242 314 5 1 1
242 80 7 1 1
243 293 1 1 1
244 247 2 1 0
245 246 3 1 1
245 247 9 1 1
247 248 6 1 1
248 249 5 1 1
249 250 4 1 1
249 312 6 1 1
250 251 2 1 1
250 321 6 1 1
251 252 10 1 1
252 253 4 1 1
252 327 1 1 1
252 301 9 1 1
253 254 5 1 0
253 277 6 1 1
253 266 7 1 1
254 255 7 1 1
254 256 10 1 1
256 257 9 1 1
257 258 4 1 1
257 259 4 1 0
260 261 8 1 0
260 262 7 1 1
260 263 3 1 1
263 264 6 1 1
263 479 4 1 1
266 267 8 1 1
267 268 4 1 1
267 299 9 1 1
268 269 1 1 1
269 270 9 1 0
269 294 9 1 1
270 271 5 1 1
271 295 4 1 1
271 133 9 1 1
272 273 1 1 0
272 274 6 1 1
274 275 5 1 1
275 276 9 1 0
275 277 3 1 1
275 291 10 1 1
278 279 9 1 1
278 282 1 1 1
279 280 4 1 1
280 287 3 1 0
281 289 3 1 1
282 288 3 1 1
283 284 3 1 1
283 285 4 1 1
283 305 5 1 1
284 290 1 1 1
284 365 7 1 1
285 286 1 1 1
285 306 1 1 1
286 287 8 1 1
286 306 7 1 1
286 452 6 1 0
287 293 5 1 1
288 289 5 1 1
289 290 8 1 1
291 292 3 1 1
297 298 9 1 1
297 454 8 1 1
298 299 2 1 1
300 301 4 1 1
300 302 7 1 1
302 303 8 1 1
302 304 7 1 1
302 330 3 1 1
305 306 10 1 1
305 308 5 1 1
306 308 8 1 1
307 308 3 1 3
307 309 2 1 1
309 310 2 1 1
309 338 6 1 1
309 379 2 1 1
310 311 5 1 1
310 85 4 1 1
311 312 5 1 1
313 314 4 1 1
315 316 8 1 0
315 317 4 1 1
315 499 5 1 1
316 334 2 1 1
316 398 9 1 1
317 318 10 1 0
317 503 7 1 1
318 319 3 1 1
318 502 5 1 1
318 510 4 1 0
319 320 3 1 1
320 333 4 1 0
321 322 7 1 1
322 323 6 1 1
322 325 10 1 1
322 333 2 1 1
323 324 10 1 1
325 326 10 1 1
326 328 9 1 0
327 328 3 1 1
328 329 4 1 1
328 495 5 1 1
329 330 7 1 1
329 331 10 1 0
331 332 7 1 1
331 489 5 1 1
332 481 6 1 1
333 493 8 1 1
334 335 2 1 1
336 337 6 1 1
336 500 5 1 0
337 338 5 1 1
337 382 7 1 1
338 339 2 1 1
338 377 9 1 1
340 341 3 1 1
340 349 2 1 1
340 354 9 1 1
341 343 8 1 1
342 343 6 1 1
344 345 5 1 1
344 346 3 1 1
344 385 1 1 0
346 347 1 1 1
347 348 7 1 1
347 387 5 1 0
348 349 10 1 1
348 386 5 1 1
350 351 1 1 1
350 359 9 1 1
350 13 7 1 1
351 352 6 1 1
352 353 1 1 1
352 356 2 1 1
353 354 8 1 1
354 355 1 1 1
355 356 7 1 1
356 357 2 1 1
358 359 7 1 1
358 361 3 1 1
358 362 7 1 1
358 360 10 1 1
358 92 9 1 1
360 413 5 1 1
361 388 4 1 1
362 367 3 1 1
363 364 6 1 1
363 365 8 1 1
363 370 8 1 1
364 395 1 1 1
365 366 9 1 1
365 371 6 1 1
366 144 6 1 1
367 368 6 1 1
367 369 2 1 1
370 380 7 1 1
371 372 5 1 1
371 373 3 1 1
371 374 7 1 0
375 376 5 1 1
375 383 9 1 1
376 384 9 1 1
377 378 9 1 0
377 381 5 1 1
378 384 7 1 0
381 383 8 1 0
382 496 5 1 0
383 384 3 1 1
388 389 5 1 0
388 392 9 1 1
389 390 9 1 1
390 391 2 1 1
392 393 7 1 1
392 394 10 1 1
395 396 9 1 1
399 411 7 1 1
400 405 2 1 1
404 405 3 1 1
404 412 10 1 1
405 89 6 1 1
408 409 1 1 1
411 412 4 1 1
411 415 10 1 1
411 482 2 1 1
412 415 8 1 1
415 427 10 1 1
415 487 6 1 1
427 428 1 1 0
427 431 9 1 1
427 487 2 1 1
427 424 5 1 1
428 429 9 1 1
428 432 1 1 1
481 482 9 1 1
482 488 5 1 1
483 484 4 1 1
483 485 7 1 1
484 492 8 1 0
485 486 3 1 1
486 487 7 1 1
489 490 4 1 0
490 491 7 1 1
490 492 1 1 1
493 508 6 1 0
494 495 1 1 1
494 507 2 1 1
496 497 1 1 0
496 62 8 1 1
497 498 8 1 1
497 499 4 1 0
499 501 10 1 1
501 447 5 1 1
502 511 8 1 1
503 450 4 1 1
504 505 1 1 1
504 506 8 1 0
505 508 8 1 1
505 509 4 1 1
506 507 1 1 1
509 510 10 1 1
509 511 5 1 1
7 8 4 1 0
7 6 3 1 1
10 9 6 1 1
10 11 9 1 1
13 12 9 1 1
12 14 8 1 1
144 38 3 1 1
144 145 9 1 1
38 39 9 1 1
89 68 3 1 1
89 88 4 1 1
68 40 8 1 1
68 102 8 1 1
40 41 10 1 1
40 81 5 1 1
102 50 1 1 1
50 51 6 1 0
41 95 1 1 1
81 146 7 1 1
95 456 6 1 1
95 143 5 1 1
95 146 9 1 1
146 410 4 1 1
43 42 7 1 1
133 130 8 1 1
128 117 7 1 1
128 132 1 1 0
117 129 2 1 1
117 110 1 1 1
132 130 8 1 1
129 127 3 1 1
127 44 10 1 1
130 131 6 1 1
44 45 6 1 1
110 109 10 1 1
110 126 10 1 1
109 112 3 1 1
62 49 1 1 1
62 61 8 1 1
48 49 3 1 0
75 74 7 1 1
77 78 4 1 1
80 79 6 1 0
92 90 4 1 1
82 83 4 1 1
83 91 2 1 1
91 90 7 1 1
90 93 1 1 1
93 94 2 1 1
85 84 3 1 1
84 86 9 1 1
84 87 5 1 0
86 87 6 1 1
104 103 3 1 1
148 147 8 1 1
147 149 2 1 1
150 153 2 1 1
150 151 2 1 1
152 153 6 1 1
398 397 8 1 1
401 402 2 1 1
401 403 6 1 1
406 407 7 1 1
416 407 1 1 1
413 434 1 1 1
413 414 10 1 1
433 434 1 1 0
418 417 1 1 1
419 420 8 1 1
419 430 6 1 1
421 422 1 1 1
421 423 1 1 1
424 425 5 1 1
424 426 8 1 1
424 438 5 1 1
438 437 5 1 1
437 439 10 1 1
454 453 7 1 1
454 435 9 1 1
453 455 9 1 0
455 460 8 1 0
435 436 1 1 1
460 463 3 1 1
463 462 3 1 1
461 462 6 1 1
461 464 4 1 1
464 466 6 1 1
466 467 7 1 1
452 451 9 1 1
452 440 9 1 1
451 459 5 1 1
459 473 1 1 1
440 441 6 1 1
473 472 9 1 1
442 443 5 1 0
448 444 7 1 1
444 445 2 1 1
465 445 8 1 1
465 468 1 1 1
468 469 2 1 1
469 470 8 1 1
470 471 2 1 1
447 446 3 1 1
450 449 6 1 1
458 457 1 1 0
476 474 6 1 1
476 477 7 1 1
474 475 2 1 0
477 478 7 1 1
479 480 9 1 1
284 177 6 1 1
391 291 2 1 1
397 161 7 1 1
376 187 3 1 1
322 42 1 1 1
399 318 2 1 1
463 89 2 1 1
343 194 9 1 1
437 265 5 1 1
239 53 7 1 1
411 475 6 1 1
21 372 10 1 1
508 449 2 1 1
24 51 5 1 1
54 280 2 1 1
261 73 8 1 1
2 307 8 1 1
476 36 4 1 1
374 231 1 1 1
483 72 3 1 1
188 248 10 1 1
326 346 5 1 1
458 449 7 1 1
435 58 5 1 1
225 130 8 1 1
484 174 3 1 1
322 33 2 1 1
369 191 3 1 1
330 20 2 1 1
324 21 10 1 1
18 385 6 1 1
252 297 6 1 0
7 178 8 1 1
30 43 4 1 1
397 191 2 1 1
450 80 9 1 1
458 335 8 1 1
171 48 3 1 1
485 267 9 1 1
104 136 10 1 1
47 507 7 1 1
302 429 10 1 1
424 132 6 1 1
55 69 4 1 1
81 28 8 1 1
346 114 10 1 1
84 284 6 1 1
57 44 7 1 1
112 358 8 1 1
103 252 2 1 1
202 401 10 1 1
106 343 8 1 1
297 285 6 1 1
47 27 9 1 1
391 38 3 1 1
292 297 1 1 1
292 334 3 1 1
149 56 1 1 1
56 464 2 1 0
252 487 8 1 1
491 427 8 1 1
112 439 6 1 1
62 365 1 1 1
315 75 7 1 1
445 373 10 1 1
373 228 9 1 0
459 103 3 1 0
5 34 3 1 1
357 412 5 1 0
195 208 10 1 1
362 282 6 1 1
282 132 10 1 1
292 358 5 1 1
130 16 1 1 1
354 48 3 1 1
329 398 2 1 1
107 143 6 1 0
302 8 4 1 1
437 468 4 1 1
391 24 4 1 1
70 453 6 1 1
428 250 8 1 0
427 93 6 1 1
235 500 10 1 1
476 259 4 1 1
140 144 8 1 1
373 167 1 1 1
413 463 6 1 1
100 419 7 1 1
67 49 5 1 0
148 127 2 1 1
227 117 7 1 1
147 283 8 1 1
464 193 4 1 1
281 305 7 1 1
168 300 5 1 1
456 265 2 1 1
74 34 6 1 1
228 497 2 1 1
84 178 1 1 1
47 339 6 1 1
137 364 4 1 1
419 487 10 1 1
497 260 6 1 1
432 171 1 1 1
104 329 1 1 1
16 90 6 1 1
14 244 3 1 1
56 483 4 1 1
175 2 10 1 0
151 442 10 1 1
372 443 8 1 1
460 285 10 1 1
372 171 10 1 0
267 357 9 1 1
336 274 10 1 1
235 63 10 1 1
279 71 1 1 1
251 475 8 1 1
440 88 2 1 1
169 453 8 1 1
172 264 4 1 0
51 471 4 1 1
503 172 3 1 1
175 199 5 1 1
230 291 10 1 0
16 205 4 1 1
339 82 10 1 1
449 137 7 1 1
119 372 2 1 1
499 126 8 1 1
485 290 9 1 1
181 127 4 1 1
505 298 1 1 0
290 489 8 1 1
34 249 1 1 1
179 277 10 1 1
440 73 4 1 1
343 395 1 1 1
87 478 10 1 1
316 6 5 1 1
307 144 4 1 1
308 435 6 1 1
233 510 4 1 1
126 354 1 1 1
272 162 10 1 1
135 122 3 1 1
365 389 8 1 1
235 479 5 1 1
125 110 10 1 1
289 302 3 1 1
13 387 10 1 1
345 228 10 1 1
10 105 5 1 1
311 286 5 1 1
126 229 2 1 1
286 221 4 1 1
171 11 5 1 1
172 342 7 1 1
245 407 10 1 1
63 188 6 1 1
253 232 2 1 0
435 104 2 1 1
87 138 9 1 1
30 432 7 1 1
476 53 10 1 1
107 103 9 1 0
409 12 10 1 1
344 183 4 1 1
440 85 7 1 1
210 133 7 1 1
45 192 1 1 1
352 234 2 1 1
354 440 6 1 1
28 170 1 1 1
281 2 8 1 1
361 251 4 1 0
35 364 10 1 1
433 81 2 1 1
281 159 7 1 1
495 148 9 1 1
316 239 2 1 1
143 130 7 1 0
26 136 5 1 1
424 419 4 1 1
395 202 6 1 1
136 352 1 1 1
380 360 6 1 1
146 72 1 1 1
424 450 3 1 1
147 425 4 1 1
451 285 8 1 1
195 101 3 1 1
457 177 5 1 1
81 208 9 1 1
182 200 10 1 1
436 509 3 1 1
29 18 9 1 1
149 453 1 1 1
330 473 6 1 1
73 53 2 1 0
340 196 9 1 1
256 444 4 1 1
270 428 1 1 1
407 87 4 1 1
346 295 6 1 1
78 410 1 1 1
87 205 10 1 1
331 59 4 1 1
45 83 6 1 1
411 217 10 1 0
262 497 7 1 0
267 226 10 1 1
456 426 4 1 1
321 505 5 1 0
479 424 3 1 1
488 420 3 1 0
236 272 2 1 1
507 217 2 1 1
366 165 2 1 1
227 338 4 1 1
228 346 6 1 1
488 324 10 1 1
116 214 5 1 1
499 343 2 1 0
155 118 1 1 0
480 256 1 1 1
176 478 3 1 1
375 389 1 1 1
139 438 7 1 1
366 395 6 1 1
42 36 5 1 1
470 372 2 1 1
127 490 2 1 1
407 209 9 1 1
455 68 4 1 1
222 99 2 1 1
351 55 5 1 1
418 87 2 1 0
254 89 2 1 1
256 83 3 1 1
225 147 2 1 1
73 89 8 1 1
376 270 1 1 1
415 507 3 1 1
414 382 8 1 1
319 321 8 1 0
257 29 10 1 1
312 374 2 1 1
43 150 8 1 1
82 423 3 1 1
226 280 6 1 1
125 299 4 1 1
202 220 7 1 1
290 116 6 1 1
130 118 8 1 1
358 76 9 1 1
243 500 7 1 1
163 155 8 1 1
445 227 7 1 1
240 177 3 1 1
299 246 1 1 1
347 136 6 1 1
211 323 3 1 1
318 227 1 1 1
174 222 8 1 0
35 492 7 1 1
441 58 9 1 0
196 346 5 1 1
511 236 9 1 1
485 390 2 1 1
104 59 10 1 0
479 450 7 1 0
138 5 3 1 1
37 172 9 1 1
138 363 7 1 1
242 4 7 1 1
482 154 2 1 1
149 188 1 1 1
99 460 10 1 1
425 450 3 1 1
357 26 1 1 1
161 115 4 1 0
381 37 2 1 1
132 19 2 1 1
187 142 6 1 1
491 238 5 1 1
159 315 6 1 1
210 320 4 1 1
412 304 7 1 1
455 221 6 1 1
206 67 2 1 1
49 231 6 1 1
148 56 7 1 1
418 274 7 1 1
101 374 7 1 1
262 368 1 1 1
508 424 7 1 1
337 46 4 1 1
509 305 7 1 1
204 60 8 1 1
96 195 9 1 1
339 139 8 1 1
437 348 9 1 1
121 269 5 1 1
246 328 1 1 1
484 17 1 1 1
69 250 7 1 1
402 7 5 1 1
129 389 9 1 1
119 123 3 1 0
197 210 2 1 1
363 165 4 1 1
87 5 6 1 1
221 486 2 1 1
247 221 8 1 1
413 265 7 1 1
111 499 1 1 1
448 258 5 1 1
49 166 10 1 1
110 115 7 1 1
26 425 1 1 0
72 204 7 1 1
315 355 2 1 1
189 99 1 1 1
509 155 2 1 1
483 167 5 1 1
82 471 8 1 1
145 45 4 1 1
297 442 2 1 1
55 250 8 1 1
288 110 7 1 0
445 503 3 1 1
503 235 1 1 1
332 103 1 1 0
489 487 10 1 1
127 123 9 1 1
358 357 7 1 1
330 332 8 1 1
501 372 7 1 0
253 133 9 1 1
78 174 9 1 1
337 445 7 1 1
85 334 4 1 1
498 277 4 1 1
210 80 4 1 1
42 223 2 1 1
168 27 2 1 1
160 87 8 1 1
55 270 9 1 1
36 223 1 1 1
314 10 8 1 1
410 213 5 1 1
484 485 7 1 1
309 28 1 1 1
10 219 2 1 1
69 297 4 1 1
18 402 3 1 1
457 206 1 1 1
319 504 4 1 1
401 246 1 1 1
422 501 7 1 1
26 11 1 1 1
245 501 5 1 1
211 451 3 1 1
7 275 6 1 1
293 502 10 1 1
340 55 3 1 1
385 449 8 1 1
474 142 10 1 0
186 407 8 1 1
116 149 9 1 1
83 372 6 1 1
228 281 2 1 1
265 65 2 1 1
230 241 10 1 1
435 123 7 1 0
288 386 8 1 1
497 427 3 1 1
452 23 6 1 1
256 360 9 1 1
227 132 10 1 0
352 378 10 1 1
294 84 2 1 0
434 225 5 1 1
26 289 5 1 1
415 461 7 1 1
231 103 4 1 1
58 371 6 1 1
109 176 5 1 1
445 329 4 1 1
255 165 9 1 1
219 451 7 1 1
162 205 9 1 1
491 62 1 1 1
7 308 8 1 1
18 332 1 1 1
76 390 9 1 1
197 166 6 1 0
235 507 4 1 1
116 328 10 1 1
197 207 5 1 0
109 115 1 1 0
412 293 6 1 1
350 270 4 1 1
112 330 9 1 1
94 410 2 1 1
244 108 8 1 1
430 322 6 1 1
38 287 1 1 1
413 145 1 1 1
132 195 8 1 1
366 374 8 1 1
276 123 7 1 1
72 257 10 1 1
83 370 10 1 1
94 1 3 1 1
125 184 5 1 0
322 156 9 1 1
427 192 3 1 1
107 214 2 1 1
399 122 7 1 1
121 386 3 1 1
219 414 5 1 1
430 401 8 1 1
363 468 4 1 1
209 498 2 1 1
481 116 1 1 1
123 216 4 1 0
377 330 7 1 1
450 12 8 1 1
432 20 3 1 1
470 270 10 1 1
337 139 2 1 1
301 389 8 1 1
135 200 5 1 1
159 50 10 1 1
359 397 6 1 1
33 149 5 1 0
136 288 8 1 1
413 16 1 1 0
463 182 8 1 1
198 105 4 1 0
49 140 8 1 1
33 261 7 1 1
305 456 8 1 1
349 1 3 1 1
504 327 7 1 1
286 335 4 1 0
283 48 2 1 0
60 394 7 1 1
227 316 4 1 1
436 460 4 1 1
88 61 9 1 1
100 508 1 1 1
477 260 10 1 1
153 235 5 1 1
315 224 6 1 1
418 362 3 1 0
349 509 1 1 0
35 59 7 1 1
77 252 9 1 1
461 97 7 1 1
411 182 3 1 1
509 70 1 1 1
184 381 9 1 1
316 475 10 1 1
199 51 10 1 1
239 85 3 1 1
495 137 4 1 1
178 75 4 1 1
49 269 1 1 1
473 106 9 1 1
276 111 9 1 1
441 332 1 1 1
205 450 4 1 1
65 173 8 1 1
154 383 9 1 1
63 404 8 1 1
171 161 6 1 1
118 224 7 1 1
435 190 1 1 1
108 470 8 1 0
463 209 7 1 1
147 93 8 1 0
120 408 4 1 1
370 455 8 1 1
238 401 8 1 1
376 455 10 1 1
468 266 1 1 1
282 469 5 1 1
200 118 3 1 1
239 435 3 1 1
29 477 4 1 1
183 3 7 1 1
232 241 6 1 1
160 491 1 1 1
384 176 6 1 1
303 407 7 1 0
244 2 2 1 1
90 477 5 1 1
269 160 9 1 1
9 255 1 1 0
500 323 9 1 1
226 17 4 1 1
162 100 7 1 1
442 354 8 1 1
254 56 6 1 1
177 70 9 1 1
283 413 9 1 0
467 303 9 1 1
506 52 10 1 1
402 315 9 1 1
44 66 3 1 1
205 376 9 1 1
78 375 4 1 1
45 468 6 1 1
300 11 4 1 1
288 143 3 1 0
238 91 2 1 0
423 101 9 1 1
159 455 9 1 1
46 77 9 1 1
438 456 1 1 0
168 438 7 1 1
228 205 3 1 1
60 109 9 1 1
97 31 9 1 1
56 135 3 1 1
215 138 8 1 1
305 446 3 1 1
195 390 2 1 1
181 508 8 1 1
511 454 10 1 1
388 279 2 1 1
13 343 4 1 1
132 121 2 1 1
420 165 7 1 0
279 398 4 1 1
334 466 3 1 1
76 96 4 1 1
397 429 5 1 1
271 172 4 1 1
297 357 8 1 0
398 305 7 1 1
266 449 7 1 1
380 322 8 1 1
511 252 4 1 1
412 136 1 1 1
273 453 3 1 1
440 111 3 1 1
88 261 10 1 1
40 321 6 1 1
221 370 1 1 1
200 348 10 1 1
141 425 4 1 1
461 442 5 1 1
496 325 2 1 1
504 467 2 1 1
148 320 5 1 1
274 53 7 1 1
133 312 8 1 1
166 318 6 1 1
326 491 8 1 1
131 60 1 1 1
336 448 10 1 1
392 136 1 1 1
64 75 5 1 1
211 433 2 1 0
405 393 7 1 1
415 14 9 1 1
475 69 6 1 1
125 335 9 1 1
481 214 8 1 1
125 1 10 1 1
345 352 10 1 1
511 191 8 1 1
398 405 8 1 0
204 231 6 1 1
61 220 1 1 1
359 498 10 1 0
413 159 6 1 1
4 62 10 1 1
458 351 7 1 1
218 325 2 1 1
184 488 8 1 1
131 327 3 1 1
29 210 9 1 1
74 138 9 1 1
48 333 3 1 1
110 339 6 1 1
408 186 2 1 1
340 441 5 1 1
251 446 2 1 1
31 254 2 1 1
336 79 3 1 1
111 375 3 1 1
199 351 10 1 0
258 429 6 1 1
503 484 6 1 1
152 452 1 1 1
247 166 4 1 1
460 442 4 1 1
81 489 3 1 1
91 476 2 1 1
202 449 1 1 1
137 230 5 1 1
147 127 4 1 0
229 424 7 1 1
462 27 4 1 1
387 140 4 1 1
322 160 10 1 1
177 218 9 1 0
53 275 7 1 1
268 37 2 1 1
330 88 3 1 1
107 462 7 1 1
508 252 9 1 1
343 78 6 1 1
385 88 1 1 1
403 66 9 1 1
424 490 2 1 1
266 293 5 1 1
177 182 8 1 1
149 4 1 1 1
423 324 10 1 1
504 180 4 1 0
457 115 9 1 1
493 85 7 1 1
257 240 8 1 1
470 36 9 1 1
179 507 10 1 0
473 504 6 1 1
125 304 10 1 1
363 434 7 1 1
175 87 10 1 1
183 464 8 1 1
186 482 6 1 1
146 458 4 1 1
51 209 8 1 1
413 464 9 1 1
331 130 3 1 1
194 161 3 1 1
345 204 7 1 1
342 194 8 1 1
10 115 5 1 1
160 432 9 1 1
215 229 3 1 1
484 191 1 1 1
41 250 6 1 1
339 86 4 1 1
244 91 6 1 1
61 236 6 1 1
190 394 2 1 1
125 6 10 1 1
508 205 8 1 1
248 408 2 1 0
411 280 6 1 1
262 392 10 1 1
400 392 4 1 0
386 265 10 1 1
174 34 2 1 0
96 121 7 1 0
263 96 7 1 1
410 447 8 1 1
306 460 8 1 1
191 279 3 1 1
35 83 5 1 1
192 242 6 1 1
369 247 7 1 1
350 153 8 1 1
479 274 2 1 1
26 418 6 1 1
301 269 9 1 1
390 181 6 1 1
316 65 10 1 1
85 146 7 1 1
356 361 4 1 1
241 163 4 1 1
284 239 5 1 1
364 384 7 1 0
70 284 10 1 1
248 479 4 1 1
483 142 4 1 1
38 189 2 1 1
407 298 3 1 1
285 240 4 1 0
22 131 3 1 0
427 98 7 1 1
293 274 3 1 1
119 489 1 1 1
332 489 6 1 1
283 245 4 1 1
358 491 5 1 0
283 272 5 1 0
162 72 3 1 1
207 259 7 1 1
246 89 10 1 0
359 59 10 1 0
71 492 9 1 1
39 234 9 1 0
297 212 9 1 1
256 326 3 1 1
400 423 1 1 1
418 165 4 1 1
461 334 4 1 1
451 500 3 1 1
63 480 10 1 1
276 339 4 1 1
141 172 9 1 0
299 64 8 1 1
93 402 2 1 1
90 165 2 1 1
433 169 10 1 1
445 468 9 1 1
367 36 7 1 1
375 508 8 1 1
225 288 2 1 1
82 296 6 1 0
156 481 2 1 1
366 8 8 1 1
100 420 5 1 1
264 109 1 1 1
92 14 9 1 1
134 35 4 1 1
414 441 8 1 1
187 57 7 1 1
42 133 10 1 1
473 266 5 1 1
458 119 1 1 1
192 360 8 1 1
94 81 7 1 1
216 13 9 1 1
76 173 7 1 1
120 454 1 1 0
343 60 6 1 1
192 460 5 1 1
184 465 2 1 1
69 61 7 1 1
487 247 10 1 1
266 308 9 1 1
423 257 10 1 1
421 192 4 1 1
143 98 8 1 1
89 380 2 1 1
228 398 3 1 1
312 208 6 1 0
51 506 10 1 0
373 53 5 1 1
494 121 1 1 1
329 228 5 1 1
86 229 7 1 1
476 119 4 1 0
76 148 5 1 1
58 21 4 1 1
443 33 1 1 1
233 353 4 1 0
141 25 1 1 1
195 58 1 1 1
287 178 1 1 1
181 421 6 1 1
419 33 9 1 1
386 116 4 1 1
163 39 1 1 1
185 33 2 1 0
185 471 3 1 1
186 5 2 1 1
452 308 3 1 1
382 35 5 1 1
172 211 2 1 0
260 59 2 1 1
333 111 5 1 1
57 59 5 1 1
202 115 7 1 1
141 195 10 1 1
510 426 5 1 1
444 365 2 1 1
39 406 10 1 1
115 421 10 1 1
317 45 6 1 1
161 54 1 1 1
459 283 6 1 1
299 249 9 1 0
3 507 1 1 1
229 428 10 1 1
29 73 5 1 1
330 30 10 1 1
398 118 10 1 1
223 402 8 1 1
158 29 3 1 1
235 346 6 1 1
361 212 9 1 1
112 326 3 1 1
345 235 5 1 1
358 223 1 1 1
86 283 5 1 1
467 161 8 1 1
473 223 4 1 1
29 209 1 1 1
376 243 5 1 1
72 50 2 1 0
349 439 1 1 1
308 170 9 1 0
140 271 9 1 1
279 3 8 1 1
207 34 5 1 1
32 332 9 1 1
149 170 2 1 1
183 54 3 1 0
325 171 10 1 0
91 163 6 1 1
40 473 4 1 1
363 384 1 1 1
268 451 2 1 1
399 15 6 1 1
356 368 2 1 0
486 70 7 1 1
105 340 7 1 1
435 24 2 1 1
508 242 1 1 1
417 254 1 1 1
386 441 4 1 1
89 423 2 1 0
390 24 3 1 0
504 122 2 1 1
186 208 6 1 1
70 485 5 1 1
165 337 7 1 0
18 30 7 1 1
169 36 2 1 1
212 392 4 1 1
248 453 10 1 1
169 310 4 1 1
495 378 2 1 1
241 469 8 1 1
179 231 10 1 1
119 322 4 1 1
411 311 10 1 1
227 258 4 1 1
160 45 4 1 1
463 202 6 1 1
208 153 1 1 1
140 420 2 1 0
198 185 10 1 1
154 510 2 1 1
314 121 6 1 1
251 401 8 1 0
100 409 1 1 0
112 412 1 1 1
28 505 5 1 1
296 137 5 1 1
495 323 5 1 0
43 180 7 1 1
159 171 4 1 1
109 281 8 1 1
232 145 7 1 1
381 27 7 1 0
140 401 2 1 1
103 320 5 1 1
86 459 10 1 1
489 382 10 1 1
185 52 7 1 1
127 172 5 1 1
456 357 2 1 1
355 326 5 1 1
9 219 4 1 1
160 508 9 1 1
303 177 4 1 1
463 456 2 1 1
163 224 4 1 1
233 28 7 1 1
142 354 10 1 1
269 336 8 1 1
258 44 10 1 1
341 396 1 1 1
436 81 3 1 1
232 130 6 1 1
60 340 9 1 1
145 318 10 1 1
487 498 3 1 0
165 470 3 1 1
123 193 6 1 1
128 495 6 1 1
465 349 10 1 1
146 365 1 1 1
425 335 9 1 1
425 197 6 1 1
9 241 8 1 1
128 424 10 1 1
140 125 3 1 1
143 503 1 1 1
109 200 10 1 1
100 10 8 1 1
358 496 9 1 1
42 454 1 1 0
463 107 3 1 1
239 177 9 1 1
511 267 2 1 1
498 163 9 1 1
281 392 10 1 1
436 508 3 1 1
270 121 1 1 1
289 495 8 1 1
327 260 6 1 0
288 510 5 1 1
13 86 3 1 0
484 104 3 1 1
76 320 5 1 1
34 270 3 1 0
417 262 7 1 1
339 117 10 1 1
310 380 9 1 1
112 259 7 1 1
26 406 10 1 1
255 223 10 1 1
45 291 7 1 1
225 344 5 1 1
440 106 3 1 1
143 484 2 1 1
354 419 2 1 1
419 206 6 1 0
119 339 6 1 1
226 436 6 1 1
439 497 6 1 1
194 26 8 1 1
100 262 6 1 1
77 56 7 1 0
391 338 10 1 1
197 35 1 1 1
505 417 1 1 1
508 260 6 1 1
134 480 7 1 0
209 492 10 1 1
463 286 7 1 1
121 55 4 1 1
94 58 2 1 1
174 474 2 1 1
131 54 1 1 1
164 145 9 1 1
288 487 5 1 1
310 363 2 1 1
79 402 5 1 1
178 332 7 1 1
3 218 6 1 1
70 382 6 1 1
331 321 7 1 1
357 509 8 1 1
187 274 4 1 1
179 105 8 1 1
292 415 4 1 1
153 385 6 1 0
98 383 1 1 1
250 191 4 1 1
80 417 7 1 1
165 178 5 1 1
296 247 5 1 1
66 366 10 1 1
185 205 2 1 1
39 301 3 1 1
495 509 6 1 1
324 396 1 1 1
484 215 7 1 1
461 40 3 1 1
468 365 10 1 1
421 91 3 1 1
478 225 10 1 1
259 305 10 1 1
64 82 1 1 1
357 475 1 1 1
89 270 9 1 1
296 90 1 1 0
428 311 9 1 1
473 126 7 1 1
348 165 1 1 1
245 192 5 1 1
53 264 5 1 1
252 453 1 1 1
13 167 4 1 0
245 367 8 1 1
65 488 9 1 1
178 501 7 1 1
55 321 10 1 1
217 504 1 1 1
280 176 6 1 1
472 426 1 1 1
260 434 5 1 1
54 13 7 1 1
118 10 9 1 1
164 315 9 1 1
203 425 1 1 1
460 428 6 1 1
106 164 6 1 1
342 261 3 1 1
343 26 10 1 1
188 194 10 1 1
501 128 7 1 0
265 301 10 1 1
106 340 4 1 0
449 100 2 1 1
25 280 9 1 1
