1 2 9 3 91
1 47 2 5 1152
2 31 2 4 130
2 35 8 4 611
2 406 1 5 350
3 4 6 4 647
3 5 1 7 21326
3 26 2 5 959
5 57 3 7 15803
15 16 8 5 2088
15 36 4 4 186
16 25 6 5 3028
17 18 1 6 1118
17 36 10 7 51157
18 33 1 3 17
19 20 3 5 604
19 21 10 5 2040
20 142 10 5 3939
20 148 10 4 491
21 22 5 7 61816
22 23 9 3 72
23 24 8 2 42
24 25 1 6 1235
24 28 2 5 353
26 27 1 5 195
27 29 7 3 133
27 30 1 6 1785
28 29 3 5 490
31 33 9 4 283
32 33 8 4 212
32 34 3 5 866
32 69 7 5 3017
34 35 10 3 123
34 73 10 1 16
36 37 9 2 18
36 75 5 7 26556
37 52 3 6 3521
37 43 10 1 6
46 47 2 6 6531
47 448 3 3 47
52 67 1 6 1396
53 54 8 3 146
53 59 7 5 2303
53 418 3 6 5982
54 163 2 3 16
55 56 2 5 349
55 59 4 4 180
56 57 1 5 204
56 66 9 5 6003
58 59 1 7 19921
58 60 2 5 1309
58 199 3 4 253
58 458 10 2 52
60 63 10 5 2457
63 225 4 6 2898
64 65 5 5 1924
64 66 3 4 89
65 67 6 4 155
69 70 4 5 526
70 71 5 3 37
71 101 9 3 80
72 73 5 7 82356
72 101 4 6 6890
73 76 6 3 70
73 77 6 5 1166
96 97 6 2 30
96 111 1 2 5
97 101 9 7 115401
98 99 6 5 1506
98 100 9 5 1357
99 138 7 4 291
100 116 7 4 759
105 106 2 6 1391
105 111 1 5 393
106 107 3 9 1748035
107 108 7 5 1216
111 114 1 4 25
113 114 7 6 6121
113 116 8 6 19028
115 116 8 3 148
115 409 2 4 69
118 119 5 4 293
119 138 6 4 412
120 121 10 4 521
120 122 1 7 29306
120 304 3 4 138
121 296 6 3 106
122 123 3 3 36
122 124 10 4 594
124 125 4 8 358606
134 135 2 3 32
134 332 4 5 629
135 136 8 3 57
135 137 5 7 86613
137 139 4 5 1287
139 140 8 4 543
139 141 4 3 52
139 399 3 4 124
141 400 1 6 783
154 155 1 6 1239
154 156 10 3 152
154 172 1 5 480
155 168 7 8 918914
156 157 10 3 60
156 171 2 4 45
157 158 2 5 597
158 159 2 6 2936
158 177 9 5 2356
159 160 8 5 936
159 161 8 3 54
159 196 4 7 78659
161 162 10 6 7023
161 197 5 4 233
163 164 4 4 327
164 165 6 5 911
165 166 6 4 265
165 104 1 9 1219005
166 167 1 5 225
167 168 4 5 1582
169 170 10 3 143
169 171 5 9 11183932
169 174 10 3 73
170 172 6 4 170
170 173 2 4 93
170 419 10 4 304
171 178 3 3 54
173 174 6 4 178
174 179 6 7 144800
175 176 9 3 176
176 214 10 2 31
177 178 9 4 533
177 191 5 4 485
178 421 9 4 975
179 192 4 5 723
180 181 7 4 369
180 208 7 5 3360
181 192 4 6 8257
182 183 4 6 12879
182 184 4 4 105
184 185 8 5 1807
184 208 7 4 157
185 186 1 6 1047
185 207 2 3 37
186 187 3 4 145
186 230 5 5 834
187 188 2 7 15892
187 193 3 3 65
188 189 5 10 57272011
188 191 1 9 501616
189 190 6 3 86
189 191 8 6 37851
193 194 1 5 594
193 217 5 5 2302
194 195 9 3 172
194 217 2 4 171
195 196 7 5 1263
195 216 6 5 747
196 197 5 4 280
196 476 1 3 9
197 216 10 4 504
198 199 7 5 1092
198 221 8 5 2624
199 200 9 4 402
200 10 3 5 1164
201 202 1 5 128
201 203 5 5 870
201 351 7 5 852
202 213 3 5 787
203 204 1 6 4796
203 205 2 8 111491
205 206 8 3 109
205 231 6 3 79
205 360 6 4 641
206 207 2 4 98
206 232 2 5 267
207 233 5 4 563
208 209 6 1 9
210 211 5 5 2238
210 212 1 5 203
211 215 5 4 304
212 213 5 5 1016
212 342 2 4 146
213 340 4 5 1103
214 215 2 5 319
216 219 4 2 10
217 218 6 6 10247
218 222 2 5 493
219 220 10 4 400
220 221 3 2 13
220 222 6 2 12
222 226 3 6 2905
223 224 8 3 143
223 225 6 4 397
223 7 9 7 152518
224 229 5 4 370
227 228 3 5 772
227 229 5 6 24097
227 272 5 4 528
228 230 9 6 16818
229 401 7 3 49
231 281 2 3 29
232 265 7 4 496
233 264 8 6 13016
233 150 6 4 148
234 235 8 3 55
234 278 2 4 189
236 237 10 5 1569
236 280 1 6 1493
237 238 10 3 203
237 239 1 6 2044
239 240 4 9 8010814
240 241 10 1 12
241 243 8 3 161
241 442 2 6 1458
242 243 2 5 271
242 244 6 1 10
242 314 9 2 19
242 80 6 4 544
243 293 6 4 544
244 247 6 5 1407
245 246 3 6 9252
245 247 3 6 2509
247 248 7 4 369
248 249 8 4 223
249 250 3 7 21590
249 312 4 5 2450
250 251 7 4 696
250 321 5 3 41
251 252 1 4 23
252 253 8 3 49
252 327 2 7 19219
252 301 7 3 59
253 254 10 4 222
253 277 1 5 394
253 266 6 6 19666
254 255 2 5 1303
254 256 7 5 2312
256 257 3 5 1325
257 258 10 5 1189
257 259 10 8 653762
260 261 7 5 798
260 262 1 5 326
260 263 2 5 893
263 264 9 4 293
263 479 1 7 22907
266 267 2 4 172
267 268 8 2 42
267 299 4 5 458
268 269 10 4 584
269 270 5 5 1395
269 294 8 3 99
270 271 1 7 7805
271 295 8 3 65
271 133 1 6 1196
272 273 9 4 772
272 274 10 3 155
274 275 6 4 623
275 276 3 3 29
275 277 2 4 181
275 291 1 7 8807
278 279 6 5 1664
278 282 10 2 26
279 280 7 6 6489
280 287 8 7 139586
281 289 9 7 54316
282 288 10 4 354
283 284 5 1 8
283 285 2 5 345
283 305 7 5 3156
284 290 1 5 157
284 365 1 4 43
285 286 3 3 52
285 306 3 8 123374
286 287 3 6 8186
286 306 1 3 7
286 452 6 4 137
287 293 7 2 16
288 289 2 4 79
289 290 6 5 2876
291 292 2 7 10558
297 298 7 3 96
297 454 10 4 245
298 299 7 3 43
300 301 2 6 4490
300 302 3 4 192
302 303 5 3 28
302 304 9 4 566
302 330 8 2 17
305 306 1 6 884
305 308 1 6 1516
306 308 7 3 67
307 308 1 5 671
307 309 4 5 696
309 310 4 5 1394
309 338 8 4 203
309 379 2 4 65
310 311 5 5 1132
310 85 4 6 15786
311 312 6 2 11
313 314 7 8 1144369
315 316 10 4 493
315 317 9 5 3085
315 499 1 4 60
316 334 6 3 96
316 398 2 7 27971
317 318 9 2 17
317 503 3 4 95
318 319 10 4 828
318 502 7 4 549
318 510 4 4 159
319 320 10 3 110
320 333 2 5 433
321 322 7 7 45659
322 323 10 3 188
322 325 8 8 751264
322 333 9 4 810
323 324 4 5 863
325 326 6 4 289
326 328 9 4 545
327 328 4 6 4593
328 329 9 2 21
328 495 1 7 17923
329 330 5 4 323
329 331 3 3 38
331 332 3 6 5017
331 489 7 4 343
332 481 1 5 227
333 493 2 5 851
334 335 4 4 181
336 337 3 3 53
336 500 9 4 337
337 338 9 5 2533
337 382 1 5 376
338 339 7 6 15146
338 377 10 5 2060
340 341 1 7 21092
340 349 3 5 2040
340 354 5 4 143
341 343 8 3 137
342 343 7 5 4641
344 345 6 5 1345
344 346 2 6 2040
344 385 2 5 376
346 347 9 2 46
347 348 4 6 2950
347 387 8 4 754
348 349 1 4 84
348 386 6 4 270
350 351 10 5 1205
350 359 2 3 33
350 13 7 4 291
351 352 7 4 199
352 353 1 6 973
352 356 2 3 34
353 354 5 4 228
354 355 1 4 77
355 356 3 5 1532
356 357 5 5 2399
358 359 6 2 25
358 361 6 6 10853
358 362 10 5 2190
358 360 8 6 20901
358 92 9 6 29596
360 413 6 5 1747
361 388 4 4 205
362 367 6 3 52
363 364 9 2 17
363 365 7 4 277
363 370 2 6 2123
364 395 9 3 63
365 366 3 6 4538
365 371 3 3 33
366 144 2 4 167
367 368 9 3 75
367 369 6 4 202
370 380 4 5 1852
371 372 2 6 7656
371 373 2 3 30
371 374 3 6 2862
375 376 9 3 50
375 383 3 2 8
376 384 1 5 124
377 378 9 5 2036
377 381 9 5 3454
378 384 9 4 334
381 383 9 3 103
382 496 10 4 970
383 384 1 6 718
388 389 5 5 1317
388 392 10 7 127360
389 390 4 3 66
390 391 3 6 3844
392 393 9 5 2476
392 394 10 5 2638
395 396 2 3 25
399 411 2 5 544
400 405 3 2 13
404 405 9 4 346
404 412 10 3 190
405 89 9 4 496
408 409 9 6 25225
411 412 6 6 27793
411 415 9 4 490
411 482 8 5 1259
412 415 7 5 2807
415 427 5 2 18
415 487 1 7 8610
427 428 7 6 21480
427 431 4 4 101
427 487 8 2 29
427 424 4 2 18
428 429 10 4 487
428 432 2 4 171
481 482 8 3 155
482 488 9 3 77
483 484 6 3 95
483 485 2 5 439
484 492 3 4 155
485 486 4 7 55841
486 487 9 2 23
489 490 6 4 304
490 491 9 4 240
490 492 1 8 74891
493 508 7 4 245
494 495 8 3 106
494 507 8 5 4059
496 497 9 4 309
496 62 7 4 248
497 498 6 4 219
497 499 1 7 32705
499 501 2 3 40
501 447 10 7 165481
502 511 5 2 21
503 450 4 6 10924
504 505 9 2 21
504 506 7 5 1623
505 508 3 4 225
505 509 4 5 848
506 507 9 4 693
509 510 8 3 140
509 511 9 6 27558
7 8 2 5 252
7 6 5 5 1747
10 9 5 4 249
10 11 6 5 2460
13 12 6 3 37
12 14 6 3 100
144 38 5 4 127
144 145 1 4 98
38 39 2 5 268
89 68 1 5 264
89 88 1 5 466
68 40 4 4 132
68 102 7 3 77
40 41 2 6 3137
40 81 10 5 6550
102 50 6 3 47
50 51 3 6 4842
41 95 5 5 1682
81 146 8 6 8657
95 456 2 8 422932
95 143 10 4 277
95 146 8 6 32513
146 410 4 3 38
43 42 8 6 8994
133 130 4 3 70
128 117 6 4 213
128 132 2 4 168
117 129 1 6 1817
117 110 4 4 394
132 130 1 5 565
129 127 10 4 342
127 44 8 4 326
130 131 5 5 1607
44 45 8 3 165
110 109 6 4 566
110 126 5 3 38
109 112 8 4 192
62 49 8 4 785
62 61 3 6 2385
48 49 3 7 24744
75 74 1 4 47
77 78 7 7 189837
80 79 8 3 71
92 90 2 2 9
82 83 5 5 1126
83 91 2 7 19381
91 90 6 5 2089
90 93 4 5 493
93 94 10 2 29
85 84 10 5 1345
84 86 1 6 1001
84 87 9 3 127
86 87 1 4 69
104 103 7 3 64
148 147 7 3 135
147 149 6 4 226
150 153 9 4 234
150 151 2 5 418
152 153 2 4 127
398 397 6 5 1585
401 402 2 5 774
401 403 8 3 137
406 407 7 4 177
416 407 3 5 1732
413 434 3 4 76
413 414 3 4 129
433 434 8 5 2192
418 417 5 6 5161
419 420 4 5 1033
419 430 3 4 159
421 422 3 5 1864
421 423 4 5 1426
424 425 10 5 2092
424 426 2 3 42
424 438 9 5 3567
438 437 3 4 126
437 439 5 4 539
454 453 9 2 39
454 435 5 4 162
453 455 5 4 340
455 460 2 2 10
435 436 2 5 319
460 463 8 3 63
463 462 8 4 184
461 462 7 3 90
461 464 4 6 9465
464 466 1 5 158
466 467 3 3 46
452 451 9 4 383
452 440 10 5 1765
451 459 3 5 369
459 473 2 5 371
440 441 3 5 901
473 472 3 4 100
442 443 10 4 686
448 444 10 1 8
444 445 5 3 42
465 445 2 5 287
465 468 1 5 440
468 469 7 4 229
469 470 9 3 193
470 471 1 5 643
447 446 4 8 654180
450 449 1 5 150
458 457 2 5 348
476 474 5 5 1742
476 477 4 5 619
474 475 2 5 1270
477 478 2 5 382
479 480 3 5 1623
284 177 9 3 163
391 291 7 7 209160
397 161 5 4 204
376 187 2 5 410
322 42 10 4 275
399 318 9 7 61590
463 89 2 7 73354
343 194 6 6 10817
437 265 2 6 2159
239 53 10 5 2201
411 475 4 6 11809
21 372 2 3 37
508 449 8 4 235
24 51 1 7 12739
54 280 4 8 858882
261 73 9 4 212
2 307 6 4 300
476 36 4 5 1412
374 231 7 6 33665
483 72 9 5 4042
188 248 4 3 33
326 346 2 4 167
458 449 10 4 538
435 58 5 5 998
225 130 3 3 47
484 174 7 4 491
322 33 6 6 18063
369 191 4 5 2505
330 20 10 3 216
324 21 4 6 4258
18 385 7 3 65
252 297 7 2 26
7 178 1 7 5797
30 43 2 3 12
397 191 9 2 45
450 80 9 4 222
458 335 4 5 1307
171 48 9 5 2580
485 267 9 5 1183
104 136 10 4 879
47 507 4 3 28
302 429 4 5 1912
424 132 1 3 8
55 69 3 4 214
81 28 9 2 22
346 114 9 5 1082
84 284 3 5 687
57 44 3 5 1559
112 358 5 4 193
103 252 4 4 131
202 401 3 5 423
106 343 4 1 5
297 285 1 5 181
47 27 7 5 1719
391 38 2 5 488
292 297 2 6 6588
292 334 2 4 133
149 56 7 4 511
56 464 10 5 3018
252 487 8 7 196781
491 427 7 5 907
112 439 8 4 436
62 365 10 3 156
315 75 10 4 416
445 373 3 5 833
373 228 8 1 11
459 103 5 5 1603
5 34 10 3 63
357 412 2 7 10609
195 208 1 5 362
362 282 1 5 276
282 132 3 5 525
292 358 5 3 34
130 16 2 6 5691
354 48 1 6 903
329 398 5 6 8365
107 143 1 4 110
302 8 2 4 161
437 468 6 3 59
391 24 10 4 634
70 453 10 4 239
428 250 4 4 93
427 93 6 2 27
235 500 2 4 70
476 259 10 3 62
140 144 5 4 125
373 167 6 4 424
413 463 7 6 13185
100 419 3 4 86
67 49 5 3 71
148 127 7 4 304
227 117 9 3 169
147 283 5 3 57
464 193 8 5 3052
281 305 3 6 3728
168 300 1 7 16057
456 265 8 6 15199
74 34 2 6 7603
228 497 4 7 51184
84 178 7 2 28
47 339 2 3 15
137 364 2 4 76
419 487 2 3 43
497 260 7 5 2131
432 171 3 5 478
104 329 7 6 7725
16 90 10 5 4673
14 244 8 5 2738
56 483 4 8 685079
175 2 7 5 4172
151 442 1 6 3735
372 443 5 4 442
460 285 9 3 92
372 171 3 7 20182
267 357 1 7 5081
336 274 8 4 262
235 63 2 6 3928
279 71 2 6 1506
251 475 10 3 76
440 88 2 4 111
169 453 1 6 703
172 264 5 6 7247
51 471 4 4 265
503 172 5 4 251
175 199 5 4 329
230 291 4 4 274
16 205 3 4 193
339 82 4 5 588
449 137 8 3 164
119 372 7 4 175
499 126 4 6 10059
485 290 10 5 3504
181 127 4 5 485
505 298 7 4 247
290 489 3 5 1630
34 249 8 2 16
179 277 1 7 33208
440 73 5 3 49
343 395 3 3 34
87 478 3 7 24923
316 6 3 4 97
307 144 10 4 864
308 435 2 5 762
233 510 3 3 52
126 354 7 3 112
272 162 2 2 10
135 122 3 8 126037
365 389 8 4 544
235 479 10 3 190
125 110 1 8 123514
289 302 1 2 4
13 387 5 3 82
345 228 9 5 4378
10 105 7 4 435
311 286 5 4 182
126 229 3 5 458
286 221 3 6 12576
171 11 9 7 52985
172 342 2 4 204
245 407 10 5 1477
63 188 3 5 1944
253 232 6 5 1312
435 104 2 5 1181
87 138 6 4 210
30 432 8 6 16829
476 53 9 6 7545
107 103 4 4 135
409 12 8 5 5036
344 183 3 5 367
440 85 5 4 118
210 133 1 7 20936
45 192 5 4 320
352 234 6 7 48800
354 440 10 6 17612
28 170 5 6 8804
281 2 5 5 936
361 251 2 7 27093
35 364 5 3 46
433 81 1 6 768
281 159 6 5 1332
495 148 10 4 616
316 239 2 6 7581
143 130 5 4 433
26 136 10 4 238
424 419 4 5 510
395 202 5 3 69
136 352 3 5 807
380 360 7 3 50
146 72 1 5 303
424 450 10 1 11
147 425 5 3 52
451 285 5 5 1387
195 101 10 2 36
457 177 3 4 306
81 208 10 3 69
182 200 10 3 125
436 509 2 6 3944
29 18 9 2 27
149 453 6 2 27
330 473 10 1 4
73 53 9 5 2208
340 196 9 2 22
256 444 10 7 51079
270 428 5 4 221
407 87 2 5 275
346 295 8 5 4929
78 410 3 7 25807
87 205 2 3 34
331 59 5 7 56055
45 83 1 5 361
411 217 7 5 2005
262 497 1 5 299
267 226 10 4 332
456 426 2 6 1395
321 505 5 4 137
479 424 5 5 998
488 420 10 4 615
236 272 7 5 3774
507 217 10 3 146
366 165 1 6 2795
227 338 9 1 6
228 346 3 4 259
488 324 4 2 18
116 214 10 5 3095
499 343 9 6 30647
155 118 2 6 1917
480 256 8 4 369
176 478 4 7 96617
375 389 8 2 36
139 438 3 4 79
366 395 5 4 427
42 36 8 3 91
470 372 7 4 163
127 490 4 7 145241
407 209 9 5 2908
455 68 10 3 153
222 99 1 7 5699
351 55 6 3 38
418 87 4 3 39
254 89 9 4 793
256 83 3 4 295
225 147 2 8 196996
73 89 9 5 1095
376 270 3 6 6923
415 507 7 5 4068
414 382 2 4 226
319 321 1 8 107034
257 29 8 7 43492
312 374 8 7 82319
43 150 9 7 101151
82 423 2 5 565
226 280 4 4 280
125 299 1 5 667
202 220 9 5 1026
290 116 1 5 144
130 118 4 4 145
358 76 4 4 99
243 500 7 4 672
163 155 1 6 3461
445 227 6 2 23
240 177 8 4 220
299 246 1 6 1818
347 136 1 6 1131
211 323 8 4 356
318 227 3 5 577
174 222 1 7 15455
35 492 10 5 2636
441 58 6 6 4276
196 346 4 6 3156
511 236 4 7 22684
485 390 5 5 1474
104 59 9 4 298
479 450 4 5 562
138 5 1 5 356
37 172 2 5 282
138 363 1 6 1802
242 4 3 4 285
482 154 8 4 345
149 188 9 4 579
99 460 8 4 222
425 450 4 7 78305
357 26 7 2 32
161 115 10 1 16
381 37 5 5 2390
132 19 4 5 787
187 142 9 3 191
491 238 4 5 760
159 315 8 5 1098
210 320 5 5 1496
412 304 3 5 1202
455 221 10 4 547
206 67 6 3 99
49 231 2 3 29
148 56 5 5 2304
418 274 7 5 2237
101 374 6 3 59
262 368 8 3 109
508 424 7 2 27
337 46 6 5 843
509 305 6 4 646
204 60 6 3 41
96 195 8 4 297
339 139 3 6 9958
437 348 6 4 177
121 269 4 4 335
246 328 6 6 28865
484 17 3 5 770
69 250 4 5 849
402 7 3 5 1164
129 389 9 5 1426
119 123 5 7 29734
197 210 2 6 7248
363 165 4 6 2941
87 5 3 4 188
221 486 1 4 44
247 221 1 7 28031
413 265 4 8 288636
111 499 5 4 373
448 258 7 5 1092
49 166 1 4 56
110 115 4 4 132
26 425 6 5 1419
72 204 8 4 365
315 355 3 5 2034
189 99 4 5 2345
509 155 1 6 3015
483 167 4 5 593
82 471 1 7 6386
145 45 3 4 331
297 442 5 4 221
55 250 2 5 789
288 110 1 7 17942
445 503 1 5 230
503 235 6 3 51
332 103 4 7 35960
489 487 8 3 141
127 123 7 4 724
358 357 6 4 552
330 332 4 5 1284
501 372 10 8 3272254
253 133 7 4 392
78 174 3 3 20
337 445 9 4 629
85 334 1 5 114
498 277 4 6 3129
210 80 9 5 2762
42 223 3 5 1017
168 27 6 5 2129
160 87 8 6 8322
55 270 4 6 3374
36 223 9 4 808
314 10 2 6 3547
410 213 4 5 1336
484 485 7 5 803
309 28 4 4 431
10 219 8 6 6314
69 297 10 5 5750
18 402 4 2 16
457 206 10 5 1884
319 504 10 4 297
401 246 10 3 162
422 501 5 4 365
26 11 8 4 224
245 501 5 6 6433
211 451 6 4 299
7 275 2 5 289
293 502 10 7 330311
340 55 1 4 29
385 449 7 6 7473
474 142 6 5 2744
186 407 5 5 1616
116 149 7 3 96
83 372 3 3 45
228 281 3 5 1038
265 65 10 3 159
230 241 8 6 7814
435 123 4 4 310
288 386 2 6 1466
497 427 7 2 18
452 23 7 3 68
256 360 9 4 904
227 132 3 6 11488
352 378 2 5 471
294 84 6 3 104
434 225 9 4 946
26 289 8 3 104
415 461 10 4 855
231 103 7 6 6673
58 371 1 6 1721
109 176 7 4 766
445 329 6 7 43920
255 165 5 5 2345
219 451 10 3 68
162 205 1 5 199
491 62 1 6 3285
7 308 2 2 6
18 332 2 4 221
76 390 8 4 825
197 166 1 6 709
235 507 2 7 65546
116 328 10 4 291
197 207 8 6 7743
109 115 9 3 194
412 293 8 5 3191
350 270 7 4 331
112 330 2 2 10
94 410 9 3 132
244 108 4 3 31
430 322 10 5 1706
38 287 2 4 136
413 145 5 3 67
132 195 7 4 255
366 374 6 7 56204
276 123 7 3 125
72 257 9 3 128
83 370 9 5 1413
94 1 6 5 1467
125 184 4 5 2271
322 156 6 1 6
427 192 4 2 21
107 214 9 1 5
399 122 8 4 444
121 386 7 3 65
219 414 6 3 114
430 401 9 4 458
363 468 4 3 69
209 498 6 6 6865
481 116 7 4 643
123 216 3 2 12
377 330 3 5 580
450 12 7 6 32731
432 20 9 4 240
470 270 4 7 31049
337 139 1 7 5470
301 389 8 2 16
135 200 1 7 8651
159 50 7 4 782
359 397 10 5 5227
33 149 3 8 976878
136 288 9 7 76267
413 16 4 4 126
463 182 2 9 2867499
198 105 4 7 27855
49 140 3 5 446
33 261 2 5 243
305 456 1 5 632
349 1 2 5 457
504 327 6 3 75
286 335 1 6 854
283 48 1 5 194
60 394 2 4 62
227 316 1 5 169
436 460 1 5 130
88 61 9 6 20638
100 508 8 4 411
477 260 2 6 4001
153 235 8 5 3391
315 224 9 2 22
418 362 1 5 139
349 509 1 7 14027
35 59 1 4 66
77 252 4 2 9
461 97 5 4 293
411 182 5 5 862
509 70 6 8 569441
184 381 1 5 139
316 475 9 6 23000
199 51 10 5 2827
239 85 7 8 1306152
495 137 6 3 123
178 75 2 4 68
49 269 4 5 2052
473 106 6 5 1765
276 111 6 2 26
441 332 1 5 313
205 450 3 5 360
65 173 10 4 694
154 383 5 6 4835
63 404 9 4 213
171 161 4 6 2807
118 224 5 7 54501
435 190 9 4 310
108 470 6 3 81
463 209 3 5 1134
147 93 10 2 47
120 408 9 6 7781
370 455 6 4 351
238 401 7 2 34
376 455 7 7 182647
468 266 4 5 582
282 469 8 4 212
200 118 1 4 54
239 435 2 5 333
29 477 5 4 222
183 3 3 3 52
232 241 3 6 8526
160 491 6 4 518
384 176 4 5 1241
303 407 9 4 420
244 2 3 6 4362
90 477 9 3 91
269 160 5 4 542
9 255 5 2 24
500 323 5 4 453
226 17 4 5 917
162 100 1 7 7086
442 354 6 2 19
254 56 2 3 22
177 70 1 7 8104
283 413 10 4 858
467 303 8 4 451
506 52 8 6 12609
402 315 10 3 203
44 66 10 6 27965
205 376 6 7 93975
78 375 3 3 19
45 468 9 5 1624
300 11 7 4 373
288 143 5 6 5550
238 91 2 5 265
423 101 4 5 482
159 455 7 3 126
46 77 2 5 657
438 456 7 2 32
168 438 9 4 648
228 205 4 7 95137
60 109 5 5 1152
97 31 2 9 1051028
56 135 6 4 224
215 138 3 7 18769
305 446 6 4 652
195 390 9 4 731
181 508 6 2 20
511 454 4 4 222
388 279 8 4 232
13 343 4 1 7
132 121 5 3 27
420 165 7 4 575
279 398 4 6 3846
334 466 9 3 90
76 96 6 3 48
397 429 6 4 579
271 172 3 6 3528
297 357 3 4 75
398 305 9 1 14
266 449 7 6 5803
380 322 10 5 2418
511 252 7 5 951
412 136 1 7 6999
273 453 3 7 53191
440 111 1 6 704
88 261 3 5 1441
40 321 2 6 1418
221 370 2 3 44
200 348 5 3 98
141 425 7 3 61
461 442 3 6 2128
496 325 3 7 57314
504 467 7 4 275
148 320 5 4 236
274 53 2 7 12534
133 312 6 4 470
166 318 9 1 4
326 491 5 4 197
131 60 6 3 51
336 448 2 6 2058
392 136 3 6 5517
64 75 9 7 272871
211 433 9 2 38
405 393 1 4 51
415 14 2 3 28
475 69 10 5 1567
125 335 2 7 17212
481 214 4 4 160
125 1 5 5 1499
345 352 3 4 255
511 191 7 4 687
398 405 6 4 533
204 231 8 5 1138
61 220 6 5 1246
359 498 6 6 16778
413 159 2 7 30374
4 62 2 4 137
458 351 6 4 555
218 325 1 9 694625
184 488 2 7 10369
131 327 2 5 257
29 210 2 5 261
74 138 2 4 51
48 333 10 2 18
110 339 5 5 2728
408 186 1 6 1321
340 441 10 6 15394
251 446 9 3 80
31 254 2 4 190
336 79 2 2 4
111 375 2 4 116
199 351 3 4 74
258 429 10 3 115
503 484 6 4 664
152 452 3 6 6971
247 166 3 4 276
460 442 6 7 35381
81 489 2 7 13339
91 476 9 5 1332
202 449 9 3 150
137 230 8 4 265
147 127 8 5 1450
229 424 4 4 291
462 27 3 5 403
387 140 6 6 8925
322 160 10 3 136
177 218 9 5 1220
53 275 1 7 6321
268 37 2 5 519
330 88 3 7 38831
107 462 7 4 197
508 252 2 7 10744
343 78 8 1 9
385 88 4 8 283347
403 66 7 4 250
424 490 9 5 1038
266 293 7 4 291
177 182 6 3 100
149 4 3 3 65
423 324 4 8 790639
504 180 2 5 1195
457 115 3 3 64
493 85 6 4 656
257 240 8 6 39028
470 36 7 2 14
179 507 8 7 84754
473 504 1 5 146
125 304 5 5 1602
363 434 6 5 1215
175 87 7 2 36
183 464 5 4 529
186 482 6 4 409
146 458 3 4 165
51 209 9 4 371
413 464 10 1 17
331 130 1 6 4018
194 161 8 3 55
345 204 3 5 615
342 194 3 5 460
10 115 8 4 246
160 432 1 4 42
215 229 8 3 119
484 191 9 5 3267
41 250 10 3 123
339 86 10 5 1832
244 91 10 4 669
61 236 3 6 3976
190 394 9 4 361
125 6 2 6 6919
508 205 1 5 164
248 408 6 4 166
411 280 10 6 7116
262 392 5 3 75
400 392 7 4 248
386 265 10 3 111
174 34 1 6 2406
96 121 7 5 2212
263 96 7 4 267
410 447 6 4 172
306 460 2 4 80
191 279 6 4 514
35 83 1 2 3
192 242 6 1 10
369 247 5 6 12990
350 153 9 4 714
479 274 6 4 543
26 418 1 5 201
301 269 3 4 277
390 181 5 5 1417
316 65 1 7 7336
85 146 9 4 936
356 361 8 3 68
241 163 3 3 51
284 239 4 4 99
364 384 10 4 1012
70 284 9 2 17
248 479 2 5 576
483 142 5 4 562
38 189 8 4 583
407 298 7 6 14683
285 240 7 4 762
22 131 1 4 67
427 98 6 5 1037
293 274 6 4 191
119 489 5 6 3877
332 489 6 3 60
283 245 4 3 25
358 491 4 3 45
283 272 1 6 1955
162 72 4 4 185
207 259 4 3 34
246 89 6 3 112
359 59 3 4 128
71 492 4 5 811
39 234 3 7 27406
297 212 5 3 93
256 326 1 5 689
400 423 10 2 30
418 165 6 4 195
461 334 5 4 148
451 500 2 5 584
63 480 2 7 21755
276 339 3 1 5
141 172 10 4 1086
299 64 10 5 6695
93 402 1 5 568
90 165 7 5 1335
433 169 8 2 22
445 468 5 4 157
367 36 6 6 5733
375 508 9 5 1621
225 288 2 4 104
82 296 5 3 48
156 481 6 4 188
366 8 10 5 2973
100 420 10 4 433
264 109 5 4 272
92 14 4 3 51
134 35 9 2 36
414 441 8 6 7521
187 57 3 6 6975
42 133 3 2 12
473 266 1 6 3938
458 119 5 8 846883
192 360 2 5 398
94 81 1 7 28748
216 13 5 8 537149
76 173 6 3 43
120 454 2 4 148
343 60 2 4 77
192 460 6 4 198
184 465 6 3 104
69 61 9 4 839
487 247 7 6 21064
266 308 8 5 1103
423 257 7 6 14123
421 192 6 3 125
143 98 9 3 114
89 380 3 9 2068539
228 398 7 2 13
312 208 1 7 13902
51 506 8 5 1241
373 53 7 6 9581
494 121 10 5 6104
329 228 5 4 290
86 229 1 6 1939
476 119 7 4 260
76 148 5 4 234
58 21 4 7 52818
443 33 8 5 1041
233 353 8 2 41
141 25 10 3 66
195 58 2 5 362
287 178 4 6 8123
181 421 9 3 147
419 33 4 4 121
386 116 9 4 208
163 39 7 4 216
185 33 2 5 639
185 471 4 4 438
186 5 9 4 255
452 308 9 7 117220
382 35 9 2 40
172 211 10 5 3636
260 59 3 7 57548
333 111 6 4 365
57 59 1 7 20005
202 115 5 4 507
141 195 9 4 512
510 426 2 5 474
444 365 9 4 202
39 406 1 6 702
115 421 1 5 427
317 45 7 6 22307
161 54 2 3 19
459 283 1 7 36881
299 249 9 5 5225
3 507 6 5 695
229 428 7 4 201
29 73 4 2 11
330 30 9 4 758
398 118 3 6 8605
223 402 9 3 97
158 29 9 5 2186
235 346 10 2 19
361 212 10 7 151235
112 326 3 4 325
345 235 6 4 626
358 223 7 4 719
86 283 9 3 85
467 161 7 5 828
473 223 7 5 3131
29 209 3 4 99
376 243 3 5 761
72 50 4 6 3512
349 439 8 4 245
308 170 10 3 134
140 271 6 3 83
279 3 7 6 20300
207 34 1 4 99
32 332 6 4 324
149 170 7 4 539
183 54 9 4 605
325 171 4 7 132498
91 163 2 3 31
40 473 7 5 921
363 384 5 4 170
268 451 4 2 9
399 15 2 5 469
356 368 2 5 707
486 70 2 5 915
105 340 3 5 554
435 24 8 7 187913
508 242 6 3 72
417 254 2 4 175
386 441 6 6 12872
89 423 6 5 1046
390 24 1 7 11973
504 122 3 6 14533
186 208 3 4 154
70 485 8 4 473
165 337 7 4 408
18 30 8 4 852
169 36 3 4 98
212 392 9 4 436
248 453 2 7 48014
169 310 3 6 2850
495 378 9 5 2588
241 469 9 9 4191947
179 231 10 3 76
119 322 4 4 377
411 311 1 5 187
227 258 2 5 457
160 45 7 3 69
463 202 3 5 352
208 153 8 4 288
140 420 3 7 94228
198 185 9 5 5259
154 510 1 6 883
314 121 1 5 432
251 401 6 3 100
100 409 1 5 248
112 412 3 5 1225
28 505 7 5 801
296 137 5 4 132
495 323 10 4 338
43 180 4 4 167
159 171 3 4 98
109 281 4 4 365
232 145 1 6 889
381 27 6 3 46
140 401 2 7 18050
103 320 2 9 822962
86 459 9 6 10083
489 382 4 5 676
185 52 3 4 278
127 172 2 5 581
456 357 2 4 189
355 326 9 5 1212
9 219 4 6 8147
160 508 1 5 638
303 177 4 3 80
463 456 6 7 31431
163 224 1 6 1863
233 28 7 2 36
142 354 8 3 84
269 336 1 7 17345
258 44 10 4 779
341 396 10 5 4621
436 81 2 3 16
232 130 2 4 164
60 340 8 3 109
145 318 3 7 78723
487 498 6 4 629
165 470 9 1 5
123 193 1 5 397
128 495 9 6 20003
465 349 6 4 281
146 365 6 6 18692
425 335 1 5 139
425 197 7 4 190
9 241 8 4 603
128 424 8 3 53
140 125 2 7 58057
143 503 10 4 512
109 200 10 6 17383
100 10 1 5 191
358 496 3 5 692
42 454 1 9 733177
463 107 1 6 1188
239 177 3 7 46050
511 267 1 6 3860
498 163 7 4 473
281 392 6 7 124372
436 508 6 6 13642
270 121 4 5 1260
289 495 4 3 74
327 260 4 4 293
288 510 6 2 29
13 86 4 6 4559
484 104 10 7 92015
76 320 2 9 838011
34 270 4 4 121
417 262 10 3 175
339 117 6 3 47
310 380 1 5 260
112 259 9 3 138
26 406 1 7 13880
255 223 5 5 2306
45 291 1 4 36
225 344 9 3 81
440 106 3 6 3225
143 484 7 5 1381
354 419 6 8 900853
419 206 9 4 510
119 339 1 5 364
226 436 10 4 239
439 497 7 3 89
194 26 6 4 382
100 262 6 5 799
77 56 1 8 112344
391 338 6 5 2601
197 35 5 6 3584
505 417 9 3 152
508 260 1 6 736
134 480 5 5 1054
209 492 1 3 10
463 286 9 4 202
121 55 8 6 6163
94 58 1 5 190
174 474 1 4 80
131 54 4 5 1397
164 145 6 2 27
288 487 5 3 80
310 363 2 5 277
79 402 8 4 689
178 332 7 4 202
3 218 8 2 16
70 382 6 7 29785
331 321 8 4 692
357 509 8 3 172
187 274 10 6 23146
179 105 5 4 123
292 415 7 4 175
153 385 5 7 171646
98 383 9 3 95
250 191 7 4 499
80 417 8 4 652
165 178 1 5 475
296 247 2 7 43872
66 366 10 1 9
185 205 2 5 296
39 301 8 4 182
495 509 9 4 447
324 396 5 8 265184
484 215 4 3 23
461 40 7 4 242
468 365 4 4 183
421 91 7 5 1985
478 225 1 3 12
259 305 9 5 1206
64 82 7 4 686
357 475 8 6 8017
89 270 4 7 69544
296 90 9 5 5780
428 311 2 6 1899
473 126 8 4 284
348 165 8 6 9342
245 192 7 4 734
53 264 8 6 5576
252 453 10 4 264
13 167 10 4 589
245 367 1 7 33360
65 488 8 3 106
178 501 2 5 242
55 321 10 4 332
217 504 4 5 848
280 176 8 2 18
472 426 8 6 30549
260 434 10 4 663
54 13 10 7 67593
118 10 1 4 44
164 315 9 4 511
203 425 2 6 7286
460 428 4 4 432
106 164 3 4 107
342 261 3 5 466
343 26 6 7 78377
188 194 10 5 1245
501 128 8 6 19269
265 301 6 4 161
106 340 7 4 768
449 100 1 5 122
25 280 8 4 310
