2735 2.994892175849453e-09 
8405 2.4029786603695154e-08 
3840 3.2569911085192645e-06 
5049 3.5446259360685156e-08 
3871 7.650367591283462e-08 
6140 5.3760578167267995e-09 
5408 7.762138910281466e-07 
7032 8.204069018973985e-09 
8133 2.8343377003013236e-08 
2226 8.841816950366614e-10 
9858 1.2158593913007181e-08 
7379 1.8131710555994041e-09 
5372 7.888281114972558e-09 
2055 1.2054171827254035e-08 
1373 2.2968488019338454e-06 
9757 2.6716955481924354e-07 
3361 3.2901503234842726e-06 
1338 1.367433964509241e-09 
2207 1.0669626982615283e-08 
6066 9.38962446934574e-08 
295 1.4039711711892172e-08 
1102 2.6432012850400933e-06 
6667 4.820098825283892e-10 
3149 1.1546856146350154e-06 
5703 5.977738809590655e-10 
6419 1.4304512516107628e-08 
797 2.757588048369914e-09 
2201 7.922002064065529e-08 
4883 4.959350251449162e-07 
8138 8.989213347646019e-09 
8825 1.3806830182188506e-09 
3095 2.9326748529472333e-07 
6855 2.1261882303619486e-07 
549 4.124727705667653e-07 
9297 1.3119761701059452e-09 
7462 4.6590504379503766e-09 
5981 2.462767587794455e-06 
3747 1.611552275603188e-08 
6728 5.169002690610068e-10 
1991 1.5358013066843544e-08 
8299 6.6728003902050885e-09 
4430 2.847575917339746e-09 
7886 3.0105765862036005e-10 
9744 5.880039809008294e-10 
4043 2.9410943873462575e-10 
5714 3.908294132076802e-08 
8680 1.1083797538025832e-06 
8320 5.966933590559667e-09 
5251 3.912688000201961e-10 
5020 2.4803216555751846e-09 
3288 1.9901087669872445e-08 
8119 4.382289920980547e-09 
1512 8.421415886687711e-11 
1759 3.6634385158143836e-06 
1047 6.317771327792043e-10 
9242 6.8534739981325975e-09 
1623 2.522980821703679e-07 
8862 4.041485644112091e-06 
1238 8.175102878178221e-10 
2939 1.968277793859162e-06 
5573 9.68432580906542e-09 
18 5.3972991255341255e-08 
2617 2.045297695964232e-09 
2568 2.6091701206340528e-08 
3198 1.0141365273465578e-08 
3522 1.9921130864186005e-08 
7826 5.146075828920543e-10 
9395 2.998660325215189e-08 
4773 4.0986618474520204e-09 
5612 5.197033008477216e-10 
4916 2.6252817243989867e-09 
6407 1.7349098527224478e-08 
3059 3.4928721910241697e-10 
189 9.30027487829185e-10 
2090 7.110715653067055e-08 
3470 2.936887162960757e-09 
9445 3.4587263608720775e-12 
4933 9.577899663432057e-10 
1401 8.679867647978871e-09 
813 3.5883859252072714e-11 
6803 1.1533964160143203e-09 
705 2.5373248435048984e-10 
9012 1.8810646554146327e-08 
1825 1.4181829004713497e-07 
6284 5.5372670821291295e-09 
607 2.653270542462866e-09 
441 9.12236949180404e-09 
7101 3.508322775622522e-09 
3675 2.7204236449250227e-10 
6749 5.731921907956499e-09 
9655 1.1645287665616065e-07 
9190 1.5325924329611842e-07 
8755 8.480971189673391e-07 
3381 7.83850538427214e-09 
403 3.9016472541461155e-09 
7949 2.3558829797209643e-07 
6350 3.1360402816531675e-09 
5748 2.8641379762675556e-10 
271 1.2035826030480686e-08 
539 2.3744660679777917e-08 
8911 1.8197441384028247e-09 
5942 1.87621001016252e-09 
3980 5.701265793685074e-08 
1908 5.68904654920269e-09 
2855 3.415204074818771e-08 
4886 4.8728399986213433e-08 
2466 1.1282122216369855e-08 
298 9.715187686829604e-09 
1875 3.6085201444299654e-09 
4223 1.556876558065929e-09 
3478 2.3594269052352925e-09 
3879 1.1723955140041653e-13 
9626 7.592330574849562e-09 
1856 6.355171143276308e-08 
1426 1.8632986984129605e-09 
3815 4.5651276336629645e-09 
7754 1.5622588371201702e-08 
1620 6.154665387355213e-07 
7200 7.289271087523554e-09 
867 4.831163505241608e-09 
5054 6.635895522313917e-11 
6456 6.592306187803201e-09 
3650 5.762912895709313e-07 
4107 6.144099379624729e-09 
5443 4.5745372339201216e-08 
2419 2.6095084220870754e-07 
4217 3.944449066191478e-06 
4245 8.685978759707426e-10 
942 1.7759772863820913e-06 
8543 3.15171609188529e-10 
8932 8.662464671353037e-10 
378 1.6308382452717371e-06 
196 1.1968541565807178e-10 
5360 8.521024202803439e-10 
9503 2.2738612193801306e-07 
5598 9.884794912593083e-07 
7537 3.6865473494003195e-10 
6832 7.151613795552182e-07 
8361 2.422198476387743e-07 
5110 1.9536985056405064e-07 
3988 9.052750211241932e-10 
5506 2.9174040424930522e-08 
2831 2.2164216663116024e-09 
7434 2.1761568057537123e-10 
8744 3.6232862082831094e-10 
1020 3.343344240563428e-08 
906 4.613687536520112e-09 
1241 1.89261916574625e-08 
7422 8.857524947401286e-07 
4442 3.5714332289075654e-10 
7324 2.761715139920707e-08 
4623 2.1293116922449506e-10 
8345 1.7619090258062196e-07 
1295 3.133491746621662e-08 
1185 5.812495582774042e-10 
5043 1.2257502639029683e-09 
5315 2.3333481495347474e-08 
2732 4.715296420373705e-09 
5214 1.035674189321618e-08 
4938 1.375701305338129e-08 
