1 2 9705 5753 11654.117607530146
1 47 2211 708 916.0429232747825
2 31 7785 6818 5794.6981625990975
2 35 3564 2343 2749.47797959544
2 406 7686 2093 3085.537443445197
3 4 8638 7774 5122.1161678638
3 5 745 567 759.4126324562319
3 26 5111 3320 3093.89963654507
5 57 4599 2681 796.5792454403588
15 16 6430 212 8811.109238263865
15 36 3891 173 3939.6291986338406
16 25 4168 2688 2855.1489051246563
17 18 3903 199 3398.8873774480485
17 36 8543 3062 7171.700985308286
18 33 9453 2861 7575.082706541497
19 20 6923 5240 7345.282292720139
19 21 8066 3307 12331.963327651227
20 142 3456 1756 1661.127865275221
20 148 6521 6330 9499.393769607266
21 22 8419 7955 11925.023849690862
22 23 2704 935 3206.810137033434
23 24 7028 2838 2653.058565520802
24 25 7759 1215 8587.00049140744
24 28 4971 3563 4715.187341634323
26 27 7556 6971 7079.307493996879
27 29 5036 3061 5672.022197772601
27 30 2148 1665 2956.508450027798
28 29 1471 632 2133.569891166571
31 33 4226 2146 3348.1113011061207
32 33 1349 1349 1416.626117377738
32 34 5371 162 5368.845931269422
32 69 7597 3420 7848.417103963962
34 35 5615 2620 7251.3236612737965
34 73 5202 4223 6022.715101308043
36 37 6810 1768 6301.805755520214
36 75 7085 4474 7066.502325359496
37 52 7352 6080 5885.02518378559
37 43 3765 1621 5395.698914999128
46 47 7939 7834 6762.33336275028
47 448 7362 4882 5358.487147617929
52 67 9441 1046 9493.805651204393
53 54 5921 1325 6277.738644146157
53 59 5075 4044 3755.474723190151
53 418 6910 573 7183.907289467645
54 163 7355 3177 6298.019319043793
55 56 4482 4133 5827.855824092786
55 59 7696 2599 9789.493759025607
56 57 6693 4677 13008.940088356325
56 66 3748 1123 3691.6246266529165
58 59 7983 3979 11644.035806919617
58 60 5891 1400 7381.767160042199
58 199 6297 563 6295.392471615388
58 458 3038 1690 4815.03218987406
60 63 6600 3642 6302.41218366103
63 225 4862 3604 6303.557672666435
64 65 6334 3970 3064.460914465886
64 66 2488 1392 2678.499935435258
65 67 4586 1433 4577.261276281964
69 70 4435 3185 3956.3491201566444
70 71 6473 855 1327.6947244436801
71 101 8728 461 8316.753734053133
72 73 8053 5864 6003.137060015599
72 101 8058 4180 10362.696665212721
73 76 9933 1219 9934.832584438585
73 77 4882 4137 5397.93137031411
96 97 6603 2828 4931.353603033701
96 111 6783 3330 11128.90205982215
97 101 7868 161 7930.335364639865
98 99 4437 3954 5252.624367943617
98 100 3322 841 3303.5293520660707
99 138 4560 433 4568.109627544058
100 116 1522 509 1497.1264004416728
105 106 9250 7238 12976.30753581007
105 111 7667 7476 9738.082634275639
106 107 6288 5876 3735.1103636483676
107 108 9228 5503 7675.262540198272
111 114 1715 355 1566.9078007076598
113 114 2002 4 2002.0532417167303
113 116 1688 180 1692.1578112870052
115 116 3782 746 3415.356846872714
115 409 5451 527 7414.9556710338475
118 119 9209 4194 2607.315525244189
119 138 7560 6388 9907.77108585063
120 121 8048 4568 9499.592970166492
120 122 3939 3572 3969.5147036226676
120 304 6502 5924 6627.068630120224
121 296 3154 1602 3423.0775429274663
122 123 9404 167 9407.376879916861
122 124 4543 2721 1881.672072801511
124 125 5023 3478 1619.0035571915678
134 135 3955 1050 3664.569295644544
134 332 2948 2830 4235.366741859729
135 136 5519 3060 3210.404017035082
135 137 3900 658 4392.516073583791
137 139 145 138 138.07757946572042
139 140 3043 1817 3093.561012633857
139 141 86 8 84.9892147582423
139 399 416 234 637.2464385625269
141 400 4568 424 6302.2702141776335
154 155 6235 3500 9741.724919860877
154 156 1592 54 2292.827195080682
154 172 6609 5983 5056.428418438609
155 168 608 233 717.9084542973806
156 157 6270 1681 6986.095560509786
156 171 1951 226 415.4782444718199
157 158 7658 4 7658.009783770212
158 159 8049 6406 6969.168732786644
158 177 1128 933 1489.5982716901754
159 160 7332 3620 7258.988761798382
159 161 1337 667 1861.8342541083962
159 196 4308 1005 1893.8511391258062
161 162 1324 598 1505.4396806175348
161 197 2218 1773 988.580909064229
163 164 7446 713 4159.153056328828
164 165 9216 466 9210.718425196153
165 166 5232 3944 6014.99614205434
165 104 6287 4573 5597.769854905209
166 167 8017 7034 2796.9098973761434
167 168 9882 1954 9663.484439164671
169 170 3658 424 3504.209089248642
169 171 1193 374 82.53245893295913
169 174 4526 3915 4909.596083829579
170 172 7710 1437 12974.383516572849
170 173 2234 1141 2222.3162157923084
170 419 2699 271 2714.0502150819334
171 178 4777 2028 7772.59921656861
173 174 6453 4720 5411.627888042383
174 179 2930 2631 2012.0403775898978
175 176 4250 53 4274.886111130057
176 214 5710 2125 8581.940816205048
177 178 777 696 514.9007311649628
177 191 1220 586 985.901240595617
178 421 8537 2020 8509.828438047836
179 192 8844 6834 8848.580138549063
180 181 4590 2202 1162.9421048806028
180 208 2464 190 2460.8997506236465
181 192 9207 6468 11267.0840393648
182 183 9686 5751 11324.813662958191
182 184 6711 3932 9350.66384757073
184 185 2032 1425 2485.6333340136275
184 208 1733 571 1728.0791459992251
185 186 9962 454 9961.827818106196
185 207 9360 6922 7562.61500476279
186 187 1232 1190 1167.4303934483771
186 230 9960 4842 9471.77223876105
187 188 829 374 1025.6965595589184
187 193 7061 4501 4748.001268329446
188 189 1802 158 1800.1610515794814
188 191 3014 937 3813.665834477765
189 190 9265 685 9276.704527862956
189 191 3207 2083 2266.2824438403404
193 194 9436 1422 9428.473230276617
193 217 2087 1690 259.1855281524023
194 195 5445 601 915.7750011047029
194 217 8285 6949 10546.062152787643
195 196 8926 6926 7396.757013974891
195 216 3173 2511 2717.4355786919587
196 197 3022 501 1328.102600925001
196 476 4280 1866 2851.8958349841246
197 216 1581 829 1814.8517316658572
198 199 4535 1809 2144.699408719022
198 221 1153 882 1194.5452906447808
199 200 2202 702 1445.9111421042364
200 10 713 674 1400.0610436308846
201 202 8860 3879 13946.116358975196
201 203 1392 37 1392.2911919829496
201 351 9260 7683 10886.479616904424
202 213 7811 6877 8292.058448013244
203 204 2226 1031 2252.4345604392033
203 205 4753 832 3995.582967417583
205 206 4036 2011 6645.880933672452
205 231 8445 6024 5348.169165588235
205 360 2476 918 1817.4753340642944
206 207 565 166 583.9114877666505
206 232 867 266 946.778522345439
207 233 2684 1175 2783.935179614122
208 209 508 357 429.6832803915076
210 211 6771 1043 6772.258150172292
210 212 1250 260 1215.418657404635
211 215 4264 179 6606.207634133376
212 213 1462 224 1375.6663770857883
212 342 9360 1326 9340.075432464204
213 340 4062 3651 2732.3245134011263
214 215 6529 190 9160.156700566795
216 219 2599 1965 3502.0966117342987
217 218 9129 889 9126.622341368235
218 222 6312 4203 2365.5987550257705
219 220 5216 1117 5976.409711366758
220 221 3408 1136 2841.2469064870957
220 222 4888 4791 3111.833813848811
222 226 5197 3489 8951.729998341618
223 224 3070 3021 5846.982312144678
223 225 4539 1310 4981.317203405855
223 7 998 890 1252.195644454685
224 229 7566 1518 8842.823367645004
227 228 5093 3402 3723.422665424937
227 229 8533 5987 1420.0054239678723
227 272 6139 4324 4141.597085112132
228 230 1659 818 813.070394621648
229 401 4998 591 2928.002310769106
231 281 4734 3528 7186.629818205857
232 265 3430 1855 169.72308908771194
233 264 7441 2172 8859.29665876869
233 150 8110 2555 7592.698484296983
234 235 9818 4940 8304.767722875573
234 278 7423 3257 5536.773544688241
236 237 9615 5682 8133.29709376688
236 280 1052 297 728.4317067398206
237 238 643 126 646.9089701057935
237 239 6563 1401 10931.661621429916
239 240 2299 484 3330.691583616928
240 241 7177 171 6525.245181019281
241 243 9612 9036 9054.947285241487
241 442 5860 3040 3794.480877338254
242 243 9435 3511 9610.99908961508
242 244 433 141 203.35860610109208
242 314 7944 7824 9657.345571939895
242 80 3903 3108 912.244040488798
243 293 1853 634 707.4987409642092
244 247 6497 1012 4563.006187152013
245 246 9179 7173 5273.64035793246
245 247 7515 7347 4683.976157815999
247 248 2192 1693 581.8690177309575
248 249 8040 5829 10331.91951109973
249 250 8024 3375 9713.192678216372
249 312 8932 6328 10922.48403263619
250 251 8345 4503 7145.871275587978
250 321 4513 3242 5510.592557735426
251 252 5761 3807 4500.3937961971915
252 253 3973 2826 3170.7434388363263
252 327 9207 4759 14077.507663769833
252 301 9735 2486 9771.307456282399
253 254 901 792 708.8202811084701
253 277 972 801 754.8686517212102
253 266 6564 456 6344.362172443167
254 255 8345 3367 12768.58606189571
254 256 2032 766 1950.1761250252691
256 257 1101 400 1257.7407514073705
257 258 9466 3504 16574.103488856596
257 259 6730 5446 6790.971233730833
260 261 5317 2419 3129.0674830180733
260 262 6942 3262 10289.041339485892
260 263 1464 551 1489.6335102973283
263 264 2006 1607 1152.0052817883573
263 479 6141 1927 5958.4129693851155
266 267 359 8 160.60440832857316
267 268 3909 137 2256.4810813307463
267 299 2429 53 2984.201359365193
268 269 9582 3888 13436.322241015998
269 270 5368 1685 9177.804774848759
269 294 4698 2608 5234.520918124073
270 271 5480 4560 3429.8224573873104
271 295 669 667 596.7499515539661
271 133 9676 5031 11005.243214955888
272 273 9388 1177 6135.648690011333
272 274 9084 4891 15125.531573065755
274 275 3341 1308 2703.168737888999
275 276 1621 1465 1171.7439932101768
275 277 2256 118 2254.2981847763153
275 291 6298 6215 7151.077686016392
278 279 3458 710 4127.778736020458
278 282 8272 2403 6440.045967595796
279 280 8539 1214 8355.27119467647
280 287 8258 1657 8401.342974838724
281 289 8955 685 9295.159569927027
282 288 4947 2054 6155.419143456917
283 284 86 83 73.96070572288912
283 285 3984 452 3978.6181402843126
283 305 3641 2524 2392.7283409892216
284 290 3082 318 3077.9342619398913
284 365 3716 1980 680.9895857704535
285 286 9280 619 9430.146073737338
285 306 8445 605 13058.747937295057
286 287 4397 4282 1598.7713276534016
286 306 6841 233 5596.813737677936
286 452 3392 2210 3380.8752372948543
287 293 4362 4185 3786.975337905093
288 289 4964 1410 7346.2301995669495
289 290 293 147 271.58870665502707
291 292 88 10 87.91238470640064
297 298 4166 1203 5581.568565029545
297 454 6771 1817 5111.626392764232
298 299 1653 1318 1684.9397509004302
300 301 5723 3015 7757.834465629706
300 302 3810 507 3468.896220198312
302 303 1254 190 1053.197593663431
302 304 4587 1802 5101.3558126986945
302 330 9066 3498 14183.688356469382
305 306 7896 2619 8085.434774463053
305 308 3625 1951 3766.5513302880317
306 308 5709 4045 3619.1663250479987
307 308 330 144 152.33121835857318
307 309 1989 243 1995.7296350775332
309 310 3585 502 3681.8606030035967
309 338 7874 7192 9987.272183679923
309 379 8315 5735 13214.7889661106
310 311 7074 3962 3960.844504378185
310 85 5278 3844 5749.508126389756
311 312 7751 3343 8522.962248763708
313 314 2642 1705 1430.3108178968423
315 316 7893 2036 5000.544079569042
315 317 2615 2149 2083.698055271547
315 499 6127 2124 5314.473600590356
316 334 1038 318 839.9858576472916
316 398 4231 1617 5922.6274298229155
317 318 9366 3700 16756.74532903387
317 503 397 348 407.1901149266576
318 319 9978 9389 7676.732134041658
318 502 2034 1019 2053.0338038652185
318 510 9339 6161 12324.78482810776
319 320 1924 1831 2519.4073253633605
320 333 7581 6488 9614.815852886435
321 322 1750 265 2445.984827158533
322 323 649 301 712.0316792855431
322 325 4314 803 3941.0164783303358
322 333 1450 119 1307.9845031922116
323 324 2859 1164 2983.571574950845
325 326 3447 1297 3767.4129756547763
326 328 4571 4232 3969.244742037711
327 328 8632 2608 6469.186853914612
328 329 1735 1147 1382.8811671505252
328 495 5548 5491 6444.475358479075
329 330 6619 3682 10747.614464339205
329 331 4387 3863 1406.3868450729742
331 332 4333 3042 4337.770751037531
331 489 7397 2690 5663.559432450635
332 481 4309 2141 4407.355132941001
333 493 2296 1280 2833.5013275211736
334 335 3877 29 4442.319182368587
336 337 6925 1044 11032.499022179245
336 500 6748 6282 9881.843937232838
337 338 6074 3781 4765.6529296582785
337 382 495 17 710.440501736037
338 339 1032 860 1418.7167669919793
338 377 119 9 118.94702484236161
340 341 2395 2045 3696.7495371593045
340 349 6701 6198 7116.163798252358
340 354 4316 1772 1957.3362227249472
341 343 6949 4579 5810.999911771201
342 343 6744 6218 10922.711685053851
344 345 2564 1424 476.17383989375884
344 346 7246 4497 13375.388800973991
344 385 1438 1344 1705.0410922238746
346 347 6047 1888 9255.545621851152
347 348 2749 1068 4287.500198712311
347 387 3790 2929 3494.8996308384953
348 349 2446 1242 2939.19460499728
348 386 7260 6499 3566.2387536763144
350 351 6565 1132 5249.291229185343
350 359 8729 8485 10670.0845200432
350 13 8033 562 8037.881327327376
351 352 3350 1553 3414.0345523047768
352 353 6636 1336 5425.516941805144
352 356 1285 320 617.1762162920495
353 354 6921 390 5290.4278884667165
354 355 3735 1443 3830.156582500387
355 356 4486 4072 5726.080215560442
356 357 5732 5655 8579.766189845877
358 359 6439 3796 7187.286557299906
358 361 5365 1931 5282.9362452850055
358 362 6919 1615 7886.595961090514
358 360 7460 2137 8080.518176707703
358 92 7365 6866 8318.115418000356
360 413 7219 4257 9990.94371608083
361 388 7195 3779 6255.720423969678
362 367 983 914 1187.2981188509254
363 364 4340 4092 5328.210174737991
363 365 4726 1346 3539.483154617375
363 370 8605 4510 9238.02608176736
364 395 3480 1480 3761.227212172775
365 366 6086 1697 4092.130024010891
365 371 735 242 849.0908767106775
366 144 422 265 609.4960889868529
367 368 7380 636 7902.468552794422
367 369 6730 4807 1742.5955843347263
370 380 2599 774 878.4695643848739
371 372 2417 157 2417.29840594263
371 373 1950 80 3124.9221009972944
371 374 9789 5241 9571.767927837094
375 376 4008 3570 6119.551851687664
375 383 7384 903 7385.443166432419
376 384 4545 3428 3995.9668440457367
377 378 6814 5291 5022.338655667785
377 381 9850 7262 8452.51113624377
378 384 6896 2406 4497.09924971859
381 383 8341 1611 8555.134625331857
382 496 2631 1385 3628.8145042823658
383 384 6677 3751 6402.305660295076
388 389 9792 130 13347.86530853029
388 392 2854 1812 2635.003841067747
389 390 7031 5090 3048.3064150498153
390 391 2360 546 2414.7201466803813
392 393 6868 5242 12255.576703253424
392 394 4680 1886 4846.406750246081
395 396 424 145 428.05849466093946
399 411 8585 608 8586.306805591954
400 405 6291 1186 7253.388024100265
404 405 8872 1478 5089.809363003513
404 412 3159 957 4255.242687569803
405 89 3961 1726 2028.415325777199
408 409 7644 1980 7391.35207949506
411 412 4115 556 3604.661880363494
411 415 7597 3065 10606.6046913115
411 482 7009 3182 11991.651926968065
412 415 3424 2918 5375.170873453729
415 427 6401 941 8702.858555249362
415 487 2995 857 1553.46301078984
427 428 4456 611 4335.54494841754
427 431 290 82 195.45502354828926
427 487 4131 2829 3070.9484678971653
427 424 4980 4696 1842.7672195340692
428 429 9952 3655 17734.07926507998
428 432 5945 4541 6674.230378752058
481 482 6434 4022 10835.447122127152
482 488 4450 3927 5867.50557609203
483 484 3174 171 1097.5760431231954
483 485 576 373 552.1712762039699
484 492 8924 6901 14666.291776035943
485 486 1222 262 1222.4834372836806
486 487 6619 323 6624.020231671582
489 490 7591 1330 7603.9322986963625
490 491 3465 3129 3402.255662051851
490 492 5323 1274 6323.745186349069
493 508 8277 137 12946.776552898533
494 495 7544 618 7544.539287461196
494 507 1556 1284 1748.5312788315318
496 497 9141 5481 5721.897818266316
496 62 2357 1269 2788.631048095061
497 498 1702 1063 158.92662916956107
497 499 3601 652 3606.174041987083
499 501 2037 2029 1552.8905802589238
501 447 4463 404 4783.006544047406
502 511 1442 1265 1306.7614573609517
503 450 905 517 724.0779500738832
504 505 5927 675 9330.340326407733
504 506 2893 2397 2792.065839808452
505 508 7904 3341 10188.033153808832
505 509 1169 823 1090.1037891658505
506 507 2989 2600 4141.069534077663
509 510 5880 3523 6626.446237019072
509 511 9843 2538 8727.541176803637
7 8 1339 761 1470.9999884708748
7 6 5974 2643 4067.251474292208
10 9 2582 1330 4909.489205502144
10 11 6015 5534 2712.2213027256776
13 12 1650 441 2008.5203759546846
12 14 6572 167 6575.4824069709075
144 38 1992 564 799.9122181444704
144 145 6338 5453 2251.7548099941114
38 39 9903 4871 14115.02316875506
89 68 2619 1549 2661.810566334576
89 88 660 556 739.5577424336086
68 40 9094 3315 2228.3444406074236
68 102 1652 997 1446.4460441384083
40 41 1364 611 2001.0841091229593
40 81 6388 4002 6638.651385704694
102 50 8955 7538 3458.3354738293374
50 51 8647 877 8651.097362851664
41 95 4878 2071 6379.461490128716
81 146 8481 2856 13864.932507203344
95 456 5716 139 2803.152272326804
95 143 62 23 24.196238930091262
95 146 3143 1528 3096.6001114428436
146 410 3338 148 1488.7006605941929
43 42 9507 3671 12723.801396798874
133 130 1378 710 256.5705352062277
128 117 6329 3281 7784.293092460588
128 132 2784 629 3738.327094906394
117 129 5807 3166 4359.86987794757
117 110 709 222 586.171691192968
132 130 6180 1586 4987.1348256253295
129 127 3215 2741 1326.4763135282242
127 44 1381 461 2057.4016711412846
130 131 2960 1996 2693.601756641056
44 45 7907 5486 5187.993909203503
110 109 9831 8346 17988.451372002306
110 126 7043 263 7053.50841906825
109 112 6845 3582 9551.061143754012
62 49 6749 5357 6825.172390276618
62 61 2731 240 2899.9247969012476
48 49 6140 3326 2084.842691028434
75 74 1997 1082 1903.5667453585286
77 78 1645 811 1642.5698700518424
80 79 4527 2833 6027.441810598452
92 90 1400 794 608.3672122060333
82 83 1399 586 1557.5731067945756
83 91 6957 3886 8036.451888212995
91 90 7528 263 7522.094853500508
90 93 7935 7084 13894.010261763484
93 94 8862 1372 9665.9755098258
85 84 4561 113 2688.5588392141117
84 86 7878 4715 6621.127741640168
84 87 5212 3646 7689.498223169765
86 87 5281 84 5281.782568014802
104 103 9113 4151 6012.163024641561
148 147 3015 1214 1055.8638852523216
147 149 7474 111 7474.018178711973
150 153 5957 4678 2886.793974092266
150 151 2178 916 2406.6606209795623
152 153 7477 772 14502.535564194664
398 397 6714 3750 3792.4264054777323
401 402 1474 350 1670.6592999560066
401 403 6856 2391 4871.654217952513
406 407 2047 580 1385.3901587485311
416 407 4056 3323 2358.7297214807736
413 434 2605 2402 3136.197791597502
413 414 4407 2436 4694.5501574828295
433 434 5169 4659 4894.384231391523
418 417 2224 832 1369.688115259271
419 420 2736 2633 2453.105431113906
419 430 2373 2238 1181.243809926131
421 422 5388 3649 7926.950353632426
421 423 5250 1878 6689.697095026788
424 425 6712 6012 7052.2674924911735
424 426 2058 772 3773.983795008586
424 438 8359 4272 5103.335364607028
438 437 3155 2061 2631.949610719588
437 439 350 90 246.6859526497881
454 453 3469 202 3499.206889343299
454 435 6537 6419 10636.466625705665
453 455 3627 1191 1637.2475366340373
455 460 5432 3298 5196.236513286273
435 436 956 50 948.1080022145981
460 463 6936 262 6943.124310690875
463 462 6523 3238 3473.594160354926
461 462 9029 5849 12488.93853347226
461 464 4801 2729 8470.800936862583
464 466 1741 1560 1342.3294297041566
466 467 2344 2334 2167.4929634230903
452 451 6628 1640 11358.959041426882
452 440 4393 2628 924.0786990683025
451 459 3014 1663 2670.549151272071
459 473 9263 5728 6990.725596453534
440 441 3061 1766 3662.093245394026
473 472 7355 2014 3402.730165918365
442 443 6932 910 6968.274790774882
448 444 7942 4129 7409.548043233333
444 445 6696 2119 6195.74089623631
465 445 593 266 348.0641236372447
465 468 9819 8457 11686.337436666541
468 469 8626 681 8613.722896299656
469 470 7438 2660 8755.144184961846
470 471 8733 4460 9936.178304846702
447 446 8974 2514 8998.681914797246
450 449 9759 603 9826.373285193336
458 457 5242 3181 3772.073676551203
476 474 8823 2973 8815.230991519324
476 477 5851 5555 1123.5762301654938
474 475 6790 1223 846.4923841629981
477 478 1372 482 1372.979027583994
479 480 4861 2163 6057.979124732226
