9748 9.388531896359353e-10 
1018 1.2039286514248237e-07 
5823 -3.4936622483883184e-09 
1743 5.9229698545762086e-06 
6346 -1.4535861403430772e-10 
5538 1.2882538077962913e-08 
1602 4.576863818495092e-09 
9464 -2.496153173048299e-09 
9268 6.76249428677167e-09 
5787 -3.160326444984207e-10 
4881 4.38364752344822e-08 
7446 -3.437625295532598e-09 
5344 -2.554760625272934e-09 
203 -1.9441372400841317e-09 
7539 -3.109273505330634e-09 
5426 2.0937197059422985e-08 
682 7.59520464577168e-09 
502 -1.879567501639201e-09 
2806 -3.570022499843617e-09 
5882 -2.8728652790022124e-09 
4257 -3.1938971467582178e-09 
8044 8.657781311316448e-09 
3971 1.2200383953109295e-08 
7001 -3.5546108279049804e-09 
3956 1.5223225222071868e-08 
8696 -2.2824016565614613e-09 
9740 2.598037820433774e-07 
9213 -7.570331028716737e-10 
5536 -3.2052147602712466e-09 
4236 -3.1298093006171257e-09 
7168 -2.0060730299142904e-09 
9160 1.3824520694871723e-08 
3652 -2.343311544805715e-09 
9822 -7.40910166552311e-10 
1475 5.949484516154513e-10 
6884 -3.39265948667844e-09 
8732 -2.173270507999092e-09 
3680 -2.6422367072065356e-10 
9112 8.564362150020877e-09 
3582 -2.57329757502589e-09 
