1 5 7 4 336
1 9 7 4 168
1 10 2 4 89
1 18 3 5 702
1 19 2 4 87
1 30 5 3 43
1 48 8 4 221
1 113 10 3 183
1 136 1 4 106
1 151 7 3 47
1 157 9 3 56
1 167 5 4 301
1 216 1 4 27
1 257 1 4 45
1 260 5 3 32
1 266 8 1 11
1 275 5 5 656
1 322 6 3 46
1 353 7 2 13
1 416 7 4 346
1 553 7 5 1893
1 619 2 4 158
1 647 7 3 38
1 671 5 2 12
1 675 3 3 62
1 680 6 4 213
1 705 2 5 1320
1 844 9 2 44
1 903 4 4 327
1 918 2 5 382
1 937 3 4 209
1 3 6 2 31
1 13 1 4 73
1 81 2 4 207
1 121 4 4 114
1 130 2 4 111
1 249 8 4 348
1 258 8 3 43
1 291 6 4 539
1 323 1 5 359
1 341 2 3 32
1 481 7 3 43
1 518 3 4 119
1 519 1 4 43
1 722 3 4 223
1 773 5 3 73
1 805 5 4 348
1 835 7 3 41
1 919 4 3 36
2 8 1 5 268
2 16 7 3 61
2 31 6 3 65
2 38 7 6 13914
2 71 8 4 215
2 83 10 2 27
2 136 10 1 13
2 229 8 3 52
2 293 7 3 83
2 358 6 4 191
2 482 7 3 65
2 536 8 2 18
2 566 3 3 39
2 645 9 3 68
2 706 5 4 132
2 769 2 4 145
2 826 5 3 108
2 921 4 3 65
2 9 2 5 329
2 21 3 3 50
2 30 9 2 33
2 39 7 5 1775
2 44 7 3 83
2 65 8 3 66
2 72 1 4 44
2 113 9 4 353
2 129 5 2 20
2 146 7 3 70
2 149 9 2 27
2 211 7 4 547
2 257 4 2 15
2 265 4 3 57
2 513 10 4 400
2 523 7 1 10
2 673 1 4 27
2 774 3 4 153
2 785 4 1 7
3 4 6 3 42
3 9 10 2 23
3 49 10 2 50
3 133 5 4 204
3 168 10 3 163
3 261 7 5 1033
3 268 2 4 48
3 329 2 4 64
3 524 6 3 104
3 827 4 4 161
3 34 5 3 110
3 38 7 4 184
3 68 5 3 41
3 90 4 4 153
3 142 10 1 16
3 146 5 4 148
3 386 2 5 399
3 438 8 4 406
3 547 9 3 124
3 593 8 3 133
3 711 4 4 109
3 853 5 4 244
3 913 7 2 22
4 25 9 3 69
4 132 8 3 107
4 273 1 5 215
4 278 1 4 82
4 531 2 4 89
4 593 1 5 117
4 653 2 3 37
4 818 10 5 5448
4 7 7 1 10
4 34 1 4 25
4 40 3 3 23
4 61 5 7 46023
4 106 3 4 291
4 108 7 5 2890
4 113 4 3 58
4 199 4 2 20
4 359 8 3 90
4 489 7 4 674
4 518 5 4 139
4 628 6 3 50
4 657 3 4 212
4 666 3 4 248
5 5 7 3 44
5 16 1 4 32
5 25 1 5 433
5 51 7 2 23
5 61 2 5 385
5 65 6 3 58
5 249 1 5 260
5 285 10 4 642
5 294 1 5 123
5 369 5 5 1188
5 518 1 5 283
5 577 7 2 18
5 684 9 5 2909
5 775 3 4 119
5 804 3 5 1129
5 809 7 2 14
5 50 1 5 373
5 90 7 3 38
5 189 5 3 46
5 212 6 2 17
5 257 10 3 102
5 265 4 5 2612
5 276 8 4 517
5 322 6 3 64
5 396 6 3 89
5 515 2 4 51
5 547 5 4 288
5 552 1 5 155
5 555 6 3 77
5 567 5 4 491
5 593 6 2 12
5 641 6 3 61
5 646 8 2 33
5 650 8 4 249
5 901 1 5 669
6 19 7 3 93
6 217 10 4 223
6 585 3 3 52
6 888 2 3 18
6 30 3 3 17
6 58 1 4 48
6 61 5 3 39
6 186 4 5 809
6 233 10 3 68
6 257 2 3 14
6 385 7 1 11
6 513 7 3 128
6 514 6 2 27
6 534 2 3 23
6 577 4 3 33
6 626 7 2 19
6 912 4 3 30
7 149 7 3 59
7 213 3 5 1791
7 260 9 4 1016
7 268 8 3 56
7 269 1 5 304
7 467 6 2 14
7 513 2 3 17
7 799 7 2 21
7 1003 8 4 553
7 103 1 3 12
7 133 4 4 170
7 205 9 2 43
7 305 2 7 23177
7 326 5 3 46
7 385 2 4 45
7 397 6 4 334
7 413 5 4 237
7 474 3 4 73
7 535 10 1 5
7 545 2 5 946
7 558 1 5 169
7 641 6 3 66
7 682 8 2 40
7 695 7 3 115
7 778 6 4 639
7 871 4 3 22
8 82 1 4 30
8 111 4 4 327
8 238 1 3 19
8 716 9 3 105
8 20 10 1 17
8 260 10 3 88
8 293 4 4 122
8 420 5 4 155
8 721 4 2 21
9 20 6 3 125
9 33 3 3 40
9 43 5 3 57
9 59 10 2 32
9 203 1 5 128
9 273 6 3 103
9 274 9 2 40
9 387 1 4 85
9 394 8 4 456
9 487 2 4 93
9 553 7 3 42
9 643 7 4 340
9 657 5 2 18
9 736 7 2 30
9 851 5 3 105
9 903 1 3 19
9 73 4 3 52
9 169 6 2 27
9 173 1 6 1753
9 194 7 2 37
9 262 10 2 23
9 278 9 4 285
9 305 1 4 55
9 331 4 2 11
9 392 1 4 24
9 431 6 1 8
9 518 1 5 206
9 627 6 1 10
9 775 1 4 52
9 923 1 6 1093
10 40 6 4 404
10 44 2 3 11
10 275 8 3 58
10 417 8 3 58
10 527 5 4 262
10 573 2 3 15
10 824 7 3 84
10 908 6 3 131
10 17 3 3 37
10 25 9 2 31
10 41 8 3 75
10 51 1 5 368
10 231 4 4 125
10 400 4 3 51
10 455 10 3 59
10 521 3 3 29
10 801 1 5 141
10 874 2 6 1737
10 949 7 1 12
10 501 1 6 2506
11 14 1 6 990
11 41 1 5 221
11 76 4 3 39
11 85 3 2 12
11 161 7 3 65
11 177 10 6 8139
11 209 1 3 9
11 519 5 3 70
11 524 2 4 54
11 585 3 4 165
11 600 3 3 20
11 681 6 3 74
11 779 1 5 257
11 21 5 5 624
11 45 8 4 448
11 129 5 5 672
11 130 7 3 77
11 401 10 4 936
11 529 4 4 96
11 536 10 1 6
11 537 8 5 959
11 562 7 4 242
11 659 7 3 146
11 912 2 4 46
11 930 4 4 260
12 205 9 4 267
12 587 2 3 34
12 753 10 2 31
12 780 4 5 1516
12 203 3 4 186
12 267 2 5 424
12 306 2 4 45
12 327 2 3 11
12 347 5 4 170
12 348 7 2 16
12 515 2 6 7460
12 533 2 3 24
12 597 5 3 78
13 25 6 3 36
13 56 7 3 124
13 66 1 4 82
13 117 6 3 44
13 129 7 5 1684
13 270 2 4 160
13 367 7 2 14
13 635 6 3 72
13 782 8 3 66
13 37 2 3 25
13 45 5 4 111
13 112 8 1 14
13 209 4 2 19
13 269 10 3 144
13 287 2 5 521
13 350 9 2 31
13 692 10 1 15
13 906 6 5 718
14 67 6 2 29
14 193 5 5 954
14 225 5 3 41
14 321 6 3 66
14 781 9 3 69
14 38 10 4 305
15 128 9 5 1067
15 153 2 7 26047
15 211 10 2 40
15 322 1 4 48
15 377 2 3 26
15 585 4 7 27708
15 617 4 2 12
15 99 9 4 465
15 209 7 3 40
15 683 9 3 126
15 781 1 6 701
16 353 9 2 29
16 486 10 5 1502
16 660 6 3 44
16 855 8 4 591
16 343 10 1 4
16 558 4 3 23
17 25 2 4 145
17 65 6 2 19
17 97 5 3 54
17 133 7 3 81
17 149 2 4 180
17 199 7 6 28253
17 517 2 4 106
17 644 4 3 26
17 807 10 5 4130
17 33 5 3 31
17 68 9 2 35
17 276 8 3 94
17 325 4 3 22
17 327 3 4 120
17 402 3 4 87
17 419 8 3 49
17 530 8 4 289
17 641 6 4 141
17 665 6 3 65
17 781 5 1 7
17 793 2 5 229
17 833 6 4 154
18 49 10 2 33
18 130 9 3 114
18 259 1 6 2958
18 50 4 4 267
18 133 2 4 74
18 707 4 3 24
18 811 9 4 579
19 52 7 3 145
19 204 2 4 92
19 216 8 2 23
19 291 2 4 75
19 642 7 4 574
19 646 7 2 14
19 98 1 5 191
19 145 3 6 2649
19 241 1 4 62
19 280 2 4 210
19 337 9 3 77
19 561 2 3 35
19 575 9 5 1330
19 633 4 4 274
19 701 6 5 2882
19 817 3 7 27115
20 25 8 3 111
20 658 2 2 9
20 710 9 3 197
20 181 3 3 44
20 293 8 3 74
20 577 9 2 16
20 712 2 4 141
21 29 4 3 33
21 37 8 2 22
21 70 7 2 24
21 177 3 5 409
21 195 3 4 98
21 324 2 2 8
21 787 7 2 17
21 27 9 3 52
21 41 8 3 52
21 68 3 5 451
21 91 3 3 21
21 96 7 2 23
21 150 4 3 33
21 404 6 4 300
21 412 2 5 1308
21 531 9 3 95
21 564 9 2 27
21 681 3 4 292
21 725 10 2 26
22 117 4 5 550
22 259 8 2 17
22 309 5 4 355
22 31 4 4 372
22 137 7 5 1581
22 162 1 5 230
22 401 9 2 18
22 442 7 3 99
22 545 9 5 1154
22 833 2 4 95
22 840 3 4 155
23 25 2 5 235
23 69 8 3 47
23 98 3 5 1423
23 108 2 3 24
23 134 2 3 35
23 282 2 3 33
23 321 2 4 49
23 332 2 3 30
23 566 7 1 10
23 27 9 3 54
23 955 3 4 159
23 978 7 3 90
24 329 4 3 55
24 771 8 3 73
24 887 2 6 8331
24 46 4 4 334
24 134 7 2 17
24 865 2 5 477
25 534 6 5 2762
25 782 9 3 76
25 787 1 5 434
25 849 3 4 86
25 945 6 3 78
25 123 10 3 207
25 149 8 2 42
25 259 4 5 824
25 434 2 4 70
25 545 6 2 18
25 611 7 3 61
25 632 3 4 123
25 737 3 4 103
25 817 4 4 121
26 524 7 1 12
26 593 9 4 355
26 66 5 3 87
26 170 5 3 55
26 355 1 4 113
26 646 4 3 30
26 738 4 4 362
26 789 1 4 83
27 110 4 4 130
27 802 8 2 30
27 34 1 6 1271
27 65 4 2 18
27 105 1 4 43
27 154 4 4 105
27 579 2 3 25
27 659 10 4 573
28 131 4 4 264
28 211 6 2 29
28 548 5 4 193
28 550 6 3 74
28 278 3 3 21
28 295 7 2 32
29 43 6 3 38
29 73 5 3 69
29 147 7 4 165
29 193 1 4 97
29 204 10 1 17
29 625 10 3 193
29 648 7 2 35
29 105 10 2 34
29 113 1 5 165
29 194 3 5 521
29 565 7 3 58
29 610 2 8 145895
30 328 2 4 86
30 533 1 4 59
30 810 7 4 318
30 301 4 4 145
30 321 5 5 1936
30 967 10 2 26
31 53 5 4 328
31 130 8 2 37
31 589 3 4 86
31 355 5 4 252
31 833 4 3 27
32 78 2 3 29
32 562 8 8 358752
32 34 5 4 120
32 86 6 3 42
33 34 9 5 2498
33 43 7 4 387
33 73 6 4 552
33 186 1 6 4600
33 197 3 4 113
33 205 1 5 188
33 212 3 3 43
33 220 3 3 19
33 277 1 3 18
33 389 6 3 51
33 415 2 4 204
33 515 10 4 295
33 613 4 3 57
33 642 9 5 1031
33 722 4 3 54
33 760 9 3 107
33 804 10 3 168
33 849 6 3 55
33 961 9 4 234
33 97 4 3 28
33 173 1 4 38
33 177 6 4 142
33 229 6 3 32
33 263 1 7 36456
33 292 9 3 50
33 327 10 4 443
33 346 1 4 97
33 421 2 3 15
33 429 4 3 46
33 561 3 3 31
33 755 6 2 14
33 773 6 4 514
33 835 4 4 137
33 842 3 3 24
33 873 10 2 23
34 65 2 4 110
34 277 5 2 18
34 278 6 3 36
34 321 10 4 713
34 545 10 3 79
34 786 1 3 14
34 899 2 4 87
34 946 1 4 56
34 58 4 3 28
34 61 9 5 2433
34 117 10 1 8
34 245 10 4 231
34 339 7 2 23
34 517 6 3 80
34 529 2 4 223
34 597 7 4 750
34 682 9 1 11
34 925 4 3 75
35 145 3 4 88
35 293 4 4 394
35 325 7 4 498
35 562 9 3 88
35 664 3 5 642
35 721 7 3 65
35 801 6 3 50
35 37 8 3 72
35 96 4 3 43
35 161 6 4 442
35 165 2 4 121
35 213 3 4 205
35 259 9 1 15
35 269 3 3 26
35 306 6 2 25
35 363 10 1 13
35 518 6 3 46
35 702 2 4 75
35 705 10 3 78
35 770 9 1 15
35 802 6 1 9
35 978 7 4 268
36 66 1 3 8
36 267 4 3 39
36 552 2 3 18
36 690 1 3 17
36 227 8 5 5293
36 284 10 3 105
36 330 10 3 128
36 713 2 4 76
36 991 10 2 24
37 49 10 1 9
37 258 7 2 32
37 267 4 5 854
37 289 10 3 87
37 321 9 5 1387
37 449 5 3 80
37 556 10 4 991
37 706 4 3 68
37 859 4 3 43
37 259 7 2 17
37 281 8 3 97
37 290 5 2 19
37 307 1 5 135
37 513 8 4 193
37 515 10 5 3983
37 528 3 4 93
37 529 5 3 47
37 551 6 4 182
37 554 10 2 36
37 573 3 5 542
37 661 2 3 31
37 997 7 3 93
37 1012 2 4 143
38 365 6 3 109
38 521 1 3 16
38 595 4 3 32
38 641 7 3 103
38 674 2 4 173
38 68 8 3 173
38 73 3 5 600
38 130 5 5 1065
38 534 5 4 120
38 953 10 1 7
39 181 10 2 29
39 205 6 5 773
39 545 6 4 198
39 93 8 2 24
39 165 3 3 27
39 393 8 2 42
39 877 4 3 42
40 49 2 3 30
40 521 9 4 368
40 983 2 2 6
40 41 2 4 85
40 74 4 5 661
40 130 1 4 31
40 137 10 3 142
40 202 5 3 61
40 681 4 4 366
40 898 5 3 39
41 66 10 4 228
41 257 8 2 19
41 513 3 4 86
41 529 9 2 40
41 606 1 3 20
41 646 3 3 41
41 673 6 3 83
41 757 8 2 25
41 762 1 5 667
41 841 5 3 30
41 981 7 3 68
41 162 10 3 118
41 552 7 3 101
41 761 10 3 92
42 97 7 3 38
42 264 10 4 476
42 277 5 4 492
42 322 5 3 37
42 514 4 6 4476
42 988 5 3 28
42 65 1 5 384
42 273 10 4 553
42 519 10 2 26
43 43 1 4 46
43 141 6 4 501
43 330 4 4 182
43 412 5 2 24
43 779 3 3 30
43 840 7 5 2246
43 186 4 3 28
43 305 5 2 26
43 340 9 4 268
43 514 4 3 35
43 858 3 4 169
43 883 3 3 42
44 547 2 4 118
44 193 9 5 3669
44 807 8 4 781
44 833 1 5 415
45 48 8 1 14
45 431 8 2 35
45 525 10 3 88
45 795 4 3 68
45 311 8 2 39
45 567 2 4 141
45 726 2 4 69
46 51 10 2 20
46 75 7 2 28
46 267 7 5 1626
46 616 7 4 675
46 809 2 5 950
46 845 3 4 317
46 329 4 3 27
46 742 1 6 1155
46 786 2 5 238
46 801 1 5 167
47 58 1 5 292
47 53 2 4 114
47 251 1 3 10
48 81 10 2 49
48 1023 5 4 216
48 274 5 2 25
48 289 5 5 1357
48 514 2 5 271
49 68 3 3 37
49 169 7 2 26
49 177 1 4 50
49 194 9 2 21
49 199 2 5 947
49 227 9 4 621
49 647 9 3 50
49 709 8 5 1388
49 790 7 6 5768
49 844 8 5 2049
49 933 4 4 255
49 98 5 3 99
49 105 8 3 114
49 453 4 3 85
49 577 8 3 74
49 645 2 4 64
49 650 8 4 524
49 776 2 3 18
50 311 3 5 746
50 314 8 5 2108
50 517 5 3 44
50 94 4 4 246
50 369 5 7 77878
51 114 5 5 1519
51 529 10 4 371
51 289 8 3 101
51 873 1 4 44
52 71 6 3 37
52 378 1 5 154
52 517 3 2 12
52 81 4 4 103
52 969 4 3 40
53 189 7 4 413
53 257 1 5 121
53 286 6 4 516
53 391 3 3 53
53 900 10 2 49
53 169 3 4 79
53 193 10 4 226
53 417 1 5 330
53 513 10 5 2284
53 556 9 3 94
53 661 5 4 130
53 677 4 4 296
53 794 7 2 27
54 147 8 4 838
54 246 9 2 29
55 113 5 2 18
55 719 10 3 109
55 157 3 3 49
56 279 5 3 36
56 210 8 2 37
57 90 2 4 72
57 268 3 4 336
57 473 4 4 243
57 545 7 7 37431
57 561 3 4 73
57 267 7 5 1817
57 878 6 4 153
58 129 4 4 92
58 449 1 5 584
58 297 10 4 497
59 114 1 4 24
59 471 6 3 53
59 60 10 3 82
59 129 8 3 61
59 402 10 1 15
59 467 1 4 76
59 596 2 2 6
59 255 2 3 12
60 293 1 4 65
60 454 4 3 38
60 584 1 6 797
61 113 5 3 44
61 949 8 1 13
61 290 2 4 72
62 645 8 4 686
62 649 1 4 43
62 66 8 2 21
62 198 3 4 92
63 522 3 4 79
63 613 3 4 82
63 420 9 2 38
64 305 5 5 638
64 746 4 4 274
65 193 1 4 28
65 195 5 3 49
65 198 4 2 18
65 204 8 2 24
65 273 4 3 44
65 371 10 3 70
65 466 5 4 172
65 482 5 6 6753
65 515 6 3 101
65 687 8 3 69
65 757 2 4 67
65 772 10 3 128
65 781 1 4 63
65 791 2 6 7783
65 85 1 4 59
65 105 1 5 385
65 214 8 4 184
65 247 10 3 119
65 387 9 3 62
65 483 9 3 51
65 490 2 4 144
65 573 1 4 85
65 581 6 3 43
65 586 8 4 181
65 587 4 3 63
65 673 1 4 68
65 738 6 2 18
65 853 4 2 18
65 929 7 3 54
65 860 9 2 33
66 97 9 2 34
66 105 9 4 787
66 119 3 3 27
66 219 5 2 18
66 242 5 3 92
66 266 1 5 387
66 275 5 3 87
66 422 6 3 70
66 516 8 4 415
66 572 2 3 13
66 615 10 3 117
66 73 7 3 114
66 86 2 3 23
66 233 1 4 82
66 513 2 3 14
66 514 5 5 814
66 726 1 4 103
67 141 3 5 1567
67 546 7 2 31
67 217 7 5 2989
67 241 7 4 304
67 409 8 3 52
67 410 3 3 48
67 519 6 2 24
67 667 8 4 366
67 190 5 5 3056
68 74 2 3 24
68 454 8 2 19
68 483 10 1 14
68 841 9 3 135
68 135 3 4 114
68 146 5 4 414
68 169 8 4 664
68 262 3 4 69
68 771 10 2 52
68 835 9 4 770
69 154 6 2 29
69 193 3 4 141
69 227 7 3 80
69 285 4 4 316
69 323 4 7 24063
69 577 2 3 30
69 115 3 4 142
69 145 4 4 334
69 169 3 6 4101
69 257 1 4 40
69 403 7 4 253
69 431 7 1 7
69 550 8 3 101
69 601 7 6 10070
69 769 4 4 207
69 871 4 3 76
70 139 7 3 107
70 277 2 4 77
70 467 9 4 346
70 530 8 3 174
70 573 8 1 7
70 769 8 1 8
70 147 3 5 797
70 213 7 3 124
70 257 7 3 87
70 517 6 4 142
70 661 10 4 378
70 820 9 3 184
70 493 9 3 71
71 110 9 3 163
71 213 7 2 30
71 432 2 3 13
71 609 2 4 109
71 643 1 4 82
71 647 9 3 149
71 649 8 4 263
71 673 4 2 21
71 102 5 5 745
71 619 1 4 23
72 265 1 4 67
72 410 4 3 37
72 701 5 3 35
73 281 4 3 50
73 438 9 4 259
73 534 8 2 30
73 962 2 3 17
73 141 6 3 95
73 170 8 2 20
73 193 5 2 10
73 262 7 4 224
73 517 3 6 4557
73 578 10 5 1941
73 853 2 3 30
74 641 10 3 142
74 871 5 3 66
74 1000 10 2 20
74 271 4 5 1350
74 387 10 1 16
74 638 4 2 9
74 644 9 5 1194
74 801 1 4 67
74 816 3 4 198
74 936 9 2 19
74 980 7 4 195
75 513 4 3 56
75 549 10 2 51
75 601 9 3 59
75 769 9 3 159
75 1013 1 4 60
75 85 1 3 20
75 326 6 3 73
75 539 3 5 367
76 260 4 2 10
76 577 1 4 47
76 299 2 3 21
76 386 10 2 42
77 77 10 5 3927
77 85 9 1 8
77 134 3 4 82
77 263 1 4 66
77 587 6 4 413
77 856 2 4 78
77 90 2 3 11
77 121 6 3 58
77 577 9 4 231
77 620 8 5 1182
77 629 8 3 43
77 649 3 2 14
77 705 10 3 160
78 257 4 4 159
78 268 8 5 1393
78 451 5 5 979
78 457 8 1 10
78 310 10 3 123
78 376 3 3 20
79 289 2 3 17
79 518 8 2 15
79 785 1 4 44
79 920 7 3 41
79 103 6 2 18
79 131 9 3 157
79 300 8 3 48
80 166 1 6 2346
80 387 6 5 1529
80 658 8 3 59
81 83 10 2 52
81 133 2 2 9
81 212 1 5 317
81 529 4 4 97
81 678 10 4 516
81 921 3 5 650
81 97 7 2 20
81 123 2 4 96
81 207 7 3 123
81 233 6 3 97
81 323 1 4 73
81 395 4 4 245
81 403 8 3 136
81 580 9 1 8
81 606 5 3 32
81 690 3 2 15
82 808 8 5 3308
82 853 1 6 2585
82 137 6 4 286
82 161 6 2 27
82 197 7 4 332
82 522 4 3 58
82 617 8 3 56
83 281 4 4 320
83 284 8 1 12
83 723 10 3 66
83 654 1 4 25
84 116 3 3 30
84 125 6 5 2843
84 305 5 3 44
84 618 7 1 6
84 785 6 2 29
84 336 8 3 61
85 217 8 5 1509
85 491 10 4 347
85 113 4 3 63
85 135 3 4 188
85 297 6 4 150
85 539 9 3 124
85 778 7 4 164
86 661 5 6 15516
86 913 10 2 29
87 235 7 6 7132
87 525 2 5 992
87 219 1 4 95
87 531 4 4 181
87 837 9 3 95
88 354 1 3 22
88 463 9 3 97
88 513 1 5 498
88 516 8 3 73
88 140 9 2 19
88 165 7 3 111
89 331 5 2 23
89 783 1 4 106
89 130 5 4 157
89 209 3 4 203
90 347 4 3 24
90 552 2 4 95
91 275 3 4 257
91 844 7 3 121
91 978 5 3 68
91 989 4 4 164
91 849 5 2 9
92 155 9 3 56
92 653 8 3 141
92 952 8 3 66
92 93 3 5 697
92 238 2 3 12
92 597 7 4 187
92 476 3 5 411
93 449 8 4 178
93 600 1 4 37
94 135 6 4 163
94 670 5 3 48
94 516 6 4 274
94 500 8 3 67
95 870 1 4 103
95 955 1 4 76
95 133 9 3 76
95 146 5 2 10
95 521 7 2 28
95 935 1 5 123
97 104 9 3 165
97 149 3 3 43
97 209 6 2 13
97 221 4 2 20
97 277 6 3 131
97 305 4 3 73
97 322 6 2 13
97 357 8 3 55
97 548 5 2 24
97 777 4 3 79
97 821 7 4 314
97 513 9 3 84
97 561 9 3 68
97 579 1 4 58
97 841 1 3 10
98 131 4 4 113
98 145 10 2 43
98 168 9 3 55
98 196 3 3 31
98 287 7 4 348
98 474 6 4 507
98 526 4 3 48
98 182 9 2 24
98 257 2 4 79
98 529 1 6 1527
98 550 4 3 25
98 743 6 3 40
98 801 9 3 136
99 353 4 3 31
99 402 7 5 1325
99 672 6 3 124
99 929 5 4 188
99 169 1 4 41
99 202 2 4 55
99 275 4 4 129
99 404 1 4 71
99 649 3 3 49
99 717 10 1 8
100 118 4 2 9
100 135 2 5 428
100 250 2 4 57
100 538 9 3 161
101 129 2 3 25
101 295 5 2 9
101 753 7 3 67
101 769 4 3 51
101 902 5 4 146
101 179 9 4 220
101 198 1 6 4475
101 260 5 2 14
101 337 2 3 22
101 514 3 4 180
101 572 5 4 120
101 723 2 4 104
102 125 10 4 228
102 162 1 5 125
102 170 4 4 168
102 393 6 2 14
102 600 1 4 32
102 282 7 3 136
102 416 1 3 20
102 459 8 4 395
102 777 9 3 155
103 167 7 4 403
103 265 6 2 29
103 152 9 4 739
103 554 8 2 20
104 705 6 3 121
105 133 9 3 51
105 314 7 1 9
105 513 3 4 69
105 674 9 3 81
105 159 4 5 1224
105 168 4 4 89
105 286 3 3 32
105 561 8 3 151
105 627 5 4 158
105 722 4 3 45
105 723 6 5 2097
105 805 4 3 22
105 835 2 4 90
106 297 7 5 2030
106 780 7 5 1126
106 410 8 2 37
106 457 6 4 445
106 566 10 5 1645
106 681 8 3 131
107 517 10 4 922
107 653 2 3 15
107 118 7 2 20
107 305 8 2 32
107 325 10 2 38
107 341 10 3 61
107 841 10 1 16
108 130 1 5 124
108 113 3 3 48
109 134 1 5 131
109 515 7 2 25
109 826 3 3 20
109 651 7 3 135
109 709 8 2 18
110 708 3 3 39
110 315 6 3 86
111 691 2 4 213
113 166 2 3 30
113 777 8 2 26
113 213 2 2 10
113 372 4 6 3919
113 492 1 5 174
113 514 4 4 232
113 905 3 3 45
115 417 6 3 60
115 453 1 5 282
115 498 1 6 1315
115 873 10 3 126
115 421 3 4 67
115 627 6 4 560
116 601 4 3 28
116 898 9 4 467
117 144 6 3 94
117 276 4 5 1029
117 327 8 4 709
118 804 10 2 23
119 566 7 4 458
120 447 1 5 128
120 837 7 4 581
121 194 1 4 95
121 579 3 2 9
122 537 8 5 2125
122 523 4 1 7
122 678 7 3 41
123 186 9 5 1253
123 295 1 4 49
124 601 1 4 89
125 305 5 3 42
125 349 10 3 85
125 745 2 3 26
126 269 4 3 55
126 612 1 4 35
128 999 3 3 37
129 135 6 3 83
129 201 6 3 94
129 209 7 3 41
129 321 8 1 10
129 363 3 5 606
129 376 7 4 166
129 377 3 5 1469
129 434 6 3 37
129 454 9 2 23
129 629 10 2 44
129 771 5 3 62
129 807 7 2 24
129 178 10 2 39
129 278 8 4 519
129 349 2 5 332
129 772 2 4 67
130 164 4 5 564
130 585 10 3 95
130 708 7 4 238
130 584 10 5 6737
130 655 8 3 167
130 673 3 3 40
130 913 6 4 435
130 1005 1 6 2136
131 273 1 5 170
131 274 8 2 20
131 369 1 6 1121
131 521 6 4 200
131 529 7 4 598
131 533 5 5 804
131 541 9 2 25
131 676 5 4 199
131 773 5 2 18
131 981 2 4 111
131 149 1 5 406
131 233 7 2 31
131 760 7 3 114
131 863 2 4 102
131 964 5 3 106
132 582 5 4 292
132 194 2 3 18
132 261 8 2 22
132 297 4 2 13
132 522 2 3 22
132 903 8 4 309
132 962 1 4 23
133 138 4 3 26
133 373 10 5 1349
133 517 1 6 4418
133 714 9 3 56
133 917 5 3 70
133 958 6 5 1560
133 152 1 3 16
133 289 1 4 97
133 398 2 4 131
133 518 9 4 588
133 531 6 4 136
133 567 7 2 29
133 843 6 3 113
134 139 10 4 303
134 615 9 4 400
134 157 2 4 104
134 276 2 2 10
134 577 6 2 14
134 801 1 5 170
135 209 2 4 78
135 225 7 3 42
135 378 2 4 49
135 391 8 4 493
135 517 4 4 323
135 769 2 4 99
135 263 9 3 156
135 293 7 1 9
135 356 4 4 132
135 486 7 2 18
135 526 3 2 15
135 533 1 4 88
135 807 8 3 80
136 259 3 5 1119
136 545 4 3 29
136 141 3 5 640
136 705 10 3 54
137 161 8 4 380
137 483 8 1 14
137 611 8 2 30
137 658 3 4 83
137 685 5 4 271
137 832 8 4 240
137 283 5 5 596
137 453 1 4 103
137 553 6 5 2591
137 579 4 3 71
137 580 9 3 56
138 149 3 5 966
138 257 10 1 11
138 260 5 5 851
138 326 8 5 930
138 679 2 4 48
138 779 6 4 365
138 177 2 3 13
138 555 9 4 537
138 907 2 4 95
139 267 8 4 519
139 416 10 2 42
139 591 8 5 1194
139 903 3 4 122
139 217 3 4 78
139 259 5 3 41
139 354 6 4 237
139 538 2 4 50
140 427 8 5 1794
140 866 8 4 212
140 149 2 5 384
141 144 5 4 161
141 169 9 5 1807
141 465 3 2 10
141 725 5 5 1530
141 777 5 3 102
141 202 5 3 81
141 301 1 4 91
141 620 5 3 51
142 522 3 3 45
142 955 3 3 30
142 151 7 4 462
142 166 4 7 22522
142 185 10 3 117
142 549 10 3 148
142 713 2 4 141
143 642 1 5 331
143 724 5 3 76
143 787 8 5 962
143 480 7 3 60
144 145 6 3 35
144 188 6 2 17
144 287 5 3 105
144 643 3 2 12
145 249 7 3 38
145 258 7 4 174
145 419 9 1 10
145 434 9 3 151
145 521 9 1 7
145 801 6 3 77
145 161 1 6 935
145 172 1 5 525
145 179 3 2 10
145 401 1 3 19
145 529 9 2 25
145 721 9 3 113
146 185 9 5 1312
146 217 3 2 10
146 274 2 3 18
146 393 4 4 180
146 514 1 3 17
146 577 8 3 88
146 326 4 3 50
147 147 9 3 128
147 397 10 5 1629
147 911 10 2 39
147 149 5 3 49
147 201 9 4 752
147 443 7 2 27
147 550 5 3 68
147 723 1 6 1243
148 514 3 3 18
148 523 4 3 52
148 388 5 4 195
148 592 3 4 336
148 834 7 4 175
149 279 8 4 189
149 465 7 5 1540
149 516 1 5 293
149 913 3 5 400
149 530 4 4 365
149 593 7 3 41
149 835 5 6 4744
149 910 8 3 76
150 634 1 5 403
150 650 10 3 126
150 348 4 4 384
151 161 4 3 85
151 657 2 3 27
152 208 9 2 39
152 251 1 4 81
152 154 9 4 308
152 545 4 4 112
153 181 9 2 24
154 172 10 2 23
154 593 6 5 748
154 599 7 3 122
154 834 6 2 30
154 962 7 3 138
154 513 9 2 46
155 597 9 3 68
156 777 6 4 525
156 440 6 2 26
157 522 10 3 87
157 815 2 4 46
157 243 5 3 69
157 258 3 2 7
157 290 5 1 5
157 315 8 1 11
157 385 4 4 156
157 529 2 5 400
157 683 3 3 61
158 405 2 4 106
158 227 4 3 51
158 516 2 4 160
159 387 7 4 435
160 527 4 5 696
160 525 1 5 548
161 453 5 5 611
161 645 4 5 1288
161 802 2 5 1179
161 163 1 5 419
161 257 4 3 73
161 339 2 3 42
161 387 6 2 26
161 406 7 5 3050
161 515 2 4 111
161 545 5 4 188
161 641 7 3 73
162 327 6 4 144
162 377 2 4 222
162 525 8 1 13
162 577 2 4 117
162 718 3 4 142
162 899 4 5 1033
162 185 8 3 45
162 426 5 1 6
162 639 7 2 24
162 707 8 4 346
162 815 10 3 95
163 291 9 4 238
163 307 8 4 309
163 518 5 3 75
163 194 7 2 24
163 273 9 3 57
163 293 8 2 30
163 364 4 4 191
163 563 7 1 12
163 901 5 4 124
164 228 6 3 50
164 362 1 3 21
164 602 6 4 166
164 306 8 3 103
164 669 2 4 109
165 218 1 4 50
165 265 3 5 1701
165 281 7 4 618
165 330 6 2 25
165 482 10 3 58
165 637 3 4 273
165 647 2 3 12
165 521 5 3 56
165 876 3 4 87
166 398 1 5 124
166 260 5 5 1313
166 873 6 3 88
166 945 10 1 10
167 687 1 6 1679
168 290 7 3 52
168 385 6 3 86
168 457 7 3 71
168 713 8 3 140
168 298 2 3 43
168 325 9 3 154
169 481 5 2 24
169 343 3 2 12
169 359 1 4 59
169 385 6 4 188
169 561 5 3 30
170 352 8 3 65
170 515 8 2 17
170 339 2 5 652
170 517 2 4 211
170 549 3 4 73
171 613 5 4 416
171 722 2 4 206
172 811 1 3 17
172 529 5 5 634
173 570 5 4 169
173 665 8 2 16
173 577 3 3 55
174 262 5 3 48
174 513 9 4 214
174 525 2 6 1439
175 494 6 4 199
175 583 8 6 7022
176 864 7 3 74
177 271 4 5 535
177 274 4 3 30
177 825 3 4 82
177 865 1 4 27
177 917 8 2 35
177 933 2 4 64
177 221 10 3 195
177 600 3 4 216
177 609 10 2 40
178 281 4 4 203
178 561 5 3 63
178 612 2 4 75
178 745 6 3 63
178 193 8 4 316
178 269 7 3 85
178 518 7 2 28
179 581 3 4 334
179 798 6 3 68
180 430 3 3 38
180 325 8 3 57
180 999 10 4 720
181 601 10 3 163
181 974 10 1 11
181 971 7 3 50
182 332 9 4 454
182 769 7 3 68
182 965 6 4 593
182 641 5 3 39
183 301 2 5 399
183 673 10 1 13
183 729 2 3 44
185 665 9 4 501
186 392 8 2 35
186 609 4 5 585
187 273 5 4 120
187 583 4 3 35
188 801 8 4 247
189 200 5 3 75
189 345 9 3 61
189 849 7 3 84
193 389 8 2 28
193 393 3 3 53
193 525 3 3 52
193 537 8 4 299
193 714 4 2 20
193 899 3 4 208
193 905 6 2 19
193 1000 7 4 235
193 269 7 3 57
193 326 7 2 35
193 642 4 3 26
193 967 1 5 226
194 376 9 3 136
194 423 4 3 45
194 719 7 3 58
194 776 3 5 382
194 263 10 3 62
194 377 5 3 76
194 577 5 3 49
194 781 7 4 369
194 1010 4 4 184
195 322 2 4 58
195 593 1 5 193
195 678 2 3 22
195 429 1 4 26
195 907 7 1 8
196 646 8 4 381
196 852 9 2 44
197 287 3 3 35
197 378 1 4 50
197 199 10 3 165
197 323 10 2 26
197 906 3 3 55
197 925 5 3 30
198 298 1 4 24
198 593 7 4 339
198 612 1 3 13
198 770 9 2 43
198 359 3 4 98
198 434 1 3 22
198 461 8 1 8
198 967 4 2 20
199 813 3 4 71
200 788 2 5 382
201 446 8 2 20
201 578 4 2 18
201 925 6 3 72
201 325 6 3 39
201 728 7 1 8
201 778 7 3 98
201 843 1 4 69
201 921 9 4 400
202 658 9 3 94
204 655 5 3 79
204 431 2 3 25
205 521 5 6 3873
205 331 10 1 8
206 458 7 3 106
206 453 10 3 89
206 665 7 4 304
206 947 1 4 105
206 976 2 4 46
207 531 7 5 1344
207 242 9 2 47
207 387 9 4 686
209 535 10 3 125
209 273 4 3 37
209 483 2 4 129
209 586 5 2 21
210 514 5 4 209
210 565 6 3 35
210 405 9 3 52
210 546 2 3 42
211 883 8 4 302
211 610 3 5 835
211 649 7 1 10
211 907 1 4 39
212 395 10 3 190
212 468 3 3 22
212 771 6 2 19
212 823 2 4 147
213 263 10 4 228
213 286 9 2 28
213 674 7 4 189
213 234 1 3 14
213 257 6 2 27
213 305 5 4 305
214 386 3 3 16
214 184 3 3 29
215 370 7 3 43
215 586 3 5 385
215 386 1 5 304
217 793 10 2 36
217 651 6 2 14
217 915 4 2 9
218 924 9 4 518
218 586 10 3 118
220 390 5 4 480
221 659 1 5 149
221 761 3 3 55
223 533 5 4 118
223 853 8 4 599
223 578 10 1 11
223 782 2 4 225
223 571 8 2 36
225 289 8 2 33
226 258 5 3 105
226 317 10 3 103
226 949 5 4 221
226 273 6 3 121
226 610 2 6 6136
227 260 9 4 622
227 473 3 5 369
227 546 6 3 103
227 659 3 4 69
227 769 6 4 140
227 783 5 3 67
228 337 7 5 976
228 593 6 4 239
228 839 7 4 209
228 729 6 2 21
229 295 2 4 151
229 577 9 3 93
230 522 5 3 49
230 701 8 2 18
231 932 8 3 164
232 262 2 3 35
232 291 7 1 7
232 297 1 3 9
232 620 8 1 14
232 905 3 5 999
232 990 10 5 6346
233 481 8 4 516
233 807 6 3 129
234 913 10 3 194
234 974 8 5 2361
234 518 9 3 102
235 849 6 3 129
235 918 2 4 216
235 273 9 4 564
235 523 7 3 93
236 282 8 4 232
236 646 8 4 331
236 741 4 3 57
237 578 8 3 44
237 822 4 3 25
238 679 9 1 5
239 621 2 6 5396
239 643 6 3 47
240 371 4 4 309
240 561 9 3 160
241 800 3 4 333
241 915 8 6 5931
241 448 6 3 101
242 246 2 8 93541
243 267 10 3 130
244 257 10 3 197
245 357 2 4 150
245 933 4 5 521
245 537 10 2 34
245 662 10 2 40
246 706 10 4 591
247 641 1 4 45
248 627 8 1 8
249 291 6 3 33
249 558 7 5 877
249 903 9 3 172
249 906 7 2 18
254 637 9 3 112
254 819 1 5 452
254 792 3 4 70
257 263 5 2 22
257 313 5 4 447
257 345 8 4 760
257 417 10 3 139
257 513 10 4 985
257 523 1 5 158
257 617 5 2 20
257 706 9 5 2037
257 765 1 5 222
257 773 7 4 182
257 805 7 5 3715
257 905 4 4 121
257 964 1 5 172
257 993 9 1 11
257 261 6 4 323
257 294 8 4 216
257 473 9 1 13
257 541 5 3 54
257 771 5 4 221
257 857 4 4 94
258 269 10 2 28
258 273 2 6 7426
258 545 9 5 3971
258 681 8 3 55
258 807 6 2 22
258 913 10 1 15
258 921 3 4 116
258 946 10 3 65
258 538 8 2 27
258 573 7 2 23
258 653 6 1 9
258 676 9 2 40
258 761 3 5 884
258 786 3 3 65
258 930 9 2 21
259 266 10 2 26
259 674 3 4 163
259 811 4 4 112
259 881 3 3 18
259 279 5 2 18
259 291 6 3 83
259 305 1 4 108
259 330 9 2 17
259 641 9 4 278
259 723 10 2 23
259 879 4 4 227
259 272 6 5 805
260 269 4 5 1053
260 328 3 4 109
260 533 6 5 776
260 273 8 2 34
260 657 5 2 9
260 675 6 4 256
261 296 7 2 28
261 523 2 5 266
261 546 7 5 2699
261 679 4 4 153
261 979 4 3 25
261 297 10 3 61
261 530 10 2 35
261 666 6 3 62
261 693 1 4 54
261 742 4 5 2697
261 867 3 4 170
261 1001 1 4 34
262 357 4 3 49
262 673 2 3 21
262 996 7 3 75
262 426 9 3 89
262 626 6 2 19
262 753 8 4 292
262 939 2 4 128
263 907 2 5 374
263 1014 10 3 131
263 322 9 3 81
264 547 4 4 106
265 297 5 6 4495
265 321 8 2 17
265 569 5 2 25
265 266 7 3 83
265 815 4 3 37
265 836 6 1 6
265 872 1 4 43
266 340 8 4 464
266 633 5 5 637
266 335 1 4 45
266 465 10 3 140
266 548 6 3 107
266 615 2 4 215
267 273 7 3 69
267 327 3 5 416
267 337 3 5 754
267 505 5 5 1179
267 362 1 4 113
267 513 9 4 582
267 253 5 4 256
268 524 1 4 55
268 582 6 2 27
268 505 2 2 10
269 513 8 5 1048
269 525 7 3 51
269 578 4 2 19
269 986 3 2 9
270 445 10 4 351
270 641 5 1 8
270 489 4 3 34
271 533 8 3 89
271 643 10 3 62
273 281 8 1 12
273 379 5 3 40
273 521 10 3 100
273 555 10 3 71
273 641 10 3 147
273 685 8 2 20
273 900 3 2 9
273 323 3 4 316
273 343 2 3 26
273 922 6 5 754
274 582 7 2 34
274 694 5 4 212
274 810 6 5 1400
274 904 6 6 14399
274 516 3 2 15
275 335 10 3 55
275 302 1 3 13
275 793 8 4 331
275 933 6 2 16
276 402 1 4 85
276 486 6 4 527
276 513 10 3 167
276 387 9 3 69
277 289 2 5 258
277 393 1 5 217
277 395 9 4 417
277 539 3 4 220
277 629 8 3 117
277 662 2 3 41
277 484 8 3 78
277 591 6 5 1997
277 908 4 5 688
278 386 10 3 65
278 402 9 3 56
278 770 4 3 24
279 531 3 4 71
279 657 6 4 439
279 684 7 4 161
280 902 1 5 195
280 417 6 4 318
280 510 3 3 37
281 601 1 4 38
281 675 1 5 118
281 327 8 3 82
281 745 5 3 94
281 252 2 5 294
282 518 8 1 14
282 607 6 3 130
282 833 4 5 636
283 577 1 9 533069
283 718 8 1 10
283 788 3 5 913
284 515 6 4 157
284 713 8 3 173
285 836 1 4 68
285 402 3 4 177
286 483 5 6 4238
287 625 6 1 6
287 833 8 3 85
287 1002 9 2 20
287 890 9 4 645
288 449 6 4 387
288 803 9 1 9
288 814 5 2 17
289 293 2 4 171
289 342 8 3 51
289 546 3 4 80
289 777 8 2 38
289 297 5 3 58
289 335 4 3 40
289 355 7 6 16191
289 421 6 3 107
289 482 3 4 173
289 550 4 5 715
289 608 10 4 259
289 675 7 3 56
289 738 8 5 986
290 346 7 3 65
290 469 10 4 746
290 473 6 3 54
290 649 4 4 108
290 754 5 5 1203
290 789 9 4 724
290 647 6 4 164
291 329 9 2 45
291 389 9 3 51
291 652 1 4 32
292 611 1 3 21
292 769 9 4 424
292 968 6 2 18
292 300 3 3 17
292 962 5 4 228
293 525 7 5 1633
293 594 3 4 77
293 304 8 4 340
293 305 1 4 73
293 417 5 3 94
293 533 4 4 343
293 578 10 5 2281
293 705 10 1 8
294 961 10 3 90
294 622 3 4 274
295 743 9 5 4361
295 865 8 2 39
295 713 6 2 11
297 337 3 3 19
297 410 2 4 76
297 517 2 5 775
297 348 2 3 15
297 521 9 2 20
297 555 8 1 13
298 326 8 3 59
298 390 8 2 27
298 545 7 4 158
298 743 10 3 197
298 388 6 4 361
299 801 2 3 21
299 405 10 3 110
300 496 9 5 1720
300 631 1 6 899
301 468 9 1 13
301 591 6 4 223
301 761 5 3 32
302 778 7 3 40
302 649 4 3 87
303 809 4 4 125
305 514 5 5 2829
305 833 6 3 83
306 577 3 5 682
306 398 8 4 249
307 551 4 4 108
307 919 5 3 66
308 515 5 5 1167
309 584 3 4 229
309 641 9 2 34
309 693 2 4 55
309 833 3 5 364
309 849 2 4 52
309 851 7 3 86
310 775 7 3 39
310 703 5 4 138
311 937 10 4 260
313 515 7 3 66
313 385 6 1 8
313 802 3 6 2597
314 348 2 3 14
314 849 2 4 97
314 901 2 4 66
314 970 9 3 185
315 377 3 3 44
315 519 1 4 90
316 740 5 2 23
316 321 6 5 1276
316 514 10 5 1173
317 453 5 3 28
317 362 10 4 261
317 930 6 3 47
317 939 7 1 7
317 1014 7 4 352
319 533 9 3 95
319 915 9 1 15
319 778 6 2 18
321 408 7 4 777
321 429 4 3 62
321 469 7 1 7
321 642 2 3 14
321 721 7 2 26
321 922 7 3 74
321 928 6 3 35
322 338 6 4 235
322 769 9 3 82
322 835 3 5 529
322 1009 6 1 10
322 450 9 2 40
322 977 1 4 26
323 417 4 4 236
323 900 9 2 31
323 903 7 3 137
323 593 7 3 98
323 727 10 5 1542
324 361 8 3 71
324 516 8 2 20
324 722 8 5 1001
325 514 7 2 19
325 531 1 7 8041
325 789 5 2 16
325 985 9 4 234
326 615 10 3 93
326 721 2 6 1731
326 531 1 4 83
326 577 5 4 137
326 710 5 3 29
327 444 8 4 189
327 769 1 4 23
327 807 6 5 1219
328 676 7 4 203
328 699 6 4 228
329 854 9 2 22
329 521 4 5 1048
329 833 7 5 1087
329 907 1 5 478
330 837 2 5 288
331 779 9 2 32
331 897 3 4 84
332 513 1 5 142
333 457 2 4 50
333 644 3 6 10432
333 385 3 3 48
333 389 8 4 738
333 506 1 5 228
333 731 9 2 16
333 789 5 4 299
333 869 7 3 60
334 380 1 5 284
334 962 2 4 84
334 256 3 5 962
335 489 9 2 47
336 392 1 4 37
336 602 9 2 29
337 577 9 3 130
337 633 3 4 201
337 393 4 2 20
337 899 1 4 35
338 353 1 4 27
338 769 7 4 296
338 834 1 6 1307
338 805 9 2 21
340 381 4 4 103
340 717 4 5 823
340 904 7 3 110
340 992 7 3 123
341 705 9 3 107
341 764 1 5 131
341 514 8 1 12
341 884 4 4 90
342 577 7 3 91
343 537 8 2 34
345 677 7 2 37
345 529 1 5 268
345 542 3 4 151
346 729 4 3 22
346 993 8 3 121
349 396 9 2 24
350 943 6 2 29
351 729 8 2 15
351 770 2 4 90
353 410 7 4 336
353 420 3 4 91
353 515 3 3 47
353 681 9 3 135
353 795 5 3 56
353 861 5 5 2014
353 373 8 4 752
353 969 10 3 66
354 390 6 3 52
354 685 10 1 11
355 837 7 3 60
355 970 3 4 324
355 561 1 4 92
355 586 5 3 30
355 710 9 1 4
356 635 7 1 6
357 801 1 5 327
357 831 8 3 142
358 434 5 4 202
358 642 3 3 37
358 691 2 3 36
358 517 2 5 251
359 961 8 3 44
359 1019 2 6 2571
361 515 8 5 1572
361 556 3 4 178
361 733 10 4 627
361 785 10 2 48
361 811 4 3 79
361 875 8 2 34
361 969 9 2 19
364 425 7 6 12838
365 741 4 3 26
367 658 8 2 15
367 989 5 3 82
368 457 4 3 22
369 739 2 2 9
369 926 3 4 126
369 454 3 3 36
370 641 4 2 20
370 649 1 4 104
371 558 2 4 79
371 573 4 3 77
371 657 2 3 29
371 705 8 4 378
371 842 3 4 151
372 706 7 2 31
372 773 8 2 26
372 577 2 6 3605
372 1021 8 1 6
375 618 6 3 60
375 663 4 4 260
377 457 8 4 286
382 532 4 4 233
382 758 2 3 20
383 563 6 2 20
385 424 3 5 434
385 458 7 3 72
385 482 2 3 35
385 532 4 4 308
385 572 3 4 78
385 598 2 4 61
385 693 5 3 45
385 842 8 2 20
385 963 8 1 13
385 656 5 3 73
385 929 6 2 31
386 514 5 3 62
386 564 7 2 13
386 517 1 4 91
386 570 8 4 450
386 597 8 4 405
386 689 5 2 22
386 1021 9 3 63
387 682 8 1 9
387 847 3 4 68
387 850 9 3 54
387 913 4 3 84
387 747 3 4 123
388 546 2 4 77
388 1017 9 1 13
388 598 4 5 1261
388 645 10 2 27
388 806 10 7 130968
389 647 3 6 3437
389 837 9 3 90
389 913 1 5 117
390 597 3 6 3328
390 586 8 1 10
390 590 4 2 8
390 779 3 4 254
391 567 2 3 38
392 462 1 3 9
392 801 8 4 523
392 849 2 4 109
392 1006 2 3 23
393 554 7 2 31
393 675 4 5 1476
393 825 10 4 333
393 836 4 3 50
393 895 7 3 94
394 462 3 3 20
394 578 7 2 24
394 608 2 4 110
394 723 3 6 2654
395 591 5 2 23
395 811 1 4 30
396 559 4 4 162
396 648 10 1 14
397 455 9 2 22
397 537 5 2 19
397 547 4 4 227
397 778 3 3 18
397 916 2 5 837
397 961 6 2 26
398 519 7 4 382
398 694 7 3 86
399 944 1 5 180
399 434 9 3 131
399 723 1 5 159
400 828 10 1 10
401 713 8 1 10
401 422 3 4 241
401 558 2 4 201
401 320 7 1 10
402 674 3 5 389
402 933 4 3 31
402 515 6 4 298
402 545 6 3 47
402 578 2 5 1029
402 675 2 5 258
403 770 3 3 25
406 409 9 5 2355
406 783 1 6 2253
407 678 8 2 39
407 929 3 4 122
407 529 3 2 8
408 592 7 3 50
409 577 1 4 62
410 418 10 2 31
410 889 3 5 593
410 557 5 2 19
411 521 6 4 520
411 564 4 5 1197
413 537 7 5 829
414 641 1 4 48
415 933 4 4 92
417 532 5 2 20
417 833 10 2 23
417 482 10 2 32
417 545 7 5 888
417 811 4 4 117
418 578 8 4 308
419 556 9 3 48
419 628 10 3 79
420 845 2 3 12
421 425 4 3 58
421 539 2 5 307
421 546 10 2 50
421 513 5 3 60
421 903 5 2 16
422 641 10 3 85
423 737 6 2 21
423 796 1 6 2288
424 652 5 4 216
424 530 10 3 95
425 482 2 3 13
425 984 6 4 180
426 747 5 4 416
426 777 4 3 28
426 470 2 3 37
426 535 2 3 28
427 645 8 2 31
427 687 8 3 47
428 581 3 4 112
428 548 5 4 516
428 833 8 1 8
429 621 4 2 16
429 881 4 3 80
430 545 2 4 62
430 594 2 3 26
432 602 4 3 30
432 916 7 4 285
433 585 9 2 21
433 1015 6 4 233
434 497 5 4 177
434 800 6 6 9844
434 805 7 3 138
436 762 9 3 186
437 598 1 5 219
437 642 4 4 187
437 521 10 1 11
438 455 2 3 40
439 513 2 4 65
443 692 5 4 259
443 517 1 6 2331
445 770 5 3 66
445 802 6 3 70
445 562 5 2 13
446 1018 9 3 187
447 630 6 2 28
449 514 3 5 382
449 656 7 3 131
449 374 6 3 119
451 451 5 4 126
451 522 10 3 71
451 617 3 5 1040
451 681 7 3 39
453 489 3 4 182
453 513 9 4 322
453 514 10 2 28
453 515 9 4 254
454 662 5 2 23
454 513 1 4 31
455 635 4 4 116
455 783 7 2 34
456 641 10 1 10
457 775 8 4 211
457 909 1 4 24
457 946 6 2 27
458 907 6 5 3920
458 572 9 2 23
459 744 5 5 809
461 463 1 5 663
461 567 9 3 120
461 707 7 4 176
462 626 2 4 77
462 902 2 4 101
463 517 5 4 143
463 642 2 4 162
464 917 3 2 15
465 929 4 4 125
465 669 5 5 2192
465 723 10 3 122
466 532 1 5 677
466 762 4 5 880
466 903 3 3 20
467 441 5 8 582795
468 641 10 2 34
471 714 2 3 29
471 676 3 4 129
473 802 9 1 6
473 962 1 4 107
474 601 3 3 23
474 801 4 3 84
477 776 8 2 40
479 538 1 4 45
479 460 10 1 6
481 666 7 2 23
481 732 3 3 44
481 929 5 3 92
481 603 1 5 533
481 807 3 4 103
482 541 5 2 10
482 962 6 4 279
483 513 10 1 17
484 556 8 2 38
484 985 9 3 112
484 812 5 3 36
485 842 9 3 66
486 837 6 3 102
489 566 4 6 16642
495 753 10 3 145
497 979 2 5 828
497 782 4 2 19
497 312 2 4 193
499 794 2 3 34
502 520 6 4 151
503 769 2 6 2988
507 707 2 3 33
507 752 9 2 35
507 768 4 4 182
508 581 1 4 41
513 515 9 2 47
513 523 8 2 42
513 686 4 4 257
513 937 7 3 87
513 529 6 5 779
513 549 8 4 200
513 558 5 3 29
513 643 2 5 643
513 649 4 4 208
513 720 7 3 106
513 804 9 2 29
513 941 6 3 77
514 549 10 1 6
514 641 2 3 35
514 645 1 5 135
514 766 5 3 30
515 523 8 3 43
515 573 5 3 31
515 781 4 4 126
515 673 7 3 85
515 705 7 2 30
515 785 7 1 4
516 599 10 2 50
516 671 9 2 21
516 771 6 4 213
517 556 2 3 15
517 583 10 2 19
517 606 6 4 275
517 780 6 4 141
517 786 6 3 61
517 864 2 4 115
517 929 1 5 176
518 526 7 2 24
518 535 2 5 360
518 673 4 3 51
518 677 2 4 59
518 769 2 6 1537
518 519 10 3 100
518 520 9 2 32
518 530 9 1 10
518 696 4 4 113
519 833 3 3 26
519 929 7 2 21
520 945 1 4 31
520 968 9 5 4006
520 848 6 5 1757
521 786 2 4 59
521 813 8 2 16
521 897 1 5 205
521 525 6 5 976
521 530 10 1 13
521 546 6 1 8
521 591 1 4 101
521 767 1 4 43
522 547 8 3 65
522 555 4 2 11
522 561 7 4 327
522 610 2 4 108
522 562 9 4 273
522 787 6 4 342
523 550 5 3 30
523 653 8 2 30
523 531 7 2 37
523 570 3 4 76
523 609 4 4 99
523 694 4 4 118
523 749 6 5 1585
524 651 3 3 24
524 815 3 3 20
524 898 1 5 146
524 893 3 3 20
526 821 8 1 10
526 577 7 2 33
526 641 6 4 151
527 549 7 4 224
527 777 7 5 2719
527 610 9 3 102
527 809 10 2 50
528 714 4 2 16
529 581 9 4 943
529 583 10 3 98
529 612 4 7 23048
529 721 6 4 285
529 802 3 4 272
529 593 8 2 15
529 627 8 3 66
529 630 7 3 77
530 738 5 3 71
530 837 4 2 17
531 697 10 2 33
531 550 8 2 19
531 587 3 4 234
531 626 10 2 51
533 551 7 3 44
533 854 9 3 133
534 788 10 3 56
534 575 10 2 33
535 787 10 2 34
535 929 5 2 21
535 933 4 4 156
535 613 9 3 197
537 688 2 4 191
537 903 10 4 409
537 545 8 4 284
537 747 2 4 133
537 478 2 3 17
538 900 6 4 262
539 821 2 3 15
539 820 3 4 283
540 665 1 4 41
540 778 6 3 86
540 366 3 5 731
541 681 9 4 692
541 793 7 3 58
541 906 8 3 46
542 794 7 5 1586
543 545 2 4 158
545 552 3 4 164
545 598 5 4 116
545 719 4 3 38
546 744 2 4 106
546 915 1 4 100
546 841 4 4 119
547 613 2 6 1429
547 651 6 4 669
547 759 2 4 93
547 901 7 3 45
547 636 2 4 104
547 318 7 3 47
548 578 10 3 97
548 577 3 4 94
548 931 6 4 403
549 578 10 2 38
549 587 6 2 11
549 646 2 5 336
549 833 3 3 48
550 648 6 2 14
550 785 10 2 45
550 978 1 4 49
551 650 10 2 38
551 801 1 6 2010
553 641 1 4 37
553 657 2 5 322
553 933 7 1 12
553 781 5 3 94
553 905 10 2 49
553 939 10 3 68
554 934 8 4 455
555 579 6 3 89
555 778 10 3 63
556 967 8 2 23
557 680 7 3 130
558 558 3 4 167
558 771 7 1 5
558 939 5 4 201
558 560 4 3 72
558 596 2 6 1639
561 918 4 3 52
562 787 6 5 1552
562 994 10 2 39
562 846 8 3 162
563 978 6 2 20
563 993 6 3 114
563 601 10 2 23
563 643 5 2 15
565 657 2 6 3648
565 660 6 2 21
566 655 6 3 84
567 593 3 4 86
567 972 9 3 116
568 794 5 4 252
569 948 1 4 38
570 600 9 1 14
570 785 9 4 531
573 778 7 3 88
573 579 4 4 97
573 906 7 3 59
574 798 10 3 87
574 887 6 3 84
574 601 3 4 115
575 697 6 3 56
576 579 7 4 791
576 601 2 4 184
577 608 8 3 151
577 609 9 3 71
577 787 2 4 75
578 578 5 4 119
578 662 1 4 34
578 998 8 3 55
579 730 2 5 325
579 982 1 4 26
580 622 1 4 80
580 790 9 2 44
580 625 7 4 546
581 599 4 4 122
582 646 5 3 71
583 634 6 3 127
584 836 4 4 171
585 834 1 4 46
585 641 3 5 560
585 722 9 2 19
585 845 7 1 11
586 593 6 3 112
586 696 8 1 7
587 659 1 4 31
587 777 10 3 130
588 609 10 2 28
588 668 6 4 159
589 785 2 3 22
591 789 9 3 162
592 883 4 3 74
593 857 7 3 74
593 802 4 4 108
593 829 2 3 22
594 687 6 3 36
594 714 7 4 239
595 653 6 3 68
595 793 4 3 50
597 706 3 2 8
597 725 9 3 120
602 886 7 1 7
602 544 2 3 13
605 914 10 2 41
605 1007 2 4 110
605 785 10 3 67
605 797 5 3 108
607 808 10 5 2455
609 649 8 3 67
609 627 6 3 39
609 662 10 1 15
609 673 8 3 122
609 769 10 5 4737
609 778 6 2 29
610 769 5 5 1619
610 825 10 3 56
611 738 2 4 120
612 881 6 4 582
614 841 9 2 30
615 937 9 3 59
615 911 5 3 107
617 807 2 4 87
618 909 9 3 136
619 1005 4 2 15
624 1001 7 3 45
625 846 8 3 51
625 472 5 1 3
628 770 10 2 47
628 978 9 2 26
629 794 6 4 209
634 813 8 2 19
635 785 4 6 3798
641 660 6 4 228
641 733 10 3 70
641 939 8 4 463
641 953 1 4 32
641 659 2 5 502
641 770 8 4 234
642 678 6 3 103
642 778 1 5 158
643 725 9 3 50
643 802 2 3 14
644 776 7 3 85
644 1022 2 4 77
645 661 5 3 95
645 757 3 2 13
645 770 7 3 66
645 710 7 4 256
646 964 7 2 32
649 695 3 4 81
649 770 10 3 89
649 661 8 4 335
650 717 5 4 126
651 954 3 4 102
651 488 7 3 93
653 1003 4 3 69
656 762 1 4 85
656 995 8 2 40
657 834 1 4 34
657 674 1 5 524
658 932 2 3 41
658 934 2 6 7264
661 803 5 2 17
661 452 3 3 62
662 796 10 3 126
663 956 1 5 153
664 771 3 2 12
665 782 2 4 144
667 769 4 4 152
669 750 2 4 109
669 764 4 3 48
670 915 2 5 230
673 718 9 3 112
673 675 9 4 440
674 705 9 5 1026
682 855 1 4 102
685 1009 9 2 25
685 1004 10 1 5
693 915 3 4 132
695 769 7 2 37
695 932 2 3 27
695 977 9 1 4
697 886 10 3 144
698 711 6 4 263
698 777 5 3 53
700 899 10 3 148
700 1016 10 4 332
701 865 4 3 86
702 942 9 4 488
706 855 10 1 17
707 733 4 5 1213
708 779 8 5 3656
708 781 6 4 133
710 844 5 3 109
713 863 8 4 256
713 729 4 4 202
714 838 9 3 55
717 843 9 3 133
717 973 3 6 3406
721 804 9 4 918
721 931 5 2 22
729 512 1 3 11
730 975 5 3 110
731 127 7 3 49
733 835 3 3 26
737 769 5 4 153
737 900 7 3 135
739 971 10 2 49
739 769 8 3 109
741 779 2 4 135
741 802 9 2 27
741 1011 2 4 106
742 623 2 4 103
743 917 2 3 20
744 788 7 3 84
745 763 8 3 171
753 787 1 4 80
753 896 3 4 338
757 945 1 5 310
769 927 3 4 123
770 774 10 1 6
770 803 4 5 593
770 970 2 3 33
772 794 8 3 97
772 801 10 6 7448
772 942 1 5 430
773 987 7 6 15955
775 937 8 2 16
776 922 9 3 160
777 799 4 3 75
777 851 2 5 1370
777 915 6 3 120
778 809 2 4 76
778 917 8 3 75
778 360 3 5 415
779 813 7 2 25
779 883 8 3 59
780 805 4 3 60
780 977 2 3 27
781 902 3 3 48
782 806 9 2 29
784 933 7 4 379
784 891 4 5 1726
785 842 1 4 38
785 818 2 4 126
785 923 8 1 9
786 839 5 3 63
786 511 10 2 52
787 915 2 5 252
787 865 1 4 64
791 504 2 3 19
791 951 7 5 817
793 850 10 4 337
794 894 3 5 523
795 751 3 3 50
801 825 8 2 26
801 841 1 4 48
803 885 6 4 434
806 192 2 3 35
809 938 8 4 865
809 946 7 3 51
815 906 9 3 50
817 735 9 2 16
818 979 10 2 52
819 952 4 3 69
825 979 3 4 140
825 853 9 4 439
834 1000 10 2 27
835 913 1 4 28
837 997 9 3 118
844 940 1 5 139
845 959 1 4 33
845 892 8 2 31
847 957 2 4 216
849 900 3 3 16
849 1008 4 3 76
850 1019 9 4 287
850 475 6 3 45
857 867 3 4 78
868 999 5 4 145
869 897 2 5 293
873 704 4 2 21
881 862 4 2 15
885 640 10 3 92
889 905 3 2 7
889 384 5 3 32
897 912 3 4 88
898 1003 8 2 41
898 960 6 3 57
900 509 2 4 49
905 930 8 4 836
906 954 6 3 43
907 756 1 5 249
912 222 10 4 246
913 918 10 4 370
913 1003 2 4 51
914 830 9 3 99
915 969 1 4 51
920 748 9 3 136
933 950 7 4 395
938 966 9 2 17
961 715 8 1 13
963 988 5 2 13
964 880 6 3 88
979 882 10 1 17
1003 734 8 2 29
1012 224 9 2 34
1019 1020 4 4 96
928 191 9 4 273
476 344 2 4 92
735 435 8 4 634
896 604 4 2 14
