7802 3.540439255472039e-06 
8180 3.5052924305941915e-06 
3616 3.634872776214829e-06 
5315 4.056960599773215e-06 
1434 5.034495506553045e-06 
6446 3.5321889379542138e-06 
3550 3.0377345896863925e-06 
8959 3.539235836187289e-06 
2914 3.5461270568908043e-06 
7034 1.7084813842806322e-06 
8859 4.339078883016548e-06 
6650 3.546782746165114e-06 
5239 3.5270040161076554e-06 
9673 4.032642745804496e-06 
6396 3.2747008240532616e-06 
591 3.4981581653345263e-06 
8683 4.517396182690575e-06 
134 3.5572880400775247e-06 
3242 3.5463176436697654e-06 
8402 1.121631849291399e-08 
4670 3.5434506174508243e-06 
7798 3.6412555076099245e-06 
5425 3.568931578010593e-06 
2248 3.4641497715918823e-06 
3755 3.5563995239896564e-06 
9176 3.532627998830275e-06 
7332 3.5707894770628236e-06 
9263 3.540597127332116e-06 
3893 3.536871124304083e-06 
8593 3.588816367172316e-06 
931 3.5444681181255454e-06 
2348 3.53034537160673e-06 
6831 3.4198040560629644e-06 
531 3.906368965663967e-06 
8606 3.506000852306287e-06 
3859 3.4314476550916113e-06 
846 3.5855287381803423e-06 
2504 3.6389881865644877e-06 
612 3.4112926818104105e-06 
5015 3.53202816803985e-06 
8437 3.401011092865917e-06 
426 3.545411892395422e-06 
3611 3.2217262606209768e-06 
3542 3.1347600202740417e-06 
7252 2.3909258222337524e-06 
4105 3.3641461185992503e-06 
4534 3.457583790932538e-06 
6234 3.255016915285966e-06 
6046 3.5286621996619177e-06 
3811 3.56247148534849e-06 
8067 3.6133950925682367e-06 
7411 3.5466077380857883e-06 
5077 3.4796732261511954e-06 
1281 3.5090653840127396e-06 
5723 2.7170740842299527e-06 
6992 3.642300593844339e-06 
4667 3.564220233230343e-06 
6 3.50648656680936e-06 
4542 3.4018574995442387e-06 
3066 3.719851042957516e-06 
1417 3.4326646063527815e-06 
4900 5.456925730871225e-06 
2129 3.986864642450148e-06 
4652 3.5203288199725006e-06 
1162 3.5053574982358522e-06 
6885 3.566159464085163e-06 
5590 4.321119787466345e-06 
9085 3.3921797312550867e-06 
5277 3.519112075018847e-06 
5946 2.607171039910053e-06 
7059 3.442751082889736e-06 
2155 3.560436136178769e-06 
4309 3.5503866178486533e-06 
3058 2.7586874788849733e-07 
6935 3.391140081686138e-06 
3049 3.896681524235436e-06 
9853 3.5712848459773706e-06 
4756 3.5374307994543563e-06 
8940 5.3969291482146e-06 
456 3.5581037709757085e-06 
2943 3.4601109681345415e-06 
9579 2.3351020473073415e-06 
7748 7.338371870129621e-06 
4228 3.531499452778861e-06 
1292 5.9996753998973e-06 
8390 3.578104955672783e-06 
9814 3.5621131172519756e-06 
4481 3.4338971335133603e-06 
4738 3.3972090803433653e-06 
6382 3.5143319061866936e-06 
6966 3.5431200572226615e-06 
6521 3.650460335955163e-06 
7934 3.263198255162542e-06 
7289 3.606754990434935e-06 
1576 3.540912273379617e-06 
4637 3.537236905845895e-06 
1099 3.54626587537715e-06 
928 3.5400058230371217e-06 
7981 4.165505773534041e-06 
6861 3.4947780219237235e-06 
822 3.56025912085222e-06 
6339 3.566945899615639e-06 
6504 3.551304926077177e-06 
6965 3.631473313742362e-06 
3596 3.6037258841607213e-06 
1795 3.510779761891148e-06 
7416 3.4399846491605955e-06 
6902 3.7365140618267298e-06 
763 3.6115502174079815e-06 
6098 5.032045683452606e-06 
273 3.6067843930279465e-06 
9880 3.514389167913709e-06 
1130 3.6008994789947463e-06 
1479 5.255148656317177e-06 
4240 3.595126374378409e-06 
9491 3.6108638151188935e-06 
1045 3.553589378887104e-06 
4494 3.5757851795117725e-06 
5977 3.60531093936786e-06 
892 3.551594010318155e-06 
5652 3.261444934624449e-06 
568 3.5004966123762315e-06 
3776 9.430356483114894e-07 
2772 3.5429014712937497e-06 
5964 3.074214803079656e-06 
1783 3.5381477560475055e-06 
432 3.5916280650609894e-06 
3487 3.7679202397933766e-06 
9488 6.654134308101352e-06 
9405 3.5729026374953337e-06 
2643 3.39470100590768e-06 
6110 3.635674527150261e-06 
5915 3.276688262580475e-06 
2172 3.551235962397591e-06 
7994 3.5591254305396045e-06 
286 3.5784366956304358e-06 
8951 3.377669262685412e-06 
6524 3.3019223053296674e-06 
4270 3.619668525579819e-06 
9903 1.6866570020318908e-07 
4109 3.5378842481008165e-06 
6214 3.5477033456071105e-06 
3379 6.767953350537584e-07 
5127 5.149505691780982e-06 
9862 3.5390885817732302e-06 
9565 1.0979877664096338e-07 
1895 3.5386226498083326e-06 
2357 3.5445460410227667e-06 
1427 3.5364303549983066e-06 
3780 3.5775536427589284e-06 
1358 3.7184018587142144e-06 
1138 3.620776543138848e-06 
806 4.174109292231886e-06 
1407 3.540650805529059e-06 
4734 4.154180334711668e-06 
7172 3.552451517800071e-06 
8532 1.1179412723429142e-06 
9767 3.5437983738049365e-06 
8139 3.4787730942663017e-06 
8984 3.0400634375435124e-06 
1928 9.913612413269901e-07 
9651 3.475412032169673e-06 
5391 3.5735086725003084e-06 
9118 3.523797165744047e-06 
6537 3.5456780549169708e-06 
9678 3.563872842973035e-06 
960 3.5355263796460807e-06 
1811 3.5574362300340587e-06 
4723 3.580285917400373e-06 
5409 3.5397804030245145e-06 
4472 3.2268809244058484e-06 
1252 3.084646874017147e-07 
3229 3.7467456039981263e-06 
388 3.7627956471096863e-06 
4085 3.5634184346826495e-06 
5495 3.2065993104896276e-06 
332 3.562317090187815e-06 
4369 4.745302316171441e-06 
525 3.5359638184259097e-06 
2773 3.5106059620062114e-06 
1763 3.6850098739781617e-06 
740 3.5452796157825454e-06 
2073 3.5422080342126327e-06 
4279 3.5550324771439315e-06 
635 3.5065572643715027e-06 
5249 4.382549146936948e-09 
5100 3.6212218450681596e-06 
1719 3.5552384475881624e-06 
4139 3.5547051932988024e-06 
2549 3.4889330864929187e-06 
6385 3.620476231207957e-06 
1215 3.910161559710214e-06 
328 4.2976462629835345e-06 
9712 3.7781951093114418e-06 
7091 3.5122426565005128e-06 
9983 3.705007835730493e-06 
8166 3.79065871973032e-06 
9981 4.392095307392448e-06 
3159 3.505395748345554e-06 
5916 3.568096892154658e-06 
4882 3.5617433404258126e-06 
5645 4.1238208138676694e-06 
1266 3.5046089605998295e-06 
2292 3.527902150906325e-06 
6653 3.4305546574696713e-06 
3482 3.522360356437238e-06 
961 3.527311590375385e-06 
2296 2.647936525898415e-06 
5253 2.7681354674384054e-06 
2931 3.4804736262564704e-06 
9248 3.5329323820652775e-06 
9728 3.549393014378004e-06 
4252 3.6155262370307047e-06 
8325 9.750272983467902e-07 
8981 3.5422657950324105e-06 
7780 3.5451077462468954e-06 
4467 3.53232997671023e-06 
9648 1.9550379549458717e-06 
1396 3.393266434079053e-06 
3145 4.908199099932412e-06 
9718 3.6045201526558443e-06 
6155 3.522977765543757e-06 
8483 3.5745725594109373e-06 
2852 3.5149841333282305e-06 
183 3.506606293684823e-06 
5290 3.4780139204252098e-06 
7985 2.96117579392767e-06 
6792 3.546204532117127e-06 
2247 3.649443595104602e-06 
4985 3.5344154421949056e-06 
2913 3.2160539515323695e-06 
6201 3.4766191864300867e-06 
8726 3.0336606481274173e-06 
4144 2.217459307486351e-06 
5663 3.5002851102234403e-06 
4608 3.4584059801460813e-06 
3992 3.515986854567227e-06 
1234 6.298169434677185e-08 
3554 3.428129813119191e-06 
8982 3.5677130143827832e-06 
8572 3.572773607688386e-06 
1796 5.801729936767274e-07 
5900 3.594114052729989e-06 
8890 3.8583071867272045e-06 
9286 3.5426190339685742e-06 
207 3.579576872059145e-06 
2272 3.5510191932840326e-06 
4937 3.5365772432495447e-06 
6190 3.5488125522250202e-06 
1702 3.617454226743392e-06 
4419 3.091914937807052e-06 
5437 3.533827501704005e-06 
9612 3.522410066477281e-06 
8599 3.602491389115584e-06 
7881 3.5458092987857883e-06 
9536 3.5413998855553186e-06 
3724 3.62272727918978e-07 
5451 3.590003427674051e-06 
4679 3.527828669193545e-06 
2655 4.583551103924473e-06 
9631 2.6747581578022752e-06 
3062 3.5292794444510923e-06 
7716 9.824342502675655e-08 
5026 3.537873581346319e-06 
3819 3.6629619122353225e-06 
9217 3.5575569230056334e-06 
7745 3.5406280577198146e-06 
9719 3.5713185951852717e-06 
4547 3.4334549559971064e-06 
9547 3.5997877056244886e-06 
8006 3.4098661414282523e-06 
8440 3.5775696066800187e-06 
4496 3.54811878629091e-06 
4171 2.7699147674645334e-06 
4754 3.5617735257064703e-06 
3298 3.4621339498651904e-06 
6503 3.5577820913841748e-06 
8048 1.5512651817594985e-06 
3344 9.868465476416486e-07 
5601 2.7039754675398987e-06 
214 1.7534407766126264e-06 
2533 3.881429248045486e-06 
3781 3.6948342051652308e-06 
3355 3.7060250433965652e-06 
335 3.590274714957516e-06 
3508 3.0261324177443424e-06 
5614 3.544957340559365e-06 
7861 3.632565171394462e-06 
3347 3.4844421185820587e-06 
7317 3.5525661711201346e-06 
2884 3.544358168511997e-06 
841 3.5362719641565074e-06 
8961 3.5222078597535503e-06 
8480 5.1553596177834286e-06 
2063 1.0529288303986316e-05 
6355 3.167779886724836e-06 
9177 3.4635807043129537e-06 
9732 3.5863399432594166e-06 
4704 3.5371936574827583e-06 
7668 3.5601831858068104e-06 
9193 3.2705056979193104e-06 
7735 3.543321369221299e-06 
6655 3.3557082485882747e-06 
4058 3.412891418420218e-06 
2423 3.531978413600282e-06 
6841 3.381251546637214e-06 
5179 3.3772869145212865e-06 
6632 6.633320650095294e-06 
2293 3.5407421057631974e-06 
849 3.5404588374231835e-06 
4086 3.4978815861899077e-06 
4272 3.534472595742816e-06 
9215 3.5378705717049395e-06 
4733 3.505225091502277e-06 
3385 4.47552440666594e-06 
9395 3.5859163598124833e-06 
9729 3.687635986003201e-06 
9482 4.3715594795191675e-06 
5574 3.513018536243959e-06 
9105 3.5900735423651725e-06 
844 2.9609947278160003e-06 
1023 3.5575766196173075e-06 
2243 3.2733473096055066e-06 
6747 3.53496949697566e-06 
66 3.5250092621238816e-06 
500 3.4994636787442598e-06 
4437 3.6929858434232116e-06 
7003 3.9515493113910396e-06 
1071 1.4751507853561693e-06 
9289 3.548804457420855e-06 
9838 3.496995182936246e-06 
3214 3.649323310994625e-06 
4438 3.539205210244655e-06 
9238 3.6432153397975374e-06 
7042 3.7330652561919784e-06 
9746 3.2290603369396728e-06 
4571 3.2962477106554726e-06 
8672 3.553763784502702e-06 
2270 4.207063198261944e-06 
9259 3.5395530975943643e-06 
7404 3.544481062321744e-06 
971 1.40486693384916e-07 
4877 8.912308208292576e-07 
838 6.173201124052485e-06 
1707 5.485584472219605e-06 
2484 3.080638656960999e-06 
2506 3.4402925246008643e-06 
2664 3.5645991505003295e-06 
4267 4.4259028405739135e-06 
9551 3.549089072307881e-06 
8802 4.0626182630515374e-06 
2983 3.936950767764217e-06 
478 3.74599857417224e-06 
3711 3.5789941271762505e-06 
2337 1.3499828717427513e-07 
1555 3.550157707854918e-06 
2459 3.5633291335938683e-06 
6481 3.532014361626043e-06 
7430 3.5500130366769883e-06 
1280 3.543634535300736e-06 
3043 3.609789215660933e-06 
8391 3.5633326838261734e-06 
101 3.835788826725337e-06 
8037 3.6562342076884874e-06 
7729 3.474098472560854e-06 
6101 3.5190783212162703e-06 
9068 3.560477215701032e-06 
7036 3.53569929617757e-06 
2124 3.6289536383181516e-06 
8313 3.571345771666706e-06 
45 3.5148279405679935e-06 
1212 3.153024172471117e-06 
1893 3.254470537497953e-06 
4540 3.4397551649972255e-06 
2208 3.845844653227423e-06 
3660 3.383377033644889e-06 
3489 3.5889879546891867e-06 
2721 3.5464217131553924e-06 
2436 3.5488383443193564e-06 
4402 4.088065246546711e-06 
167 3.936703177057093e-06 
5995 3.0934437782969563e-06 
5985 3.779434174337655e-06 
2893 3.5300199709908036e-06 
8186 3.547148919958338e-06 
6757 3.543107402100353e-06 
2093 3.5266432640462536e-06 
9523 3.594507527630172e-06 
9694 3.546091482204925e-06 
1285 3.6482179063102707e-06 
3855 3.5477394299663754e-06 
3320 3.5058214097310987e-06 
8971 3.547038964552246e-06 
4817 3.552151568987842e-06 
1103 3.4798592888427013e-06 
4958 3.5216613560331767e-06 
3890 3.5471705125999753e-06 
7500 3.899557304564504e-06 
6179 3.4558662577117683e-06 
3797 3.4062673562443335e-06 
9916 3.5488995652797996e-06 
4689 2.2581498398933653e-06 
7767 4.0656844073868405e-06 
2143 3.5239683101956554e-06 
8928 3.575681900388505e-06 
5505 6.658808894738827e-06 
1514 3.5449208037455477e-06 
1250 3.50255349501647e-06 
1388 3.5469518921082682e-06 
6364 3.504057467526958e-06 
2216 3.312291786306413e-06 
8449 3.5270723179985357e-06 
6751 3.422415884075948e-06 
3174 4.230124943685145e-06 
2375 3.5578402667849757e-06 
5549 3.544153916008128e-06 
7631 3.633407222394405e-06 
4138 3.5933135315932628e-06 
1455 3.5459821500788417e-06 
9283 3.916052955751794e-06 
4895 3.530413346884813e-06 
8 3.457954134691217e-06 
7191 3.895141219108861e-06 
2964 3.182681051764427e-06 
2366 3.5132580696698397e-06 
7438 3.443873363610319e-06 
4883 4.033547646919464e-06 
6028 1.120456843379154e-06 
2954 3.105842551568504e-07 
2228 3.538055366381505e-06 
1838 3.749430568375242e-06 
8908 3.552911307559855e-06 
4397 3.5672660422290847e-06 
7101 3.515074589581667e-06 
1853 3.533543712811686e-06 
7390 4.91783990247646e-07 
7426 3.5145732657823104e-06 
9653 3.524114271924333e-06 
1896 3.511398655105776e-06 
8207 3.521900214355916e-06 
5703 3.6891306012076953e-06 
588 3.617493649529917e-06 
9198 3.1588659236691726e-06 
662 3.5363821330076915e-06 
5281 2.434747817522178e-06 
5496 3.547182544099484e-06 
5805 2.3200922519551524e-06 
11 3.7403484826356405e-06 
4911 3.555373809226273e-06 
3529 5.914510480386625e-07 
422 3.5575107062897957e-06 
6024 1.5989487081591314e-08 
7237 3.5711662796423144e-06 
4165 3.56169932916398e-06 
5774 3.668569740943143e-06 
1812 3.5186070748521826e-06 
9130 3.448566732588701e-06 
2553 3.0214238385919005e-06 
6032 3.498310838206642e-06 
1774 4.017478166751301e-06 
2972 7.605545766892446e-08 
6283 3.5425014518110915e-06 
2564 3.588265387812937e-06 
7634 3.694191373183576e-06 
760 3.117112325428646e-06 
124 3.807801146417277e-06 
8028 5.6378159685718116e-06 
2198 3.5464449477202513e-06 
6997 3.5397535410350857e-06 
5676 3.4874702455113326e-06 
9969 3.5478281253588624e-06 
1836 3.550767715291334e-06 
164 8.024350988116009e-07 
8831 3.3015407047625206e-06 
4466 3.5594308562437933e-06 
2388 3.497975026764072e-06 
3662 3.5032655793660133e-06 
2305 3.4075532500339425e-06 
7583 4.788545088524179e-07 
2269 3.5726005160990487e-06 
115 3.4978219419160505e-06 
8452 3.5890026085476763e-06 
5097 3.5998452771793593e-06 
4529 3.543176418631416e-06 
5830 3.5020449620301535e-06 
9882 3.385391240647927e-06 
7100 3.969355867624517e-06 
729 3.5370755246402164e-06 
48 3.5262778954335203e-06 
4223 4.221364681340533e-06 
3441 3.397517046893758e-06 
9466 3.652214263162569e-06 
7350 3.3371702031819516e-06 
4319 3.404040913410107e-06 
2246 3.4439467899145664e-06 
2481 3.534737450698211e-06 
3798 3.556675394332837e-06 
6873 3.4487332881152276e-06 
1332 3.54595325856617e-06 
5765 3.328397550482814e-06 
1262 7.790284899031489e-07 
4976 1.7420324698503139e-06 
1169 4.091645872514739e-06 
2024 3.3926935297709756e-06 
5182 3.5230368205929435e-06 
6897 3.556363893547662e-06 
3284 3.503177473774934e-06 
1235 3.5626479975541462e-06 
9944 3.495923198168333e-06 
3368 3.522944422341342e-06 
6344 4.125083730913827e-06 
9066 3.5155760562647505e-06 
4455 3.535407737397032e-06 
2376 3.6106552144201914e-06 
3585 2.3887135127768995e-06 
8230 1.4781931199371621e-06 
4757 3.5460567755913923e-06 
7502 3.6292292666058505e-06 
110 3.544486084484562e-06 
8780 5.62722528214239e-06 
2948 3.6476788808116455e-06 
2849 6.622435828323599e-06 
7074 3.562995500906289e-06 
8211 3.5230293369175667e-06 
2633 7.210419857383676e-08 
5939 3.474668513373406e-06 
3472 4.0424716793288446e-06 
9783 3.554447372537433e-06 
5133 3.5531938019073925e-06 
3849 3.52668668681503e-06 
9246 3.2453429123519273e-06 
7516 3.5390479651813347e-06 
3641 4.409324505917779e-06 
618 3.5417766334246625e-06 
7862 3.5846410620970154e-06 
9011 3.589674232272951e-06 
9147 3.5411499331917226e-06 
1860 1.857262842102848e-06 
2229 3.4072993423981393e-06 
2104 3.638687239788155e-06 
6389 3.578701529373686e-06 
8324 3.5695883099369518e-06 
8972 3.4488396001032694e-06 
4000 3.523187543545423e-06 
1053 2.7091027402635588e-06 
8899 4.18784943966429e-06 
2916 3.5561775824546976e-06 
229 3.235761706233158e-06 
6464 3.523636613678583e-06 
8154 3.5503865141724347e-06 
2302 3.5897939129963863e-06 
5261 3.6701444779356674e-06 
5802 3.5671934070005597e-06 
7570 3.4263832641206194e-06 
5911 3.598097419869243e-06 
9458 3.611923159701843e-06 
7864 3.546010131657637e-06 
2318 3.6478340372979347e-06 
577 3.880308025824005e-06 
8371 3.3963120332873643e-06 
9993 3.507714486566995e-06 
8053 3.29166935313685e-06 
8248 3.5851290307287756e-06 
8419 3.5415943844634444e-06 
3325 2.9722480956586246e-06 
5459 3.5231321865211123e-06 
8698 3.5701058358426678e-06 
6636 2.910796414927476e-06 
6016 2.3937473759427316e-06 
6647 3.529897794976844e-06 
4420 3.5451460247906725e-06 
5630 3.5506000149966158e-06 
4622 3.536043499366873e-06 
733 3.5801712320796273e-06 
3093 3.543373618801917e-06 
6835 3.543745621203701e-06 
8536 3.5459831335219473e-06 
6188 3.785209117117334e-06 
3164 3.5446454517737165e-06 
2433 3.347228744191343e-06 
2356 1.2771897116417747e-06 
1196 3.973688130562948e-06 
8558 3.4972463134171323e-06 
1665 3.574318291769716e-06 
7917 7.920625807607252e-08 
8420 3.2107579005721318e-06 
9889 3.1835266043532327e-06 
2630 3.0612885617194504e-06 
3905 3.616033493165025e-06 
6731 3.5461174982295256e-06 
8603 3.3968523552214056e-06 
9528 3.5563401453142196e-06 
2691 3.997307708361442e-06 
5668 3.5449042860759486e-06 
8052 3.887356922824387e-06 
5942 3.2048020335158963e-06 
2640 6.309256754411865e-06 
8308 3.5427876762013782e-06 
7543 3.526735377295066e-06 
8549 3.4235572437930233e-06 
4186 3.3083222639349737e-06 
9795 3.560429901154721e-06 
998 7.464166112009776e-08 
7443 3.919797223622841e-06 
7339 3.5463883515208014e-06 
5846 3.543023743941266e-06 
5120 3.858950395111929e-06 
777 3.379651022495442e-06 
4181 3.864640629607682e-06 
1487 3.514279300585853e-06 
6732 3.5436872914127776e-06 
3594 3.418694273637156e-06 
7468 2.477568257136803e-06 
9185 3.6339605953268537e-06 
7610 4.0028186555885766e-06 
9047 3.578622560723455e-06 
9097 3.2984935034443354e-07 
3405 3.0668862995996178e-06 
7704 4.0127252981652585e-07 
3656 3.5168205932198465e-06 
3715 9.792681098943918e-07 
439 3.5900024511227076e-06 
7140 3.545885892928046e-06 
7811 3.5660075950020066e-06 
5810 4.114405185103179e-06 
1608 3.496029721490167e-06 
4330 3.552562580248589e-06 
7925 3.584953630389731e-06 
1794 3.569319722773503e-06 
9954 4.1701739480388494e-06 
2574 3.4336320341563347e-06 
2213 4.726424939753856e-06 
1093 4.581468872379052e-06 
682 3.4105606915735415e-06 
1447 3.5524311425515546e-06 
1787 3.4784487609466557e-06 
7922 3.514336040376842e-06 
1032 2.99902221065129e-06 
3664 3.7994722098570416e-06 
9604 3.5477647670183276e-06 
4238 3.553072445465165e-06 
8369 3.5536542004122016e-06 
7531 3.5339865923719415e-06 
3683 3.5545589407295105e-06 
9390 1.010694176639052e-06 
7456 3.536801458538314e-06 
233 3.575773538121434e-06 
7422 3.51718672403814e-06 
3994 3.5964831251433238e-06 
7196 3.4707389884527697e-06 
2135 3.549898032098361e-06 
610 2.152118445825876e-06 
4106 3.6181071795905887e-06 
1920 3.544337144098634e-06 
1146 3.5460933137573415e-06 
8173 3.348095019350057e-06 
1801 3.5274972020774297e-06 
408 2.7095050718894137e-06 
2193 3.2411347022176007e-06 
7450 3.581601527288223e-06 
7666 3.5780298146774877e-06 
7165 9.92791229381864e-07 
3106 3.4940013164750623e-06 
683 3.562509127529436e-06 
7954 3.5480575374946647e-06 
7958 3.842828882854351e-06 
5107 3.333729970198549e-06 
780 3.4966495319014835e-06 
4533 4.2455852781622227e-07 
8233 3.544195629401221e-06 
6486 3.5739002600567477e-06 
9324 3.5474675305445804e-06 
6933 3.5030388862917406e-06 
2466 3.4886776506399247e-06 
9984 3.5176767722708966e-06 
3789 3.4743446980805165e-06 
7110 6.821005199103871e-06 
1066 3.238484753604244e-06 
8622 3.4342110510063253e-06 
6298 3.6634015105349404e-06 
3948 3.6054295747840312e-06 
3551 3.5786111392203757e-06 
4231 3.387573596186633e-06 
4292 3.5640486061965087e-06 
3208 3.4724212220860794e-06 
2681 3.7355761780925757e-06 
7077 1.444775941436909e-06 
3270 3.5409197018369516e-06 
7730 3.7229121548402383e-06 
4067 2.9976936810835246e-06 
4728 3.1945132503745826e-06 
3739 3.5389386167594536e-06 
1918 3.545849603209218e-06 
3727 3.6613139421807238e-06 
8141 3.5462774450012956e-06 
298 3.549813287006492e-06 
2867 3.51104345060478e-06 
5317 3.7870930821397903e-06 
1352 3.7495673333734806e-06 
5903 3.147543430899395e-06 
3113 3.5153329265531636e-06 
2126 3.5428504570732774e-06 
8257 3.5955873142067966e-06 
165 3.535923917683679e-06 
8117 3.5411686561859338e-06 
2239 3.5461301940171815e-06 
1046 3.5531649495781202e-06 
3050 3.5702738644126228e-06 
9739 3.574884812115886e-06 
5262 3.5035832029853653e-06 
2458 3.2998498476953e-06 
7746 3.927485402556972e-06 
2455 3.284791859320384e-06 
7044 3.5723995741479998e-06 
7046 3.4824372194578915e-06 
1092 3.539345762978986e-06 
2391 3.5139827383532805e-06 
1031 3.4968088340779077e-06 
151 4.1968205476597306e-06 
877 3.814397433780849e-06 
5434 3.892227944519468e-06 
3366 4.381564909575195e-06 
1708 3.5348512075153784e-06 
5788 3.4767374848665724e-06 
2767 3.418595578627857e-06 
7675 3.5487635786918443e-06 
3891 3.566808520224429e-06 
7439 3.5649983155225644e-06 
3435 3.154773568988189e-06 
1635 3.550458406035873e-06 
6715 4.102042581671783e-06 
6694 4.184194115429032e-06 
8975 3.7198056050558917e-06 
9274 3.501794659727891e-06 
2457 3.5379637000774394e-06 
191 3.5446853291151064e-06 
2207 3.5563216251099797e-06 
613 4.227197902164378e-06 
2146 4.188783407896706e-06 
2090 2.0858406432713594e-06 
8540 3.5554044444585543e-06 
5484 3.547860336436258e-06 
1440 3.917707787439916e-06 
4567 3.7371283518780185e-06 
6874 3.3421933947652887e-06 
7647 3.5248879929795127e-06 
5020 3.4846936779296675e-06 
4802 3.6189613618031074e-06 
7786 3.4860045630734885e-06 
6610 3.0713952369743776e-06 
1628 3.5328357440086964e-06 
1959 3.5150078815220835e-06 
5337 3.714582562533779e-06 
2487 2.457083111749139e-06 
1334 3.5112094911729016e-06 
787 3.768946614872987e-06 
7817 3.0874235244199353e-06 
8261 3.5250831603291767e-06 
8869 2.771656935164765e-06 
6833 3.5110040434851266e-06 
6358 3.926927726469774e-06 
5339 3.3504503165329096e-06 
9160 3.947308296464621e-06 
6723 3.580591084566878e-06 
8803 3.56894993039314e-06 
1889 1.5595199553628686e-06 
7637 3.5123906333980333e-06 
6836 3.73797481451564e-06 
1159 3.542749603215552e-06 
3389 3.549539783818826e-06 
904 3.5376164312317395e-06 
9685 1.8004065397894617e-06 
9800 3.688853846624144e-06 
6643 3.5351434482946145e-06 
3506 3.2010998018218542e-06 
1630 3.565943052154637e-06 
4839 3.5476130566826294e-06 
1584 3.7010626799832763e-06 
5762 3.547059608134554e-06 
6742 3.5895165455495968e-06 
4910 3.5491324675770007e-06 
7102 3.681794897710741e-06 
2611 3.54014670499432e-06 
4095 3.4876719408811357e-06 
5500 3.536288578177874e-06 
7907 3.4440419471262234e-06 
9962 4.66973966915646e-06 
7017 3.589973664105927e-06 
8942 4.044152473108636e-06 
9358 3.5742022681656222e-06 
8373 3.5658951650713623e-06 
9498 3.4851692561348574e-06 
9829 1.819620471163417e-06 
6561 3.7229580242927765e-06 
7283 3.731107442747568e-06 
5123 3.310496898879429e-06 
3238 3.6168090505103664e-06 
6138 3.5382641735161675e-06 
7327 3.5457805520594886e-06 
7742 3.6914726306642824e-06 
3471 3.4415138793872894e-06 
9420 3.2860122902541457e-06 
9400 5.4302006714670875e-06 
114 3.3601865769428705e-06 
4461 5.5019536924570295e-06 
2387 3.4378717001375293e-06 
2775 2.6572000098304058e-08 
2334 3.5230006925624315e-06 
2041 3.546264912293755e-06 
2833 3.986350678584695e-06 
8388 3.678448357441128e-06 
497 3.5377932713119517e-06 
9116 3.002148361577985e-06 
617 3.2593087523866492e-06 
5785 3.5736545387908148e-06 
7955 3.4192107908384383e-06 
5627 2.0157278235273956e-06 
4049 3.538305847203989e-06 
769 4.181262855772084e-06 
15 3.5420500408977024e-06 
1474 4.958147497458887e-06 
8478 3.7254323982286705e-06 
4669 3.611377282051917e-06 
9278 4.0052390724378886e-06 
7244 3.5631413463320683e-06 
1949 3.519244005901887e-06 
8749 4.026654654837952e-06 
7067 2.895418797399768e-06 
3601 1.462789257384038e-07 
5483 3.837766532057851e-06 
8892 3.5082850933013607e-06 
1477 2.8940382386738924e-06 
8735 3.4493057077072007e-06 
2157 2.5229835357325297e-06 
7092 3.638347654032151e-06 
1113 3.404636006810708e-06 
3318 4.166429564851438e-06 
2859 3.7668178698511046e-06 
4152 4.564561199369748e-06 
1502 3.4051259235042463e-06 
3279 3.5650239615822375e-06 
811 3.5590706264701815e-06 
5597 3.0199700640851765e-06 
5757 3.5543652409605963e-06 
9477 3.5258329648591653e-06 
4457 2.35147506132614e-06 
9881 4.148168508264176e-06 
1771 3.639427852389762e-06 
4433 3.8113993980241406e-06 
1916 3.5562729524592217e-06 
9636 3.58022628166164e-06 
7606 2.802665388785578e-06 
9917 4.0272554873466656e-06 
8584 4.829211925845339e-06 
9911 3.6572748148447307e-06 
4655 4.1143480860493285e-06 
3152 3.523285984270837e-06 
9069 3.5410316104670643e-06 
3417 3.5252911331382386e-06 
5121 3.5557826549120096e-06 
9771 3.5477696579353714e-06 
5478 3.5588548942187776e-06 
8335 3.5498462628922943e-06 
6592 3.6042219026178137e-06 
723 3.5511086483383378e-06 
2827 3.6193876212282567e-06 
2754 5.924978018726267e-07 
8137 4.116075980392035e-07 
3823 3.542713117939922e-06 
4897 3.763621514527721e-08 
7347 3.5985799015031003e-06 
541 3.5428012610797143e-06 
8071 2.966777368368777e-06 
7839 3.294629500106114e-06 
3689 3.5467623168528717e-06 
528 3.358253437348211e-06 
4628 3.573909956282464e-06 
2771 3.6912703591898847e-06 
5510 3.963105930522228e-06 
813 2.4937315029081177e-06 
7824 3.573816856467377e-06 
313 3.392491464531975e-06 
6785 4.076462173030586e-07 
3168 7.40970625243316e-09 
7572 6.1518461980043955e-06 
632 3.748194262094977e-06 
4347 3.5415623909386225e-06 
1176 3.219697276018888e-06 
2525 3.6014010280172836e-06 
8061 3.4748261881098486e-06 
5321 3.3180237803012313e-06 
295 5.336573071803341e-07 
7197 4.211606322026838e-06 
7650 3.4737060277071533e-06 
5504 3.512893189153967e-06 
7008 3.8078784056324133e-06 
7120 3.3408916427161016e-06 
9961 3.552349054750667e-06 
4334 3.609737444142493e-06 
9128 3.5014073804906423e-06 
6472 3.5350935178563862e-06 
911 3.5335813987365375e-06 
1317 3.2107257345627907e-06 
5386 6.66256416299306e-07 
4909 3.5084177718116887e-06 
8774 3.086795634708844e-06 
7333 3.542005558570861e-06 
3129 3.4197553024057674e-06 
1679 3.5501310674809426e-06 
1903 3.5437799316217285e-06 
3068 3.5489060501015137e-06 
9951 2.7697054540344344e-06 
2987 3.565873233170672e-06 
1537 3.2701017227000765e-06 
196 3.486893366052091e-06 
2888 3.552964822663203e-06 
1360 3.5960793837348325e-06 
4400 3.5662684778892744e-06 
7296 3.4622219992121614e-06 
1128 3.533094708843255e-06 
4748 3.607365246881946e-06 
559 3.3970933936751836e-06 
5094 3.553615354514443e-06 
4987 7.341707614187128e-07 
697 3.5666496016934978e-06 
2149 2.274497305283784e-06 
9654 3.4737953788995613e-06 
5644 3.5717716405408965e-06 
9509 3.5394431758477165e-06 
6427 3.2683184095199125e-06 
8896 3.121828729673511e-06 
8955 3.5398059298182688e-06 
3087 3.544750836367661e-06 
7842 3.5959443930399356e-06 
4343 3.3385856731797397e-06 
8907 3.6930367712701973e-06 
4234 3.5413113145531147e-06 
4023 3.5427584827188673e-06 
6575 3.478896898818596e-06 
2095 3.2098350760005408e-06 
4950 7.551911758301497e-07 
8958 3.6011598487806975e-06 
8577 3.5405683639428118e-06 
9438 3.4306946149944e-06 
2096 3.543968114731959e-06 
2944 3.529257709078129e-06 
8588 3.5431904987864555e-06 
4206 4.3790900264490504e-06 
7588 1.871445710226409e-06 
2837 3.832667977406502e-06 
578 3.52010488209825e-06 
5547 3.872208054055732e-06 
5117 3.5482740314279294e-06 
7563 3.825018379369884e-06 
6788 3.3897497897169626e-06 
3119 4.049272392660641e-06 
1681 3.52754572918638e-06 
8081 3.538063264830106e-06 
3360 2.572180539515255e-06 
7200 3.595935845010721e-06 
1518 3.937192734393746e-06 
7782 2.7241916411433423e-06 
3898 3.5803902966329822e-06 
4244 3.5391967571341263e-06 
9573 3.3767330606275865e-06 
3592 3.4424079257706946e-06 
1268 3.492473094376986e-06 
3838 3.517831517409608e-06 
6229 3.5452358763073574e-06 
6741 3.557865236899062e-06 
608 3.540617782180412e-06 
9301 3.549356590823072e-06 
6235 3.6218787533367882e-06 
7079 3.3836623847853023e-06 
8162 4.4455845913036443e-07 
8950 3.4990690175218043e-06 
64 4.983632984589164e-06 
6928 3.5435931019171737e-06 
4381 3.4868068861995284e-06 
4009 3.549015083358438e-06 
5571 3.5210051741762135e-06 
4478 3.5241630475089795e-06 
6638 3.545798771457823e-06 
9396 3.6724843458786445e-06 
8354 3.577267907830702e-06 
6497 3.6082201848071055e-06 
9799 2.4740793025786267e-06 
3761 3.5777953990341628e-06 
382 3.5446436871734733e-06 
690 3.5497836081177403e-06 
2367 2.2008865798899636e-06 
503 3.406042330010661e-06 
7769 3.452197202477377e-06 
2075 3.562193377060875e-06 
3580 3.5571562359989294e-06 
5028 3.6099632970733614e-06 
195 3.5391605772043005e-06 
6522 3.5486017112433117e-06 
1713 3.543991495958843e-06 
242 3.3220050470843407e-06 
7587 1.0452501711369624e-06 
1378 3.5786203750998684e-06 
8703 3.3326064420494116e-06 
4253 3.516546799821747e-06 
8266 3.0950692532272225e-06 
6328 4.945897049662878e-07 
7598 3.549672526049819e-06 
1458 4.706171290343581e-06 
5556 3.5245497132413156e-06 
2741 3.520286651337707e-06 
1931 3.452034674392032e-06 
9187 3.371178523645853e-06 
9864 3.3789239307517288e-06 
8680 3.516284995112448e-06 
8868 3.547534676439621e-06 
5835 3.533937393301671e-06 
2100 3.583861439693892e-06 
6099 1.246087309391155e-06 
7976 5.71932669728031e-07 
700 3.527998226240143e-06 
2897 3.401815906005168e-06 
5406 3.1844295861583616e-06 
4850 3.7691576400186495e-06 
795 3.5360809046779627e-06 
5714 3.6080175521840265e-06 
159 3.5439079712915973e-06 
3889 3.4872841518991202e-06 
6668 3.544324667405649e-06 
3754 3.5460460159776177e-06 
7389 3.547939982551479e-06 
82 3.5348885726695028e-06 
9271 3.5548840877708534e-06 
944 3.539117037809198e-06 
1872 2.7280794677584963e-06 
351 2.616708512067662e-06 
3440 3.7882070368415845e-06 
3871 3.482123552500176e-06 
3033 3.316102049934486e-06 
7201 1.219960599606147e-06 
7643 5.751117857611494e-08 
8895 3.522033159213083e-06 
9017 3.5770972670634563e-06 
8814 3.614231466619916e-06 
8903 3.489623730255022e-06 
1991 3.690595335061968e-06 
315 3.5540583362944456e-06 
6074 3.5433791360166496e-06 
1565 6.543712725349042e-06 
913 3.5368379542097868e-06 
5513 3.5132231111977684e-06 
2501 3.5416163270007553e-06 
2946 3.6339160178383043e-06 
5929 3.5526488973194355e-06 
5524 6.567295077684922e-07 
976 3.514436186582623e-06 
1337 5.188832890115141e-06 
4161 3.5437390495307387e-06 
7751 3.518820939943618e-06 
5161 3.64140965627946e-06 
7627 3.4547376034932902e-06 
5852 3.5468219967279514e-06 
9328 3.5334979480091606e-06 
694 3.8275413169369215e-06 
2432 3.0283277443435597e-06 
5374 3.4268087267221956e-06 
9827 3.5605522279242433e-06 
3351 4.430313418852683e-06 
3090 3.5411250239872462e-06 
9790 3.4034989769455414e-06 
8448 3.792626157182105e-06 
1140 3.243809425399476e-06 
3928 3.7187240778572965e-06 
8218 3.2870534922847866e-06 
7691 3.524895776702403e-06 
3553 3.4694975484033414e-06 
5055 3.5428903069260927e-06 
5795 3.5658312417852867e-06 
8428 3.408404635859184e-06 
2114 3.5409832462064554e-06 
6072 3.556837892613483e-06 
3784 3.3957527042957938e-06 
4548 3.482795042665402e-06 
6262 3.527628736891542e-06 
9809 3.5575416026962765e-06 
6169 3.5472126882274868e-06 
6066 3.964434535818491e-06 
4127 3.764412142211059e-06 
9629 3.548920235441581e-06 
6416 3.578301056458879e-06 
4188 3.609409643269844e-06 
1647 3.5367852724528138e-06 
4827 3.6117289373693723e-06 
4522 3.558696972513804e-06 
4407 3.5454143504278746e-06 
8786 3.7804802321128073e-06 
7744 3.5785908765988784e-06 
4125 3.5472672268435197e-06 
3230 3.530154664694424e-06 
9979 3.9501015349840265e-06 
2860 2.8029006701654933e-06 
5695 1.8474037287308364e-06 
6513 3.554104919324622e-06 
7860 3.5290231889340764e-06 
170 3.5619675792380783e-06 
5914 3.6458811054212452e-06 
1934 3.565984042623829e-06 
2058 3.640675873626737e-06 
2904 3.525052599756216e-06 
4382 3.5072817173693156e-06 
3402 3.3742717494053116e-06 
5481 3.4934890215076747e-06 
9199 2.030993576364011e-06 
8430 3.05096349565656e-06 
3461 2.88779495658143e-06 
1248 3.2033338527013415e-06 
3486 3.2788419034430994e-06 
3373 3.5772487265497644e-06 
5997 3.484192542144485e-06 
3457 4.912831034393618e-06 
5684 3.598672740386616e-06 
7670 3.395167354262914e-06 
6273 3.546718843127144e-06 
7567 3.540469806885827e-06 
7529 9.454543121036759e-07 
2097 3.694627190086749e-06 
8660 3.5463642323696675e-06 
7451 1.4925028610680106e-06 
7575 3.229754970744634e-06 
5348 3.5312322256869967e-06 
2560 2.9578676968039747e-06 
881 3.774531609197325e-06 
858 3.7248574679410266e-06 
6499 6.768592217636658e-06 
5611 2.53183327528572e-07 
1293 3.85892409827856e-06 
5438 2.3207337507934745e-06 
5259 6.230642718285053e-06 
4918 3.5689160355707567e-06 
8196 4.036734317146398e-06 
2000 3.546920225803576e-06 
2551 3.816670813995767e-06 
6465 3.550457422882388e-06 
6303 3.4546213988278123e-06 
7487 3.500298076173638e-06 
2731 2.836951869533989e-06 
9611 2.092988885055406e-06 
7846 3.593154167824348e-06 
6882 3.5644424658365347e-06 
4851 2.698327606500939e-06 
3319 3.51684945131451e-06 
9972 3.2489010194642316e-06 
8832 1.8418700964215184e-06 
4363 3.7247434494737126e-06 
8553 3.562502229523308e-06 
9805 3.4566319484036713e-06 
4142 4.532993198262838e-06 
5209 2.838024641802859e-06 
8030 3.5433525069114584e-06 
6739 3.547046748290259e-06 
436 3.502357860681951e-06 
2333 6.364443541329629e-06 
1607 3.557304766870493e-06 
3544 3.3647081995037008e-06 
2843 2.255918918795492e-07 
2940 4.119771703766455e-06 
1886 3.537422600365731e-06 
3515 3.605756971158608e-06 
5699 3.5563143284257823e-06 
5895 3.2590682492384484e-06 
397 3.663259233068586e-06 
2148 3.6319101960868226e-06 
2955 3.6003667991602568e-06 
2635 3.521814980300442e-06 
3740 3.5276721139843286e-06 
3639 3.6602953996068418e-06 
1977 3.498134359968978e-06 
5764 3.531497495412548e-06 
1612 3.5228342418499776e-06 
8301 3.5322605270813415e-06 
3547 3.7042909943044164e-06 
6895 3.3287896552571283e-06 
4931 6.727029287186481e-06 
8917 3.473193742246409e-06 
2050 4.127641326960883e-06 
1758 3.2810728740862443e-06 
4866 2.4042350282815967e-06 
2061 4.464586645629976e-06 
8748 3.5097056120825913e-06 
9453 3.535702454372078e-06 
6514 3.557347678825906e-06 
9056 3.333830151685939e-06 
673 2.4857590264235082e-06 
175 1.535971924551468e-06 
718 3.4283347099836317e-06 
9627 3.5978701720820518e-06 
7075 4.137175469613648e-06 
6843 3.2893309132228436e-06 
9401 3.55621831459909e-06 
8280 2.8232647081598436e-06 
5969 3.5460885633663667e-06 
7001 3.5037770050800625e-06 
5399 3.765151163936187e-06 
5379 3.5725807352588465e-06 
2212 3.7414298002432814e-06 
3023 3.526454123436811e-06 
92 3.1975779383673687e-06 
3867 3.7086293521476905e-06 
7738 3.4976410488913353e-06 
6406 2.2967976714346553e-06 
2794 3.881629286321987e-06 
9325 3.3604240365924144e-06 
7732 3.545263312036716e-06 
5284 3.5965753563961043e-06 
190 3.5433700609135285e-06 
5089 3.5472513075055046e-07 
2012 2.3790173906439773e-07 
5926 5.257826634132885e-06 
7233 3.517937563876496e-06 
4821 2.3139349830945885e-06 
1945 1.2005830115546714e-07 
1457 3.5350041723865968e-06 
5304 5.504262900469867e-06 
788 3.497317343813844e-06 
3521 3.5451741158264142e-06 
8461 3.531646818436674e-06 
6530 3.5149607539911785e-06 
4965 8.847752244071428e-08 
9709 3.541498354853393e-06 
1220 3.539359290411979e-06 
457 3.122129947420304e-06 
974 3.336267724967663e-06 
900 3.491425107355402e-06 
3568 2.9211830728206425e-06 
4392 3.5380784659004466e-06 
734 3.977773236437098e-06 
5288 4.1144608008250315e-06 
724 3.5670759695137552e-06 
5329 3.5457006067750153e-06 
3813 3.601259444420661e-06 
4575 3.6234089891806673e-06 
1752 3.7408689196919527e-06 
2456 3.5398658793074274e-06 
6198 2.1966664689834124e-07 
2528 3.4917765763989486e-06 
2863 3.4991210188494977e-06 
7609 3.5788879543902864e-06 
3757 3.7925153954632742e-06 
805 3.3126895476135394e-06 
767 3.5459843078014905e-06 
5749 3.5350313111130694e-06 
9646 3.5457335621586304e-06 
8586 3.536364367512656e-06 
9587 3.08263786360652e-07 
5561 3.5460417295186854e-06 
17 3.3506765327841123e-06 
8612 3.437611259438202e-06 
9649 3.53093320363208e-06 
2317 3.5505677113917835e-06 
942 3.5154021057907634e-06 
8656 3.583191309550753e-06 
2039 3.5290272729555284e-06 
2719 3.435004626721731e-06 
3233 3.6811985929344497e-06 
3531 3.552781264532528e-06 
6988 3.772433751519436e-06 
7686 3.509655074740322e-06 
8574 3.5561167430977565e-06 
9549 3.5072425454275527e-06 
5965 3.5472308660776217e-06 
9421 3.5450744407901286e-06 
3723 2.569213584145944e-06 
9192 4.670801774686263e-06 
3821 3.4193190488680915e-06 
4944 3.5391557346011313e-06 
434 5.165789502543449e-06 
6461 3.5393040833543705e-06 
9899 4.58673467148486e-06 
887 2.406642989429265e-06 
7856 3.269542800019022e-06 
4988 3.4391894928478555e-06 
3459 3.5300805393998496e-06 
7384 3.609410287092671e-06 
2120 3.439593465803468e-06 
8771 3.545042032925623e-06 
9462 3.603938204799672e-06 
400 3.363384978386267e-06 
7138 3.664804584139375e-06 
3597 3.550711099689462e-06 
5743 3.4516241266496114e-06 
2414 3.5464814529846715e-06 
656 3.552510259738047e-06 
2422 1.47626062855499e-07 
106 3.5702965579669597e-06 
2065 3.544009902082049e-06 
1412 3.6404979454698494e-06 
4833 3.739121293444971e-06 
9634 3.5758422563205733e-06 
9772 3.5404560169884658e-06 
648 3.5518536230769646e-06 
3966 3.4375026457161404e-06 
9843 3.657516237053288e-06 
7348 3.4347046060469437e-06 
1892 3.796147486155727e-06 
7179 1.321135550849499e-07 
8431 1.097064401036048e-06 
5893 3.5596954694406015e-06 
361 3.5320146419496127e-06 
3110 5.998642912829693e-06 
6142 1.302167195937373e-06 
6491 3.590495164024687e-06 
5793 3.5357553902318916e-06 
2682 3.245670916480584e-06 
2001 3.629025431228777e-06 
8638 3.4767000867830872e-06 
7344 3.518358100476187e-06 
4257 3.583665804452621e-06 
8055 1.5074764087829883e-06 
3436 3.5636482879966228e-06 
1673 3.5127424602045688e-06 
3097 3.5491043626100018e-06 
8674 3.5251590018210574e-06 
6143 4.503621695510889e-06 
147 3.542542734645473e-06 
5045 3.2688599203832363e-06 
4979 3.1792762284052027e-06 
5326 3.609479961501419e-06 
5868 3.5421713887642407e-06 
7707 4.777913040299026e-06 
9575 3.58042854743194e-06 
7096 3.7857026077420668e-06 
2555 4.970853854059351e-07 
4828 3.459684061257775e-06 
703 3.5592749980472213e-06 
7713 3.58702115532266e-06 
2154 3.5163799425300205e-06 
3354 3.4611702785247335e-06 
8924 3.4463716050089014e-06 
8235 3.544144486540725e-06 
8231 3.831870658609761e-06 
2027 3.535916584472039e-06 
6096 2.1601919092391744e-06 
2186 3.5693084089999807e-06 
2624 3.4605675292147904e-06 
7098 4.7443176319399785e-06 
7239 3.5920686268338707e-06 
4298 3.5375118316765102e-06 
4656 3.641958265976554e-06 
1507 3.497795547155064e-06 
8045 3.706898778062004e-06 
3652 3.5652126664676034e-06 
8438 4.656356037303769e-06 
7391 3.6338646278247748e-06 
8626 3.5552790277714496e-06 
582 3.78203271603183e-06 
3626 5.218342744872743e-06 
9287 3.5274959581840044e-06 
6582 3.5307034736421278e-06 
5289 3.5474945525324903e-06 
746 3.993340604042795e-06 
6993 4.611495209013526e-06 
6736 3.6280669372134276e-06 
9078 3.5753916632558874e-06 
3696 1.9215025951559306e-06 
6961 3.5723544190973773e-06 
6009 3.536712668920425e-06 
866 3.540394333549416e-06 
831 3.4333511265576323e-06 
7358 3.42741279611331e-06 
1718 3.560635087412732e-06 
3300 3.5430890905423654e-06 
1445 3.5566360890276238e-06 
8668 3.048805257085266e-06 
4878 3.5756996716026695e-06 
9734 3.6268562309829603e-06 
5404 2.1768740319643777e-06 
38 3.7492763110511764e-06 
926 3.5038113453403194e-06 
8463 3.550599592456611e-06 
7349 3.569006044881971e-06 
186 3.6317046201418494e-06 
8350 3.5761165424871757e-06 
6975 3.5022821462589047e-06 
8174 3.532771800047607e-06 
7004 3.232743148860901e-06 
8385 3.6149487850057464e-06 
941 3.5113610521230533e-06 
721 1.2395325100266808e-06 
5361 3.3679593906418926e-06 
6374 1.8291923399421213e-06 
3192 3.509938704494319e-06 
738 3.062708968631488e-08 
2872 3.5282412494001023e-06 
19 3.5305144793278636e-06 
549 3.069330977892957e-06 
327 2.972336559002389e-06 
7899 2.8376103463520174e-06 
1462 3.5395163865158038e-06 
5913 3.5581123423656556e-06 
5157 3.4325188875401865e-06 
7128 2.6834263934250864e-06 
2043 3.6006200616439925e-06 
1944 1.6801681016849335e-06 
3915 5.059357345180935e-06 
3667 3.532973531523051e-06 
6649 3.572665400220296e-06 
98 6.6175686195007385e-06 
8667 3.5326532670014714e-06 
6159 3.2005537251569138e-06 
8508 3.4783523476989937e-06 
9200 3.5438825694040087e-06 
9197 4.172997851960815e-06 
2575 3.5242809103394614e-06 
8867 3.5468916229123207e-06 
5796 3.526888336964996e-06 
1721 4.711782466252876e-06 
8956 3.5094032162463418e-06 
7052 3.5262346744191238e-06 
7209 3.577029478493173e-06 
2755 1.662534006807355e-06 
53 3.2832498529068523e-06 
3350 3.5269607549333914e-06 
1881 4.277120731152904e-06 
2998 3.4408630430351127e-06 
1415 3.550712620435245e-06 
2585 6.162230906326768e-06 
5211 3.53202312972212e-06 
3534 2.84899550829007e-06 
9318 1.873201575295604e-06 
6291 3.515367366530534e-06 
5007 3.610599299494012e-06 
6663 3.572764344410127e-06 
6683 5.6698870237826506e-06 
696 2.793361227634603e-06 
5858 3.7002320382066342e-06 
8229 3.5550444578928486e-06 
4376 3.5237804843130778e-06 
1862 3.622269775114755e-06 
9661 3.4379600442264605e-06 
664 2.837923652064595e-06 
6550 3.4271435310663996e-06 
3701 3.5533044032323283e-06 
2644 3.3789344548373554e-06 
5377 3.6976968780452338e-06 
6400 3.6248023393396345e-06 
8425 2.9479624725907193e-06 
8298 4.2772892090625625e-06 
458 3.7356181537458747e-06 
6041 3.537918794272275e-06 
6043 3.1748533606398577e-06 
699 3.4830167772860406e-06 
6319 3.5390322977526164e-06 
7775 2.3041526795533186e-06 
5336 3.6137524824253815e-06 
4245 3.4315593751478183e-06 
5342 2.6474125098554624e-06 
9895 3.556400822677878e-06 
9075 3.624721472327296e-06 
9 3.616096852751315e-06 
3114 3.8118759846365364e-06 
3081 3.5562948425719974e-06 
1340 3.581307514884236e-06 
4018 3.5363387267881963e-06 
2181 6.783000952237657e-07 
3496 3.4927169468499297e-06 
642 3.4806763494005264e-06 
7989 3.545943173797021e-06 
78 1.029679384454298e-06 
9481 3.5623116903306834e-06 
1667 3.5400205891650084e-06 
2319 3.2458147500287253e-06 
6075 8.9779207933076e-06 
297 3.5339835480076584e-06 
9178 3.4406633985128e-06 
1131 3.5462138846540797e-06 
7560 3.5358693076766214e-06 
2728 3.35057456478624e-06 
3892 3.5343146580849707e-06 
9877 3.5924879593238113e-06 
1346 3.069232441927951e-06 
8339 3.5299958243690253e-06 
9759 3.5622752154752856e-06 
510 3.5417305113488104e-06 
1532 3.5433026212803147e-06 
6434 3.5466080544571346e-06 
9106 3.053850875427015e-06 
4659 3.51882199568216e-06 
7788 4.0619886530750535e-06 
2373 3.477531162406624e-06 
3841 3.3745490006939346e-06 
6018 3.5446191519084374e-06 
2966 3.549796562263455e-06 
4413 3.4056995359503354e-06 
4524 3.5388812322786876e-06 
8381 3.542993097603847e-06 
1380 3.674203362249386e-06 
1843 1.6709800094761684e-06 
9700 3.5559584877048184e-06 
3710 3.556834967654289e-06 
6824 8.951886559555416e-07 
450 3.976050121897936e-06 
9081 5.6623921393546685e-06 
5617 5.147656333541644e-06 
5450 4.794058430377155e-06 
8909 3.2093978861639986e-06 
9842 3.5413924209876414e-06 
9510 4.615754713086744e-06 
339 3.5979536184243104e-06 
7167 3.7595836759163386e-06 
7918 3.3707158221696173e-06 
6371 3.5553548354861423e-06 
9657 3.5655669899478475e-06 
3157 3.538584520510069e-06 
1052 3.2834360827186914e-06 
4287 3.5769121318764276e-06 
8751 3.529561942424595e-06 
7132 3.5485428868995476e-06 
5894 2.606104255031852e-06 
8860 3.5428597817019897e-06 
5423 8.628604884615242e-07 
6419 1.6329711638132837e-06 
7231 3.570856672665306e-06 
3167 4.046684335319035e-06 
2577 2.849404464121414e-06 
2808 3.7917613148040243e-06 
5847 3.5375597211825925e-06 
8408 5.567167028306608e-06 
3632 3.5851438747165703e-06 
8238 3.519834351012867e-06 
1598 3.5839717785051546e-06 
3884 3.5636497235688687e-06 
883 3.982217952547341e-06 
9588 3.467594162774974e-06 
5653 1.956580981599698e-06 
7417 1.9764283924218333e-07 
8343 3.5601845614441e-06 
2225 4.90859427187528e-06 
4150 3.552471086585325e-06 
7069 3.6204966024497182e-06 
7099 3.678732734717417e-06 
652 3.981939694900065e-06 
8755 3.6800040560569712e-06 
5641 3.221182186487998e-07 
1228 3.4033276736606548e-06 
3378 3.5294123986480623e-06 
2267 6.206758059303286e-06 
8299 2.7046294807398885e-06 
2278 3.91743584787002e-06 
3996 3.604139533161059e-06 
5150 3.488956648363123e-06 
376 3.5525263883793677e-06 
9487 3.5418541963202917e-06 
7712 3.231656046575124e-06 
5426 3.523656906147459e-06 
1230 3.555613564562255e-06 
3148 3.5414568979545364e-06 
2079 3.204396067851728e-06 
3951 1.1658632439179913e-07 
9022 3.4251443682016714e-06 
8494 3.5376347306425594e-06 
2098 3.52254421599288e-06 
1448 4.736105390944185e-06 
3448 1.108188687050002e-06 
879 3.5460182941707247e-06 
672 2.2948671967507323e-06 
8291 4.046557730351961e-06 
7720 3.5251046703607625e-06 
2708 3.5958288998836894e-06 
8496 5.80022973672499e-06 
7361 3.184187563125802e-06 
1632 3.5466229560004836e-06 
4825 3.5390963168879932e-06 
5306 3.698710810501522e-06 
4820 3.5431974438943672e-06 
6224 1.0823690525023854e-07 
9352 3.3851754879475465e-06 
3677 3.485997099607464e-06 
1151 3.537153279583513e-06 
3217 3.601089759431433e-06 
1132 3.5425117068776543e-06 
564 3.5490717131638787e-06 
827 3.5137037980717097e-06 
3484 3.849966923770477e-06 
1768 4.097815233880152e-06 
2981 3.438119647807901e-06 
7038 3.307583085812413e-06 
9628 3.5006874672564068e-06 
5514 3.5418279654875283e-06 
2401 3.550323313182146e-06 
7889 3.6514724294093583e-06 
1521 2.88884296220068e-06 
27 3.5441606847287545e-06 
3835 2.341186819007928e-06 
1091 3.5387442129169902e-06 
4483 3.422501591793532e-06 
659 4.250979458609258e-06 
4710 3.5545844654101275e-06 
6551 3.5171409739926367e-06 
9662 3.6926698913268768e-06 
969 1.3136572959118848e-06 
2766 3.5594156614029803e-06 
