0 0 4 4 268
0 1 4 3 37
0 2 1 5 412
0 3 5 6 7644
0 4 9 6 43612
0 5 7 3 83
0 6 6 7 50342
0 7 5 5 1648
0 8 2 4 103
0 9 8 3 109
0 10 9 3 136
0 11 8 7 41114
0 12 1 6 1466
0 13 9 4 457
0 14 4 7 43356
0 15 1 6 695
0 16 10 5 1221
0 17 5 5 969
0 18 6 5 1728
0 19 8 5 1018
0 20 6 3 55
0 21 2 6 2733
0 22 6 6 10473
0 23 1 6 811
0 24 9 2 31
0 25 6 6 12716
0 26 4 4 143
0 27 5 4 139
0 28 2 6 1511
0 29 9 5 2059
0 30 6 4 272
0 31 7 4 454
0 32 9 6 10203
0 33 8 3 108
0 34 9 5 3640
0 35 8 6 20979
0 36 3 8 169528
0 37 8 6 6806
0 38 5 6 6067
0 39 10 4 553
0 40 4 5 2202
0 41 8 4 579
0 42 5 3 39
0 43 5 4 182
0 44 10 4 234
0 45 10 6 12217
0 46 6 4 191
0 47 2 3 37
0 48 8 4 396
0 49 7 5 2806
0 50 4 7 34634
0 51 6 4 272
0 52 7 3 102
0 53 6 5 2901
0 54 3 6 3968
0 55 2 6 2865
0 56 8 6 7294
0 57 5 5 824
0 58 4 4 156
0 59 2 6 4250
0 60 7 6 12526
0 61 3 4 157
0 62 2 5 557
0 63 10 5 2325
1 0 5 5 892
1 1 8 3 82
1 2 1 6 1217
1 3 10 4 375
1 4 6 6 11178
1 5 3 6 5340
1 6 10 2 35
1 7 7 5 1208
1 8 8 2 41
1 9 4 4 273
1 10 9 5 2441
1 11 9 5 4328
1 12 3 6 6452
1 13 10 3 149
1 14 2 5 310
1 15 3 4 340
1 16 5 5 845
1 17 2 6 1567
1 18 3 7 46881
1 19 1 5 166
1 20 3 6 3177
1 21 3 3 36
1 22 8 5 1237
1 23 7 5 822
1 24 7 3 98
1 25 4 4 132
1 26 10 4 417
1 27 10 6 17776
1 28 1 4 81
1 29 1 7 22146
1 30 2 5 256
1 31 6 3 67
1 32 10 5 1716
1 33 1 8 73915
1 34 8 4 502
1 35 6 4 153
1 36 2 8 227151
1 37 5 4 393
1 38 4 4 395
1 39 8 6 28445
1 40 6 4 231
1 41 4 4 257
1 42 7 5 1487
1 43 6 3 40
1 44 4 4 221
1 45 7 5 3394
1 46 1 6 2158
1 47 9 6 9619
1 48 2 6 4755
1 49 2 4 55
1 50 2 6 3526
1 51 8 7 201382
1 52 5 4 304
1 53 7 5 871
1 54 2 6 4343
1 55 4 5 1096
1 56 8 4 476
1 57 4 4 101
1 58 5 3 45
1 59 3 6 11186
1 60 3 4 93
1 61 8 5 2858
1 62 1 8 74065
1 63 4 6 16409
2 0 9 4 919
2 1 1 5 158
2 2 9 4 946
2 3 1 6 4115
2 4 1 7 34939
2 5 9 6 8147
2 6 1 6 924
2 7 10 5 2492
2 8 10 5 2091
2 9 8 4 408
2 10 6 3 47
2 11 2 4 137
2 12 4 5 694
2 13 4 6 5898
2 14 7 6 17229
2 15 1 6 2909
2 16 9 4 203
2 17 4 8 788046
2 18 3 9 1969740
2 19 4 5 1515
2 20 5 5 585
2 21 3 4 148
2 22 3 4 208
2 23 4 5 2456
2 24 9 6 12297
2 25 1 7 25205
2 26 10 4 685
2 27 7 4 245
2 28 6 5 1087
2 29 6 5 4084
2 30 4 7 24546
2 31 10 3 81
2 32 10 5 4681
2 33 1 5 123
2 34 4 5 1543
2 35 9 3 143
2 36 9 5 1764
2 37 3 5 1777
2 38 4 5 1655
2 39 6 7 32156
2 40 10 5 2489
2 41 2 5 373
2 42 7 5 805
2 43 6 5 969
2 44 5 5 1049
2 45 2 6 3204
2 46 9 5 3951
2 47 7 7 111806
2 48 6 7 106504
2 49 2 7 25307
2 50 5 7 45631
2 51 7 6 5848
2 52 1 7 9497
2 53 10 5 2447
2 54 6 6 21505
2 55 1 5 427
2 56 10 4 809
2 57 6 5 1203
2 58 2 5 1126
2 59 3 6 5993
2 60 10 5 1820
2 61 1 5 692
2 62 1 6 4420
2 63 10 4 574
3 0 2 6 5441
3 1 7 4 690
3 2 5 3 58
3 3 9 5 1421
3 4 9 4 829
3 5 7 3 113
3 6 9 5 1775
3 7 4 6 19067
3 8 3 6 10708
3 9 3 4 100
3 10 3 4 82
3 11 5 5 2905
3 12 7 3 149
3 13 10 4 489
3 14 5 4 186
3 15 10 4 688
3 16 7 4 549
3 17 2 5 1291
3 18 10 5 1729
3 19 10 3 190
3 20 8 5 1537
3 21 4 6 16417
3 22 2 5 1206
3 23 2 4 151
3 24 9 4 362
3 25 4 5 1588
3 26 4 5 1750
3 27 2 5 264
3 28 1 6 997
3 29 2 6 2470
3 30 7 4 774
3 31 4 5 1040
3 32 9 4 667
3 33 9 5 2692
3 34 2 6 1650
3 35 7 6 6599
3 36 9 5 1183
3 37 6 4 235
3 38 6 5 1783
3 39 2 6 3075
3 40 1 6 3388
3 41 7 3 76
3 42 1 5 287
3 43 8 4 881
3 44 6 5 1966
3 45 1 8 91194
3 46 8 5 5051
3 47 3 5 1793
3 48 8 4 332
3 49 4 4 142
3 50 8 4 701
3 51 3 5 541
3 52 4 5 499
3 53 1 7 15986
3 54 3 5 564
3 55 5 4 417
3 56 4 3 68
3 57 4 7 62282
3 58 8 5 2461
3 59 1 5 504
3 60 4 4 447
3 61 3 3 36
3 62 6 4 641
3 63 5 4 236
4 0 8 4 178
4 1 7 7 180978
4 2 3 4 279
4 3 8 5 2704
4 4 2 7 24489
4 5 1 6 974
4 6 9 3 72
4 7 9 4 320
4 8 5 5 790
4 9 8 8 2794275
4 10 4 6 9972
4 11 8 6 35894
4 12 2 3 31
4 13 9 7 75188
4 14 6 3 91
4 15 4 5 1195
4 16 2 5 1036
4 17 7 4 193
4 18 5 7 131150
4 19 2 5 771
4 20 4 5 545
4 21 8 4 272
4 22 2 6 1773
4 23 8 4 195
4 24 1 7 9888
4 25 4 6 4981
4 26 1 7 5247
4 27 1 6 928
4 28 3 6 4043
4 29 5 7 90317
4 30 6 5 895
4 31 10 5 6103
4 32 10 5 1269
4 33 1 7 26496
4 34 9 5 1650
4 35 3 4 120
4 36 7 5 2422
4 37 3 3 53
4 38 6 4 135
4 39 7 3 109
4 40 4 4 125
4 41 10 5 3188
4 42 3 4 188
4 43 5 5 1960
4 44 2 7 27273
4 45 10 3 141
4 46 10 7 274611
4 47 3 3 43
4 48 7 5 2194
4 49 4 4 216
4 50 6 4 380
4 51 5 4 200
4 52 1 7 8820
4 53 6 5 890
4 54 4 3 35
4 55 9 4 952
4 56 3 4 312
4 57 10 3 201
4 58 9 2 42
4 59 4 6 16369
4 60 4 8 1300692
4 61 9 6 27034
4 62 6 6 6025
4 63 1 6 828
5 0 1 4 37
5 1 6 5 853
5 2 3 3 53
5 3 10 4 304
5 4 5 5 3034
5 5 1 7 31760
5 6 4 4 190
5 7 7 5 1775
5 8 10 2 49
5 9 10 3 102
5 10 9 4 232
5 11 1 4 92
5 12 4 6 5340
5 13 3 7 43767
5 14 6 4 386
5 15 5 6 15077
5 16 6 5 2936
5 17 3 6 5415
5 18 9 9 3897112
5 19 1 5 332
5 20 7 4 539
5 21 1 5 440
5 22 10 4 423
5 23 2 6 6665
5 24 10 2 23
5 25 8 6 37128
5 26 9 6 13041
5 27 6 6 5133
5 28 1 5 115
5 29 4 6 7771
5 30 7 7 221474
5 31 5 6 7398
5 32 8 5 3539
5 33 7 5 1631
5 34 5 4 358
5 35 8 3 171
5 36 6 5 1594
5 37 5 4 132
5 38 10 5 2760
5 39 6 6 11800
5 40 8 7 62845
5 41 6 4 560
5 42 9 6 7276
5 43 5 5 987
5 44 9 5 4043
5 45 2 5 410
5 46 3 5 475
5 47 5 3 38
5 48 1 5 469
5 49 2 4 90
5 50 9 3 56
5 51 6 3 39
5 52 1 9 1646641
5 53 6 5 1617
5 54 2 4 202
5 55 2 5 231
5 56 7 4 305
5 57 4 4 177
5 58 4 6 7096
5 59 1 6 1770
5 60 8 4 444
5 61 1 7 36080
5 62 2 6 5747
5 63 10 3 153
6 0 9 5 1106
6 1 6 6 5977
6 2 10 5 2039
6 3 7 4 619
6 4 7 3 123
6 5 7 5 2264
6 6 7 7 63489
6 7 7 5 2810
6 8 4 4 284
6 9 5 5 2592
6 10 8 5 1331
6 11 7 8 411357
6 12 10 5 4835
6 13 1 6 1018
6 14 5 4 145
6 15 3 8 200176
6 16 3 4 68
6 17 4 7 73613
6 18 3 7 42881
6 19 8 4 656
6 20 2 7 53967
6 21 4 5 1552
6 22 9 5 1021
6 23 1 7 25215
6 24 7 4 450
6 25 2 5 392
6 26 2 4 130
6 27 8 4 596
6 28 6 4 186
6 29 7 6 12810
6 30 1 4 52
6 31 7 5 3961
6 32 8 5 2081
6 33 4 6 4020
6 34 9 6 12626
6 35 9 5 1927
6 36 10 6 28242
6 37 3 4 192
6 38 6 5 3940
6 39 9 4 348
6 40 8 5 5396
6 41 5 7 33687
6 42 8 3 106
6 43 8 5 1995
6 44 4 3 58
6 45 8 4 493
6 46 5 4 530
6 47 5 6 19848
6 48 4 4 267
6 49 7 4 389
6 50 10 5 1935
6 51 6 5 4068
6 52 4 6 3921
6 53 6 7 73650
6 54 7 4 511
6 55 4 3 31
6 56 7 4 275
6 57 7 5 3911
6 58 2 7 34688
6 59 4 4 107
6 60 8 5 2644
6 61 9 2 43
6 62 8 4 686
6 63 10 3 207
7 0 4 4 162
7 1 4 7 20622
7 2 1 6 3052
7 3 10 4 348
7 4 1 5 600
7 5 7 5 2028
7 6 9 4 625
7 7 6 5 1099
7 8 1 7 7451
7 9 5 4 322
7 10 7 2 31
7 11 10 4 264
7 12 1 6 1515
7 13 5 5 2850
7 14 8 6 7054
7 15 7 3 59
7 16 9 1 12
7 17 9 5 1549
7 18 10 4 648
7 19 2 7 39101
7 20 4 4 104
7 21 10 5 5828
7 22 2 5 383
7 23 2 5 673
7 24 9 6 8404
7 25 5 6 9217
7 26 6 7 123807
7 27 10 5 1212
7 28 3 7 26791
7 29 5 4 112
7 30 3 6 2186
7 31 2 5 726
7 32 5 5 1443
7 33 6 7 41935
7 34 6 7 38013
7 35 5 8 637568
7 36 5 6 3785
7 37 2 3 35
7 38 3 5 495
7 39 5 5 1290
7 40 1 5 157
7 41 6 3 74
7 42 8 5 3216
7 43 10 5 1575
7 44 5 6 4269
7 45 1 3 18
7 46 2 5 940
7 47 4 3 61
7 48 8 4 202
7 49 7 3 58
7 50 7 5 1738
7 51 2 7 16794
7 52 5 3 40
7 53 2 4 58
7 54 9 4 585
7 55 3 3 47
7 56 3 8 201270
7 57 8 4 904
7 58 10 4 330
7 59 4 4 145
7 60 2 6 3715
7 61 9 4 428
7 62 9 4 207
7 63 7 4 318
8 0 9 4 394
8 1 10 5 1666
8 2 6 5 1631
8 3 10 5 1582
8 4 1 5 414
8 5 1 6 1163
8 6 2 6 2107
8 7 4 2 9
8 8 1 6 2827
8 9 8 4 420
8 10 8 5 3619
8 11 8 6 7315
8 12 4 3 24
8 13 2 5 822
8 14 9 4 622
8 15 9 5 2196
8 16 5 6 8915
8 17 4 6 10818
8 18 7 3 96
8 19 2 5 358
8 20 7 4 358
8 21 9 5 2656
8 22 7 7 87773
8 23 9 5 3224
8 24 9 6 12464
8 25 5 4 315
8 26 6 5 2032
8 27 1 6 2669
8 28 7 7 43851
8 29 5 6 20463
8 30 3 7 42218
8 31 9 3 177
8 32 9 1 12
8 33 2 5 782
8 34 2 6 5617
8 35 9 3 115
8 36 4 5 1220
8 37 5 9 6909238
8 38 4 4 325
8 39 2 8 226740
8 40 5 4 474
8 41 4 5 482
8 42 7 4 160
8 43 6 5 766
8 44 9 6 6777
8 45 7 4 347
8 46 10 4 507
8 47 9 6 15454
8 48 7 6 7304
8 49 9 3 141
8 50 8 6 18889
8 51 9 5 2238
8 52 1 7 13683
8 53 1 7 21142
8 54 6 5 709
8 55 10 5 3714
8 56 1 5 318
8 57 4 5 867
8 58 4 5 1235
8 59 5 5 3205
8 60 7 3 112
8 61 6 5 923
8 62 10 5 1593
8 63 2 4 116
9 0 10 4 449
9 1 5 4 351
9 2 1 5 188
9 3 9 3 80
9 4 8 3 85
9 5 8 5 1918
9 6 8 6 15261
9 7 9 2 37
9 8 7 4 227
9 9 5 6 7138
9 10 7 5 2742
9 11 7 5 4607
9 12 8 5 3774
9 13 6 4 176
9 14 4 6 6957
9 15 3 3 37
9 16 9 5 1480
9 17 10 3 199
9 18 3 6 2171
9 19 8 6 15602
9 20 4 5 1739
9 21 10 3 189
9 22 10 4 401
9 23 2 4 59
9 24 2 7 19199
9 25 3 5 698
9 26 10 3 74
9 27 8 2 27
9 28 8 5 3574
9 29 10 3 212
9 30 5 5 2030
9 31 7 5 3173
9 32 1 5 130
9 33 4 3 34
9 34 8 6 9680
9 35 5 6 16330
9 36 10 5 2837
9 37 3 7 21888
9 38 9 4 875
9 39 6 7 35677
9 40 6 6 4400
9 41 1 7 25011
9 42 9 5 2234
9 43 10 2 25
9 44 4 7 76738
9 45 2 5 402
9 46 7 6 8391
9 47 9 4 496
9 48 8 4 269
9 49 5 5 1093
9 50 7 6 8550
9 51 10 4 707
9 52 8 4 419
9 53 2 4 149
9 54 9 5 1913
9 55 8 5 2244
9 56 2 5 507
9 57 6 4 197
9 58 10 3 174
9 59 3 5 999
9 60 1 6 1767
9 61 10 6 34383
9 62 3 4 109
9 63 8 5 2706
10 0 6 5 1678
10 1 8 4 329
10 2 7 4 629
10 3 5 5 3050
10 4 3 5 554
10 5 2 5 495
10 6 9 5 1470
10 7 5 3 44
10 8 6 5 695
10 9 9 4 874
10 10 6 6 17488
10 11 10 2 39
10 12 2 6 2531
10 13 4 4 315
10 14 9 7 182434
10 15 7 5 1512
10 16 8 5 1640
10 17 9 3 69
10 18 10 3 78
10 19 8 4 222
10 20 1 8 48033
10 21 9 6 39443
10 22 2 7 16387
10 23 8 4 249
10 24 3 7 48869
10 25 5 5 619
10 26 8 6 37275
10 27 9 5 3456
10 28 4 4 440
10 29 7 5 3196
10 30 9 3 176
10 31 3 6 2793
10 32 4 7 28547
10 33 10 6 38062
10 34 2 6 2363
10 35 7 5 1171
10 36 6 5 1305
10 37 10 4 288
10 38 10 3 73
10 39 7 5 1440
10 40 10 7 77136
10 41 10 4 379
10 42 5 6 11074
10 43 4 6 4550
10 44 9 6 21065
10 45 2 6 6758
10 46 3 6 2371
10 47 9 6 8948
10 48 10 3 102
10 49 9 4 371
10 50 6 4 403
10 51 8 5 2240
10 52 2 4 225
10 53 10 5 1134
10 54 8 4 312
10 55 7 4 241
10 56 10 5 5353
10 57 1 6 3160
10 58 5 3 75
10 59 6 6 7835
10 60 8 5 3426
10 61 1 4 31
10 62 4 5 1932
10 63 3 6 5166
11 0 8 4 237
11 1 7 3 140
11 2 6 6 26427
11 3 8 2 41
11 4 6 4 620
11 5 6 5 2873
11 6 8 4 775
11 7 3 4 208
11 8 7 2 17
11 9 5 3 37
11 10 1 6 1715
11 11 6 4 475
11 12 7 4 171
11 13 1 5 154
11 14 1 5 334
11 15 7 6 13264
11 16 6 4 510
11 17 10 4 936
11 18 6 4 276
11 19 5 3 82
11 20 5 5 1415
11 21 5 5 1772
11 22 2 6 2387
11 23 7 6 22238
11 24 1 6 1924
11 25 3 5 1346
11 26 6 3 76
11 27 8 6 6546
11 28 10 4 940
11 29 10 6 23538
11 30 1 6 2886
11 31 3 4 259
11 32 2 5 241
11 33 6 6 25157
11 34 5 5 1328
11 35 1 5 135
11 36 8 5 1982
11 37 6 5 1806
11 38 2 3 19
11 39 10 4 247
11 40 9 6 29514
11 41 7 6 15921
11 42 3 5 1031
11 43 10 3 96
11 44 9 4 575
11 45 10 3 176
11 46 4 5 2363
11 47 3 6 11175
11 48 8 5 4677
11 49 4 7 35301
11 50 4 5 985
11 51 3 3 43
11 52 7 5 1590
11 53 5 6 8099
11 54 10 6 11266
11 55 10 5 3940
11 56 7 5 3903
11 57 1 5 173
11 58 9 5 2304
11 59 10 4 235
11 60 8 6 30050
11 61 7 4 424
11 62 2 5 724
11 63 5 4 185
12 0 9 6 15991
12 1 5 7 64597
12 2 9 3 77
12 3 6 6 8187
12 4 1 4 62
12 5 3 4 240
12 6 1 5 423
12 7 1 4 67
12 8 1 6 1070
12 9 4 5 2765
12 10 3 9 1106200
12 11 2 4 153
12 12 3 6 2435
12 13 4 5 856
12 14 10 5 4263
12 15 2 7 13008
12 16 4 4 97
12 17 6 4 260
12 18 3 4 211
12 19 2 4 127
12 20 10 6 18403
12 21 1 7 23479
12 22 4 5 676
12 23 10 6 26973
12 24 7 6 18023
12 25 5 6 15776
12 26 1 4 97
12 27 5 4 477
12 28 7 7 59591
12 29 5 4 413
12 30 7 3 127
12 31 1 7 26474
12 32 9 7 106777
12 33 10 5 5785
12 34 3 4 298
12 35 1 5 237
12 36 3 7 83425
12 37 7 3 81
12 38 2 6 8600
12 39 8 3 168
12 40 10 5 4788
12 41 8 5 1006
12 42 6 5 725
12 43 10 4 467
12 44 1 5 142
12 45 5 5 1925
12 46 10 4 1012
12 47 8 4 214
12 48 8 2 27
12 49 2 7 15047
12 50 1 5 262
12 51 2 7 12088
12 52 3 4 97
12 53 9 6 8524
12 54 8 4 571
12 55 1 5 622
12 56 7 4 771
12 57 5 6 4286
12 58 2 4 124
12 59 1 6 889
12 60 3 6 2675
12 61 3 5 606
12 62 1 6 4316
12 63 2 5 429
13 0 6 4 180
13 1 3 5 1188
13 2 1 5 308
13 3 9 3 57
13 4 3 6 6187
13 5 5 6 22330
13 6 6 4 147
13 7 8 1 5
13 8 9 1 15
13 9 5 6 19808
13 10 7 4 233
13 11 1 6 1097
13 12 7 4 736
13 13 5 6 5229
13 14 5 3 29
13 15 9 5 1213
13 16 2 4 56
13 17 9 6 32646
13 18 10 2 24
13 19 2 8 314607
13 20 2 6 5009
13 21 4 5 1011
13 22 7 3 40
13 23 10 5 6032
13 24 4 3 43
13 25 5 5 3144
13 26 1 5 303
13 27 5 7 30147
13 28 6 8 982433
13 29 5 4 297
13 30 6 5 1427
13 31 1 4 23
13 32 4 8 539121
13 33 6 3 78
13 34 1 4 43
13 35 7 4 470
13 36 1 4 64
13 37 10 8 689727
13 38 8 3 81
13 39 5 4 282
13 40 8 7 125218
13 41 2 7 39125
13 42 8 2 21
13 43 10 4 301
13 44 5 4 149
13 45 3 5 359
13 46 10 7 277275
13 47 7 4 329
13 48 4 3 40
13 49 6 5 3631
13 50 6 2 27
13 51 10 3 110
13 52 6 4 232
13 53 2 6 8281
13 54 9 6 35303
13 55 1 5 267
13 56 4 4 374
13 57 9 4 1004
13 58 8 3 46
13 59 2 6 8283
13 60 9 4 435
13 61 2 8 98000
13 62 2 4 72
13 63 6 3 84
14 0 4 3 62
14 1 10 4 654
14 2 10 4 451
14 3 1 7 24021
14 4 3 6 3559
14 5 3 5 717
14 6 8 5 3732
14 7 8 2 32
14 8 8 5 1027
14 9 5 3 68
14 10 9 4 791
14 11 7 5 3286
14 12 8 5 1270
14 13 8 6 11230
14 14 5 5 2919
14 15 2 6 1561
14 16 6 4 222
14 17 10 5 3636
14 18 8 3 99
14 19 3 3 39
14 20 6 3 124
14 21 6 3 105
14 22 9 4 248
14 23 10 6 17947
14 24 10 5 6030
14 25 5 6 18108
14 26 4 5 1610
14 27 9 4 392
14 28 9 5 2554
14 29 10 4 975
14 30 10 4 293
14 31 4 3 37
14 32 8 6 12280
14 33 2 6 2498
14 34 5 4 163
14 35 7 4 725
14 36 9 6 9468
14 37 5 5 1453
14 38 6 6 4358
14 39 2 5 652
14 40 6 4 500
14 41 7 5 1043
14 42 6 6 18159
14 43 8 5 3141
14 44 4 6 5122
14 45 9 4 437
14 46 8 5 2866
14 47 9 4 416
14 48 10 6 13895
14 49 7 3 117
14 50 2 7 24360
14 51 5 6 3851
14 52 8 4 442
14 53 10 4 586
14 54 6 6 4996
14 55 9 5 3569
14 56 8 5 1350
14 57 5 4 214
14 58 1 3 11
14 59 8 3 113
14 60 4 3 72
14 61 10 4 394
14 62 2 5 443
14 63 7 4 554
15 0 4 5 547
15 1 4 6 19397
15 2 8 5 2204
15 3 6 4 216
15 4 1 6 2269
15 5 10 5 1281
15 6 7 3 128
15 7 5 6 14809
15 8 7 5 3756
15 9 9 4 293
15 10 7 4 659
15 11 7 5 875
15 12 1 5 447
15 13 8 5 1461
15 14 4 4 316
15 15 4 6 10171
15 16 2 5 1332
15 17 2 8 155887
15 18 3 4 219
15 19 5 6 4023
15 20 10 4 1040
15 21 7 6 11258
15 22 3 4 278
15 23 3 4 280
15 24 10 3 94
15 25 7 5 3110
15 26 7 5 1008
15 27 8 7 59733
15 28 4 4 347
15 29 7 5 4532
15 30 6 4 211
15 31 5 5 772
15 32 8 2 35
15 33 4 4 394
15 34 10 3 130
15 35 9 4 810
15 36 3 2 13
15 37 8 5 1289
15 38 1 5 389
15 39 7 2 25
15 40 7 6 9857
15 41 5 7 109041
15 42 7 4 761
15 43 10 5 4695
15 44 1 5 343
15 45 1 6 2858
15 46 1 5 411
15 47 10 2 42
15 48 5 4 158
15 49 7 4 341
15 50 6 6 6812
15 51 9 6 15347
15 52 5 4 317
15 53 7 4 260
15 54 5 4 460
15 55 9 3 138
15 56 9 3 164
15 57 9 6 13453
15 58 7 3 136
15 59 9 2 33
15 60 2 6 3781
15 61 5 5 2578
15 62 9 5 1433
15 63 10 4 423
16 0 6 3 67
16 1 10 8 616719
16 2 9 6 7435
16 3 5 4 266
16 4 10 6 13230
16 5 7 5 3747
16 6 4 6 5518
16 7 7 7 71432
16 8 9 5 5262
16 9 5 5 633
16 10 9 3 138
16 11 5 5 782
16 12 8 4 831
16 13 7 7 69898
16 14 6 4 586
16 15 9 4 434
16 16 5 5 1070
16 17 1 3 18
16 18 5 5 1576
16 19 1 6 2589
16 20 9 7 271702
16 21 3 5 470
16 22 9 6 10269
16 23 5 4 425
16 24 1 6 754
16 25 3 7 24321
16 26 2 4 50
16 27 6 6 21934
16 28 10 5 6770
16 29 10 2 53
16 30 2 4 118
16 31 5 7 84658
16 32 10 6 9906
16 33 10 4 555
16 34 4 5 2079
16 35 2 4 169
16 36 10 2 19
16 37 3 6 3051
16 38 8 5 4511
16 39 5 5 1401
16 40 3 7 16222
16 41 9 4 378
16 42 2 5 450
16 43 9 7 59376
16 44 4 8 201809
16 45 2 3 36
16 46 5 5 1354
16 47 9 6 6528
16 48 3 6 12226
16 49 3 6 2716
16 50 10 2 40
16 51 9 5 5331
16 52 2 7 10044
16 53 1 5 280
16 54 10 3 201
16 55 8 4 220
16 56 6 8 294537
16 57 1 5 223
16 58 4 4 125
16 59 9 1 14
16 60 10 2 29
16 61 5 6 11962
16 62 5 4 268
16 63 9 4 767
17 0 4 4 104
17 1 2 5 674
17 2 3 5 393
17 3 1 6 3441
17 4 9 6 16336
17 5 7 6 5533
17 6 5 6 13114
17 7 7 2 25
17 8 4 5 547
17 9 10 3 105
17 10 2 3 37
17 11 7 7 93892
17 12 1 5 441
17 13 4 4 203
17 14 4 3 75
17 15 4 3 81
17 16 6 4 357
17 17 4 6 4215
17 18 2 5 493
17 19 9 4 293
17 20 7 6 18698
17 21 6 2 14
17 22 8 6 16678
17 23 6 6 14029
17 24 8 3 114
17 25 2 5 254
17 26 10 4 557
17 27 2 4 60
17 28 9 5 3727
17 29 7 6 5720
17 30 4 3 42
17 31 9 7 62994
17 32 2 5 989
17 33 1 6 1005
17 34 4 4 109
17 35 9 4 522
17 36 9 5 3897
17 37 6 4 206
17 38 2 6 6727
17 39 2 6 4116
17 40 1 7 30302
17 41 2 8 99287
17 42 5 4 354
17 43 2 5 352
17 44 10 4 239
17 45 3 4 80
17 46 10 7 189327
17 47 8 4 618
17 48 10 5 2621
17 49 6 5 1450
17 50 6 3 108
17 51 3 6 3459
17 52 4 5 866
17 53 5 5 3340
17 54 7 4 253
17 55 8 6 8274
17 56 8 3 151
17 57 1 5 201
17 58 10 3 181
17 59 6 5 1173
17 60 8 4 283
17 61 4 7 25498
17 62 3 2 11
17 63 1 6 1054
18 0 4 4 151
18 1 10 6 17705
18 2 9 6 13443
18 3 4 5 1170
18 4 6 3 41
18 5 2 7 30172
18 6 2 3 43
18 7 7 4 165
18 8 3 4 81
18 9 2 4 137
18 10 4 4 294
18 11 1 6 3125
18 12 6 5 3195
18 13 7 4 167
18 14 4 7 36165
18 15 3 3 21
18 16 8 4 350
18 17 9 6 11752
18 18 4 6 12190
18 19 3 4 327
18 20 4 7 34886
18 21 8 3 163
18 22 4 5 782
18 23 9 4 584
18 24 9 4 458
18 25 2 4 126
18 26 4 4 258
18 27 1 7 26306
18 28 7 4 365
18 29 7 6 10564
18 30 2 5 1357
18 31 2 3 35
18 32 9 6 17799
18 33 7 5 2653
18 34 10 2 34
18 35 10 5 5956
18 36 5 6 19460
18 37 5 4 111
18 38 4 4 144
18 39 1 6 1249
18 40 8 4 324
18 41 3 6 4223
18 42 5 6 7485
18 43 1 5 341
18 44 7 7 58525
18 45 3 7 40618
18 46 3 6 3374
18 47 9 5 1241
18 48 8 4 318
18 49 3 5 1014
18 50 7 5 2900
18 51 7 4 352
18 52 9 5 5574
18 53 10 5 2198
18 54 4 3 87
18 55 9 5 1906
18 56 3 4 154
18 57 3 7 74612
18 58 6 4 355
18 59 1 6 4313
18 60 2 5 540
18 61 10 4 645
18 62 8 5 2067
18 63 6 2 26
19 0 9 5 1457
19 1 2 4 182
19 2 5 5 1539
19 3 5 5 708
19 4 8 3 172
19 5 10 4 1125
19 6 6 3 120
19 7 4 5 2278
19 8 8 5 1784
19 9 10 7 60048
19 10 3 5 2046
19 11 2 5 357
19 12 9 7 139315
19 13 2 5 598
19 14 7 6 6624
19 15 7 5 2438
19 16 7 5 1564
19 17 2 5 1056
19 18 3 7 61993
19 19 7 6 11274
19 20 9 4 884
19 21 4 4 239
19 22 2 6 4805
19 23 9 4 209
19 24 8 2 32
19 25 5 4 169
19 26 9 4 993
19 27 2 7 60210
19 28 1 5 447
19 29 10 6 12784
19 30 2 6 2427
19 31 9 4 616
19 32 7 3 38
19 33 1 8 88271
19 34 5 5 2201
19 35 1 7 13614
19 36 2 9 869880
19 37 10 4 722
19 38 10 4 369
19 39 3 6 8020
19 40 2 6 1895
19 41 9 5 1106
19 42 4 6 19473
19 43 2 7 11241
19 44 1 5 166
19 45 4 7 37571
19 46 3 6 4977
19 47 5 4 245
19 48 1 4 30
19 49 6 3 32
19 50 5 6 11628
19 51 10 3 148
19 52 9 3 179
19 53 8 3 78
19 54 10 2 48
19 55 7 4 525
19 56 10 4 738
19 57 8 4 181
19 58 6 8 417202
19 59 6 3 65
19 60 4 4 109
19 61 1 5 369
19 62 7 5 3902
19 63 1 6 1002
20 0 10 2 36
20 1 10 3 170
20 2 1 6 1347
20 3 9 5 1527
20 4 6 4 176
20 5 4 3 62
20 6 6 6 14264
20 7 6 7 80097
20 8 9 4 803
20 9 9 4 238
20 10 9 7 120623
20 11 10 4 307
20 12 8 4 808
20 13 10 4 880
20 14 1 5 450
20 15 1 7 13867
20 16 4 5 529
20 17 7 4 301
20 18 1 6 1416
20 19 2 6 2259
20 20 2 4 72
20 21 6 6 5361
20 22 1 3 16
20 23 8 4 823
20 24 8 3 145
20 25 2 5 716
20 26 9 4 249
20 27 10 5 4037
20 28 5 4 323
20 29 1 4 79
20 30 7 7 86643
20 31 1 7 8750
20 32 5 5 644
20 33 5 6 4910
20 34 7 6 8784
20 35 7 4 198
20 36 6 5 1059
20 37 1 4 43
20 38 9 4 243
20 39 3 4 182
20 40 8 4 823
20 41 6 4 591
20 42 1 4 33
20 43 7 5 1652
20 44 1 5 397
20 45 2 5 1368
20 46 4 6 7372
20 47 3 5 835
20 48 8 6 27946
20 49 1 7 7511
20 50 6 4 187
20 51 4 6 4181
20 52 7 5 1451
20 53 5 7 37661
20 54 6 5 768
20 55 6 5 2569
20 56 9 3 64
20 57 9 5 2627
20 58 10 4 416
20 59 4 4 341
20 60 7 3 110
20 61 2 6 3691
20 62 3 5 1432
20 63 8 5 1227
21 0 2 6 6577
21 1 5 6 13607
21 2 7 4 566
21 3 3 6 2823
21 4 6 7 144779
21 5 4 3 88
21 6 1 8 168767
21 7 8 6 22962
21 8 8 7 52657
21 9 10 4 700
21 10 9 4 246
21 11 8 4 847
21 12 9 6 8445
21 13 9 5 2803
21 14 7 3 105
21 15 4 6 19037
21 16 5 6 4914
21 17 2 5 684
21 18 8 3 172
21 19 3 4 104
21 20 3 5 1863
21 21 4 6 5990
21 22 9 8 429443
21 23 3 8 145359
21 24 5 8 617482
21 25 7 5 1669
21 26 2 3 36
21 27 10 2 51
21 28 6 4 496
21 29 9 5 2144
21 30 4 5 1144
21 31 6 3 36
21 32 9 4 246
21 33 8 6 33543
21 34 10 5 2205
21 35 5 4 157
21 36 2 6 1574
21 37 7 5 1596
21 38 4 5 762
21 39 3 7 14945
21 40 4 6 8416
21 41 7 6 7612
21 42 7 6 23967
21 43 8 4 690
21 44 7 5 2280
21 45 5 4 376
21 46 9 4 274
21 47 4 5 2747
21 48 8 4 209
21 49 6 3 114
21 50 7 3 89
21 51 1 5 205
21 52 6 4 308
21 53 5 5 1382
21 54 8 7 107606
21 55 6 6 5970
21 56 6 3 117
21 57 6 4 438
21 58 1 4 41
21 59 6 6 16995
21 60 1 6 749
21 61 5 5 742
21 62 9 5 3384
21 63 6 5 1188
22 0 4 6 3531
22 1 2 5 567
22 2 4 4 270
22 3 4 3 48
22 4 5 7 146712
22 5 7 1 12
22 6 9 6 9518
22 7 1 6 1499
22 8 5 6 20484
22 9 6 5 1450
22 10 2 6 1527
22 11 8 5 1047
22 12 4 9 4114008
22 13 7 5 1218
22 14 4 5 1323
22 15 1 5 235
22 16 9 4 349
22 17 10 5 1423
22 18 5 5 2162
22 19 8 4 233
22 20 8 4 411
22 21 7 3 86
22 22 2 7 31598
22 23 6 5 3667
22 24 5 5 1216
22 25 7 3 43
22 26 4 5 1286
22 27 9 5 1269
22 28 4 6 3655
22 29 1 8 91699
22 30 8 3 141
22 31 3 5 1149
22 32 7 5 1697
22 33 5 4 146
22 34 8 2 41
22 35 1 6 1161
22 36 1 5 153
22 37 3 3 49
22 38 8 6 25056
22 39 9 4 327
22 40 9 2 28
22 41 10 5 1219
22 42 5 8 448854
22 43 8 3 62
22 44 1 7 16067
22 45 7 4 674
22 46 3 7 29789
22 47 8 2 42
22 48 3 5 891
22 49 2 6 5926
22 50 2 4 179
22 51 2 4 78
22 52 9 3 195
22 53 10 3 138
22 54 9 3 146
22 55 9 9 3977597
22 56 10 3 130
22 57 6 5 1351
22 58 6 4 148
22 59 3 4 87
22 60 1 7 7912
22 61 8 4 439
22 62 6 6 15518
22 63 5 4 313
23 0 3 4 203
23 1 4 6 3242
23 2 5 5 3353
23 3 2 6 1536
23 4 7 4 306
23 5 8 4 883
23 6 7 5 1970
23 7 3 5 706
23 8 8 4 252
23 9 2 4 97
23 10 2 5 314
23 11 6 6 8712
23 12 10 3 89
23 13 3 3 66
23 14 7 6 34198
23 15 4 7 29629
23 16 10 2 46
23 17 1 8 148391
23 18 4 7 31856
23 19 5 4 274
23 20 5 5 1712
23 21 6 4 550
23 22 5 6 9728
23 23 3 6 4932
23 24 5 4 199
23 25 8 4 250
23 26 2 7 11124
23 27 8 5 1358
23 28 3 5 456
23 29 3 6 12721
23 30 3 6 5433
23 31 2 6 2959
23 32 3 4 77
23 33 6 4 241
23 34 9 3 126
23 35 10 2 18
23 36 6 5 1992
23 37 4 6 2789
23 38 7 5 2190
23 39 10 1 10
23 40 4 4 226
23 41 1 5 454
23 42 8 4 814
23 43 10 3 216
23 44 2 5 401
23 45 6 4 349
23 46 2 8 260225
23 47 3 3 55
23 48 3 6 3132
23 49 8 5 1104
23 50 5 4 118
23 51 5 4 533
23 52 6 4 321
23 53 7 5 849
23 54 7 5 1001
23 55 10 5 2680
23 56 8 5 1054
23 57 1 6 780
23 58 7 3 99
23 59 3 5 876
23 60 8 3 62
23 61 5 3 63
23 62 5 3 100
23 63 7 4 210
24 0 4 5 473
24 1 7 3 149
24 2 7 4 239
24 3 5 4 464
24 4 10 6 12107
24 5 10 4 688
24 6 2 4 140
24 7 6 5 1628
24 8 4 3 68
24 9 4 5 1959
24 10 10 3 149
24 11 6 6 9524
24 12 1 6 951
24 13 8 2 22
24 14 8 5 3976
24 15 6 7 232055
24 16 3 4 286
24 17 1 6 3851
24 18 6 5 3117
24 19 4 7 84943
24 20 3 4 101
24 21 1 5 122
24 22 9 7 186052
24 23 3 6 2904
24 24 6 5 762
24 25 1 7 7776
24 26 2 6 3762
24 27 10 4 1115
24 28 3 6 8690
24 29 5 4 164
24 30 5 5 1514
24 31 10 5 4421
24 32 6 7 144181
24 33 6 7 63884
24 34 9 3 71
24 35 6 5 1252
24 36 4 5 614
24 37 10 6 35070
24 38 10 7 98074
24 39 10 2 44
24 40 7 4 377
24 41 10 7 61436
24 42 7 6 9723
24 43 10 3 190
24 44 3 6 2433
24 45 9 5 2991
24 46 6 5 858
24 47 6 4 460
24 48 9 3 196
24 49 2 5 450
24 50 1 6 1497
24 51 2 4 77
24 52 9 7 169951
24 53 7 7 83613
24 54 4 4 246
24 55 9 3 80
24 56 3 6 7240
24 57 5 5 695
24 58 1 4 77
24 59 6 4 216
24 60 8 4 666
24 61 10 5 2607
24 62 10 3 68
24 63 5 5 719
25 0 5 4 340
25 1 8 4 322
25 2 5 4 421
25 3 9 3 49
25 4 1 5 512
25 5 6 4 198
25 6 8 2 20
25 7 1 6 1472
25 8 7 4 487
25 9 2 4 181
25 10 6 5 1003
25 11 9 5 1437
25 12 8 4 545
25 13 9 5 1513
25 14 1 4 54
25 15 10 5 3409
25 16 10 4 533
25 17 3 5 1772
25 18 9 4 947
25 19 7 6 6488
25 20 6 5 1743
25 21 10 4 469
25 22 1 5 319
25 23 5 4 549
25 24 4 6 11667
25 25 7 5 1288
25 26 5 3 64
25 27 8 5 2201
25 28 7 6 5377
25 29 5 5 725
25 30 1 6 1246
25 31 1 5 143
25 32 9 4 275
25 33 6 3 87
25 34 8 4 283
25 35 9 3 110
25 36 1 6 914
25 37 4 7 20704
25 38 3 6 6435
25 39 2 6 6179
25 40 6 3 119
25 41 9 4 890
25 42 3 6 3299
25 43 5 4 256
25 44 5 6 5856
25 45 5 5 3267
25 46 1 7 5599
25 47 2 6 2418
25 48 4 6 17532
25 49 8 4 208
25 50 6 3 50
25 51 5 4 328
25 52 8 5 1097
25 53 3 5 1563
25 54 3 5 678
25 55 5 6 10624
25 56 8 4 456
25 57 4 4 147
25 58 7 5 1327
25 59 6 3 61
25 60 5 5 3445
25 61 10 5 1949
25 62 4 5 607
25 63 4 4 194
26 0 8 4 330
26 1 3 7 17747
26 2 5 5 2037
26 3 2 6 2639
26 4 6 5 3937
26 5 3 6 7505
26 6 5 3 64
26 7 9 5 1021
26 8 7 7 70814
26 9 6 4 210
26 10 3 5 1258
26 11 5 4 173
26 12 3 4 236
26 13 5 4 437
26 14 1 7 17373
26 15 3 5 653
26 16 7 6 9626
26 17 7 3 44
26 18 7 6 5664
26 19 5 3 80
26 20 1 7 11693
26 21 9 5 1372
26 22 7 3 89
26 23 1 6 3347
26 24 7 3 90
26 25 1 4 76
26 26 9 4 290
26 27 4 4 367
26 28 10 3 148
26 29 10 4 881
26 30 7 8 905649
26 31 3 6 12577
26 32 2 7 50577
26 33 9 3 168
26 34 6 5 2536
26 35 6 4 249
26 36 9 4 962
26 37 1 4 77
26 38 5 7 28198
26 39 1 4 58
26 40 4 7 37311
26 41 6 6 6940
26 42 10 4 876
26 43 8 6 14904
26 44 6 5 4126
26 45 9 5 1444
26 46 8 5 4743
26 47 8 5 3989
26 48 3 6 8990
26 49 10 3 115
26 50 8 7 102782
26 51 4 6 3175
26 52 10 5 4033
26 53 4 3 76
26 54 1 5 459
26 55 8 5 2152
26 56 7 5 2171
26 57 8 4 783
26 58 1 4 41
26 59 9 6 15895
26 60 4 4 96
26 61 1 4 94
26 62 8 4 695
26 63 10 6 7106
27 0 3 5 975
27 1 7 3 54
27 2 2 4 64
27 3 7 5 3959
27 4 7 4 535
27 5 5 5 1619
27 6 10 5 2550
27 7 8 5 2709
27 8 4 6 6346
27 9 2 5 868
27 10 3 5 439
27 11 2 5 245
27 12 10 4 240
27 13 3 7 69695
27 14 4 6 14080
27 15 7 4 161
27 16 5 1 7
27 17 8 6 13828
27 18 3 3 36
27 19 5 3 70
27 20 8 3 79
27 21 8 4 383
27 22 6 4 395
27 23 5 6 15732
27 24 3 4 77
27 25 3 4 323
27 26 8 8 1820819
27 27 7 4 258
27 28 4 6 16678
27 29 1 6 1594
27 30 6 9 2800459
27 31 6 5 3423
27 32 4 4 150
27 33 8 5 2572
27 34 9 5 3557
27 35 3 4 224
27 36 8 4 196
27 37 1 5 461
27 38 4 8 302986
27 39 3 5 1973
27 40 8 3 109
27 41 9 4 497
27 42 2 5 980
27 43 8 6 13010
27 44 2 5 896
27 45 1 7 22162
27 46 10 4 834
27 47 10 4 1044
27 48 4 5 2289
27 49 2 6 2315
27 50 3 4 304
27 51 6 4 336
27 52 6 5 2167
27 53 6 7 63489
27 54 2 3 37
27 55 8 5 2446
27 56 9 4 649
27 57 9 4 334
27 58 10 6 9985
27 59 1 4 86
27 60 2 6 2901
27 61 3 5 611
27 62 7 5 2926
27 63 7 6 17845
28 0 8 5 935
28 1 6 5 1048
28 2 6 4 432
28 3 9 4 410
28 4 4 4 164
28 5 8 5 2556
28 6 8 3 122
28 7 10 4 314
28 8 9 3 103
28 9 10 3 162
28 10 9 4 425
28 11 9 1 15
28 12 8 8 432998
28 13 8 3 138
28 14 4 4 138
28 15 1 6 1010
28 16 10 3 60
28 17 2 4 141
28 18 1 6 1462
28 19 3 6 4340
28 20 8 5 5327
28 21 10 5 4384
28 22 9 5 1562
28 23 5 3 87
28 24 1 5 143
28 25 6 4 634
28 26 1 6 3578
28 27 9 7 224727
28 28 3 5 590
28 29 8 5 1402
28 30 2 7 13776
28 31 5 3 59
28 32 5 4 124
28 33 1 7 11520
28 34 1 5 187
28 35 10 7 220569
28 36 3 4 239
28 37 4 5 552
28 38 8 5 2706
28 39 5 6 18366
28 40 4 5 1841
28 41 3 4 304
28 42 6 5 3076
28 43 8 4 399
28 44 6 2 25
28 45 2 4 70
28 46 9 4 262
28 47 5 8 966408
28 48 10 4 435
28 49 3 5 713
28 50 8 5 4067
28 51 7 6 17415
28 52 4 6 3156
28 53 3 6 8688
28 54 5 3 64
28 55 3 6 2225
28 56 2 6 6370
28 57 5 6 5355
28 58 6 6 13070
28 59 3 9 2742840
28 60 4 3 81
28 61 1 5 282
28 62 4 7 21622
28 63 5 3 97
29 0 8 4 262
29 1 10 6 11609
29 2 5 5 824
29 3 10 4 298
29 4 8 4 560
29 5 3 6 2935
29 6 4 7 57051
29 7 7 5 1606
29 8 9 3 121
29 9 1 6 4278
29 10 10 3 58
29 11 5 6 4281
29 12 9 5 1541
29 13 6 4 320
29 14 1 4 66
29 15 6 4 358
29 16 8 6 7085
29 17 8 6 6321
29 18 1 6 822
29 19 9 6 9045
29 20 8 5 994
29 21 2 5 237
29 22 2 5 814
29 23 5 6 11360
29 24 10 5 3770
29 25 5 5 2474
29 26 2 6 4256
29 27 9 8 469950
29 28 4 4 370
29 29 5 6 5220
29 30 6 4 460
29 31 7 4 467
29 32 8 4 554
29 33 9 5 1937
29 34 9 6 26540
29 35 2 5 948
29 36 10 2 26
29 37 3 4 169
29 38 4 6 4807
29 39 10 5 1806
29 40 2 3 39
29 41 10 5 2278
29 42 1 5 354
29 43 4 5 934
29 44 1 7 21833
29 45 9 4 432
29 46 8 7 77021
29 47 1 5 413
29 48 6 5 1004
29 49 10 4 469
29 50 6 4 652
29 51 10 7 58512
29 52 9 5 6179
29 53 4 5 1875
29 54 4 4 161
29 55 6 2 28
29 56 1 4 35
29 57 5 6 14561
29 58 9 3 128
29 59 9 2 26
29 60 7 5 1895
29 61 1 5 168
29 62 3 6 2136
29 63 10 5 4787
30 0 2 6 5998
30 1 6 4 297
30 2 9 6 7505
30 3 4 3 31
30 4 10 7 139204
30 5 8 4 263
30 6 1 6 1974
30 7 8 4 382
30 8 10 4 445
30 9 7 6 25150
30 10 5 4 283
30 11 8 5 4356
30 12 4 6 2972
30 13 3 5 573
30 14 3 6 5195
30 15 5 6 5149
30 16 1 4 60
30 17 10 3 64
30 18 8 6 21199
30 19 10 3 61
30 20 4 3 42
30 21 1 6 1161
30 22 2 5 232
30 23 4 6 4457
30 24 10 3 125
30 25 10 3 171
30 26 7 5 3946
30 27 10 5 3178
30 28 7 6 20709
30 29 5 6 3670
30 30 5 5 1303
30 31 8 4 277
30 32 7 3 148
30 33 8 3 113
30 34 1 7 38995
30 35 3 8 570595
30 36 10 3 70
30 37 1 6 867
30 38 4 5 517
30 39 2 6 6239
30 40 2 8 514616
30 41 8 6 12357
30 42 10 5 5397
30 43 1 5 260
30 44 3 6 5815
30 45 2 6 1448
30 46 3 8 240983
30 47 10 1 3
30 48 1 7 29082
30 49 5 5 1054
30 50 1 5 600
30 51 7 3 65
30 52 7 4 376
30 53 5 4 261
30 54 6 5 3978
30 55 5 5 3053
30 56 1 4 31
30 57 1 6 908
30 58 9 5 3733
30 59 6 7 138535
30 60 8 1 9
30 61 10 3 124
30 62 4 3 54
30 63 6 5 684
31 0 7 4 176
31 1 2 6 2127
31 2 10 8 1147829
31 3 6 6 5915
31 4 2 3 38
31 5 8 4 470
31 6 7 4 785
31 7 9 3 116
31 8 5 6 18227
31 9 4 4 156
31 10 5 5 1719
31 11 6 6 18282
31 12 6 7 83082
31 13 5 6 3684
31 14 8 4 308
31 15 3 4 273
31 16 3 5 1255
31 17 1 4 35
31 18 4 5 631
31 19 6 5 2579
31 20 8 3 56
31 21 2 6 1563
31 22 3 6 3727
31 23 1 7 38678
31 24 7 5 2180
31 25 9 6 8422
31 26 9 3 176
31 27 1 6 4576
31 28 2 4 132
31 29 6 5 1365
31 30 2 6 1595
31 31 6 6 8245
31 32 6 4 505
31 33 7 4 463
31 34 3 5 438
31 35 5 3 46
31 36 2 5 655
31 37 8 6 14044
31 38 1 9 702903
31 39 8 4 198
31 40 7 5 905
31 41 5 5 2622
31 42 2 8 309452
31 43 8 6 6342
31 44 1 7 14692
31 45 5 5 1004
31 46 10 6 21317
31 47 10 7 53612
31 48 6 4 237
31 49 5 5 1014
31 50 2 4 47
31 51 6 4 167
31 52 7 5 2702
31 53 6 2 28
31 54 2 6 5146
31 55 4 3 63
31 56 6 5 3673
31 57 4 6 14358
31 58 5 6 14578
31 59 4 6 3295
31 60 1 6 3980
31 61 5 6 9594
31 62 9 3 75
31 63 1 4 83
32 0 4 6 4692
32 1 8 5 2591
32 2 7 6 23474
32 3 1 7 11247
32 4 1 5 649
32 5 4 6 6241
32 6 5 4 221
32 7 4 7 94595
32 8 10 5 3750
32 9 6 4 194
32 10 9 3 141
32 11 8 4 199
32 12 4 4 105
32 13 3 4 168
32 14 7 3 83
32 15 10 8 1839320
32 16 7 4 179
32 17 1 5 210
32 18 1 8 66076
32 19 5 6 10327
32 20 2 6 4216
32 21 3 6 8215
32 22 9 4 319
32 23 8 4 217
32 24 1 6 1093
32 25 8 2 34
32 26 8 4 815
32 27 9 3 53
32 28 9 4 243
32 29 2 4 159
32 30 10 4 614
32 31 2 3 11
32 32 10 5 2596
32 33 8 4 222
32 34 4 5 1094
32 35 5 4 364
32 36 4 6 13965
32 37 9 4 416
32 38 6 7 34465
32 39 4 4 171
32 40 7 4 229
32 41 8 5 4158
32 42 10 4 890
32 43 3 5 1007
32 44 8 4 184
32 45 6 4 267
32 46 4 6 11757
32 47 6 5 878
32 48 6 3 94
32 49 1 6 1449
32 50 5 6 8199
32 51 1 7 20554
32 52 7 4 253
32 53 3 5 902
32 54 2 5 236
32 55 2 5 451
32 56 4 4 229
32 57 5 5 2313
32 58 2 6 5385
32 59 4 3 66
32 60 7 7 35599
32 61 9 5 5683
32 62 7 3 152
32 63 4 6 3621
33 0 10 4 783
33 1 9 8 1877396
33 2 7 7 36291
33 3 10 3 115
33 4 3 7 75787
33 5 7 7 46063
33 6 3 7 17240
33 7 7 7 42697
33 8 4 5 2756
33 9 2 6 5221
33 10 3 4 159
33 11 8 3 51
33 12 5 3 39
33 13 9 5 2309
33 14 7 4 498
33 15 5 5 1407
33 16 1 9 476608
33 17 9 4 553
33 18 3 6 8371
33 19 2 6 6227
33 20 7 6 9297
33 21 1 6 1210
33 22 9 4 266
33 23 9 6 16930
33 24 3 3 38
33 25 6 3 122
33 26 10 5 5778
33 27 9 3 166
33 28 1 6 1799
33 29 9 5 2508
33 30 9 6 9008
33 31 8 4 773
33 32 2 5 513
33 33 3 6 2616
33 34 5 7 44528
33 35 10 5 1499
33 36 2 6 7593
33 37 6 4 556
33 38 6 6 4895
33 39 7 6 24972
33 40 8 1 14
33 41 6 4 318
33 42 1 4 24
33 43 2 5 495
33 44 5 4 184
33 45 3 4 318
33 46 2 4 204
33 47 10 5 1888
33 48 4 4 389
33 49 9 5 4029
33 50 10 5 1955
33 51 7 5 1294
33 52 7 6 6377
33 53 1 5 355
33 54 4 4 228
33 55 10 4 259
33 56 6 5 2330
33 57 8 3 152
33 58 5 6 14024
33 59 10 2 39
33 60 1 8 150376
33 61 1 7 5743
33 62 1 5 165
33 63 8 6 39322
34 0 8 4 207
34 1 7 4 421
34 2 9 6 32553
34 3 8 1 14
34 4 10 7 120874
34 5 7 4 604
34 6 3 2 12
34 7 6 5 1160
34 8 8 5 2370
34 9 8 5 1019
34 10 1 4 100
34 11 8 4 477
34 12 8 6 23119
34 13 6 4 289
34 14 2 6 9274
34 15 10 1 10
34 16 1 6 3099
34 17 7 4 191
34 18 4 6 6080
34 19 6 7 38013
34 20 5 4 116
34 21 10 4 385
34 22 7 4 592
34 23 6 7 139909
34 24 8 4 404
34 25 9 6 18421
34 26 3 4 315
34 27 3 4 97
34 28 9 5 2012
34 29 6 8 569269
34 30 10 3 90
34 31 4 5 2526
34 32 6 5 1174
34 33 9 2 33
34 34 10 6 8463
34 35 10 4 272
34 36 10 5 3590
34 37 9 5 2168
34 38 5 4 126
34 39 2 6 2934
34 40 3 6 3513
34 41 4 3 61
34 42 4 4 150
34 43 7 5 938
34 44 9 5 1680
34 45 9 4 1000
34 46 2 4 225
34 47 6 4 654
34 48 10 5 1825
34 49 10 4 770
34 50 10 4 480
34 51 6 6 4995
34 52 1 4 45
34 53 9 4 330
34 54 3 6 5769
34 55 10 1 12
34 56 4 8 162389
34 57 10 4 760
34 58 9 4 473
34 59 1 5 126
34 60 10 6 11494
34 61 9 2 41
34 62 2 4 148
34 63 5 4 268
35 0 6 5 1537
35 1 1 4 97
35 2 6 3 92
35 3 10 9 9298840
35 4 4 5 1824
35 5 8 4 428
35 6 10 5 1723
35 7 5 6 6800
35 8 3 5 432
35 9 7 6 17815
35 10 10 4 595
35 11 3 4 127
35 12 6 4 284
35 13 1 4 28
35 14 1 8 68479
35 15 3 6 3306
35 16 7 3 102
35 17 1 4 48
35 18 1 5 422
35 19 8 5 2002
35 20 7 4 555
35 21 10 5 1136
35 22 9 3 160
35 23 2 6 2191
35 24 10 4 538
35 25 5 5 1446
35 26 5 5 1154
35 27 1 9 403004
35 28 2 4 129
35 29 8 7 55342
35 30 2 6 4537
35 31 3 5 996
35 32 2 4 78
35 33 7 4 217
35 34 6 3 67
35 35 3 4 332
35 36 4 5 1012
35 37 10 5 4220
35 38 2 6 1773
35 39 2 5 1150
35 40 6 5 683
35 41 9 6 21141
35 42 4 4 360
35 43 9 4 336
35 44 6 4 576
35 45 2 5 646
35 46 8 5 1079
35 47 3 6 3150
35 48 2 4 92
35 49 9 2 27
35 50 1 6 1701
35 51 2 4 71
35 52 1 5 399
35 53 3 4 320
35 54 4 5 689
35 55 10 4 372
35 56 9 6 10319
35 57 1 8 203716
35 58 9 3 127
35 59 10 4 1063
35 60 5 6 9497
35 61 3 7 19371
35 62 3 8 176380
35 63 9 4 348
36 0 2 5 560
36 1 3 5 1834
36 2 10 5 3094
36 3 6 5 1513
36 4 1 5 582
36 5 10 5 2322
36 6 6 1 8
36 7 2 4 226
36 8 4 4 138
36 9 4 4 206
36 10 8 4 440
36 11 4 2 19
36 12 3 5 1732
36 13 4 5 953
36 14 6 4 284
36 15 4 4 325
36 16 7 7 155394
36 17 7 4 319
36 18 10 3 217
36 19 9 6 39053
36 20 7 5 967
36 21 10 7 54455
36 22 2 6 2823
36 23 7 6 11442
36 24 9 4 923
36 25 5 4 551
36 26 6 5 3449
36 27 9 4 489
36 28 4 3 29
36 29 3 3 61
36 30 6 3 75
36 31 6 4 179
36 32 6 4 285
36 33 2 7 10513
36 34 10 5 4524
36 35 3 4 165
36 36 1 6 1015
36 37 2 4 175
36 38 9 4 566
36 39 3 6 6915
36 40 10 1 11
36 41 8 6 15981
36 42 9 3 144
36 43 3 5 2020
36 44 2 4 164
36 45 9 4 392
36 46 2 5 677
36 47 7 4 357
36 48 1 5 236
36 49 2 7 51660
36 50 7 4 181
36 51 2 3 16
36 52 2 6 2134
36 53 5 3 53
36 54 8 6 18731
36 55 6 5 1221
36 56 2 7 44321
36 57 10 7 65704
36 58 4 3 44
36 59 6 4 163
36 60 3 3 30
36 61 3 4 118
36 62 2 6 2072
36 63 4 6 17176
37 0 6 6 9701
37 1 2 4 172
37 2 5 6 7570
37 3 10 3 63
37 4 8 5 1836
37 5 2 8 132222
37 6 5 2 24
37 7 10 5 5551
37 8 2 4 89
37 9 8 3 96
37 10 9 5 2573
37 11 5 4 466
37 12 1 5 387
37 13 3 6 5173
37 14 6 5 2276
37 15 1 6 1570
37 16 6 5 1500
37 17 1 5 295
37 18 1 4 107
37 19 1 7 14417
37 20 3 5 1375
37 21 6 3 82
37 22 9 5 2364
37 23 9 3 114
37 24 2 4 188
37 25 2 6 2346
37 26 1 5 412
37 27 1 5 433
37 28 9 3 52
37 29 4 5 1331
37 30 7 5 1321
37 31 8 5 2054
37 32 3 4 319
37 33 3 6 5490
37 34 7 4 772
37 35 6 3 90
37 36 8 4 218
37 37 7 3 127
37 38 3 5 1337
37 39 2 6 1558
37 40 9 4 627
37 41 5 4 132
37 42 10 5 4609
37 43 2 5 842
37 44 5 5 2175
37 45 5 4 161
37 46 10 4 469
37 47 9 6 28692
37 48 10 6 9586
37 49 10 6 8539
37 50 9 5 4553
37 51 9 4 290
37 52 1 8 295245
37 53 9 7 52150
37 54 4 4 226
37 55 10 4 816
37 56 3 5 452
37 57 4 6 6237
37 58 7 4 169
37 59 5 5 782
37 60 5 5 1871
37 61 9 6 20458
37 62 7 5 893
37 63 9 5 1276
38 0 5 6 6221
38 1 5 9 4143291
38 2 2 4 96
38 3 7 3 127
38 4 6 5 974
38 5 7 5 968
38 6 8 3 79
38 7 7 5 4838
38 8 9 3 132
38 9 6 7 66189
38 10 10 6 21573
38 11 8 5 2975
38 12 4 3 68
38 13 7 5 3078
38 14 4 4 422
38 15 10 4 351
38 16 2 5 623
38 17 10 6 8662
38 18 9 5 3062
38 19 6 5 3966
38 20 9 3 81
38 21 3 4 244
38 22 10 6 10042
38 23 2 4 146
38 24 10 4 988
38 25 3 6 11702
38 26 10 3 210
38 27 6 7 66115
38 28 3 3 57
38 29 4 7 28220
38 30 5 7 109233
38 31 4 4 90
38 32 7 5 4563
38 33 10 3 188
38 34 2 3 29
38 35 3 4 156
38 36 5 8 625098
38 37 4 5 865
38 38 2 4 129
38 39 10 5 1245
38 40 1 4 92
38 41 5 6 3847
38 42 1 4 30
38 43 6 5 2694
38 44 8 3 93
38 45 4 4 379
38 46 8 4 883
38 47 7 5 1357
38 48 4 6 6103
38 49 5 5 1397
38 50 7 4 291
38 51 5 4 316
38 52 2 3 17
38 53 1 6 695
38 54 9 5 2458
38 55 1 6 3837
38 56 1 6 2044
38 57 9 2 42
38 58 5 3 62
38 59 10 1 10
38 60 3 4 192
38 61 5 5 1992
38 62 8 5 1016
38 63 5 8 501886
39 0 4 6 15365
39 1 9 4 497
39 2 9 5 1111
39 3 9 5 1858
39 4 3 4 319
39 5 9 4 840
39 6 9 2 46
39 7 10 4 387
39 8 1 7 28441
39 9 6 4 242
39 10 5 6 4509
39 11 9 4 666
39 12 10 4 373
39 13 3 5 1984
39 14 7 5 968
39 15 10 4 472
39 16 1 5 511
39 17 6 6 11146
39 18 7 5 3843
39 19 5 6 4277
39 20 1 5 116
39 21 5 6 9278
39 22 8 4 578
39 23 2 6 2156
39 24 1 6 1217
39 25 8 5 924
39 26 5 5 2846
39 27 9 5 1065
39 28 5 6 4847
39 29 2 5 372
39 30 7 5 2136
39 31 8 5 3742
39 32 1 5 154
39 33 3 5 722
39 34 3 7 31092
39 35 2 8 98113
39 36 1 6 783
39 37 2 4 81
39 38 4 3 39
39 39 5 4 302
39 40 5 5 1035
39 41 10 5 2726
39 42 10 3 199
39 43 5 4 307
39 44 1 5 357
39 45 2 6 2135
39 46 10 5 1299
39 47 7 4 206
39 48 3 5 558
39 49 2 5 236
39 50 1 6 1189
39 51 3 6 4518
39 52 1 4 30
39 53 9 6 9142
39 54 8 4 307
39 55 3 5 372
39 56 1 4 108
39 57 9 5 1924
39 58 6 6 18197
39 59 5 6 3836
39 60 7 5 976
39 61 7 6 5959
39 62 7 5 4301
39 63 4 4 302
40 0 4 5 1277
40 1 6 4 271
40 2 7 3 47
40 3 5 5 3237
40 4 7 3 61
40 5 7 5 2727
40 6 1 7 28441
40 7 6 7 156626
40 8 10 4 662
40 9 6 3 60
40 10 10 3 170
40 11 5 4 490
40 12 7 5 1573
40 13 4 3 81
40 14 3 5 518
40 15 6 5 1895
40 16 7 3 56
40 17 10 4 1105
40 18 2 5 288
40 19 7 6 33077
40 20 9 4 346
40 21 1 5 203
40 22 2 6 3660
40 23 1 5 421
40 24 4 5 759
40 25 1 5 307
40 26 10 4 282
40 27 9 7 79636
40 28 10 4 719
40 29 4 6 3759
40 30 3 6 9103
40 31 8 4 243
40 32 6 5 1990
40 33 4 6 11063
40 34 10 5 3951
40 35 7 5 2004
40 36 6 7 56894
40 37 9 4 709
40 38 6 5 1482
40 39 9 5 1695
40 40 1 4 93
40 41 2 3 41
40 42 10 5 2289
40 43 3 5 1429
40 44 8 4 277
40 45 1 6 2049
40 46 10 4 265
40 47 8 4 353
40 48 8 3 110
40 49 5 4 210
40 50 6 4 292
40 51 5 5 2335
40 52 7 5 2950
40 53 5 2 22
40 54 6 4 635
40 55 8 3 48
40 56 7 5 1170
40 57 1 5 140
40 58 3 6 7640
40 59 6 6 20046
40 60 10 3 212
40 61 4 6 8423
40 62 10 5 2762
40 63 5 5 874
41 0 3 4 70
41 1 2 5 366
41 2 7 4 418
41 3 9 7 54144
41 4 10 2 28
41 5 6 5 858
41 6 10 6 14737
41 7 2 5 607
41 8 5 5 1104
41 9 6 6 5430
41 10 2 6 7322
41 11 10 4 820
41 12 9 4 275
41 13 1 8 39989
41 14 2 4 102
41 15 3 6 4234
41 16 7 3 42
41 17 4 6 14332
41 18 1 3 10
41 19 6 5 1755
41 20 3 5 592
41 21 1 3 15
41 22 4 5 1147
41 23 4 3 54
41 24 5 6 7267
41 25 2 5 761
41 26 2 6 3914
41 27 6 3 53
41 28 2 4 85
41 29 2 5 463
41 30 7 3 50
41 31 7 4 640
41 32 4 7 77816
41 33 5 5 675
41 34 5 5 580
41 35 10 3 126
41 36 9 7 225857
41 37 3 7 15558
41 38 8 2 31
41 39 5 8 357325
41 40 6 7 48346
41 41 7 4 173
41 42 8 6 27648
41 43 1 5 201
41 44 7 5 1441
41 45 7 5 2839
41 46 8 4 421
41 47 5 5 1252
41 48 6 10 43877892
41 49 2 6 1913
41 50 9 3 180
41 51 3 6 9730
41 52 10 5 5795
41 53 3 4 216
41 54 4 6 6264
41 55 1 8 299064
41 56 2 6 3698
41 57 2 3 42
41 58 3 4 306
41 59 2 4 176
41 60 7 4 254
41 61 7 3 131
41 62 10 4 934
41 63 3 5 1245
42 0 5 4 206
42 1 8 4 319
42 2 10 2 34
42 3 8 5 1740
42 4 4 6 6888
42 5 8 4 886
42 6 5 7 26600
42 7 4 3 29
42 8 2 6 1697
42 9 3 4 166
42 10 6 5 966
42 11 9 5 2248
42 12 2 6 2092
42 13 3 4 300
42 14 2 6 2452
42 15 5 6 22119
42 16 3 5 948
42 17 5 7 44857
42 18 5 3 32
42 19 10 3 102
42 20 2 5 349
42 21 8 5 991
42 22 4 4 163
42 23 10 6 8720
42 24 10 3 78
42 25 10 5 1377
42 26 8 7 40390
42 27 3 5 1877
42 28 1 4 55
42 29 5 5 2429
42 30 4 6 3971
42 31 8 6 36060
42 32 8 5 2411
42 33 4 5 1649
42 34 9 6 29056
42 35 9 6 8388
42 36 5 7 39347
42 37 5 5 2596
42 38 5 4 279
42 39 1 6 1893
42 40 8 6 7364
42 41 10 3 152
42 42 3 4 130
42 43 4 5 768
42 44 2 5 400
42 45 1 6 3446
42 46 5 3 103
42 47 8 4 781
42 48 4 4 179
42 49 3 4 176
42 50 6 5 1838
42 51 4 8 693936
42 52 7 4 647
42 53 1 7 8580
42 54 8 3 64
42 55 10 4 761
42 56 10 5 4170
42 57 3 6 3453
42 58 5 4 438
42 59 7 4 201
42 60 10 4 228
42 61 6 8 1409272
42 62 10 4 321
42 63 4 5 2711
43 0 3 5 691
43 1 4 6 12686
43 2 3 7 96239
43 3 10 3 156
43 4 3 7 44030
43 5 5 6 3848
43 6 1 6 768
43 7 7 4 600
43 8 3 9 1196748
43 9 2 5 909
43 10 4 5 742
43 11 1 6 2882
43 12 6 3 38
43 13 2 6 3443
43 14 7 3 93
43 15 2 7 38170
43 16 10 5 1684
43 17 8 6 8618
43 18 3 4 225
43 19 3 6 12070
43 20 9 3 54
43 21 8 3 93
43 22 3 5 478
43 23 9 6 11099
43 24 1 6 1015
43 25 7 3 46
43 26 10 5 1808
43 27 4 4 289
43 28 7 5 3956
43 29 5 6 4679
43 30 1 6 2615
43 31 2 3 35
43 32 10 2 23
43 33 5 7 93095
43 34 5 4 389
43 35 3 6 4785
43 36 2 4 142
43 37 4 5 1622
43 38 1 6 1882
43 39 10 4 356
43 40 3 7 48681
43 41 2 6 2414
43 42 5 5 1153
43 43 9 3 105
43 44 7 2 18
43 45 10 5 2692
43 46 3 5 1390
43 47 9 2 28
43 48 10 4 675
43 49 3 7 105382
43 50 4 5 907
43 51 5 6 3944
43 52 10 5 4271
43 53 1 9 760867
43 54 10 3 134
43 55 7 4 551
43 56 2 6 5865
43 57 10 5 4666
43 58 4 2 15
43 59 1 7 32786
43 60 6 5 987
43 61 6 4 222
43 62 1 7 5214
43 63 8 5 1248
44 0 6 5 1653
44 1 1 6 2843
44 2 2 5 1075
44 3 2 3 14
44 4 4 7 134543
44 5 5 6 15520
44 6 1 4 79
44 7 7 4 388
44 8 2 4 107
44 9 10 5 6376
44 10 6 5 1121
44 11 5 5 763
44 12 7 6 9509
44 13 10 5 2650
44 14 5 5 761
44 15 2 6 2571
44 16 8 5 5176
44 17 1 3 16
44 18 8 3 57
44 19 1 5 266
44 20 7 10 90956847
44 21 1 4 31
44 22 6 5 1381
44 23 3 4 84
44 24 9 5 4869
44 25 6 5 695
44 26 1 5 562
44 27 9 3 101
44 28 9 4 246
44 29 4 4 138
44 30 8 3 93
44 31 9 6 13904
44 32 2 5 254
44 33 9 5 4571
44 34 3 5 1992
44 35 7 4 601
44 36 6 5 1466
44 37 6 3 110
44 38 8 3 46
44 39 10 2 39
44 40 5 7 112076
44 41 2 6 1746
44 42 4 4 95
44 43 4 5 783
44 44 6 5 1648
44 45 5 6 10104
44 46 10 4 273
44 47 1 5 603
44 48 4 3 33
44 49 3 5 1159
44 50 10 4 355
44 51 1 5 375
44 52 10 6 12815
44 53 5 5 1498
44 54 6 6 4201
44 55 4 6 3390
44 56 3 5 1126
44 57 9 5 4912
44 58 10 4 563
44 59 8 6 11605
44 60 10 6 13841
44 61 3 7 18351
44 62 8 7 121826
44 63 6 5 1021
45 0 7 3 95
45 1 4 5 2557
45 2 7 4 176
45 3 3 6 4250
45 4 9 3 68
45 5 6 7 113237
45 6 3 6 12768
45 7 5 5 1695
45 8 9 6 17191
45 9 5 5 1573
45 10 4 5 535
45 11 6 6 20877
45 12 10 5 2324
45 13 7 6 34324
45 14 1 4 104
45 15 1 5 271
45 16 2 6 1513
45 17 9 5 2136
45 18 4 4 325
45 19 10 3 54
45 20 7 3 70
45 21 3 5 451
45 22 5 5 1254
45 23 8 3 142
45 24 7 3 101
45 25 10 4 316
45 26 8 5 5244
45 27 1 6 845
45 28 1 5 236
45 29 1 4 42
45 30 4 3 49
45 31 2 6 3755
45 32 5 4 284
45 33 10 3 85
45 34 8 7 71565
45 35 6 6 10684
45 36 2 6 2631
45 37 10 4 543
45 38 10 6 48407
45 39 3 6 2173
45 40 9 4 553
45 41 9 4 223
45 42 8 2 38
45 43 5 4 405
45 44 8 7 114596
45 45 1 5 259
45 46 1 6 1985
45 47 3 6 4033
45 48 3 4 157
45 49 1 6 2647
45 50 2 5 396
45 51 7 7 50538
45 52 7 4 185
45 53 2 6 3225
45 54 9 5 1134
45 55 1 5 351
45 56 5 4 402
45 57 9 7 114905
45 58 7 3 47
45 59 2 5 682
45 60 2 5 350
45 61 4 6 6221
45 62 7 6 6322
45 63 2 5 987
46 0 4 7 73524
46 1 5 4 464
46 2 1 7 8487
46 3 5 4 439
46 4 5 5 3169
46 5 7 3 42
46 6 2 6 7728
46 7 1 6 778
46 8 8 4 568
46 9 9 6 14611
46 10 1 7 8440
46 11 10 4 369
46 12 7 4 194
46 13 3 3 36
46 14 5 5 731
46 15 8 5 1491
46 16 6 3 46
46 17 3 6 7585
46 18 4 6 3147
46 19 4 6 13282
46 20 3 4 98
46 21 9 4 282
46 22 10 5 5005
46 23 5 5 2333
46 24 6 2 24
46 25 10 4 559
46 26 8 5 2369
46 27 3 4 108
46 28 1 8 41770
46 29 9 5 1599
46 30 1 6 1994
46 31 10 4 396
46 32 2 5 784
46 33 2 7 50920
46 34 8 5 3683
46 35 4 5 1583
46 36 6 3 117
46 37 3 6 11557
46 38 10 5 2032
46 39 5 6 3838
46 40 7 9 13874899
46 41 5 3 32
46 42 7 6 10581
46 43 6 8 1310099
46 44 5 4 367
46 45 4 4 370
46 46 2 5 275
46 47 2 5 344
46 48 6 4 280
46 49 2 7 17089
46 50 6 4 295
46 51 7 6 12456
46 52 3 5 362
46 53 1 7 16952
46 54 9 1 8
46 55 9 7 148158
46 56 6 4 619
46 57 4 6 4979
46 58 6 5 2613
46 59 6 4 495
46 60 1 4 89
46 61 1 6 1341
46 62 1 8 253696
46 63 1 7 20868
47 0 8 5 1866
47 1 9 4 485
47 2 8 6 13039
47 3 8 4 783
47 4 9 5 4869
47 5 9 4 215
47 6 4 7 63149
47 7 1 6 1511
47 8 7 4 393
47 9 9 4 978
47 10 10 4 807
47 11 5 5 2833
47 12 6 5 1932
47 13 5 5 3029
47 14 4 6 3338
47 15 2 5 477
47 16 9 3 85
47 17 3 5 1648
47 18 6 4 483
47 19 9 6 7628
47 20 6 3 73
47 21 2 3 31
47 22 4 5 1620
47 23 8 4 825
47 24 6 4 587
47 25 3 6 14588
47 26 2 5 331
47 27 2 3 30
47 28 5 5 2713
47 29 9 2 44
47 30 4 4 277
47 31 10 5 3653
47 32 2 7 74767
47 33 9 3 128
47 34 7 3 59
47 35 3 4 327
47 36 4 5 1840
47 37 10 3 63
47 38 4 6 11911
47 39 7 4 239
47 40 6 6 4704
47 41 6 4 254
47 42 9 5 1833
47 43 4 6 11610
47 44 10 5 4565
47 45 8 4 195
47 46 8 4 256
47 47 10 1 17
47 48 8 6 32128
47 49 7 4 273
47 50 7 6 4980
47 51 3 5 617
47 52 8 6 26626
47 53 7 3 83
47 54 5 4 371
47 55 6 6 25469
47 56 6 5 1167
47 57 5 5 1009
47 58 5 4 127
47 59 2 5 1205
47 60 5 4 362
47 61 10 4 1081
47 62 2 5 1274
47 63 8 3 172
48 0 7 5 898
48 1 1 6 1308
48 2 3 3 20
48 3 6 5 3643
48 4 5 3 36
48 5 9 4 460
48 6 9 2 28
48 7 6 5 2134
48 8 6 6 17255
48 9 8 3 70
48 10 3 4 272
48 11 1 5 233
48 12 9 4 251
48 13 2 5 1287
48 14 5 5 1106
48 15 1 3 8
48 16 6 5 860
48 17 8 3 120
48 18 10 5 6684
48 19 8 6 26429
48 20 5 7 38946
48 21 2 6 6602
48 22 5 6 11174
48 23 6 4 243
48 24 5 4 247
48 25 4 5 684
48 26 4 5 660
48 27 5 5 919
48 28 3 4 166
48 29 7 3 66
48 30 10 3 191
48 31 7 6 5111
48 32 6 5 1486
48 33 1 7 37018
48 34 1 5 204
48 35 9 6 7882
48 36 10 4 643
48 37 1 8 94893
48 38 3 3 64
48 39 4 3 68
48 40 4 7 40410
48 41 4 3 50
48 42 7 4 443
48 43 6 5 3898
48 44 7 7 35251
48 45 5 5 1808
48 46 4 6 11871
48 47 2 4 53
48 48 1 5 293
48 49 5 6 4416
48 50 5 5 1038
48 51 7 4 642
48 52 9 6 19047
48 53 6 7 32445
48 54 8 6 34510
48 55 5 6 4668
48 56 5 4 253
48 57 1 4 25
48 58 4 6 5987
48 59 3 3 48
48 60 5 5 1207
48 61 10 5 1399
48 62 10 5 1965
48 63 1 6 1097
49 0 6 4 515
49 1 2 7 37905
49 2 6 4 295
49 3 10 6 26154
49 4 10 6 32631
49 5 1 5 345
49 6 9 6 38283
49 7 9 3 130
49 8 2 9 825078
49 9 9 5 1034
49 10 1 4 55
49 11 7 5 2681
49 12 5 3 49
49 13 2 9 1716199
49 14 5 5 1620
49 15 1 5 620
49 16 5 6 6223
49 17 9 4 981
49 18 5 5 1133
49 19 9 5 1501
49 20 7 5 2565
49 21 8 5 3469
49 22 1 4 35
49 23 9 5 1610
49 24 1 8 176627
49 25 2 3 36
49 26 2 6 1826
49 27 7 2 23
49 28 3 4 77
49 29 9 7 137562
49 30 5 4 398
49 31 8 3 112
49 32 5 6 5496
49 33 7 4 740
49 34 9 8 560919
49 35 1 5 285
49 36 3 3 26
49 37 2 5 1022
49 38 3 5 1300
49 39 5 5 1023
49 40 3 4 234
49 41 6 4 416
49 42 7 5 1572
49 43 8 3 127
49 44 3 5 820
49 45 3 4 337
49 46 9 3 115
49 47 6 4 653
49 48 6 3 52
49 49 6 6 6033
49 50 5 5 921
49 51 4 3 79
49 52 9 5 1277
49 53 3 3 23
49 54 2 4 149
49 55 1 7 21814
49 56 2 9 911891
49 57 5 5 2472
49 58 9 2 32
49 59 1 5 153
49 60 7 6 8386
49 61 10 4 705
49 62 7 5 857
49 63 8 6 15935
50 0 5 3 73
50 1 8 3 82
50 2 6 3 124
50 3 3 3 20
50 4 6 5 2415
50 5 10 6 45718
50 6 3 6 9670
50 7 5 2 25
50 8 4 6 3488
50 9 2 5 1383
50 10 1 7 34143
50 11 5 3 72
50 12 2 5 433
50 13 6 6 14726
50 14 6 5 2392
50 15 3 3 42
50 16 3 7 30092
50 17 1 6 2533
50 18 6 4 179
50 19 9 5 1374
50 20 3 4 294
50 21 10 5 1734
50 22 4 4 249
50 23 10 5 2108
50 24 2 6 2327
50 25 6 5 2028
50 26 2 4 140
50 27 7 6 9541
50 28 9 3 54
50 29 1 5 201
50 30 3 5 667
50 31 7 4 189
50 32 10 3 66
50 33 1 6 2255
50 34 9 3 115
50 35 6 5 2058
50 36 5 5 2090
50 37 10 4 686
50 38 7 3 138
50 39 6 3 73
50 40 9 4 774
50 41 1 8 97415
50 42 9 4 896
50 43 8 5 3594
50 44 7 3 77
50 45 1 5 154
50 46 10 4 864
50 47 9 2 45
50 48 3 5 985
50 49 10 5 1193
50 50 3 6 5159
50 51 8 4 825
50 52 8 3 149
50 53 3 5 860
50 54 8 3 161
50 55 6 6 8795
50 56 6 5 793
50 57 5 3 61
50 58 3 7 37844
50 59 2 5 850
50 60 10 5 2846
50 61 2 5 288
50 62 1 8 41773
50 63 6 2 12
51 0 1 8 41064
51 1 2 5 725
51 2 4 5 1067
51 3 2 4 197
51 4 2 6 2600
51 5 10 4 1125
51 6 7 4 213
51 7 2 4 219
51 8 9 8 680503
51 9 5 6 5319
51 10 7 6 6956
51 11 4 5 699
51 12 4 4 223
51 13 3 3 45
51 14 1 5 258
51 15 1 5 351
51 16 7 5 3989
51 17 7 7 107759
51 18 5 4 130
51 19 7 5 1380
51 20 5 4 269
51 21 9 3 111
51 22 2 8 127047
51 23 6 4 396
51 24 4 6 3817
51 25 4 7 78819
51 26 5 6 9063
51 27 6 5 1380
51 28 5 6 4613
51 29 10 4 583
51 30 3 10 33433317
51 31 10 4 450
51 32 3 5 596
51 33 4 7 21252
51 34 1 7 13884
51 35 5 5 964
51 36 10 5 3492
51 37 6 5 923
51 38 5 6 3932
51 39 7 6 6437
51 40 1 6 1229
51 41 5 7 70852
51 42 3 5 641
51 43 9 5 1082
51 44 4 6 2788
51 45 1 4 40
51 46 9 4 233
51 47 1 7 31970
51 48 10 5 2002
51 49 3 3 64
51 50 2 5 280
51 51 1 5 143
51 52 8 6 9846
51 53 6 3 33
51 54 7 5 3489
51 55 1 7 5325
51 56 6 4 262
51 57 10 5 1493
51 58 2 5 1125
51 59 7 6 15445
51 60 6 6 24449
51 61 1 8 74747
51 62 7 3 89
51 63 6 5 3366
52 0 5 7 64116
52 1 10 4 262
52 2 7 4 167
52 3 4 3 49
52 4 8 3 147
52 5 4 4 139
52 6 4 6 6882
52 7 4 7 22557
52 8 7 4 419
52 9 8 4 230
52 10 5 4 261
52 11 7 4 712
52 12 5 2 20
52 13 10 6 47482
52 14 3 7 26129
52 15 3 5 1236
52 16 4 4 184
52 17 8 3 79
52 18 8 5 1239
52 19 5 7 46670
52 20 10 4 228
52 21 2 6 4141
52 22 3 5 688
52 23 8 5 1601
52 24 1 6 2592
52 25 7 3 52
52 26 7 3 66
52 27 2 5 712
52 28 6 7 51847
52 29 5 6 5831
52 30 7 4 218
52 31 9 4 316
52 32 8 5 2618
52 33 2 7 19914
52 34 9 5 5804
52 35 3 4 192
52 36 1 6 1726
52 37 9 4 520
52 38 6 7 34340
52 39 1 4 42
52 40 7 3 58
52 41 3 5 762
52 42 10 5 2505
52 43 5 5 1222
52 44 6 5 798
52 45 2 7 30722
52 46 3 5 852
52 47 2 6 1763
52 48 9 5 2777
52 49 10 6 11749
52 50 7 7 118282
52 51 4 4 152
52 52 9 6 19188
52 53 10 2 46
52 54 3 3 62
52 55 8 4 230
52 56 3 5 1556
52 57 3 4 80
52 58 1 5 508
52 59 1 6 3721
52 60 5 4 331
52 61 1 6 1547
52 62 9 5 1039
52 63 4 5 1854
53 0 8 4 676
53 1 10 4 356
53 2 1 4 51
53 3 1 6 1641
53 4 8 4 821
53 5 9 5 2450
53 6 2 4 86
53 7 1 5 160
53 8 6 5 841
53 9 2 8 456248
53 10 6 4 285
53 11 10 5 1304
53 12 3 5 1678
53 13 10 2 43
53 14 8 3 62
53 15 9 6 32188
53 16 10 5 5637
53 17 1 8 110029
53 18 7 4 511
53 19 4 6 7887
53 20 7 6 11555
53 21 4 4 199
53 22 6 3 74
53 23 5 2 18
53 24 2 5 333
53 25 7 6 24401
53 26 2 6 4098
53 27 2 6 2230
53 28 7 8 1736064
53 29 1 4 26
53 30 6 5 1730
53 31 3 4 223
53 32 1 6 840
53 33 2 5 1216
53 34 1 4 25
53 35 6 5 900
53 36 4 3 46
53 37 2 5 753
53 38 6 7 214281
53 39 9 4 901
53 40 8 7 44199
53 41 8 7 63261
53 42 5 4 408
53 43 2 8 119884
53 44 5 5 1698
53 45 6 7 40534
53 46 3 7 19189
53 47 1 7 16119
53 48 3 5 820
53 49 9 4 647
53 50 6 3 112
53 51 3 5 602
53 52 9 6 14676
53 53 3 7 14946
53 54 6 5 815
53 55 1 7 30406
53 56 7 3 128
53 57 8 4 307
53 58 2 7 13065
53 59 7 6 20032
53 60 8 3 145
53 61 3 7 23301
53 62 1 7 12083
53 63 5 6 5178
54 0 8 5 3614
54 1 10 4 945
54 2 9 7 125894
54 3 4 6 2870
54 4 8 5 1015
54 5 10 3 148
54 6 6 4 353
54 7 6 5 724
54 8 9 2 47
54 9 4 5 1036
54 10 10 5 3607
54 11 5 5 2939
54 12 2 5 997
54 13 1 6 1554
54 14 5 7 54252
54 15 7 3 137
54 16 6 5 2119
54 17 4 5 1387
54 18 3 4 176
54 19 5 4 362
54 20 6 4 352
54 21 7 3 54
54 22 6 5 1214
54 23 2 5 369
54 24 5 3 80
54 25 10 3 79
54 26 10 3 100
54 27 4 5 1383
54 28 3 3 35
54 29 9 3 146
54 30 8 6 26039
54 31 10 3 76
54 32 4 7 28140
54 33 2 4 117
54 34 2 7 50347
54 35 8 5 1197
54 36 2 6 4875
54 37 3 5 1281
54 38 10 2 40
54 39 2 5 467
54 40 9 8 409470
54 41 5 4 307
54 42 8 4 609
54 43 7 4 474
54 44 3 5 1519
54 45 10 4 476
54 46 7 4 346
54 47 8 5 2052
54 48 1 6 1268
54 49 3 4 243
54 50 6 6 6409
54 51 5 5 1497
54 52 10 2 47
54 53 6 4 656
54 54 8 6 27230
54 55 1 4 107
54 56 5 5 699
54 57 4 4 139
54 58 6 4 199
54 59 4 5 530
54 60 1 7 15155
54 61 6 5 1991
54 62 9 7 133965
54 63 8 4 281
55 0 9 7 60776
55 1 10 4 650
55 2 8 1 11
55 3 8 7 147161
55 4 2 4 56
55 5 10 5 1225
55 6 8 2 29
55 7 5 4 157
55 8 10 3 61
55 9 8 3 94
55 10 1 5 347
55 11 3 4 84
55 12 6 7 69453
55 13 7 5 929
55 14 1 7 7423
55 15 9 3 107
55 16 5 3 110
55 17 2 8 228335
55 18 9 3 151
55 19 1 5 350
55 20 1 7 6478
55 21 2 5 483
55 22 5 4 292
55 23 3 5 791
55 24 7 4 573
55 25 5 4 446
55 26 4 7 34674
55 27 9 5 5588
55 28 4 5 1434
55 29 10 6 18544
55 30 4 6 5365
55 31 8 6 6654
55 32 9 5 2045
55 33 5 4 142
55 34 7 6 24387
55 35 3 5 1826
55 36 7 5 883
55 37 8 5 4774
55 38 4 3 36
55 39 1 5 370
55 40 10 3 161
55 41 3 6 2235
55 42 10 3 190
55 43 8 5 2184
55 44 5 2 11
55 45 2 4 153
55 46 8 6 14424
55 47 7 7 56848
55 48 4 7 124346
55 49 10 7 240514
55 50 5 5 1751
55 51 6 6 11326
55 52 7 5 1192
55 53 8 5 2981
55 54 9 3 92
55 55 10 3 168
55 56 1 7 8769
55 57 3 5 1541
55 58 7 5 1446
55 59 5 5 1258
55 60 5 4 314
55 61 1 5 290
55 62 10 4 516
55 63 7 6 8292
56 0 5 5 996
56 1 3 7 54245
56 2 1 6 1944
56 3 4 7 21928
56 4 4 5 836
56 5 7 5 1764
56 6 1 4 105
56 7 5 5 776
56 8 10 6 42060
56 9 6 3 126
56 10 3 6 10710
56 11 10 4 336
56 12 8 3 153
56 13 1 6 4276
56 14 5 5 1581
56 15 5 6 4601
56 16 6 4 231
56 17 6 5 1030
56 18 10 5 1253
56 19 1 5 125
56 20 9 3 159
56 21 10 5 3200
56 22 2 7 10063
56 23 1 7 5552
56 24 8 3 154
56 25 10 4 311
56 26 1 7 7554
56 27 4 5 978
56 28 2 5 345
56 29 3 4 250
56 30 6 5 3053
56 31 5 4 134
56 32 3 4 327
56 33 9 5 2115
56 34 2 6 4394
56 35 5 4 122
56 36 4 5 973
56 37 1 6 3085
56 38 5 3 80
56 39 7 4 203
56 40 10 5 1502
56 41 5 5 2674
56 42 7 6 22024
56 43 8 4 782
56 44 1 6 1688
56 45 1 7 14290
56 46 6 6 4388
56 47 6 6 8380
56 48 2 5 438
56 49 10 6 25212
56 50 2 7 39473
56 51 1 6 884
56 52 9 4 631
56 53 9 5 4251
56 54 9 5 3173
56 55 7 4 503
56 56 1 7 7492
56 57 6 5 3657
56 58 3 6 3144
56 59 4 8 282236
56 60 5 4 389
56 61 1 6 2389
56 62 4 5 2337
56 63 8 4 237
57 0 8 5 1550
57 1 4 2 12
57 2 10 3 124
57 3 1 6 810
57 4 9 4 653
57 5 2 3 33
57 6 3 5 985
57 7 6 5 917
57 8 1 6 2028
57 9 2 6 3861
57 10 6 5 2895
57 11 2 5 691
57 12 8 4 577
57 13 9 6 11739
57 14 1 6 763
57 15 2 6 5478
57 16 8 4 337
57 17 6 4 535
57 18 10 2 40
57 19 5 5 1975
57 20 4 5 622
57 21 10 5 3835
57 22 10 4 602
57 23 8 6 34984
57 24 1 8 70409
57 25 10 5 3457
57 26 6 5 1830
57 27 5 4 346
57 28 3 6 3212
57 29 2 6 8861
57 30 2 5 355
57 31 6 6 5237
57 32 9 6 30365
57 33 4 5 840
57 34 6 5 3909
57 35 1 5 203
57 36 9 6 20044
57 37 2 6 9394
57 38 10 2 36
57 39 6 6 4647
57 40 8 4 240
57 41 10 5 5686
57 42 2 8 91894
57 43 6 6 12480
57 44 1 5 157
57 45 8 6 10809
57 46 4 6 4329
57 47 4 5 559
57 48 8 4 401
57 49 5 5 589
57 50 8 7 86836
57 51 5 3 32
57 52 3 6 8237
57 53 3 8 158172
57 54 2 8 179025
57 55 1 4 107
57 56 9 3 114
57 57 10 4 635
57 58 3 4 319
57 59 8 6 26339
57 60 2 4 127
57 61 2 5 1108
57 62 7 6 24451
57 63 3 4 139
58 0 5 5 1987
58 1 1 5 312
58 2 5 3 96
58 3 4 6 5805
58 4 2 4 119
58 5 8 3 128
58 6 3 4 337
58 7 1 7 12754
58 8 1 6 1027
58 9 7 5 4211
58 10 4 5 1420
58 11 4 7 97928
58 12 3 6 4141
58 13 5 6 4472
58 14 8 3 129
58 15 2 7 46952
58 16 10 4 610
58 17 3 6 7033
58 18 2 6 7110
58 19 6 4 322
58 20 5 5 1860
58 21 5 7 50133
58 22 10 5 1816
58 23 1 7 14807
58 24 10 4 913
58 25 10 3 95
58 26 7 4 202
58 27 3 3 49
58 28 3 5 342
58 29 2 6 3885
58 30 2 5 687
58 31 3 4 68
58 32 4 5 778
58 33 9 4 957
58 34 3 9 1470264
58 35 9 4 909
58 36 3 5 1155
58 37 7 5 1996
58 38 9 3 148
58 39 1 7 26877
58 40 1 5 278
58 41 8 6 10544
58 42 4 5 772
58 43 5 6 19831
58 44 3 4 189
58 45 7 4 444
58 46 4 6 5920
58 47 10 4 311
58 48 1 5 593
58 49 1 5 387
58 50 1 5 324
58 51 4 5 505
58 52 4 4 417
58 53 9 5 1946
58 54 3 6 3595
58 55 6 6 16585
58 56 8 4 298
58 57 6 5 786
58 58 2 4 155
58 59 8 6 33286
58 60 4 6 3491
58 61 9 5 3223
58 62 8 5 997
58 63 7 5 2232
59 0 3 8 309536
59 1 10 2 38
59 2 9 4 203
59 3 10 4 394
59 4 6 3 69
59 5 6 6 7766
59 6 8 5 910
59 7 5 6 6187
59 8 3 6 4165
59 9 9 4 298
59 10 6 6 5975
59 11 1 6 1676
59 12 10 5 5520
59 13 8 4 413
59 14 2 7 20910
59 15 10 5 3445
59 16 8 4 239
59 17 10 8 1701835
59 18 9 5 1624
59 19 6 6 6341
59 20 2 4 85
59 21 5 5 1530
59 22 2 4 166
59 23 8 6 17952
59 24 5 7 48221
59 25 4 4 98
59 26 5 4 163
59 27 8 5 1504
59 28 8 6 21766
59 29 7 4 454
59 30 10 4 875
59 31 10 7 65020
59 32 6 3 37
59 33 10 6 13712
59 34 6 5 3265
59 35 9 4 380
59 36 5 3 65
59 37 2 4 184
59 38 8 6 6170
59 39 1 5 372
59 40 10 4 262
59 41 8 7 91696
59 42 6 4 180
59 43 6 3 35
59 44 3 6 13086
59 45 9 6 9893
59 46 2 7 48905
59 47 5 6 10193
59 48 9 4 592
59 49 1 6 1486
59 50 6 3 95
59 51 2 4 46
59 52 1 8 40926
59 53 10 4 352
59 54 10 5 2107
59 55 5 7 153144
59 56 3 7 108141
59 57 5 3 57
59 58 2 6 7147
59 59 3 5 381
59 60 10 5 1611
59 61 9 6 10186
59 62 3 4 249
59 63 8 4 440
60 0 1 3 17
60 1 3 3 42
60 2 5 5 2446
60 3 5 5 3039
60 4 8 5 4174
60 5 1 6 2399
60 6 3 5 1223
60 7 2 7 19917
60 8 7 6 5078
60 9 8 2 19
60 10 2 6 4726
60 11 2 6 3907
60 12 10 2 44
60 13 4 3 45
60 14 10 5 2762
60 15 3 3 38
60 16 10 7 223917
60 17 7 4 245
60 18 10 5 1807
60 19 3 7 15360
60 20 4 4 143
60 21 1 7 14165
60 22 5 5 925
60 23 8 6 20164
60 24 3 7 38104
60 25 9 5 4017
60 26 5 1 7
60 27 10 3 202
60 28 10 5 1419
60 29 8 5 1344
60 30 9 3 178
60 31 4 5 2370
60 32 3 6 3404
60 33 5 7 56098
60 34 8 6 16428
60 35 4 3 56
60 36 9 4 284
60 37 7 2 19
60 38 3 4 129
60 39 5 2 18
60 40 10 4 855
60 41 2 6 5787
60 42 3 2 8
60 43 8 5 1258
60 44 3 7 82952
60 45 4 6 5806
60 46 6 5 4103
60 47 6 7 90725
60 48 1 7 20637
60 49 10 6 14372
60 50 5 4 559
60 51 8 4 187
60 52 1 4 33
60 53 8 3 141
60 54 10 3 193
60 55 10 5 3282
60 56 9 4 556
60 57 8 5 962
60 58 2 5 1054
60 59 8 6 23572
60 60 4 6 4166
60 61 10 3 67
60 62 9 4 249
60 63 10 5 1345
61 0 4 3 25
61 1 6 3 98
61 2 8 7 124905
61 3 9 4 224
61 4 2 5 259
61 5 10 3 135
61 6 9 4 233
61 7 3 5 423
61 8 9 6 8685
61 9 9 6 12211
61 10 6 4 225
61 11 8 4 308
61 12 4 5 1298
61 13 6 5 858
61 14 7 5 1390
61 15 10 7 209046
61 16 6 3 53
61 17 9 3 130
61 18 9 6 11721
61 19 2 6 1487
61 20 5 5 1715
61 21 7 5 2494
61 22 5 7 135972
61 23 1 6 892
61 24 4 5 905
61 25 3 5 1479
61 26 10 5 3681
61 27 8 4 564
61 28 10 4 907
61 29 7 4 774
61 30 3 4 313
61 31 4 3 81
61 32 4 4 369
61 33 2 5 250
61 34 3 5 636
61 35 3 4 127
61 36 7 3 65
61 37 5 7 31631
61 38 9 5 1860
61 39 5 5 2244
61 40 2 8 161442
61 41 8 6 5680
61 42 8 5 4350
61 43 5 4 349
61 44 7 2 32
61 45 4 2 21
61 46 1 7 10478
61 47 5 5 2373
61 48 10 4 838
61 49 9 5 3186
61 50 8 3 159
61 51 4 4 270
61 52 4 5 652
61 53 4 5 1122
61 54 10 5 3841
61 55 5 7 38729
61 56 1 7 25750
61 57 1 7 4977
61 58 8 3 86
61 59 5 5 2678
61 60 7 2 33
61 61 7 5 942
61 62 4 7 27552
61 63 4 3 54
62 0 4 6 11904
62 1 4 5 716
62 2 9 4 857
62 3 3 4 101
62 4 2 3 15
62 5 5 7 27880
62 6 7 5 1518
62 7 5 4 514
62 8 1 4 55
62 9 6 5 1585
62 10 8 4 659
62 11 3 7 82067
62 12 10 3 146
62 13 10 6 10623
62 14 4 8 209514
62 15 6 4 567
62 16 1 7 7731
62 17 2 4 97
62 18 2 4 215
62 19 6 5 786
62 20 1 7 7415
62 21 1 8 179960
62 22 2 5 644
62 23 3 6 7560
62 24 8 4 436
62 25 10 2 27
62 26 6 4 458
62 27 4 5 975
62 28 3 5 890
62 29 7 4 476
62 30 4 3 47
62 31 9 3 165
62 32 7 5 4598
62 33 6 5 775
62 34 8 6 32274
62 35 4 5 675
62 36 7 4 484
62 37 2 5 724
62 38 2 7 16109
62 39 1 7 19786
62 40 9 9 4822183
62 41 2 3 31
62 42 4 6 3449
62 43 10 3 93
62 44 1 6 4052
62 45 3 4 109
62 46 9 5 2337
62 47 10 7 52005
62 48 7 4 205
62 49 8 6 8230
62 50 6 5 746
62 51 2 6 2746
62 52 7 5 2895
62 53 1 5 177
62 54 3 7 18607
62 55 1 7 28379
62 56 1 7 7709
62 57 7 4 684
62 58 7 5 3077
62 59 5 6 11066
62 60 1 4 32
62 61 8 6 7516
62 62 9 1 8
62 63 6 5 4014
63 0 2 6 1748
63 1 3 8 701852
63 2 2 6 2333
63 3 6 4 212
63 4 1 6 2217
63 5 5 7 53380
63 6 8 7 53767
63 7 3 5 1730
63 8 8 7 108134
63 9 7 5 2291
63 10 2 5 242
63 11 6 5 1363
63 12 7 7 48647
63 13 10 5 4661
63 14 9 3 62
63 15 5 1 4
63 16 1 5 287
63 17 7 4 496
63 18 1 7 5962
63 19 9 2 16
63 20 3 3 58
63 21 3 4 182
63 22 4 5 649
63 23 3 4 69
63 24 10 2 30
63 25 9 5 3134
63 26 3 4 202
63 27 10 2 19
63 28 9 4 309
63 29 2 6 2819
63 30 5 4 300
63 31 7 1 11
63 32 2 6 2485
63 33 6 6 4744
63 34 10 4 1092
63 35 1 5 569
63 36 7 6 19247
63 37 4 4 336
63 38 2 5 576
63 39 5 3 101
63 40 8 4 210
63 41 8 7 118416
63 42 3 6 5396
63 43 10 4 774
63 44 4 6 8773
63 45 9 4 204
63 46 5 7 81353
63 47 10 6 20482
63 48 3 5 853
63 49 8 6 16742
63 50 8 5 1498
63 51 8 7 46922
63 52 7 3 83
63 53 9 4 287
63 54 6 5 1496
63 55 9 5 4031
63 56 1 5 140
63 57 10 4 521
63 58 2 7 41220
63 59 2 8 282347
63 60 6 5 1008
63 61 5 4 507
63 62 6 8 313013
63 63 3 3 48
