9754 1.0 
7505 1.0 
7324 1.0 
1033 1.0 
8731 1.0 
5367 1.0 
509 1.0 
1622 1.0 
8366 1.0 
6511 1.0 
8456 1.0 
1261 1.0 
3153 1.0 
6033 1.0 
572 1.0 
2607 1.0 
8986 1.0 
6026 1.0 
1439 1.0 
4236 1.0 
295 1.0 
889 1.0 
7398 1.0 
3128 1.0 
6111 1.0 
6960 1.0 
9367 1.0 
528 1.0 
5339 1.0 
7121 1.0 
4616 1.0 
8830 1.0 
9489 1.0 
9388 1.0 
5215 1.0 
6749 1.0 
7762 1.0 
4993 1.0 
3402 1.0 
1910 1.0 
2084 1.0 
7774 1.0 
7792 1.0 
9021 1.0 
5605 1.0 
7587 1.0 
3826 1.0 
6006 1.0 
3165 1.0 
277 1.0 
8110 1.0 
4769 1.0 
8053 1.0 
9682 1.0 
740 1.0 
1482 1.0 
2514 1.0 
2030 1.0 
9386 1.0 
9469 1.0 
6274 1.0 
2085 1.0 
6262 1.0 
7755 1.0 
7489 1.0 
5008 1.0 
8010 1.0 
8135 1.0 
2144 1.0 
4410 1.0 
333 1.0 
1068 1.0 
6933 1.0 
8464 1.0 
2658 1.0 
1791 1.0 
7842 1.0 
1687 1.0 
2888 1.0 
544 1.0 
5058 1.0 
1130 1.0 
5839 1.0 
1315 1.0 
1692 1.0 
686 1.0 
8233 1.0 
9612 1.0 
894 1.0 
4479 1.0 
4408 1.0 
8866 1.0 
1639 1.0 
4639 1.0 
7255 1.0 
5247 1.0 
5969 1.0 
2813 1.0 
6378 1.0 
8989 1.0 
5121 1.0 
3237 1.0 
4918 1.0 
5043 1.0 
88 1.0 
2491 1.0 
2635 1.0 
9365 1.0 
3137 1.0 
790 1.0 
4289 1.0 
4803 1.0 
3176 1.0 
5810 1.0 
579 1.0 
8950 1.0 
8278 1.0 
8314 1.0 
9513 1.0 
9396 1.0 
2933 1.0 
8277 1.0 
9550 1.0 
3946 1.0 
1227 1.0 
3185 1.0 
5393 1.0 
8790 1.0 
7301 1.0 
1198 1.0 
2976 1.0 
6421 1.0 
205 1.0 
435 1.0 
6253 1.0 
5092 1.0 
3294 1.0 
798 1.0 
9721 1.0 
4988 1.0 
5312 1.0 
1871 1.0 
5751 1.0 
467 1.0 
507 1.0 
8729 1.0 
946 1.0 
1396 1.0 
6471 1.0 
994 1.0 
1751 1.0 
7205 1.0 
763 1.0 
4735 1.0 
569 1.0 
4525 1.0 
3496 1.0 
1555 1.0 
1652 1.0 
5545 1.0 
