0 0 10 5 6406
0 1 1 6 1544
0 2 2 4 53
0 3 8 4 288
0 4 2 3 42
0 5 3 3 26
0 6 6 3 116
0 7 3 5 342
0 8 3 3 18
0 9 8 3 125
0 10 2 3 41
0 11 2 5 1254
0 12 5 4 548
0 13 5 3 48
0 14 2 3 31
0 15 5 3 46
0 16 5 6 4531
0 17 7 3 71
0 18 10 3 188
0 19 8 2 33
0 20 7 2 19
0 21 4 3 45
0 22 9 2 17
0 23 7 4 206
0 24 2 4 167
0 25 9 6 8607
0 26 9 1 14
0 27 1 5 437
0 28 4 4 102
0 29 9 3 49
0 30 2 4 46
0 31 4 4 162
0 32 4 5 593
0 33 10 2 46
0 34 2 3 19
0 35 10 2 33
0 36 4 4 117
0 37 7 3 144
0 38 1 6 1957
0 39 2 3 42
0 40 5 2 26
0 41 5 5 1801
0 42 10 3 158
0 43 2 4 209
0 44 10 4 666
0 45 8 3 60
0 46 9 2 46
0 47 2 4 92
0 48 6 2 31
0 49 7 3 39
0 50 10 2 52
0 51 4 6 2944
0 52 9 2 32
0 53 8 2 42
0 54 2 5 681
0 55 1 4 45
0 56 8 4 205
0 57 4 3 31
0 58 5 3 32
0 59 6 5 683
0 60 7 3 41
0 61 8 2 24
0 62 3 4 102
0 63 5 3 91
1 0 8 3 126
1 1 7 7 49305
1 2 5 4 178
1 3 4 4 142
1 4 7 3 75
1 5 1 4 30
1 6 5 3 94
1 7 7 2 31
1 8 2 3 30
1 9 5 3 45
1 10 9 3 160
1 11 4 4 213
1 12 4 5 957
1 13 1 5 237
1 14 4 4 396
1 15 10 4 483
1 16 7 2 23
1 17 2 3 29
1 18 8 3 45
1 19 10 2 21
1 20 5 4 122
1 21 7 4 414
1 22 4 4 195
1 23 10 2 42
1 24 5 4 174
1 25 1 4 85
1 26 9 8 390723
1 27 6 4 259
1 28 9 1 11
1 29 2 4 223
1 30 6 3 36
1 31 7 3 78
1 32 9 3 76
1 33 6 3 34
1 34 4 6 3694
1 35 7 3 85
1 36 5 3 67
1 37 6 4 137
1 38 1 6 1422
1 39 10 3 54
1 40 4 5 1485
1 41 1 6 1430
1 42 7 3 56
1 43 3 3 66
1 44 6 4 333
1 45 5 5 2772
1 46 8 3 126
1 47 1 4 73
1 48 3 3 18
1 49 7 3 80
1 50 8 3 150
1 51 10 2 43
1 52 3 3 30
1 53 4 2 10
1 54 2 7 12391
1 55 4 7 21315
1 56 6 5 1928
1 57 8 2 39
1 58 1 3 14
1 59 8 3 79
1 60 1 6 1144
1 61 6 6 7249
1 62 5 3 27
1 63 8 2 33
2 0 2 4 73
2 1 2 3 21
2 2 6 2 15
2 3 5 3 34
2 4 5 3 59
2 5 9 3 123
2 6 8 3 90
2 7 3 3 60
2 8 3 5 414
2 9 6 2 28
2 10 5 3 59
2 11 3 5 1507
2 12 6 3 115
2 13 7 5 1433
2 14 8 3 69
2 15 5 4 259
2 16 5 3 27
2 17 4 3 33
2 18 5 3 71
2 19 10 3 85
2 20 8 4 226
2 21 5 6 3571
2 22 9 5 1845
2 23 2 3 17
2 24 5 3 30
2 25 3 4 69
2 26 6 5 818
2 27 8 5 1095
2 28 8 4 579
2 29 4 3 38
2 30 2 4 189
2 31 4 4 154
2 32 3 4 89
2 33 2 4 60
2 34 2 2 8
2 35 8 2 24
2 36 5 3 40
2 37 7 5 1108
2 38 8 4 223
2 39 2 4 148
2 40 5 3 53
2 41 7 4 257
2 42 7 3 62
2 43 9 2 19
2 44 10 3 160
2 45 8 4 359
2 46 10 3 100
2 47 3 4 286
2 48 5 2 25
2 49 8 4 326
2 50 3 5 358
2 51 8 3 43
2 52 9 3 110
2 53 7 2 17
2 54 6 6 16841
2 55 7 5 3946
2 56 2 3 29
2 57 1 5 443
2 58 7 1 7
2 59 7 1 9
2 60 5 3 41
2 61 7 5 2634
2 62 4 2 18
2 63 4 3 76
3 0 5 2 14
3 1 8 3 69
3 2 10 2 46
3 3 8 4 373
3 4 10 6 26317
3 5 3 4 214
3 6 1 3 11
3 7 7 2 19
3 8 1 9 775051
3 9 4 5 541
3 10 5 2 19
3 11 6 7 36586
3 12 10 3 148
3 13 5 4 498
3 14 5 2 19
3 15 9 3 84
3 16 7 3 126
3 17 8 2 26
3 18 3 3 27
3 19 7 2 13
3 20 8 3 78
3 21 2 5 467
3 22 7 3 85
3 23 6 3 41
3 24 1 4 64
3 25 10 3 201
3 26 10 2 20
3 27 4 3 24
3 28 7 4 206
3 29 8 3 76
3 30 9 3 72
3 31 4 3 48
3 32 7 2 34
3 33 7 4 261
3 34 3 4 178
3 35 6 4 437
3 36 6 3 41
3 37 1 4 97
3 38 2 4 47
3 39 3 3 28
3 40 7 2 35
3 41 7 4 453
3 42 3 6 2159
3 43 6 3 43
3 44 1 4 49
3 45 5 4 271
3 46 6 3 32
3 47 1 4 24
3 48 6 3 74
3 49 1 4 25
3 50 7 3 109
3 51 3 4 116
3 52 5 2 22
3 53 1 5 217
3 54 1 7 6687
3 55 3 2 12
3 56 6 2 22
3 57 10 2 40
3 58 4 3 64
3 59 10 2 50
3 60 8 3 81
3 61 10 2 33
3 62 1 6 826
3 63 2 5 313
4 0 4 5 1800
4 1 7 2 29
4 2 5 5 924
4 3 8 4 295
4 4 1 3 17
4 5 8 3 97
4 6 5 2 22
4 7 3 3 28
4 8 2 4 70
4 9 9 4 238
4 10 4 3 50
4 11 7 5 3176
4 12 5 3 52
4 13 4 2 15
4 14 3 4 75
4 15 5 4 193
4 16 6 3 128
4 17 8 4 482
4 18 6 3 57
4 19 10 2 32
4 20 4 4 425
4 21 7 2 23
4 22 6 2 16
4 23 7 4 161
4 24 4 4 95
4 25 1 4 76
4 26 7 5 2055
4 27 3 3 24
4 28 3 5 549
4 29 9 4 224
4 30 4 3 70
4 31 9 2 41
4 32 2 4 86
4 33 5 3 37
4 34 7 4 169
4 35 10 2 32
4 36 3 4 68
4 37 6 6 5375
4 38 6 2 21
4 39 7 4 236
4 40 2 4 175
4 41 2 3 38
4 42 9 5 1129
4 43 7 3 55
4 44 3 3 29
4 45 2 5 1315
4 46 4 5 696
4 47 3 4 68
4 48 8 3 117
4 49 7 2 22
4 50 3 3 50
4 51 9 3 188
4 52 7 3 131
4 53 8 3 86
4 54 7 3 50
4 55 3 4 85
4 56 5 3 28
4 57 3 5 1551
4 58 8 4 310
4 59 5 3 61
4 60 6 2 21
4 61 5 4 166
4 62 3 6 7483
4 63 3 4 71
5 0 7 3 98
5 1 9 4 217
5 2 10 2 23
5 3 9 3 58
5 4 2 3 35
5 5 7 2 31
5 6 8 2 16
5 7 7 3 146
5 8 3 3 28
5 9 3 4 70
5 10 1 5 327
5 11 2 4 99
5 12 9 2 33
5 13 9 3 63
5 14 10 2 32
5 15 4 3 38
5 16 8 2 21
5 17 9 4 242
5 18 6 3 76
5 19 2 4 56
5 20 3 3 61
5 21 5 3 37
5 22 4 4 410
5 23 4 3 56
5 24 7 2 27
5 25 3 3 47
5 26 4 3 51
5 27 9 5 5825
5 28 6 7 52133
5 29 6 3 34
5 30 2 4 60
5 31 9 4 1019
5 32 10 2 44
5 33 2 4 193
5 34 6 4 178
5 35 4 3 82
5 36 3 4 167
5 37 3 5 942
5 38 6 4 371
5 39 4 3 65
5 40 6 7 34017
5 41 6 4 154
5 42 8 3 43
5 43 8 3 67
5 44 7 3 64
5 45 8 2 38
5 46 9 3 53
5 47 5 2 21
5 48 7 2 31
5 49 9 2 29
5 50 7 2 31
5 51 7 4 230
5 52 1 8 122932
5 53 8 3 170
5 54 10 5 4766
5 55 2 4 52
5 56 7 3 54
5 57 6 2 26
5 58 2 4 185
5 59 1 5 257
5 60 5 3 55
5 61 1 4 54
5 62 5 5 815
5 63 2 4 96
6 0 3 3 41
6 1 8 4 303
6 2 5 4 222
6 3 6 3 35
6 4 2 4 203
6 5 2 6 2282
6 6 4 4 227
6 7 5 2 20
6 8 10 6 12804
6 9 10 5 3433
6 10 7 4 189
6 11 5 4 420
6 12 3 5 344
6 13 4 3 50
6 14 7 3 124
6 15 5 3 75
6 16 8 2 35
6 17 2 4 90
6 18 1 3 17
6 19 2 5 313
6 20 8 2 17
6 21 2 3 17
6 22 5 4 166
6 23 10 2 19
6 24 2 3 12
6 25 6 3 41
6 26 8 3 84
6 27 3 3 28
6 28 8 3 117
6 29 4 4 198
6 30 7 4 248
6 31 6 4 165
6 32 10 4 253
6 33 5 3 64
6 34 9 3 124
6 35 6 3 35
6 36 8 1 13
6 37 8 4 450
6 38 2 2 8
6 39 1 5 580
6 40 6 2 11
6 41 5 4 430
6 42 3 3 40
6 43 9 3 162
6 44 2 6 5630
6 45 3 2 6
6 46 5 3 33
6 47 5 4 236
6 48 8 3 143
6 49 7 5 2067
6 50 4 4 286
6 51 8 2 32
6 52 9 3 64
6 53 10 4 535
6 54 5 3 33
6 55 1 4 45
6 56 6 3 121
6 57 4 4 201
6 58 2 4 62
6 59 9 3 171
6 60 5 5 1884
6 61 8 2 36
6 62 5 3 33
6 63 5 5 780
7 0 4 3 32
7 1 7 3 55
7 2 9 4 264
7 3 4 3 49
7 4 7 1 4
7 5 8 2 28
7 6 6 5 3387
7 7 7 3 54
7 8 7 3 42
7 9 4 3 32
7 10 2 5 288
7 11 4 4 97
7 12 2 3 37
7 13 5 5 3413
7 14 6 2 18
7 15 4 4 91
7 16 7 4 421
7 17 4 3 39
7 18 7 6 6545
7 19 3 3 27
7 20 4 6 4429
7 21 3 3 24
7 22 2 5 246
7 23 2 3 20
7 24 2 5 400
7 25 6 3 72
7 26 8 4 415
7 27 1 4 46
7 28 4 3 31
7 29 5 5 822
7 30 4 4 137
7 31 9 2 38
7 32 4 2 8
7 33 7 3 62
7 34 7 5 995
7 35 2 5 671
7 36 4 3 24
7 37 2 3 21
7 38 8 4 393
7 39 5 5 2349
7 40 10 3 126
7 41 10 2 30
7 42 8 3 117
7 43 2 5 296
7 44 7 5 1023
7 45 1 4 51
7 46 10 5 3786
7 47 2 6 3192
7 48 4 4 214
7 49 5 2 13
7 50 9 3 77
7 51 5 4 207
7 52 2 4 49
7 53 3 3 59
7 54 10 4 589
7 55 3 3 41
7 56 1 3 16
7 57 3 3 21
7 58 10 5 1611
7 59 10 2 47
7 60 8 5 1102
7 61 4 2 17
7 62 4 4 334
7 63 3 3 16
8 0 8 2 27
8 1 7 4 174
8 2 7 2 24
8 3 8 4 461
8 4 7 1 11
8 5 1 3 12
8 6 6 2 26
8 7 4 2 16
8 8 8 3 100
8 9 10 3 59
8 10 6 3 32
8 11 9 3 55
8 12 9 4 874
8 13 9 6 11002
8 14 2 3 13
8 15 10 3 174
8 16 2 5 273
8 17 5 4 111
8 18 8 4 499
8 19 4 4 99
8 20 10 4 480
8 21 4 5 945
8 22 8 6 6588
8 23 2 3 17
8 24 5 4 141
8 25 7 1 11
8 26 7 5 888
8 27 7 5 3584
8 28 5 3 110
8 29 10 5 1832
8 30 3 3 19
8 31 4 3 31
8 32 10 2 40
8 33 7 3 132
8 34 4 3 28
8 35 1 4 29
8 36 7 6 7641
8 37 4 4 314
8 38 6 3 103
8 39 10 3 82
8 40 9 3 48
8 41 6 4 148
8 42 5 2 23
8 43 2 4 222
8 44 1 4 28
8 45 9 3 163
8 46 8 3 74
8 47 8 2 18
8 48 10 3 69
8 49 8 3 72
8 50 3 4 89
8 51 2 3 17
8 52 5 2 13
8 53 2 5 757
8 54 9 2 16
8 55 8 3 57
8 56 7 7 34864
8 57 4 2 17
8 58 4 5 1242
8 59 4 3 28
8 60 2 3 38
8 61 4 4 102
8 62 6 2 15
8 63 5 4 197
9 0 6 4 262
9 1 9 2 31
9 2 2 3 36
9 3 4 5 544
9 4 5 3 57
9 5 9 6 8315
9 6 1 4 88
9 7 9 3 115
9 8 8 6 37095
9 9 6 2 21
9 10 2 3 41
9 11 6 3 54
9 12 3 7 19606
9 13 10 4 646
9 14 3 5 430
9 15 6 5 829
9 16 10 3 169
9 17 1 6 1392
9 18 2 3 32
9 19 4 4 222
9 20 1 3 7
9 21 5 3 77
9 22 3 4 309
9 23 4 6 15403
9 24 2 4 87
9 25 2 3 19
9 26 6 3 56
9 27 10 5 4365
9 28 2 4 183
9 29 5 3 46
9 30 5 4 234
9 31 6 4 150
9 32 3 3 58
9 33 1 3 19
9 34 3 4 164
9 35 3 3 41
9 36 8 3 107
9 37 6 3 69
9 38 8 3 174
9 39 7 2 35
9 40 6 3 57
9 41 3 5 688
9 42 1 4 83
9 43 9 1 15
9 44 5 3 28
9 45 10 2 43
9 46 10 2 30
9 47 4 5 632
9 48 6 3 120
9 49 8 5 2882
9 50 1 4 40
9 51 5 4 115
9 52 1 4 46
9 53 3 3 40
9 54 4 3 36
9 55 10 2 24
9 56 6 2 30
9 57 2 3 34
9 58 5 3 62
9 59 3 4 71
9 60 5 3 32
9 61 2 4 81
9 62 8 4 436
9 63 6 4 308
10 0 1 4 32
10 1 8 2 15
10 2 2 2 5
10 3 3 3 34
10 4 4 3 37
10 5 3 4 115
10 6 3 3 29
10 7 6 5 1126
10 8 7 2 25
10 9 5 3 73
10 10 2 4 115
10 11 7 4 212
10 12 5 5 915
10 13 10 2 20
10 14 10 5 1648
10 15 4 3 54
10 16 1 3 6
10 17 1 4 51
10 18 7 2 33
10 19 4 3 40
10 20 1 5 225
10 21 7 4 198
10 22 8 4 221
10 23 5 3 64
10 24 3 4 290
10 25 2 2 7
10 26 10 2 20
10 27 2 3 13
10 28 8 4 450
10 29 3 4 126
10 30 3 4 183
10 31 1 8 69642
10 32 4 4 117
10 33 4 7 22213
10 34 4 3 53
10 35 1 5 117
10 36 5 5 3464
10 37 3 4 169
10 38 4 5 2471
10 39 9 2 38
10 40 5 2 13
10 41 3 2 12
10 42 1 4 79
10 43 3 5 352
10 44 3 3 43
10 45 4 3 33
10 46 3 3 22
10 47 4 6 3467
10 48 3 4 116
10 49 3 3 37
10 50 7 2 16
10 51 5 2 17
10 52 2 4 112
10 53 1 4 67
10 54 4 3 65
10 55 2 4 67
10 56 5 3 42
10 57 4 4 93
10 58 10 4 358
10 59 6 2 15
10 60 5 4 383
10 61 6 1 8
10 62 1 4 29
10 63 5 3 68
11 0 8 4 786
11 1 7 2 16
11 2 2 3 17
11 3 7 5 4340
11 4 2 3 16
11 5 2 3 18
11 6 9 5 1200
11 7 6 3 35
11 8 8 5 2660
11 9 10 3 180
11 10 2 4 114
11 11 9 3 144
11 12 7 3 90
11 13 9 3 63
11 14 10 3 69
11 15 2 3 12
11 16 8 5 1370
11 17 3 5 348
11 18 4 3 29
11 19 7 3 38
11 20 5 3 39
11 21 1 5 149
11 22 2 4 80
11 23 2 3 42
11 24 8 4 206
11 25 8 1 13
11 26 6 3 32
11 27 6 3 74
11 28 8 3 64
11 29 1 4 53
11 30 3 7 19407
11 31 5 3 64
11 32 7 3 84
11 33 7 4 644
11 34 3 3 30
11 35 8 3 99
11 36 7 3 42
11 37 2 4 45
11 38 7 4 303
11 39 1 4 34
11 40 9 3 53
11 41 8 4 480
11 42 3 3 18
11 43 3 3 26
11 44 10 3 163
11 45 6 4 630
11 46 10 2 18
11 47 4 3 29
11 48 5 3 64
11 49 10 4 239
11 50 4 4 100
11 51 2 5 448
11 52 6 4 196
11 53 5 2 11
11 54 8 5 1572
11 55 5 3 109
11 56 8 2 24
11 57 5 6 9075
11 58 8 2 34
11 59 10 4 787
11 60 6 4 199
11 61 3 4 254
11 62 1 4 67
11 63 1 6 1067
12 0 2 3 18
12 1 9 4 444
12 2 9 4 670
12 3 1 4 108
12 4 7 2 19
12 5 9 2 44
12 6 8 2 24
12 7 5 4 301
12 8 10 3 124
12 9 10 4 395
12 10 3 5 581
12 11 7 3 66
12 12 4 3 79
12 13 7 4 330
12 14 1 5 635
12 15 5 5 1454
12 16 10 4 688
12 17 9 5 1094
12 18 1 3 18
12 19 10 2 25
12 20 6 4 197
12 21 1 6 2617
12 22 6 2 23
12 23 10 6 20937
12 24 7 2 31
12 25 10 2 43
12 26 5 3 63
12 27 8 3 46
12 28 5 3 52
12 29 3 4 72
12 30 10 3 181
12 31 10 7 52431
12 32 6 4 566
12 33 4 6 16958
12 34 10 2 38
12 35 1 4 62
12 36 5 5 1984
12 37 8 2 22
12 38 6 3 89
12 39 2 4 207
12 40 5 5 1782
12 41 3 6 2633
12 42 6 2 18
12 43 6 4 139
12 44 9 3 79
12 45 9 4 634
12 46 2 5 316
12 47 2 5 261
12 48 2 4 92
12 49 1 6 1441
12 50 7 3 116
12 51 6 7 35018
12 52 7 2 28
12 53 9 4 518
12 54 3 4 69
12 55 5 3 69
12 56 1 3 13
12 57 9 3 110
12 58 5 3 77
12 59 8 3 105
12 60 7 3 62
12 61 7 3 100
12 62 7 2 24
12 63 4 4 420
13 0 8 5 5068
13 1 9 2 44
13 2 1 6 1625
13 3 4 5 1468
13 4 5 5 1447
13 5 5 4 280
13 6 5 3 31
13 7 6 4 161
13 8 9 3 141
13 9 8 3 137
13 10 1 4 61
13 11 8 6 19880
13 12 6 5 681
13 13 2 6 5449
13 14 10 2 18
13 15 2 5 628
13 16 2 5 1261
13 17 6 3 63
13 18 4 3 25
13 19 1 3 19
13 20 1 6 1882
13 21 4 4 179
13 22 2 7 29301
13 23 1 4 65
13 24 7 4 676
13 25 3 4 120
13 26 10 3 67
13 27 3 4 294
13 28 10 4 425
13 29 9 4 255
13 30 3 5 346
13 31 2 3 20
13 32 6 2 26
13 33 5 3 107
13 34 6 2 17
13 35 3 5 689
13 36 9 3 88
13 37 5 3 30
13 38 7 2 26
13 39 2 4 57
13 40 9 2 38
13 41 3 4 169
13 42 2 4 100
13 43 8 4 851
13 44 9 2 28
13 45 3 4 100
13 46 2 5 898
13 47 6 3 95
13 48 2 3 36
13 49 8 4 251
13 50 4 4 205
13 51 5 2 9
13 52 6 5 1298
13 53 7 4 184
13 54 5 3 41
13 55 10 2 29
13 56 6 2 25
13 57 8 3 105
13 58 7 4 165
13 59 2 3 23
13 60 9 2 37
13 61 7 4 495
13 62 6 5 1324
13 63 10 6 18491
14 0 9 4 372
14 1 4 5 617
14 2 2 5 1222
14 3 4 3 39
14 4 2 5 274
14 5 10 1 16
14 6 9 3 139
14 7 3 5 1037
14 8 10 2 40
14 9 9 7 67480
14 10 10 3 62
14 11 1 5 131
14 12 10 5 5797
14 13 7 5 3748
14 14 8 5 3627
14 15 8 4 379
14 16 5 4 539
14 17 7 4 563
14 18 6 3 42
14 19 5 7 31734
14 20 3 5 517
14 21 10 4 244
14 22 5 4 314
14 23 7 3 122
14 24 1 5 289
14 25 4 4 363
14 26 5 2 22
14 27 2 4 93
14 28 6 4 158
14 29 2 5 414
14 30 9 3 109
14 31 8 4 431
14 32 3 2 14
14 33 7 3 52
14 34 8 4 202
14 35 1 4 32
14 36 3 3 29
14 37 8 2 26
14 38 9 4 459
14 39 10 5 5975
14 40 6 3 44
14 41 10 2 42
14 42 1 5 539
14 43 1 6 932
14 44 10 2 33
14 45 7 3 45
14 46 7 4 196
14 47 9 3 52
14 48 10 2 26
14 49 10 1 16
14 50 9 4 911
14 51 5 2 23
14 52 5 3 29
14 53 9 1 10
14 54 5 2 19
14 55 1 4 76
14 56 9 2 25
14 57 10 3 171
14 58 10 3 122
14 59 10 3 175
14 60 5 1 8
14 61 2 4 68
14 62 5 4 133
14 63 7 4 443
15 0 7 4 417
15 1 3 4 93
15 2 5 3 58
15 3 8 5 2768
15 4 9 3 85
15 5 10 4 340
15 6 7 4 463
15 7 3 4 217
15 8 5 5 619
15 9 9 3 48
15 10 5 3 36
15 11 8 3 167
15 12 7 2 28
15 13 6 3 83
15 14 2 4 57
15 15 5 3 37
15 16 1 4 35
15 17 1 4 29
15 18 4 4 103
15 19 8 4 258
15 20 6 3 39
15 21 1 6 1256
15 22 7 2 27
15 23 4 4 105
15 24 9 3 50
15 25 4 3 31
15 26 9 2 17
15 27 4 3 76
15 28 6 2 19
15 29 8 4 274
15 30 9 4 743
15 31 7 4 204
15 32 2 4 87
15 33 5 2 19
15 34 3 3 60
15 35 5 3 87
15 36 9 2 38
15 37 2 4 52
15 38 8 3 67
15 39 3 3 26
15 40 9 2 37
15 41 4 4 155
15 42 7 2 32
15 43 8 2 31
15 44 6 2 28
15 45 9 3 49
15 46 9 2 33
15 47 7 3 55
15 48 9 2 43
15 49 5 4 214
15 50 1 5 131
15 51 5 4 116
15 52 3 2 9
15 53 9 3 162
15 54 8 2 18
15 55 10 6 27565
15 56 5 3 85
15 57 2 4 49
15 58 2 3 19
15 59 5 6 5567
15 60 3 4 197
15 61 1 5 119
15 62 7 5 3816
15 63 10 4 349
16 0 5 4 170
16 1 1 5 438
16 2 3 5 2042
16 3 9 2 21
16 4 9 2 46
16 5 3 4 74
16 6 10 1 15
16 7 3 4 108
16 8 9 5 1345
16 9 1 4 85
16 10 9 4 268
16 11 9 4 305
16 12 7 5 1395
16 13 8 2 39
16 14 10 3 130
16 15 7 2 25
16 16 5 5 931
16 17 6 4 158
16 18 9 3 128
16 19 8 5 1504
16 20 7 1 4
16 21 3 3 50
16 22 1 7 39592
16 23 6 4 162
16 24 3 2 12
16 25 7 3 64
16 26 8 3 48
16 27 5 5 1469
16 28 6 2 15
16 29 2 6 8008
16 30 8 4 292
16 31 2 3 28
16 32 7 4 571
16 33 3 3 46
16 34 1 3 18
16 35 5 3 100
16 36 4 3 24
16 37 5 4 149
16 38 1 7 11935
16 39 2 4 62
16 40 7 4 527
16 41 6 4 428
16 42 6 2 25
16 43 1 4 39
16 44 4 4 300
16 45 9 5 3512
16 46 7 2 18
16 47 9 4 199
16 48 8 2 33
16 49 4 5 594
16 50 6 2 29
16 51 2 5 275
16 52 8 2 42
16 53 5 4 180
16 54 3 3 47
16 55 5 4 116
16 56 1 4 36
16 57 7 6 24550
16 58 3 3 17
16 59 5 3 65
16 60 8 6 15587
16 61 1 5 544
16 62 2 5 240
16 63 3 3 62
17 0 5 2 23
17 1 3 3 18
17 2 3 5 1804
17 3 6 3 56
17 4 4 4 362
17 5 10 3 147
17 6 2 4 50
17 7 3 4 70
17 8 5 2 26
17 9 7 2 15
17 10 7 3 58
17 11 2 5 753
17 12 10 3 103
17 13 10 2 37
17 14 9 3 112
17 15 3 6 3880
17 16 3 5 576
17 17 4 6 3590
17 18 9 3 62
17 19 9 3 120
17 20 6 4 179
17 21 4 4 240
17 22 2 3 17
17 23 4 2 17
17 24 2 6 1659
17 25 8 4 353
17 26 7 6 14651
17 27 4 4 361
17 28 3 3 24
17 29 9 3 196
17 30 3 5 974
17 31 4 4 133
17 32 5 3 35
17 33 4 4 98
17 34 5 3 39
17 35 5 3 49
17 36 1 5 172
17 37 6 3 35
17 38 6 3 36
17 39 2 5 547
17 40 5 3 33
17 41 5 5 2087
17 42 2 5 406
17 43 5 5 1234
17 44 7 2 28
17 45 2 3 43
17 46 3 4 126
17 47 3 4 225
17 48 1 7 10901
17 49 2 4 159
17 50 9 3 143
17 51 8 4 310
17 52 7 3 114
17 53 7 2 31
17 54 4 4 233
17 55 10 2 38
17 56 2 3 40
17 57 2 4 68
17 58 8 3 116
17 59 4 3 61
17 60 2 4 109
17 61 2 4 212
17 62 5 2 24
17 63 3 4 326
18 0 3 2 6
18 1 3 3 21
18 2 4 3 52
18 3 5 4 141
18 4 5 3 33
18 5 5 3 47
18 6 8 3 145
18 7 2 5 1170
18 8 10 2 32
18 9 1 3 13
18 10 4 3 23
18 11 5 6 6313
18 12 4 4 203
18 13 6 4 170
18 14 6 4 143
18 15 6 4 455
18 16 3 4 108
18 17 3 5 951
18 18 10 3 115
18 19 8 7 78913
18 20 2 4 61
18 21 4 5 1267
18 22 1 4 56
18 23 8 4 212
18 24 4 3 25
18 25 3 4 77
18 26 2 4 119
18 27 2 3 15
18 28 10 2 32
18 29 5 4 468
18 30 10 3 125
18 31 9 1 7
18 32 8 2 30
18 33 3 4 73
18 34 10 4 379
18 35 3 3 49
18 36 8 3 160
18 37 2 4 84
18 38 10 1 13
18 39 2 3 24
18 40 10 2 42
18 41 7 2 16
18 42 9 2 37
18 43 4 3 57
18 44 10 3 93
18 45 3 3 36
18 46 5 5 845
18 47 6 4 474
18 48 5 5 675
18 49 6 4 173
18 50 10 4 352
18 51 1 6 1329
18 52 6 4 195
18 53 9 3 84
18 54 3 4 72
18 55 9 5 4310
18 56 6 4 394
18 57 2 3 21
18 58 10 3 80
18 59 3 3 52
18 60 8 2 22
18 61 6 3 59
18 62 1 5 321
18 63 8 2 24
19 0 5 3 57
19 1 3 5 1840
19 2 5 3 30
19 3 10 5 1730
19 4 1 5 188
19 5 10 4 286
19 6 4 6 3746
19 7 5 4 270
19 8 10 2 20
19 9 1 4 42
19 10 6 6 5113
19 11 1 7 6390
19 12 5 3 69
19 13 6 3 85
19 14 4 3 83
19 15 1 4 42
19 16 3 3 26
19 17 8 3 116
19 18 10 6 8220
19 19 9 4 289
19 20 4 5 979
19 21 6 7 62964
19 22 8 5 1700
19 23 6 3 57
19 24 7 1 12
19 25 4 4 95
19 26 7 4 199
19 27 1 4 41
19 28 7 3 64
19 29 9 2 39
19 30 1 5 201
19 31 4 3 33
19 32 4 5 1919
19 33 3 4 113
19 34 5 5 1141
19 35 6 3 39
19 36 8 2 19
19 37 5 2 20
19 38 1 5 290
19 39 8 1 8
19 40 3 4 176
19 41 3 3 16
19 42 10 2 29
19 43 3 4 181
19 44 7 5 1340
19 45 9 2 32
19 46 3 4 112
19 47 10 2 49
19 48 7 2 25
19 49 5 3 56
19 50 1 4 23
19 51 6 4 200
19 52 5 3 58
19 53 8 3 64
19 54 9 2 16
19 55 8 3 81
19 56 6 4 439
19 57 3 3 48
19 58 9 5 4021
19 59 3 4 325
19 60 2 3 37
19 61 10 4 333
19 62 8 2 21
19 63 2 5 497
20 0 8 4 177
20 1 8 3 43
20 2 5 3 56
20 3 8 2 23
20 4 5 5 2112
20 5 5 6 4373
20 6 3 4 163
20 7 9 4 579
20 8 3 3 58
20 9 2 6 2959
20 10 7 5 1344
20 11 8 2 40
20 12 1 4 64
20 13 9 1 8
20 14 5 5 743
20 15 4 4 90
20 16 2 4 81
20 17 9 5 1612
20 18 5 6 4746
20 19 10 4 289
20 20 5 4 113
20 21 10 3 90
20 22 8 3 80
20 23 7 2 26
20 24 4 4 413
20 25 7 4 371
20 26 2 3 15
20 27 8 2 42
20 28 4 3 38
20 29 3 4 71
20 30 2 4 61
20 31 6 2 23
20 32 5 3 36
20 33 10 3 57
20 34 8 4 184
20 35 1 4 60
20 36 10 5 3264
20 37 10 2 34
20 38 9 4 958
20 39 3 4 97
20 40 1 6 2213
20 41 6 2 12
20 42 5 3 109
20 43 4 4 101
20 44 3 3 56
20 45 7 4 217
20 46 2 5 362
20 47 9 3 57
20 48 6 5 998
20 49 10 6 11516
20 50 3 3 59
20 51 6 3 32
20 52 4 4 232
20 53 2 4 163
20 54 4 4 216
20 55 8 4 488
20 56 8 1 12
20 57 6 3 85
20 58 7 3 105
20 59 7 3 139
20 60 2 4 185
20 61 1 5 617
20 62 5 3 59
20 63 1 3 11
21 0 8 3 89
21 1 1 5 570
21 2 9 4 288
21 3 10 4 265
21 4 5 4 181
21 5 2 5 853
21 6 7 3 71
21 7 5 2 22
21 8 5 5 1240
21 9 1 6 1075
21 10 9 3 127
21 11 8 3 150
21 12 9 3 168
21 13 6 3 83
21 14 5 5 1973
21 15 4 4 270
21 16 10 4 552
21 17 4 3 87
21 18 8 3 57
21 19 10 5 1642
21 20 3 4 166
21 21 3 3 46
21 22 1 4 83
21 23 3 4 280
21 24 5 4 507
21 25 5 4 114
21 26 10 4 536
21 27 3 3 19
21 28 9 5 1603
21 29 5 3 36
21 30 8 3 74
21 31 5 4 259
21 32 7 3 123
21 33 3 4 290
21 34 3 4 72
21 35 10 2 53
21 36 3 3 19
21 37 7 4 248
21 38 4 3 50
21 39 2 5 1388
21 40 2 5 250
21 41 3 2 14
21 42 8 2 26
21 43 3 4 331
21 44 8 4 178
21 45 2 3 26
21 46 9 3 84
21 47 1 6 3312
21 48 9 2 26
21 49 1 4 102
21 50 8 4 507
21 51 8 1 8
21 52 2 5 442
21 53 3 3 20
21 54 10 3 62
21 55 6 4 161
21 56 6 3 109
21 57 10 2 33
21 58 4 4 178
21 59 9 4 688
21 60 7 5 1929
21 61 4 2 16
21 62 1 4 23
21 63 9 2 35
22 0 1 5 320
22 1 5 4 239
22 2 7 3 78
22 3 10 2 31
22 4 7 5 2014
22 5 8 6 12084
22 6 9 3 60
22 7 4 5 1595
22 8 1 3 21
22 9 4 3 40
22 10 6 4 530
22 11 3 3 41
22 12 7 5 1787
22 13 3 6 4394
22 14 6 2 13
22 15 6 3 67
22 16 5 2 16
22 17 9 3 51
22 18 8 5 1212
22 19 9 2 40
22 20 8 5 2762
22 21 9 4 253
22 22 9 2 37
22 23 8 4 839
22 24 8 2 17
22 25 5 3 76
22 26 3 4 109
22 27 1 6 2122
22 28 9 3 158
22 29 10 4 302
22 30 6 4 348
22 31 1 4 81
22 32 7 3 38
22 33 5 2 25
22 34 5 4 135
22 35 4 5 1231
22 36 8 5 1098
22 37 3 4 172
22 38 6 4 148
22 39 6 3 100
22 40 3 3 24
22 41 2 3 37
22 42 7 2 34
22 43 2 6 5656
22 44 6 5 1737
22 45 6 5 2509
22 46 4 3 43
22 47 3 3 19
22 48 3 4 185
22 49 7 3 113
22 50 8 2 17
22 51 7 3 44
22 52 8 4 219
22 53 2 5 618
22 54 4 3 56
22 55 2 5 710
22 56 8 2 27
22 57 7 2 13
22 58 3 3 40
22 59 2 3 20
22 60 9 2 21
22 61 5 5 701
22 62 8 3 120
22 63 3 4 83
23 0 8 2 34
23 1 6 3 48
23 2 4 5 1108
23 3 2 5 495
23 4 3 5 446
23 5 2 4 191
23 6 7 1 7
23 7 1 3 20
23 8 4 4 160
23 9 2 3 16
23 10 3 5 1646
23 11 3 3 25
23 12 8 4 686
23 13 10 2 24
23 14 9 3 156
23 15 5 4 434
23 16 9 2 47
23 17 10 4 233
23 18 6 3 97
23 19 5 2 24
23 20 9 4 250
23 21 8 2 24
23 22 8 5 2623
23 23 7 4 159
23 24 2 4 73
23 25 5 3 31
23 26 3 4 302
23 27 2 4 45
23 28 7 2 25
23 29 6 4 618
23 30 10 3 76
23 31 4 3 73
23 32 1 4 33
23 33 1 4 29
23 34 7 3 75
23 35 10 5 1408
23 36 4 3 61
23 37 1 5 401
23 38 5 5 1573
23 39 3 4 98
23 40 4 4 285
23 41 6 6 17395
23 42 9 2 41
23 43 3 3 20
23 44 4 3 88
23 45 3 4 134
23 46 6 4 250
23 47 9 2 38
23 48 1 3 12
23 49 9 2 25
23 50 3 4 101
23 51 6 2 30
23 52 10 4 638
23 53 10 7 159792
23 54 3 3 29
23 55 5 4 184
23 56 9 3 66
23 57 4 3 53
23 58 6 2 18
23 59 6 4 389
23 60 3 3 56
23 61 5 6 3892
23 62 1 8 135780
23 63 5 4 124
24 0 2 3 30
24 1 6 3 62
24 2 8 5 1324
24 3 9 5 1562
24 4 8 3 76
24 5 10 3 74
24 6 9 3 141
24 7 5 3 63
24 8 7 2 35
24 9 10 2 45
24 10 6 4 177
24 11 5 2 13
24 12 6 2 15
24 13 2 3 38
24 14 2 5 1260
24 15 3 3 49
24 16 1 4 66
24 17 2 3 40
24 18 7 2 34
24 19 4 5 1102
24 20 10 3 108
24 21 10 4 253
24 22 8 3 89
24 23 10 4 607
24 24 1 4 36
24 25 6 5 1308
24 26 5 3 79
24 27 5 3 57
24 28 10 3 70
24 29 9 3 149
24 30 6 3 59
24 31 6 4 191
24 32 6 4 245
24 33 3 3 28
24 34 8 4 589
24 35 4 5 542
24 36 5 4 174
24 37 2 6 2221
24 38 8 6 10312
24 39 2 4 167
24 40 9 2 22
24 41 10 2 32
24 42 10 1 15
24 43 6 2 31
24 44 1 5 231
24 45 1 4 85
24 46 4 6 5183
24 47 6 3 129
24 48 4 4 186
24 49 7 2 33
24 50 8 6 12234
24 51 4 3 22
24 52 3 4 174
24 53 10 3 57
24 54 4 5 684
24 55 9 2 29
24 56 10 3 57
24 57 8 9 14876745
24 58 5 3 69
24 59 3 3 37
24 60 7 4 201
24 61 8 3 136
24 62 8 5 3589
24 63 6 6 25485
25 0 5 1 7
25 1 9 4 268
25 2 1 5 208
25 3 4 4 102
25 4 8 2 38
25 5 6 4 357
25 6 3 3 20
25 7 3 4 242
25 8 3 5 341
25 9 9 2 33
25 10 2 5 545
25 11 2 4 92
25 12 5 3 96
25 13 1 5 245
25 14 10 2 21
25 15 2 4 46
25 16 5 2 12
25 17 7 3 41
25 18 1 4 26
25 19 5 4 159
25 20 3 5 1160
25 21 7 4 180
25 22 4 1 7
25 23 6 2 17
25 24 5 5 2635
25 25 4 4 313
25 26 2 5 328
25 27 3 4 331
25 28 4 3 25
25 29 3 3 50
25 30 2 3 16
25 31 2 3 41
25 32 9 4 302
25 33 2 5 546
25 34 5 4 203
25 35 9 1 5
25 36 2 4 131
25 37 8 6 25780
25 38 9 3 136
25 39 2 6 2484
25 40 8 4 190
25 41 4 3 23
25 42 1 4 56
25 43 3 3 33
25 44 10 3 62
25 45 3 3 57
25 46 1 4 27
25 47 6 3 77
25 48 5 3 27
25 49 7 5 816
25 50 1 5 240
25 51 3 4 73
25 52 1 3 14
25 53 8 2 37
25 54 5 4 268
25 55 3 5 1407
25 56 6 4 496
25 57 2 4 71
25 58 10 4 378
25 59 3 3 54
25 60 3 4 99
25 61 9 2 16
25 62 10 2 33
25 63 6 4 233
26 0 9 1 13
26 1 2 3 18
26 2 9 1 14
26 3 9 3 69
26 4 6 2 14
26 5 9 3 194
26 6 5 2 20
26 7 4 5 1409
26 8 7 2 29
26 9 9 5 3208
26 10 5 4 316
26 11 6 5 1183
26 12 2 4 53
26 13 4 5 1048
26 14 3 3 29
26 15 7 3 142
26 16 7 4 207
26 17 4 3 64
26 18 3 6 3164
26 19 4 3 64
26 20 5 3 72
26 21 10 2 27
26 22 7 4 365
26 23 8 4 672
26 24 8 2 28
26 25 2 5 279
26 26 1 3 16
26 27 5 2 22
26 28 1 4 105
26 29 4 3 61
26 30 9 2 38
26 31 7 5 1590
26 32 10 2 37
26 33 6 3 44
26 34 2 4 168
26 35 6 3 79
26 36 9 4 238
26 37 1 4 25
26 38 6 3 69
26 39 2 3 27
26 40 6 2 24
26 41 5 2 19
26 42 8 3 51
26 43 2 4 63
26 44 1 4 32
26 45 7 4 656
26 46 5 3 32
26 47 4 4 163
26 48 6 3 102
26 49 4 6 11140
26 50 7 5 864
26 51 4 4 141
26 52 1 4 61
26 53 3 4 112
26 54 10 2 25
26 55 7 4 390
26 56 4 4 426
26 57 7 3 42
26 58 9 2 21
26 59 10 3 100
26 60 2 4 116
26 61 9 3 64
26 62 5 3 72
26 63 8 2 15
27 0 8 4 355
27 1 10 2 51
27 2 8 2 17
27 3 6 5 979
27 4 7 5 811
27 5 5 6 7055
27 6 6 6 5186
27 7 10 1 16
27 8 8 3 53
27 9 3 4 283
27 10 4 3 26
27 11 2 6 1588
27 12 1 4 56
27 13 8 2 30
27 14 8 2 35
27 15 7 2 18
27 16 3 5 682
27 17 4 6 3536
27 18 10 3 82
27 19 1 7 9676
27 20 9 3 128
27 21 10 4 375
27 22 4 4 97
27 23 2 6 3743
27 24 8 5 4655
27 25 6 3 65
27 26 4 6 7123
27 27 2 4 46
27 28 10 1 14
27 29 8 6 36470
27 30 2 3 30
27 31 4 5 908
27 32 10 3 97
27 33 8 2 22
27 34 6 4 179
27 35 9 2 26
27 36 2 3 28
27 37 3 4 156
27 38 4 4 136
27 39 2 4 83
27 40 4 5 1571
27 41 4 5 2286
27 42 6 3 94
27 43 4 4 257
27 44 10 2 38
27 45 8 3 78
27 46 4 4 141
27 47 8 3 153
27 48 6 1 5
27 49 3 5 716
27 50 5 5 1492
27 51 7 5 4757
27 52 10 1 11
27 53 6 3 64
27 54 4 5 2704
27 55 4 5 546
27 56 8 4 279
27 57 8 2 30
27 58 2 6 3260
27 59 2 4 53
27 60 9 4 928
27 61 4 2 9
27 62 6 2 20
27 63 4 4 120
28 0 2 5 1260
28 1 5 4 124
28 2 8 2 33
28 3 1 3 22
28 4 4 3 28
28 5 10 4 461
28 6 6 5 709
28 7 5 1 8
28 8 8 3 156
28 9 4 5 753
28 10 3 3 42
28 11 10 4 648
28 12 7 4 775
28 13 3 4 110
28 14 9 3 187
28 15 6 3 48
28 16 1 5 117
28 17 9 3 52
28 18 7 1 9
28 19 8 4 381
28 20 2 5 230
28 21 9 2 19
28 22 2 3 21
28 23 10 3 142
28 24 6 3 37
28 25 10 2 35
28 26 9 2 25
28 27 4 3 61
28 28 1 4 53
28 29 9 5 3295
28 30 6 4 635
28 31 10 3 107
28 32 1 4 36
28 33 2 6 7115
28 34 3 3 28
28 35 2 2 8
28 36 6 2 27
28 37 3 4 201
28 38 10 3 56
28 39 6 4 491
28 40 7 5 4299
28 41 4 4 106
28 42 4 3 55
28 43 4 5 609
28 44 5 3 89
28 45 3 2 14
28 46 8 4 218
28 47 7 4 174
28 48 8 4 243
28 49 1 4 42
28 50 6 2 23
28 51 1 4 55
28 52 6 3 107
28 53 10 3 163
28 54 3 5 440
28 55 1 4 42
28 56 7 4 365
28 57 7 2 30
28 58 4 2 19
28 59 8 3 75
28 60 10 3 115
28 61 8 3 65
28 62 8 4 380
28 63 2 3 18
29 0 6 2 11
29 1 7 4 391
29 2 9 4 454
29 3 5 7 26537
29 4 4 5 465
29 5 3 6 4665
29 6 4 5 1374
29 7 6 3 92
29 8 7 2 33
29 9 7 3 92
29 10 7 2 24
29 11 4 2 17
29 12 4 3 29
29 13 4 5 2571
29 14 7 4 354
29 15 8 5 2436
29 16 10 3 60
29 17 8 4 287
29 18 8 3 49
29 19 9 4 346
29 20 2 4 73
29 21 10 1 9
29 22 1 4 82
29 23 2 4 197
29 24 9 3 70
29 25 2 5 697
29 26 9 4 548
29 27 4 5 1222
29 28 7 3 71
29 29 6 5 1083
29 30 3 4 68
29 31 2 3 37
29 32 9 3 119
29 33 5 5 1188
29 34 6 3 95
29 35 8 2 19
29 36 5 5 2571
29 37 6 3 41
29 38 2 6 1846
29 39 2 3 32
29 40 5 5 1190
29 41 9 4 978
29 42 8 2 31
29 43 8 2 20
29 44 7 2 15
29 45 5 6 3818
29 46 3 4 110
29 47 7 4 214
29 48 5 3 32
29 49 9 3 174
29 50 7 2 27
29 51 8 3 137
29 52 3 3 47
29 53 9 1 15
29 54 5 3 30
29 55 7 3 115
29 56 3 5 1255
29 57 5 3 65
29 58 9 3 130
29 59 6 3 99
29 60 4 4 123
29 61 3 7 21541
29 62 9 2 23
29 63 9 1 6
30 0 5 2 23
30 1 3 5 1099
30 2 5 3 39
30 3 10 4 965
30 4 6 4 141
30 5 5 3 41
30 6 2 4 55
30 7 7 2 23
30 8 5 2 16
30 9 5 5 1282
30 10 10 3 85
30 11 7 2 19
30 12 4 3 25
30 13 1 3 9
30 14 2 4 45
30 15 8 3 46
30 16 7 3 45
30 17 4 4 97
30 18 2 4 78
30 19 2 4 160
30 20 4 3 40
30 21 2 3 40
30 22 3 3 26
30 23 3 5 441
30 24 7 4 374
30 25 6 4 353
30 26 2 4 136
30 27 7 2 13
30 28 7 3 117
30 29 5 3 31
30 30 9 4 401
30 31 6 4 168
30 32 8 5 4906
30 33 5 6 22976
30 34 8 2 19
30 35 4 2 17
30 36 10 2 53
30 37 6 3 50
30 38 6 4 189
30 39 1 5 127
30 40 9 2 21
30 41 7 3 49
30 42 3 6 11475
30 43 8 3 137
30 44 6 3 38
30 45 3 5 907
30 46 7 4 395
30 47 7 2 27
30 48 6 2 27
30 49 10 3 59
30 50 8 4 462
30 51 6 4 206
30 52 9 3 121
30 53 4 4 239
30 54 5 2 22
30 55 3 5 1611
30 56 10 4 335
30 57 2 4 100
30 58 1 6 1490
30 59 9 3 149
30 60 7 5 2795
30 61 6 3 65
30 62 8 4 651
30 63 9 2 26
31 0 7 2 20
31 1 6 5 1874
31 2 4 3 37
31 3 7 3 114
31 4 7 2 25
31 5 8 5 2003
31 6 8 4 244
31 7 7 2 32
31 8 8 4 748
31 9 8 3 65
31 10 1 4 52
31 11 6 2 16
31 12 5 3 72
31 13 5 4 114
31 14 9 3 65
31 15 7 3 54
31 16 4 4 217
31 17 5 4 159
31 18 6 4 216
31 19 3 3 32
31 20 8 3 70
31 21 6 5 1304
31 22 9 3 49
31 23 4 3 49
31 24 7 4 160
31 25 10 2 46
31 26 1 4 49
31 27 8 2 29
31 28 7 4 187
31 29 10 4 409
31 30 2 5 580
31 31 6 3 36
31 32 6 2 31
31 33 10 7 142751
31 34 6 2 27
31 35 3 3 62
31 36 1 4 77
31 37 4 4 364
31 38 9 4 327
31 39 10 2 25
31 40 10 2 21
31 41 1 4 43
31 42 9 3 137
31 43 4 3 32
31 44 1 4 66
31 45 1 4 60
31 46 4 5 488
31 47 9 3 85
31 48 8 4 717
31 49 7 2 25
31 50 5 3 90
31 51 7 2 32
31 52 7 5 1749
31 53 1 3 20
31 54 2 5 601
31 55 7 3 137
31 56 2 4 47
31 57 2 5 582
31 58 8 3 137
31 59 4 4 198
31 60 2 5 660
31 61 5 4 225
31 62 4 3 62
31 63 6 3 46
32 0 6 4 577
32 1 7 2 26
32 2 8 5 1859
32 3 3 3 64
32 4 2 4 45
32 5 2 4 84
32 6 3 2 12
32 7 6 2 22
32 8 9 2 20
32 9 6 2 30
32 10 8 3 140
32 11 10 2 46
32 12 4 4 118
32 13 5 5 1115
32 14 1 5 487
32 15 8 3 76
32 16 7 2 28
32 17 1 5 314
32 18 8 3 131
32 19 5 3 44
32 20 3 4 108
32 21 1 4 29
32 22 3 4 79
32 23 8 3 45
32 24 6 3 106
32 25 9 2 32
32 26 10 2 36
32 27 8 3 50
32 28 6 5 939
32 29 7 2 36
32 30 6 3 72
32 31 2 3 24
32 32 4 5 467
32 33 5 2 20
32 34 10 3 101
32 35 9 3 59
32 36 2 4 49
32 37 8 2 22
32 38 2 5 522
32 39 8 2 30
32 40 5 6 19193
32 41 6 3 40
32 42 2 5 584
32 43 1 4 69
32 44 5 4 203
32 45 4 3 66
32 46 7 2 34
32 47 10 3 94
32 48 8 3 98
32 49 10 6 8642
32 50 1 3 7
32 51 1 5 449
32 52 3 2 15
32 53 7 3 70
32 54 10 4 228
32 55 8 3 66
32 56 5 4 283
32 57 2 2 8
32 58 8 5 2159
32 59 5 3 34
32 60 2 4 73
32 61 9 3 106
32 62 1 6 3614
32 63 2 4 127
33 0 1 5 321
33 1 4 5 551
33 2 10 3 127
33 3 10 4 251
33 4 9 3 85
33 5 7 4 168
33 6 3 3 22
33 7 8 2 27
33 8 2 4 136
33 9 3 5 759
33 10 7 3 42
33 11 2 5 798
33 12 3 4 94
33 13 2 6 2628
33 14 2 5 1077
33 15 10 3 161
33 16 6 3 72
33 17 6 5 2738
33 18 5 3 108
33 19 3 4 124
33 20 7 5 1490
33 21 3 3 30
33 22 1 4 49
33 23 8 3 168
33 24 3 3 25
33 25 2 4 62
33 26 7 4 256
33 27 5 3 34
33 28 1 4 66
33 29 5 4 154
33 30 4 5 1004
33 31 2 4 53
33 32 4 3 51
33 33 8 3 87
33 34 10 2 22
33 35 10 4 304
33 36 3 3 46
33 37 10 2 23
33 38 8 5 4893
33 39 8 2 30
33 40 6 4 384
33 41 4 3 33
33 42 2 2 9
33 43 1 5 220
33 44 7 3 126
33 45 5 3 52
33 46 9 6 6289
33 47 2 3 24
33 48 6 2 18
33 49 8 2 34
33 50 8 2 26
33 51 3 5 1104
33 52 5 4 206
33 53 5 5 1849
33 54 10 3 101
33 55 8 4 381
33 56 4 3 68
33 57 6 3 112
33 58 8 3 143
33 59 8 4 850
33 60 1 7 9273
33 61 9 3 147
33 62 3 3 29
33 63 3 3 24
34 0 7 3 101
34 1 2 4 138
34 2 8 4 279
34 3 10 2 28
34 4 2 6 8169
34 5 10 2 33
34 6 4 3 34
34 7 4 4 410
34 8 5 3 102
34 9 3 4 125
34 10 4 4 113
34 11 1 5 184
34 12 7 4 754
34 13 7 5 4817
34 14 6 3 32
34 15 1 5 618
34 16 8 3 60
34 17 5 3 50
34 18 6 4 273
34 19 1 6 2197
34 20 4 3 70
34 21 3 4 259
34 22 7 4 765
34 23 3 3 40
34 24 8 4 405
34 25 4 3 87
34 26 7 2 26
34 27 1 5 186
34 28 1 4 23
34 29 3 4 78
34 30 8 3 90
34 31 8 4 591
34 32 4 2 20
34 33 8 3 51
34 34 9 2 25
34 35 6 4 409
34 36 8 2 23
34 37 1 4 23
34 38 3 3 65
34 39 9 5 1200
34 40 9 3 196
34 41 10 5 3583
34 42 1 5 177
34 43 5 2 20
34 44 9 2 26
34 45 6 3 57
34 46 10 2 47
34 47 2 6 1882
34 48 9 4 369
34 49 4 3 36
34 50 9 2 34
34 51 4 2 11
34 52 5 4 308
34 53 9 2 21
34 54 2 3 32
34 55 7 4 469
34 56 2 3 42
34 57 6 3 34
34 58 7 2 16
34 59 6 4 134
34 60 4 3 30
34 61 6 3 91
34 62 6 2 25
34 63 6 1 8
35 0 3 3 17
35 1 9 3 55
35 2 6 3 70
35 3 5 5 822
35 4 10 4 527
35 5 10 2 19
35 6 4 5 922
35 7 7 3 67
35 8 4 4 278
35 9 7 4 297
35 10 8 3 93
35 11 9 2 29
35 12 9 2 26
35 13 4 3 31
35 14 8 3 64
35 15 8 3 144
35 16 2 3 25
35 17 2 5 541
35 18 7 3 109
35 19 5 3 45
35 20 9 5 1755
35 21 5 5 965
35 22 7 3 49
35 23 9 5 1392
35 24 10 2 35
35 25 1 5 190
35 26 4 4 102
35 27 6 2 16
35 28 5 4 411
35 29 10 4 659
35 30 8 3 169
35 31 9 2 39
35 32 8 5 1613
35 33 1 5 268
35 34 6 2 12
35 35 10 2 52
35 36 10 2 29
35 37 8 2 18
35 38 8 5 2033
35 39 4 2 8
35 40 2 5 384
35 41 8 2 34
35 42 4 2 14
35 43 1 6 2393
35 44 10 2 40
35 45 8 5 1082
35 46 3 4 297
35 47 1 3 16
35 48 6 7 188122
35 49 2 3 41
35 50 1 4 56
35 51 3 2 14
35 52 7 3 80
35 53 9 4 601
35 54 10 6 29955
35 55 7 3 74
35 56 4 3 31
35 57 7 4 438
35 58 8 4 200
35 59 10 4 340
35 60 4 3 62
35 61 10 4 473
35 62 6 4 316
35 63 10 4 801
36 0 9 3 53
36 1 5 3 78
36 2 5 3 27
36 3 10 2 32
36 4 1 3 20
36 5 8 4 380
36 6 8 4 902
36 7 5 2 15
36 8 2 5 505
36 9 7 3 58
36 10 10 4 512
36 11 5 5 992
36 12 9 2 22
36 13 1 6 763
36 14 3 5 708
36 15 6 4 327
36 16 8 4 377
36 17 1 4 53
36 18 2 3 42
36 19 7 3 101
36 20 3 3 44
36 21 6 1 7
36 22 6 6 6145
36 23 10 3 105
36 24 1 6 4603
36 25 8 3 123
36 26 1 3 20
36 27 7 2 31
36 28 5 2 23
36 29 5 3 71
36 30 9 3 61
36 31 10 2 21
36 32 4 4 417
36 33 9 1 15
36 34 5 3 31
36 35 2 5 249
36 36 7 3 77
36 37 6 4 237
36 38 7 5 2733
36 39 4 3 28
36 40 3 3 57
36 41 10 4 779
36 42 6 3 34
36 43 7 6 22418
36 44 10 2 28
36 45 6 3 53
36 46 10 3 183
36 47 7 4 212
36 48 3 4 192
36 49 3 4 134
36 50 6 4 500
36 51 1 4 103
36 52 6 3 105
36 53 10 3 58
36 54 9 3 52
36 55 4 5 2387
36 56 9 6 30022
36 57 1 5 658
36 58 8 2 34
36 59 10 6 10087
36 60 1 5 182
36 61 3 4 124
36 62 5 3 53
36 63 7 3 75
37 0 10 2 32
37 1 6 6 4576
37 2 8 3 68
37 3 1 4 41
37 4 7 4 187
37 5 3 4 70
37 6 3 4 118
37 7 8 3 66
37 8 8 4 271
37 9 8 3 45
37 10 9 4 564
37 11 7 4 415
37 12 6 5 1495
37 13 8 2 41
37 14 2 4 88
37 15 5 5 655
37 16 9 4 984
37 17 1 6 856
37 18 8 4 577
37 19 2 5 721
37 20 2 4 64
37 21 1 4 47
37 22 4 3 54
37 23 5 4 118
37 24 1 5 423
37 25 7 4 243
37 26 10 2 40
37 27 8 4 239
37 28 1 4 40
37 29 7 3 93
37 30 9 4 738
37 31 2 5 1155
37 32 1 4 48
37 33 4 7 25018
37 34 8 3 116
37 35 9 4 665
37 36 9 2 19
37 37 4 4 130
37 38 5 3 89
37 39 1 3 19
37 40 5 3 72
37 41 2 3 44
37 42 2 4 110
37 43 10 2 35
37 44 10 3 61
37 45 8 3 75
37 46 10 4 250
37 47 7 5 2595
37 48 7 2 29
37 49 4 4 352
37 50 2 4 151
37 51 6 4 532
37 52 4 4 94
37 53 1 4 81
37 54 8 3 69
37 55 2 4 220
37 56 1 5 347
37 57 1 4 53
37 58 10 2 44
37 59 3 4 103
37 60 1 5 341
37 61 9 3 149
37 62 7 3 66
37 63 7 2 31
38 0 8 3 95
38 1 7 7 44539
38 2 6 3 43
38 3 4 5 893
38 4 4 4 104
38 5 5 4 354
38 6 6 4 230
38 7 7 3 68
38 8 2 3 37
38 9 6 3 81
38 10 6 5 2132
38 11 7 3 89
38 12 7 4 187
38 13 10 5 5380
38 14 8 3 115
38 15 7 3 43
38 16 6 4 631
38 17 4 7 38588
38 18 5 5 1331
38 19 3 3 41
38 20 2 5 800
38 21 9 3 48
38 22 7 3 38
38 23 9 4 306
38 24 10 3 57
38 25 6 3 81
38 26 4 5 734
38 27 3 4 177
38 28 9 2 41
38 29 1 5 251
38 30 1 5 385
38 31 2 4 142
38 32 1 6 723
38 33 7 5 834
38 34 8 3 108
38 35 9 2 20
38 36 7 4 785
38 37 9 3 197
38 38 4 4 148
38 39 5 4 164
38 40 10 4 329
38 41 5 2 19
38 42 7 3 99
38 43 8 4 684
38 44 4 3 48
38 45 5 4 382
38 46 6 6 21144
38 47 3 4 142
38 48 3 4 192
38 49 4 3 50
38 50 2 5 386
38 51 8 2 27
38 52 3 5 601
38 53 9 3 58
38 54 10 3 63
38 55 2 4 95
38 56 10 3 114
38 57 6 5 3407
38 58 8 3 100
38 59 5 5 894
38 60 3 3 28
38 61 4 2 18
38 62 3 3 43
38 63 10 2 19
39 0 1 4 42
39 1 5 3 29
39 2 4 5 1154
39 3 4 2 18
39 4 5 3 32
39 5 10 2 31
39 6 4 5 2271
39 7 9 5 4604
39 8 8 3 148
39 9 6 3 107
39 10 9 4 388
39 11 8 3 94
39 12 1 4 44
39 13 8 3 150
39 14 1 5 276
39 15 2 4 201
39 16 4 3 66
39 17 10 3 65
39 18 7 3 95
39 19 3 3 40
39 20 2 4 197
39 21 1 5 124
39 22 2 5 257
39 23 9 6 12159
39 24 4 4 151
39 25 1 4 26
39 26 4 4 321
39 27 5 4 530
39 28 6 3 40
39 29 5 3 46
39 30 4 2 19
39 31 2 4 48
39 32 1 4 26
39 33 4 3 27
39 34 6 4 163
39 35 10 4 995
39 36 6 4 139
39 37 1 4 27
39 38 7 2 35
39 39 3 3 18
39 40 4 2 14
39 41 9 3 52
39 42 6 5 875
39 43 9 3 190
39 44 4 6 7854
39 45 6 3 64
39 46 10 4 610
39 47 5 4 190
39 48 4 4 227
39 49 3 3 20
39 50 9 4 458
39 51 4 3 32
39 52 1 6 1131
39 53 9 3 59
39 54 3 3 60
39 55 1 8 87824
39 56 8 5 1116
39 57 6 4 467
39 58 9 4 361
39 59 3 4 73
39 60 2 3 30
39 61 1 4 49
39 62 2 3 22
39 63 1 6 1198
40 0 10 4 734
40 1 6 3 47
40 2 9 3 78
40 3 3 3 33
40 4 8 4 489
40 5 5 4 337
40 6 1 4 27
40 7 5 4 300
40 8 8 2 21
40 9 2 9 3956448
40 10 7 3 39
40 11 7 3 76
40 12 5 4 370
40 13 9 2 36
40 14 3 3 44
40 15 3 4 136
40 16 9 4 203
40 17 8 2 30
40 18 6 6 7497
40 19 5 4 142
40 20 4 3 38
40 21 4 3 29
40 22 9 6 11775
40 23 2 3 26
40 24 8 3 114
40 25 3 3 36
40 26 9 1 9
40 27 4 2 20
40 28 7 4 311
40 29 2 4 51
40 30 9 4 202
40 31 4 5 479
40 32 5 3 78
40 33 2 4 45
40 34 10 3 128
40 35 6 3 100
40 36 3 4 206
40 37 1 5 322
40 38 2 4 137
40 39 5 5 1659
40 40 8 5 942
40 41 6 5 3111
40 42 2 5 481
40 43 4 3 85
40 44 3 4 105
40 45 8 4 858
40 46 6 4 249
40 47 1 5 417
40 48 6 3 53
40 49 8 3 130
40 50 2 4 86
40 51 1 4 77
40 52 4 3 22
40 53 5 2 23
40 54 7 3 44
40 55 7 2 33
40 56 2 5 230
40 57 8 4 233
40 58 6 4 161
40 59 5 3 32
40 60 9 5 1411
40 61 6 3 53
40 62 9 2 47
40 63 9 2 35
41 0 8 2 42
41 1 6 3 46
41 2 1 5 143
41 3 4 4 226
41 4 2 3 14
41 5 7 3 113
41 6 8 4 331
41 7 7 3 69
41 8 8 3 55
41 9 1 4 66
41 10 8 4 543
41 11 5 4 240
41 12 6 4 183
41 13 10 5 1197
41 14 6 3 120
41 15 7 7 156370
41 16 1 6 798
41 17 4 5 1479
41 18 9 4 252
41 19 7 3 52
41 20 1 5 150
41 21 10 5 6586
41 22 5 1 3
41 23 7 3 98
41 24 9 2 16
41 25 1 5 390
41 26 10 4 912
41 27 8 3 44
41 28 7 2 23
41 29 6 4 155
41 30 2 4 157
41 31 6 4 177
41 32 8 4 258
41 33 2 3 44
41 34 7 4 295
41 35 4 2 10
41 36 9 3 68
41 37 8 4 619
41 38 8 4 317
41 39 1 3 17
41 40 7 3 46
41 41 1 4 23
41 42 5 2 24
41 43 3 4 71
41 44 6 6 7483
41 45 10 3 123
41 46 1 4 26
41 47 7 3 89
41 48 1 4 26
41 49 4 3 52
41 50 6 2 29
41 51 10 4 260
41 52 3 5 672
41 53 6 3 59
41 54 1 4 30
41 55 2 4 55
41 56 8 2 35
41 57 8 4 428
41 58 5 3 64
41 59 1 4 29
41 60 7 5 1150
41 61 2 8 272414
41 62 3 4 96
41 63 7 3 56
42 0 3 3 47
42 1 3 4 240
42 2 1 3 19
42 3 1 4 51
42 4 3 4 220
42 5 9 5 1185
42 6 4 3 34
42 7 8 3 126
42 8 2 3 34
42 9 5 3 30
42 10 2 4 62
42 11 10 2 20
42 12 6 6 4545
42 13 3 3 21
42 14 8 2 27
42 15 4 3 62
42 16 10 4 278
42 17 4 4 161
42 18 1 4 28
42 19 6 3 44
42 20 6 3 116
42 21 9 2 43
42 22 1 5 148
42 23 9 4 710
42 24 6 2 23
42 25 6 3 36
42 26 3 2 13
42 27 3 7 16899
42 28 8 5 4800
42 29 4 3 74
42 30 3 6 2294
42 31 4 2 10
42 32 10 3 73
42 33 4 2 21
42 34 8 4 181
42 35 6 3 78
42 36 8 3 43
42 37 1 5 207
42 38 8 3 59
42 39 9 3 102
42 40 2 5 490
42 41 9 4 202
42 42 4 3 42
42 43 4 4 146
42 44 3 3 31
42 45 3 5 757
42 46 9 2 23
42 47 6 2 27
42 48 5 4 231
42 49 10 4 646
42 50 8 1 13
42 51 4 4 128
42 52 2 5 503
42 53 5 3 36
42 54 6 3 66
42 55 8 2 31
42 56 5 3 29
42 57 9 1 12
42 58 1 6 1789
42 59 2 3 41
42 60 5 5 2153
42 61 9 3 180
42 62 4 5 1161
42 63 1 5 674
43 0 10 3 67
43 1 10 3 132
43 2 10 4 233
43 3 3 5 635
43 4 1 4 32
43 5 1 3 16
43 6 10 4 430
43 7 4 2 16
43 8 4 5 680
43 9 8 2 26
43 10 6 1 6
43 11 2 3 22
43 12 8 5 4845
43 13 6 5 1320
43 14 2 7 23122
43 15 10 3 125
43 16 6 4 347
43 17 3 3 34
43 18 5 2 18
43 19 7 4 574
43 20 6 2 24
43 21 8 4 186
43 22 1 4 110
43 23 1 5 609
43 24 5 4 129
43 25 8 2 35
43 26 4 3 70
43 27 8 4 372
43 28 2 5 1230
43 29 1 4 82
43 30 5 3 92
43 31 9 3 131
43 32 2 3 26
43 33 2 4 53
43 34 9 5 1421
43 35 7 5 1071
43 36 10 3 67
43 37 7 5 1024
43 38 1 3 22
43 39 6 2 15
43 40 8 2 34
43 41 6 2 29
43 42 2 5 263
43 43 2 3 14
43 44 3 2 14
43 45 5 4 396
43 46 9 2 43
43 47 5 6 18941
43 48 8 4 199
43 49 8 3 56
43 50 6 4 177
43 51 3 7 42195
43 52 5 2 17
43 53 10 4 373
43 54 10 2 30
43 55 4 3 29
43 56 5 3 95
43 57 1 5 126
43 58 6 3 125
43 59 8 4 648
43 60 2 3 34
43 61 8 4 287
43 62 9 2 23
43 63 2 6 2104
44 0 9 3 161
44 1 4 3 79
44 2 4 4 132
44 3 8 3 158
44 4 3 6 2208
44 5 8 3 174
44 6 8 4 453
44 7 6 2 21
44 8 10 5 1321
44 9 2 6 1472
44 10 9 5 1110
44 11 5 3 52
44 12 4 5 1021
44 13 4 6 7120
44 14 9 3 50
44 15 9 3 95
44 16 9 2 32
44 17 4 5 1070
44 18 3 3 46
44 19 10 4 301
44 20 1 5 159
44 21 7 4 290
44 22 10 1 16
44 23 1 3 18
44 24 4 6 9197
44 25 9 4 560
44 26 4 4 267
44 27 2 3 31
44 28 7 3 49
44 29 9 3 115
44 30 1 6 831
44 31 9 3 66
44 32 2 4 222
44 33 2 3 26
44 34 10 4 487
44 35 3 4 106
44 36 10 5 1518
44 37 3 3 32
44 38 3 3 56
44 39 6 3 43
44 40 9 4 370
44 41 10 2 22
44 42 7 1 11
44 43 2 4 184
44 44 9 2 35
44 45 4 5 576
44 46 5 6 6282
44 47 1 4 86
44 48 6 3 35
44 49 7 4 176
44 50 8 5 2239
44 51 2 4 214
44 52 3 6 4428
44 53 3 4 72
44 54 1 6 1162
44 55 6 4 262
44 56 3 4 148
44 57 3 3 17
44 58 10 3 79
44 59 3 6 3496
44 60 2 4 102
44 61 3 5 669
44 62 4 3 36
44 63 4 5 773
45 0 8 1 7
45 1 6 2 15
45 2 10 3 65
45 3 5 5 820
45 4 2 4 52
45 5 6 3 116
45 6 10 1 12
45 7 2 3 14
45 8 2 4 69
45 9 1 6 718
45 10 7 4 478
45 11 3 4 338
45 12 7 3 80
45 13 5 3 40
45 14 8 3 59
45 15 3 5 401
45 16 5 2 20
45 17 7 2 32
45 18 3 4 121
45 19 1 5 315
45 20 3 3 52
45 21 7 5 2395
45 22 1 5 249
45 23 5 3 28
45 24 9 2 47
45 25 4 3 50
45 26 8 3 116
45 27 10 3 107
45 28 10 3 92
45 29 4 5 1301
45 30 5 3 91
45 31 3 5 1913
45 32 7 3 44
45 33 4 4 303
45 34 2 4 53
45 35 3 3 32
45 36 10 3 68
45 37 2 5 533
45 38 9 1 15
45 39 9 1 15
45 40 5 5 726
45 41 6 2 21
45 42 10 5 4845
45 43 6 5 958
45 44 3 3 30
45 45 9 2 25
45 46 8 2 42
45 47 3 4 88
45 48 10 1 15
45 49 5 5 1324
45 50 4 4 206
45 51 1 3 12
45 52 7 3 50
45 53 7 1 8
45 54 2 3 30
45 55 2 3 17
45 56 5 2 26
45 57 7 3 119
45 58 4 3 26
45 59 10 3 99
45 60 8 7 61516
45 61 8 5 1772
45 62 7 3 96
45 63 9 3 101
46 0 4 2 17
46 1 3 4 71
46 2 10 4 360
46 3 10 4 286
46 4 3 3 46
46 5 6 4 303
46 6 8 3 43
46 7 5 4 129
46 8 9 7 56463
46 9 10 5 1366
46 10 4 4 446
46 11 5 2 23
46 12 9 4 389
46 13 1 4 91
46 14 5 3 58
46 15 2 4 62
46 16 4 3 64
46 17 6 2 27
46 18 9 2 27
46 19 7 3 56
46 20 7 2 16
46 21 5 4 153
46 22 1 4 30
46 23 2 6 2143
46 24 8 2 28
46 25 3 5 552
46 26 2 3 20
46 27 8 3 103
46 28 8 1 7
46 29 6 5 922
46 30 6 3 108
46 31 3 5 416
46 32 3 4 77
46 33 4 5 2276
46 34 6 4 335
46 35 8 4 358
46 36 3 4 197
46 37 2 4 54
46 38 10 2 26
46 39 8 3 96
46 40 4 4 104
46 41 1 4 46
46 42 10 5 1227
46 43 5 5 1180
46 44 1 4 55
46 45 1 5 657
46 46 5 4 295
46 47 2 3 35
46 48 3 5 1556
46 49 6 5 1142
46 50 3 4 69
46 51 1 6 1763
46 52 4 6 3175
46 53 9 2 31
46 54 2 4 54
46 55 3 4 176
46 56 4 3 30
46 57 7 6 26163
46 58 3 3 44
46 59 1 5 411
46 60 6 3 39
46 61 1 4 67
46 62 6 4 161
46 63 1 4 70
47 0 4 3 44
47 1 7 4 604
47 2 6 3 60
47 3 5 5 651
47 4 8 4 486
47 5 4 3 30
47 6 6 3 115
47 7 7 3 55
47 8 6 2 25
47 9 6 5 1031
47 10 4 4 176
47 11 1 4 82
47 12 3 3 28
47 13 5 5 1779
47 14 9 4 504
47 15 2 5 268
47 16 10 1 12
47 17 1 5 199
47 18 4 4 193
47 19 4 3 60
47 20 1 4 45
47 21 3 5 516
47 22 6 4 166
47 23 5 3 86
47 24 4 3 38
47 25 6 3 50
47 26 4 3 45
47 27 4 3 37
47 28 7 6 7230
47 29 8 4 255
47 30 4 4 258
47 31 6 5 2897
47 32 10 6 11335
47 33 8 4 710
47 34 2 4 126
47 35 6 4 269
47 36 7 4 658
47 37 5 4 160
47 38 2 5 431
47 39 6 4 144
47 40 5 3 49
47 41 8 4 473
47 42 10 2 42
47 43 10 3 146
47 44 1 4 31
47 45 1 5 578
47 46 9 2 32
47 47 6 3 53
47 48 3 3 36
47 49 9 1 15
47 50 3 4 137
47 51 4 3 26
47 52 6 3 44
47 53 6 4 360
47 54 8 4 198
47 55 3 3 48
47 56 6 2 29
47 57 7 6 5635
47 58 5 3 36
47 59 3 3 55
47 60 1 7 12932
47 61 4 4 337
47 62 4 6 2982
47 63 7 5 1143
48 0 1 3 12
48 1 2 5 274
48 2 5 3 46
48 3 9 3 135
48 4 8 4 330
48 5 8 3 152
48 6 1 3 11
48 7 5 2 26
48 8 5 4 444
48 9 7 3 42
48 10 2 3 15
48 11 7 4 188
48 12 8 4 469
48 13 6 3 40
48 14 8 4 202
48 15 2 5 259
48 16 3 5 469
48 17 10 2 52
48 18 10 4 1082
48 19 7 4 319
48 20 5 2 19
48 21 9 2 32
48 22 6 1 8
48 23 5 2 26
48 24 9 5 1573
48 25 5 3 34
48 26 8 2 38
48 27 3 3 30
48 28 3 3 64
48 29 9 2 30
48 30 3 3 32
48 31 1 5 198
48 32 7 3 150
48 33 4 3 31
48 34 4 4 258
48 35 2 7 23778
48 36 8 6 6460
48 37 10 2 35
48 38 3 5 1274
48 39 9 4 310
48 40 10 2 18
48 41 8 2 17
48 42 10 2 36
48 43 3 3 28
48 44 8 5 1391
48 45 7 3 80
48 46 5 3 38
48 47 5 4 163
48 48 10 3 133
48 49 7 4 315
48 50 10 4 976
48 51 2 4 57
48 52 4 5 700
48 53 5 3 68
48 54 9 5 3681
48 55 10 2 22
48 56 6 4 284
48 57 9 5 1399
48 58 8 2 29
48 59 10 4 404
48 60 9 2 19
48 61 3 6 2333
48 62 2 3 35
48 63 1 6 2660
49 0 5 4 187
49 1 10 4 234
49 2 5 3 86
49 3 10 2 38
49 4 3 4 79
49 5 7 2 36
49 6 8 3 92
49 7 7 3 55
49 8 10 1 14
49 9 10 4 776
49 10 1 5 131
49 11 5 2 15
49 12 9 3 140
49 13 5 4 432
49 14 5 6 5570
49 15 9 2 43
49 16 10 3 129
49 17 4 5 1083
49 18 2 5 313
49 19 6 2 24
49 20 7 2 35
49 21 8 5 2017
49 22 6 4 334
49 23 5 5 1582
49 24 1 3 14
49 25 3 4 224
49 26 9 6 6775
49 27 8 4 244
49 28 4 3 53
49 29 5 3 104
49 30 1 4 108
49 31 3 5 732
49 32 7 4 559
49 33 1 6 988
49 34 8 3 118
49 35 7 4 780
49 36 3 4 126
49 37 3 3 42
49 38 5 3 105
49 39 1 4 24
49 40 8 1 12
49 41 1 5 318
49 42 8 5 1922
49 43 1 4 62
49 44 9 2 47
49 45 1 4 45
49 46 6 4 161
49 47 9 4 222
49 48 5 2 26
49 49 6 3 90
49 50 1 4 35
49 51 7 2 26
49 52 4 3 31
49 53 5 4 142
49 54 5 5 1221
49 55 1 4 57
49 56 9 3 122
49 57 1 7 20686
49 58 4 2 12
49 59 10 6 12489
49 60 8 2 17
49 61 3 4 229
49 62 1 3 20
49 63 5 2 25
50 0 3 5 384
50 1 8 4 281
50 2 3 3 60
50 3 4 3 72
50 4 7 4 450
50 5 9 4 285
50 6 8 5 2087
50 7 6 3 72
50 8 5 3 29
50 9 3 3 30
50 10 10 3 153
50 11 2 3 38
50 12 10 3 100
50 13 6 4 176
50 14 5 4 300
50 15 5 3 101
50 16 8 6 13089
50 17 6 3 98
50 18 2 5 252
50 19 10 4 284
50 20 2 4 51
50 21 6 5 1928
50 22 3 3 30
50 23 3 4 85
50 24 2 4 132
50 25 9 4 400
50 26 1 5 129
50 27 3 6 5331
50 28 4 3 23
50 29 10 3 79
50 30 5 4 143
50 31 8 5 910
50 32 2 4 199
50 33 10 5 1178
50 34 8 3 59
50 35 10 3 107
50 36 10 4 499
50 37 4 3 38
50 38 10 5 3004
50 39 4 4 90
50 40 9 2 31
50 41 6 4 202
50 42 8 2 34
50 43 4 5 747
50 44 6 4 459
50 45 7 2 29
50 46 1 4 35
50 47 8 5 1971
50 48 7 3 77
50 49 6 3 90
50 50 8 2 23
50 51 10 4 355
50 52 3 5 352
50 53 8 4 823
50 54 8 3 48
50 55 5 5 653
50 56 1 4 25
50 57 6 3 84
50 58 4 5 2186
50 59 2 4 65
50 60 3 4 103
50 61 6 3 77
50 62 7 3 74
50 63 10 4 463
51 0 3 5 614
51 1 8 2 18
51 2 9 4 555
51 3 5 6 11596
51 4 9 3 160
51 5 9 3 98
51 6 1 3 22
51 7 6 2 18
51 8 8 3 62
51 9 1 4 69
51 10 7 3 73
51 11 1 4 70
51 12 8 3 67
51 13 10 4 346
51 14 3 5 626
51 15 6 4 191
51 16 5 3 96
51 17 5 4 126
51 18 10 3 100
51 19 1 5 162
51 20 1 4 74
51 21 10 4 228
51 22 1 5 226
51 23 10 4 281
51 24 2 5 347
51 25 3 3 25
51 26 6 4 226
51 27 6 3 70
51 28 8 2 42
51 29 3 4 268
51 30 4 2 19
51 31 6 2 28
51 32 10 3 122
51 33 9 3 137
51 34 7 3 61
51 35 1 5 242
51 36 6 3 76
51 37 10 3 66
51 38 4 5 1618
51 39 1 4 76
51 40 7 3 45
51 41 1 5 121
51 42 1 4 99
51 43 10 4 322
51 44 5 2 26
51 45 2 5 800
51 46 1 4 70
51 47 1 4 61
51 48 2 4 50
51 49 7 4 242
51 50 8 2 21
51 51 6 3 101
51 52 9 2 22
51 53 5 3 74
51 54 9 2 30
51 55 1 5 243
51 56 6 3 50
51 57 9 3 48
51 58 10 3 62
51 59 1 5 531
51 60 5 5 589
51 61 1 4 38
51 62 4 3 33
51 63 4 4 135
52 0 2 4 135
52 1 1 4 57
52 2 9 7 47134
52 3 4 3 57
52 4 7 4 237
52 5 4 3 52
52 6 7 3 107
52 7 8 1 4
52 8 1 5 511
52 9 1 5 193
52 10 9 4 748
52 11 2 4 184
52 12 2 5 274
52 13 9 5 1213
52 14 2 5 1298
52 15 3 4 118
52 16 7 3 40
52 17 7 3 98
52 18 6 2 24
52 19 7 4 189
52 20 3 4 91
52 21 2 4 206
52 22 2 6 1916
52 23 9 5 1679
52 24 4 3 74
52 25 1 4 90
52 26 8 1 13
52 27 7 3 44
52 28 1 3 19
52 29 9 3 157
52 30 7 3 133
52 31 8 4 199
52 32 2 6 2254
52 33 1 4 53
52 34 9 2 20
52 35 3 4 73
52 36 8 4 369
52 37 7 2 30
52 38 6 5 2812
52 39 4 2 10
52 40 3 2 8
52 41 8 3 89
52 42 7 3 74
52 43 9 2 31
52 44 5 5 577
52 45 9 3 65
52 46 4 5 717
52 47 4 9 1963560
52 48 2 4 74
52 49 8 3 110
52 50 9 4 351
52 51 6 4 261
52 52 10 2 44
52 53 9 3 114
52 54 5 4 279
52 55 9 3 63
52 56 7 4 465
52 57 10 4 314
52 58 9 2 20
52 59 7 3 55
52 60 2 4 52
52 61 2 3 29
52 62 2 4 172
52 63 9 4 703
53 0 2 4 82
53 1 5 4 458
53 2 6 4 241
53 3 5 5 1723
53 4 9 2 25
53 5 10 3 185
53 6 2 4 212
53 7 6 5 2257
53 8 8 3 58
53 9 9 4 842
53 10 1 4 28
53 11 1 4 36
53 12 8 3 64
53 13 10 4 231
53 14 9 5 1255
53 15 6 5 2169
53 16 2 4 179
53 17 9 2 41
53 18 6 3 57
53 19 3 4 94
53 20 2 7 24284
53 21 5 6 6174
53 22 1 6 3417
53 23 2 4 47
53 24 4 5 907
53 25 7 4 326
53 26 3 5 1407
53 27 3 4 148
53 28 8 4 253
53 29 7 2 31
53 30 5 5 819
53 31 8 3 65
53 32 7 5 952
53 33 7 3 46
53 34 10 1 14
53 35 4 4 105
53 36 2 3 41
53 37 6 3 56
53 38 5 2 15
53 39 3 3 16
53 40 10 1 12
53 41 5 3 35
53 42 1 5 241
53 43 1 4 36
53 44 3 4 272
53 45 1 5 165
53 46 6 4 138
53 47 8 4 321
53 48 1 3 16
53 49 6 3 58
53 50 5 5 880
53 51 4 5 1134
53 52 9 2 42
53 53 6 3 43
53 54 8 5 1144
53 55 9 3 121
53 56 9 3 56
53 57 8 4 226
53 58 6 5 711
53 59 2 4 117
53 60 7 3 138
53 61 6 2 16
53 62 3 5 458
53 63 5 4 239
54 0 2 3 19
54 1 6 5 889
54 2 4 4 307
54 3 6 3 36
54 4 1 4 56
54 5 8 3 93
54 6 3 3 22
54 7 1 3 13
54 8 2 5 506
54 9 4 4 143
54 10 2 4 85
54 11 6 4 179
54 12 9 4 206
54 13 3 3 56
54 14 8 3 155
54 15 7 4 192
54 16 8 3 75
54 17 9 5 1318
54 18 1 6 4018
54 19 4 4 123
54 20 9 2 21
54 21 5 4 134
54 22 10 1 15
54 23 8 2 27
54 24 2 6 2700
54 25 4 3 35
54 26 6 4 224
54 27 4 4 291
54 28 4 2 13
54 29 9 2 29
54 30 4 4 234
54 31 5 2 14
54 32 3 7 41462
54 33 2 4 154
54 34 1 4 42
54 35 10 3 71
54 36 5 6 3759
54 37 9 1 7
54 38 4 5 614
54 39 8 3 78
54 40 10 2 46
54 41 4 5 765
54 42 10 3 80
54 43 9 6 9474
54 44 1 5 558
54 45 7 5 1633
54 46 3 3 28
54 47 2 3 20
54 48 2 4 76
54 49 10 5 4820
54 50 4 3 32
54 51 4 3 52
54 52 4 2 15
54 53 6 2 22
54 54 3 6 2160
54 55 1 4 68
54 56 9 3 67
54 57 9 1 13
54 58 8 4 249
54 59 10 3 61
54 60 3 3 23
54 61 1 5 469
54 62 5 4 283
54 63 2 3 16
55 0 5 2 18
55 1 5 3 44
55 2 6 3 41
55 3 7 3 44
55 4 3 3 61
55 5 1 4 31
55 6 7 3 65
55 7 3 4 133
55 8 6 4 454
55 9 10 2 30
55 10 5 3 48
55 11 4 3 71
55 12 6 3 43
55 13 2 4 158
55 14 5 4 354
55 15 5 3 67
55 16 1 6 1925
55 17 1 5 133
55 18 8 4 740
55 19 4 4 408
55 20 1 4 55
55 21 3 3 24
55 22 3 4 314
55 23 9 2 21
55 24 2 5 300
55 25 1 7 7172
55 26 4 4 89
55 27 6 4 138
55 28 9 3 175
55 29 1 4 62
55 30 1 5 384
55 31 7 4 508
55 32 7 3 135
55 33 6 4 198
55 34 2 4 67
55 35 4 3 37
55 36 6 3 40
55 37 4 4 354
55 38 3 3 29
55 39 5 3 28
55 40 6 3 55
55 41 5 3 47
55 42 2 3 17
55 43 2 4 73
55 44 8 2 36
55 45 4 3 51
55 46 4 4 248
55 47 6 4 321
55 48 5 4 214
55 49 1 5 325
55 50 6 4 288
55 51 7 3 100
55 52 9 2 33
55 53 5 3 46
55 54 1 5 427
55 55 2 4 102
55 56 5 4 224
55 57 9 3 66
55 58 1 6 824
55 59 4 3 23
55 60 3 3 42
55 61 5 2 20
55 62 3 3 46
55 63 1 4 109
56 0 4 7 59168
56 1 3 5 1254
56 2 8 4 302
56 3 3 4 85
56 4 10 3 54
56 5 2 5 1309
56 6 6 4 469
56 7 7 3 105
56 8 4 2 18
56 9 3 4 108
56 10 10 2 18
56 11 1 5 221
56 12 10 3 151
56 13 9 3 108
56 14 1 4 28
56 15 1 4 43
56 16 8 3 88
56 17 5 2 20
56 18 2 4 62
56 19 4 3 38
56 20 2 4 101
56 21 4 3 37
56 22 2 7 11659
56 23 5 5 3108
56 24 3 4 159
56 25 10 3 176
56 26 9 5 4221
56 27 2 4 119
56 28 6 3 49
56 29 6 4 160
56 30 2 5 467
56 31 9 4 225
56 32 10 2 25
56 33 5 3 29
56 34 1 5 414
56 35 2 2 6
56 36 8 2 16
56 37 6 6 4375
56 38 8 4 514
56 39 2 5 864
56 40 1 6 3276
56 41 9 3 133
56 42 4 3 29
56 43 5 1 7
56 44 9 1 14
56 45 8 3 129
56 46 10 3 164
56 47 8 4 535
56 48 7 3 66
56 49 4 2 19
56 50 4 3 77
56 51 10 1 10
56 52 7 5 1880
56 53 9 2 28
56 54 8 4 391
56 55 2 4 193
56 56 3 4 87
56 57 10 2 33
56 58 7 3 38
56 59 4 5 1504
56 60 10 4 292
56 61 4 3 60
56 62 6 2 30
56 63 3 3 44
57 0 2 4 70
57 1 7 2 32
57 2 1 4 25
57 3 8 3 140
57 4 5 4 235
57 5 1 6 821
57 6 7 3 66
57 7 5 3 58
57 8 6 5 705
57 9 8 2 32
57 10 4 5 494
57 11 4 4 140
57 12 5 2 16
57 13 2 3 28
57 14 3 3 63
57 15 9 2 16
57 16 3 5 485
57 17 6 3 39
57 18 5 3 41
57 19 7 3 58
57 20 2 4 69
57 21 5 4 190
57 22 7 1 10
57 23 10 5 3031
57 24 5 4 196
57 25 8 3 148
57 26 2 3 37
57 27 7 3 124
57 28 10 5 3046
57 29 9 7 53417
57 30 2 3 18
57 31 7 4 177
57 32 3 3 18
57 33 5 4 135
57 34 9 3 67
57 35 3 3 63
57 36 7 3 47
57 37 7 4 179
57 38 3 6 10975
57 39 7 2 30
57 40 4 5 465
57 41 5 4 446
57 42 7 2 17
57 43 9 2 26
57 44 10 2 44
57 45 6 3 32
57 46 8 2 30
57 47 4 2 13
57 48 6 3 36
57 49 3 3 27
57 50 9 3 172
57 51 4 4 140
57 52 8 5 4746
57 53 3 3 23
57 54 10 2 48
57 55 6 4 136
57 56 4 3 35
57 57 6 5 1300
57 58 6 5 1220
57 59 1 3 13
57 60 7 3 85
57 61 8 5 3850
57 62 1 5 487
57 63 5 4 368
58 0 10 3 114
58 1 3 4 107
58 2 7 4 168
58 3 10 4 248
58 4 4 4 371
58 5 10 4 911
58 6 4 3 49
58 7 3 4 72
58 8 4 4 150
58 9 3 5 401
58 10 2 3 20
58 11 6 1 10
58 12 1 4 96
58 13 9 2 34
58 14 8 4 354
58 15 8 2 16
58 16 1 5 214
58 17 9 3 80
58 18 9 3 131
58 19 4 4 112
58 20 2 4 99
58 21 5 3 27
58 22 2 3 24
58 23 1 4 27
58 24 8 4 537
58 25 5 4 295
58 26 10 2 38
58 27 7 3 50
58 28 5 3 65
58 29 2 4 48
58 30 2 4 162
58 31 1 4 34
58 32 2 4 80
58 33 5 2 16
58 34 3 5 479
58 35 8 6 6579
58 36 8 3 58
58 37 7 4 416
58 38 7 5 1350
58 39 4 3 32
58 40 7 5 2523
58 41 1 4 65
58 42 8 3 73
58 43 1 4 36
58 44 1 4 42
58 45 9 3 155
58 46 9 4 565
58 47 9 3 56
58 48 7 2 20
58 49 4 4 92
58 50 5 4 321
58 51 1 4 55
58 52 5 3 51
58 53 5 2 26
58 54 8 4 438
58 55 7 3 58
58 56 8 3 102
58 57 1 6 1007
58 58 10 4 374
58 59 5 3 85
58 60 8 4 252
58 61 1 4 61
58 62 3 4 79
58 63 9 4 362
59 0 6 5 835
59 1 4 4 96
59 2 10 3 68
59 3 6 4 169
59 4 3 4 91
59 5 5 3 39
59 6 2 4 156
59 7 4 5 2108
59 8 2 5 436
59 9 8 4 877
59 10 7 4 323
59 11 8 1 8
59 12 3 4 97
59 13 2 4 78
59 14 7 2 32
59 15 3 4 84
59 16 1 6 1954
59 17 2 4 151
59 18 9 2 34
59 19 5 3 35
59 20 2 4 75
59 21 8 7 109702
59 22 6 5 3387
59 23 10 2 32
59 24 9 3 140
59 25 8 2 35
59 26 6 3 83
59 27 5 2 14
59 28 5 5 2672
59 29 8 4 530
59 30 10 3 109
59 31 8 4 244
59 32 3 5 400
59 33 3 4 150
59 34 4 6 10601
59 35 10 2 30
59 36 6 3 76
59 37 8 3 135
59 38 1 4 35
59 39 1 4 31
59 40 6 3 59
59 41 3 4 80
59 42 6 3 108
59 43 3 3 20
59 44 4 3 26
59 45 10 4 615
59 46 1 4 55
59 47 10 3 97
59 48 7 4 377
59 49 2 4 145
59 50 1 4 34
59 51 6 3 98
59 52 4 4 123
59 53 8 4 348
59 54 1 3 16
59 55 5 4 191
59 56 5 3 59
59 57 6 5 1268
59 58 1 4 41
59 59 10 2 26
59 60 3 4 133
59 61 10 2 20
59 62 3 3 51
59 63 3 5 1994
60 0 4 4 307
60 1 10 5 1371
60 2 9 5 2307
60 3 2 3 25
60 4 4 5 647
60 5 6 2 13
60 6 5 4 549
60 7 10 3 97
60 8 4 4 127
60 9 6 2 11
60 10 9 4 383
60 11 1 4 31
60 12 3 4 157
60 13 1 4 73
60 14 5 7 131239
60 15 7 2 26
60 16 1 3 18
60 17 2 5 1139
60 18 7 3 103
60 19 2 5 648
60 20 5 3 71
60 21 8 2 20
60 22 8 3 64
60 23 4 4 304
60 24 6 3 118
60 25 5 3 36
60 26 10 4 246
60 27 2 3 30
60 28 4 4 401
60 29 5 3 55
60 30 5 4 211
60 31 5 3 30
60 32 6 2 28
60 33 7 3 80
60 34 8 2 24
60 35 9 4 230
60 36 1 6 1031
60 37 6 4 248
60 38 5 3 46
60 39 6 2 14
60 40 2 5 284
60 41 9 4 301
60 42 3 2 14
60 43 7 5 954
60 44 6 4 190
60 45 6 3 72
60 46 3 4 124
60 47 4 4 118
60 48 8 4 403
60 49 2 3 37
60 50 4 4 360
60 51 7 3 49
60 52 4 2 21
60 53 9 4 661
60 54 6 4 430
60 55 6 3 55
60 56 2 5 695
60 57 1 4 23
60 58 1 3 10
60 59 6 3 55
60 60 10 3 92
60 61 6 4 243
60 62 7 3 99
60 63 2 3 24
61 0 1 4 47
61 1 9 2 34
61 2 2 5 753
61 3 5 4 290
61 4 1 5 209
61 5 7 2 19
61 6 6 4 231
61 7 5 3 37
61 8 6 2 29
61 9 7 2 19
61 10 2 4 112
61 11 1 5 222
61 12 8 2 33
61 13 5 3 63
61 14 1 5 196
61 15 10 2 46
61 16 10 3 132
61 17 10 4 387
61 18 9 4 426
61 19 3 6 9135
61 20 9 5 1854
61 21 6 5 947
61 22 1 6 1382
61 23 9 4 200
61 24 4 6 2897
61 25 10 4 413
61 26 10 1 15
61 27 4 3 85
61 28 1 5 282
61 29 7 3 51
61 30 10 2 25
61 31 5 4 251
61 32 3 2 13
61 33 6 2 20
61 34 7 3 41
61 35 4 3 34
61 36 6 3 73
61 37 10 2 18
61 38 5 3 58
61 39 1 5 133
61 40 7 2 23
61 41 3 2 13
61 42 1 5 233
61 43 1 6 1738
61 44 6 5 1343
61 45 4 5 1891
61 46 4 5 1959
61 47 10 5 1612
61 48 2 3 21
61 49 8 2 24
61 50 4 3 27
61 51 5 4 339
61 52 1 4 92
61 53 2 3 14
61 54 8 3 53
61 55 5 3 30
61 56 8 3 55
61 57 5 2 20
61 58 10 4 681
61 59 9 1 6
61 60 7 4 218
61 61 3 3 34
61 62 6 4 680
61 63 7 5 2804
62 0 3 3 22
62 1 1 5 155
62 2 5 3 87
62 3 1 5 502
62 4 8 6 9473
62 5 3 6 3341
62 6 4 4 95
62 7 8 4 312
62 8 10 6 44726
62 9 10 1 16
62 10 9 4 784
62 11 5 3 41
62 12 2 5 307
62 13 8 2 36
62 14 10 2 38
62 15 10 4 235
62 16 4 4 104
62 17 5 3 30
62 18 4 4 108
62 19 10 2 23
62 20 9 3 110
62 21 1 5 299
62 22 2 4 53
62 23 7 3 100
62 24 3 3 25
62 25 4 5 593
62 26 9 2 36
62 27 8 1 12
62 28 6 3 50
62 29 9 2 28
62 30 3 3 29
62 31 1 5 527
62 32 7 6 7183
62 33 9 5 1159
62 34 6 4 217
62 35 10 3 125
62 36 1 4 39
62 37 5 2 23
62 38 3 4 99
62 39 9 4 246
62 40 10 2 21
62 41 9 2 46
62 42 5 3 39
62 43 7 1 11
62 44 4 4 432
62 45 2 5 574
62 46 8 2 16
62 47 1 4 40
62 48 2 5 241
62 49 5 4 436
62 50 8 5 2221
62 51 3 4 132
62 52 7 3 90
62 53 5 2 24
62 54 10 3 67
62 55 10 4 399
62 56 10 3 199
62 57 5 3 57
62 58 5 2 12
62 59 6 3 111
62 60 2 5 774
62 61 8 4 710
62 62 10 4 467
62 63 9 3 108
63 0 1 4 56
63 1 6 5 732
63 2 8 4 288
63 3 5 3 47
63 4 6 2 20
63 5 6 3 48
63 6 2 3 11
63 7 5 3 32
63 8 6 3 36
63 9 9 4 878
63 10 4 3 31
63 11 8 3 88
63 12 8 3 53
63 13 3 4 91
63 14 2 6 1601
63 15 3 5 555
63 16 7 3 54
63 17 8 3 73
63 18 2 3 15
63 19 8 2 27
63 20 3 4 230
63 21 4 3 26
63 22 10 3 90
63 23 7 3 84
63 24 3 2 15
63 25 9 3 99
63 26 5 4 238
63 27 4 3 62
63 28 5 3 70
63 29 4 3 28
63 30 10 3 133
63 31 6 3 118
63 32 3 2 14
63 33 1 5 489
63 34 10 2 31
63 35 6 3 71
63 36 4 3 79
63 37 9 2 33
63 38 8 6 6443
63 39 9 6 9357
63 40 6 4 245
63 41 9 3 49
63 42 7 4 233
63 43 5 4 129
63 44 7 1 9
63 45 4 3 38
63 46 8 4 219
63 47 6 5 951
63 48 1 4 55
63 49 1 5 129
63 50 4 3 68
63 51 6 3 102
63 52 3 4 107
63 53 7 4 206
63 54 2 3 33
63 55 3 3 38
63 56 10 1 17
63 57 8 4 218
63 58 10 5 3489
63 59 4 2 14
63 60 4 4 386
63 61 8 4 783
63 62 2 3 15
63 63 1 2 5
