9290 7.370508714400625e-08 
6861 7.518338394526013e-08 
6045 1.4154769786647485e-10 
4079 7.051761860413456e-10 
7258 6.989068294356277e-10 
8293 4.4669065773682685e-09 
5729 1.4309079644140202e-10 
3763 1.5758893375434781e-07 
9877 1.7842465349745252e-10 
3464 1.98891861933437e-10 
8478 4.204689492063555e-09 
5603 4.621364303614641e-10 
1038 8.421763720428688e-13 
7849 2.9416719585809116e-11 
8434 2.226054834747178e-10 
6762 5.824206342563794e-09 
5931 5.147143152498305e-10 
2002 3.421792566802369e-11 
6632 1.9681682353615333e-10 
2442 1.799160396255132e-08 
1946 1.5659725198850332e-10 
7151 8.407512219929836e-09 
4634 4.4822685980774367e-10 
8494 1.5775786523581454e-07 
1077 2.4810457508330186e-10 
3482 1.8725407944988044e-09 
7544 4.464276953005532e-09 
1007 1.1393290076314725e-10 
9479 1.977988553618222e-09 
1261 1.1683025259027834e-09 
7696 6.457519012484462e-08 
3998 1.8359623083881642e-09 
1870 3.6018891464336025e-10 
9802 2.4730003801194536e-11 
2107 2.8735937723599875e-09 
4795 2.038320028565264e-09 
9561 1.628191280937533e-11 
27 3.769256249544629e-09 
9273 3.253374784683219e-08 
2453 1.1141963518262674e-11 
7967 1.5633252444511276e-10 
9435 2.459850217330253e-11 
1731 5.1455627834158746e-08 
7790 8.266276051339777e-10 
4841 5.1192023527385586e-11 
3912 4.825165323471025e-09 
1430 1.2050208977194878e-09 
3769 2.238710508841151e-09 
5462 5.668608223211873e-10 
5401 1.250043947917574e-10 
9860 3.4226479675881095e-11 
1254 7.463290185852659e-09 
4162 7.4290756935665e-11 
357 2.32221040620805e-09 
5990 1.3019550221704418e-09 
5626 1.0200776926543529e-07 
5252 7.87882941741944e-09 
1455 1.3746989515050517e-09 
965 2.837598572116135e-11 
5536 4.183925277359243e-09 
2896 3.358861560500267e-08 
6003 1.123167290814945e-10 
3661 1.145564177788916e-09 
9107 1.3817533794235434e-07 
5337 1.2766901273756823e-09 
9052 4.437197382189791e-10 
5090 9.405237666973764e-10 
8196 2.251101954302398e-10 
7054 9.034984824837821e-10 
9468 9.332290308919666e-09 
2168 6.166691661268268e-10 
268 1.945416875798539e-10 
4182 1.1401710937792599e-10 
7864 4.23548980841183e-10 
2765 4.5141223988266303e-10 
2506 7.110673275572397e-11 
9368 7.131823070602559e-10 
5762 1.083678764902418e-08 
9810 3.6788306906462417e-10 
2954 7.99875344848213e-10 
2757 4.092350977987768e-09 
33 3.6879898451563585e-10 
8766 9.263880736235437e-10 
4794 1.043298395504049e-10 
4458 7.709059638594109e-10 
1245 1.1045801075718285e-09 
5985 1.3708602138108768e-11 
6869 8.49567342558734e-11 
7794 2.88048945447665e-10 
271 2.2990437303898236e-09 
8746 2.004995670358556e-12 
3678 4.6683825188009124e-11 
3639 3.2655323200346245e-07 
8883 2.7276781537934623e-10 
4207 2.8467765152048325e-09 
7679 5.345993022506567e-10 
653 1.082264856166941e-09 
3558 4.482970532891013e-08 
6075 3.947592023307639e-08 
5410 6.383244878706947e-10 
9192 2.204111039431862e-09 
6464 5.127621975833088e-10 
4459 3.5892094540490306e-10 
3979 3.6058933103498493e-11 
5677 4.583821386697218e-12 
3206 4.1140814454536565e-09 
494 1.7237054525506832e-09 
4095 1.208520126940037e-09 
9418 1.0784442607057569e-11 
3882 7.410201434439916e-09 
9345 1.8021578417667505e-11 
2566 7.238557408102668e-09 
3709 2.4060751828935072e-09 
1144 3.8898915520608624e-10 
5264 1.1832453486815694e-09 
1643 1.4294159478105739e-10 
5140 1.4525493621222931e-11 
3220 2.4968087313789007e-11 
4586 1.6136012259873437e-10 
9566 1.452790388396753e-11 
9427 3.7260488050278474e-11 
8026 7.254697648828767e-09 
8400 6.218692874088376e-09 
3373 2.2075992826290503e-09 
2217 1.622545364743456e-10 
3413 6.496847394265841e-10 
3655 2.768365247827504e-08 
596 7.274068937720607e-10 
291 1.8697788004488797e-10 
1657 1.832764269195784e-09 
8057 1.1835064189858802e-10 
6078 8.01240073354701e-09 
6646 3.642918214049165e-09 
80 1.1841733722880912e-11 
2280 2.741848855632016e-09 
1283 3.716292321458194e-10 
8216 6.61669911993201e-11 
5646 3.909678109429705e-10 
136 4.839160225055919e-10 
4762 1.34677174215759e-07 
6483 2.395656521475086e-08 
4566 1.394436076438992e-09 
7584 1.6385898050203483e-11 
1615 4.4226509461287216e-10 
5060 1.0100138094474788e-08 
8187 1.3994009491495916e-10 
6332 3.591317152090499e-08 
9793 8.66304975959573e-09 
9554 2.7301504156376777e-12 
6175 2.1879474806466725e-08 
29 1.0204039732299223e-09 
5161 8.803344352625831e-11 
7938 4.739004285024166e-09 
7536 4.454315368428944e-11 
9927 1.666124199403265e-10 
3260 1.0773420614548345e-11 
3007 1.750793395784023e-10 
9923 7.402115882886445e-10 
9552 1.091930961882176e-12 
5590 2.666796025309167e-10 
488 9.674815240480174e-11 
894 2.8171636173217416e-11 
1815 2.9747541687919805e-10 
2957 2.934161667027163e-10 
6008 3.738704892238953e-10 
793 3.6231981153922338e-09 
3191 3.9111488799502046e-10 
2321 4.2218756892910003e-10 
1988 3.8787828750447317e-10 
6082 3.8366124171202154e-10 
51 3.6453911665755864e-08 
1495 7.139347418485955e-10 
4708 1.7939996245376338e-09 
355 7.299354401331521e-10 
8442 2.0839936602142275e-09 
1372 4.8863582722148e-12 
295 4.030441348255216e-09 
3058 3.91617558066416e-09 
3316 2.3529157532130144e-09 
222 2.4003852559283997e-09 
1349 5.218632799748951e-09 
1572 7.781241728921463e-08 
9652 1.6577026471615523e-10 
2734 7.459956926213099e-11 
3785 2.142473402019587e-09 
5521 1.049555427512722e-11 
2975 1.6731181913646173e-09 
1011 1.8519222989834913e-08 
3141 4.7503176886961765e-09 
8583 2.0177914484836116e-10 
6576 2.9080477307756375e-11 
7797 1.9702073256268879e-07 
9854 3.919821658727237e-11 
4687 1.5712262143858196e-09 
2695 2.5207951648822927e-10 
3117 1.7072069928424788e-10 
9865 1.2232261974233255e-10 
3447 8.466944286395764e-11 
1651 1.688313987853636e-11 
6851 2.911710724054751e-08 
7085 1.32255076792106e-07 
9356 1.4135252091539673e-11 
843 2.9256939319277845e-09 
4770 1.1293300925512294e-10 
7820 8.674310151190936e-12 
8232 1.1314620301542343e-10 
950 1.6340739005170428e-09 
6854 5.1291490797811105e-11 
6487 8.190461899199378e-12 
2675 1.9821149518179778e-10 
1198 4.847937043106858e-10 
2099 9.326825855421997e-08 
5764 5.07267955365743e-10 
5717 8.542209144424956e-10 
6113 1.023384175677795e-10 
9125 9.423113252253621e-08 
7829 7.241104577326366e-10 
6048 3.755882513733231e-10 
3280 1.4129398285692482e-09 
5099 1.3814235345910308e-11 
130 3.82257196625294e-10 
9503 6.271008284320604e-09 
7273 8.619725593590673e-09 
1101 9.693715061062452e-10 
2852 8.616511577097817e-10 
6636 7.419603371644183e-08 
2932 4.0081486323056476e-10 
2864 6.251307376478957e-11 
8092 1.7464939054522897e-09 
225 7.9656803241362e-10 
7053 2.2449773823181945e-09 
2381 1.7516530023551618e-10 
8088 1.270625055170979e-07 
1858 3.288302789783426e-13 
8963 1.960702151002209e-09 
7527 1.3434530798136544e-10 
8322 8.479109334402603e-10 
2888 1.1866426365525864e-10 
7785 4.793496501959582e-08 
258 1.3000065691228802e-09 
8703 3.24127493487803e-09 
8160 7.712107555504457e-11 
7788 1.3079995472845982e-08 
6652 8.799947993847202e-10 
5746 3.265928270373871e-10 
3319 3.3984437291592143e-10 
3411 3.608663943558659e-08 
2521 2.174428912133088e-10 
8385 3.468492874570385e-09 
1175 8.06296231506606e-09 
8938 2.5655066938044813e-11 
7542 8.845549611519437e-11 
8995 2.1542756413614384e-07 
5352 4.432335033437366e-08 
4766 9.927606471040569e-09 
6656 6.386646946334116e-10 
5050 3.5892569908867716e-09 
3782 1.9640434365873045e-10 
6324 9.642067613220414e-10 
9801 3.291400739265549e-11 
3696 8.414530429798045e-10 
2265 5.198877101397913e-10 
9808 2.989065793178856e-11 
8252 3.7222309556626454e-09 
1275 1.2427404531615843e-09 
7621 3.838369776880434e-11 
1773 2.202913161275535e-10 
218 7.415412240885717e-10 
3125 5.805510723995153e-10 
5320 2.330066613542751e-08 
7427 2.8540548085162326e-10 
8848 2.1416268131384608e-10 
5109 2.6929417354902563e-12 
5885 7.417963785545309e-12 
9289 1.2759999233474004e-10 
7520 1.1144655266996303e-11 
1081 1.18256325210204e-11 
7827 3.5160558177412286e-11 
6858 5.248500718160784e-09 
1969 3.571392986156246e-08 
4013 1.2860738275794882e-09 
6066 1.601913313176036e-07 
3541 8.377239563365123e-10 
6170 1.1243869044601148e-10 
8909 2.8083477763972775e-10 
4534 1.7608352113577444e-09 
4707 1.14514193254943e-10 
7972 5.041753567798481e-10 
9046 6.887665947568483e-12 
4012 2.2382934831471173e-09 
2345 2.2403575998092922e-08 
8413 1.635762326427055e-09 
107 2.4644013229841583e-12 
6743 7.741196346408152e-09 
6817 1.1207499380942996e-09 
3795 2.503660541376573e-10 
9118 7.789728031282791e-11 
1188 1.4667802446209366e-09 
2078 9.244720183068224e-08 
3551 7.153041205340711e-08 
128 1.2192952021229897e-07 
219 1.2427965081783694e-08 
9620 4.863779709084052e-10 
4460 4.04930661701629e-10 
3418 8.823936658245853e-10 
907 1.4403711356909864e-10 
9481 4.5651729494360576e-10 
6850 2.6149438978905315e-09 
4160 2.0769538516435566e-08 
4607 6.05513116132061e-11 
4397 2.476827490301988e-09 
5026 1.7159060636596248e-09 
4228 1.6194589702561008e-10 
7173 4.379789519838697e-10 
7394 4.652516151742829e-12 
3866 5.43124849988649e-11 
3618 1.7101261677074551e-10 
1497 3.907229211914852e-09 
8540 4.438615291535516e-10 
6798 1.9437141093125687e-09 
1483 1.2854383130904896e-08 
1552 4.940618179456776e-09 
6807 5.066569759357334e-10 
3359 3.4922356042364003e-10 
9954 2.875934621591903e-10 
4791 1.8771888275010925e-07 
2816 2.396461737119796e-08 
1955 1.9276621408603687e-09 
3170 2.674704948611442e-09 
7326 6.728176657947038e-10 
5342 6.858611378972811e-09 
4402 2.6542052079688175e-10 
8495 7.272685468334294e-10 
968 7.458986797355752e-12 
4560 2.920378737186694e-09 
8671 3.748306846288949e-08 
3240 9.773147342310785e-10 
7583 2.0122392502763969e-10 
16 6.135902758622152e-08 
203 9.524334080202208e-12 
6974 1.1729096178106057e-09 
4140 3.223799823587355e-10 
9218 3.40831062713696e-11 
7071 4.331911715108767e-10 
8616 6.193065490298012e-11 
7666 5.308488990311538e-08 
269 1.1146382569562102e-09 
777 3.0297895764119526e-09 
525 1.2683735902734761e-09 
178 4.930263884251078e-10 
4084 1.5096225208847872e-09 
2523 5.518749344595823e-08 
8222 3.3729894691105627e-12 
1206 2.9784206715178937e-07 
6470 4.775943825675879e-10 
2692 4.089344605511225e-10 
4735 1.011006268911762e-10 
2486 9.051908733611084e-11 
5953 1.1909803620406032e-09 
4527 1.8704959668346918e-09 
6697 2.503883478920243e-09 
3195 1.1837626753973676e-08 
8019 1.0905391696884611e-08 
5198 1.8604235588046232e-08 
5636 3.040700347566898e-10 
6660 4.74174110776614e-10 
5395 1.2650494414130782e-08 
1707 1.7734530356136335e-09 
8769 1.181074876544114e-08 
4949 2.550069052926978e-09 
6757 1.187609892291117e-10 
2978 1.4566749233496997e-08 
6272 6.774504907242941e-12 
7714 3.959516173077533e-09 
48 1.0967821151103513e-09 
9105 2.058949956272681e-07 
2491 1.1836183803767275e-08 
5934 7.104573120723234e-11 
4899 6.321025214684503e-11 
4362 3.3700394000613825e-11 
1466 1.0356010729895093e-09 
2606 1.3781460134718748e-10 
226 4.145069164165362e-09 
3688 6.353340687092063e-09 
5547 8.352007653678056e-11 
4058 9.305954027514445e-10 
3673 3.981290855803107e-12 
6404 6.796351622523138e-11 
2059 2.778014533625408e-09 
7725 1.5636047409672892e-10 
6294 1.1413527223504946e-10 
9256 6.198689003802594e-10 
5726 1.8767658130721814e-08 
6924 5.176495858272587e-10 
1734 7.71726248963617e-10 
4709 1.8045600116197574e-11 
6052 7.778739217609976e-10 
81 3.6716860217175614e-10 
5867 2.3590564560398847e-11 
1105 1.0208972645751515e-09 
6815 2.5373200229387516e-10 
457 1.0821114872525421e-08 
8422 1.205274600784751e-10 
1730 1.3789383459334855e-10 
1507 5.938404231676461e-09 
2894 3.9675916504926614e-11 
5907 7.124171969994738e-09 
6987 3.583518047651942e-10 
2068 1.9652388645484185e-09 
1312 1.0008665843079311e-10 
2707 3.4991552939149834e-10 
3576 2.383861464212147e-11 
2527 1.2994631966965642e-09 
4568 5.765438762866883e-11 
8038 2.886053125866896e-09 
2049 3.0869777618554223e-10 
336 1.5409296604523753e-10 
7132 7.102257823286033e-09 
1711 2.2685172098983115e-09 
7814 1.8682809937696103e-10 
2825 1.2190493391232442e-10 
8691 3.0430380453895724e-09 
8544 6.681180349142954e-11 
8851 8.034877521792369e-10 
8248 2.397621574800205e-09 
1109 9.209477143739608e-10 
9526 1.3667217826207854e-09 
7555 1.2669610014595266e-08 
3483 1.4797310893268912e-09 
7404 3.56584977063603e-10 
7982 4.3681971086400783e-10 
5680 3.089020560658733e-10 
1753 9.334116368933149e-08 
3643 1.6093145124121833e-09 
8102 2.1167333080777175e-10 
7701 2.011217243368552e-08 
7109 3.3186178343329506e-09 
4809 1.7319812214422405e-08 
4208 2.0322168848523502e-09 
4035 1.4037631666341359e-11 
3623 3.5333691031367147e-10 
2638 1.573042210612206e-08 
881 2.4547652034315843e-11 
9088 8.926887358914381e-10 
5409 2.1657893469091694e-11 
7707 1.8061406404401967e-09 
6530 4.162279247115047e-10 
5480 6.583594592911057e-10 
2565 6.779966052262827e-10 
4884 1.1044575929968482e-08 
4872 4.270455501223442e-09 
1767 5.931784970515912e-09 
9859 6.803081396188269e-08 
4761 5.139366996156486e-08 
6540 6.238175179712683e-09 
5001 4.187651829227139e-10 
1297 3.3041306859730033e-10 
7168 3.9319937025385095e-09 
6654 6.269426517088943e-10 
3836 8.09680509074447e-10 
1239 1.248476945257606e-10 
949 4.032467007437392e-11 
3138 6.220687080001852e-08 
4858 2.4849010521610082e-08 
350 1.982019862023141e-11 
1995 5.299380138072884e-09 
3129 7.696473449053207e-10 
7605 8.640629444583992e-13 
3106 1.1583020760379622e-10 
5456 2.2544717960913033e-09 
6375 1.1594731513648003e-07 
9205 9.430387481383726e-10 
6373 1.7144712017183545e-10 
360 9.679078861018669e-08 
5613 5.107795419142759e-09 
2829 3.6039024437718096e-11 
9228 8.356994189832211e-11 
8330 1.0650820078207044e-10 
3438 6.707088191539173e-09 
8461 2.0027269352997958e-11 
28 8.844112671434395e-08 
8091 7.010735329981564e-10 
7385 5.69048835511498e-10 
9172 1.336373728992139e-10 
5357 2.9141608743603208e-08 
5883 6.042486371280392e-08 
6769 4.167561797385233e-10 
4810 4.7704008413592865e-09 
7130 1.5015296833701358e-08 
9920 2.804995854636457e-09 
9102 6.628866078254373e-10 
7841 1.4008897995216372e-08 
9386 1.6592331893687737e-10 
6465 1.1253771543101908e-08 
2607 4.4813947998398436e-10 
2716 2.315650702021522e-10 
1565 1.736284096494827e-08 
4583 5.578453027056642e-10 
2844 1.1978885147944903e-10 
3401 5.790229949522913e-10 
5579 2.876122207227879e-10 
5417 3.677188721483508e-10 
944 8.43751022784757e-09 
9257 1.4430086674826447e-07 
8533 2.306973290514252e-11 
4653 3.4923426196918575e-10 
6224 3.5615944028545065e-09 
1418 1.2094901120575155e-08 
1330 4.608009620693214e-09 
7124 1.0345090747378952e-08 
1013 1.5787501731720316e-09 
6185 2.4568388428061484e-10 
669 1.1751312463657607e-09 
6314 1.932462772108756e-09 
6832 2.971368330285376e-11 
5210 3.4975630178230015e-09 
7660 1.9018053482800626e-10 
5166 3.2839895441812985e-08 
2402 2.9288336850903926e-08 
658 9.149486234212994e-08 
9193 4.423804269222081e-10 
1761 3.2023995416955123e-10 
5281 1.3915212341383822e-09 
4427 1.448671747418696e-09 
2106 4.321586750315937e-08 
9071 1.1437341667495676e-09 
5896 2.337505939541606e-11 
3246 1.2633447123541858e-09 
7067 1.4898092387648117e-08 
7423 2.3557048886303214e-11 
9270 3.0483762274401545e-10 
9385 8.876696294655938e-09 
1316 5.364396049656249e-10 
1659 6.07113386556098e-10 
7337 1.2198347586450463e-09 
2720 6.287840510957319e-08 
5980 8.782821871802592e-10 
195 3.2610376964511824e-09 
6959 7.691005843242929e-10 
1762 4.676723839565171e-11 
3809 3.744036103469874e-10 
3971 1.1688792194386682e-10 
7531 2.6715616421415616e-09 
1194 3.1641526413744163e-10 
7110 1.196992722249716e-08 
4098 1.3120806115781558e-07 
5383 1.665688067159567e-08 
6885 5.000377092553764e-09 
5794 6.053183651140415e-11 
5905 1.354657663719747e-07 
1097 6.378614563837417e-10 
6971 2.9121701438194795e-08 
2620 2.7540497785245437e-09 
7303 1.1128113613571931e-09 
7002 1.3441905310756187e-09 
1683 9.183254861367159e-10 
9570 8.756718317734486e-11 
7156 1.3939779777531747e-12 
7855 5.575210146887229e-10 
2249 1.4918943607906501e-10 
8308 1.6505471485693578e-11 
1279 5.168950987334744e-08 
4161 5.596827895648431e-11 
2996 1.4998884018121254e-09 
3140 2.4998759870975204e-11 
1339 8.128357881500018e-10 
8861 6.157880799553928e-10 
490 2.1053411179808345e-10 
1442 4.654512382888711e-09 
3225 4.485980139613567e-10 
9605 2.5267895536877118e-11 
7740 2.5404994728160462e-09 
9031 4.865091346364316e-10 
7341 3.6068550969491054e-11 
7642 2.7037704989000505e-08 
3925 2.77511287478612e-10 
259 1.056402882202431e-08 
9843 1.501595366675344e-10 
3566 5.820058335323646e-08 
4807 4.5607413533293355e-11 
9353 1.8672708118370337e-10 
8535 5.5190408399142946e-11 
6209 6.024173531220453e-08 
3187 6.901051819382817e-11 
586 6.557210042535438e-08 
6079 1.8388961418985467e-10 
2252 1.1877847705694114e-10 
2693 5.804855904313095e-09 
9281 2.156559943427228e-10 
7510 1.4476809069792206e-09 
9759 4.0220324232985395e-11 
1 9.933186001162553e-13 
7368 3.593423050995007e-10 
6598 4.823444707529015e-10 
2665 3.0691526048170283e-10 
3839 1.0776140179843963e-12 
5163 1.0625224385016046e-07 
3850 2.3683717992157214e-09 
7833 5.513258663105871e-09 
5845 6.932326570005359e-10 
6158 4.450173577177471e-09 
6420 1.1098523742831109e-08 
3434 4.645467854724641e-11 
5577 6.455702849024632e-11 
4611 1.1877464188732e-09 
4102 1.2173129217423091e-11 
9528 7.355574401925094e-10 
392 1.3443200541187728e-10 
8175 6.553223017500661e-10 
3312 1.686373663655326e-10 
5433 1.528306438972956e-09 
8347 2.2157130793516505e-09 
3933 3.870182099026403e-09 
471 9.342321177023746e-08 
3935 6.657696963818609e-10 
2306 1.7383649956800916e-09 
1983 2.025025779947016e-09 
4023 9.393253326462434e-10 
9944 7.234473039042838e-11 
9265 4.8340155597725e-10 
3510 2.5616035914471306e-08 
7699 1.0501264856230535e-10 
1420 5.909465474377357e-10 
696 2.106823202036072e-09 
2338 2.2066990629078742e-09 
8154 6.914428767385297e-10 
8593 1.3147126744265681e-08 
1204 9.453077539259092e-10 
3918 1.4828795326428966e-08 
1915 1.5663815350980726e-08 
1399 9.988765331007471e-11 
8979 1.1467471540624278e-08 
719 4.3721046634766073e-11 
7749 2.2208570406986473e-08 
9693 3.4808701572702036e-09 
6498 1.1169814559223752e-08 
398 1.8353293972522238e-09 
6438 1.5605875100898655e-08 
5216 5.530301112367289e-10 
2132 1.7195226646589233e-10 
6752 3.763172322363052e-10 
7022 2.54778888111385e-11 
6559 3.987825778460915e-09 
8174 6.777073920128537e-10 
5989 3.3904392270442006e-11 
9185 1.975740215454133e-09 
6839 1.7645499861621006e-12 
2875 3.4502493015152455e-10 
8441 3.7208692429874535e-09 
9558 1.8082961421530401e-09 
5453 1.2749542775442501e-09 
5925 8.358800443510519e-10 
5730 6.21195842703294e-11 
865 5.560103602133919e-11 
385 4.9673763971290496e-11 
3155 5.5731832351796856e-09 
5685 8.019832031542357e-12 
453 9.705701416784287e-08 
6360 1.4750617401730146e-07 
6284 3.42977151709915e-10 
1238 2.9163222966929315e-09 
7716 3.744920864486629e-09 
9517 5.206241412403111e-09 
8709 8.660782573382917e-10 
5382 5.966431749187e-10 
4477 1.4976780106422078e-08 
2629 1.3772441691543702e-09 
5901 7.301383317942453e-10 
416 1.389026176995477e-09 
5182 3.7171236288576176e-11 
5364 4.786595347818954e-11 
3910 3.852897817685504e-09 
6109 8.640847821433102e-09 
2833 1.6157774314034268e-09 
299 7.900830983889971e-10 
5723 3.3708166126209252e-09 
8994 1.388683050315691e-10 
132 6.375500811834404e-10 
9924 2.0907419972835976e-10 
5722 1.3115850114443056e-07 
9011 6.447460818609955e-09 
7248 4.2996651382029656e-08 
9317 4.2124131058587376e-09 
2704 7.523010182473519e-12 
8902 4.940899397486273e-10 
6251 4.479300826792539e-09 
8475 4.4242826289911067e-10 
6137 4.9447166071435185e-08 
4116 7.93589340351806e-11 
1122 1.5440918093681612e-09 
3168 6.130849704321685e-11 
9906 3.932749019325244e-11 
3059 3.776130437289536e-11 
5029 7.092046796042033e-08 
6948 1.896664164642511e-08 
4130 5.403007275303692e-10 
6481 1.1613119970619999e-10 
5489 6.659119559632738e-09 
1080 9.520201789743698e-09 
7798 2.0130586854926253e-10 
6474 2.9381876053038654e-10 
8360 1.550782555848949e-10 
9394 4.691478126258664e-10 
8444 3.337028098849269e-11 
461 6.126913857211466e-10 
5223 1.8258688286217897e-11 
1479 3.669904747220863e-11 
8980 3.453162664334482e-10 
3014 8.121782456404342e-09 
4188 1.4980855661897456e-09 
2837 6.475752266782329e-10 
9847 9.296636146401317e-11 
1504 1.6593840725462198e-11 
7973 1.2837560741056742e-08 
7965 4.1436769424064515e-10 
2544 3.312837872704308e-10 
1763 7.974817109305567e-12 
2424 2.0901186052650135e-09 
8518 1.514743144554343e-11 
6090 7.111466388435108e-11 
1600 6.220646925627625e-10 
88 8.167659554402418e-11 
2335 5.918139086798922e-10 
1253 1.2532101043564702e-07 
4417 3.045234500544578e-10 
1797 8.161812232711698e-09 
9542 4.458028059695833e-11 
1834 1.322000016526953e-10 
991 2.87821628131527e-07 
3658 2.6885002588826414e-09 
2516 1.0493296084324223e-09 
6199 1.6596017243116635e-08 
47 2.5086573607935906e-09 
717 2.483826276258249e-09 
420 1.392260029834983e-08 
6263 4.8379921085160155e-09 
7736 2.2835166114102854e-11 
2166 2.4005834755805636e-09 
7408 1.5651804322836556e-08 
4869 6.303010115537779e-09 
8361 5.7353789603081715e-09 
1264 3.616461808707832e-10 
4702 2.1826547562307268e-10 
9835 1.194970037171143e-09 
1150 5.595564730660784e-11 
5062 1.3997044256443106e-09 
4570 1.1885530056594156e-10 
192 1.970258237680191e-09 
1578 2.2116010331921647e-08 
1429 4.1068064530000057e-10 
3800 1.0004752038249245e-09 
6677 6.4968920470496764e-09 
8572 1.3053027869397816e-08 
2201 1.2080985080131235e-09 
3589 1.4898314012360725e-08 
1324 8.405555611185652e-10 
2863 3.335340401935251e-10 
7325 2.9509184453803813e-08 
8487 1.0231404466228445e-10 
4557 8.591087303276519e-11 
5313 1.0675754212666882e-09 
9667 3.6705135319478484e-10 
9373 4.822977701982538e-10 
9490 2.2559404178081974e-09 
6981 2.346880979996926e-09 
8157 4.38531039785284e-10 
7564 1.3123853641004731e-09 
469 3.398228411444317e-10 
5504 3.4935629992221005e-10 
8721 1.0620381272582486e-09 
326 9.091368311730647e-10 
3561 1.3620324587962623e-11 
6034 2.1704641783438074e-10 
9423 1.128504132654502e-09 
9813 7.016942598740299e-08 
6958 2.499522255914318e-09 
8855 8.562624428747175e-09 
7953 2.3447509778299537e-10 
4740 3.6843813307861926e-09 
7063 1.8199142723565139e-09 
8456 3.75124711077133e-09 
6767 5.521579612464771e-11 
8603 5.532375022851688e-10 
6859 4.486681563862461e-09 
8869 1.6533081646843284e-10 
8090 1.3379995143049902e-09 
3687 1.1254885912137524e-14 
2910 7.751203262482034e-10 
1015 5.982017162131874e-08 
8829 3.234017525591987e-09 
3372 1.0671031808920919e-07 
3519 1.0656655229898124e-07 
8376 1.2752227706510138e-08 
7192 2.5834496676794165e-10 
8650 8.680451256168747e-10 
9451 2.176865312399983e-07 
4291 2.489456401441481e-07 
8338 2.0718328905033594e-10 
3894 5.690487266213892e-10 
9184 5.7277883672367895e-08 
8856 1.2263397148966804e-10 
327 6.0948611469973945e-09 
841 4.041836071048003e-09 
6738 4.050144011543874e-10 
7283 1.6223156815107093e-10 
5238 5.212372146129734e-09 
8075 1.7652138597289686e-08 
1745 1.6523085973070139e-10 
74 3.00998739855582e-11 
6021 1.7010241864834396e-11 
2782 1.4845338126453847e-09 
6953 8.813206241187199e-13 
6560 3.220144941796073e-10 
8209 4.349814403120525e-11 
8639 1.3882152604289332e-09 
4180 4.029909910006728e-11 
5759 2.755610129795004e-11 
371 4.634355104727692e-08 
9910 2.214688020397536e-09 
6917 2.2445777955248526e-10 
9706 5.3035477166052426e-08 
4538 2.887159754252041e-10 
8563 6.089929252163645e-10 
6985 8.915338112008652e-11 
8597 2.467141281932058e-10 
6539 5.564751537279279e-10 
3546 1.9034948209774785e-10 
1215 1.9293516261251065e-09 
1805 1.9670284148754432e-10 
9233 7.025063128028833e-09 
6907 3.6437524325693e-10 
2281 1.8694685586316542e-09 
724 2.7643776157078012e-09 
5889 2.1646373455147977e-09 
6621 7.837363432689271e-10 
1118 2.1444140465973625e-09 
1788 1.8903784508643347e-08 
4575 1.3588018264916028e-09 
9344 3.364161957164758e-10 
3431 1.1463446366387044e-10 
1135 2.2342128657024204e-09 
6241 6.08544764125271e-08 
5324 1.5179715613347442e-09 
3114 4.724566007855064e-11 
9036 2.509632123426017e-12 
3415 6.167963381404091e-10 
9042 5.583021315313707e-09 
333 5.195311666953893e-09 
6712 6.35455754783239e-10 
8718 1.1552186202805955e-11 
3029 5.131406423416165e-09 
1082 1.7627483696235786e-09 
3467 4.2192138961355776e-09 
4666 9.367874138079924e-10 
7057 2.1972574614262745e-08 
4434 2.350952452220465e-09 
4866 1.1048039964747515e-08 
5786 3.2748761328774016e-10 
6214 7.804931780272931e-10 
7005 6.497524834794876e-08 
5111 6.20923474414076e-11 
9375 5.736247838591935e-11 
3929 6.321251316130435e-10 
7311 1.1819561615474308e-08 
8808 1.3722524053492397e-09 
2036 1.6353771496562763e-07 
4887 7.54292448666849e-10 
4333 6.887257358838183e-08 
3955 3.1677958026564575e-10 
3 6.163400954110602e-08 
6311 2.681337299443459e-10 
6193 3.973944040930553e-10 
1575 4.9130163033643645e-11 
3095 8.997935671421909e-10 
1313 4.4808866935315543e-10 
5464 4.9824253801718565e-09 
3956 3.466129024590747e-08 
9182 3.0499801576169474e-09 
9010 5.970504534696098e-08 
1216 1.8374477838338326e-10 
2847 2.1632252892012546e-10 
4816 7.756546139369563e-08 
9946 3.845694484296827e-11 
1335 6.057262829889513e-09 
6138 2.698617992237215e-10 
1457 4.976810121439012e-10 
3034 8.206697182987308e-12 
6785 2.8716077276068385e-11 
5411 7.800835693389983e-08 
2547 2.3133174688529997e-09 
4763 1.460608104733238e-11 
2434 7.235873998844242e-10 
6242 1.0875344459054833e-08 
9285 7.346415684953022e-10 
7165 2.0850560496136312e-10 
3749 2.457258954787545e-10 
1652 2.762054745076431e-12 
4900 2.7305662803544725e-11 
6755 2.437991429125849e-09 
6174 6.065321611313123e-10 
1973 9.46577037083984e-08 
8676 2.0109474438818425e-10 
5810 3.2942606303474864e-10 
3159 8.516335109841187e-11 
6510 1.647382321476053e-09 
3913 6.317154120733766e-10 
7852 1.3231043042717028e-09 
3160 2.204573927078979e-08 
1419 1.0556859825140313e-08 
8261 1.0827861932800044e-08 
8663 3.1459266537022994e-10 
31 1.3957655927022945e-10 
6706 5.724937864353649e-10 
830 2.336469353745532e-10 
8701 8.155405092871335e-11 
7343 2.9073054592021128e-11 
4041 2.1817389452269243e-09 
6586 4.386625464875386e-10 
8312 1.500548380253876e-07 
4937 8.004053834938962e-11 
8423 7.685761445853434e-10 
6267 1.9813926820762344e-10 
1055 1.7330726214346449e-09 
7571 6.055191938618611e-10 
6080 7.434674542800911e-08 
9395 7.8570232530869e-10 
2865 1.7296881849069047e-10 
4167 1.1902807237748131e-10 
348 4.692541376867911e-11 
7390 7.033377703911642e-10 
8699 3.2476164497305952e-09 
8183 2.2873431566197e-09 
7415 7.084631187094494e-08 
6549 5.030978145781875e-10 
8641 2.0324020577313163e-08 
9680 2.3653092344302822e-09 
3275 4.795737968358172e-11 
4413 2.5419795071122203e-09 
9756 9.032614263752482e-10 
8167 1.4400817873032752e-09 
6028 4.809679067311169e-10 
7480 1.2497719645540085e-10 
9543 4.314154462346526e-09 
7588 4.315977826586359e-10 
8278 1.781602953722353e-10 
799 1.3385484022067768e-10 
5834 9.12512122121749e-11 
6531 2.7597041067254544e-09 
5031 6.587326018615504e-10 
9812 1.5686572683365422e-08 
6191 2.005733092280993e-09 
581 2.876849969919787e-09 
4910 6.262648599466262e-10 
5046 3.689679002954453e-10 
7284 7.49567100759831e-10 
4139 4.978661834289279e-10 
9508 1.0040269853587896e-09 
8875 4.5782484384528435e-12 
9777 1.5769989040247725e-09 
3843 1.450133251319142e-08 
6443 2.0980720735614833e-08 
6715 1.0657834144845064e-10 
3864 1.446618007287926e-07 
2008 5.0052710347115305e-11 
1936 5.23876093383658e-09 
1758 1.928928999090443e-10 
9299 2.832056382947857e-10 
7979 2.166146969587783e-09 
9425 1.4066351944721275e-10 
2228 1.5404587584054052e-07 
2742 1.9023392207024798e-07 
4054 7.155857759924475e-10 
8387 2.0950415717180794e-10 
2930 1.1348363829736154e-08 
3684 1.9503899363615407e-12 
9224 3.250576105959485e-11 
3871 2.478566187592498e-08 
1153 4.0730945061366063e-10 
4923 1.6571045208767232e-12 
1794 1.6455587761960038e-10 
3606 5.662937965482596e-08 
4242 4.2971971732407125e-09 
924 9.684565015884522e-10 
459 1.8443845737206043e-10 
3090 2.70638600521343e-09 
8911 8.861720121134056e-10 
1402 4.959961814738708e-09 
316 6.32436974291252e-10 
5407 4.2327982561919614e-10 
334 5.693545647456092e-10 
7824 1.7933455856847718e-10 
7287 1.7779789401473626e-10 
5923 1.5936250986241963e-07 
9789 1.1667209516945774e-08 
7108 6.451368784608149e-10 
5515 5.057670898258256e-10 
1886 5.414565965899753e-08 
9110 2.8619165636774795e-10 
5587 3.641590842197814e-10 
354 1.5313720606895815e-09 
1564 5.767980102834574e-10 
3562 3.334448217756983e-11 
4411 1.6423708530454795e-09 
3621 2.996923110338504e-11 
2463 4.719796171536407e-10 
6496 1.4129759475139129e-08 
8781 4.447115740154099e-09 
9445 3.139958873279382e-08 
701 2.438424761262273e-09 
8600 3.0682592981937648e-09 
2672 3.757146744917248e-10 
8588 1.9194057137412145e-11 
1987 5.410397324113244e-11 
7811 2.4535547452966406e-09 
567 5.99163052360268e-11 
6455 1.2274075834702638e-10 
5036 5.688104290453578e-10 
8812 5.4468425451744047e-11 
3217 6.64589229765341e-11 
3099 1.726972007617719e-07 
4313 7.616947126166723e-11 
9849 1.585743561774875e-09 
6198 9.258091750099107e-12 
4905 4.724341254209493e-09 
5120 1.5166366576885814e-10 
6435 8.871740078368029e-09 
4978 3.837423992567378e-10 
8755 3.0845478093471564e-10 
5893 4.2364579703358534e-10 
187 6.164997603847834e-09 
4405 2.963078722068393e-11 
2715 2.9426075573958335e-09 
5930 7.00112166794587e-11 
7490 3.1848952462877215e-10 
9040 1.4581379102103338e-08 
9562 1.8985394973098033e-10 
7872 1.5640420877101758e-11 
6768 3.6455036492812824e-08 
873 7.221146878907551e-08 
8073 9.673653182419897e-10 
6692 1.896570558970577e-09 
6780 1.1284734075573973e-09 
8838 4.920926304759957e-10 
432 2.3269523788837492e-08 
9549 2.5376613261658194e-10 
740 2.6597120370376838e-08 
2124 5.4787289388599065e-11 
5375 5.410653761265971e-10 
7204 6.7150567787281795e-09 
9537 1.2100408564376154e-08 
7069 5.064098747168355e-10 
518 2.3225829442173844e-09 
774 1.5522946747512888e-08 
3999 1.5173469226144754e-10 
7913 5.136553570355241e-10 
1698 2.832646685737806e-10 
2102 1.733655542843696e-09 
6210 2.429324377975865e-09 
1348 5.168169234639258e-09 
6964 3.41017329392318e-12 
6524 1.1209441736557659e-10 
5825 2.726031943275392e-07 
8892 2.098141294484853e-10 
808 9.21618454263927e-09 
8632 5.869571593087458e-12 
8707 1.4114442075214916e-10 
8147 3.6999998656907105e-10 
1702 1.8637421097550484e-10 
3201 1.3477227637989807e-09 
2498 2.1658792602230098e-08 
4523 3.6743947086430264e-08 
455 2.433842627596267e-10 
2922 4.491445176164493e-09 
9259 4.138829825533718e-08 
8012 2.4226067966238937e-09 
846 3.882586430849889e-10 
9229 1.5989829693615257e-09 
8433 4.287355717369496e-09 
3938 3.096702835120404e-10 
8069 5.2317824958359946e-12 
2145 1.2799990471571484e-11 
3245 5.68642697033585e-11 
7539 7.099113766330999e-10 
2640 2.739228992843729e-10 
73 1.4765391323265733e-08 
8617 5.816087715118394e-10 
8978 3.3974189865767497e-09 
9876 8.122758280405938e-08 
966 6.615745276483027e-08 
3791 6.479513491034922e-10 
3530 1.8627031299982256e-10 
3294 5.078010238443194e-08 
4050 9.729454910129067e-10 
6534 2.8969997633696493e-09 
842 8.087622900513187e-08 
2940 1.1571307857593655e-08 
5202 1.8859513023072256e-10 
5598 3.0651556054590856e-12 
3100 1.4712213310379538e-09 
1212 3.189689173173134e-09 
6982 7.15224844338245e-09 
8665 6.34563853642089e-11 
228 3.075391127789963e-10 
8405 8.960422372870724e-11 
2610 9.696058436030308e-10 
4021 1.498827739229304e-09 
4706 3.3146098582030202e-09 
2828 1.8657698284030473e-11 
3145 2.1239660630500179e-10 
3987 1.0018184454513442e-10 
5116 4.121126645796391e-08 
1864 3.205272008040502e-09 
8934 3.5907865868334125e-11 
4103 7.383228699101886e-11 
4250 1.891611334326968e-09 
7524 8.424860453281389e-10 
5003 3.428452569792335e-09 
5319 1.7459747235224472e-10 
114 2.3745752476871906e-09 
5304 9.144969348392711e-10 
3498 4.067929210456838e-09 
7992 1.0260808894727103e-09 
7395 4.007986036244375e-10 
5850 6.46017904488609e-08 
2776 9.544004959725109e-08 
211 9.822276527350936e-09 
3747 3.2052701735745024e-10 
7903 1.6607578636281982e-10 
5149 4.897665049141474e-09 
5037 4.359515532550163e-09 
4077 9.972194475489988e-08 
2631 6.433964365152745e-10 
8215 1.0409672089313986e-09 
1100 1.1838295303142863e-09 
2927 1.603721779150271e-08 
2935 2.6170847623078314e-09 
4329 3.3277463707189713e-09 
5418 1.2769275606913869e-09 
3227 1.7694974466238737e-10 
5609 1.2129651469487858e-10 
9174 2.0520868548497826e-09 
9448 3.245341477582024e-11 
2923 1.249284272212271e-07 
8063 1.904391578011343e-10 
167 1.4250884798034119e-08 
4227 6.522167145249535e-11 
7233 2.619811699731578e-08 
3048 2.292493912802243e-12 
9590 6.2679666323376595e-09 
8548 5.1665602875390995e-11 
4486 1.015041012943424e-07 
2410 1.772148698476648e-08 
4081 4.3225760319249585e-08 
6233 2.4861427268189597e-10 
8651 7.559508435251068e-11 
9038 4.839433969720737e-10 
6206 4.6719016336022855e-09 
1311 4.190873133552138e-09 
1927 1.913560257865779e-09 
4114 1.398368860348843e-11 
2753 1.6347990736984943e-08 
4163 8.27533048323737e-08 
8656 9.084288416161067e-11 
5442 1.081805554374425e-10 
2333 2.5899396901969777e-10 
6304 1.7399552143413795e-10 
4739 4.5894510214614694e-09 
9753 9.447893862927787e-12 
2152 4.904140983403525e-09 
5399 9.019090989959465e-08 
5146 2.9293228701254914e-08 
5497 1.0142179911512404e-09 
7086 3.768028438726148e-10 
4868 2.1032265777159645e-09 
7592 2.27526417817795e-09 
2138 1.2723803835627915e-09 
1765 4.6029532607033784e-08 
1321 6.235449861371511e-10 
7183 5.53750090944062e-09 
7860 7.327110027184674e-10 
3934 3.02613705893324e-08 
6331 9.90266507783785e-09 
3180 3.107890109706624e-09 
9897 6.758191838725398e-12 
1798 8.048663926418347e-11 
7818 3.2130639529596536e-08 
7950 7.143915363590041e-09 
1178 4.814242964820644e-10 
3497 3.760245912985438e-10 
3424 9.775631739944377e-10 
4754 7.437786831033112e-11 
6167 1.0577917185502962e-09 
8462 6.32060866058664e-08 
6508 1.4054760615204905e-10 
5380 1.0469329109577438e-10 
7721 5.903154531942434e-10 
2915 1.096425525903325e-07 
8110 2.364929458954971e-10 
4718 9.473112419253366e-08 
7547 1.210227180785655e-11 
5962 1.884951675736496e-09 
3548 6.399997323944171e-09 
8142 1.6724485339097753e-10 
7314 3.062891395174097e-10 
1159 1.3816706354662775e-07 
2554 7.460586794380116e-08 
6 5.128549187720485e-09 
1598 2.9103139359163907e-11 
6049 4.3518985427919595e-10 
3024 3.022108523717884e-12 
8900 3.802346592462814e-10 
3617 4.163714317072998e-10 
3358 2.1543916890150065e-08 
7280 6.114878005315773e-10 
4926 3.2125172116940065e-09 
1196 1.4721367683296553e-10 
1599 8.491692403120491e-10 
123 1.123578694585501e-09 
1556 1.0406422041240105e-08 
7318 2.5287969094519005e-10 
7473 5.510664566860257e-09 
5853 2.2980114103070994e-09 
8162 1.1273156714438232e-10 
7560 3.1007666570240224e-10 
8227 1.7863292117228754e-08 
3272 1.0268382582264853e-09 
8045 8.290015752243361e-09 
2507 4.811549839078602e-09 
6230 1.4492862252912363e-11 
9604 1.8618561962609758e-09 
5960 1.4573695355973022e-10 
274 1.6379353580791355e-10 
7546 3.793112563748994e-11 
5750 1.2732116339311163e-09 
2125 4.9407900608338635e-09 
2525 2.3282561572050484e-10 
3369 1.5862163619468013e-07 
3845 1.81751311761479e-11 
3212 3.4715786467124055e-09 
3844 5.2043169360005827e-11 
992 1.6402812171166404e-09 
6128 1.5001923957084057e-08 
4053 1.6361746377520152e-09 
4287 4.236207127837903e-08 
6906 8.963355915674224e-09 
4468 1.0707745197715483e-10 
1282 1.667361194723554e-11 
7106 1.7903157461981708e-11 
5671 2.5367763917806633e-10 
1425 3.901778603341958e-11 
7353 2.5522285890602903e-11 
6593 5.054726553940542e-11 
2762 5.996427714695785e-10 
8511 3.7006799376867425e-10 
7155 6.814443970970679e-09 
9207 3.653954308894393e-09 
9978 2.0328172060169545e-08 
9292 6.482525497469957e-11 
4510 1.1322240450857954e-09 
4144 9.65095588157427e-11 
9919 2.6768267454445228e-09 
7600 3.4764480333892527e-09 
5440 1.9506667258069896e-10 
7350 2.4139893542723747e-10 
173 6.885799831831391e-10 
3533 1.3620270742878612e-09 
8819 1.7492397989741655e-07 
2379 8.18101335423031e-09 
6672 1.8377624724640756e-10 
685 2.731562717454668e-08 
6423 2.6499262587378288e-08 
4324 1.0175346091982843e-08 
8756 1.3114528210952924e-09 
5817 1.6496976332862254e-09 
108 6.915089459417844e-11 
3660 2.309673891706342e-09 
2502 1.602108215155406e-10 
1984 1.2972580437080626e-10 
2464 9.141409052619186e-10 
9521 5.975909997999829e-11 
786 4.997585049847445e-10 
6398 7.293910545079946e-10 
188 2.4907254017380925e-11 
7180 8.607524641353006e-11 
4072 2.205913422847174e-09 
1400 3.147939665433702e-10 
4935 6.779876228035601e-10 
3365 4.076793706275555e-08 
5428 9.806900599806408e-10 
5833 4.15202877657118e-09 
4587 2.848293085881866e-09 
7468 1.5947074237880317e-10 
7969 2.670345594230711e-08 
6526 1.753010834874926e-08 
3115 1.3554733420076013e-10 
7733 2.5476347955955214e-09 
148 5.269495236195192e-09 
7976 2.26796675611697e-09 
7097 1.2699321005674565e-10 
5942 3.719341211596693e-11 
9170 3.809880495439623e-09 
8042 2.5947393105657524e-12 
9062 3.771516451642355e-08 
6069 2.981447524874076e-10 
7847 2.1794383955786898e-10 
847 8.5671219391709e-08 
9632 1.014339354706267e-09 
2485 9.05688823597523e-09 
7056 3.907778492906868e-09 
3578 5.835848090254144e-10 
4915 2.3165835472146196e-07 
2562 1.7852685052598168e-09 
5429 7.583103507303819e-08 
6169 8.934517345554703e-10 
5827 2.6030107915194635e-09 
9268 1.8464972498452107e-10 
4064 9.716076839025485e-11 
765 3.983052386177799e-12 
9904 2.549775545384382e-09 
4131 1.6272745323633373e-10 
8484 1.6919468969178167e-11 
2373 1.621278868862271e-10 
8886 5.100283769541417e-09 
8123 3.9892187244523973e-10 
406 5.2052624863346784e-08 
3961 9.565283903020172e-10 
3632 1.218766471478423e-07 
3659 2.574651640973799e-11 
6541 1.508061624228791e-10 
1721 3.7347444879548206e-11 
6657 2.3887525783271066e-09 
3231 5.19912619692751e-10 
3385 1.0505864089534173e-10 
5743 2.436385451928847e-10 
5234 9.49231004706155e-09 
2812 6.158201243429999e-10 
2880 6.810518302209622e-10 
3075 3.2808962408578234e-11 
121 1.7774601577875781e-09 
183 2.8366681954066604e-08 
1887 1.316986819214572e-10 
4232 4.608702921397847e-08 
1498 9.507556738988348e-10 
131 1.850512912129955e-10 
8582 1.4965729207354141e-09 
6579 1.4387296837435108e-10 
5843 1.3879753631218832e-08 
9905 2.088518517651981e-07 
7405 2.6670065347065964e-09 
4796 4.5288932996753956e-10 
4451 1.1297407260578158e-08 
2103 8.921832136839474e-11 
4914 3.854023042985076e-11 
1582 9.080943081156058e-09 
3237 5.476020196014259e-10 
4648 4.6346190814611e-10 
4678 8.363282162887186e-11 
2793 3.3919910698860435e-09 
8828 9.226549855200792e-09 
4563 5.37349040233637e-10 
4536 8.475479534518876e-09 
5152 2.6929771711098195e-09 
840 3.059902287004982e-09 
6873 3.711751423897106e-09 
9133 5.7176702467464196e-08 
7120 4.656992234333343e-11 
5732 3.392524579491056e-10 
1718 5.300811507705889e-10 
625 9.198552563725088e-10 
4273 1.3508246003916373e-08 
3355 7.750259167382432e-11 
4822 3.728913634578683e-10 
5040 3.018058188346967e-12 
8225 7.988557132443335e-08 
6979 5.6961426677867855e-12 
9123 1.5401235717125859e-09 
8009 9.995269398176213e-11 
3516 9.181338115641719e-11 
3306 1.0158489631844231e-10 
5388 5.653114306452041e-10 
9045 7.441298169114379e-10 
6071 2.813033026185389e-09 
3815 1.8078346087502629e-09 
9987 4.5119527571232244e-10 
2448 1.7322969700264394e-09 
289 1.5856896042441685e-08 
3366 9.110458358669405e-10 
699 3.627640695395576e-10 
4752 1.677740088265975e-09 
3032 6.551981480193369e-09 
8906 2.908252329760385e-09 
3455 1.7067040652118374e-09 
5668 2.8418162585329455e-10 
5528 3.8598132338351905e-11 
85 6.690334494801426e-09 
748 5.399014611469719e-08 
2588 1.0243202867263627e-10 
1949 6.701285224153058e-10 
4775 2.6434919283126277e-11 
2010 1.0782989254120033e-10 
7199 1.4474512547505678e-08 
3669 6.605480051824486e-14 
4713 3.400848351574944e-11 
6781 6.157621116377188e-10 
715 3.0090423856856702e-09 
9634 1.459397231424116e-09 
9514 5.3608838872761476e-09 
8074 4.118835178797904e-09 
2504 4.953915509762389e-10 
9895 3.4971071177780644e-13 
7906 5.474529960688291e-09 
9166 8.093723126878938e-11 
7593 3.228019715474672e-11 
3414 1.6089054019422509e-10 
1613 1.477649511258819e-07 
6667 2.942835293828171e-10 
1779 8.540837960610815e-09 
3053 2.2694763070034768e-10 
6778 6.385468550374127e-10 
1407 6.994511131031252e-08 
353 1.5824909245838143e-10 
3421 3.465081192048112e-10 
5708 2.930019831189014e-09 
854 3.9178545001116204e-09 
2635 9.152373475688176e-10 
236 1.36853024861799e-07 
8486 4.682871693365446e-09 
4673 3.085630211254874e-10 
9473 4.959658112647695e-10 
8131 1.0613019747633902e-09 
6358 3.355718334149763e-10 
8504 5.379222454900748e-09 
5398 2.977664015829445e-11 
3904 1.910452170651457e-09 
3874 1.5166476276631032e-11 
9049 1.6693252056137814e-11 
9222 2.80757907930374e-10 
5691 1.9280918912940997e-10 
4931 3.6879735931711984e-10 
9319 8.349479610997907e-10 
6999 3.135945296096746e-11 
8170 9.407593527281378e-10 
7704 3.348194009371308e-12 
7475 2.726772192484335e-09 
6308 2.4841219657201565e-09 
4033 6.16749791462637e-11 
9892 3.2588149827850515e-08 
5640 4.1278854402474145e-10 
2884 2.442986708814157e-10 
8611 3.5671011344641946e-11 
6448 2.558803462762412e-11 
1720 2.6603665338137187e-10 
4190 7.517042209318061e-11 
4552 3.32073495022154e-10 
6585 3.780444025452143e-10 
6240 5.772214685693992e-09 
532 1.3907649336384138e-08 
4370 1.75294677749569e-10 
2030 9.544428161428055e-10 
3458 3.55520950390064e-11 
2158 2.684801671913458e-09 
7563 4.483139887690981e-09 
7356 6.0007515470375664e-09 
3069 4.260077393276578e-10 
2986 1.2512380304794538e-09 
3451 1.1174263712445678e-10 
3770 3.4213044814613414e-09 
5355 6.23719831492969e-10 
946 5.6265655698777976e-08 
2179 1.5566064062721985e-13 
253 3.341055730687881e-13 
7438 4.1022605938970015e-09 
6349 1.6239628457086208e-12 
5007 8.041736246777499e-10 
4628 3.026008748593868e-10 
9779 6.391134211552067e-10 
124 4.0834901257985026e-11 
8920 2.2805187677335284e-10 
3186 2.142673456853096e-09 
5851 9.33274710589024e-09 
3893 1.5496602322566937e-09 
5761 2.845959543026213e-10 
5610 3.4499009806075043e-10 
7334 4.705536434852633e-10 
1576 1.1151358997448999e-11 
2075 6.139452253607592e-10 
9406 1.5286248599293143e-09 
5920 5.815349308559384e-10 
2220 2.1176580908483563e-11 
3329 6.084661017867292e-11 
651 1.987404396453334e-09 
9420 7.423119614108874e-12 
3437 8.982344162315254e-09 
4549 2.052651455341278e-09 
5177 1.5076668154295042e-08 
6480 2.969767895899477e-09 
9696 4.3791112104102315e-11 
6307 6.212518942176058e-10 
2246 2.057915454956074e-09 
7633 6.150091501050003e-10 
6354 8.146253407252108e-10 
1062 9.923755757423202e-10 
8525 1.9519657413370745e-10 
6747 2.3578217172352988e-09 
2604 1.869742885862281e-10 
126 5.110685103712793e-08 
2046 1.7821724047465917e-09 
2887 5.851156009282079e-10 
4388 5.185026104299208e-09 
2591 1.0549751574625962e-08 
7535 4.866402800064826e-09 
782 1.4197075969940272e-10 
414 1.6797859074991487e-09 
3474 1.8963651045689501e-10 
9827 1.8259704696193682e-09 
5656 3.159638303425989e-10 
2173 1.205585017624553e-10 
9075 3.6282970295918668e-09 
4062 5.52449782192077e-10 
5106 7.338598528438848e-08 
240 2.9337790656986653e-11 
2302 1.1360299703313307e-07 
1262 1.7011792816986049e-09 
8059 5.5042482280631385e-11 
2084 1.3224159100809845e-10 
7519 4.4749306075793035e-11 
5796 2.805477685561853e-09 
9755 5.875345728597464e-12 
9328 5.585368264502414e-10 
8961 2.3785127525372644e-10 
9493 3.682685340122994e-08 
3774 2.078426926204095e-10 
8893 8.73000386563666e-10 
6714 2.2207945389336042e-12 
7828 2.7532209617775117e-09 
9613 1.5691708326324213e-10 
3255 1.065499468169695e-12 
1422 1.0526579601297155e-09 
504 6.991832591400854e-08 
7622 1.21186246724424e-08 
9795 4.9991305748427826e-08 
6707 6.947700589061983e-11 
1435 3.541321387949049e-10 
7335 1.2036390811867324e-08 
1801 6.411458223385575e-10 
5877 7.797556121994111e-11 
8803 3.7061665016232745e-11 
9666 1.484867929241899e-10 
8997 9.533286620788239e-11 
8782 3.005686453219689e-10 
7671 2.3574199756421787e-10 
3492 1.2862925416090953e-10 
8534 4.0383104724955196e-08 
8096 4.516166670937715e-09 
6582 6.558515141447554e-10 
119 3.0305660626223466e-10 
3264 2.3440911334253944e-10 
1250 9.322082978966285e-11 
8983 1.5632261980383393e-10 
6089 1.2629370822519938e-11 
9600 5.808142057821123e-11 
4153 2.963117709019886e-09 
2088 4.822841375021821e-11 
7051 8.437648216262949e-10 
5621 2.629188009182615e-09 
5887 5.583547576658472e-10 
4379 4.9944012946805095e-11 
2462 1.2159322418966954e-09 
7500 5.344053787782151e-10 
6591 5.2512550748676445e-08 
4326 4.139730160004533e-10 
9352 2.5331611518151613e-07 
3909 7.467849402648528e-08 
4572 4.3135034796413715e-12 
11 1.6941734838331148e-10 
7414 2.8653792399054506e-10 
9340 1.3533279926942968e-08 
9580 1.9734406352282777e-09 
6838 2.3018888963048873e-11 
1843 1.752169733823702e-08 
7433 6.657187858305786e-10 
9690 2.516138838593394e-10 
3535 4.891966974358957e-08 
5305 1.361973967115014e-08 
440 1.3359395038240081e-11 
2539 2.707210914101115e-10 
3978 1.5317216544368823e-07 
839 2.436841171028118e-10 
7094 3.1831923982843764e-08 
8732 2.0935200859386902e-09 
3665 4.557736636999192e-09 
535 5.073912684862118e-12 
8933 2.3242996283334404e-07 
928 1.7389569758825263e-10 
9852 3.85167697345136e-09 
1611 2.389184785222978e-08 
6852 3.773800940944185e-09 
8882 1.7751502563617105e-10 
2260 5.377751465818629e-10 
241 6.796812037185551e-10 
