1 2 6 3 59
1 47 5 1 6
2 31 7 1 10
2 35 10 1 5
2 406 9 2 26
3 4 3 2 13
3 5 8 1 5
3 26 3 1 5
5 57 1 2 4
15 16 7 1 7
15 36 8 5 2777
16 25 3 1 4
17 18 5 3 97
17 36 9 2 27
18 33 2 3 12
19 20 10 1 10
19 21 4 2 8
20 142 9 1 4
20 148 9 3 117
21 22 8 1 8
22 23 3 2 15
23 24 2 2 8
24 25 10 1 5
24 28 1 4 113
26 27 3 2 6
27 29 1 3 9
27 30 10 4 375
28 29 7 1 12
31 33 2 4 120
32 33 1 4 37
32 34 5 5 878
32 69 9 1 15
34 35 9 3 55
34 73 1 6 773
36 37 7 1 6
36 75 3 4 76
37 52 9 1 13
37 43 6 1 4
46 47 10 1 17
47 448 4 3 73
52 67 9 3 53
53 54 4 5 799
53 59 2 4 89
53 418 9 2 22
54 163 10 2 28
55 56 6 5 1628
55 59 9 1 8
56 57 6 2 11
56 66 6 2 21
58 59 7 1 5
58 60 1 3 12
58 199 6 3 90
58 458 2 3 25
60 63 9 1 14
63 225 9 1 4
64 65 2 3 29
64 66 5 4 312
65 67 5 3 71
69 70 6 5 2864
70 71 5 9 4971344
71 101 1 3 6
72 73 1 3 14
72 101 4 3 56
73 76 4 2 17
73 77 5 2 19
96 97 9 3 124
96 111 10 4 293
97 101 7 6 7005
98 99 9 1 7
98 100 2 3 43
99 138 4 5 635
100 116 8 1 7
105 106 4 4 331
105 111 5 2 26
106 107 10 5 6747
107 108 4 3 24
111 114 10 3 114
113 114 6 3 81
113 116 4 1 5
115 116 4 1 5
115 409 6 4 546
118 119 8 3 57
119 138 6 1 5
120 121 8 2 16
120 122 10 3 158
120 304 4 4 226
121 296 10 4 255
122 123 7 3 40
122 124 9 1 12
124 125 5 1 5
134 135 10 4 366
134 332 7 3 54
135 136 10 5 2170
135 137 6 6 19453
137 139 10 4 315
139 140 8 1 13
139 141 4 2 12
139 399 3 2 8
141 400 1 3 19
154 155 5 1 7
154 156 4 3 22
154 172 3 6 3853
155 168 2 3 40
156 157 3 3 48
156 171 2 4 78
157 158 5 1 6
158 159 4 3 36
158 177 7 6 5085
159 160 6 1 5
159 161 8 4 770
159 196 10 4 737
161 162 2 2 4
161 197 6 1 4
163 164 9 1 4
164 165 10 1 4
165 166 6 1 7
165 104 10 1 6
166 167 7 4 217
167 168 3 3 45
169 170 9 5 4331
169 171 8 1 5
169 174 5 3 96
170 172 7 2 18
170 173 7 1 5
170 419 10 2 34
171 178 3 4 126
173 174 1 3 9
174 179 5 3 63
175 176 1 6 1743
176 214 1 4 70
177 178 6 2 19
177 191 10 4 973
178 421 2 3 30
179 192 1 5 273
180 181 3 5 429
180 208 6 1 10
181 192 1 4 101
182 183 3 1 4
182 184 5 5 576
184 185 2 2 4
184 208 6 1 5
185 186 6 1 4
185 207 10 3 213
186 187 6 3 56
186 230 1 2 4
187 188 4 9 6677253
187 193 6 4 150
188 189 6 2 15
188 191 8 1 4
189 190 3 5 379
189 191 7 1 8
193 194 5 1 5
193 217 2 2 9
194 195 1 3 22
194 217 1 4 38
195 196 8 4 232
195 216 6 1 8
196 197 7 4 391
196 476 6 3 77
197 216 7 1 6
198 199 4 2 17
198 221 2 3 22
199 200 5 3 103
200 10 10 3 92
201 202 5 3 29
201 203 9 3 53
201 351 8 2 23
202 213 10 1 5
203 204 8 1 9
203 205 6 4 164
205 206 10 4 443
205 231 9 6 14303
205 360 1 5 216
206 207 8 4 222
206 232 5 2 9
207 233 6 2 22
208 209 9 8 2389995
210 211 2 5 274
210 212 9 5 3412
211 215 2 4 56
212 213 7 1 7
212 342 9 1 7
213 340 4 3 25
214 215 5 5 1969
216 219 3 2 6
217 218 6 2 30
218 222 5 7 93107
219 220 5 2 16
220 221 10 7 89799
220 222 3 2 9
222 226 6 1 7
223 224 7 3 75
223 225 5 2 26
223 7 8 1 10
224 229 6 5 3383
227 228 5 2 10
227 229 3 5 456
227 272 2 7 20540
228 230 9 5 1756
229 401 5 6 5360
231 281 10 1 13
232 265 2 7 37795
233 264 8 4 248
233 150 4 3 44
234 235 10 4 493
234 278 8 3 147
236 237 6 1 4
236 280 1 4 101
237 238 8 1 4
237 239 3 4 89
239 240 10 1 4
240 241 8 1 7
241 243 7 1 4
241 442 10 3 97
242 243 8 2 33
242 244 1 4 33
242 314 1 5 684
242 80 6 2 12
243 293 10 4 267
244 247 9 3 112
245 246 7 3 144
245 247 10 1 16
247 248 6 1 8
248 249 3 7 45782
249 250 9 1 4
249 312 7 1 4
250 251 1 3 9
250 321 8 3 69
251 252 1 2 4
252 253 6 1 6
252 327 10 9 4145849
252 301 1 3 7
253 254 5 1 4
253 277 9 1 12
253 266 8 4 202
254 255 6 6 5125
254 256 3 6 6047
256 257 2 2 4
257 258 5 2 9
257 259 4 1 4
260 261 4 3 23
260 262 5 3 29
260 263 6 4 387
263 264 2 3 42
263 479 9 3 70
266 267 3 4 71
267 268 5 5 1854
267 299 10 6 14029
268 269 10 1 17
269 270 10 1 4
269 294 3 1 4
270 271 2 3 17
271 295 2 4 91
271 133 7 2 37
272 273 5 3 51
272 274 10 2 25
274 275 2 9 2166241
275 276 8 4 644
275 277 6 1 6
275 291 3 4 215
278 279 4 3 56
278 282 7 1 4
279 280 2 2 9
280 287 5 1 8
281 289 7 2 15
282 288 7 4 175
283 284 7 4 261
283 285 9 1 6
283 305 1 6 1859
284 290 1 5 130
284 365 2 3 21
285 286 1 4 66
285 306 9 7 50532
286 287 5 3 63
286 306 6 6 7095
286 452 8 4 265
287 293 7 3 92
288 289 6 1 5
289 290 7 5 4819
291 292 7 1 5
297 298 10 2 32
297 454 1 3 19
298 299 4 3 37
300 301 6 1 5
300 302 1 4 45
302 303 9 5 1639
302 304 4 1 4
302 330 7 5 1062
305 306 3 4 112
305 308 2 3 26
306 308 2 4 155
307 308 2 5 381
307 309 10 1 11
309 310 1 3 16
309 338 4 3 47
309 379 10 8 758510
310 311 10 1 13
310 85 5 3 48
311 312 6 4 457
313 314 10 3 105
315 316 6 7 44306
315 317 2 3 22
315 499 1 5 361
316 334 5 4 366
316 398 6 1 4
317 318 6 2 25
317 503 3 4 110
318 319 1 2 4
318 502 3 6 3351
318 510 9 2 23
319 320 1 4 40
320 333 8 1 4
321 322 5 6 3618
322 323 4 2 15
322 325 1 2 4
322 333 5 3 83
323 324 4 3 81
325 326 3 3 16
326 328 7 4 533
327 328 10 4 962
328 329 10 1 4
328 495 9 2 18
329 330 7 4 249
329 331 3 6 7046
331 332 8 1 11
331 489 4 5 754
332 481 6 8 476255
333 493 4 4 177
334 335 3 6 4443
336 337 2 2 5
336 500 3 4 158
337 338 4 1 4
337 382 10 4 253
338 339 10 1 12
338 377 10 3 182
340 341 4 3 49
340 349 8 3 91
340 354 3 1 4
341 343 6 9 4465868
342 343 10 4 351
344 345 3 3 17
344 346 8 3 45
344 385 4 4 103
346 347 7 3 42
347 348 1 3 7
347 387 9 1 5
348 349 4 4 102
348 386 2 2 4
350 351 1 3 6
350 359 5 7 31671
350 13 2 3 15
351 352 10 7 213055
352 353 1 5 218
352 356 5 3 52
353 354 3 1 4
354 355 6 5 1005
355 356 10 2 19
356 357 1 2 5
358 359 6 4 624
358 361 2 3 18
358 362 9 10 41087057
358 360 7 3 68
358 92 6 4 657
360 413 5 2 9
361 388 8 1 4
362 367 10 2 26
363 364 10 4 858
363 365 4 4 354
363 370 6 6 6792
364 395 10 1 7
365 366 4 4 196
365 371 2 4 149
366 144 5 3 35
367 368 7 3 70
367 369 9 2 24
370 380 3 5 1213
371 372 5 2 10
371 373 10 4 252
371 374 7 3 70
375 376 2 5 558
375 383 7 1 9
376 384 6 5 799
377 378 5 1 4
377 381 3 4 87
378 384 1 4 37
381 383 2 4 137
382 496 7 4 197
383 384 3 5 372
388 389 7 3 46
388 392 1 4 62
389 390 5 3 38
390 391 8 1 7
392 393 6 7 235443
392 394 1 2 4
395 396 6 4 225
399 411 4 1 5
400 405 3 1 5
404 405 2 2 9
404 412 5 1 8
405 89 6 2 26
408 409 9 3 51
411 412 9 1 11
411 415 2 6 2344
411 482 9 5 2101
412 415 1 4 43
415 427 3 4 98
415 487 5 3 60
427 428 5 3 86
427 431 8 1 14
427 487 7 1 4
427 424 10 3 149
428 429 9 3 109
428 432 6 3 52
481 482 4 7 154714
482 488 4 2 8
483 484 8 1 8
483 485 10 1 6
484 492 4 4 158
485 486 7 4 251
486 487 5 3 37
489 490 4 8 417495
490 491 1 3 10
490 492 10 3 173
493 508 3 4 320
494 495 1 5 168
494 507 5 2 12
496 497 3 4 315
496 62 3 2 6
497 498 5 2 24
497 499 8 1 12
499 501 6 7 117203
501 447 2 4 102
502 511 8 2 23
503 450 6 4 579
504 505 5 1 8
504 506 4 3 27
505 508 7 1 6
505 509 4 5 558
506 507 6 2 31
509 510 10 2 18
509 511 9 3 118
7 8 4 10 125594434
7 6 2 7 58974
10 9 7 1 7
10 11 4 1 5
13 12 7 3 68
12 14 9 1 5
144 38 1 2 4
144 145 9 2 16
38 39 1 5 297
89 68 9 1 8
89 88 4 3 35
68 40 6 1 4
68 102 3 2 7
40 41 2 3 13
40 81 8 1 4
102 50 9 3 81
50 51 4 4 237
41 95 7 4 784
81 146 10 1 5
95 456 8 3 129
95 143 4 1 4
95 146 8 4 280
146 410 2 9 1398882
43 42 10 7 187403
133 130 8 4 233
128 117 10 4 638
128 132 7 3 42
117 129 5 5 2006
117 110 10 1 10
132 130 6 4 325
129 127 3 3 24
127 44 2 2 5
130 131 5 1 4
44 45 7 1 11
110 109 5 4 238
110 126 5 3 43
109 112 4 2 18
62 49 9 3 125
62 61 1 5 167
48 49 4 4 200
75 74 1 2 5
77 78 8 4 502
80 79 6 1 6
92 90 3 6 2868
82 83 7 6 21568
83 91 10 1 5
91 90 9 5 4590
90 93 8 6 5820
93 94 10 1 4
85 84 4 1 7
84 86 7 2 16
84 87 8 1 13
86 87 7 6 7631
104 103 3 5 713
148 147 1 4 24
147 149 3 3 39
150 153 6 3 36
150 151 4 5 516
152 153 7 1 4
398 397 3 1 4
401 402 5 4 115
401 403 1 4 24
406 407 7 2 33
416 407 4 6 4831
413 434 4 1 5
413 414 9 1 6
433 434 10 7 107234
418 417 3 3 26
419 420 6 3 99
419 430 8 3 67
421 422 10 4 288
421 423 5 4 253
424 425 3 4 75
424 426 10 3 214
424 438 6 9 6097214
438 437 4 1 5
437 439 9 2 25
454 453 2 3 23
454 435 4 1 5
453 455 7 4 247
455 460 5 3 58
435 436 9 1 8
460 463 3 7 15023
463 462 10 2 31
461 462 6 2 21
461 464 2 2 5
464 466 1 2 4
466 467 8 1 10
452 451 5 4 148
452 440 8 3 109
451 459 9 1 5
459 473 6 5 826
440 441 6 5 766
473 472 5 4 174
442 443 6 4 275
448 444 3 7 115567
444 445 8 2 23
465 445 5 5 3261
465 468 3 5 370
468 469 5 4 255
469 470 6 1 4
470 471 2 4 152
447 446 8 2 36
450 449 1 2 5
458 457 5 1 7
476 474 10 1 12
476 477 7 3 47
474 475 2 6 2228
477 478 3 6 3094
479 480 6 4 355
284 177 4 1 7
391 291 5 1 4
397 161 10 2 33
376 187 5 1 5
322 42 5 6 4300
399 318 8 1 8
463 89 8 8 594431
343 194 7 4 220
437 265 6 4 414
239 53 4 2 20
411 475 2 5 467
21 372 4 4 146
508 449 1 2 4
24 51 1 2 5
54 280 4 9 4803022
261 73 3 1 4
2 307 10 1 7
476 36 7 1 4
374 231 7 1 8
483 72 6 5 688
188 248 3 2 7
326 346 7 2 32
458 449 7 9 8246414
435 58 2 4 150
225 130 6 1 6
484 174 8 2 24
322 33 4 1 4
369 191 7 2 22
330 20 7 1 4
324 21 7 1 9
18 385 1 4 33
252 297 5 4 197
7 178 1 3 10
30 43 2 4 136
397 191 6 3 58
450 80 6 5 3406
458 335 7 1 8
171 48 7 1 4
485 267 7 2 13
104 136 5 1 4
47 507 10 1 4
302 429 1 7 38397
424 132 7 3 42
55 69 4 5 964
81 28 2 3 35
346 114 7 3 99
84 284 4 3 22
57 44 10 2 42
112 358 5 1 5
103 252 9 5 1282
202 401 8 6 13963
106 343 3 9 2257634
297 285 6 2 15
47 27 1 2 5
391 38 4 7 83591
292 297 9 5 4937
292 334 9 1 5
149 56 1 5 179
56 464 8 1 4
252 487 1 6 1571
491 427 8 2 24
112 439 4 3 54
62 365 9 5 1559
315 75 10 2 30
445 373 9 1 7
373 228 4 1 7
459 103 5 5 1016
5 34 1 3 11
357 412 5 3 49
195 208 8 1 5
362 282 1 2 4
282 132 3 6 7450
292 358 9 2 18
130 16 1 2 5
354 48 3 2 6
329 398 1 8 92088
107 143 4 3 60
302 8 1 5 325
437 468 2 2 5
391 24 4 1 4
70 453 3 3 17
428 250 8 2 36
427 93 1 3 10
235 500 1 3 21
476 259 9 1 5
140 144 8 3 73
373 167 5 4 459
413 463 5 3 51
100 419 2 3 41
67 49 8 4 541
148 127 6 3 74
227 117 9 2 17
147 283 1 7 11534
464 193 5 4 432
281 305 9 1 5
168 300 7 2 20
456 265 1 2 4
74 34 4 2 14
228 497 3 4 102
84 178 10 2 45
47 339 10 2 18
137 364 2 7 12374
419 487 6 4 212
497 260 9 2 38
432 171 2 4 88
104 329 9 2 33
16 90 10 3 123
14 244 6 1 6
56 483 8 2 20
175 2 1 5 483
151 442 10 3 208
372 443 6 1 6
460 285 9 3 118
372 171 9 1 5
267 357 7 2 28
336 274 3 2 6
235 63 8 2 15
279 71 4 3 28
251 475 9 5 3682
440 88 8 1 9
169 453 5 3 37
172 264 2 2 7
51 471 3 2 6
503 172 10 3 69
175 199 2 2 7
230 291 4 6 7819
16 205 6 1 4
339 82 10 8 569955
449 137 2 2 4
119 372 10 1 17
499 126 6 2 13
485 290 9 1 11
181 127 3 1 4
505 298 2 4 76
290 489 3 1 4
34 249 2 5 697
179 277 9 5 4055
440 73 9 4 744
343 395 8 1 8
87 478 10 4 424
316 6 4 2 18
307 144 1 6 1669
308 435 8 1 4
233 510 6 5 731
126 354 4 3 29
272 162 10 3 166
135 122 7 2 30
365 389 8 6 6928
235 479 5 3 83
125 110 8 3 55
289 302 7 2 14
13 387 4 1 6
345 228 4 2 17
10 105 9 3 82
311 286 6 5 1807
126 229 2 2 9
286 221 1 3 12
171 11 6 2 17
172 342 7 3 104
245 407 4 1 6
63 188 2 2 4
253 232 7 2 20
435 104 3 1 4
87 138 10 3 72
30 432 10 5 2902
476 53 4 3 49
107 103 2 3 27
409 12 10 1 4
344 183 3 4 244
440 85 8 2 22
210 133 9 3 173
45 192 3 3 26
352 234 5 4 205
354 440 3 4 306
28 170 7 3 103
281 2 8 3 49
361 251 9 5 2256
35 364 4 3 29
433 81 6 1 5
281 159 7 1 12
495 148 4 5 638
316 239 4 3 50
143 130 2 3 24
26 136 2 3 29
424 419 9 5 1531
395 202 10 2 24
136 352 8 3 139
380 360 6 6 12362
146 72 6 1 7
424 450 5 1 4
147 425 8 1 9
451 285 1 9 473590
195 101 1 3 11
457 177 3 5 2027
81 208 2 2 10
182 200 8 5 944
436 509 4 3 77
29 18 10 1 6
149 453 9 3 48
330 473 2 2 5
73 53 10 5 1190
340 196 6 2 11
256 444 6 3 104
270 428 5 5 1382
407 87 8 5 2185
346 295 9 2 17
78 410 4 1 4
87 205 9 2 17
331 59 8 2 26
45 83 2 3 20
411 217 4 2 12
262 497 4 4 139
267 226 5 4 279
456 426 6 3 37
321 505 1 4 51
479 424 6 3 39
488 420 1 4 59
236 272 4 3 62
507 217 7 4 546
366 165 10 2 20
227 338 6 3 72
228 346 10 1 13
488 324 9 2 17
116 214 7 2 17
499 343 4 3 22
155 118 8 2 19
480 256 10 2 30
176 478 4 3 51
375 389 3 4 188
139 438 4 3 63
366 395 4 6 2833
42 36 3 4 173
470 372 9 4 669
127 490 1 4 31
407 209 8 3 89
455 68 2 3 11
222 99 9 2 28
351 55 4 1 4
418 87 1 4 36
254 89 3 6 2258
256 83 9 1 4
225 147 9 6 13681
73 89 4 2 21
376 270 10 2 43
415 507 6 1 6
414 382 4 5 850
319 321 6 4 520
257 29 5 1 4
312 374 6 1 4
43 150 9 1 5
82 423 6 1 4
226 280 5 3 46
125 299 7 4 295
202 220 9 2 30
290 116 1 4 31
130 118 9 2 29
358 76 6 3 34
243 500 5 10 138160259
163 155 7 7 100872
445 227 10 1 5
240 177 6 5 3959
299 246 9 2 44
347 136 2 2 4
211 323 4 5 923
318 227 4 1 5
174 222 7 5 4571
35 492 4 5 535
441 58 8 3 90
196 346 6 2 18
511 236 8 1 11
485 390 7 5 968
104 59 9 4 608
479 450 5 6 7012
138 5 8 3 58
37 172 5 3 27
138 363 7 2 20
242 4 3 5 1623
482 154 4 2 21
149 188 7 3 51
99 460 5 4 137
425 450 3 2 7
357 26 7 5 1752
161 115 1 8 191469
381 37 7 1 5
132 19 2 6 9800
187 142 1 5 454
491 238 9 3 58
159 315 7 4 318
210 320 5 1 4
412 304 3 3 46
455 221 1 3 15
206 67 2 2 4
49 231 1 3 9
148 56 7 1 4
418 274 8 3 145
101 374 2 5 799
262 368 2 6 5302
508 424 5 1 6
337 46 10 3 207
509 305 8 2 15
204 60 2 3 36
96 195 8 1 8
339 139 7 2 33
437 348 2 2 5
121 269 7 2 13
246 328 1 3 11
484 17 9 1 4
69 250 9 1 5
402 7 5 3 63
129 389 5 3 41
119 123 6 1 9
197 210 7 3 38
363 165 3 1 5
87 5 1 4 51
221 486 6 1 4
247 221 2 3 11
413 265 6 2 16
111 499 2 6 2070
448 258 5 5 854
49 166 2 2 8
110 115 2 3 20
26 425 6 3 103
72 204 9 4 222
315 355 4 2 21
189 99 3 2 12
509 155 1 7 6783
483 167 4 3 72
82 471 2 3 17
145 45 1 4 35
297 442 2 4 186
55 250 8 3 169
288 110 5 2 10
445 503 5 1 7
503 235 6 4 206
332 103 6 2 17
489 487 10 5 1192
127 123 3 4 72
358 357 6 2 14
330 332 1 3 12
501 372 10 4 284
253 133 8 1 9
78 174 10 4 494
337 445 10 2 49
85 334 6 1 9
498 277 3 1 4
210 80 9 1 9
42 223 2 2 4
168 27 8 5 1124
160 87 2 5 903
55 270 5 1 6
36 223 2 3 15
314 10 7 4 228
410 213 1 5 460
484 485 4 1 5
309 28 5 1 4
10 219 10 1 4
69 297 4 9 10949899
18 402 4 1 4
457 206 9 2 22
319 504 9 1 7
401 246 6 1 4
422 501 10 1 14
26 11 6 4 394
245 501 2 3 41
211 451 3 4 136
7 275 8 3 57
293 502 8 7 48406
340 55 10 1 5
385 449 3 1 5
474 142 3 3 20
186 407 5 1 4
116 149 2 3 13
83 372 2 3 28
228 281 10 1 6
265 65 10 1 9
230 241 6 2 12
435 123 2 4 109
288 386 10 5 2945
497 427 9 3 114
452 23 10 1 4
256 360 7 1 7
227 132 1 5 308
352 378 7 3 43
294 84 9 1 7
434 225 8 2 27
26 289 5 8 202892
415 461 2 2 4
231 103 4 2 20
58 371 10 4 314
109 176 7 2 34
445 329 1 5 311
255 165 2 3 15
219 451 5 1 7
162 205 1 2 4
491 62 1 2 4
7 308 7 1 12
18 332 10 1 11
76 390 5 3 71
197 166 1 3 6
235 507 8 2 24
116 328 4 2 9
197 207 8 1 10
109 115 2 4 148
412 293 3 1 4
350 270 6 3 75
112 330 4 1 4
94 410 3 3 32
244 108 4 3 45
430 322 5 4 122
38 287 10 3 202
413 145 4 2 8
132 195 9 5 1042
366 374 4 2 15
276 123 9 1 4
72 257 5 3 96
83 370 9 1 5
94 1 2 5 227
125 184 4 3 29
322 156 6 3 47
427 192 4 1 5
107 214 8 3 74
399 122 10 1 4
121 386 5 1 4
219 414 10 1 7
430 401 10 5 3807
363 468 10 2 39
209 498 6 3 100
481 116 3 6 9121
123 216 1 4 25
377 330 9 1 9
450 12 4 3 39
432 20 9 2 23
470 270 3 2 9
337 139 4 6 5593
301 389 7 3 99
135 200 2 4 165
159 50 10 3 61
359 397 3 3 46
33 149 6 1 4
136 288 7 1 4
413 16 3 4 170
463 182 8 1 8
198 105 2 3 39
49 140 10 5 1520
33 261 5 1 4
305 456 4 2 10
349 1 4 2 8
504 327 7 1 7
286 335 7 3 52
283 48 7 7 82328
60 394 4 1 4
227 316 10 3 95
436 460 4 3 31
88 61 6 3 86
100 508 10 3 126
477 260 2 5 587
153 235 3 3 31
315 224 6 6 4398
418 362 10 1 5
349 509 9 4 250
35 59 8 3 66
77 252 6 1 6
461 97 5 9 5239551
411 182 5 1 5
509 70 2 2 5
184 381 8 4 275
316 475 3 4 156
199 51 1 4 35
239 85 8 5 4492
495 137 4 2 15
178 75 8 2 17
49 269 10 3 97
473 106 10 3 153
276 111 8 3 55
441 332 2 2 7
205 450 2 5 267
65 173 9 1 5
154 383 3 2 10
63 404 9 1 7
171 161 4 5 766
118 224 7 1 9
435 190 4 1 4
108 470 7 1 6
463 209 10 1 4
147 93 3 10 20145204
120 408 1 3 8
370 455 9 3 50
238 401 6 3 63
376 455 2 3 33
468 266 3 3 32
282 469 6 2 15
200 118 1 4 77
239 435 9 2 27
29 477 1 7 13024
183 3 1 4 33
232 241 4 6 3557
160 491 10 1 7
384 176 6 4 275
303 407 9 5 5533
244 2 5 9 3936831
90 477 7 3 39
269 160 7 3 39
9 255 7 3 43
500 323 2 2 5
226 17 8 1 7
162 100 8 1 7
442 354 9 2 32
254 56 5 2 19
177 70 5 3 27
283 413 2 4 173
467 303 9 4 600
506 52 8 1 4
402 315 5 1 8
44 66 8 3 143
205 376 1 3 15
78 375 6 1 5
45 468 3 4 147
300 11 10 3 112
288 143 2 2 4
238 91 3 4 250
423 101 2 3 12
159 455 10 3 114
46 77 1 6 2826
438 456 2 3 15
168 438 7 3 93
228 205 9 1 4
60 109 5 4 117
97 31 4 3 42
56 135 1 2 4
215 138 4 1 3
305 446 5 4 258
195 390 6 3 63
181 508 3 2 15
511 454 5 6 12138
388 279 9 8 776166
13 343 9 3 60
132 121 7 1 6
420 165 9 4 278
279 398 10 1 9
334 466 2 3 17
76 96 8 5 4122
397 429 5 1 5
271 172 8 1 7
297 357 9 1 6
398 305 6 4 316
266 449 6 2 20
380 322 7 3 50
511 252 6 3 92
412 136 1 2 4
273 453 5 8 257694
440 111 6 5 1829
88 261 2 4 86
40 321 4 6 13061
221 370 7 2 19
200 348 3 4 73
141 425 9 3 160
461 442 10 4 222
496 325 10 3 216
504 467 3 4 84
148 320 9 2 16
274 53 2 3 28
133 312 6 2 28
166 318 9 4 876
326 491 8 3 147
131 60 2 2 4
336 448 7 2 13
392 136 9 1 9
64 75 2 4 222
211 433 8 1 4
405 393 8 4 195
415 14 7 2 24
475 69 9 3 65
125 335 6 1 4
481 214 7 6 20059
125 1 7 3 81
345 352 8 4 191
511 191 5 1 5
398 405 6 2 11
204 231 1 6 810
61 220 5 3 51
359 498 3 3 22
413 159 5 10 27476313
4 62 4 5 1957
458 351 1 3 14
218 325 1 3 13
184 488 4 5 1171
131 327 1 5 184
29 210 1 2 4
74 138 5 1 4
48 333 1 3 11
110 339 9 4 900
408 186 4 2 12
340 441 8 1 8
251 446 10 1 4
31 254 7 4 240
336 79 10 8 1025715
111 375 10 4 1005
199 351 8 6 10606
258 429 5 2 14
503 484 3 5 1465
152 452 5 1 7
247 166 10 3 127
460 442 8 5 4638
81 489 8 3 64
91 476 2 2 8
202 449 1 4 63
137 230 2 4 115
147 127 9 2 25
229 424 9 6 20580
462 27 7 1 7
387 140 7 3 131
322 160 3 6 9079
177 218 8 1 7
53 275 3 6 14211
268 37 3 2 13
330 88 1 5 476
107 462 8 3 93
508 252 10 4 634
343 78 5 3 52
385 88 6 3 115
403 66 9 1 7
424 490 6 6 8829
266 293 6 4 678
177 182 6 1 4
149 4 8 4 178
423 324 5 7 61851
504 180 10 1 4
457 115 1 4 23
493 85 9 1 4
257 240 9 1 11
470 36 1 2 4
179 507 2 4 118
473 504 1 2 4
125 304 2 3 15
363 434 2 4 55
175 87 5 4 352
183 464 4 2 8
186 482 2 6 3945
146 458 6 3 71
51 209 2 2 7
413 464 9 1 4
331 130 9 1 4
194 161 8 1 13
345 204 4 3 75
342 194 5 3 31
10 115 6 1 4
160 432 2 2 5
215 229 2 2 5
484 191 2 2 4
41 250 3 2 10
339 86 6 3 38
244 91 7 2 30
61 236 10 1 4
190 394 6 2 16
125 6 4 2 8
508 205 10 1 4
248 408 5 4 145
411 280 10 1 12
262 392 6 3 40
400 392 9 1 6
386 265 3 2 12
174 34 3 3 29
96 121 2 7 10121
263 96 6 1 5
410 447 10 1 10
306 460 9 1 7
191 279 1 2 5
35 83 10 1 6
192 242 7 1 5
369 247 10 2 32
350 153 5 5 3246
479 274 1 2 4
26 418 2 5 349
301 269 5 4 172
390 181 7 3 59
316 65 8 3 160
85 146 8 3 46
356 361 3 2 10
241 163 4 6 3641
284 239 2 2 4
364 384 8 1 9
70 284 1 3 8
248 479 10 6 12237
483 142 8 5 998
38 189 8 3 82
407 298 9 1 15
285 240 6 1 6
22 131 6 3 36
427 98 8 4 285
293 274 6 4 613
119 489 3 4 155
332 489 2 3 14
283 245 1 2 4
358 491 6 2 17
283 272 1 5 474
162 72 9 1 4
207 259 5 6 12990
246 89 3 4 245
359 59 5 2 14
71 492 5 4 132
39 234 1 5 378
297 212 6 4 161
256 326 6 3 104
400 423 9 2 27
418 165 7 4 201
461 334 3 4 74
451 500 6 7 206969
63 480 6 5 1086
276 339 1 3 7
141 172 10 2 18
299 64 1 6 1025
93 402 2 6 2126
90 165 1 2 4
433 169 6 3 52
445 468 1 2 4
367 36 8 3 60
375 508 1 3 7
225 288 5 1 5
82 296 3 4 91
156 481 1 5 159
366 8 1 6 1425
100 420 7 6 32994
264 109 3 3 21
92 14 2 2 8
134 35 2 6 1439
414 441 1 3 19
187 57 6 2 19
42 133 4 5 1489
473 266 10 1 17
458 119 6 1 5
192 360 4 4 198
94 81 10 6 7164
216 13 9 4 546
76 173 8 2 28
120 454 1 2 4
343 60 1 2 4
192 460 6 6 12501
184 465 4 5 993
69 61 3 3 16
487 247 6 10 6524348500
266 308 1 3 17
423 257 10 1 4
421 192 1 6 1437
143 98 10 3 84
89 380 6 1 10
228 398 4 3 23
312 208 6 3 35
51 506 8 7 240326
373 53 1 3 18
494 121 8 3 155
329 228 5 3 83
86 229 7 2 34
476 119 6 3 76
76 148 9 2 46
58 21 5 2 13
443 33 7 3 67
233 353 5 2 15
141 25 4 3 80
195 58 8 1 6
287 178 1 4 49
181 421 1 6 1360
419 33 8 1 5
386 116 3 5 468
163 39 7 4 167
185 33 1 4 27
185 471 4 4 214
186 5 3 5 752
452 308 4 1 4
382 35 6 1 4
172 211 2 3 11
260 59 7 1 5
333 111 6 4 201
57 59 7 1 4
202 115 5 2 11
141 195 7 4 391
510 426 6 1 7
444 365 5 4 181
39 406 10 4 230
115 421 7 4 559
317 45 6 2 11
161 54 8 1 4
459 283 8 1 9
299 249 4 1 4
3 507 6 4 266
229 428 6 3 85
29 73 5 5 1145
330 30 9 3 57
398 118 4 3 64
223 402 5 1 4
158 29 1 3 16
235 346 6 4 439
361 212 10 1 9
112 326 3 5 391
345 235 1 6 1078
358 223 7 6 17779
86 283 4 3 80
467 161 9 6 21861
473 223 7 1 4
29 209 6 4 211
376 243 10 2 22
72 50 3 5 561
349 439 7 3 45
308 170 9 2 30
140 271 4 3 23
279 3 6 3 95
207 34 9 2 24
32 332 7 4 432
149 170 7 2 20
183 54 1 5 292
325 171 9 4 888
91 163 9 1 4
40 473 8 1 4
363 384 10 2 24
268 451 5 3 27
399 15 8 1 4
356 368 3 3 22
486 70 10 5 1391
105 340 10 5 1944
435 24 6 4 143
508 242 9 1 12
417 254 9 1 4
386 441 3 1 4
89 423 3 4 224
390 24 4 8 820367
504 122 10 1 5
186 208 10 3 69
70 485 7 5 2186
165 337 6 2 11
18 30 5 2 26
169 36 10 6 18874
212 392 6 3 91
248 453 9 2 40
169 310 2 3 16
495 378 5 2 9
241 469 5 1 7
179 231 7 6 7567
119 322 7 2 19
411 311 6 3 90
227 258 7 4 340
160 45 8 1 5
463 202 4 2 17
208 153 5 5 1826
140 420 6 1 6
198 185 10 2 30
154 510 5 1 5
314 121 4 4 123
251 401 6 3 58
100 409 8 3 136
112 412 3 3 31
28 505 3 1 4
296 137 6 1 5
495 323 1 8 68235
43 180 2 8 83852
159 171 8 5 968
109 281 4 1 4
232 145 8 2 22
381 27 7 3 57
140 401 5 5 591
103 320 6 2 19
86 459 9 4 648
489 382 7 5 1566
185 52 9 1 5
127 172 8 1 4
456 357 1 4 33
355 326 9 6 15527
9 219 4 4 199
160 508 3 7 43907
303 177 8 4 293
463 456 5 5 1126
163 224 9 3 92
233 28 3 6 2781
142 354 8 3 144
269 336 6 4 262
258 44 6 4 286
341 396 8 1 13
436 81 3 4 76
232 130 5 3 44
60 340 1 4 27
145 318 9 1 4
487 498 4 1 4
165 470 1 6 3927
123 193 4 2 20
128 495 6 1 4
465 349 7 5 1338
146 365 9 2 39
425 335 2 2 4
425 197 1 3 7
9 241 1 7 28544
128 424 5 4 140
140 125 2 4 69
143 503 4 2 15
109 200 6 5 1477
100 10 8 4 709
358 496 10 4 251
42 454 8 4 559
463 107 6 3 40
239 177 10 3 67
511 267 8 4 396
498 163 3 3 24
281 392 10 5 1140
436 508 2 5 596
270 121 8 2 18
289 495 9 4 385
327 260 4 6 2852
288 510 4 1 4
13 86 2 2 4
484 104 1 3 9
76 320 7 2 23
34 270 2 3 38
417 262 5 1 4
339 117 9 5 1585
310 380 6 2 14
112 259 3 4 76
26 406 4 4 283
255 223 10 5 3013
45 291 7 2 20
225 344 7 1 4
440 106 7 1 11
143 484 4 4 153
354 419 8 2 34
419 206 1 7 5159
119 339 3 4 134
226 436 9 1 4
439 497 6 5 3413
194 26 10 2 22
100 262 2 3 17
77 56 1 4 25
391 338 2 4 125
197 35 3 1 4
505 417 5 2 15
508 260 1 6 1474
134 480 4 2 20
209 492 8 1 11
463 286 2 7 39962
121 55 8 4 404
94 58 9 4 424
174 474 6 1 7
131 54 3 4 111
164 145 9 1 9
288 487 2 2 4
310 363 8 4 638
79 402 9 1 4
178 332 3 6 2956
3 218 5 3 49
70 382 7 6 13138
331 321 6 1 5
357 509 4 1 5
187 274 5 4 117
179 105 2 9 2115791
292 415 10 1 4
153 385 2 4 54
98 383 2 3 14
250 191 7 1 10
80 417 4 4 102
165 178 8 1 4
296 247 7 2 17
66 366 1 2 4
185 205 10 3 89
39 301 5 2 12
495 509 7 4 694
324 396 4 3 37
484 215 1 4 85
461 40 8 2 22
468 365 5 2 21
421 91 10 2 28
478 225 10 1 16
259 305 6 1 6
64 82 8 2 42
357 475 8 2 26
89 270 6 2 12
296 90 8 4 638
428 311 7 3 142
473 126 2 3 11
348 165 7 1 6
245 192 4 5 1081
53 264 4 4 98
252 453 7 5 1055
13 167 10 7 143279
245 367 1 3 14
65 488 1 8 41062
178 501 4 3 34
55 321 8 4 639
217 504 1 4 65
280 176 2 4 168
472 426 1 2 5
260 434 7 2 18
54 13 5 4 480
118 10 4 2 20
164 315 7 1 4
203 425 5 1 6
460 428 7 1 7
106 164 8 4 272
342 261 9 2 33
343 26 5 1 4
188 194 6 3 45
501 128 2 3 12
265 301 6 1 6
106 340 3 3 43
449 100 1 3 9
25 280 4 3 35
