6718 1.8555786074347935e-10 
1326 1.2166000810942545e-09 
9992 1.4974896769652524e-09 
930 3.2908424496720656e-09 
1432 2.109355265976498e-09 
6079 8.534475757842827e-07 
9381 2.1702399408823903e-09 
7533 1.2041222186010003e-10 
4404 1.5813791942598243e-10 
6649 6.126651208322037e-08 
3941 5.709261171465974e-10 
5417 7.409737589128551e-10 
3011 4.810786838338466e-10 
4088 6.897231445766698e-08 
4028 1.162082232525341e-09 
1927 6.992642576086894e-11 
2603 5.475293836159842e-09 
4089 9.984525706219216e-11 
4811 6.854564712924574e-09 
7960 1.4104169525006038e-09 
6479 2.913225216616411e-13 
1795 4.707588292709314e-09 
4047 3.103985156078853e-07 
4644 9.152610333220051e-05 
8993 2.600825110832261e-11 
6215 5.71426230703935e-09 
4495 3.935518577691255e-12 
5349 1.3510227511379092e-09 
2988 1.2406539363560287e-09 
3501 3.925711932958875e-08 
8615 1.0443618730232584e-09 
41 5.9203973225632756e-09 
8321 1.517309771315728e-09 
7356 1.042240669636707e-09 
6295 2.5140540656980008e-08 
2956 7.155480504991707e-10 
861 1.1983802535378563e-09 
1566 1.2502420305635087e-09 
1151 5.368670889793759e-10 
3076 5.751296440394821e-09 
