1 2 7 7 150747
1 47 6 4 206
2 31 4 5 1019
2 35 3 3 16
2 406 1 6 1557
3 4 5 6 3700
3 5 9 6 6594
3 26 3 3 29
5 57 9 4 566
15 16 1 9 490970
15 36 1 5 623
16 25 4 6 12647
17 18 10 7 50866
17 36 2 7 15787
18 33 5 3 41
19 20 1 6 2463
19 21 4 4 355
20 142 5 4 332
20 148 6 5 2404
21 22 8 7 61292
22 23 2 6 2910
23 24 7 4 252
24 25 5 4 139
24 28 4 5 723
26 27 1 6 1300
27 29 2 5 476
27 30 5 7 116687
28 29 10 5 1194
31 33 6 3 61
32 33 7 4 373
32 34 10 6 8285
32 69 8 5 3422
34 35 5 5 2413
34 73 10 6 10282
36 37 8 4 836
36 75 7 7 40124
37 52 10 4 593
37 43 8 5 1052
46 47 5 5 841
47 448 4 2 21
52 67 9 7 78418
53 54 2 5 271
53 59 7 6 12237
53 418 6 3 36
54 163 2 8 179137
55 56 10 3 156
55 59 4 6 4688
56 57 9 7 51845
56 66 8 6 8122
58 59 9 3 188
58 60 8 4 699
58 199 10 4 317
58 458 10 1 14
60 63 3 5 625
63 225 8 3 67
64 65 3 8 186217
64 66 1 6 1719
65 67 7 6 14733
69 70 3 5 474
70 71 6 3 94
71 101 3 6 3924
72 73 2 5 420
72 101 9 5 1623
73 76 10 6 30128
73 77 4 3 47
96 97 10 4 536
96 111 2 5 768
97 101 7 4 248
98 99 9 6 6834
98 100 2 5 487
99 138 3 6 3958
100 116 9 7 285115
105 106 7 5 4528
105 111 9 5 1664
106 107 1 10 15145249
107 108 10 2 18
111 114 8 8 573406
113 114 6 10 40625584
113 116 9 5 1153
115 116 6 3 63
115 409 6 2 15
118 119 1 4 37
119 138 3 2 9
120 121 2 6 3123
120 122 6 4 649
120 304 10 4 738
121 296 9 4 746
122 123 1 6 1077
122 124 9 4 251
124 125 10 5 1689
134 135 4 5 1777
134 332 5 4 452
135 136 10 3 88
135 137 3 8 148395
137 139 6 4 513
139 140 2 5 1093
139 141 2 5 723
139 399 6 4 492
141 400 4 9 1856368
154 155 3 5 774
154 156 3 7 39723
154 172 5 6 3706
155 168 4 6 13689
156 157 4 5 840
156 171 6 5 3712
157 158 1 4 71
158 159 3 4 93
158 177 5 4 178
159 160 8 3 146
159 161 9 5 2709
159 196 1 5 310
161 162 6 4 140
161 197 2 6 4124
163 164 7 4 462
164 165 10 4 326
165 166 6 6 4325
165 104 8 7 83594
166 167 9 3 145
167 168 7 4 231
169 170 3 5 937
169 171 9 6 25382
169 174 4 4 257
170 172 9 2 17
170 173 8 3 132
170 419 3 4 210
171 178 6 5 2095
173 174 8 4 206
174 179 6 3 48
175 176 10 5 3479
176 214 5 5 1833
177 178 1 6 4338
177 191 10 4 315
178 421 9 3 147
179 192 9 2 45
180 181 8 3 146
180 208 3 8 152050
181 192 9 4 286
182 183 3 4 244
182 184 1 7 14229
184 185 4 8 361749
184 208 10 1 17
185 186 7 4 426
185 207 3 3 34
186 187 2 5 249
186 230 8 6 20740
187 188 5 7 124530
187 193 10 4 1062
188 189 1 8 95713
188 191 10 2 49
189 190 4 6 5088
189 191 9 5 3567
193 194 2 7 36053
193 217 1 5 173
194 195 10 5 3334
194 217 4 6 5431
195 196 1 8 82083
195 216 6 5 3395
196 197 4 6 5285
196 476 10 1 16
197 216 9 5 2905
198 199 6 2 18
198 221 10 3 145
199 200 10 5 4770
200 10 1 5 170
201 202 6 2 22
201 203 1 5 235
201 351 1 5 627
202 213 3 5 866
203 204 7 6 32377
203 205 9 3 56
205 206 4 8 362448
205 231 3 5 569
205 360 7 7 187180
206 207 3 4 96
206 232 10 3 142
207 233 4 4 268
208 209 9 4 690
210 211 5 6 8428
210 212 3 6 2120
211 215 10 5 2254
212 213 8 7 40419
212 342 8 2 32
213 340 9 5 1355
214 215 7 1 11
216 219 3 6 9272
217 218 4 4 257
218 222 7 5 1272
219 220 8 4 358
220 221 1 7 5894
220 222 9 3 173
222 226 5 7 190475
223 224 4 4 376
223 225 10 5 5113
223 7 10 4 543
224 229 3 7 17005
227 228 5 3 58
227 229 6 6 4311
227 272 7 8 432329
228 230 1 5 176
229 401 8 4 486
231 281 9 4 392
232 265 6 7 136348
233 264 10 4 606
233 150 9 3 153
234 235 9 6 11042
234 278 6 3 34
236 237 1 6 2262
236 280 1 5 249
237 238 2 7 25119
237 239 1 5 132
239 240 8 6 31428
240 241 7 3 129
241 243 2 5 1060
241 442 3 5 616
242 243 9 3 146
242 244 10 4 474
242 314 5 5 2434
242 80 1 6 2108
243 293 1 6 888
244 247 10 5 1549
245 246 3 6 5060
245 247 8 3 126
247 248 8 5 4889
248 249 1 5 416
249 250 8 5 1564
249 312 1 7 26396
250 251 6 4 589
250 321 1 5 682
251 252 3 6 2400
252 253 9 3 171
252 327 3 7 41121
252 301 9 5 3309
253 254 5 5 3364
253 277 7 7 55069
253 266 6 4 167
254 255 6 6 8133
254 256 7 6 7279
256 257 1 8 80634
257 258 3 3 60
257 259 10 3 79
260 261 8 6 13421
260 262 7 6 14407
260 263 8 4 195
263 264 1 6 4045
263 479 3 3 23
266 267 4 5 1237
267 268 9 7 101126
267 299 2 6 1969
268 269 9 3 63
269 270 3 6 7156
269 294 6 6 8992
270 271 4 7 61461
271 295 4 5 781
271 133 7 4 389
272 273 6 5 3013
272 274 2 4 73
274 275 4 5 2360
275 276 5 4 492
275 277 1 6 2403
275 291 2 7 17710
278 279 8 7 67452
278 282 3 4 299
279 280 1 4 86
280 287 8 5 3291
281 289 6 4 181
282 288 9 8 742958
283 284 7 5 953
283 285 9 6 7564
283 305 4 6 6950
284 290 1 6 1061
284 365 10 5 4440
285 286 1 6 3488
285 306 5 6 4290
286 287 10 4 968
286 306 6 2 14
286 452 4 4 347
287 293 6 7 30468
288 289 10 6 35999
289 290 6 7 53555
291 292 2 6 8280
297 298 6 6 15189
297 454 3 8 162542
298 299 10 4 977
300 301 10 6 44160
300 302 6 3 115
302 303 6 3 50
302 304 2 5 444
302 330 9 6 18899
305 306 8 5 2869
305 308 5 4 153
306 308 1 5 491
307 308 4 6 7727
307 309 1 7 8474
309 310 3 3 43
309 338 6 5 841
309 379 2 6 1945
310 311 2 8 80280
310 85 1 7 6222
311 312 9 4 760
313 314 8 6 17387
315 316 4 3 44
315 317 7 2 20
315 499 4 4 165
316 334 5 6 16099
316 398 1 6 4003
317 318 5 4 543
317 503 10 5 1321
318 319 9 4 242
318 502 10 5 2109
318 510 1 7 19246
319 320 5 5 1726
320 333 6 10 40338904
321 322 5 6 3748
322 323 5 5 1198
322 325 2 7 68399
322 333 10 5 1524
323 324 4 4 348
325 326 9 5 5692
326 328 3 5 1527
327 328 10 3 162
328 329 7 5 1012
328 495 8 4 887
329 330 2 4 216
329 331 7 2 28
331 332 7 6 14267
331 489 6 4 192
332 481 6 6 21409
333 493 10 5 1354
334 335 1 5 198
336 337 5 5 1207
336 500 3 6 7841
337 338 7 4 529
337 382 2 6 3985
338 339 5 4 132
338 377 2 6 3371
340 341 10 2 52
340 349 1 8 178593
340 354 10 6 20883
341 343 8 4 314
342 343 8 7 46410
344 345 1 5 452
344 346 5 5 1502
344 385 3 6 8887
346 347 5 7 27549
347 348 9 5 5725
347 387 4 5 583
348 349 3 3 31
348 386 7 4 290
350 351 10 6 8924
350 359 10 5 1933
350 13 5 6 7633
351 352 4 5 1148
352 353 8 1 5
352 356 7 7 159653
353 354 4 5 667
354 355 10 5 3754
355 356 4 5 1014
356 357 10 1 15
358 359 9 4 618
358 361 3 7 47836
358 362 7 9 3639936
358 360 7 3 100
358 92 2 5 290
360 413 2 4 175
361 388 2 5 279
362 367 9 7 102896
363 364 4 4 222
363 365 5 4 233
363 370 2 5 425
364 395 3 4 96
365 366 1 6 1123
365 371 3 9 1761945
366 144 9 2 39
367 368 6 5 1050
367 369 9 6 9304
370 380 1 6 4449
371 372 8 7 85804
371 373 2 7 17958
371 374 7 5 2631
375 376 8 4 648
375 383 5 6 8258
376 384 3 4 240
377 378 2 5 274
377 381 4 6 11210
378 384 8 7 56908
381 383 5 5 822
382 496 9 4 892
383 384 4 1 6
388 389 9 9 4573767
388 392 4 3 25
389 390 7 7 61006
390 391 9 5 2760
392 393 7 7 74545
392 394 2 7 9876
395 396 3 3 48
399 411 4 4 371
400 405 10 3 150
404 405 9 5 1078
404 412 9 2 42
405 89 9 4 734
408 409 4 7 61308
411 412 3 5 424
411 415 10 5 1786
411 482 10 5 2096
412 415 3 4 253
415 427 10 3 79
415 487 8 7 62404
427 428 5 5 2557
427 431 10 4 440
427 487 9 4 834
427 424 5 8 595308
428 429 1 7 16098
428 432 4 4 193
481 482 1 6 2080
482 488 5 7 54633
483 484 2 5 1014
483 485 7 6 8009
484 492 8 6 15080
485 486 2 6 7516
486 487 8 3 70
489 490 10 5 2873
490 491 9 5 1859
490 492 6 8 679902
493 508 10 2 22
494 495 3 5 600
494 507 1 6 2367
496 497 7 4 343
496 62 6 4 267
497 498 7 7 189581
497 499 2 5 505
499 501 8 5 1117
501 447 8 2 19
502 511 10 2 51
503 450 1 6 1207
504 505 1 6 2366
504 506 6 5 1025
505 508 8 5 5433
505 509 5 6 7359
506 507 8 5 3163
509 510 7 7 63582
509 511 5 6 4360
7 8 2 9 5092594
7 6 2 10 23543495
10 9 1 5 169
10 11 4 5 2372
13 12 6 4 568
12 14 2 7 24005
144 38 3 8 256612
144 145 5 6 6470
38 39 9 5 5804
89 68 1 5 363
89 88 2 6 2224
68 40 9 8 2223247
68 102 8 1 12
40 41 10 4 379
40 81 4 8 458688
102 50 2 4 65
50 51 5 5 2812
41 95 8 4 183
81 146 7 6 18278
95 456 10 1 15
95 143 10 4 677
95 146 2 4 68
146 410 3 7 17148
43 42 2 5 286
133 130 9 6 16128
128 117 4 7 94306
128 132 1 8 77988
117 129 7 5 4013
117 110 3 5 683
132 130 4 8 243757
129 127 6 5 1536
127 44 5 6 9066
130 131 5 5 1694
44 45 8 7 139909
110 109 6 7 134637
110 126 9 4 650
109 112 4 7 131712
62 49 3 4 84
62 61 6 5 4081
48 49 5 5 712
75 74 2 5 324
77 78 6 6 15171
80 79 9 8 801120
92 90 10 3 146
82 83 10 2 27
83 91 2 1 3
91 90 10 6 44004
90 93 6 7 48866
93 94 5 4 482
85 84 6 2 11
84 86 9 4 346
84 87 10 6 21458
86 87 4 6 7216
104 103 3 5 1587
148 147 3 5 1069
147 149 4 4 294
150 153 9 6 15286
150 151 3 5 352
152 153 1 6 1436
398 397 7 3 60
401 402 10 4 684
401 403 7 7 132648
406 407 10 3 130
416 407 9 8 416036
413 434 3 5 426
413 414 7 6 12451
433 434 10 5 2467
418 417 8 4 371
419 420 3 6 3090
419 430 2 5 409
421 422 10 5 2933
421 423 2 6 8590
424 425 1 7 13526
424 426 2 4 48
424 438 3 6 5673
438 437 5 5 2225
437 439 4 5 476
454 453 2 7 23626
454 435 1 7 17922
453 455 6 6 6663
455 460 2 6 2441
435 436 8 5 989
460 463 6 5 1100
463 462 5 3 79
461 462 3 8 297543
461 464 9 5 2664
464 466 9 2 31
466 467 10 3 86
452 451 9 4 678
452 440 8 3 138
451 459 9 3 146
459 473 7 4 337
440 441 9 3 51
473 472 8 4 335
442 443 2 7 13258
448 444 1 7 19659
444 445 2 4 68
465 445 2 5 288
465 468 5 4 449
468 469 2 7 12397
469 470 4 5 1632
470 471 6 5 1332
447 446 9 4 381
450 449 9 3 162
458 457 8 7 120895
476 474 8 5 3130
476 477 1 6 3105
474 475 8 4 450
477 478 9 4 269
479 480 5 8 556929
284 177 5 3 29
391 291 2 4 137
397 161 9 2 43
376 187 3 4 299
322 42 5 6 4923
399 318 9 4 399
463 89 4 4 363
343 194 7 3 91
437 265 3 3 43
239 53 5 5 2298
411 475 10 1 17
21 372 4 3 45
508 449 5 4 280
24 51 7 3 48
54 280 1 10 8157068
261 73 1 5 213
2 307 7 7 202171
476 36 5 4 111
374 231 6 3 102
483 72 1 3 12
188 248 7 3 40
326 346 5 5 2126
458 449 9 3 171
435 58 4 3 40
225 130 9 4 290
484 174 1 6 1290
322 33 2 6 1619
369 191 3 7 16361
330 20 9 1 12
324 21 8 7 109208
18 385 10 5 1597
252 297 4 6 7123
7 178 9 7 86416
30 43 7 5 4340
397 191 2 6 4228
450 80 5 6 12322
458 335 3 7 43678
171 48 7 6 30086
485 267 10 3 105
104 136 6 4 288
47 507 9 6 7218
302 429 3 5 1796
424 132 8 3 46
55 69 7 3 154
81 28 7 6 21064
346 114 8 4 811
84 284 2 9 2734169
57 44 8 6 19322
112 358 4 6 13785
103 252 4 4 101
202 401 6 5 682
106 343 10 7 241141
297 285 6 2 29
47 27 8 6 8505
391 38 8 5 1472
292 297 7 6 6124
292 334 1 5 229
149 56 2 7 53551
56 464 2 5 689
252 487 7 5 1049
491 427 4 6 5623
112 439 4 4 391
62 365 10 2 33
315 75 7 4 334
445 373 4 5 684
373 228 3 9 1405786
459 103 7 5 880
5 34 3 6 3076
357 412 1 5 264
195 208 7 5 1315
362 282 9 5 1605
282 132 9 5 3148
292 358 3 6 9044
130 16 2 5 473
354 48 8 4 532
329 398 5 3 49
107 143 6 7 33464
302 8 3 6 3417
437 468 8 3 90
391 24 10 6 8952
70 453 9 4 517
428 250 4 5 2624
427 93 10 5 1619
235 500 6 4 548
476 259 1 5 173
140 144 5 5 1377
373 167 5 3 69
413 463 10 6 9937
100 419 3 6 3996
67 49 6 4 140
148 127 3 7 20562
227 117 2 4 126
147 283 8 3 122
464 193 6 2 27
281 305 8 4 275
168 300 8 3 81
456 265 4 4 138
74 34 9 4 385
228 497 7 2 18
84 178 4 4 449
47 339 5 9 3634646
137 364 4 6 3213
419 487 2 6 1859
497 260 5 4 252
432 171 1 7 14053
104 329 6 5 2142
16 90 6 2 30
14 244 7 5 2226
56 483 8 4 238
175 2 8 5 4281
151 442 4 4 103
372 443 1 5 150
460 285 2 4 128
372 171 3 7 25800
267 357 6 4 611
336 274 3 4 205
235 63 5 2 22
279 71 9 5 4792
251 475 6 3 47
440 88 1 3 7
169 453 10 3 72
172 264 3 7 99553
51 471 2 7 15818
503 172 9 6 28985
175 199 2 6 2386
230 291 5 5 1325
16 205 2 10 61624763
339 82 5 3 66
449 137 10 3 213
119 372 6 4 592
499 126 1 6 2943
485 290 8 6 26559
181 127 10 3 135
505 298 10 4 958
290 489 4 2 17
34 249 9 5 2554
179 277 3 7 16323
440 73 5 4 307
343 395 7 4 706
87 478 7 6 11427
316 6 6 4 488
307 144 1 5 434
308 435 2 5 506
233 510 9 5 2203
126 354 6 4 190
272 162 7 6 12456
135 122 3 8 394078
365 389 6 4 308
235 479 10 4 666
125 110 1 6 4062
289 302 9 8 1309640
13 387 6 6 21821
345 228 10 3 141
10 105 6 6 7663
311 286 9 4 440
126 229 5 4 406
286 221 10 4 484
171 11 9 3 76
172 342 3 2 13
245 407 9 5 1284
63 188 3 4 72
253 232 1 4 53
435 104 1 7 23920
87 138 3 3 47
30 432 3 5 553
476 53 7 4 640
107 103 2 5 526
409 12 10 4 971
344 183 7 5 1941
440 85 4 7 43419
210 133 8 6 20331
45 192 6 8 1262255
352 234 10 4 241
354 440 4 7 48946
28 170 9 5 5810
281 2 4 5 673
361 251 10 5 3625
35 364 8 6 27067
433 81 6 4 267
281 159 9 2 35
495 148 8 4 425
316 239 3 4 281
143 130 3 5 1917
26 136 8 5 4697
424 419 9 5 1854
395 202 7 8 1929542
136 352 3 5 942
380 360 4 10 19015982
146 72 6 4 148
424 450 5 3 79
147 425 7 4 510
451 285 4 6 6113
195 101 3 6 9837
457 177 10 5 1243
81 208 4 6 5696
182 200 7 5 1058
436 509 4 8 319110
29 18 2 5 793
149 453 1 5 428
330 473 7 7 132918
73 53 4 2 14
340 196 7 5 3647
256 444 1 6 987
270 428 6 5 947
407 87 3 5 477
346 295 4 6 4936
78 410 8 3 171
87 205 6 6 7896
331 59 2 6 3491
45 83 8 2 32
411 217 9 4 493
262 497 1 7 6130
267 226 3 6 13763
456 426 4 7 43242
321 505 1 5 135
479 424 5 4 167
488 420 5 5 1534
236 272 6 5 3212
507 217 7 6 4950
366 165 9 3 108
227 338 2 4 214
228 346 5 6 7830
488 324 1 6 1280
116 214 9 4 224
499 343 3 5 430
155 118 10 4 448
480 256 7 3 85
176 478 5 6 3872
375 389 3 3 31
139 438 3 8 166779
366 395 1 6 2550
42 36 3 6 9739
470 372 5 3 57
127 490 4 5 830
407 209 2 7 61739
455 68 8 5 1243
222 99 3 4 156
351 55 3 3 21
418 87 7 9 3252194
254 89 5 3 58
256 83 1 6 4245
225 147 10 4 409
73 89 6 4 267
376 270 4 3 34
415 507 1 6 760
414 382 6 8 359332
319 321 8 3 82
257 29 2 4 156
312 374 6 5 1009
43 150 6 5 3477
82 423 6 2 23
226 280 4 6 10740
125 299 7 2 28
202 220 1 3 17
290 116 2 9 3476285
130 118 9 5 1269
358 76 7 1 11
243 500 9 6 17466
163 155 6 4 438
445 227 1 5 118
240 177 2 4 158
299 246 2 5 415
347 136 7 5 886
211 323 1 5 132
318 227 9 5 3576
174 222 3 5 922
35 492 8 4 855
441 58 1 5 212
196 346 1 8 185516
511 236 2 8 421840
485 390 5 4 537
104 59 1 6 2444
479 450 5 2 13
138 5 5 4 146
37 172 2 4 81
138 363 4 5 543
242 4 4 8 184276
482 154 1 7 10467
149 188 6 4 495
99 460 3 6 3324
425 450 1 7 18295
357 26 6 4 284
161 115 7 7 41592
381 37 6 5 998
132 19 3 5 578
187 142 10 4 822
491 238 2 6 2781
159 315 9 5 1946
210 320 2 5 1297
412 304 5 4 328
455 221 10 6 15211
206 67 4 4 151
49 231 7 6 11314
148 56 9 5 2856
418 274 10 3 55
101 374 10 5 2696
262 368 4 6 14064
508 424 10 8 1609959
337 46 4 6 8521
509 305 5 5 769
204 60 2 4 65
96 195 1 3 12
339 139 6 2 14
437 348 2 6 4232
121 269 6 4 563
246 328 1 6 1025
484 17 6 5 808
69 250 10 4 427
402 7 9 6 14831
129 389 10 2 24
119 123 5 5 2541
197 210 6 5 2884
363 165 3 5 1048
87 5 3 6 5015
221 486 10 7 169152
247 221 8 2 29
413 265 3 3 25
111 499 8 6 33507
448 258 1 6 3388
49 166 3 3 40
110 115 5 5 2381
26 425 7 5 1781
72 204 10 7 64475
315 355 8 3 137
189 99 7 6 11323
509 155 1 8 92381
483 167 7 5 2949
82 471 9 6 13896
145 45 4 3 39
297 442 8 6 38369
55 250 1 5 640
288 110 3 5 847
445 503 5 4 448
503 235 2 3 12
332 103 9 6 15516
489 487 1 6 745
127 123 8 5 1905
358 357 2 7 12914
330 332 1 5 133
501 372 10 6 15210
253 133 1 8 210513
78 174 7 4 673
337 445 4 8 220194
85 334 8 5 1947
498 277 4 5 982
210 80 9 5 4034
42 223 8 4 566
168 27 9 4 324
160 87 5 5 1386
55 270 1 5 483
36 223 5 4 241
314 10 8 7 127288
410 213 10 3 192
484 485 4 7 25637
309 28 7 7 41819
10 219 7 4 204
69 297 7 6 6922
18 402 2 4 163
457 206 5 4 391
319 504 2 9 2162188
401 246 10 4 666
422 501 3 5 646
26 11 10 1 8
245 501 7 3 40
211 451 10 9 5560367
7 275 9 5 1268
293 502 7 4 262
340 55 3 6 5730
385 449 5 7 113499
474 142 2 5 584
186 407 3 8 876043
116 149 3 3 57
83 372 5 6 17995
228 281 1 5 303
265 65 10 6 7333
230 241 4 7 100215
435 123 7 4 450
288 386 8 6 9787
497 427 5 5 574
452 23 3 5 1616
256 360 2 4 112
227 132 1 6 2463
352 378 2 3 18
294 84 8 6 30951
434 225 5 4 176
26 289 5 5 626
415 461 4 2 20
231 103 2 9 913867
58 371 2 7 25325
109 176 3 4 210
445 329 8 6 7542
255 165 9 7 124969
219 451 6 3 45
162 205 2 3 13
491 62 6 5 1780
7 308 3 5 1330
18 332 4 3 26
76 390 10 6 15607
197 166 1 7 6198
235 507 3 6 8707
116 328 6 6 20846
197 207 2 6 8085
109 115 2 4 223
412 293 6 3 84
350 270 10 5 3542
112 330 3 6 14719
94 410 6 8 250914
244 108 3 4 249
430 322 2 5 1012
38 287 9 9 6440011
413 145 1 4 54
132 195 10 7 80450
366 374 2 6 3995
276 123 5 5 829
72 257 6 8 580438
83 370 5 2 21
94 1 8 6 13630
125 184 1 7 28645
322 156 1 5 193
427 192 3 6 3538
107 214 2 3 42
399 122 2 8 542928
121 386 2 5 382
219 414 4 5 457
430 401 8 2 40
363 468 3 5 677
209 498 10 5 1671
481 116 8 7 86728
123 216 3 7 74532
377 330 7 1 6
450 12 6 3 70
432 20 6 5 3756
470 270 4 4 316
337 139 5 8 461577
301 389 7 5 1924
135 200 1 5 127
159 50 7 2 31
359 397 8 4 372
33 149 6 2 12
136 288 9 4 356
413 16 5 7 73243
463 182 10 2 27
198 105 8 5 2612
49 140 6 4 402
33 261 7 3 90
305 456 3 5 662
349 1 5 7 178694
504 327 1 4 31
286 335 10 7 111090
283 48 6 5 2088
60 394 8 5 1493
227 316 10 5 6284
436 460 10 2 34
88 61 4 6 3656
100 508 7 8 2058963
477 260 5 3 53
153 235 7 5 3711
315 224 10 3 95
418 362 2 6 3424
349 509 9 7 59271
35 59 6 6 10962
77 252 7 5 4033
461 97 6 5 1393
411 182 1 5 427
509 70 3 7 67893
184 381 2 6 1610
316 475 7 6 26283
199 51 3 6 4379
239 85 1 6 1900
495 137 1 4 46
178 75 2 6 1900
49 269 5 6 7419
473 106 5 3 92
276 111 8 6 31087
441 332 9 4 349
205 450 6 4 228
65 173 1 6 1075
154 383 7 4 241
63 404 3 5 876
171 161 9 2 30
118 224 6 4 166
435 190 6 4 330
108 470 1 7 6182
463 209 9 7 105943
147 93 5 6 6229
120 408 9 2 20
370 455 10 4 434
238 401 8 3 56
376 455 8 4 185
468 266 1 6 1049
282 469 7 5 2527
200 118 1 7 23647
239 435 7 5 2760
29 477 9 4 414
183 3 8 6 20576
232 241 4 7 20658
160 491 7 6 22487
384 176 9 5 3793
303 407 10 3 80
244 2 8 4 642
90 477 9 6 10666
269 160 5 3 103
9 255 5 6 4586
500 323 8 6 30096
226 17 8 6 23179
162 100 3 4 84
442 354 8 5 5339
254 56 6 6 10927
177 70 9 5 1856
283 413 6 4 205
467 303 8 4 460
506 52 3 5 423
402 315 10 4 834
44 66 9 5 1984
205 376 2 6 2480
78 375 10 3 154
45 468 4 4 400
300 11 8 3 118
288 143 9 5 2089
238 91 8 5 1277
423 101 5 6 12745
159 455 1 8 53242
46 77 6 6 4796
438 456 5 3 53
168 438 4 6 3283
228 205 3 3 34
60 109 3 7 71268
97 31 7 3 47
56 135 7 8 463562
215 138 5 4 370
305 446 9 1 4
195 390 10 3 65
181 508 2 8 116855
511 454 6 4 263
388 279 10 3 165
13 343 9 8 959826
132 121 3 6 3863
420 165 8 3 85
279 398 7 2 26
334 466 4 5 906
76 96 5 6 4965
397 429 1 6 1940
271 172 2 5 567
297 357 4 4 263
398 305 1 4 83
266 449 1 4 68
380 322 9 3 136
511 252 2 10 15648868
412 136 6 3 49
273 453 8 7 46649
440 111 2 7 37179
88 261 7 6 16617
40 321 5 4 190
221 370 7 3 84
200 348 10 5 6833
141 425 3 5 642
461 442 3 4 134
496 325 6 7 56944
504 467 1 4 99
148 320 6 4 155
274 53 2 6 3602
133 312 9 3 64
166 318 6 6 11809
326 491 2 6 5165
131 60 6 5 918
336 448 6 4 196
392 136 3 5 703
64 75 4 5 1337
211 433 9 4 349
405 393 8 1 13
415 14 9 3 77
475 69 8 4 838
125 335 3 4 186
481 214 6 3 66
125 1 4 5 597
345 352 1 4 112
511 191 5 6 3499
398 405 5 5 2948
204 231 2 5 275
61 220 1 6 1784
359 498 7 8 1098044
413 159 10 5 5244
4 62 3 6 3600
458 351 10 4 1040
218 325 5 6 6848
184 488 3 5 868
131 327 2 7 51633
29 210 1 6 1281
74 138 6 6 9084
48 333 8 6 6152
110 339 4 6 12109
408 186 4 4 258
340 441 5 7 166323
251 446 10 3 214
31 254 2 6 4122
336 79 9 7 94978
111 375 1 6 1455
199 351 9 5 1838
258 429 6 7 172630
503 484 4 5 2035
152 452 7 8 1931451
247 166 7 2 15
460 442 3 6 14347
81 489 7 4 244
91 476 3 5 1992
202 449 6 4 445
137 230 2 3 14
147 127 2 7 74587
229 424 3 5 1816
462 27 4 4 152
387 140 5 5 720
322 160 1 2 4
177 218 10 5 2948
53 275 3 5 627
268 37 9 6 41135
330 88 9 2 37
107 462 5 7 43101
508 252 2 5 1268
343 78 9 4 751
385 88 10 3 203
403 66 5 3 88
424 490 6 3 88
266 293 10 3 217
177 182 3 7 17539
149 4 9 9 8016878
423 324 9 4 482
504 180 4 5 476
457 115 6 6 17581
493 85 10 4 746
257 240 10 3 88
470 36 6 9 6851434
179 507 10 7 104389
473 504 6 5 1357
125 304 5 5 669
363 434 7 6 22001
175 87 2 5 286
183 464 2 4 153
186 482 2 4 176
146 458 9 4 363
51 209 1 8 288733
413 464 6 7 47180
331 130 3 6 5076
194 161 6 4 677
345 204 10 7 322523
342 194 3 6 4865
10 115 7 3 59
160 432 1 6 1637
215 229 6 5 1222
484 191 7 6 11089
41 250 5 7 75025
339 86 3 6 4261
244 91 1 6 826
61 236 9 4 652
190 394 4 5 597
125 6 9 4 884
508 205 5 5 1036
248 408 1 3 19
411 280 8 3 90
262 392 1 7 35779
400 392 1 7 5005
386 265 1 6 970
174 34 5 3 48
96 121 10 4 992
263 96 9 5 1096
410 447 1 5 130
306 460 9 7 56342
191 279 3 7 116710
35 83 8 4 391
192 242 4 8 681795
369 247 7 4 511
350 153 3 6 9870
479 274 10 1 5
26 418 10 4 232
301 269 8 6 38659
390 181 5 4 166
316 65 5 6 13655
85 146 10 8 1614595
356 361 9 2 18
241 163 3 7 63093
284 239 7 4 284
364 384 7 4 455
70 284 6 5 1569
248 479 9 6 13696
483 142 3 6 3182
38 189 5 3 40
407 298 3 7 83265
285 240 3 6 5721
22 131 7 5 1535
427 98 10 4 498
293 274 6 6 15226
119 489 5 7 106546
332 489 5 6 14337
283 245 5 3 72
358 491 1 6 1706
283 272 6 5 1373
162 72 3 4 72
207 259 8 5 2295
246 89 5 4 176
359 59 9 3 175
71 492 1 7 24852
39 234 2 6 7178
297 212 6 7 72935
256 326 10 4 334
400 423 3 6 2416
418 165 4 6 3406
461 334 10 4 393
451 500 7 4 210
63 480 3 4 191
276 339 8 7 112698
141 172 4 6 4566
299 64 2 6 2011
93 402 8 5 926
90 165 7 6 17349
433 169 4 4 331
445 468 8 4 642
367 36 6 3 76
375 508 10 5 2782
225 288 3 5 1684
82 296 7 7 46189
156 481 6 5 3018
366 8 6 4 392
100 420 3 8 261555
264 109 3 3 33
92 14 8 4 428
134 35 9 3 71
414 441 8 5 940
187 57 10 5 4803
42 133 2 6 4839
473 266 4 5 479
458 119 1 8 43252
192 360 7 2 30
94 81 7 4 181
216 13 7 5 2634
76 173 3 5 1421
120 454 8 4 680
343 60 7 5 4670
192 460 10 4 222
184 465 9 5 1962
69 61 9 5 2444
487 247 2 5 828
266 308 3 6 7815
423 257 7 6 8820
421 192 2 5 1330
143 98 5 3 103
89 380 6 4 357
228 398 5 7 28137
312 208 6 5 804
51 506 2 4 88
373 53 6 6 7051
494 121 10 3 117
329 228 6 5 1246
86 229 8 4 318
476 119 7 4 559
76 148 1 6 1501
58 21 3 5 348
443 33 10 4 572
233 353 1 6 772
141 25 8 5 3925
195 58 10 3 133
287 178 8 6 9832
181 421 5 8 461140
419 33 1 5 318
386 116 5 5 1447
163 39 1 6 3402
185 33 1 6 4595
185 471 10 3 65
186 5 2 4 200
452 308 3 5 1290
382 35 1 8 113624
172 211 2 4 106
260 59 2 9 2834247
333 111 3 3 33
57 59 5 8 799636
202 115 6 4 472
141 195 2 8 98513
510 426 8 5 4220
444 365 6 4 581
39 406 8 5 2247
115 421 9 4 610
317 45 2 5 502
161 54 9 3 100
459 283 2 5 422
299 249 4 6 5587
3 507 5 7 112731
229 428 1 6 4231
29 73 7 7 121962
330 30 4 7 36600
398 118 1 6 3727
223 402 7 4 307
158 29 4 4 375
235 346 7 2 29
361 212 1 6 2522
112 326 5 7 42211
345 235 9 7 139107
358 223 7 9 4269498
86 283 7 6 17508
467 161 5 3 63
473 223 6 3 112
29 209 10 3 91
376 243 4 6 10118
72 50 7 5 1752
349 439 8 4 586
308 170 1 4 28
140 271 6 3 44
279 3 4 6 3488
207 34 6 3 101
32 332 2 6 1881
149 170 10 1 8
183 54 2 6 8486
325 171 2 7 16728
91 163 9 5 1375
40 473 4 3 26
363 384 10 3 130
268 451 3 7 64338
399 15 1 5 656
356 368 6 4 252
486 70 8 5 1874
105 340 10 5 1585
435 24 3 6 5183
508 242 3 4 165
417 254 2 4 113
386 441 4 4 203
89 423 1 6 1216
390 24 6 7 112036
504 122 1 7 8114
186 208 9 3 176
70 485 7 4 260
165 337 7 6 21286
18 30 8 6 31191
169 36 2 5 1386
212 392 4 6 3183
248 453 7 7 140027
169 310 6 7 181625
495 378 4 3 47
241 469 2 4 133
179 231 5 3 61
119 322 8 4 579
411 311 10 3 105
227 258 3 2 12
160 45 2 5 1155
463 202 4 5 461
208 153 7 5 1083
140 420 10 6 46784
198 185 9 1 12
154 510 1 7 26976
314 121 6 4 187
251 401 1 7 39127
100 409 6 8 493237
112 412 5 3 40
28 505 1 7 35834
296 137 2 4 68
495 323 1 6 3580
43 180 7 2 35
159 171 7 5 2242
109 281 6 6 15245
232 145 4 5 1071
381 27 6 6 4298
140 401 2 8 116745
103 320 5 7 31155
86 459 9 8 382848
489 382 10 4 859
185 52 9 7 325425
127 172 8 6 14657
456 357 1 7 6899
355 326 10 6 41833
9 219 10 3 73
160 508 8 6 25729
303 177 9 2 34
463 456 3 5 847
163 224 9 6 16882
233 28 9 4 521
142 354 6 7 64204
269 336 7 4 481
258 44 10 2 27
341 396 1 7 5182
436 81 10 6 44311
232 130 1 3 14
60 340 4 5 1109
145 318 1 6 2568
487 498 10 2 43
165 470 4 5 1057
123 193 10 4 622
128 495 1 7 8378
465 349 7 6 14149
146 365 6 7 82741
425 335 5 4 288
425 197 3 6 2335
9 241 2 5 493
128 424 6 5 1517
140 125 6 6 18373
143 503 10 5 1837
109 200 1 6 1683
100 10 7 4 451
358 496 3 8 217772
42 454 3 9 1739831
463 107 4 6 3608
239 177 8 5 2907
511 267 4 5 633
498 163 1 4 110
281 392 7 3 61
436 508 5 7 72609
270 121 8 5 2072
289 495 10 6 8141
327 260 4 4 148
288 510 2 6 2066
13 86 5 5 729
484 104 10 5 4009
76 320 1 5 289
34 270 7 3 120
417 262 1 6 3025
339 117 9 7 288057
310 380 6 5 709
112 259 10 5 1365
26 406 5 4 361
255 223 4 5 767
45 291 2 7 20730
225 344 7 4 633
440 106 9 8 442612
143 484 9 4 503
354 419 4 7 23407
419 206 8 6 7877
119 339 3 5 982
226 436 10 6 10714
439 497 9 4 404
194 26 9 5 4376
100 262 3 3 38
77 56 2 4 146
391 338 7 6 7200
197 35 1 3 11
505 417 8 3 86
508 260 2 5 457
134 480 5 3 109
209 492 9 4 226
463 286 8 7 48489
121 55 7 6 15126
94 58 5 4 533
174 474 1 5 357
131 54 1 6 1103
164 145 4 3 42
288 487 1 8 109970
310 363 1 4 83
79 402 7 4 653
178 332 8 4 901
3 218 1 6 4032
70 382 6 6 18547
331 321 7 6 24525
357 509 2 6 4688
187 274 9 7 65277
179 105 8 4 392
292 415 8 5 3571
153 385 2 7 23428
98 383 8 8 869663
250 191 8 4 263
80 417 6 6 4628
165 178 9 4 260
296 247 10 5 1921
66 366 10 4 842
185 205 9 5 1223
39 301 3 6 12073
495 509 8 1 7
324 396 7 4 423
484 215 7 7 143693
461 40 3 5 565
468 365 9 5 2013
421 91 4 4 282
478 225 10 5 3846
259 305 6 5 1594
64 82 1 5 164
357 475 3 3 38
89 270 1 7 24486
296 90 3 6 2798
428 311 3 6 3964
473 126 8 8 993283
348 165 2 6 9391
245 192 6 6 19769
53 264 2 6 1806
252 453 4 5 1588
13 167 6 7 120238
245 367 1 5 207
65 488 10 5 4637
178 501 8 6 25480
55 321 6 3 44
217 504 4 7 28182
280 176 9 1 10
472 426 7 7 81997
260 434 7 5 2289
54 13 9 3 64
118 10 1 4 68
164 315 5 5 2018
203 425 7 1 12
460 428 3 8 663019
106 164 7 5 951
342 261 5 7 128315
343 26 7 3 144
188 194 2 6 4118
501 128 1 5 153
265 301 4 6 8404
106 340 4 9 7751872
449 100 9 7 226395
25 280 4 4 297
