1 2 10 4 498
1 47 9 4 271
2 31 2 4 172
2 35 10 4 979
2 406 3 5 409
3 4 9 7 54023
3 5 1 4 43
3 26 2 5 405
5 57 1 4 45
15 16 5 7 46401
15 36 7 7 154872
16 25 1 5 292
17 18 10 6 9055
17 36 10 3 81
18 33 9 2 26
19 20 2 7 16633
19 21 7 5 829
20 142 3 3 29
20 148 9 3 49
21 22 4 5 787
22 23 7 5 4335
23 24 1 7 13021
24 25 1 4 30
24 28 6 5 816
26 27 8 5 1546
27 29 3 3 51
27 30 10 4 905
28 29 7 3 44
31 33 1 5 354
32 33 3 3 23
32 34 1 6 961
32 69 4 6 7758
34 35 10 5 6848
34 73 2 6 7286
36 37 8 5 1313
36 75 10 4 503
37 52 2 6 1837
37 43 5 4 219
46 47 9 3 132
47 448 5 5 1025
52 67 10 3 110
53 54 7 4 446
53 59 4 4 160
53 418 3 7 21641
54 163 10 7 53440
55 56 1 7 11331
55 59 2 5 609
56 57 3 4 338
56 66 2 5 493
58 59 6 3 77
58 60 1 7 8142
58 199 8 4 263
58 458 1 6 1465
60 63 4 4 132
63 225 7 3 125
64 65 3 6 4471
64 66 10 4 1109
65 67 2 3 35
69 70 3 3 56
70 71 4 8 857543
71 101 3 4 221
72 73 3 6 3841
72 101 1 7 16150
73 76 3 6 2491
73 77 4 7 24233
96 97 7 3 144
96 111 1 6 782
97 101 8 6 13986
98 99 6 5 2671
98 100 8 5 1635
99 138 8 3 73
100 116 2 5 289
105 106 3 6 6878
105 111 2 5 382
106 107 7 4 634
107 108 4 2 13
111 114 6 3 123
113 114 1 8 279214
113 116 4 5 576
115 116 3 4 266
115 409 2 8 532419
118 119 3 3 36
119 138 3 5 553
120 121 7 5 2554
120 122 3 5 582
120 304 8 4 246
121 296 8 4 541
122 123 7 4 173
122 124 1 5 127
124 125 1 5 188
134 135 4 7 55897
134 332 5 8 1769208
135 136 6 5 884
135 137 4 5 1578
137 139 9 4 857
139 140 7 4 476
139 141 7 5 2121
139 399 2 5 1247
141 400 10 5 2305
154 155 6 5 2971
154 156 9 7 49316
154 172 7 3 90
155 168 9 4 223
156 157 9 3 54
156 171 4 4 257
157 158 6 8 374317
158 159 6 3 44
158 177 10 4 232
159 160 6 6 7308
159 161 1 5 483
159 196 5 6 15351
161 162 2 5 418
161 197 1 6 1763
163 164 8 5 2463
164 165 3 6 8778
165 166 2 5 387
165 104 2 7 10086
166 167 3 5 442
167 168 10 4 418
169 170 2 4 113
169 171 9 4 948
169 174 6 6 12701
170 172 6 7 205244
170 173 7 7 270101
170 419 8 5 1970
171 178 1 5 471
173 174 5 3 87
174 179 3 4 215
175 176 5 4 370
176 214 5 1 6
177 178 10 3 140
177 191 4 4 202
178 421 1 4 26
179 192 10 4 716
180 181 3 5 441
180 208 8 6 13682
181 192 10 7 208614
182 183 4 5 2271
182 184 3 5 1766
184 185 6 6 13342
184 208 6 2 14
185 186 1 7 9463
185 207 9 5 1878
186 187 3 5 812
186 230 4 4 123
187 188 7 7 230450
187 193 3 7 23803
188 189 9 8 849149
188 191 7 6 24739
189 190 7 6 7392
189 191 8 4 522
193 194 4 4 240
193 217 3 4 243
194 195 9 4 323
194 217 5 4 278
195 196 8 2 42
195 216 4 4 115
196 197 4 4 100
196 476 2 7 15562
197 216 4 6 3563
198 199 7 6 14047
198 221 5 3 56
199 200 7 6 9263
200 10 2 3 20
201 202 9 3 127
201 203 9 5 3065
201 351 8 5 2127
202 213 1 5 179
203 204 2 9 1887428
203 205 6 5 2561
205 206 3 4 89
205 231 4 6 5057
205 360 3 4 231
206 207 8 4 492
206 232 9 2 23
207 233 5 4 166
208 209 1 5 199
210 211 7 5 1610
210 212 10 5 1445
211 215 1 6 1296
212 213 7 5 1022
212 342 3 5 533
213 340 9 5 1139
214 215 7 2 16
216 219 4 3 40
217 218 8 5 1458
218 222 1 5 517
219 220 1 6 961
220 221 10 3 178
220 222 6 4 277
222 226 8 2 39
223 224 9 4 663
223 225 2 6 1992
223 7 4 7 33812
224 229 4 4 117
227 228 4 4 291
227 229 3 4 82
227 272 1 5 470
228 230 5 8 277427
229 401 2 5 784
231 281 6 5 1282
232 265 10 9 3688746
233 264 8 3 73
233 150 9 6 17326
234 235 10 7 92712
234 278 2 3 17
236 237 7 5 3054
236 280 4 4 168
237 238 8 5 2162
237 239 2 5 340
239 240 8 5 941
240 241 4 7 31671
241 243 5 5 3356
241 442 9 4 268
242 243 7 5 1859
242 244 2 6 9339
242 314 4 6 3113
242 80 2 5 385
243 293 9 4 293
244 247 6 6 20956
245 246 8 5 3410
245 247 5 8 897820
247 248 1 5 253
248 249 9 3 119
249 250 7 3 88
249 312 9 5 1313
250 251 9 2 40
250 321 3 6 2803
251 252 1 4 73
252 253 10 3 140
252 327 3 4 83
252 301 5 6 8923
253 254 6 4 180
253 277 10 3 113
253 266 2 7 25647
254 255 10 5 3073
254 256 6 5 2315
256 257 2 7 12696
257 258 8 4 852
257 259 6 3 70
260 261 5 3 71
260 262 1 5 246
260 263 7 4 461
263 264 2 5 308
263 479 3 7 52335
266 267 3 4 262
267 268 6 3 117
267 299 2 5 387
268 269 6 4 164
269 270 3 5 644
269 294 9 3 182
270 271 7 3 122
271 295 3 3 26
271 133 4 7 87749
272 273 8 4 432
272 274 10 5 6221
274 275 1 7 22584
275 276 5 4 425
275 277 9 4 253
275 291 1 8 45783
278 279 9 4 482
278 282 7 4 185
279 280 9 6 15220
280 287 10 8 1504268
281 289 7 5 3662
282 288 9 7 141198
283 284 5 6 21355
283 285 4 5 1395
283 305 9 2 33
284 290 7 4 228
284 365 3 3 57
285 286 8 4 221
285 306 10 1 17
286 287 9 4 353
286 306 6 5 2023
286 452 3 5 764
287 293 1 7 18512
288 289 9 5 1108
289 290 10 4 355
291 292 7 6 8703
297 298 7 5 2243
297 454 1 6 2131
298 299 8 3 60
300 301 9 5 1032
300 302 5 6 7531
302 303 10 6 14048
302 304 2 3 16
302 330 2 7 43572
305 306 5 4 314
305 308 3 3 61
306 308 7 3 88
307 308 9 3 150
307 309 3 4 239
309 310 9 4 299
309 338 1 5 301
309 379 2 3 34
310 311 5 7 63578
310 85 6 6 17679
311 312 5 4 136
313 314 2 5 408
315 316 10 2 49
315 317 5 6 11990
315 499 6 5 818
316 334 7 4 178
316 398 2 9 2098885
317 318 9 4 265
317 503 7 3 153
318 319 10 7 75467
318 502 5 5 1011
318 510 9 3 156
319 320 8 4 894
320 333 3 6 2320
321 322 6 4 346
322 323 2 6 4615
322 325 6 4 239
322 333 2 6 5766
323 324 10 4 259
325 326 1 5 580
326 328 10 3 56
327 328 8 2 33
328 329 3 8 266930
328 495 7 5 3639
329 330 8 6 6822
329 331 9 6 6461
331 332 7 3 134
331 489 4 5 502
332 481 7 4 499
333 493 6 5 3752
334 335 1 7 8621
336 337 3 4 70
336 500 2 6 6544
337 338 4 5 577
337 382 5 7 149805
338 339 9 3 121
338 377 10 4 452
340 341 8 3 90
340 349 9 5 1317
340 354 1 6 3373
341 343 5 5 816
342 343 9 1 7
344 345 7 6 7643
344 346 1 5 364
344 385 1 5 123
346 347 6 4 235
347 348 8 8 589665
347 387 2 7 17118
348 349 9 3 48
348 386 8 4 206
350 351 7 4 578
350 359 5 6 6750
350 13 6 7 34555
351 352 6 4 167
352 353 8 5 1023
352 356 1 8 203724
353 354 10 5 1938
354 355 6 4 275
355 356 6 6 8867
356 357 2 7 23168
358 359 2 9 5903222
358 361 7 4 555
358 362 8 6 7157
358 360 1 4 31
358 92 3 5 654
360 413 2 7 16186
361 388 5 5 579
362 367 4 8 599032
363 364 9 1 12
363 365 6 4 427
363 370 1 6 764
364 395 8 4 233
365 366 10 3 165
365 371 6 3 61
366 144 3 5 1120
367 368 6 5 1972
367 369 8 4 722
370 380 6 4 172
371 372 8 6 6395
371 373 3 6 5969
371 374 5 6 4058
375 376 1 7 30177
375 383 1 3 14
376 384 7 4 267
377 378 2 4 74
377 381 7 6 6470
378 384 2 5 546
381 383 3 2 15
382 496 2 7 43556
383 384 8 6 10872
388 389 4 4 255
388 392 7 4 432
389 390 2 5 908
390 391 4 6 3931
392 393 10 4 252
392 394 8 4 362
395 396 5 5 2494
399 411 4 6 2872
400 405 6 4 223
404 405 5 5 576
404 412 2 7 14978
405 89 7 7 59062
408 409 7 4 569
411 412 8 3 76
411 415 10 1 16
411 482 8 6 13851
412 415 10 5 4743
415 427 3 6 13731
415 487 8 3 87
427 428 5 5 1130
427 431 5 2 12
427 487 2 5 689
427 424 7 4 387
428 429 10 4 420
428 432 7 3 127
481 482 2 5 609
482 488 9 3 111
483 484 5 3 29
483 485 10 2 28
484 492 8 5 1517
485 486 4 4 333
486 487 4 5 1331
489 490 6 5 2923
490 491 7 4 181
490 492 5 3 87
493 508 7 6 5995
494 495 9 2 44
494 507 7 7 37051
496 497 6 5 1571
496 62 9 4 709
497 498 9 4 601
497 499 7 3 48
499 501 8 5 1586
501 447 1 5 131
502 511 6 6 15711
503 450 3 8 907407
504 505 10 4 457
504 506 3 7 31565
505 508 10 3 167
505 509 7 5 2527
506 507 3 3 44
509 510 8 6 11553
509 511 9 8 682267
7 8 4 7 46762
7 6 5 7 40487
10 9 7 2 34
10 11 3 4 134
13 12 4 6 12335
12 14 7 5 1940
144 38 4 4 395
144 145 7 2 27
38 39 2 4 118
89 68 9 3 55
89 88 2 5 658
68 40 5 5 1207
68 102 10 4 477
40 41 4 5 1175
40 81 2 4 94
102 50 3 7 37982
50 51 3 5 1896
41 95 2 6 4486
81 146 9 3 104
95 456 2 7 21912
95 143 6 5 1325
95 146 1 4 89
146 410 7 4 212
43 42 5 5 1384
133 130 3 6 4659
128 117 9 2 44
128 132 9 6 6597
117 129 6 5 985
117 110 1 4 24
132 130 9 5 1522
129 127 2 6 3286
127 44 7 8 540925
130 131 5 9 1871929
44 45 6 4 254
110 109 10 6 7176
110 126 7 4 177
109 112 8 4 834
62 49 2 5 404
62 61 3 5 621
48 49 7 4 273
75 74 3 6 3472
77 78 7 8 680351
80 79 2 6 2045
92 90 10 3 86
82 83 9 4 240
83 91 9 4 331
91 90 3 5 875
90 93 4 5 2642
93 94 8 6 8250
85 84 10 5 1902
84 86 3 5 1047
84 87 7 3 140
86 87 8 6 6596
104 103 7 2 28
148 147 10 2 41
147 149 5 7 134665
150 153 9 4 722
150 151 4 3 63
152 153 9 3 51
398 397 4 3 35
401 402 1 5 359
401 403 10 3 89
406 407 6 6 16778
416 407 8 3 75
413 434 3 5 1785
413 414 10 6 17006
433 434 5 5 1328
418 417 8 5 1661
419 420 2 3 43
419 430 3 3 66
421 422 8 5 5461
421 423 4 3 60
424 425 4 3 28
424 426 8 3 169
424 438 2 6 4946
438 437 4 5 466
437 439 1 4 90
454 453 6 6 5134
454 435 2 5 288
453 455 8 4 425
455 460 6 5 2962
435 436 3 5 893
460 463 10 3 202
463 462 3 6 6696
461 462 4 3 47
461 464 7 5 3766
464 466 10 8 528185
466 467 6 5 1625
452 451 6 5 742
452 440 8 3 106
451 459 4 2 14
459 473 6 6 8291
440 441 4 5 2157
473 472 6 7 98143
442 443 1 6 4752
448 444 3 3 23
444 445 4 4 150
465 445 4 4 246
465 468 4 4 417
468 469 1 4 31
469 470 3 4 177
470 471 3 5 411
447 446 2 5 523
450 449 2 5 367
458 457 8 6 30493
476 474 10 1 17
476 477 10 6 16665
474 475 3 4 143
477 478 9 6 6364
479 480 7 4 594
284 177 1 6 3972
391 291 2 4 132
397 161 2 4 90
376 187 1 6 1622
322 42 10 3 206
399 318 6 5 908
463 89 9 1 14
343 194 1 4 25
437 265 7 6 9163
239 53 6 4 522
411 475 2 5 527
21 372 10 6 9783
508 449 2 4 180
24 51 5 2 22
54 280 6 7 149959
261 73 8 7 40596
2 307 8 3 97
476 36 6 5 1457
374 231 4 4 233
483 72 3 5 706
188 248 10 6 9241
326 346 10 8 654501
458 449 9 1 13
435 58 9 4 302
225 130 4 5 476
484 174 1 5 534
322 33 8 2 31
369 191 8 7 67232
330 20 6 4 339
324 21 8 8 1464342
18 385 8 3 156
252 297 1 5 490
7 178 9 3 174
30 43 5 2 10
397 191 10 4 848
450 80 7 4 193
458 335 3 4 113
171 48 10 7 158428
485 267 8 4 211
104 136 7 5 1548
47 507 9 2 26
302 429 7 4 508
424 132 4 3 25
55 69 4 5 1745
81 28 3 5 1734
346 114 10 6 10149
84 284 3 3 53
57 44 8 5 1620
112 358 7 3 45
103 252 6 4 543
202 401 1 5 252
106 343 3 4 242
297 285 1 7 25374
47 27 8 5 1136
391 38 6 4 138
292 297 8 4 365
292 334 10 2 21
149 56 8 5 2722
56 464 9 1 9
252 487 5 4 202
491 427 8 3 138
112 439 4 5 768
62 365 10 2 52
315 75 3 4 271
445 373 4 4 430
373 228 1 6 2278
459 103 7 4 449
5 34 2 6 1927
357 412 4 4 217
195 208 5 4 370
362 282 4 4 398
282 132 7 4 614
292 358 1 4 84
130 16 2 5 846
354 48 5 4 326
329 398 4 4 120
107 143 3 5 1549
302 8 5 4 243
437 468 10 4 408
391 24 1 7 10599
70 453 2 4 137
428 250 1 6 2078
427 93 8 6 10114
235 500 10 6 34479
476 259 9 3 81
140 144 10 5 1840
373 167 1 7 11416
413 463 4 3 49
100 419 2 4 82
67 49 2 7 11684
148 127 5 6 3748
227 117 4 4 367
147 283 4 4 275
464 193 5 5 747
281 305 7 4 315
168 300 1 7 33345
456 265 4 5 1760
74 34 9 1 12
228 497 4 4 377
84 178 4 4 146
47 339 9 3 147
137 364 8 4 528
419 487 6 4 280
497 260 10 4 332
432 171 10 6 13605
104 329 6 5 1062
16 90 10 7 100992
14 244 7 4 243
56 483 4 6 10465
175 2 1 7 8252
151 442 6 3 100
372 443 1 5 527
460 285 2 4 83
372 171 1 4 90
267 357 9 7 118846
336 274 1 6 1417
235 63 9 2 36
279 71 7 6 12842
251 475 1 6 1277
440 88 1 8 70400
169 453 3 5 1306
172 264 10 6 35306
51 471 8 4 221
503 172 4 4 370
175 199 5 5 2472
230 291 5 4 489
16 205 1 5 127
339 82 6 5 2771
449 137 7 5 1053
119 372 6 4 435
499 126 8 5 3593
485 290 1 5 175
181 127 1 4 82
505 298 4 5 562
290 489 3 5 1772
34 249 10 6 9272
179 277 10 8 430178
440 73 2 6 1846
343 395 7 4 385
87 478 6 3 84
316 6 2 5 1213
307 144 1 9 466762
308 435 3 4 94
233 510 10 2 43
126 354 6 2 12
272 162 1 7 15333
135 122 9 4 881
365 389 1 8 75238
235 479 4 5 466
125 110 8 5 2038
289 302 7 7 54388
13 387 10 4 355
345 228 8 5 1202
10 105 6 4 572
311 286 3 8 206297
126 229 8 6 7225
286 221 10 2 48
171 11 10 5 2133
172 342 9 3 154
245 407 7 7 198338
63 188 10 4 810
253 232 4 7 125050
435 104 1 4 60
87 138 1 6 1174
30 432 8 7 63736
476 53 10 3 184
107 103 3 7 16912
409 12 8 6 15854
344 183 6 4 285
440 85 5 4 338
210 133 6 6 4445
45 192 3 5 673
352 234 9 6 38640
354 440 1 6 2007
28 170 7 5 1303
281 2 10 5 1887
361 251 6 1 5
35 364 10 4 748
433 81 2 5 758
281 159 4 7 45328
495 148 8 4 179
316 239 3 4 223
143 130 10 1 8
26 136 3 4 102
424 419 6 5 2460
395 202 3 5 736
136 352 7 3 53
380 360 1 5 166
146 72 1 5 177
424 450 9 7 222236
147 425 1 10 5517437
451 285 4 4 201
195 101 1 7 13107
457 177 7 5 1758
81 208 10 2 19
182 200 9 5 1309
436 509 10 3 78
29 18 3 4 328
149 453 6 3 61
330 473 6 3 73
73 53 5 5 2041
340 196 1 5 399
256 444 6 5 2625
270 428 2 5 436
407 87 7 6 8543
346 295 6 4 276
78 410 2 5 765
87 205 7 3 89
331 59 8 4 305
45 83 4 6 10564
411 217 1 5 470
262 497 7 4 204
267 226 10 3 130
456 426 3 7 66717
321 505 10 5 4375
479 424 5 3 96
488 420 10 6 25525
236 272 2 6 7233
507 217 10 5 1826
366 165 7 5 1767
227 338 9 3 61
228 346 8 5 4779
488 324 7 4 585
116 214 7 4 349
499 343 2 8 124853
155 118 9 3 66
480 256 3 5 2014
176 478 1 8 54563
375 389 4 4 422
139 438 5 4 137
366 395 1 5 472
42 36 2 3 18
470 372 1 6 906
127 490 10 4 1029
407 209 9 2 36
455 68 6 3 44
222 99 5 4 291
351 55 2 4 130
418 87 8 3 122
254 89 3 3 25
256 83 5 4 291
225 147 2 5 949
73 89 7 7 236942
376 270 4 5 1954
415 507 5 5 2709
414 382 7 5 4740
319 321 10 4 789
257 29 3 10 16956943
312 374 1 5 220
43 150 7 7 40841
82 423 8 3 109
226 280 10 3 137
125 299 10 5 5902
202 220 6 5 2193
290 116 3 6 7714
130 118 3 4 272
358 76 8 6 12213
243 500 3 7 34044
163 155 3 5 1225
445 227 4 10 17979798
240 177 1 5 212
299 246 5 5 1582
347 136 3 5 1170
211 323 7 5 1184
318 227 6 5 2870
174 222 10 6 11741
35 492 7 7 56573
441 58 6 3 121
196 346 2 4 75
511 236 4 3 31
485 390 10 6 19793
104 59 5 3 37
479 450 3 5 789
138 5 9 5 2090
37 172 9 6 7969
138 363 2 4 221
242 4 9 3 101
482 154 5 4 401
149 188 8 2 33
99 460 8 4 580
425 450 5 5 2656
357 26 7 3 153
161 115 9 5 1270
381 37 6 6 29110
132 19 5 4 172
187 142 4 2 21
491 238 10 4 285
159 315 6 2 22
210 320 2 5 257
412 304 3 6 4733
455 221 1 6 3930
206 67 5 3 68
49 231 10 5 3786
148 56 3 4 223
418 274 2 7 11383
101 374 10 8 1589402
262 368 10 2 48
508 424 7 4 242
337 46 5 7 36681
509 305 4 6 18660
204 60 2 5 955
96 195 7 3 86
339 139 8 4 219
437 348 5 5 837
121 269 3 6 3045
246 328 3 4 213
484 17 9 5 2110
69 250 9 5 1502
402 7 1 4 98
129 389 5 5 828
119 123 7 4 302
197 210 9 2 21
363 165 7 6 7686
87 5 2 4 73
221 486 9 7 54185
247 221 10 6 20330
413 265 9 7 199835
111 499 5 4 306
448 258 1 7 26829
49 166 2 5 665
110 115 2 5 1257
26 425 4 5 649
72 204 2 5 666
315 355 2 4 65
189 99 5 5 3153
509 155 2 4 102
483 167 2 6 1928
82 471 10 6 11964
145 45 2 5 1330
297 442 10 4 586
55 250 8 4 453
288 110 5 3 48
445 503 5 5 3063
503 235 5 5 635
332 103 2 7 14186
489 487 7 5 2184
127 123 4 2 21
358 357 3 4 173
330 332 10 3 117
501 372 8 4 376
253 133 1 6 1508
78 174 10 7 194115
337 445 5 3 27
85 334 4 6 6252
498 277 5 3 28
210 80 7 3 54
42 223 10 4 795
168 27 9 3 176
160 87 10 4 905
55 270 4 4 333
36 223 10 4 571
314 10 7 4 694
410 213 5 4 195
484 485 6 5 1516
309 28 10 6 39235
10 219 7 4 393
69 297 4 5 1237
18 402 3 3 56
457 206 8 5 1985
319 504 8 5 1382
401 246 6 3 68
422 501 2 5 944
26 11 9 5 3664
245 501 5 4 274
211 451 9 3 51
7 275 10 4 499
293 502 8 5 916
340 55 1 5 389
385 449 4 6 11129
474 142 2 3 38
186 407 5 5 1080
116 149 8 5 5508
83 372 4 3 51
228 281 3 7 97213
265 65 10 5 1268
230 241 6 5 2233
435 123 3 10 26293705
288 386 5 4 172
497 427 1 8 49587
452 23 7 4 164
256 360 2 6 2063
227 132 10 1 10
352 378 8 3 167
294 84 4 4 102
434 225 1 6 853
26 289 9 5 1846
415 461 4 3 44
231 103 8 3 110
58 371 2 6 5066
109 176 5 5 776
445 329 5 5 1389
255 165 1 7 6942
219 451 4 6 5729
162 205 9 6 15259
491 62 3 5 1432
7 308 5 2 9
18 332 4 6 16605
76 390 10 4 329
197 166 10 4 243
235 507 1 6 2028
116 328 4 5 630
197 207 6 5 3232
109 115 1 6 4159
412 293 4 3 49
350 270 10 3 147
112 330 9 4 620
94 410 1 5 348
244 108 4 6 3598
430 322 10 5 1300
38 287 5 5 2058
413 145 5 6 15849
132 195 5 6 4177
366 374 8 5 1295
276 123 10 4 348
72 257 8 3 102
83 370 1 5 485
94 1 7 2 20
125 184 8 3 129
322 156 7 4 489
427 192 6 2 18
107 214 5 5 652
399 122 8 4 628
121 386 9 3 192
219 414 4 3 42
430 401 5 4 301
363 468 8 6 24140
209 498 2 6 3875
481 116 8 5 1601
123 216 2 3 12
377 330 5 5 672
450 12 3 6 4499
432 20 1 5 456
470 270 3 3 22
337 139 8 5 2741
301 389 1 3 8
135 200 10 3 174
159 50 10 4 381
359 397 8 4 338
33 149 6 6 9738
136 288 6 5 3092
413 16 5 5 3448
463 182 4 6 2831
198 105 4 3 37
49 140 6 4 437
33 261 3 5 1677
305 456 4 3 64
349 1 8 4 279
504 327 10 5 1367
286 335 1 8 50983
283 48 8 3 90
60 394 9 6 6695
227 316 2 4 51
436 460 8 4 429
88 61 5 2 14
100 508 8 4 529
477 260 5 5 1238
153 235 3 5 1495
315 224 7 6 14052
418 362 2 5 619
349 509 3 8 152301
35 59 4 5 939
77 252 1 3 12
461 97 10 8 845181
411 182 4 6 15220
509 70 4 6 12707
184 381 1 6 1131
316 475 7 8 1666849
199 51 7 5 2909
239 85 2 6 2480
495 137 10 3 145
178 75 8 4 186
49 269 8 5 3582
473 106 1 7 7027
276 111 5 6 11184
441 332 8 6 33118
205 450 10 3 62
65 173 8 2 38
154 383 1 7 9097
63 404 10 6 7058
171 161 3 5 651
118 224 6 3 58
435 190 2 6 4151
108 470 7 4 166
463 209 5 7 73236
147 93 8 2 18
120 408 5 5 1165
370 455 1 3 13
238 401 5 4 402
376 455 8 5 1373
468 266 9 5 1167
282 469 5 5 1342
200 118 6 7 59797
239 435 1 8 185195
29 477 10 1 14
183 3 2 5 496
232 241 5 6 4776
160 491 3 5 418
384 176 2 5 622
303 407 8 9 3116751
244 2 2 6 3029
90 477 2 3 39
269 160 8 3 70
9 255 3 3 44
500 323 4 6 11022
226 17 7 4 416
162 100 8 4 266
442 354 4 4 371
254 56 6 4 492
177 70 3 8 263695
283 413 9 4 248
467 303 3 4 94
506 52 6 2 22
402 315 9 6 42701
44 66 8 2 24
205 376 5 1 7
78 375 3 6 12517
45 468 9 3 61
300 11 10 5 1183
288 143 1 5 168
238 91 8 8 1949407
423 101 5 5 3092
159 455 2 4 52
46 77 8 8 442909
438 456 1 5 240
168 438 9 5 1302
228 205 2 5 809
60 109 7 4 650
97 31 5 1 8
56 135 3 4 318
215 138 4 4 114
305 446 9 5 1689
195 390 7 5 794
181 508 10 4 440
511 454 7 5 896
388 279 5 5 2846
13 343 4 5 1302
132 121 5 5 1242
420 165 8 6 27152
279 398 1 4 80
334 466 2 5 379
76 96 7 7 57787
397 429 8 4 345
271 172 3 5 657
297 357 5 5 695
398 305 10 3 143
266 449 3 5 1407
380 322 4 5 1545
511 252 3 5 893
412 136 4 5 1403
273 453 5 5 3161
440 111 1 5 303
88 261 6 4 258
40 321 5 5 1194
221 370 4 5 951
200 348 6 5 1640
141 425 4 8 452534
461 442 5 6 23412
496 325 4 4 184
504 467 7 4 427
148 320 3 5 1081
274 53 1 7 18348
133 312 2 6 7194
166 318 7 1 10
326 491 8 5 3237
131 60 3 6 3581
336 448 3 5 434
392 136 1 6 4374
64 75 7 3 145
211 433 10 5 4612
405 393 7 6 5954
415 14 3 5 359
475 69 10 2 53
125 335 6 6 21505
481 214 3 3 42
125 1 3 7 20829
345 352 4 7 64206
511 191 6 6 10404
398 405 3 5 342
204 231 4 3 63
61 220 10 2 48
359 498 9 4 272
413 159 10 4 856
4 62 5 4 507
458 351 5 4 307
218 325 8 6 8526
184 488 10 2 21
131 327 3 7 18912
29 210 7 5 2102
74 138 1 5 206
48 333 4 5 846
110 339 3 2 9
408 186 1 6 4658
340 441 7 5 2474
251 446 1 9 1246047
31 254 7 6 8351
336 79 1 7 15914
111 375 1 5 158
199 351 3 5 677
258 429 2 4 93
503 484 9 3 156
152 452 5 4 298
247 166 4 4 345
460 442 1 5 164
81 489 1 5 310
91 476 4 6 5048
202 449 3 5 1552
137 230 5 7 41394
147 127 9 4 256
229 424 2 7 12381
462 27 5 4 410
387 140 8 4 262
322 160 4 5 1249
177 218 4 6 4559
53 275 4 3 29
268 37 5 6 5071
330 88 4 5 1323
107 462 2 3 13
508 252 5 4 320
343 78 6 4 273
385 88 4 8 179471
403 66 8 3 104
424 490 1 4 62
266 293 6 3 54
177 182 7 7 66347
149 4 4 5 913
423 324 8 2 36
504 180 4 4 231
457 115 4 6 4079
493 85 6 5 1148
257 240 9 8 686432
470 36 9 3 173
179 507 1 3 18
473 504 6 8 841760
125 304 3 6 3503
363 434 3 5 880
175 87 1 8 92131
183 464 1 4 24
186 482 6 3 103
146 458 6 7 179111
51 209 10 4 466
413 464 6 3 32
331 130 9 4 959
194 161 3 9 1337258
345 204 9 2 34
342 194 6 2 25
10 115 5 4 214
160 432 3 5 1198
215 229 2 5 548
484 191 2 5 360
41 250 1 6 1051
339 86 2 5 826
244 91 6 10 194219726
61 236 7 6 9722
190 394 8 5 3050
125 6 9 5 5366
508 205 1 5 188
248 408 8 7 67716
411 280 5 5 1494
262 392 7 2 18
400 392 6 6 26666
386 265 3 7 87620
174 34 8 3 88
96 121 7 6 13184
263 96 2 5 1299
410 447 5 5 1600
306 460 7 6 20748
191 279 5 5 796
35 83 5 7 30517
192 242 4 5 1564
369 247 8 6 15098
350 153 5 6 6454
479 274 10 1 7
26 418 1 5 185
301 269 5 4 152
390 181 2 5 375
316 65 6 5 2562
85 146 5 5 656
356 361 9 5 2163
241 163 10 3 210
284 239 4 4 322
364 384 4 7 138715
70 284 3 4 123
248 479 10 4 476
483 142 6 5 1322
38 189 8 3 141
407 298 4 3 66
285 240 6 5 2271
22 131 1 5 283
427 98 6 4 137
293 274 1 5 201
119 489 4 7 28927
332 489 5 4 210
283 245 10 5 1498
358 491 2 5 562
283 272 5 7 28692
162 72 8 3 129
207 259 8 7 46104
246 89 8 5 1301
359 59 9 5 2411
71 492 4 3 44
39 234 10 3 130
297 212 9 3 105
256 326 6 5 1040
400 423 3 4 126
418 165 10 4 364
461 334 4 6 3394
451 500 8 3 148
63 480 3 5 593
276 339 2 6 1875
141 172 3 5 1383
299 64 7 4 252
93 402 10 3 71
90 165 7 4 209
433 169 6 7 48245
445 468 5 4 149
367 36 7 5 4344
375 508 2 5 739
225 288 1 6 3589
82 296 5 4 147
156 481 4 5 1666
366 8 7 4 246
100 420 5 4 143
264 109 7 5 1005
92 14 3 6 4598
134 35 10 4 456
414 441 9 2 28
187 57 1 3 22
42 133 5 6 10447
473 266 1 5 232
458 119 2 5 286
192 360 6 2 24
94 81 9 4 425
216 13 7 3 61
76 173 7 6 11886
120 454 9 4 378
343 60 6 6 20196
192 460 9 6 26532
184 465 7 6 25147
69 61 5 5 810
487 247 4 2 16
266 308 8 5 1994
423 257 2 6 1687
421 192 1 5 231
143 98 10 4 253
89 380 1 9 3458615
228 398 5 5 755
312 208 5 4 190
51 506 4 6 17440
373 53 1 5 404
494 121 10 5 2314
329 228 1 4 33
86 229 10 3 95
476 119 2 5 752
76 148 7 3 43
58 21 9 4 433
443 33 3 4 86
233 353 9 6 12441
141 25 8 3 166
195 58 2 4 62
287 178 3 6 4710
181 421 9 4 243
419 33 9 5 1770
386 116 9 8 557692
163 39 6 4 476
185 33 6 4 305
185 471 1 3 17
186 5 5 3 55
452 308 5 2 13
382 35 8 4 615
172 211 5 4 485
260 59 3 8 165669
333 111 8 5 3877
57 59 2 5 1112
202 115 8 4 654
141 195 8 1 13
510 426 6 3 45
444 365 3 5 566
39 406 3 10 104350906
115 421 1 6 3076
317 45 7 8 654231
161 54 9 4 655
459 283 4 3 44
299 249 2 6 3044
3 507 7 5 1116
229 428 9 4 554
29 73 5 3 93
330 30 9 4 539
398 118 2 6 3238
223 402 9 6 22964
158 29 4 5 1669
235 346 3 4 238
361 212 3 4 79
112 326 2 6 2887
345 235 9 4 535
358 223 2 3 25
86 283 4 3 71
467 161 6 5 843
473 223 9 4 725
29 209 8 4 484
376 243 8 1 3
72 50 4 4 155
349 439 8 4 579
308 170 7 6 9807
140 271 5 4 494
279 3 10 4 833
207 34 3 6 14752
32 332 3 5 483
149 170 1 7 11317
183 54 8 2 39
325 171 4 5 1449
91 163 7 4 155
40 473 9 3 140
363 384 2 4 115
268 451 9 4 890
399 15 1 4 113
356 368 1 6 1858
486 70 9 5 2803
105 340 8 3 88
435 24 1 4 29
508 242 10 4 275
417 254 8 3 125
386 441 5 5 1404
89 423 7 5 969
390 24 2 4 106
504 122 10 6 29430
186 208 1 6 1318
70 485 10 4 602
165 337 10 4 494
18 30 2 5 579
169 36 6 3 49
212 392 7 7 48868
248 453 10 4 287
169 310 10 2 53
495 378 8 5 1439
241 469 10 5 1787
179 231 5 4 180
119 322 4 5 1461
411 311 1 5 131
227 258 3 6 9176
160 45 10 2 32
463 202 4 3 54
208 153 6 5 1128
140 420 8 7 127114
198 185 10 5 3769
154 510 3 5 356
314 121 2 4 155
251 401 6 5 3217
100 409 9 4 1007
112 412 2 4 87
28 505 5 4 343
296 137 6 6 8400
495 323 5 6 7553
43 180 6 4 627
159 171 10 4 504
109 281 7 3 144
232 145 2 5 1013
381 27 1 5 325
140 401 6 5 3448
103 320 5 4 135
86 459 4 4 94
489 382 9 4 462
185 52 2 5 1056
127 172 7 3 151
456 357 7 4 543
355 326 7 4 558
9 219 5 5 1083
160 508 5 4 129
303 177 8 7 123590
463 456 1 4 111
163 224 5 5 1883
233 28 10 2 49
142 354 3 7 63994
269 336 7 5 2394
258 44 7 9 11359451
341 396 7 4 758
436 81 9 4 229
232 130 1 6 727
60 340 3 5 475
145 318 9 6 19215
487 498 6 5 1801
165 470 4 6 18625
123 193 6 4 176
128 495 1 5 171
465 349 10 5 1369
146 365 7 6 27541
425 335 10 1 16
425 197 4 7 76832
9 241 4 7 20743
128 424 10 3 144
140 125 5 5 663
143 503 4 4 194
109 200 4 7 127029
100 10 2 7 18482
358 496 4 4 112
42 454 4 3 42
463 107 8 4 618
239 177 1 9 361110
511 267 10 4 1121
498 163 10 4 485
281 392 1 4 36
436 508 4 9 3176777
270 121 4 7 38757
289 495 1 4 24
327 260 7 4 336
288 510 6 4 632
13 86 9 5 3198
484 104 10 4 458
76 320 6 3 44
34 270 6 3 116
417 262 6 3 75
339 117 8 6 10201
310 380 1 7 5342
112 259 2 4 68
26 406 2 7 10650
255 223 8 4 323
45 291 4 4 208
225 344 9 6 14087
440 106 4 6 11741
143 484 4 5 1373
354 419 9 3 138
419 206 3 6 2927
119 339 4 5 460
226 436 8 8 449556
439 497 4 5 1495
194 26 6 4 226
100 262 1 5 211
77 56 2 8 258707
391 338 1 5 516
197 35 7 5 1855
505 417 4 6 12600
508 260 10 5 4488
134 480 10 6 36651
209 492 6 2 18
463 286 6 3 93
121 55 8 4 630
94 58 3 3 45
174 474 6 5 1579
131 54 5 3 40
164 145 7 4 534
288 487 4 5 1173
310 363 9 5 1231
79 402 10 5 5273
178 332 3 6 6257
3 218 6 6 5513
70 382 1 5 188
331 321 10 4 509
357 509 7 5 1631
187 274 4 3 25
179 105 4 6 17777
292 415 6 2 28
153 385 1 6 979
98 383 10 5 6221
250 191 5 5 2055
80 417 5 4 397
165 178 1 6 1938
296 247 3 5 669
66 366 6 5 1034
185 205 7 6 11629
39 301 8 6 33345
495 509 7 3 64
324 396 10 3 61
484 215 2 5 281
461 40 7 4 204
468 365 8 1 6
421 91 5 4 473
478 225 1 4 72
259 305 7 2 25
64 82 10 6 25725
357 475 1 7 18914
89 270 2 6 1487
296 90 2 4 66
428 311 3 4 67
473 126 7 4 420
348 165 10 4 453
245 192 5 4 358
53 264 7 5 2189
252 453 4 3 28
13 167 5 4 364
245 367 1 4 23
65 488 10 4 343
178 501 3 6 12471
55 321 8 4 266
217 504 3 4 115
280 176 10 4 257
472 426 6 3 113
260 434 6 6 18992
54 13 4 5 761
118 10 9 3 88
164 315 7 2 34
203 425 1 6 1490
460 428 4 3 34
106 164 10 2 45
342 261 10 3 68
343 26 5 4 375
188 194 8 4 904
501 128 9 5 2040
265 301 9 5 1195
106 340 2 5 293
449 100 8 1 12
25 280 8 4 261
