1799 5.6410928355695225e-08 
1005 5.6923870921836775e-09 
8772 3.2324974210429935e-08 
5743 7.993088371911761e-08 
9521 5.459667991356717e-08 
2453 1.511305982360871e-07 
3403 5.699411247339853e-09 
1135 4.878416670357332e-09 
1112 2.0550824912696404e-08 
8016 3.12581873172732e-08 
7670 1.9563215111167e-08 
2610 7.059693851461944e-08 
1970 1.5648215439352173e-09 
4360 1.236029584628475e-08 
7571 8.369467675622383e-06 
5929 9.748414105624752e-09 
2147 2.0318458160005666e-09 
9539 2.6085567778641287e-09 
4860 6.706934290116266e-07 
382 1.801733982329915e-07 
6293 4.004522848521583e-09 
5270 6.193376932440704e-09 
2094 4.675991874519142e-10 
934 1.1461319243937645e-09 
7144 6.9864195775571096e-09 
3577 1.6690988868806045e-11 
3415 7.869975876925421e-07 
9167 1.135070169287605e-07 
2612 1.63881194322526e-07 
9544 3.083254550111103e-10 
8358 2.511730890793936e-08 
6659 3.0048649001966285e-09 
6475 5.902655831561271e-10 
4953 1.3314467880576732e-08 
8733 5.567393640505333e-09 
4132 4.488187599349658e-12 
2724 4.569955822902302e-08 
8211 3.799767593792343e-08 
3074 2.3934987640407586e-09 
4433 1.6592491269840082e-11 
2499 2.055704574522064e-08 
5503 9.495054044883142e-09 
1984 1.343987616092561e-06 
3734 1.1950797942111738e-08 
5918 9.909400570072557e-10 
7650 2.1159311835322082e-08 
159 1.3235692495923836e-08 
9540 1.038460919831293e-07 
2405 7.654454462846863e-10 
3339 5.882377918098314e-12 
9050 6.760948858056115e-10 
1 2.994761916751132e-10 
3426 2.6665300635955735e-09 
7362 2.4202844000248457e-08 
4820 3.260283440259415e-08 
1614 5.238630799716128e-07 
8745 3.8228486348712565e-11 
7673 2.6050350984967337e-09 
1196 4.323727062987377e-09 
6169 5.032446590171177e-09 
8496 1.3363302909013377e-05 
7521 2.759498879401079e-11 
7498 9.582207971984094e-09 
2989 6.372237436064881e-10 
7268 1.0540164103924748e-09 
3071 5.272778279535179e-10 
3073 2.3035787337431606e-09 
8410 2.3488405983031755e-08 
929 1.5845334593034277e-10 
8503 3.332256353822164e-08 
8388 2.8876647786976132e-08 
5937 2.786894903218651e-10 
7700 7.969949349387274e-08 
494 5.783784095641879e-06 
8959 6.008337663146847e-09 
2590 8.262822527747366e-08 
6792 6.027255461220349e-10 
9922 2.974807446139453e-08 
1521 2.482973272202531e-08 
2982 4.082475267238629e-09 
3229 1.5309580493719525e-08 
8761 4.1894046999975095e-08 
6638 3.006743821611175e-08 
1731 7.031007590838122e-09 
4195 4.455721024348297e-10 
5694 3.177180133567825e-10 
7539 2.9118299341811314e-06 
8067 1.259762698888403e-09 
8407 3.6703018857369866e-08 
1395 2.8726787945571795e-08 
8781 4.2063312208351356e-10 
4533 1.908426317366943e-09 
2074 4.061795584611402e-08 
4656 1.0892755274161114e-10 
4105 1.3673011029597879e-09 
6495 7.702878007751629e-10 
2097 5.38344790966291e-07 
7400 4.2023974715127595e-09 
1233 1.2044831251096719e-09 
7721 2.2877913552456417e-07 
4884 7.787738979083206e-10 
889 5.99101864415693e-07 
6533 1.1104091045092968e-09 
95 2.004324939596365e-08 
3766 1.403590117396436e-10 
9350 2.188609016240406e-11 
2250 3.33510996597397e-13 
8580 8.915408560047195e-09 
1403 3.1616691441125915e-07 
202 1.0967055714676435e-08 
9564 1.3433031943732576e-10 
602 7.032800387942453e-07 
7491 7.209952172433766e-08 
3471 9.216015457494376e-09 
1595 4.133110305826887e-10 
4967 1.107897329069964e-08 
6123 2.035938348086356e-09 
2270 1.0617129771136565e-06 
7613 3.4658412283508893e-09 
2850 2.4730675233237666e-08 
1480 1.263059849218478e-06 
3965 1.4780872253208129e-08 
5151 1.3072478620423933e-09 
4258 2.6199627235507644e-09 
9110 2.6627901449560384e-09 
2368 2.3384188290357947e-07 
6396 3.1491592834148336e-09 
698 6.396485044784825e-08 
540 1.5344665801789075e-07 
3390 1.0632186971115676e-10 
9918 4.323956597427267e-08 
5928 1.0283750238495263e-05 
3398 1.4155604211215936e-06 
4673 1.0768310086607842e-08 
9631 9.628729819759554e-10 
9766 1.7330182861680088e-10 
6950 2.6566740769649644e-08 
7001 1.7193406018573346e-09 
3436 9.062436511533519e-09 
8385 5.230945927255743e-09 
3839 1.5638678751080187e-07 
2921 1.3987126383781614e-08 
8614 1.8587136283088201e-07 
4674 1.1456281706043902e-07 
7800 9.432974651705223e-06 
1892 2.2311027796434652e-08 
2360 3.043099176618623e-09 
136 4.966092587800402e-09 
2482 8.617179924317892e-09 
2563 2.67626943642376e-09 
5786 4.357426250796133e-09 
5044 9.986315767374077e-11 
2667 1.0415250812226485e-07 
3184 3.859896248329178e-09 
3400 4.514111965735895e-09 
7300 6.312188892697345e-09 
2994 7.299073690258925e-08 
5768 8.557424996275009e-09 
8240 9.913489487509619e-09 
4852 3.513764376331238e-09 
