0 0 10 4 580
0 1 5 3 61
0 2 4 3 33
0 3 8 4 193
0 4 8 3 43
0 5 7 2 35
0 6 1 4 35
0 7 3 3 22
0 8 9 2 18
0 9 9 2 32
0 10 5 3 88
0 11 4 5 525
0 12 8 2 21
0 13 7 2 29
0 14 9 4 745
0 15 6 3 55
0 16 3 4 296
0 17 1 6 807
0 18 10 6 12567
0 19 2 5 456
0 20 10 4 558
0 21 5 2 25
0 22 9 2 24
0 23 7 5 826
0 24 1 4 105
0 25 10 4 833
0 26 9 2 23
0 27 5 4 223
0 28 1 4 95
0 29 10 1 16
0 30 5 4 335
0 31 2 5 557
0 32 2 4 174
0 33 4 3 30
0 34 7 3 40
0 35 1 6 697
0 36 9 2 47
0 37 9 3 145
0 38 8 5 1104
0 39 1 4 89
0 40 7 3 71
0 41 10 3 193
0 42 5 4 123
0 43 7 4 503
0 44 1 5 569
0 45 7 3 104
0 46 9 1 9
0 47 7 4 249
0 48 5 2 22
0 49 5 4 125
0 50 2 4 215
0 51 4 3 64
0 52 8 2 35
0 53 3 3 29
0 54 5 3 92
0 55 2 4 48
0 56 9 4 779
0 57 8 4 737
0 58 6 3 71
0 59 10 4 274
0 60 5 4 453
0 61 4 3 25
0 62 10 2 21
0 63 2 5 438
1 0 4 6 4045
1 1 8 4 263
1 2 8 7 75798
1 3 6 3 77
1 4 2 4 58
1 5 4 4 169
1 6 9 4 827
1 7 6 5 1624
1 8 5 4 161
1 9 7 3 97
1 10 8 3 129
1 11 3 4 69
1 12 4 4 118
1 13 3 6 2264
1 14 5 3 106
1 15 8 4 489
1 16 9 2 21
1 17 10 1 14
1 18 3 6 2646
1 19 5 3 47
1 20 4 3 30
1 21 3 5 376
1 22 10 5 6395
1 23 4 5 2299
1 24 2 5 366
1 25 1 4 27
1 26 8 4 257
1 27 2 5 273
1 28 1 4 37
1 29 4 4 132
1 30 9 3 131
1 31 3 4 162
1 32 10 2 33
1 33 7 2 17
1 34 10 4 740
1 35 3 3 49
1 36 8 4 628
1 37 7 5 2107
1 38 5 4 554
1 39 3 5 432
1 40 6 4 357
1 41 5 4 204
1 42 7 4 308
1 43 7 3 42
1 44 5 4 238
1 45 1 5 141
1 46 4 3 50
1 47 8 3 64
1 48 10 4 368
1 49 7 6 15153
1 50 6 4 152
1 51 2 6 1674
1 52 10 3 98
1 53 10 2 21
1 54 7 2 13
1 55 2 5 354
1 56 9 3 185
1 57 3 6 8716
1 58 5 3 43
1 59 1 4 77
1 60 8 1 5
1 61 4 4 413
1 62 7 3 64
1 63 5 2 19
2 0 7 4 276
2 1 2 4 161
2 2 9 2 29
2 3 3 3 23
2 4 9 2 47
2 5 4 4 229
2 6 8 2 37
2 7 1 4 108
2 8 8 3 146
2 9 8 3 54
2 10 9 4 435
2 11 8 4 382
2 12 1 4 104
2 13 9 4 319
2 14 6 3 106
2 15 8 3 144
2 16 10 2 28
2 17 4 3 43
2 18 9 3 51
2 19 2 4 164
2 20 5 4 356
2 21 10 6 35309
2 22 8 6 9829
2 23 8 4 213
2 24 5 2 23
2 25 5 3 81
2 26 7 2 21
2 27 9 5 1494
2 28 3 4 207
2 29 5 4 120
2 30 6 5 1070
2 31 1 4 31
2 32 1 3 16
2 33 5 3 38
2 34 7 5 2104
2 35 7 4 229
2 36 4 2 15
2 37 6 5 2371
2 38 2 5 251
2 39 8 3 81
2 40 7 2 31
2 41 8 3 47
2 42 5 4 135
2 43 5 3 93
2 44 4 2 19
2 45 1 4 51
2 46 10 1 16
2 47 9 4 744
2 48 9 3 87
2 49 7 2 14
2 50 1 4 35
2 51 4 5 811
2 52 6 3 53
2 53 9 4 880
2 54 7 5 3903
2 55 6 5 918
2 56 10 3 103
2 57 7 4 643
2 58 4 3 25
2 59 4 3 29
2 60 9 2 30
2 61 7 4 383
2 62 5 3 38
2 63 9 3 74
3 0 1 3 13
3 1 3 3 22
3 2 1 4 30
3 3 7 4 189
3 4 5 4 352
3 5 7 2 32
3 6 10 4 941
3 7 4 4 125
3 8 9 2 40
3 9 1 5 131
3 10 3 5 705
3 11 5 4 149
3 12 5 2 25
3 13 9 3 52
3 14 7 2 23
3 15 1 5 162
3 16 7 3 38
3 17 8 2 16
3 18 4 4 95
3 19 8 5 2318
3 20 9 4 247
3 21 1 4 60
3 22 5 4 122
3 23 3 3 44
3 24 9 2 32
3 25 9 3 53
3 26 9 4 291
3 27 9 2 47
3 28 9 5 1213
3 29 6 2 16
3 30 2 4 142
3 31 7 3 64
3 32 4 4 143
3 33 8 4 210
3 34 1 7 9897
3 35 9 2 40
3 36 1 4 71
3 37 10 3 170
3 38 6 2 15
3 39 4 3 50
3 40 1 3 22
3 41 8 2 31
3 42 6 7 68115
3 43 10 7 70563
3 44 7 3 61
3 45 2 5 1052
3 46 8 3 72
3 47 6 5 1106
3 48 9 4 485
3 49 6 4 146
3 50 9 2 44
3 51 5 2 23
3 52 5 2 9
3 53 9 3 74
3 54 8 4 274
3 55 5 2 24
3 56 4 2 11
3 57 8 3 99
3 58 2 4 125
3 59 3 5 1763
3 60 10 3 98
3 61 6 3 42
3 62 5 4 479
3 63 1 3 20
4 0 2 4 80
4 1 2 4 50
4 2 4 4 279
4 3 5 6 6310
4 4 5 3 43
4 5 3 5 963
4 6 8 4 286
4 7 4 3 40
4 8 6 3 49
4 9 9 6 12503
4 10 3 5 1650
4 11 3 5 1119
4 12 1 4 60
4 13 10 2 33
4 14 10 1 13
4 15 1 4 60
4 16 4 6 2971
4 17 2 4 223
4 18 7 3 130
4 19 3 3 25
4 20 6 4 136
4 21 3 3 52
4 22 9 1 13
4 23 9 3 108
4 24 9 2 30
4 25 3 4 128
4 26 3 4 76
4 27 1 4 79
4 28 1 6 4589
4 29 2 4 94
4 30 2 3 40
4 31 6 3 60
4 32 5 6 5795
4 33 10 3 102
4 34 3 3 62
4 35 4 5 1031
4 36 1 5 461
4 37 7 3 55
4 38 4 2 20
4 39 1 5 189
4 40 5 5 651
4 41 6 4 480
4 42 3 3 26
4 43 5 3 75
4 44 7 4 316
4 45 7 2 23
4 46 3 5 661
4 47 10 2 27
4 48 8 4 448
4 49 10 2 31
4 50 4 6 5196
4 51 7 2 36
4 52 3 3 25
4 53 7 4 242
4 54 2 5 421
4 55 2 4 108
4 56 6 2 22
4 57 8 2 30
4 58 8 4 376
4 59 9 2 38
4 60 3 3 24
4 61 6 4 276
4 62 6 4 633
4 63 4 3 82
5 0 4 3 59
5 1 8 5 1235
5 2 3 3 40
5 3 5 4 143
5 4 5 4 127
5 5 1 7 9898
5 6 10 3 57
5 7 9 3 120
5 8 6 3 132
5 9 2 4 90
5 10 6 3 119
5 11 4 4 195
5 12 4 2 21
5 13 10 3 173
5 14 8 2 32
5 15 2 4 45
5 16 2 4 68
5 17 9 4 199
5 18 9 6 14742
5 19 3 4 106
5 20 1 7 12457
5 21 3 4 179
5 22 2 5 444
5 23 10 2 35
5 24 5 3 51
5 25 4 4 193
5 26 8 3 150
5 27 4 3 42
5 28 3 4 79
5 29 7 2 35
5 30 6 4 149
5 31 2 5 588
5 32 4 3 63
5 33 5 3 45
5 34 5 7 40503
5 35 6 3 107
5 36 6 3 60
5 37 7 4 595
5 38 8 5 1635
5 39 4 4 122
5 40 9 4 219
5 41 1 7 34606
5 42 4 4 399
5 43 7 3 110
5 44 3 4 86
5 45 2 5 904
5 46 7 3 71
5 47 7 3 44
5 48 3 3 45
5 49 10 4 297
5 50 4 3 74
5 51 3 5 416
5 52 10 3 78
5 53 9 4 468
5 54 4 4 195
5 55 4 5 738
5 56 10 4 228
5 57 4 4 435
5 58 8 4 181
5 59 10 4 432
5 60 1 6 826
5 61 3 4 134
5 62 3 4 103
5 63 6 3 62
6 0 7 3 68
6 1 2 5 1116
6 2 7 3 87
6 3 9 2 31
6 4 8 3 71
6 5 7 3 48
6 6 9 5 3187
6 7 5 2 22
6 8 1 3 19
6 9 7 3 121
6 10 9 4 566
6 11 2 5 825
6 12 2 6 1854
6 13 9 5 3550
6 14 3 4 124
6 15 9 3 71
6 16 7 5 1529
6 17 1 5 171
6 18 1 4 49
6 19 9 6 25333
6 20 1 4 36
6 21 10 2 33
6 22 9 4 246
6 23 2 4 113
6 24 10 3 107
6 25 2 3 40
6 26 8 3 49
6 27 7 2 20
6 28 4 4 119
6 29 10 4 349
6 30 8 4 454
6 31 6 3 129
6 32 9 2 33
6 33 10 5 3615
6 34 1 4 40
6 35 2 7 9907
6 36 8 3 55
6 37 1 5 255
6 38 5 2 18
6 39 10 6 7017
6 40 5 2 25
6 41 1 5 376
6 42 9 4 494
6 43 3 5 765
6 44 3 6 6119
6 45 2 4 206
6 46 10 7 77648
6 47 5 5 887
6 48 4 5 931
6 49 9 3 161
6 50 9 4 497
6 51 7 4 714
6 52 8 4 658
6 53 3 4 118
6 54 3 3 40
6 55 2 5 318
6 56 5 3 29
6 57 10 4 487
6 58 8 4 197
6 59 8 3 50
6 60 10 2 51
6 61 2 5 282
6 62 4 3 27
6 63 6 4 309
7 0 1 4 33
7 1 1 4 44
7 2 3 4 77
7 3 3 5 1604
7 4 5 2 15
7 5 8 2 18
7 6 5 3 108
7 7 8 4 443
7 8 6 4 473
7 9 1 5 303
7 10 2 5 332
7 11 8 4 319
7 12 6 4 325
7 13 1 6 1378
7 14 2 3 31
7 15 2 6 3336
7 16 6 4 333
7 17 4 3 64
7 18 10 3 115
7 19 10 4 748
7 20 2 4 82
7 21 9 3 97
7 22 9 3 164
7 23 6 3 75
7 24 5 4 471
7 25 6 4 619
7 26 6 6 7173
7 27 6 3 99
7 28 2 3 36
7 29 3 3 49
7 30 8 4 394
7 31 9 6 14710
7 32 9 4 267
7 33 2 3 40
7 34 8 8 359105
7 35 8 3 51
7 36 9 3 81
7 37 2 5 472
7 38 1 5 118
7 39 2 3 20
7 40 10 3 141
7 41 7 3 87
7 42 5 4 154
7 43 3 4 89
7 44 4 3 33
7 45 9 2 41
7 46 5 4 152
7 47 8 4 269
7 48 6 3 65
7 49 10 2 23
7 50 1 6 3895
7 51 9 3 61
7 52 3 4 172
7 53 1 4 36
7 54 3 4 133
7 55 7 3 66
7 56 3 3 21
7 57 6 6 8872
7 58 1 6 742
7 59 10 3 117
7 60 5 3 54
7 61 8 2 35
7 62 9 3 68
7 63 10 1 15
8 0 2 4 130
8 1 8 3 129
8 2 1 4 25
8 3 3 4 96
8 4 7 3 124
8 5 6 4 460
8 6 2 4 143
8 7 7 3 135
8 8 8 3 129
8 9 5 5 1286
8 10 3 4 124
8 11 6 4 417
8 12 7 3 53
8 13 9 5 2329
8 14 7 2 13
8 15 4 5 545
8 16 1 3 13
8 17 6 4 544
8 18 9 4 228
8 19 7 3 154
8 20 3 3 65
8 21 9 4 375
8 22 10 3 63
8 23 2 3 30
8 24 10 4 750
8 25 9 4 997
8 26 6 6 7220
8 27 4 6 14826
8 28 8 3 45
8 29 3 4 93
8 30 7 3 81
8 31 8 4 534
8 32 10 2 43
8 33 2 4 165
8 34 5 7 105707
8 35 5 3 88
8 36 4 3 70
8 37 1 4 63
8 38 1 4 40
8 39 9 3 48
8 40 5 4 494
8 41 6 3 58
8 42 5 4 246
8 43 9 3 126
8 44 6 3 40
8 45 10 3 56
8 46 4 4 210
8 47 5 2 10
8 48 2 3 27
8 49 6 4 169
8 50 9 4 484
8 51 1 5 149
8 52 4 4 96
8 53 6 6 5194
8 54 5 2 18
8 55 2 5 309
8 56 9 3 51
8 57 9 3 58
8 58 10 3 175
8 59 5 4 125
8 60 6 2 29
8 61 10 4 331
8 62 4 4 327
8 63 4 3 51
9 0 4 5 671
9 1 7 3 71
9 2 10 3 109
9 3 1 7 5692
9 4 9 4 488
9 5 5 3 61
9 6 8 3 66
9 7 4 2 20
9 8 3 4 96
9 9 5 2 25
9 10 2 4 70
9 11 2 5 358
9 12 10 3 155
9 13 5 4 425
9 14 3 3 57
9 15 1 4 99
9 16 4 1 7
9 17 7 6 13099
9 18 6 2 31
9 19 7 2 21
9 20 7 2 18
9 21 7 2 31
9 22 3 5 485
9 23 5 5 704
9 24 9 2 41
9 25 6 2 20
9 26 3 4 187
9 27 7 5 3542
9 28 6 2 30
9 29 9 2 46
9 30 4 3 36
9 31 8 4 250
9 32 9 2 36
9 33 4 3 36
9 34 7 3 66
9 35 1 5 442
9 36 7 5 1790
9 37 2 3 37
9 38 1 5 148
9 39 6 2 29
9 40 3 4 71
9 41 6 4 310
9 42 5 4 160
9 43 7 3 42
9 44 4 4 252
9 45 9 2 28
9 46 6 5 3340
9 47 9 3 87
9 48 9 4 225
9 49 8 4 235
9 50 9 2 17
9 51 8 6 10197
9 52 7 4 183
9 53 8 4 334
9 54 1 4 26
9 55 7 2 20
9 56 10 3 189
9 57 5 4 385
9 58 9 3 49
9 59 7 3 57
9 60 8 4 293
9 61 1 5 272
9 62 5 3 76
9 63 7 2 17
10 0 10 3 122
10 1 5 3 31
10 2 5 4 239
10 3 5 3 61
10 4 6 2 18
10 5 1 4 41
10 6 7 4 400
10 7 10 5 5603
10 8 7 3 66
10 9 1 4 33
10 10 1 5 194
10 11 9 4 888
10 12 4 3 81
10 13 2 4 67
10 14 10 5 3813
10 15 10 4 286
10 16 5 1 6
10 17 1 4 113
10 18 6 3 53
10 19 2 4 89
10 20 2 4 73
10 21 2 4 55
10 22 3 4 291
10 23 4 4 167
10 24 5 1 8
10 25 7 3 43
10 26 10 1 9
10 27 8 5 1533
10 28 5 6 4094
10 29 1 4 112
10 30 5 3 73
10 31 4 5 2619
10 32 1 5 124
10 33 3 5 648
10 34 7 2 29
10 35 2 3 37
10 36 7 3 85
10 37 6 4 139
10 38 8 4 195
10 39 9 5 2516
10 40 10 3 129
10 41 6 3 51
10 42 5 4 369
10 43 5 6 21865
10 44 3 3 34
10 45 6 2 16
10 46 1 4 23
10 47 4 4 337
10 48 5 3 42
10 49 6 3 105
10 50 7 4 273
10 51 6 2 22
10 52 5 3 76
10 53 2 3 18
10 54 7 3 132
10 55 1 5 228
10 56 6 3 32
10 57 9 3 60
10 58 1 4 56
10 59 1 4 38
10 60 3 2 9
10 61 9 3 98
10 62 2 5 286
10 63 7 4 203
11 0 4 4 286
11 1 1 4 51
11 2 8 2 36
11 3 1 4 44
11 4 9 4 543
11 5 10 3 118
11 6 4 5 821
11 7 3 5 1346
11 8 4 5 2416
11 9 7 3 139
11 10 4 4 328
11 11 7 2 21
11 12 6 3 129
11 13 8 6 12244
11 14 7 3 76
11 15 7 4 279
11 16 1 6 773
11 17 2 6 9599
11 18 3 3 20
11 19 2 3 27
11 20 5 4 410
11 21 4 2 16
11 22 3 4 152
11 23 6 3 126
11 24 1 5 272
11 25 10 3 55
11 26 8 2 27
11 27 5 3 31
11 28 1 4 37
11 29 10 3 75
11 30 3 6 5565
11 31 6 3 44
11 32 10 5 1838
11 33 2 4 106
11 34 6 5 1662
11 35 1 5 171
11 36 2 5 367
11 37 3 4 233
11 38 2 4 123
11 39 10 2 32
11 40 7 2 33
11 41 5 3 40
11 42 7 2 30
11 43 9 2 41
11 44 5 5 772
11 45 10 4 1123
11 46 5 5 2461
11 47 5 5 1837
11 48 2 5 599
11 49 3 4 125
11 50 3 4 105
11 51 10 1 6
11 52 1 5 293
11 53 2 4 210
11 54 9 4 443
11 55 4 3 30
11 56 9 2 39
11 57 6 4 154
11 58 8 4 283
11 59 3 5 1045
11 60 6 3 70
11 61 6 4 182
11 62 2 4 131
11 63 5 3 78
12 0 2 3 17
12 1 1 5 123
12 2 3 3 25
12 3 4 4 310
12 4 4 3 27
12 5 9 5 1887
12 6 7 3 79
12 7 1 6 758
12 8 7 4 643
12 9 8 3 46
12 10 10 5 1234
12 11 10 4 994
12 12 2 5 335
12 13 4 4 177
12 14 9 2 42
12 15 5 4 472
12 16 7 2 18
12 17 5 2 22
12 18 3 3 46
12 19 4 3 34
12 20 6 4 157
12 21 6 5 756
12 22 3 4 187
12 23 8 7 81991
12 24 1 5 423
12 25 3 4 95
12 26 1 6 1749
12 27 5 3 40
12 28 5 3 56
12 29 3 3 21
12 30 8 4 197
12 31 3 7 19258
12 32 4 3 24
12 33 2 3 31
12 34 1 4 30
12 35 4 5 532
12 36 7 6 29092
12 37 9 2 38
12 38 1 4 39
12 39 2 4 96
12 40 9 5 2714
12 41 6 6 15019
12 42 1 5 419
12 43 10 2 26
12 44 1 4 64
12 45 2 5 789
12 46 8 4 191
12 47 5 2 22
12 48 9 2 18
12 49 2 5 431
12 50 1 5 367
12 51 4 4 128
12 52 4 3 23
12 53 10 2 31
12 54 8 2 29
12 55 3 3 59
12 56 3 3 40
12 57 10 3 120
12 58 3 3 42
12 59 4 6 2827
12 60 9 3 72
12 61 5 6 6537
12 62 1 3 7
12 63 1 6 4494
13 0 5 4 516
13 1 1 4 42
13 2 5 3 71
13 3 5 3 69
13 4 6 3 117
13 5 2 4 59
13 6 10 2 26
13 7 9 3 60
13 8 9 2 18
13 9 4 4 232
13 10 1 5 206
13 11 1 6 2975
13 12 8 4 610
13 13 7 5 2881
13 14 9 2 29
13 15 8 3 156
13 16 2 3 30
13 17 6 4 383
13 18 3 5 1218
13 19 7 2 24
13 20 2 4 48
13 21 8 3 106
13 22 2 6 3013
13 23 5 2 13
13 24 3 5 465
13 25 8 5 3847
13 26 1 4 67
13 27 7 3 78
13 28 6 3 34
13 29 1 5 605
13 30 3 3 63
13 31 9 2 31
13 32 2 3 32
13 33 8 2 17
13 34 3 4 129
13 35 3 5 398
13 36 8 4 306
13 37 4 6 4395
13 38 5 2 16
13 39 10 3 75
13 40 10 3 94
13 41 3 3 56
13 42 9 4 621
13 43 4 4 98
13 44 9 2 24
13 45 4 2 21
13 46 4 5 1965
13 47 6 3 81
13 48 8 3 47
13 49 10 3 76
13 50 9 3 50
13 51 9 4 1016
13 52 6 3 67
13 53 3 3 52
13 54 6 3 38
13 55 9 2 45
13 56 10 3 99
13 57 4 3 87
13 58 10 3 67
13 59 5 3 57
13 60 10 4 767
13 61 5 4 182
13 62 3 4 245
13 63 9 2 46
14 0 2 5 708
14 1 4 2 20
14 2 8 5 1346
14 3 4 3 53
14 4 2 5 315
14 5 9 2 46
14 6 5 3 29
14 7 3 3 36
14 8 1 4 49
14 9 7 6 28022
14 10 6 2 25
14 11 8 4 183
14 12 10 3 76
14 13 7 3 111
14 14 10 5 2710
14 15 8 4 413
14 16 7 3 46
14 17 8 5 1124
14 18 10 2 51
14 19 8 2 35
14 20 1 3 19
14 21 5 4 214
14 22 3 4 204
14 23 10 2 29
14 24 1 4 59
14 25 5 5 2896
14 26 10 4 286
14 27 5 3 45
14 28 10 3 112
14 29 8 4 216
14 30 3 8 150372
14 31 2 5 564
14 32 9 4 209
14 33 2 6 7609
14 34 3 4 271
14 35 10 2 38
14 36 5 3 27
14 37 9 4 240
14 38 10 3 69
14 39 7 3 97
14 40 6 4 137
14 41 8 2 24
14 42 8 7 66750
14 43 2 4 146
14 44 4 3 37
14 45 5 3 36
14 46 8 4 903
14 47 4 3 41
14 48 9 2 38
14 49 8 4 285
14 50 7 4 208
14 51 1 3 19
14 52 2 4 158
14 53 5 2 14
14 54 7 5 2156
14 55 7 5 3954
14 56 3 4 115
14 57 3 3 33
14 58 8 3 98
14 59 10 3 129
14 60 5 4 414
14 61 9 2 47
14 62 9 4 512
14 63 8 3 132
15 0 3 5 1329
15 1 1 7 5471
15 2 7 2 14
15 3 2 4 121
15 4 6 3 73
15 5 10 2 37
15 6 2 5 1144
15 7 7 1 11
15 8 1 6 3319
15 9 5 3 42
15 10 9 3 165
15 11 6 4 446
15 12 7 3 144
15 13 1 6 820
15 14 10 3 57
15 15 2 5 850
15 16 1 6 1127
15 17 2 3 29
15 18 2 4 92
15 19 3 6 7076
15 20 10 4 870
15 21 4 4 159
15 22 3 3 36
15 23 9 2 19
15 24 6 3 42
15 25 3 4 94
15 26 2 3 23
15 27 3 3 60
15 28 1 4 40
15 29 10 1 17
15 30 9 4 396
15 31 4 5 936
15 32 1 4 105
15 33 8 2 42
15 34 5 4 147
15 35 6 5 740
15 36 5 5 1564
15 37 10 3 189
15 38 8 3 158
15 39 7 2 23
15 40 7 4 197
15 41 5 4 242
15 42 2 4 72
15 43 1 4 42
15 44 4 7 45709
15 45 4 3 24
15 46 10 4 573
15 47 2 3 33
15 48 9 5 4952
15 49 10 3 76
15 50 9 3 149
15 51 8 2 20
15 52 3 4 333
15 53 10 4 945
15 54 7 5 1006
15 55 3 4 80
15 56 5 3 37
15 57 9 5 6207
15 58 2 4 49
15 59 7 5 806
15 60 5 2 22
15 61 2 5 488
15 62 5 5 3377
15 63 7 2 25
16 0 8 3 112
16 1 6 4 353
16 2 9 4 233
16 3 5 2 14
16 4 3 4 160
16 5 9 3 174
16 6 7 2 24
16 7 8 4 485
16 8 2 3 14
16 9 10 3 60
16 10 10 4 251
16 11 10 4 623
16 12 3 6 2817
16 13 2 7 50676
16 14 6 4 153
16 15 6 3 65
16 16 1 4 33
16 17 10 4 270
16 18 3 3 59
16 19 1 4 73
16 20 6 3 69
16 21 10 2 31
16 22 3 6 6389
16 23 5 5 819
16 24 9 3 48
16 25 1 4 111
16 26 8 2 28
16 27 1 6 4088
16 28 3 2 12
16 29 9 4 332
16 30 7 2 26
16 31 3 3 23
16 32 10 3 151
16 33 3 4 172
16 34 6 3 33
16 35 6 3 94
16 36 2 3 20
16 37 10 2 30
16 38 9 3 148
16 39 10 4 224
16 40 3 5 345
16 41 3 3 49
16 42 3 3 16
16 43 5 4 121
16 44 5 2 10
16 45 4 4 128
16 46 4 3 59
16 47 1 5 133
16 48 8 2 42
16 49 8 4 402
16 50 1 3 20
16 51 10 4 1050
16 52 9 2 29
16 53 4 3 28
16 54 6 5 1366
16 55 5 3 50
16 56 6 3 57
16 57 8 6 19178
16 58 6 3 39
16 59 1 4 99
16 60 1 5 174
16 61 5 3 63
16 62 7 2 35
16 63 10 2 50
17 0 8 2 34
17 1 9 4 832
17 2 6 2 17
17 3 9 5 1956
17 4 2 4 50
17 5 9 5 1959
17 6 8 3 72
17 7 2 4 45
17 8 9 2 39
17 9 2 4 53
17 10 2 3 11
17 11 2 3 40
17 12 1 4 84
17 13 1 6 828
17 14 8 5 3378
17 15 6 3 63
17 16 4 3 26
17 17 10 3 143
17 18 9 3 129
17 19 7 2 30
17 20 8 3 62
17 21 5 4 309
17 22 3 3 16
17 23 8 3 54
17 24 10 4 684
17 25 2 5 574
17 26 4 5 472
17 27 9 3 70
17 28 7 2 22
17 29 8 3 125
17 30 2 5 509
17 31 9 4 217
17 32 7 5 4305
17 33 6 4 141
17 34 8 3 59
17 35 8 3 69
17 36 1 3 17
17 37 10 2 29
17 38 3 3 63
17 39 1 4 50
17 40 5 2 21
17 41 8 3 51
17 42 4 4 189
17 43 6 3 78
17 44 5 4 176
17 45 5 3 44
17 46 10 4 247
17 47 9 4 301
17 48 6 2 19
17 49 4 4 147
17 50 10 2 24
17 51 8 3 79
17 52 1 4 33
17 53 5 2 22
17 54 5 3 74
17 55 10 2 41
17 56 4 4 316
17 57 6 4 188
17 58 8 3 67
17 59 5 4 153
17 60 7 3 44
17 61 2 5 260
17 62 8 3 43
17 63 5 3 52
18 0 5 4 470
18 1 1 4 48
18 2 8 3 95
18 3 2 4 47
18 4 7 3 45
18 5 8 4 225
18 6 4 3 41
18 7 3 6 4075
18 8 5 3 57
18 9 2 3 34
18 10 6 2 24
18 11 4 4 119
18 12 8 4 567
18 13 10 3 72
18 14 2 5 288
18 15 7 3 51
18 16 6 4 202
18 17 7 4 440
18 18 7 4 202
18 19 5 7 32742
18 20 7 4 166
18 21 10 4 1032
18 22 5 3 90
18 23 5 4 135
18 24 9 3 114
18 25 9 2 36
18 26 4 4 181
18 27 6 3 44
18 28 1 4 70
18 29 10 3 96
18 30 1 5 142
18 31 7 3 126
18 32 1 4 40
18 33 6 4 278
18 34 2 4 220
18 35 6 5 1738
18 36 6 2 31
18 37 8 4 239
18 38 7 2 21
18 39 10 2 27
18 40 5 3 61
18 41 7 4 233
18 42 5 3 45
18 43 5 3 40
18 44 3 3 28
18 45 7 5 794
18 46 5 3 83
18 47 2 4 168
18 48 6 3 53
18 49 2 5 1124
18 50 3 6 10459
18 51 9 2 31
18 52 6 3 112
18 53 5 3 40
18 54 4 4 152
18 55 9 3 143
18 56 6 4 401
18 57 3 3 29
18 58 10 4 543
18 59 6 3 57
18 60 5 4 272
18 61 2 3 41
18 62 7 2 17
18 63 8 6 5889
19 0 1 4 72
19 1 4 5 1345
19 2 9 3 67
19 3 3 5 379
19 4 7 4 611
19 5 10 2 18
19 6 6 3 34
19 7 7 5 1001
19 8 8 2 21
19 9 8 3 118
19 10 5 3 54
19 11 4 3 24
19 12 10 4 459
19 13 5 5 931
19 14 10 2 40
19 15 5 4 547
19 16 1 4 37
19 17 6 5 3911
19 18 10 4 306
19 19 7 4 541
19 20 2 3 31
19 21 10 6 23118
19 22 6 4 279
19 23 5 6 8193
19 24 5 2 10
19 25 2 3 44
19 26 1 4 39
19 27 8 3 43
19 28 9 6 35185
19 29 5 3 57
19 30 2 4 75
19 31 6 2 25
19 32 2 4 62
19 33 3 3 49
19 34 6 4 254
19 35 1 4 37
19 36 8 4 323
19 37 4 3 79
19 38 5 4 211
19 39 6 3 68
19 40 2 4 58
19 41 9 3 92
19 42 4 3 41
19 43 8 2 41
19 44 8 5 2055
19 45 4 3 38
19 46 3 4 130
19 47 3 3 26
19 48 2 3 43
19 49 5 4 156
19 50 10 1 15
19 51 3 5 387
19 52 5 4 135
19 53 7 2 16
19 54 8 4 184
19 55 6 3 37
19 56 5 4 117
19 57 5 4 243
19 58 6 5 788
19 59 7 5 2293
19 60 6 4 555
19 61 4 8 180622
19 62 1 5 250
19 63 4 3 51
20 0 10 2 20
20 1 3 3 20
20 2 6 2 29
20 3 1 5 296
20 4 6 4 552
20 5 10 3 70
20 6 9 3 57
20 7 10 4 797
20 8 8 2 39
20 9 5 3 84
20 10 7 4 312
20 11 7 2 31
20 12 7 3 49
20 13 7 4 472
20 14 6 5 1800
20 15 1 4 44
20 16 4 4 140
20 17 1 5 155
20 18 9 2 43
20 19 6 3 124
20 20 4 5 489
20 21 4 5 483
20 22 1 4 37
20 23 8 2 16
20 24 4 3 47
20 25 10 2 49
20 26 2 4 66
20 27 9 5 1864
20 28 9 5 2124
20 29 6 3 51
20 30 1 3 14
20 31 1 4 79
20 32 9 6 13936
20 33 3 4 224
20 34 10 5 2317
20 35 9 3 129
20 36 8 3 47
20 37 8 2 31
20 38 5 5 855
20 39 7 2 15
20 40 6 5 681
20 41 8 3 57
20 42 2 5 1003
20 43 4 3 49
20 44 2 6 1613
20 45 6 4 137
20 46 7 2 24
20 47 2 3 44
20 48 10 5 4410
20 49 7 6 7285
20 50 8 3 141
20 51 1 4 109
20 52 10 5 1248
20 53 10 4 971
20 54 6 3 58
20 55 9 3 105
20 56 7 2 29
20 57 8 2 24
20 58 7 5 1265
20 59 6 4 524
20 60 2 5 741
20 61 2 4 129
20 62 7 3 63
20 63 4 3 31
21 0 3 6 2800
21 1 7 3 122
21 2 2 3 44
21 3 1 5 226
21 4 3 6 3423
21 5 6 5 789
21 6 3 5 632
21 7 4 3 39
21 8 7 5 1572
21 9 6 5 1494
21 10 9 4 226
21 11 7 3 124
21 12 6 5 1618
21 13 7 4 415
21 14 1 5 196
21 15 3 4 147
21 16 5 3 84
21 17 4 3 77
21 18 5 5 700
21 19 10 3 114
21 20 6 5 755
21 21 3 3 46
21 22 4 6 2809
21 23 9 7 195681
21 24 7 5 1187
21 25 4 3 28
21 26 2 5 582
21 27 4 4 204
21 28 2 5 655
21 29 7 4 412
21 30 7 3 137
21 31 2 4 70
21 32 8 3 159
21 33 5 3 42
21 34 3 3 31
21 35 5 4 154
21 36 5 3 87
21 37 2 4 149
21 38 8 3 145
21 39 10 2 28
21 40 1 4 67
21 41 5 3 27
21 42 5 4 232
21 43 5 5 1482
21 44 9 2 27
21 45 9 2 27
21 46 10 2 37
21 47 1 5 598
21 48 9 2 27
21 49 10 4 473
21 50 10 5 4753
21 51 2 3 39
21 52 3 5 823
21 53 10 1 17
21 54 4 4 144
21 55 3 3 55
21 56 1 5 117
21 57 9 3 70
21 58 3 5 470
21 59 8 4 514
21 60 6 2 26
21 61 6 2 30
21 62 5 6 4520
21 63 2 4 145
22 0 6 3 41
22 1 3 2 14
22 2 5 4 300
22 3 8 2 28
22 4 2 4 75
22 5 3 3 30
22 6 8 3 70
22 7 8 3 46
22 8 1 5 194
22 9 10 2 41
22 10 2 4 202
22 11 2 6 1847
22 12 5 3 63
22 13 1 5 478
22 14 10 2 28
22 15 9 3 116
22 16 3 3 22
22 17 4 4 208
22 18 6 3 115
22 19 3 4 83
22 20 3 3 56
22 21 6 3 35
22 22 9 2 43
22 23 5 3 84
22 24 9 3 135
22 25 6 3 110
22 26 1 4 62
22 27 10 5 2232
22 28 7 3 138
22 29 5 4 436
22 30 7 5 825
22 31 5 5 1186
22 32 9 3 58
22 33 6 3 78
22 34 8 4 345
22 35 5 4 476
22 36 6 4 389
22 37 2 4 129
22 38 3 4 108
22 39 7 3 53
22 40 10 3 82
22 41 2 4 71
22 42 8 3 75
22 43 2 5 295
22 44 1 5 370
22 45 10 3 80
22 46 5 5 1222
22 47 1 4 28
22 48 5 3 34
22 49 3 3 43
22 50 2 3 27
22 51 9 3 70
22 52 3 4 294
22 53 10 3 72
22 54 1 5 182
22 55 6 5 1579
22 56 9 2 26
22 57 4 3 44
22 58 3 3 62
22 59 3 5 528
22 60 2 3 21
22 61 7 3 76
22 62 8 3 86
22 63 10 2 52
23 0 6 3 97
23 1 9 3 61
23 2 8 3 56
23 3 3 3 40
23 4 8 3 133
23 5 9 3 83
23 6 7 4 380
23 7 6 4 671
23 8 5 5 916
23 9 3 3 52
23 10 6 3 58
23 11 4 3 33
23 12 1 5 501
23 13 8 3 57
23 14 3 4 293
23 15 6 4 194
23 16 2 4 76
23 17 9 3 107
23 18 2 5 832
23 19 8 3 76
23 20 4 5 2477
23 21 9 4 223
23 22 6 4 159
23 23 2 3 39
23 24 1 7 5442
23 25 2 3 34
23 26 2 4 73
23 27 5 4 202
23 28 5 3 40
23 29 8 3 69
23 30 1 4 49
23 31 3 4 307
23 32 1 3 17
23 33 6 5 2480
23 34 1 4 77
23 35 6 4 179
23 36 7 3 101
23 37 9 3 95
23 38 3 5 1373
23 39 7 3 94
23 40 1 4 52
23 41 6 6 6501
23 42 5 5 576
23 43 9 3 95
23 44 5 3 107
23 45 8 4 383
23 46 3 6 3190
23 47 2 4 47
23 48 7 3 39
23 49 4 3 28
23 50 6 5 949
23 51 3 3 60
23 52 4 6 5195
23 53 1 4 50
23 54 2 3 34
23 55 6 4 171
23 56 7 4 512
23 57 3 6 4404
23 58 5 3 42
23 59 1 4 96
23 60 3 5 595
23 61 4 4 98
23 62 8 2 42
23 63 5 3 64
24 0 7 4 277
24 1 5 1 7
24 2 8 6 8741
24 3 4 5 539
24 4 3 3 34
24 5 10 4 811
24 6 2 5 521
24 7 9 2 25
24 8 6 2 17
24 9 7 3 68
24 10 4 4 110
24 11 4 6 5369
24 12 2 3 23
24 13 3 3 27
24 14 8 3 53
24 15 6 2 17
24 16 7 2 29
24 17 4 5 2204
24 18 10 4 356
24 19 10 2 41
24 20 10 3 208
24 21 6 3 122
24 22 3 3 21
24 23 4 4 155
24 24 8 2 38
24 25 1 4 36
24 26 6 3 32
24 27 10 2 19
24 28 7 2 22
24 29 1 5 631
24 30 5 2 21
24 31 4 2 17
24 32 4 3 38
24 33 7 4 203
24 34 4 4 137
24 35 9 3 115
24 36 10 4 236
24 37 6 4 328
24 38 5 5 637
24 39 6 4 569
24 40 10 4 277
24 41 1 5 154
24 42 9 2 34
24 43 6 2 23
24 44 1 5 126
24 45 10 1 11
24 46 1 6 1090
24 47 5 3 77
24 48 1 4 47
24 49 4 5 643
24 50 4 6 5310
24 51 3 3 17
24 52 5 3 64
24 53 3 4 283
24 54 3 3 31
24 55 6 2 28
24 56 3 3 43
24 57 9 3 59
24 58 1 4 28
24 59 5 2 24
24 60 5 3 65
24 61 9 3 133
24 62 6 3 84
24 63 1 4 66
25 0 1 3 9
25 1 5 4 352
25 2 6 4 159
25 3 8 4 301
25 4 7 3 42
25 5 1 4 59
25 6 4 5 1323
25 7 6 3 73
25 8 8 3 77
25 9 9 4 222
25 10 7 2 21
25 11 10 5 2270
25 12 1 4 45
25 13 2 4 174
25 14 8 3 174
25 15 6 3 47
25 16 4 5 529
25 17 4 5 820
25 18 1 5 240
25 19 5 3 66
25 20 4 4 157
25 21 5 4 117
25 22 3 4 210
25 23 9 2 18
25 24 4 5 1842
25 25 5 5 2533
25 26 2 5 236
25 27 10 3 96
25 28 6 2 31
25 29 6 3 63
25 30 9 2 30
25 31 3 3 30
25 32 6 3 60
25 33 6 5 1060
25 34 6 3 79
25 35 5 3 53
25 36 6 3 88
25 37 4 6 7882
25 38 4 3 65
25 39 3 3 40
25 40 10 4 422
25 41 6 4 163
25 42 9 3 71
25 43 2 4 90
25 44 3 6 14117
25 45 6 4 185
25 46 10 2 25
25 47 1 5 232
25 48 1 4 32
25 49 9 2 22
25 50 6 4 267
25 51 10 2 45
25 52 4 3 56
25 53 9 3 107
25 54 7 4 763
25 55 1 4 35
25 56 5 3 69
25 57 6 2 16
25 58 3 5 626
25 59 10 5 1690
25 60 4 3 68
25 61 8 3 56
25 62 1 4 67
25 63 8 3 44
26 0 2 4 57
26 1 2 3 18
26 2 6 2 22
26 3 10 2 29
26 4 2 3 29
26 5 9 2 35
26 6 8 3 81
26 7 2 5 1123
26 8 4 7 22149
26 9 8 4 280
26 10 2 5 526
26 11 9 4 871
26 12 9 3 57
26 13 10 3 82
26 14 2 5 322
26 15 3 4 82
26 16 10 3 66
26 17 5 3 58
26 18 10 6 15329
26 19 8 3 57
26 20 1 4 92
26 21 8 3 71
26 22 8 4 835
26 23 5 6 4362
26 24 6 3 49
26 25 9 2 38
26 26 3 3 30
26 27 10 2 47
26 28 7 4 431
26 29 2 4 54
26 30 10 2 46
26 31 4 3 49
26 32 4 4 320
26 33 3 4 78
26 34 7 2 33
26 35 6 5 1424
26 36 1 5 603
26 37 8 3 61
26 38 2 4 61
26 39 5 3 61
26 40 3 3 30
26 41 1 4 43
26 42 10 3 78
26 43 10 2 43
26 44 10 3 114
26 45 3 5 445
26 46 5 2 17
26 47 10 3 133
26 48 5 3 87
26 49 6 3 128
26 50 9 5 5516
26 51 8 5 1047
26 52 3 4 248
26 53 3 3 24
26 54 7 2 29
26 55 9 6 14337
26 56 10 3 56
26 57 1 5 179
26 58 3 3 38
26 59 1 5 227
26 60 5 2 13
26 61 2 4 59
26 62 3 4 78
26 63 5 3 59
27 0 8 3 103
27 1 3 5 532
27 2 9 5 4710
27 3 5 3 57
27 4 8 3 79
27 5 7 5 2934
27 6 9 5 3471
27 7 1 7 5080
27 8 8 3 62
27 9 7 4 274
27 10 2 4 167
27 11 4 6 4194
27 12 9 2 31
27 13 9 3 48
27 14 1 4 80
27 15 6 4 142
27 16 7 2 30
27 17 3 3 43
27 18 2 4 46
27 19 2 6 5206
27 20 5 3 71
27 21 10 4 359
27 22 3 5 448
27 23 10 3 101
27 24 3 4 236
27 25 6 3 66
27 26 3 5 381
27 27 10 4 780
27 28 1 4 44
27 29 1 6 1988
27 30 7 2 26
27 31 8 3 79
27 32 10 2 24
27 33 10 4 222
27 34 1 4 31
27 35 1 4 57
27 36 4 2 20
27 37 1 5 208
27 38 5 2 21
27 39 9 3 66
27 40 9 3 158
27 41 1 3 13
27 42 10 3 110
27 43 1 5 155
27 44 3 4 167
27 45 7 3 48
27 46 2 3 30
27 47 5 3 62
27 48 2 5 231
27 49 10 2 34
27 50 4 3 38
27 51 2 3 17
27 52 8 3 53
27 53 5 4 132
27 54 2 4 107
27 55 2 5 535
27 56 3 4 113
27 57 1 4 41
27 58 10 4 245
27 59 4 7 40031
27 60 5 3 36
27 61 7 3 38
27 62 3 3 55
27 63 2 3 43
28 0 4 3 66
28 1 8 3 70
28 2 5 3 108
28 3 9 3 76
28 4 8 2 17
28 5 9 2 21
28 6 9 4 352
28 7 2 8 544104
28 8 8 4 523
28 9 10 3 63
28 10 10 2 43
28 11 2 3 31
28 12 7 4 164
28 13 4 3 25
28 14 3 3 59
28 15 7 5 798
28 16 10 3 173
28 17 8 4 213
28 18 7 2 29
28 19 3 3 43
28 20 7 4 762
28 21 6 3 66
28 22 1 3 21
28 23 9 6 13074
28 24 10 3 76
28 25 3 4 146
28 26 2 3 19
28 27 1 5 119
28 28 10 2 39
28 29 4 3 49
28 30 1 5 334
28 31 4 3 39
28 32 6 3 113
28 33 1 4 104
28 34 5 3 34
28 35 6 3 48
28 36 7 3 95
28 37 10 3 65
28 38 6 3 61
28 39 7 2 13
28 40 5 3 37
28 41 5 6 12096
28 42 4 3 44
28 43 8 3 66
28 44 8 2 31
28 45 9 2 37
28 46 7 2 28
28 47 9 5 1610
28 48 9 3 51
28 49 2 3 19
28 50 2 4 102
28 51 3 6 6967
28 52 3 4 139
28 53 1 5 178
28 54 3 4 92
28 55 7 3 43
28 56 9 5 6162
28 57 5 3 42
28 58 2 5 306
28 59 6 4 171
28 60 3 3 50
28 61 6 4 277
28 62 6 3 65
28 63 6 3 83
29 0 7 3 38
29 1 2 5 268
29 2 5 4 203
29 3 4 3 47
29 4 1 4 55
29 5 10 2 18
29 6 10 5 2098
29 7 8 4 209
29 8 8 2 21
29 9 10 4 348
29 10 10 1 14
29 11 6 4 249
29 12 3 2 15
29 13 4 5 690
29 14 1 5 639
29 15 5 5 2302
29 16 3 4 99
29 17 1 5 207
29 18 3 4 133
29 19 3 6 9790
29 20 5 4 120
29 21 10 1 15
29 22 8 3 98
29 23 8 2 28
29 24 9 4 574
29 25 2 5 363
29 26 2 4 85
29 27 1 4 69
29 28 4 4 246
29 29 7 3 95
29 30 10 2 41
29 31 3 4 185
29 32 2 5 340
29 33 7 4 637
29 34 5 4 178
29 35 10 4 275
29 36 4 6 6332
29 37 1 4 103
29 38 4 4 273
29 39 5 2 21
29 40 3 6 3937
29 41 3 4 269
29 42 1 4 54
29 43 5 2 25
29 44 5 3 60
29 45 1 5 136
29 46 6 5 2218
29 47 3 4 113
29 48 9 3 83
29 49 5 4 209
29 50 8 5 1913
29 51 2 5 876
29 52 7 2 35
29 53 6 3 119
29 54 1 5 293
29 55 9 2 45
29 56 8 4 252
29 57 1 5 353
29 58 3 4 105
29 59 7 3 109
29 60 1 5 313
29 61 5 6 6643
29 62 1 5 115
29 63 10 2 21
30 0 5 3 80
30 1 1 4 58
30 2 2 3 40
30 3 5 3 28
30 4 6 5 810
30 5 7 2 36
30 6 7 3 135
30 7 10 2 29
30 8 8 6 5823
30 9 10 5 5491
30 10 6 2 20
30 11 2 5 329
30 12 9 3 119
30 13 7 2 32
30 14 5 3 103
30 15 8 4 372
30 16 9 4 341
30 17 6 2 27
30 18 5 3 69
30 19 2 4 49
30 20 9 5 4869
30 21 10 4 389
30 22 3 4 97
30 23 4 4 434
30 24 8 1 14
30 25 6 3 50
30 26 10 3 85
30 27 1 5 449
30 28 3 3 47
30 29 3 3 22
30 30 1 4 38
30 31 2 3 23
30 32 8 5 2204
30 33 3 7 20649
30 34 9 2 20
30 35 1 5 252
30 36 9 3 100
30 37 4 3 29
30 38 1 4 26
30 39 2 3 24
30 40 1 5 158
30 41 10 2 20
30 42 1 6 1332
30 43 1 4 113
30 44 9 2 19
30 45 4 4 431
30 46 3 2 10
30 47 2 3 35
30 48 10 1 17
30 49 6 4 362
30 50 9 2 27
30 51 3 3 23
30 52 1 4 37
30 53 4 4 427
30 54 9 2 47
30 55 3 5 2042
30 56 5 4 162
30 57 4 6 18685
30 58 6 5 877
30 59 4 3 71
30 60 1 4 40
30 61 4 4 97
30 62 1 5 489
30 63 9 3 94
31 0 2 3 39
31 1 1 3 17
31 2 7 4 269
31 3 9 3 86
31 4 10 4 334
31 5 2 5 479
31 6 8 3 43
31 7 5 3 45
31 8 10 4 566
31 9 10 3 90
31 10 2 4 193
31 11 5 2 25
31 12 9 2 21
31 13 2 4 113
31 14 2 4 68
31 15 2 4 149
31 16 3 4 85
31 17 8 3 51
31 18 3 4 71
31 19 6 3 72
31 20 4 4 200
31 21 3 3 44
31 22 4 4 178
31 23 7 2 13
31 24 3 5 694
31 25 1 4 82
31 26 8 3 64
31 27 3 3 43
31 28 6 2 22
31 29 10 3 59
31 30 3 4 190
31 31 4 5 973
31 32 10 3 91
31 33 9 3 70
31 34 7 3 40
31 35 3 3 64
31 36 4 4 122
31 37 3 4 216
31 38 9 4 724
31 39 7 3 48
31 40 3 3 39
31 41 5 4 216
31 42 2 3 14
31 43 2 3 30
31 44 4 4 166
31 45 7 2 20
31 46 2 4 202
31 47 6 3 60
31 48 1 4 24
31 49 8 3 107
31 50 8 3 136
31 51 7 3 57
31 52 7 5 1160
31 53 1 4 26
31 54 4 5 1272
31 55 3 6 7391
31 56 9 3 147
31 57 4 4 339
31 58 6 4 146
31 59 10 3 158
31 60 4 4 129
31 61 6 3 126
31 62 6 3 76
31 63 9 4 355
32 0 9 5 1352
32 1 9 4 391
32 2 3 4 74
32 3 8 3 82
32 4 5 3 41
32 5 1 4 63
32 6 4 7 61142
32 7 8 2 15
32 8 8 2 31
32 9 4 5 1421
32 10 4 3 65
32 11 7 3 90
32 12 2 4 113
32 13 8 2 37
32 14 1 6 2475
32 15 4 4 91
32 16 3 4 70
32 17 4 4 328
32 18 3 4 106
32 19 5 4 539
32 20 9 3 157
32 21 9 2 17
32 22 8 3 58
32 23 4 4 183
32 24 6 3 68
32 25 6 3 40
32 26 9 4 235
32 27 8 3 117
32 28 3 4 137
32 29 8 3 131
32 30 4 3 81
32 31 10 5 1780
32 32 1 4 66
32 33 6 2 28
32 34 5 3 84
32 35 2 4 84
32 36 9 3 80
32 37 8 3 47
32 38 10 4 331
32 39 2 4 97
32 40 4 6 3622
32 41 1 4 37
32 42 5 3 40
32 43 2 6 3762
32 44 6 5 2750
32 45 9 4 428
32 46 4 4 122
32 47 9 5 6231
32 48 5 6 10474
32 49 5 7 82363
32 50 7 2 27
32 51 8 5 3691
32 52 7 4 316
32 53 9 2 36
32 54 1 5 560
32 55 6 5 828
32 56 8 3 148
32 57 1 5 129
32 58 6 3 50
32 59 9 3 77
32 60 3 6 2841
32 61 2 3 34
32 62 2 6 9077
32 63 6 4 471
33 0 2 5 392
33 1 3 3 42
33 2 4 4 140
33 3 10 3 135
33 4 5 3 49
33 5 4 4 108
33 6 2 4 106
33 7 9 2 31
33 8 6 3 51
33 9 7 3 99
33 10 4 5 1583
33 11 6 4 203
33 12 6 4 298
33 13 8 4 613
33 14 10 3 82
33 15 10 3 64
33 16 4 4 127
33 17 3 4 84
33 18 4 3 61
33 19 1 4 103
33 20 5 4 124
33 21 10 3 82
33 22 8 3 97
33 23 8 3 78
33 24 9 1 11
33 25 3 4 83
33 26 9 3 121
33 27 10 2 46
33 28 7 4 163
33 29 1 5 115
33 30 8 3 113
33 31 7 4 361
33 32 10 6 7301
33 33 1 4 50
33 34 7 2 25
33 35 5 4 319
33 36 6 6 20272
33 37 5 5 758
33 38 10 4 484
33 39 2 4 49
33 40 4 3 32
33 41 9 2 42
33 42 8 3 81
33 43 10 5 1208
33 44 8 3 147
33 45 8 3 82
33 46 3 5 1064
33 47 3 3 32
33 48 1 7 12484
33 49 2 5 410
33 50 8 3 89
33 51 8 2 29
33 52 5 4 148
33 53 10 3 93
33 54 9 3 81
33 55 10 3 134
33 56 2 5 290
33 57 3 4 69
33 58 1 4 57
33 59 8 3 127
33 60 5 4 181
33 61 4 3 49
33 62 6 2 21
33 63 8 2 34
34 0 1 4 96
34 1 8 2 36
34 2 5 3 37
34 3 2 4 47
34 4 8 3 64
34 5 5 2 25
34 6 6 3 51
34 7 8 4 637
34 8 5 7 99743
34 9 10 3 64
34 10 2 4 81
34 11 1 5 667
34 12 10 3 105
34 13 3 4 70
34 14 10 2 25
34 15 9 3 102
34 16 6 4 135
34 17 2 4 75
34 18 2 4 88
34 19 8 3 162
34 20 10 3 133
34 21 7 4 342
34 22 8 3 71
34 23 10 3 140
34 24 4 4 136
34 25 7 4 465
34 26 3 5 637
34 27 8 5 982
34 28 7 3 72
34 29 6 3 45
34 30 2 4 64
34 31 8 4 619
34 32 4 2 21
34 33 8 3 91
34 34 9 2 38
34 35 5 3 47
34 36 9 2 29
34 37 10 2 29
34 38 3 4 100
34 39 2 7 46762
34 40 7 5 890
34 41 3 4 281
34 42 5 4 172
34 43 1 5 271
34 44 7 4 694
34 45 1 4 32
34 46 2 3 33
34 47 7 4 444
34 48 5 5 756
34 49 6 4 165
34 50 7 4 270
34 51 7 2 15
34 52 3 4 245
34 53 1 6 984
34 54 2 3 32
34 55 3 4 75
34 56 9 2 32
34 57 10 3 66
34 58 4 3 37
34 59 7 4 178
34 60 5 3 30
34 61 3 4 90
34 62 6 3 64
34 63 7 2 22
35 0 8 3 127
35 1 5 3 41
35 2 5 4 224
35 3 7 4 376
35 4 4 5 1309
35 5 10 3 65
35 6 2 5 531
35 7 9 3 55
35 8 7 4 487
35 9 8 3 71
35 10 7 3 102
35 11 10 3 72
35 12 9 2 29
35 13 6 3 44
35 14 5 4 157
35 15 9 3 171
35 16 1 4 106
35 17 9 4 199
35 18 1 5 240
35 19 9 3 89
35 20 8 3 119
35 21 6 3 117
35 22 8 3 149
35 23 1 4 36
35 24 8 3 129
35 25 4 5 698
35 26 1 6 2644
35 27 10 3 63
35 28 9 3 53
35 29 4 4 197
35 30 2 4 142
35 31 2 3 44
35 32 2 4 59
35 33 2 5 568
35 34 5 5 1125
35 35 5 3 28
35 36 10 2 25
35 37 10 3 69
35 38 10 2 21
35 39 8 2 25
35 40 5 4 396
35 41 1 5 692
35 42 9 3 92
35 43 5 3 66
35 44 5 3 77
35 45 3 3 23
35 46 3 2 10
35 47 2 3 39
35 48 3 7 16031
35 49 2 5 416
35 50 5 3 110
35 51 4 3 31
35 52 3 3 49
35 53 10 3 218
35 54 9 5 1248
35 55 9 3 56
35 56 4 3 63
35 57 7 2 25
35 58 10 3 65
35 59 7 5 2191
35 60 4 4 167
35 61 5 3 48
35 62 9 3 167
35 63 7 3 97
36 0 9 3 116
36 1 9 2 44
36 2 5 3 91
36 3 10 3 172
36 4 6 3 67
36 5 4 4 296
36 6 6 5 3384
36 7 7 2 18
36 8 9 3 110
36 9 4 4 95
36 10 7 3 57
36 11 8 4 210
36 12 1 4 51
36 13 9 4 203
36 14 10 5 1983
36 15 6 4 250
36 16 3 4 79
36 17 7 4 454
36 18 5 5 644
36 19 1 4 32
36 20 6 3 62
36 21 2 4 55
36 22 3 5 645
36 23 8 5 971
36 24 4 5 564
36 25 5 4 135
36 26 6 3 37
36 27 2 5 323
36 28 2 5 865
36 29 10 2 32
36 30 2 4 63
36 31 2 4 104
36 32 6 4 272
36 33 8 3 50
36 34 8 5 1433
36 35 3 4 204
36 36 10 1 15
36 37 1 5 182
36 38 6 5 957
36 39 2 3 33
36 40 7 5 3167
36 41 8 4 423
36 42 5 3 42
36 43 9 4 286
36 44 9 4 259
36 45 10 3 55
36 46 2 3 18
36 47 8 6 14700
36 48 8 4 293
36 49 6 3 128
36 50 5 6 7625
36 51 8 4 651
36 52 9 6 26525
36 53 9 4 267
36 54 8 4 300
36 55 1 5 261
36 56 4 4 211
36 57 9 4 414
36 58 9 4 514
36 59 4 3 77
36 60 3 4 94
36 61 2 4 75
36 62 5 3 42
36 63 2 4 109
37 0 5 2 19
37 1 7 3 90
37 2 8 2 40
37 3 6 2 28
37 4 4 3 52
37 5 9 3 187
37 6 4 4 164
37 7 7 3 89
37 8 3 4 218
37 9 5 3 29
37 10 7 5 2238
37 11 3 6 3717
37 12 3 4 128
37 13 9 3 65
37 14 5 5 607
37 15 5 4 117
37 16 3 4 303
37 17 4 4 296
37 18 4 3 24
37 19 8 3 88
37 20 8 2 19
37 21 8 4 323
37 22 4 3 70
37 23 8 3 160
37 24 1 3 10
37 25 1 4 28
37 26 9 3 117
37 27 4 3 51
37 28 2 6 1681
37 29 3 3 42
37 30 5 5 2441
37 31 3 5 1280
37 32 9 2 25
37 33 1 5 524
37 34 1 5 201
37 35 7 3 42
37 36 2 4 75
37 37 9 3 55
37 38 9 1 15
37 39 6 3 36
37 40 10 4 261
37 41 1 3 22
37 42 9 3 103
37 43 1 4 25
37 44 1 6 1499
37 45 4 4 247
37 46 4 4 355
37 47 2 4 48
37 48 8 4 183
37 49 10 3 66
37 50 9 4 235
37 51 3 3 36
37 52 6 4 196
37 53 5 3 39
37 54 8 3 47
37 55 6 3 70
37 56 3 4 192
37 57 2 4 127
37 58 4 2 16
37 59 7 6 12873
37 60 9 4 265
37 61 3 5 728
37 62 1 2 3
37 63 6 2 11
38 0 10 2 18
38 1 7 4 775
38 2 10 4 422
38 3 7 4 536
38 4 1 6 949
38 5 8 4 223
38 6 1 4 100
38 7 7 6 10390
38 8 3 3 25
38 9 5 4 335
38 10 4 5 1195
38 11 1 4 87
38 12 10 5 6410
38 13 5 5 2064
38 14 3 2 6
38 15 7 2 14
38 16 8 3 123
38 17 1 5 124
38 18 10 3 186
38 19 2 6 2324
38 20 7 5 3643
38 21 6 3 78
38 22 8 3 72
38 23 10 3 171
38 24 5 5 1166
38 25 10 2 24
38 26 7 3 42
38 27 4 6 4612
38 28 6 2 27
38 29 7 5 3429
38 30 2 6 4052
38 31 3 4 141
38 32 9 4 480
38 33 5 5 596
38 34 1 5 687
38 35 4 4 93
38 36 5 2 17
38 37 8 4 546
38 38 10 5 4974
38 39 5 3 32
38 40 4 5 1764
38 41 5 2 11
38 42 3 3 35
38 43 2 3 41
38 44 1 3 16
38 45 6 4 213
38 46 8 3 46
38 47 2 3 23
38 48 5 4 125
38 49 4 3 80
38 50 7 4 182
38 51 3 4 112
38 52 9 4 336
38 53 9 7 114488
38 54 7 2 24
38 55 2 5 311
38 56 4 5 1373
38 57 10 4 262
38 58 5 5 788
38 59 1 7 24238
38 60 4 2 20
38 61 5 2 26
38 62 4 5 1507
38 63 7 4 240
39 0 9 4 802
39 1 6 2 16
39 2 6 4 143
39 3 2 4 106
39 4 9 2 37
39 5 9 5 2240
39 6 8 4 211
39 7 7 6 5871
39 8 7 3 48
39 9 3 4 109
39 10 10 4 301
39 11 1 4 42
39 12 8 1 6
39 13 2 5 342
39 14 6 4 170
39 15 3 4 82
39 16 10 3 197
39 17 1 4 108
39 18 8 3 64
39 19 9 3 75
39 20 7 1 12
39 21 7 4 373
39 22 2 5 290
39 23 4 5 1549
39 24 6 4 253
39 25 1 4 102
39 26 10 4 457
39 27 6 3 49
39 28 4 3 40
39 29 6 3 33
39 30 6 3 46
39 31 1 4 77
39 32 2 3 29
39 33 7 3 95
39 34 5 5 1508
39 35 1 4 46
39 36 6 4 574
39 37 10 3 54
39 38 3 5 1819
39 39 4 4 327
39 40 6 3 32
39 41 10 1 15
39 42 5 4 290
39 43 5 3 64
39 44 5 4 125
39 45 1 3 16
39 46 1 5 128
39 47 7 3 86
39 48 10 2 20
39 49 10 4 280
39 50 4 4 111
39 51 10 3 135
39 52 2 5 551
39 53 5 4 151
39 54 4 3 36
39 55 7 7 80800
39 56 7 4 394
39 57 3 4 90
39 58 5 4 178
39 59 7 5 1478
39 60 6 3 47
39 61 1 5 244
39 62 5 3 35
39 63 9 7 190145
40 0 1 5 356
40 1 6 3 50
40 2 6 4 288
40 3 4 3 73
40 4 1 5 136
40 5 5 3 51
40 6 4 3 25
40 7 9 3 109
40 8 9 4 560
40 9 2 4 125
40 10 6 4 154
40 11 3 4 123
40 12 3 4 248
40 13 2 7 35709
40 14 2 4 99
40 15 5 3 55
40 16 7 5 1983
40 17 9 3 54
40 18 10 3 173
40 19 3 5 510
40 20 2 4 90
40 21 5 3 40
40 22 6 6 6957
40 23 1 4 24
40 24 8 3 64
40 25 7 2 16
40 26 5 4 235
40 27 7 3 65
40 28 4 3 57
40 29 6 3 39
40 30 3 5 675
40 31 2 3 29
40 32 9 4 572
40 33 8 4 228
40 34 1 5 526
40 35 3 3 33
40 36 6 3 77
40 37 8 5 1095
40 38 7 2 28
40 39 8 4 329
40 40 4 3 46
40 41 7 2 28
40 42 4 4 154
40 43 4 5 511
40 44 4 4 133
40 45 2 3 36
40 46 5 3 47
40 47 2 6 1626
40 48 7 1 12
40 49 9 3 141
40 50 5 8 301750
40 51 1 7 12036
40 52 9 2 39
40 53 6 3 45
40 54 4 4 109
40 55 6 5 2315
40 56 5 4 113
40 57 7 4 310
40 58 5 4 471
40 59 3 3 46
40 60 3 3 30
40 61 4 5 696
40 62 6 3 85
40 63 2 3 28
41 0 6 2 25
41 1 1 4 71
41 2 2 4 163
41 3 9 2 46
41 4 4 5 619
41 5 7 5 871
41 6 1 5 130
41 7 9 2 34
41 8 4 4 112
41 9 2 5 1109
41 10 9 2 24
41 11 1 4 43
41 12 5 4 133
41 13 9 7 306320
41 14 9 4 214
41 15 5 8 235288
41 16 10 1 6
41 17 9 3 190
41 18 2 4 60
41 19 8 2 30
41 20 7 3 148
41 21 5 6 4000
41 22 7 2 16
41 23 5 4 153
41 24 10 2 25
41 25 6 3 58
41 26 4 4 447
41 27 1 4 49
41 28 5 4 231
41 29 1 4 109
41 30 10 3 88
41 31 1 6 3039
41 32 8 3 60
41 33 7 2 28
41 34 2 4 210
41 35 8 2 28
41 36 1 4 64
41 37 5 6 4577
41 38 3 2 13
41 39 10 5 1532
41 40 2 3 26
41 41 8 2 33
41 42 8 4 256
41 43 5 3 31
41 44 8 3 69
41 45 7 3 39
41 46 7 2 24
41 47 3 4 159
41 48 3 4 187
41 49 9 2 17
41 50 4 3 43
41 51 9 3 150
41 52 8 5 4188
41 53 7 3 43
41 54 4 3 27
41 55 5 4 183
41 56 1 4 23
41 57 8 3 66
41 58 7 6 6251
41 59 9 3 128
41 60 4 6 3213
41 61 10 3 112
41 62 10 1 11
41 63 1 4 30
42 0 10 2 51
42 1 2 4 83
42 2 9 2 47
42 3 4 3 69
42 4 10 4 597
42 5 2 5 1389
42 6 3 5 1547
42 7 8 3 45
42 8 9 2 33
42 9 10 4 462
42 10 1 5 187
42 11 4 5 776
42 12 7 4 647
42 13 7 2 26
42 14 3 3 21
42 15 7 3 38
42 16 5 4 137
42 17 3 4 324
42 18 8 2 41
42 19 10 2 35
42 20 6 6 16531
42 21 5 3 81
42 22 3 4 157
42 23 6 5 2368
42 24 2 3 34
42 25 2 6 2368
42 26 6 2 31
42 27 10 3 99
42 28 3 7 17212
42 29 4 5 595
42 30 10 4 275
42 31 1 6 882
42 32 5 2 26
42 33 8 3 173
42 34 1 5 349
42 35 3 4 136
42 36 8 3 62
42 37 8 3 137
42 38 3 4 164
42 39 10 3 82
42 40 8 2 25
42 41 5 4 380
42 42 7 3 80
42 43 10 3 102
42 44 9 1 15
42 45 8 2 27
42 46 5 4 216
42 47 4 3 34
42 48 10 5 1237
42 49 7 2 14
42 50 8 3 47
42 51 7 5 2913
42 52 1 6 1278
42 53 4 4 95
42 54 9 2 20
42 55 7 3 47
42 56 8 3 167
42 57 9 2 29
42 58 8 4 375
42 59 1 9 714060
42 60 6 5 2142
42 61 6 3 121
42 62 2 4 149
42 63 9 3 65
43 0 6 2 19
43 1 5 3 28
43 2 7 3 89
43 3 8 4 622
43 4 2 4 68
43 5 6 3 44
43 6 5 3 70
43 7 5 3 34
43 8 7 2 30
43 9 2 5 345
43 10 9 2 37
43 11 10 2 26
43 12 7 5 3849
43 13 5 2 25
43 14 5 3 97
43 15 10 4 350
43 16 10 4 688
43 17 4 3 42
43 18 5 3 42
43 19 9 5 1945
43 20 2 4 126
43 21 2 5 233
43 22 7 3 148
43 23 3 5 1191
43 24 9 3 112
43 25 1 7 8457
43 26 7 3 109
43 27 8 4 266
43 28 5 3 38
43 29 7 4 767
43 30 4 3 34
43 31 6 2 19
43 32 10 2 28
43 33 8 3 123
43 34 8 4 774
43 35 4 4 233
43 36 3 5 999
43 37 3 3 57
43 38 3 6 5331
43 39 4 2 20
43 40 3 5 1160
43 41 5 4 128
43 42 5 3 46
43 43 6 2 30
43 44 10 2 44
43 45 6 3 128
43 46 6 3 43
43 47 7 5 4430
43 48 7 4 600
43 49 1 4 56
43 50 2 4 111
43 51 2 7 14478
43 52 4 3 63
43 53 5 5 2403
43 54 9 3 58
43 55 9 4 409
43 56 1 6 3311
43 57 10 3 71
43 58 4 4 163
43 59 4 4 282
43 60 5 3 29
43 61 2 4 50
43 62 5 3 70
43 63 9 5 1882
44 0 6 2 26
44 1 4 3 82
44 2 3 4 326
44 3 2 3 30
44 4 9 2 29
44 5 4 5 1424
44 6 5 4 132
44 7 3 4 284
44 8 8 4 248
44 9 2 4 81
44 10 8 5 1096
44 11 2 4 69
44 12 7 5 3304
44 13 3 6 3224
44 14 6 2 18
44 15 10 5 6148
44 16 10 3 59
44 17 3 3 25
44 18 6 2 20
44 19 3 4 118
44 20 5 4 141
44 21 3 3 49
44 22 2 3 36
44 23 10 2 51
44 24 4 5 780
44 25 10 4 499
44 26 6 3 61
44 27 2 6 1719
44 28 10 3 66
44 29 3 3 39
44 30 7 5 912
44 31 4 2 14
44 32 10 3 73
44 33 4 3 33
44 34 2 5 654
44 35 7 4 189
44 36 6 4 166
44 37 7 2 33
44 38 10 4 235
44 39 6 3 111
44 40 2 4 48
44 41 10 3 194
44 42 8 4 596
44 43 10 4 727
44 44 3 4 307
44 45 8 4 264
44 46 8 4 307
44 47 4 4 173
44 48 4 3 24
44 49 2 3 25
44 50 7 3 45
44 51 7 4 164
44 52 5 5 2923
44 53 7 3 38
44 54 6 5 1067
44 55 3 3 64
44 56 9 3 91
44 57 5 1 8
44 58 2 5 366
44 59 7 3 56
44 60 1 4 35
44 61 5 4 190
44 62 8 3 69
44 63 5 2 14
45 0 7 4 431
45 1 7 3 39
45 2 9 2 22
45 3 6 4 380
45 4 2 5 247
45 5 7 3 128
45 6 3 4 256
45 7 1 3 8
45 8 6 2 18
45 9 10 4 622
45 10 1 4 110
45 11 3 4 110
45 12 9 3 164
45 13 10 3 93
45 14 9 2 33
45 15 5 3 93
45 16 5 2 18
45 17 2 3 41
45 18 7 3 40
45 19 5 5 1003
45 20 3 3 31
45 21 4 3 31
45 22 4 3 79
45 23 6 2 25
45 24 10 2 34
45 25 7 3 45
45 26 10 1 10
45 27 2 5 1206
45 28 1 6 1747
45 29 3 4 259
45 30 9 2 36
45 31 7 4 249
45 32 4 3 22
45 33 2 5 230
45 34 5 3 51
45 35 9 4 245
45 36 5 4 150
45 37 7 4 301
45 38 9 1 13
45 39 9 2 28
45 40 7 3 82
45 41 9 4 585
45 42 9 5 4886
45 43 5 5 2665
45 44 3 4 93
45 45 7 2 17
45 46 2 6 2671
45 47 7 2 33
45 48 6 2 23
45 49 5 4 166
45 50 6 3 48
45 51 9 2 42
45 52 6 4 384
45 53 5 3 42
45 54 1 4 51
45 55 10 2 32
45 56 6 4 295
45 57 9 6 9199
45 58 1 7 10248
45 59 6 3 43
45 60 9 6 37508
45 61 6 4 406
45 62 9 3 97
45 63 1 4 63
46 0 8 4 417
46 1 7 3 103
46 2 5 4 155
46 3 8 4 453
46 4 9 3 103
46 5 10 3 69
46 6 10 4 524
46 7 7 3 74
46 8 9 8 614616
46 9 9 5 3193
46 10 5 5 1036
46 11 1 5 120
46 12 7 4 650
46 13 3 5 360
46 14 6 6 6263
46 15 9 4 356
46 16 7 2 24
46 17 10 3 83
46 18 2 4 178
46 19 5 3 30
46 20 6 3 47
46 21 7 3 66
46 22 1 4 50
46 23 7 4 190
46 24 5 3 30
46 25 7 4 353
46 26 7 2 25
46 27 7 3 91
46 28 3 4 278
46 29 7 3 125
46 30 1 4 76
46 31 8 2 30
46 32 7 4 198
46 33 6 5 1533
46 34 7 3 45
46 35 7 2 25
46 36 6 3 71
46 37 2 4 105
46 38 1 5 126
46 39 3 5 502
46 40 7 5 848
46 41 5 5 2280
46 42 6 3 34
46 43 10 4 731
46 44 7 3 48
46 45 8 3 80
46 46 2 5 492
46 47 1 5 249
46 48 5 4 279
46 49 2 4 59
46 50 2 4 153
46 51 8 5 1189
46 52 9 4 776
46 53 4 3 33
46 54 5 7 48451
46 55 6 3 38
46 56 6 3 118
46 57 3 6 2881
46 58 1 5 474
46 59 9 4 506
46 60 10 3 58
46 61 2 5 245
46 62 6 3 115
46 63 9 4 666
47 0 5 2 21
47 1 7 3 47
47 2 7 3 58
47 3 5 4 162
47 4 7 2 19
47 5 8 3 121
47 6 6 4 149
47 7 8 1 10
47 8 9 2 23
47 9 8 4 382
47 10 10 2 31
47 11 5 3 29
47 12 8 3 49
47 13 1 4 90
47 14 10 5 1197
47 15 9 2 20
47 16 1 3 19
47 17 8 5 2733
47 18 5 5 647
47 19 4 2 21
47 20 8 3 96
47 21 1 4 48
47 22 9 4 706
47 23 9 3 120
47 24 3 4 81
47 25 3 4 273
47 26 9 3 49
47 27 10 2 51
47 28 4 5 1162
47 29 1 6 1490
47 30 4 3 70
47 31 1 5 129
47 32 9 4 488
47 33 4 4 306
47 34 3 4 75
47 35 8 5 973
47 36 3 5 965
47 37 5 4 454
47 38 9 3 162
47 39 8 3 89
47 40 4 3 36
47 41 9 3 89
47 42 3 3 38
47 43 3 4 312
47 44 1 4 96
47 45 6 4 181
47 46 3 3 27
47 47 2 3 31
47 48 9 1 15
47 49 10 6 11514
47 50 3 3 53
47 51 10 2 34
47 52 2 5 488
47 53 3 5 411
47 54 4 5 895
47 55 6 3 61
47 56 1 5 293
47 57 9 6 7408
47 58 9 4 321
47 59 2 4 45
47 60 9 2 39
47 61 7 3 127
47 62 7 5 2598
47 63 2 3 26
48 0 6 2 27
48 1 8 2 21
48 2 3 5 535
48 3 8 5 3239
48 4 10 3 81
48 5 8 3 58
48 6 7 3 113
48 7 3 4 123
48 8 4 3 47
48 9 1 3 12
48 10 1 4 23
48 11 7 3 103
48 12 5 4 328
48 13 1 5 232
48 14 1 4 45
48 15 9 3 77
48 16 4 3 43
48 17 9 3 155
48 18 8 2 39
48 19 10 2 43
48 20 10 2 48
48 21 3 4 214
48 22 7 2 27
48 23 10 2 24
48 24 9 6 6425
48 25 10 2 25
48 26 4 4 100
48 27 8 2 35
48 28 7 4 460
48 29 10 3 71
48 30 8 2 18
48 31 2 5 253
48 32 3 4 95
48 33 8 2 37
48 34 5 4 321
48 35 4 4 158
48 36 3 4 300
48 37 1 4 34
48 38 4 4 118
48 39 6 3 86
48 40 9 3 79
48 41 7 3 86
48 42 10 2 20
48 43 4 3 63
48 44 1 5 184
48 45 4 3 38
48 46 8 2 31
48 47 8 3 56
48 48 6 5 1022
48 49 2 4 95
48 50 5 5 1250
48 51 6 3 33
48 52 6 3 62
48 53 7 4 714
48 54 7 6 33144
48 55 7 3 58
48 56 8 2 35
48 57 1 6 2241
48 58 10 3 96
48 59 3 4 255
48 60 9 2 16
48 61 10 5 1320
48 62 5 3 42
48 63 6 4 215
49 0 8 3 131
49 1 8 4 317
49 2 8 2 23
49 3 9 1 12
49 4 9 3 132
49 5 3 5 1268
49 6 9 2 20
49 7 4 4 322
49 8 3 3 27
49 9 5 3 69
49 10 10 2 47
49 11 9 4 230
49 12 9 3 103
49 13 2 5 413
49 14 10 3 94
49 15 2 3 27
49 16 6 4 156
49 17 4 5 1831
49 18 5 5 2320
49 19 2 2 9
49 20 4 3 71
49 21 8 4 318
49 22 10 5 2980
49 23 9 5 4717
49 24 1 3 12
49 25 1 5 391
49 26 8 4 267
49 27 9 1 11
49 28 6 2 14
49 29 3 4 225
49 30 9 5 2280
49 31 10 3 208
49 32 2 6 2298
49 33 6 4 178
49 34 1 3 10
49 35 5 4 288
49 36 8 2 37
49 37 2 3 44
49 38 3 4 190
49 39 9 3 135
49 40 10 1 11
49 41 10 3 99
49 42 3 3 65
49 43 8 2 34
49 44 3 3 25
49 45 1 4 28
49 46 1 6 889
49 47 2 6 6488
49 48 5 3 82
49 49 5 5 835
49 50 7 3 99
49 51 6 3 67
49 52 6 5 1870
49 53 8 4 247
49 54 3 3 35
49 55 1 3 18
49 56 6 4 175
49 57 4 3 66
49 58 1 7 9351
49 59 6 5 2040
49 60 10 3 76
49 61 7 3 137
49 62 2 6 2752
49 63 7 3 44
50 0 1 3 10
50 1 1 4 69
50 2 5 4 155
50 3 6 4 169
50 4 4 5 562
50 5 8 7 83198
50 6 2 4 222
50 7 1 3 10
50 8 2 6 4312
50 9 7 3 55
50 10 5 4 193
50 11 10 5 4768
50 12 3 5 641
50 13 9 2 26
50 14 1 6 2446
50 15 1 6 996
50 16 4 4 143
50 17 1 6 2745
50 18 4 4 215
50 19 1 5 125
50 20 9 6 24307
50 21 3 4 331
50 22 5 3 63
50 23 1 4 64
50 24 3 3 47
50 25 9 7 78557
50 26 9 2 21
50 27 4 4 150
50 28 7 2 32
50 29 7 3 38
50 30 6 2 30
50 31 1 6 4881
50 32 3 4 247
50 33 9 3 54
50 34 5 4 159
50 35 5 3 73
50 36 9 3 143
50 37 10 3 58
50 38 6 4 140
50 39 9 4 675
50 40 10 1 12
50 41 8 5 2022
50 42 1 4 39
50 43 1 4 49
50 44 6 3 32
50 45 1 4 29
50 46 8 4 225
50 47 7 2 33
50 48 10 1 9
50 49 8 5 1690
50 50 6 2 25
50 51 6 4 212
50 52 1 3 12
50 53 1 4 33
50 54 6 2 22
50 55 6 4 233
50 56 4 3 73
50 57 2 4 121
50 58 7 6 8316
50 59 7 4 350
50 60 5 2 20
50 61 8 3 50
50 62 9 2 32
50 63 2 4 195
51 0 9 3 115
51 1 5 6 4438
51 2 9 4 312
51 3 3 3 22
51 4 2 5 1046
51 5 1 4 93
51 6 9 2 36
51 7 6 2 16
51 8 1 4 62
51 9 10 3 54
51 10 7 3 106
51 11 3 5 894
51 12 1 5 134
51 13 5 4 195
51 14 4 3 38
51 15 7 5 3312
51 16 9 2 41
51 17 8 4 692
51 18 10 3 58
51 19 4 4 316
51 20 6 7 62918
51 21 10 3 97
51 22 8 3 116
51 23 10 3 160
51 24 4 4 202
51 25 1 5 120
51 26 10 3 68
51 27 4 4 95
51 28 7 3 50
51 29 1 4 32
51 30 9 4 343
51 31 8 3 70
51 32 7 3 118
51 33 2 4 103
51 34 10 3 58
51 35 4 3 88
51 36 5 2 26
51 37 1 4 44
51 38 3 4 87
51 39 2 4 51
51 40 10 3 134
51 41 6 4 550
51 42 5 3 35
51 43 7 4 436
51 44 3 3 21
51 45 10 2 32
51 46 6 5 3064
51 47 3 3 54
51 48 8 4 305
51 49 2 4 172
51 50 7 3 79
51 51 7 3 41
51 52 1 4 42
51 53 5 3 55
51 54 7 4 300
51 55 10 4 399
51 56 5 3 48
51 57 6 5 1181
51 58 4 5 888
51 59 5 4 230
51 60 6 5 2446
51 61 8 5 911
51 62 1 4 85
51 63 10 3 95
52 0 6 3 94
52 1 6 3 41
52 2 5 4 114
52 3 6 2 20
52 4 9 2 20
52 5 8 2 20
52 6 4 5 863
52 7 8 3 150
52 8 9 2 38
52 9 5 4 247
52 10 3 4 68
52 11 7 5 1869
52 12 1 6 1113
52 13 2 4 45
52 14 9 4 341
52 15 6 4 332
52 16 7 3 140
52 17 6 3 94
52 18 6 5 1246
52 19 4 5 795
52 20 10 4 500
52 21 10 3 113
52 22 1 5 140
52 23 8 5 2533
52 24 8 5 4459
52 25 3 5 1415
52 26 2 3 16
52 27 7 5 1369
52 28 3 4 100
52 29 2 5 377
52 30 7 3 43
52 31 7 3 39
52 32 9 3 109
52 33 8 3 132
52 34 3 4 180
52 35 3 3 48
52 36 2 5 310
52 37 2 4 45
52 38 10 6 8534
52 39 9 2 47
52 40 7 1 9
52 41 10 2 41
52 42 2 5 848
52 43 5 3 32
52 44 8 3 107
52 45 9 3 103
52 46 1 4 46
52 47 8 3 163
52 48 9 4 355
52 49 7 4 189
52 50 8 4 746
52 51 9 4 239
52 52 5 3 43
52 53 6 3 42
52 54 3 2 14
52 55 5 4 258
52 56 5 5 1081
52 57 7 4 341
52 58 3 3 38
52 59 7 3 59
52 60 1 4 75
52 61 3 3 32
52 62 6 3 61
52 63 1 5 489
53 0 5 3 31
53 1 8 5 2310
53 2 5 4 331
53 3 10 4 419
53 4 6 2 14
53 5 2 4 69
53 6 8 4 536
53 7 3 6 2723
53 8 8 4 205
53 9 3 4 198
53 10 5 3 103
53 11 6 2 30
53 12 7 2 21
53 13 9 5 1038
53 14 1 4 37
53 15 2 4 53
53 16 4 7 35521
53 17 7 3 41
53 18 9 3 85
53 19 7 3 75
53 20 2 5 324
53 21 5 5 590
53 22 9 5 2620
53 23 7 4 392
53 24 10 4 606
53 25 10 4 906
53 26 5 4 184
53 27 2 5 763
53 28 8 4 526
53 29 8 2 18
53 30 9 3 68
53 31 7 3 98
53 32 8 4 517
53 33 6 4 178
53 34 2 4 70
53 35 8 3 77
53 36 10 2 35
53 37 7 2 26
53 38 9 2 17
53 39 7 1 12
53 40 9 3 68
53 41 2 6 4993
53 42 2 4 146
53 43 9 3 48
53 44 3 5 1428
53 45 7 4 215
53 46 8 3 111
53 47 1 4 85
53 48 8 2 30
53 49 9 3 196
53 50 2 5 404
53 51 8 4 636
53 52 1 6 3277
53 53 1 6 3350
53 54 3 6 6114
53 55 3 4 151
53 56 7 3 59
53 57 4 6 3435
53 58 1 4 43
53 59 3 4 77
53 60 7 4 218
53 61 4 4 92
53 62 2 3 36
53 63 2 5 298
54 0 10 3 188
54 1 10 1 15
54 2 3 3 59
54 3 1 4 32
54 4 8 5 1175
54 5 10 2 40
54 6 9 2 34
54 7 6 3 37
54 8 4 3 53
54 9 10 4 1015
54 10 2 4 66
54 11 5 3 29
54 12 10 3 175
54 13 8 5 4895
54 14 10 2 38
54 15 6 4 330
54 16 5 3 29
54 17 2 5 972
54 18 2 4 79
54 19 10 2 40
54 20 10 4 419
54 21 8 2 35
54 22 6 3 48
54 23 8 4 299
54 24 7 4 191
54 25 4 3 85
54 26 4 3 51
54 27 8 4 406
54 28 9 2 17
54 29 7 2 26
54 30 10 3 111
54 31 1 3 16
54 32 10 6 17852
54 33 6 4 507
54 34 6 3 95
54 35 9 2 30
54 36 3 4 149
54 37 8 3 58
54 38 1 5 150
54 39 9 8 483435
54 40 6 2 19
54 41 3 6 3826
54 42 4 4 89
54 43 6 3 67
54 44 2 3 33
54 45 6 4 260
54 46 1 3 20
54 47 7 2 17
54 48 2 4 75
54 49 6 6 20513
54 50 1 4 76
54 51 6 1 6
54 52 1 4 32
54 53 10 2 40
54 54 7 6 10890
54 55 6 3 57
54 56 7 4 449
54 57 8 2 27
54 58 3 4 109
54 59 5 4 441
54 60 10 3 116
54 61 2 6 1520
54 62 6 5 834
54 63 4 6 7348
55 0 4 4 94
55 1 4 3 36
55 2 7 2 13
55 3 5 3 66
55 4 8 6 7528
55 5 7 3 58
55 6 8 4 291
55 7 1 5 157
55 8 2 3 31
55 9 1 3 21
55 10 5 5 1027
55 11 2 3 44
55 12 3 4 85
55 13 8 2 32
55 14 7 3 89
55 15 3 5 919
55 16 6 6 5967
55 17 10 3 189
55 18 1 3 12
55 19 5 4 395
55 20 7 3 46
55 21 5 1 8
55 22 6 4 179
55 23 5 3 57
55 24 8 3 103
55 25 7 1 11
55 26 8 3 68
55 27 3 5 720
55 28 7 2 20
55 29 6 2 20
55 30 1 5 138
55 31 10 1 17
55 32 2 3 28
55 33 3 4 121
55 34 5 4 371
55 35 3 5 381
55 36 3 3 20
55 37 8 2 19
55 38 5 3 50
55 39 10 2 24
55 40 3 3 49
55 41 2 5 783
55 42 4 3 27
55 43 2 3 27
55 44 10 2 38
55 45 2 5 1310
55 46 10 3 182
55 47 2 4 51
55 48 1 3 19
55 49 8 3 71
55 50 5 4 358
55 51 10 2 46
55 52 4 3 23
55 53 2 2 10
55 54 7 4 259
55 55 1 3 20
55 56 7 2 24
55 57 10 3 138
55 58 5 5 663
55 59 2 5 359
55 60 1 4 34
55 61 2 3 12
55 62 3 3 65
55 63 5 4 409
56 0 8 6 7086
56 1 3 5 1075
56 2 9 5 4788
56 3 3 3 19
56 4 1 4 51
56 5 6 5 1684
56 6 10 3 136
56 7 9 5 2223
56 8 9 2 43
56 9 1 6 776
56 10 9 2 21
56 11 2 5 237
56 12 7 4 220
56 13 3 6 7395
56 14 4 3 46
56 15 8 3 109
56 16 8 3 80
56 17 8 3 107
56 18 7 2 31
56 19 9 3 147
56 20 6 3 86
56 21 2 4 48
56 22 6 3 51
56 23 4 6 9061
56 24 6 4 314
56 25 1 6 1168
56 26 5 5 1099
56 27 1 4 74
56 28 2 3 34
56 29 8 4 230
56 30 10 3 202
56 31 8 3 136
56 32 8 2 26
56 33 9 4 248
56 34 6 5 1402
56 35 2 3 36
56 36 9 1 12
56 37 5 3 55
56 38 4 5 869
56 39 6 3 66
56 40 1 6 2461
56 41 1 6 767
56 42 6 4 182
56 43 6 5 2667
56 44 4 5 710
56 45 8 2 15
56 46 8 3 75
56 47 5 4 167
56 48 1 5 372
56 49 7 3 54
56 50 9 3 145
56 51 7 2 22
56 52 9 4 681
56 53 7 4 209
56 54 5 4 247
56 55 7 3 60
56 56 2 5 610
56 57 8 3 71
56 58 10 3 70
56 59 3 5 757
56 60 5 3 47
56 61 8 3 43
56 62 10 2 29
56 63 3 6 7493
57 0 3 3 58
57 1 3 3 58
57 2 9 3 64
57 3 6 4 238
57 4 4 4 175
57 5 1 4 41
57 6 5 5 1416
57 7 6 4 457
57 8 5 3 46
57 9 7 3 103
57 10 5 5 921
57 11 3 4 191
57 12 2 4 149
57 13 1 5 342
57 14 4 4 195
57 15 1 4 80
57 16 7 3 55
57 17 3 4 184
57 18 3 3 46
57 19 10 4 872
57 20 9 2 46
57 21 1 4 86
57 22 3 3 26
57 23 1 4 33
57 24 1 4 57
57 25 7 4 283
57 26 5 5 2749
57 27 6 4 251
57 28 3 3 17
57 29 5 7 66011
57 30 8 3 85
57 31 4 5 703
57 32 7 2 24
57 33 7 3 129
57 34 3 3 26
57 35 4 2 16
57 36 8 3 133
57 37 7 5 1385
57 38 6 4 191
57 39 3 4 94
57 40 4 5 588
57 41 8 4 284
57 42 5 4 142
57 43 3 4 130
57 44 9 1 4
57 45 3 4 70
57 46 9 1 14
57 47 5 3 72
57 48 6 2 12
57 49 2 4 207
57 50 2 4 192
57 51 4 3 28
57 52 8 4 822
57 53 6 2 23
57 54 8 4 438
57 55 8 3 124
57 56 1 5 581
57 57 7 6 9182
57 58 8 5 1269
57 59 3 3 25
57 60 2 6 2585
57 61 3 5 1409
57 62 7 3 115
57 63 7 3 124
58 0 8 3 105
58 1 9 3 65
58 2 2 4 92
58 3 6 3 60
58 4 7 4 159
58 5 6 3 64
58 6 5 3 55
58 7 4 5 839
58 8 5 3 42
58 9 1 5 498
58 10 5 2 14
58 11 9 2 32
58 12 6 4 225
58 13 9 2 47
58 14 7 4 355
58 15 9 2 22
58 16 8 3 173
58 17 8 3 77
58 18 1 4 102
58 19 4 4 353
58 20 5 4 137
58 21 7 3 81
58 22 6 3 40
58 23 1 4 43
58 24 4 4 98
58 25 9 3 119
58 26 1 5 249
58 27 1 5 313
58 28 2 3 24
58 29 5 2 9
58 30 5 6 16119
58 31 4 3 28
58 32 2 5 1041
58 33 2 4 56
58 34 10 6 7375
58 35 1 6 3222
58 36 9 3 77
58 37 8 5 949
58 38 6 4 199
58 39 10 4 475
58 40 2 3 19
58 41 1 4 92
58 42 8 4 520
58 43 4 3 39
58 44 1 6 1609
58 45 10 3 85
58 46 8 2 30
58 47 8 2 24
58 48 8 1 10
58 49 10 3 114
58 50 6 3 128
58 51 9 4 834
58 52 7 4 218
58 53 9 2 41
58 54 1 5 456
58 55 8 4 832
58 56 6 5 1039
58 57 6 4 611
58 58 5 3 83
58 59 3 4 182
58 60 10 4 1121
58 61 6 3 43
58 62 7 5 1098
58 63 8 3 83
59 0 9 5 1340
59 1 5 3 31
59 2 2 4 106
59 3 1 7 5261
59 4 9 4 297
59 5 6 3 47
59 6 4 6 3269
59 7 8 4 284
59 8 5 5 636
59 9 1 5 210
59 10 10 3 86
59 11 8 4 719
59 12 8 5 1315
59 13 1 4 111
59 14 5 3 48
59 15 7 4 589
59 16 2 6 3351
59 17 5 3 32
59 18 8 2 23
59 19 4 3 34
59 20 7 3 52
59 21 7 4 550
59 22 9 3 65
59 23 6 3 96
59 24 1 5 173
59 25 7 4 364
59 26 1 4 57
59 27 8 3 66
59 28 3 5 1208
59 29 9 5 4147
59 30 10 2 36
59 31 8 4 832
59 32 6 5 1073
59 33 5 4 117
59 34 1 4 58
59 35 7 2 24
59 36 3 3 47
59 37 2 5 471
59 38 10 2 36
59 39 9 3 147
59 40 1 5 166
59 41 6 3 86
59 42 8 4 366
59 43 10 2 31
59 44 5 3 31
59 45 5 5 862
59 46 5 4 112
59 47 7 3 54
59 48 4 4 182
59 49 3 3 30
59 50 2 4 67
59 51 3 6 2494
59 52 9 3 53
59 53 6 5 747
59 54 7 3 62
59 55 7 3 149
59 56 6 4 275
59 57 3 3 60
59 58 8 3 78
59 59 9 3 183
59 60 7 5 1309
59 61 10 4 429
59 62 3 3 52
59 63 4 4 435
60 0 1 5 183
60 1 5 4 430
60 2 2 4 86
60 3 1 5 343
60 4 3 5 882
60 5 3 3 41
60 6 9 4 400
60 7 6 1 5
60 8 7 5 2378
60 9 3 3 49
60 10 8 2 40
60 11 9 5 1155
60 12 5 2 16
60 13 8 3 106
60 14 10 7 306908
60 15 10 2 44
60 16 3 5 910
60 17 9 4 415
60 18 10 3 206
60 19 7 4 367
60 20 4 3 56
60 21 7 4 729
60 22 6 4 170
60 23 1 5 279
60 24 4 4 179
60 25 7 4 184
60 26 8 3 49
60 27 1 5 256
60 28 5 3 85
60 29 2 5 268
60 30 10 2 24
60 31 9 2 46
60 32 6 3 38
60 33 7 3 122
60 34 4 5 1772
60 35 7 4 305
60 36 7 3 91
60 37 9 3 71
60 38 7 3 75
60 39 4 3 31
60 40 5 4 193
60 41 10 4 248
60 42 9 2 17
60 43 1 5 245
60 44 1 5 349
60 45 5 7 32341
60 46 3 3 47
60 47 7 7 35620
60 48 3 3 44
60 49 10 3 99
60 50 1 5 217
60 51 10 3 54
60 52 7 3 97
60 53 7 4 323
60 54 9 5 3359
60 55 3 5 930
60 56 8 5 1201
60 57 10 3 183
60 58 8 2 32
60 59 5 4 438
60 60 2 5 1093
60 61 7 2 19
60 62 5 4 344
60 63 3 5 1717
61 0 4 3 55
61 1 7 3 51
61 2 5 4 393
61 3 7 6 13826
61 4 10 3 66
61 5 7 2 18
61 6 6 3 47
61 7 3 5 1053
61 8 10 8 3390105
61 9 1 4 28
61 10 8 4 382
61 11 7 7 63219
61 12 5 3 27
61 13 6 3 93
61 14 3 4 128
61 15 7 4 263
61 16 6 2 18
61 17 10 3 111
61 18 2 6 2164
61 19 9 3 197
61 20 10 4 661
61 21 5 3 86
61 22 1 6 4643
61 23 7 4 261
61 24 7 3 59
61 25 5 5 1389
61 26 7 3 107
61 27 4 3 81
61 28 7 7 37023
61 29 4 4 134
61 30 8 3 45
61 31 4 5 691
61 32 6 1 10
61 33 8 4 499
61 34 10 3 54
61 35 9 2 23
61 36 4 5 1135
61 37 2 3 35
61 38 9 2 19
61 39 10 5 1937
61 40 7 3 64
61 41 4 3 72
61 42 5 2 22
61 43 6 3 45
61 44 8 2 26
61 45 1 5 166
61 46 6 4 558
61 47 8 5 1392
61 48 6 4 286
61 49 10 4 458
61 50 1 4 25
61 51 1 4 88
61 52 9 4 405
61 53 3 3 27
61 54 5 3 38
61 55 3 3 62
61 56 4 3 40
61 57 8 2 33
61 58 5 3 73
61 59 10 3 99
61 60 7 3 101
61 61 6 4 196
61 62 10 5 3633
61 63 8 3 60
62 0 5 2 20
62 1 4 4 97
62 2 7 2 17
62 3 9 6 17411
62 4 4 3 81
62 5 2 3 13
62 6 6 5 885
62 7 10 4 781
62 8 4 3 37
62 9 1 4 30
62 10 4 4 371
62 11 1 3 12
62 12 9 3 66
62 13 5 3 41
62 14 5 2 22
62 15 2 4 203
62 16 8 3 142
62 17 10 2 28
62 18 5 2 20
62 19 3 5 941
62 20 1 6 846
62 21 3 4 125
62 22 6 3 37
62 23 5 4 168
62 24 1 5 387
62 25 2 5 330
62 26 4 4 161
62 27 4 2 18
62 28 8 3 58
62 29 6 3 47
62 30 2 6 1423
62 31 5 4 176
62 32 2 5 250
62 33 10 2 36
62 34 1 3 20
62 35 10 6 21756
62 36 6 3 34
62 37 2 6 1683
62 38 4 2 20
62 39 8 2 37
62 40 7 3 151
62 41 8 3 70
62 42 1 5 161
62 43 10 4 244
62 44 10 3 139
62 45 8 5 3202
62 46 8 2 18
62 47 9 4 612
62 48 6 2 20
62 49 7 3 52
62 50 5 3 81
62 51 1 4 60
62 52 3 4 119
62 53 4 2 16
62 54 2 4 73
62 55 9 4 646
62 56 10 3 91
62 57 1 3 18
62 58 1 7 11622
62 59 10 3 67
62 60 10 3 210
62 61 4 3 82
62 62 8 1 13
62 63 1 5 150
63 0 6 4 190
63 1 9 5 1964
63 2 7 3 122
63 3 2 6 3901
63 4 5 3 85
63 5 2 6 1908
63 6 9 1 11
63 7 6 3 35
63 8 9 2 33
63 9 6 3 116
63 10 5 3 27
63 11 5 6 7530
63 12 4 2 14
63 13 9 3 79
63 14 5 4 324
63 15 8 4 383
63 16 4 3 31
63 17 2 3 36
63 18 5 4 168
63 19 5 2 18
63 20 9 2 41
63 21 2 4 66
63 22 10 3 58
63 23 3 5 346
63 24 9 2 25
63 25 5 3 41
63 26 3 5 352
63 27 10 3 122
63 28 3 3 44
63 29 9 3 59
63 30 6 3 77
63 31 1 4 65
63 32 1 4 37
63 33 8 4 318
63 34 5 3 62
63 35 1 4 29
63 36 10 2 39
63 37 8 5 3907
63 38 5 4 398
63 39 2 4 146
63 40 10 4 1080
63 41 3 3 62
63 42 5 3 48
63 43 10 3 135
63 44 8 4 197
63 45 5 4 147
63 46 1 4 65
63 47 4 4 323
63 48 9 4 220
63 49 4 2 16
63 50 4 3 45
63 51 5 5 1760
63 52 5 3 110
63 53 5 5 1517
63 54 6 2 19
63 55 4 3 77
63 56 8 2 24
63 57 5 4 167
63 58 8 3 75
63 59 6 3 39
63 60 6 2 30
63 61 9 3 64
63 62 5 4 359
63 63 3 4 102
