0 0 9 1 0
0 1 1 1 0
0 2 5 1 0
0 3 3 1 0
0 4 1 1 0
0 5 4 1 0
0 6 10 1 0
0 7 7 1 1
0 8 3 1 1
0 9 7 1 1
0 10 6 1 0
0 11 5 1 1
0 12 6 1 0
0 13 9 1 0
0 14 4 1 1
0 15 10 1 1
0 16 4 1 0
0 17 9 1 0
0 18 4 1 1
0 19 10 1 0
0 20 6 1 0
0 21 1 1 1
0 22 5 1 1
0 23 6 1 1
0 24 9 1 1
0 25 6 1 0
0 26 7 1 0
0 27 4 1 1
0 28 6 1 1
0 29 7 1 1
0 30 6 1 0
0 31 10 1 1
0 32 2 1 0
0 33 8 1 0
0 34 1 1 1
0 35 3 1 0
0 36 4 1 0
0 37 2 1 0
0 38 10 1 1
0 39 6 1 1
0 40 5 1 0
0 41 8 1 0
0 42 5 1 0
0 43 8 1 0
0 44 7 1 0
0 45 2 1 0
0 46 2 1 0
0 47 8 1 0
0 48 5 1 0
0 49 5 1 0
0 50 10 1 1
0 51 7 1 1
0 52 6 1 0
0 53 4 1 0
0 54 1 1 1
0 55 2 1 0
0 56 10 1 1
0 57 10 1 0
0 58 7 1 1
0 59 4 1 1
0 60 4 1 1
0 61 2 1 0
0 62 8 1 0
0 63 7 1 1
1 0 3 1 1
1 1 7 1 1
1 2 6 1 0
1 3 10 1 1
1 4 10 1 1
1 5 7 1 1
1 6 4 1 0
1 7 5 1 0
1 8 8 1 0
1 9 1 1 1
1 10 7 1 0
1 11 2 1 1
1 12 7 1 1
1 13 2 1 1
1 14 6 1 1
1 15 1 1 0
1 16 5 1 0
1 17 4 1 0
1 18 4 1 1
1 19 3 1 1
1 20 7 1 0
1 21 5 1 1
1 22 2 1 1
1 23 3 1 1
1 24 1 1 1
1 25 6 1 0
1 26 3 1 0
1 27 5 1 1
1 28 3 1 0
1 29 5 1 1
1 30 1 1 1
1 31 8 1 1
1 32 9 1 1
1 33 7 1 1
1 34 10 1 0
1 35 8 1 1
1 36 2 1 0
1 37 2 1 0
1 38 4 1 0
1 39 3 1 1
1 40 3 1 0
1 41 3 1 1
1 42 7 1 0
1 43 7 1 1
1 44 8 1 0
1 45 1 1 1
1 46 4 1 0
1 47 3 1 1
1 48 3 1 0
1 49 10 1 0
1 50 4 1 1
1 51 10 1 0
1 52 3 1 1
1 53 6 1 0
1 54 5 1 1
1 55 10 1 0
1 56 1 1 0
1 57 4 1 0
1 58 9 1 1
1 59 7 1 0
1 60 1 1 1
1 61 2 1 1
1 62 10 1 1
1 63 4 1 0
2 0 2 1 0
2 1 9 1 1
2 2 2 1 1
2 3 2 1 1
2 4 1 1 0
2 5 10 1 0
2 6 10 1 0
2 7 9 1 1
2 8 8 1 1
2 9 6 1 0
2 10 2 1 1
2 11 6 1 0
2 12 10 1 0
2 13 7 1 0
2 14 4 1 0
2 15 3 1 0
2 16 5 1 0
2 17 7 1 -15
2 18 3 1 0
2 19 2 1 0
2 20 3 1 1
2 21 4 1 0
2 22 2 1 1
2 23 10 1 0
2 24 1 1 0
2 25 8 1 0
2 26 10 1 1
2 27 4 1 1
2 28 3 1 0
2 29 3 1 1
2 30 3 1 1
2 31 2 1 0
2 32 4 1 0
2 33 2 1 0
2 34 5 1 0
2 35 6 1 1
2 36 6 1 1
2 37 4 1 1
2 38 7 1 0
2 39 10 1 0
2 40 9 1 1
2 41 5 1 0
2 42 7 1 0
2 43 2 1 1
2 44 3 1 0
2 45 7 1 0
2 46 1 1 1
2 47 5 1 0
2 48 4 1 1
2 49 3 1 0
2 50 6 1 1
2 51 8 1 1
2 52 2 1 1
2 53 10 1 0
2 54 4 1 1
2 55 4 1 1
2 56 10 1 1
2 57 9 1 0
2 58 4 1 0
2 59 3 1 1
2 60 10 1 1
2 61 8 1 1
2 62 2 1 1
2 63 10 1 0
3 0 2 1 0
3 1 3 1 1
3 2 5 1 0
3 3 5 1 1
3 4 4 1 0
3 5 6 1 1
3 6 6 1 1
3 7 6 1 0
3 8 10 1 0
3 9 6 1 0
3 10 1 1 1
3 11 9 1 0
3 12 10 1 0
3 13 1 1 0
3 14 9 1 1
3 15 7 1 1
3 16 3 1 0
3 17 3 1 1
3 18 1 1 0
3 19 8 1 0
3 20 6 1 0
3 21 2 1 1
3 22 3 1 0
3 23 8 1 0
3 24 3 1 0
3 25 1 1 1
3 26 3 1 0
3 27 5 1 0
3 28 5 1 0
3 29 9 1 0
3 30 9 1 1
3 31 2 1 0
3 32 5 1 1
3 33 1 1 0
3 34 10 1 0
3 35 5 1 0
3 36 8 1 0
3 37 7 1 1
3 38 10 1 0
3 39 10 1 0
3 40 6 1 0
3 41 5 1 1
3 42 8 1 0
3 43 6 1 1
3 44 7 1 1
3 45 8 1 1
3 46 1 1 0
3 47 1 1 0
3 48 3 1 1
3 49 10 1 1
3 50 2 1 0
3 51 6 1 1
3 52 2 1 1
3 53 9 1 1
3 54 1 1 1
3 55 6 1 0
3 56 2 1 0
3 57 6 1 1
3 58 10 1 0
3 59 6 1 1
3 60 5 1 0
3 61 3 1 0
3 62 9 1 1
3 63 7 1 0
4 0 9 1 1
4 1 10 1 0
4 2 5 1 1
4 3 1 1 1
4 4 10 1 0
4 5 6 1 1
4 6 9 1 1
4 7 9 1 0
4 8 2 1 1
4 9 3 1 1
4 10 8 1 0
4 11 2 1 0
4 12 1 1 1
4 13 4 1 0
4 14 5 1 0
4 15 3 1 1
4 16 5 1 1
4 17 7 1 1
4 18 1 1 0
4 19 4 1 0
4 20 2 1 1
4 21 3 1 0
4 22 6 1 0
4 23 2 1 0
4 24 8 1 0
4 25 7 1 1
4 26 4 1 0
4 27 7 1 1
4 28 1 1 0
4 29 4 1 1
4 30 1 1 0
4 31 1 1 1
4 32 8 1 0
4 33 2 1 1
4 34 10 1 0
4 35 3 1 0
4 36 3 1 0
4 37 1 1 0
4 38 3 1 1
4 39 4 1 0
4 40 3 1 1
4 41 2 1 1
4 42 2 1 1
4 43 4 1 1
4 44 6 1 0
4 45 7 1 0
4 46 3 1 1
4 47 3 1 0
4 48 8 1 0
4 49 8 1 0
4 50 9 1 1
4 51 7 1 0
4 52 10 1 0
4 53 7 1 0
4 54 3 1 0
4 55 10 1 1
4 56 3 1 0
4 57 9 1 0
4 58 2 1 1
4 59 2 1 0
4 60 2 1 0
4 61 10 1 1
4 62 1 1 0
4 63 2 1 1
5 0 8 1 1
5 1 4 1 1
5 2 9 1 0
5 3 9 1 1
5 4 1 1 0
5 5 10 1 0
5 6 8 1 0
5 7 4 1 1
5 8 9 1 0
5 9 6 1 0
5 10 10 1 0
5 11 10 1 0
5 12 3 1 1
5 13 5 1 0
5 14 10 1 0
5 15 10 1 0
5 16 3 1 0
5 17 1 1 1
5 18 2 1 0
5 19 10 1 1
5 20 8 1 0
5 21 10 1 0
5 22 5 1 1
5 23 3 1 0
5 24 3 1 0
5 25 6 1 0
5 26 1 1 0
5 27 9 1 0
5 28 8 1 1
5 29 8 1 0
5 30 3 1 0
5 31 9 1 0
5 32 5 1 0
5 33 2 1 1
5 34 3 1 0
5 35 4 1 0
5 36 9 1 0
5 37 9 1 1
5 38 8 1 0
5 39 5 1 0
5 40 10 1 0
5 41 9 1 1
5 42 9 1 0
5 43 10 1 0
5 44 1 1 0
5 45 4 1 1
5 46 2 1 0
5 47 5 1 0
5 48 7 1 0
5 49 1 1 0
5 50 1 1 1
5 51 9 1 1
5 52 9 1 0
5 53 10 1 1
5 54 5 1 0
5 55 6 1 0
5 56 3 1 1
5 57 10 1 1
5 58 7 1 1
5 59 4 1 1
5 60 1 1 0
5 61 1 1 0
5 62 3 1 1
5 63 2 1 0
6 0 5 1 0
6 1 9 1 0
6 2 7 1 0
6 3 1 1 1
6 4 3 1 1
6 5 9 1 1
6 6 7 1 1
6 7 4 1 0
6 8 8 1 1
6 9 10 1 1
6 10 7 1 1
6 11 7 1 1
6 12 8 1 0
6 13 3 1 0
6 14 3 1 0
6 15 6 1 0
6 16 6 1 1
6 17 1 1 1
6 18 1 1 0
6 19 6 1 1
6 20 5 1 0
6 21 3 1 0
6 22 6 1 0
6 23 8 1 0
6 24 6 1 0
6 25 5 1 1
6 26 6 1 0
6 27 1 1 1
6 28 3 1 1
6 29 6 1 1
6 30 7 1 0
6 31 5 1 0
6 32 5 1 1
6 33 5 1 1
6 34 5 1 0
6 35 3 1 1
6 36 6 1 0
6 37 7 1 1
6 38 9 1 1
6 39 3 1 0
6 40 2 1 1
6 41 6 1 1
6 42 9 1 0
6 43 9 1 1
6 44 2 1 0
6 45 7 1 0
6 46 8 1 1
6 47 1 1 1
6 48 2 1 0
6 49 6 1 0
6 50 8 1 1
6 51 4 1 1
6 52 1 1 1
6 53 1 1 0
6 54 10 1 1
6 55 10 1 0
6 56 7 1 1
6 57 6 1 1
6 58 4 1 -1
6 59 1 1 1
6 60 7 1 1
6 61 9 1 1
6 62 8 1 1
6 63 1 1 1
7 0 4 1 0
7 1 7 1 1
7 2 8 1 1
7 3 9 1 1
7 4 3 1 1
7 5 7 1 1
7 6 5 1 0
7 7 2 1 0
7 8 9 1 0
7 9 10 1 0
7 10 8 1 1
7 11 3 1 0
7 12 10 1 1
7 13 10 1 0
7 14 10 1 1
7 15 5 1 1
7 16 3 1 1
7 17 5 1 1
7 18 9 1 0
7 19 6 1 1
7 20 1 1 1
7 21 3 1 0
7 22 5 1 1
7 23 6 1 0
7 24 6 1 0
7 25 3 1 0
7 26 7 1 0
7 27 6 1 0
7 28 7 1 0
7 29 3 1 1
7 30 3 1 0
7 31 4 1 1
7 32 10 1 1
7 33 8 1 1
7 34 4 1 0
7 35 1 1 1
7 36 5 1 0
7 37 9 1 0
7 38 6 1 0
7 39 2 1 0
7 40 3 1 0
7 41 4 1 1
7 42 9 1 1
7 43 5 1 0
7 44 1 1 1
7 45 7 1 0
7 46 3 1 1
7 47 8 1 1
7 48 1 1 0
7 49 7 1 0
7 50 9 1 1
7 51 6 1 0
7 52 10 1 0
7 53 2 1 0
7 54 4 1 1
7 55 10 1 1
7 56 8 1 0
7 57 8 1 0
7 58 8 1 1
7 59 6 1 1
7 60 9 1 1
7 61 4 1 0
7 62 10 1 0
7 63 6 1 1
8 0 1 1 1
8 1 9 1 0
8 2 7 1 0
8 3 8 1 0
8 4 4 1 0
8 5 8 1 0
8 6 5 1 1
8 7 9 1 1
8 8 6 1 0
8 9 6 1 0
8 10 5 1 1
8 11 2 1 0
8 12 8 1 1
8 13 8 1 0
8 14 6 1 0
8 15 9 1 1
8 16 1 1 0
8 17 1 1 0
8 18 4 1 1
8 19 6 1 0
8 20 7 1 0
8 21 2 1 0
8 22 10 1 0
8 23 2 1 1
8 24 9 1 0
8 25 5 1 1
8 26 10 1 1
8 27 8 1 0
8 28 2 1 0
8 29 2 1 0
8 30 4 1 1
8 31 4 1 0
8 32 10 1 0
8 33 9 1 0
8 34 8 1 0
8 35 5 1 0
8 36 1 1 0
8 37 7 1 0
8 38 5 1 0
8 39 4 1 0
8 40 7 1 0
8 41 3 1 1
8 42 3 1 0
8 43 7 1 1
8 44 10 1 0
8 45 3 1 0
8 46 2 1 0
8 47 3 1 0
8 48 6 1 1
8 49 10 1 1
8 50 4 1 0
8 51 4 1 1
8 52 1 1 0
8 53 5 1 1
8 54 2 1 1
8 55 5 1 0
8 56 4 1 1
8 57 10 1 0
8 58 6 1 0
8 59 6 1 0
8 60 8 1 0
8 61 5 1 1
8 62 2 1 0
8 63 6 1 0
9 0 2 1 1
9 1 10 1 1
9 2 6 1 1
9 3 2 1 1
9 4 9 1 1
9 5 7 1 1
9 6 3 1 1
9 7 3 1 0
9 8 4 1 0
9 9 2 1 0
9 10 8 1 1
9 11 9 1 0
9 12 5 1 0
9 13 1 1 1
9 14 10 1 1
9 15 1 1 0
9 16 2 1 1
9 17 10 1 1
9 18 2 1 0
9 19 7 1 1
9 20 7 1 0
9 21 6 1 1
9 22 5 1 0
9 23 3 1 0
9 24 8 1 0
9 25 6 1 0
9 26 10 1 1
9 27 4 1 1
9 28 10 1 0
9 29 5 1 0
9 30 7 1 1
9 31 7 1 1
9 32 2 1 0
9 33 5 1 0
9 34 10 1 0
9 35 5 1 0
9 36 9 1 1
9 37 6 1 0
9 38 5 1 1
9 39 9 1 0
9 40 3 1 1
9 41 7 1 0
9 42 2 1 1
9 43 3 1 0
9 44 6 1 0
9 45 4 1 1
9 46 4 1 1
9 47 4 1 0
9 48 6 1 1
9 49 2 1 0
9 50 7 1 0
9 51 7 1 1
9 52 10 1 1
9 53 1 1 0
9 54 8 1 1
9 55 9 1 1
9 56 4 1 1
9 57 3 1 0
9 58 2 1 0
9 59 4 1 0
9 60 5 1 0
9 61 8 1 1
9 62 5 1 0
9 63 9 1 1
10 0 2 1 0
10 1 3 1 0
10 2 4 1 0
10 3 8 1 1
10 4 5 1 1
10 5 6 1 1
10 6 8 1 1
10 7 4 1 0
10 8 1 1 0
10 9 7 1 0
10 10 7 1 1
10 11 9 1 0
10 12 8 1 0
10 13 5 1 0
10 14 5 1 0
10 15 1 1 1
10 16 3 1 0
10 17 2 1 1
10 18 4 1 0
10 19 1 1 0
10 20 7 1 0
10 21 3 1 1
10 22 4 1 0
10 23 5 1 1
10 24 2 1 0
10 25 9 1 1
10 26 8 1 1
10 27 7 1 1
10 28 1 1 0
10 29 5 1 0
10 30 8 1 0
10 31 5 1 0
10 32 2 1 0
10 33 3 1 -8
10 34 2 1 1
10 35 8 1 1
10 36 2 1 0
10 37 10 1 0
10 38 3 1 1
10 39 1 1 1
10 40 1 1 1
10 41 7 1 0
10 42 7 1 0
10 43 4 1 0
10 44 7 1 0
10 45 9 1 1
10 46 9 1 0
10 47 10 1 0
10 48 6 1 1
10 49 7 1 0
10 50 3 1 0
10 51 3 1 0
10 52 2 1 1
10 53 9 1 1
10 54 3 1 0
10 55 9 1 1
10 56 8 1 1
10 57 7 1 0
10 58 6 1 0
10 59 9 1 1
10 60 5 1 0
10 61 6 1 1
10 62 5 1 0
10 63 6 1 0
11 0 9 1 0
11 1 7 1 1
11 2 1 1 0
11 3 5 1 1
11 4 8 1 1
11 5 10 1 1
11 6 2 1 1
11 7 4 1 1
11 8 9 1 0
11 9 7 1 0
11 10 7 1 0
11 11 6 1 1
11 12 6 1 0
11 13 10 1 1
11 14 10 1 0
11 15 1 1 0
11 16 9 1 1
11 17 7 1 0
11 18 9 1 1
11 19 7 1 1
11 20 6 1 0
11 21 7 1 0
11 22 8 1 1
11 23 7 1 1
11 24 3 1 1
11 25 8 1 0
11 26 3 1 1
11 27 7 1 0
11 28 9 1 0
11 29 1 1 0
11 30 10 1 0
11 31 10 1 0
11 32 1 1 1
11 33 10 1 0
11 34 4 1 0
11 35 8 1 0
11 36 3 1 0
11 37 4 1 1
11 38 3 1 1
11 39 9 1 0
11 40 5 1 0
11 41 2 1 1
11 42 2 1 0
11 43 8 1 1
11 44 4 1 0
11 45 8 1 0
11 46 2 1 0
11 47 1 1 0
11 48 7 1 1
11 49 8 1 0
11 50 3 1 1
11 51 6 1 1
11 52 4 1 0
11 53 9 1 1
11 54 5 1 0
11 55 5 1 0
11 56 9 1 1
11 57 10 1 0
11 58 8 1 1
11 59 1 1 1
11 60 10 1 0
11 61 3 1 1
11 62 5 1 1
11 63 5 1 0
12 0 7 1 1
12 1 5 1 1
12 2 3 1 1
12 3 7 1 0
12 4 4 1 0
12 5 6 1 1
12 6 4 1 1
12 7 8 1 0
12 8 9 1 0
12 9 8 1 1
12 10 3 1 1
12 11 4 1 0
12 12 7 1 1
12 13 7 1 1
12 14 1 1 0
12 15 3 1 0
12 16 5 1 0
12 17 8 1 0
12 18 8 1 0
12 19 10 1 1
12 20 8 1 0
12 21 2 1 1
12 22 5 1 0
12 23 4 1 0
12 24 6 1 0
12 25 1 1 0
12 26 7 1 1
12 27 9 1 0
12 28 4 1 1
12 29 2 1 0
12 30 6 1 1
12 31 2 1 0
12 32 3 1 0
12 33 9 1 0
12 34 1 1 0
12 35 3 1 1
12 36 1 1 0
12 37 2 1 0
12 38 6 1 0
12 39 7 1 1
12 40 6 1 1
12 41 7 1 0
12 42 6 1 0
12 43 4 1 1
12 44 7 1 0
12 45 1 1 0
12 46 8 1 0
12 47 7 1 1
12 48 2 1 0
12 49 8 1 0
12 50 10 1 1
12 51 9 1 0
12 52 2 1 1
12 53 2 1 1
12 54 7 1 0
12 55 2 1 1
12 56 4 1 0
12 57 8 1 1
12 58 7 1 0
12 59 5 1 0
12 60 2 1 1
12 61 10 1 0
12 62 8 1 0
12 63 4 1 1
13 0 8 1 0
13 1 7 1 1
13 2 2 1 1
13 3 10 1 0
13 4 9 1 0
13 5 3 1 0
13 6 2 1 0
13 7 2 1 1
13 8 3 1 1
13 9 3 1 1
13 10 5 1 1
13 11 3 1 0
13 12 8 1 1
13 13 4 1 1
13 14 8 1 0
13 15 8 1 0
13 16 5 1 0
13 17 7 1 0
13 18 2 1 0
13 19 6 1 0
13 20 2 1 0
13 21 9 1 1
13 22 1 1 0
13 23 7 1 1
13 24 8 1 1
13 25 6 1 0
13 26 8 1 1
13 27 3 1 1
13 28 6 1 0
13 29 1 1 1
13 30 6 1 0
13 31 9 1 1
13 32 3 1 1
13 33 7 1 1
13 34 8 1 1
13 35 1 1 0
13 36 3 1 0
13 37 5 1 0
13 38 10 1 0
13 39 9 1 0
13 40 10 1 0
13 41 10 1 0
13 42 10 1 0
13 43 7 1 0
13 44 10 1 0
13 45 7 1 1
13 46 5 1 1
13 47 5 1 0
13 48 4 1 0
13 49 9 1 0
13 50 2 1 1
13 51 2 1 0
13 52 2 1 0
13 53 4 1 0
13 54 4 1 0
13 55 8 1 0
13 56 7 1 0
13 57 6 1 0
13 58 5 1 0
13 59 6 1 1
13 60 4 1 1
13 61 5 1 1
13 62 7 1 1
13 63 7 1 0
14 0 2 1 1
14 1 5 1 0
14 2 10 1 1
14 3 3 1 0
14 4 1 1 0
14 5 2 1 0
14 6 1 1 1
14 7 5 1 1
14 8 9 1 1
14 9 7 1 0
14 10 5 1 0
14 11 10 1 0
14 12 1 1 1
14 13 2 1 0
14 14 3 1 0
14 15 2 1 0
14 16 10 1 0
14 17 8 1 0
14 18 9 1 0
14 19 6 1 1
14 20 8 1 0
14 21 10 1 0
14 22 1 1 1
14 23 3 1 1
14 24 6 1 0
14 25 1 1 0
14 26 9 1 1
14 27 1 1 0
14 28 6 1 0
14 29 3 1 0
14 30 1 1 0
14 31 9 1 1
14 32 7 1 0
14 33 5 1 1
14 34 4 1 0
14 35 7 1 0
14 36 3 1 0
14 37 10 1 0
14 38 7 1 1
14 39 1 1 0
14 40 5 1 0
14 41 3 1 1
14 42 5 1 0
14 43 7 1 0
14 44 5 1 0
14 45 8 1 0
14 46 1 1 0
14 47 5 1 1
14 48 5 1 0
14 49 2 1 0
14 50 8 1 0
14 51 1 1 0
14 52 9 1 0
14 53 8 1 0
14 54 9 1 1
14 55 7 1 0
14 56 3 1 0
14 57 2 1 0
14 58 6 1 0
14 59 4 1 1
14 60 9 1 1
14 61 7 1 1
14 62 1 1 0
14 63 1 1 1
15 0 7 1 0
15 1 8 1 0
15 2 1 1 0
15 3 6 1 1
15 4 9 1 1
15 5 6 1 0
15 6 10 1 0
15 7 10 1 0
15 8 3 1 0
15 9 2 1 1
15 10 6 1 1
15 11 7 1 0
15 12 9 1 0
15 13 5 1 0
15 14 2 1 0
15 15 6 1 1
15 16 2 1 0
15 17 8 1 0
15 18 5 1 0
15 19 1 1 0
15 20 5 1 1
15 21 10 1 0
15 22 4 1 0
15 23 6 1 1
15 24 7 1 0
15 25 6 1 1
15 26 2 1 0
15 27 5 1 0
15 28 8 1 0
15 29 1 1 0
15 30 3 1 1
15 31 5 1 0
15 32 5 1 0
15 33 9 1 1
15 34 6 1 0
15 35 8 1 0
15 36 10 1 0
15 37 7 1 0
15 38 2 1 0
15 39 3 1 0
15 40 4 1 1
15 41 9 1 0
15 42 1 1 1
15 43 9 1 0
15 44 1 1 1
15 45 9 1 1
15 46 10 1 1
15 47 7 1 1
15 48 1 1 1
15 49 3 1 0
15 50 8 1 0
15 51 6 1 1
15 52 4 1 1
15 53 3 1 0
15 54 2 1 1
15 55 2 1 0
15 56 8 1 1
15 57 4 1 1
15 58 8 1 0
15 59 3 1 0
15 60 6 1 1
15 61 9 1 1
15 62 9 1 0
15 63 10 1 1
16 0 3 1 0
16 1 5 1 1
16 2 4 1 0
16 3 5 1 1
16 4 8 1 1
16 5 9 1 1
16 6 6 1 0
16 7 7 1 0
16 8 8 1 1
16 9 5 1 0
16 10 3 1 1
16 11 8 1 0
16 12 8 1 0
16 13 3 1 0
16 14 3 1 0
16 15 5 1 0
16 16 7 1 1
16 17 3 1 0
16 18 9 1 0
16 19 7 1 0
16 20 2 1 0
16 21 8 1 1
16 22 9 1 1
16 23 6 1 0
16 24 10 1 1
16 25 4 1 1
16 26 9 1 0
16 27 8 1 0
16 28 10 1 0
16 29 3 1 0
16 30 7 1 1
16 31 2 1 1
16 32 1 1 0
16 33 1 1 0
16 34 7 1 0
16 35 8 1 1
16 36 8 1 -1
16 37 6 1 0
16 38 2 1 1
16 39 10 1 0
16 40 7 1 1
16 41 10 1 0
16 42 3 1 1
16 43 8 1 1
16 44 8 1 1
16 45 10 1 1
16 46 7 1 0
16 47 7 1 1
16 48 5 1 0
16 49 5 1 1
16 50 10 1 0
16 51 9 1 0
16 52 9 1 1
16 53 9 1 1
16 54 5 1 1
16 55 10 1 1
16 56 10 1 1
16 57 1 1 -259
16 58 10 1 0
16 59 1 1 1
16 60 3 1 0
16 61 7 1 0
16 62 1 1 1
16 63 6 1 0
17 0 1 1 1
17 1 10 1 0
17 2 6 1 0
17 3 4 1 0
17 4 5 1 1
17 5 10 1 0
17 6 2 1 0
17 7 10 1 0
17 8 7 1 0
17 9 9 1 0
17 10 9 1 1
17 11 1 1 1
17 12 8 1 1
17 13 6 1 0
17 14 8 1 1
17 15 1 1 1
17 16 6 1 0
17 17 5 1 1
17 18 4 1 0
17 19 2 1 0
17 20 5 1 1
17 21 3 1 0
17 22 5 1 0
17 23 8 1 0
17 24 8 1 0
17 25 10 1 0
17 26 10 1 1
17 27 5 1 1
17 28 5 1 1
17 29 1 1 0
17 30 10 1 1
17 31 4 1 0
17 32 5 1 1
17 33 3 1 0
17 34 5 1 1
17 35 7 1 0
17 36 3 1 0
17 37 3 1 1
17 38 4 1 1
17 39 10 1 0
17 40 10 1 0
17 41 6 1 0
17 42 4 1 1
17 43 6 1 0
17 44 4 1 1
17 45 1 1 0
17 46 1 1 0
17 47 4 1 0
17 48 2 1 1
17 49 9 1 0
17 50 8 1 1
17 51 9 1 0
17 52 8 1 0
17 53 5 1 0
17 54 8 1 0
17 55 7 1 1
17 56 6 1 0
17 57 5 1 1
17 58 6 1 0
17 59 5 1 1
17 60 2 1 0
17 61 3 1 1
17 62 9 1 1
17 63 6 1 1
18 0 9 1 0
18 1 10 1 0
18 2 6 1 0
18 3 6 1 0
18 4 2 1 1
18 5 6 1 1
18 6 9 1 0
18 7 2 1 0
18 8 3 1 1
18 9 4 1 1
18 10 2 1 0
18 11 5 1 1
18 12 5 1 0
18 13 8 1 1
18 14 10 1 0
18 15 3 1 0
18 16 2 1 0
18 17 1 1 0
18 18 2 1 1
18 19 10 1 0
18 20 6 1 1
18 21 1 1 0
18 22 5 1 1
18 23 9 1 0
18 24 1 1 0
18 25 9 1 0
18 26 9 1 1
18 27 3 1 1
18 28 4 1 0
18 29 10 1 0
18 30 3 1 0
18 31 8 1 0
18 32 6 1 0
18 33 7 1 0
18 34 6 1 1
18 35 3 1 1
18 36 10 1 0
18 37 10 1 0
18 38 9 1 0
18 39 4 1 1
18 40 7 1 0
18 41 2 1 1
18 42 8 1 1
18 43 9 1 0
18 44 4 1 1
18 45 9 1 0
18 46 5 1 0
18 47 2 1 0
18 48 8 1 0
18 49 3 1 0
18 50 4 1 1
18 51 5 1 1
18 52 7 1 0
18 53 4 1 0
18 54 10 1 1
18 55 1 1 0
18 56 10 1 0
18 57 1 1 1
18 58 5 1 0
18 59 9 1 0
18 60 3 1 0
18 61 5 1 0
18 62 4 1 1
18 63 5 1 0
19 0 2 1 0
19 1 7 1 1
19 2 10 1 0
19 3 8 1 0
19 4 5 1 1
19 5 10 1 0
19 6 6 1 1
19 7 5 1 1
19 8 7 1 0
19 9 7 1 0
19 10 2 1 1
19 11 5 1 0
19 12 1 1 0
19 13 5 1 0
19 14 1 1 0
19 15 8 1 0
19 16 6 1 0
19 17 6 1 0
19 18 1 1 1
19 19 9 1 0
19 20 2 1 0
19 21 4 1 0
19 22 8 1 0
19 23 7 1 1
19 24 7 1 0
19 25 2 1 1
19 26 9 1 0
19 27 8 1 0
19 28 4 1 0
19 29 4 1 1
19 30 10 1 0
19 31 5 1 0
19 32 2 1 0
19 33 1 1 0
19 34 6 1 1
19 35 10 1 0
19 36 2 1 0
19 37 7 1 1
19 38 10 1 0
19 39 10 1 0
19 40 4 1 1
19 41 7 1 1
19 42 1 1 1
19 43 3 1 0
19 44 9 1 0
19 45 5 1 1
19 46 3 1 0
19 47 1 1 0
19 48 5 1 0
19 49 7 1 1
19 50 2 1 0
19 51 5 1 1
19 52 6 1 0
19 53 10 1 0
19 54 9 1 1
19 55 7 1 1
19 56 3 1 0
19 57 3 1 0
19 58 10 1 0
19 59 1 1 0
19 60 1 1 1
19 61 6 1 1
19 62 4 1 0
19 63 2 1 1
20 0 9 1 0
20 1 8 1 0
20 2 5 1 0
20 3 3 1 1
20 4 10 1 1
20 5 8 1 0
20 6 3 1 0
20 7 8 1 1
20 8 4 1 0
20 9 10 1 1
20 10 1 1 1
20 11 7 1 1
20 12 4 1 0
20 13 3 1 0
20 14 8 1 0
20 15 4 1 0
20 16 9 1 0
20 17 6 1 1
20 18 2 1 1
20 19 3 1 0
20 20 6 1 0
20 21 6 1 1
20 22 10 1 0
20 23 9 1 0
20 24 7 1 0
20 25 6 1 1
20 26 4 1 0
20 27 10 1 1
20 28 5 1 0
20 29 5 1 1
20 30 5 1 0
20 31 2 1 1
20 32 4 1 0
20 33 6 1 0
20 34 1 1 1
20 35 7 1 0
20 36 8 1 0
20 37 9 1 0
20 38 8 1 0
20 39 8 1 0
20 40 8 1 0
20 41 1 1 0
20 42 2 1 0
20 43 1 1 1
20 44 2 1 1
20 45 6 1 0
20 46 8 1 1
20 47 5 1 0
20 48 4 1 0
20 49 8 1 0
20 50 10 1 0
20 51 3 1 1
20 52 6 1 1
20 53 10 1 0
20 54 4 1 0
20 55 2 1 0
20 56 7 1 0
20 57 1 1 1
20 58 5 1 0
20 59 5 1 0
20 60 9 1 0
20 61 1 1 0
20 62 5 1 1
20 63 10 1 0
21 0 2 1 0
21 1 5 1 0
21 2 8 1 0
21 3 2 1 1
21 4 9 1 1
21 5 2 1 0
21 6 2 1 1
21 7 2 1 0
21 8 7 1 0
21 9 5 1 0
21 10 4 1 0
21 11 6 1 0
21 12 5 1 0
21 13 3 1 0
21 14 4 1 0
21 15 1 1 0
21 16 5 1 0
21 17 5 1 0
21 18 2 1 0
21 19 6 1 0
21 20 6 1 0
21 21 3 1 0
21 22 5 1 0
21 23 8 1 0
21 24 6 1 1
21 25 4 1 0
21 26 8 1 1
21 27 1 1 0
21 28 6 1 1
21 29 9 1 0
21 30 5 1 0
21 31 2 1 0
21 32 2 1 0
21 33 4 1 1
21 34 5 1 0
21 35 9 1 0
21 36 7 1 1
21 37 5 1 0
21 38 10 1 0
21 39 9 1 0
21 40 6 1 1
21 41 1 1 0
21 42 2 1 0
21 43 5 1 0
21 44 1 1 0
21 45 10 1 0
21 46 2 1 1
21 47 4 1 1
21 48 3 1 0
21 49 7 1 1
21 50 4 1 1
21 51 10 1 1
21 52 2 1 0
21 53 10 1 0
21 54 2 1 0
21 55 6 1 1
21 56 8 1 0
21 57 8 1 1
21 58 1 1 0
21 59 7 1 1
21 60 7 1 0
21 61 3 1 0
21 62 3 1 0
21 63 10 1 0
22 0 3 1 0
22 1 3 1 1
22 2 4 1 0
22 3 7 1 1
22 4 2 1 1
22 5 8 1 0
22 6 8 1 0
22 7 5 1 0
22 8 9 1 0
22 9 3 1 0
22 10 4 1 1
22 11 7 1 0
22 12 4 1 1
22 13 10 1 1
22 14 8 1 0
22 15 10 1 0
22 16 2 1 0
22 17 2 1 0
22 18 8 1 1
22 19 4 1 0
22 20 9 1 0
22 21 8 1 1
22 22 9 1 0
22 23 10 1 0
22 24 9 1 0
22 25 5 1 1
22 26 4 1 0
22 27 10 1 0
22 28 10 1 1
22 29 1 1 0
22 30 10 1 0
22 31 5 1 0
22 32 5 1 0
22 33 10 1 1
22 34 3 1 0
22 35 10 1 0
22 36 8 1 0
22 37 8 1 0
22 38 9 1 1
22 39 10 1 0
22 40 10 1 1
22 41 3 1 1
22 42 3 1 0
22 43 4 1 0
22 44 8 1 0
22 45 5 1 1
22 46 4 1 0
22 47 1 1 1
22 48 10 1 1
22 49 1 1 0
22 50 8 1 0
22 51 8 1 1
22 52 10 1 1
22 53 4 1 0
22 54 7 1 0
22 55 10 1 0
22 56 9 1 1
22 57 5 1 0
22 58 1 1 1
22 59 7 1 0
22 60 6 1 0
22 61 10 1 0
22 62 6 1 0
22 63 6 1 1
23 0 8 1 1
23 1 4 1 1
23 2 7 1 0
23 3 10 1 1
23 4 6 1 0
23 5 8 1 0
23 6 5 1 0
23 7 6 1 0
23 8 5 1 1
23 9 4 1 0
23 10 2 1 0
23 11 10 1 1
23 12 10 1 0
23 13 10 1 1
23 14 4 1 0
23 15 7 1 1
23 16 4 1 0
23 17 3 1 0
23 18 4 1 0
23 19 8 1 1
23 20 6 1 1
23 21 9 1 0
23 22 6 1 0
23 23 9 1 0
23 24 2 1 1
23 25 5 1 0
23 26 4 1 0
23 27 8 1 0
23 28 1 1 1
23 29 8 1 0
23 30 2 1 0
23 31 6 1 0
23 32 9 1 1
23 33 8 1 0
23 34 7 1 1
23 35 2 1 0
23 36 4 1 1
23 37 1 1 0
23 38 10 1 0
23 39 8 1 0
23 40 9 1 0
23 41 10 1 1
23 42 3 1 1
23 43 5 1 0
23 44 8 1 1
23 45 7 1 1
23 46 9 1 0
23 47 10 1 0
23 48 7 1 1
23 49 10 1 0
23 50 2 1 0
23 51 9 1 0
23 52 3 1 0
23 53 10 1 0
23 54 1 1 1
23 55 3 1 0
23 56 6 1 1
23 57 3 1 0
23 58 10 1 0
23 59 8 1 0
23 60 9 1 0
23 61 9 1 0
23 62 9 1 0
23 63 7 1 0
24 0 3 1 0
24 1 10 1 1
24 2 5 1 0
24 3 10 1 0
24 4 8 1 1
24 5 4 1 0
24 6 8 1 0
24 7 4 1 0
24 8 10 1 0
24 9 4 1 1
24 10 6 1 0
24 11 10 1 1
24 12 4 1 0
24 13 5 1 0
24 14 10 1 1
24 15 5 1 1
24 16 3 1 0
24 17 4 1 1
24 18 3 1 0
24 19 3 1 0
24 20 3 1 1
24 21 5 1 0
24 22 2 1 0
24 23 1 1 1
24 24 4 1 0
24 25 1 1 1
24 26 5 1 0
24 27 10 1 0
24 28 8 1 0
24 29 8 1 0
24 30 9 1 1
24 31 3 1 1
24 32 6 1 0
24 33 8 1 1
24 34 6 1 1
24 35 7 1 0
24 36 5 1 1
24 37 4 1 0
24 38 1 1 1
24 39 4 1 1
24 40 3 1 0
24 41 6 1 1
24 42 6 1 1
24 43 6 1 1
24 44 8 1 0
24 45 7 1 1
24 46 6 1 1
24 47 9 1 1
24 48 6 1 0
24 49 9 1 1
24 50 4 1 0
24 51 8 1 0
24 52 8 1 1
24 53 10 1 0
24 54 8 1 0
24 55 8 1 1
24 56 4 1 1
24 57 2 1 1
24 58 9 1 1
24 59 5 1 1
24 60 2 1 0
24 61 6 1 0
24 62 8 1 0
24 63 9 1 1
25 0 7 1 0
25 1 4 1 1
25 2 10 1 1
25 3 10 1 1
25 4 2 1 0
25 5 6 1 0
25 6 2 1 0
25 7 5 1 0
25 8 6 1 1
25 9 9 1 0
25 10 5 1 0
25 11 7 1 0
25 12 5 1 0
25 13 4 1 1
25 14 3 1 1
25 15 8 1 0
25 16 3 1 1
25 17 4 1 0
25 18 7 1 1
25 19 9 1 1
25 20 7 1 1
25 21 10 1 0
25 22 7 1 0
25 23 3 1 0
25 24 10 1 0
25 25 9 1 1
25 26 3 1 0
25 27 3 1 0
25 28 8 1 0
25 29 10 1 1
25 30 8 1 0
25 31 8 1 1
25 32 1 1 1
25 33 2 1 0
25 34 1 1 0
25 35 1 1 1
25 36 2 1 1
25 37 10 1 1
25 38 6 1 1
25 39 2 1 0
25 40 5 1 1
25 41 3 1 1
25 42 10 1 0
25 43 7 1 0
25 44 9 1 1
25 45 9 1 1
25 46 10 1 0
25 47 4 1 0
25 48 2 1 1
25 49 3 1 0
25 50 2 1 0
25 51 8 1 0
25 52 3 1 0
25 53 2 1 0
25 54 9 1 0
25 55 7 1 0
25 56 1 1 1
25 57 5 1 1
25 58 7 1 0
25 59 3 1 1
25 60 8 1 0
25 61 7 1 1
25 62 4 1 0
25 63 9 1 1
26 0 10 1 0
26 1 10 1 0
26 2 1 1 0
26 3 1 1 0
26 4 4 1 0
26 5 4 1 0
26 6 8 1 0
26 7 8 1 0
26 8 10 1 1
26 9 1 1 0
26 10 9 1 0
26 11 2 1 0
26 12 5 1 1
26 13 5 1 0
26 14 8 1 1
26 15 9 1 0
26 16 2 1 0
26 17 2 1 0
26 18 2 1 0
26 19 5 1 0
26 20 6 1 1
26 21 6 1 0
26 22 4 1 0
26 23 8 1 0
26 24 8 1 0
26 25 6 1 0
26 26 3 1 1
26 27 2 1 1
26 28 1 1 1
26 29 5 1 1
26 30 10 1 0
26 31 6 1 0
26 32 1 1 0
26 33 4 1 1
26 34 7 1 0
26 35 9 1 1
26 36 9 1 1
26 37 8 1 1
26 38 9 1 0
26 39 10 1 0
26 40 2 1 1
26 41 3 1 0
26 42 6 1 1
26 43 9 1 1
26 44 1 1 0
26 45 9 1 0
26 46 6 1 0
26 47 10 1 1
26 48 7 1 1
26 49 1 1 0
26 50 3 1 0
26 51 6 1 1
26 52 6 1 0
26 53 2 1 1
26 54 3 1 1
26 55 5 1 0
26 56 10 1 1
26 57 3 1 0
26 58 10 1 0
26 59 1 1 0
26 60 6 1 0
26 61 2 1 1
26 62 9 1 0
26 63 4 1 1
27 0 5 1 0
27 1 1 1 0
27 2 4 1 0
27 3 8 1 0
27 4 7 1 1
27 5 3 1 0
27 6 6 1 1
27 7 8 1 1
27 8 9 1 1
27 9 1 1 0
27 10 9 1 0
27 11 4 1 0
27 12 9 1 0
27 13 2 1 1
27 14 10 1 1
27 15 5 1 0
27 16 10 1 1
27 17 9 1 0
27 18 9 1 1
27 19 10 1 1
27 20 3 1 1
27 21 9 1 1
27 22 9 1 0
27 23 5 1 0
27 24 9 1 0
27 25 4 1 1
27 26 3 1 0
27 27 7 1 1
27 28 10 1 1
27 29 2 1 0
27 30 6 1 0
27 31 7 1 0
27 32 2 1 1
27 33 4 1 1
27 34 4 1 1
27 35 5 1 0
27 36 1 1 0
27 37 2 1 1
27 38 7 1 0
27 39 8 1 1
27 40 1 1 0
27 41 6 1 0
27 42 6 1 0
27 43 1 1 1
27 44 6 1 0
27 45 2 1 0
27 46 4 1 -243
27 47 10 1 0
27 48 9 1 0
27 49 7 1 1
27 50 10 1 0
27 51 4 1 1
27 52 6 1 1
27 53 8 1 0
27 54 3 1 1
27 55 10 1 0
27 56 1 1 1
27 57 5 1 0
27 58 1 1 0
27 59 6 1 0
27 60 1 1 0
27 61 4 1 1
27 62 5 1 1
27 63 9 1 1
28 0 6 1 1
28 1 6 1 0
28 2 10 1 0
28 3 10 1 0
28 4 2 1 0
28 5 9 1 1
28 6 1 1 0
28 7 9 1 0
28 8 10 1 0
28 9 10 1 1
28 10 3 1 0
28 11 2 1 1
28 12 9 1 0
28 13 4 1 0
28 14 10 1 0
28 15 3 1 0
28 16 10 1 1
28 17 10 1 0
28 18 8 1 1
28 19 5 1 1
28 20 5 1 1
28 21 5 1 1
28 22 7 1 0
28 23 3 1 0
28 24 7 1 0
28 25 8 1 1
28 26 7 1 0
28 27 1 1 0
28 28 10 1 0
28 29 4 1 1
28 30 6 1 0
28 31 10 1 1
28 32 2 1 0
28 33 4 1 0
28 34 6 1 1
28 35 2 1 1
28 36 2 1 1
28 37 2 1 0
28 38 9 1 0
28 39 2 1 1
28 40 7 1 1
28 41 2 1 0
28 42 7 1 0
28 43 3 1 1
28 44 2 1 1
28 45 2 1 0
28 46 10 1 0
28 47 5 1 0
28 48 9 1 0
28 49 9 1 1
28 50 9 1 1
28 51 3 1 0
28 52 7 1 1
28 53 10 1 -3
28 54 2 1 1
28 55 7 1 0
28 56 3 1 0
28 57 10 1 1
28 58 5 1 0
28 59 2 1 0
28 60 5 1 0
28 61 7 1 0
28 62 4 1 1
28 63 1 1 0
29 0 5 1 0
29 1 5 1 0
29 2 6 1 0
29 3 3 1 1
29 4 9 1 0
29 5 3 1 1
29 6 4 1 1
29 7 10 1 0
29 8 3 1 0
29 9 6 1 0
29 10 8 1 0
29 11 9 1 1
29 12 2 1 0
29 13 10 1 1
29 14 2 1 1
29 15 9 1 1
29 16 8 1 1
29 17 3 1 1
29 18 6 1 0
29 19 6 1 0
29 20 5 1 1
29 21 3 1 1
29 22 7 1 0
29 23 10 1 0
29 24 8 1 0
29 25 1 1 0
29 26 3 1 0
29 27 1 1 1
29 28 4 1 0
29 29 3 1 0
29 30 10 1 0
29 31 6 1 0
29 32 3 1 1
29 33 1 1 1
29 34 5 1 0
29 35 10 1 1
29 36 8 1 0
29 37 2 1 1
29 38 4 1 0
29 39 9 1 0
29 40 2 1 0
29 41 7 1 1
29 42 1 1 0
29 43 1 1 1
29 44 4 1 0
29 45 3 1 0
29 46 8 1 1
29 47 2 1 0
29 48 10 1 0
29 49 9 1 0
29 50 1 1 0
29 51 4 1 0
29 52 8 1 0
29 53 2 1 0
29 54 1 1 0
29 55 2 1 1
29 56 10 1 0
29 57 8 1 0
29 58 2 1 0
29 59 1 1 0
29 60 8 1 0
29 61 1 1 1
29 62 8 1 0
29 63 10 1 0
30 0 5 1 0
30 1 8 1 0
30 2 6 1 0
30 3 8 1 0
30 4 7 1 1
30 5 4 1 1
30 6 6 1 0
30 7 10 1 1
30 8 8 1 1
30 9 1 1 0
30 10 10 1 0
30 11 3 1 1
30 12 8 1 0
30 13 2 1 0
30 14 4 1 1
30 15 8 1 0
30 16 1 1 1
30 17 7 1 1
30 18 1 1 1
30 19 10 1 0
30 20 3 1 -12
30 21 2 1 0
30 22 9 1 0
30 23 8 1 0
30 24 2 1 1
30 25 10 1 1
30 26 10 1 0
30 27 1 1 0
30 28 7 1 0
30 29 4 1 0
30 30 3 1 0
30 31 6 1 0
30 32 9 1 1
30 33 4 1 0
30 34 1 1 0
30 35 1 1 1
30 36 6 1 1
30 37 6 1 0
30 38 2 1 0
30 39 3 1 0
30 40 5 1 0
30 41 8 1 0
30 42 8 1 0
30 43 7 1 0
30 44 9 1 0
30 45 10 1 0
30 46 7 1 0
30 47 4 1 1
30 48 2 1 0
30 49 7 1 1
30 50 8 1 1
30 51 1 1 0
30 52 10 1 0
30 53 7 1 1
30 54 2 1 0
30 55 8 1 0
30 56 4 1 1
30 57 2 1 0
30 58 9 1 0
30 59 9 1 0
30 60 6 1 0
30 61 9 1 0
30 62 10 1 0
30 63 2 1 0
31 0 10 1 0
31 1 10 1 0
31 2 4 1 1
31 3 3 1 1
31 4 4 1 0
31 5 4 1 0
31 6 10 1 0
31 7 1 1 1
31 8 2 1 0
31 9 9 1 0
31 10 10 1 0
31 11 2 1 0
31 12 9 1 1
31 13 6 1 0
31 14 8 1 1
31 15 9 1 0
31 16 10 1 1
31 17 8 1 0
31 18 5 1 1
31 19 10 1 0
31 20 1 1 0
31 21 2 1 1
31 22 10 1 0
31 23 8 1 0
31 24 5 1 0
31 25 9 1 0
31 26 10 1 1
31 27 1 1 1
31 28 2 1 0
31 29 8 1 0
31 30 9 1 0
31 31 7 1 0
31 32 3 1 0
31 33 4 1 0
31 34 10 1 0
31 35 8 1 0
31 36 10 1 0
31 37 3 1 0
31 38 8 1 0
31 39 6 1 0
31 40 6 1 0
31 41 8 1 1
31 42 10 1 1
31 43 7 1 1
31 44 7 1 0
31 45 3 1 1
31 46 8 1 0
31 47 2 1 0
31 48 2 1 1
31 49 8 1 1
31 50 3 1 1
31 51 4 1 0
31 52 5 1 1
31 53 9 1 1
31 54 7 1 1
31 55 8 1 0
31 56 8 1 0
31 57 10 1 0
31 58 9 1 1
31 59 6 1 0
31 60 1 1 0
31 61 8 1 0
31 62 3 1 0
31 63 2 1 0
32 0 8 1 0
32 1 1 1 0
32 2 5 1 1
32 3 5 1 1
32 4 2 1 0
32 5 1 1 0
32 6 7 1 1
32 7 2 1 0
32 8 7 1 0
32 9 5 1 1
32 10 7 1 1
32 11 2 1 0
32 12 2 1 1
32 13 6 1 0
32 14 8 1 0
32 15 2 1 1
32 16 8 1 0
32 17 10 1 1
32 18 3 1 0
32 19 5 1 1
32 20 1 1 0
32 21 3 1 0
32 22 5 1 0
32 23 2 1 1
32 24 5 1 0
32 25 1 1 1
32 26 6 1 0
32 27 3 1 1
32 28 8 1 1
32 29 6 1 0
32 30 9 1 0
32 31 9 1 0
32 32 6 1 0
32 33 1 1 0
32 34 3 1 0
32 35 9 1 0
32 36 8 1 1
32 37 1 1 0
32 38 3 1 0
32 39 10 1 0
32 40 7 1 1
32 41 6 1 1
32 42 5 1 0
32 43 8 1 0
32 44 6 1 1
32 45 7 1 0
32 46 9 1 0
32 47 1 1 0
32 48 3 1 1
32 49 10 1 0
32 50 8 1 0
32 51 4 1 1
32 52 6 1 0
32 53 3 1 0
32 54 10 1 1
32 55 9 1 0
32 56 9 1 0
32 57 1 1 0
32 58 1 1 1
32 59 5 1 1
32 60 4 1 0
32 61 3 1 1
32 62 7 1 0
32 63 5 1 0
33 0 5 1 1
33 1 6 1 0
33 2 8 1 1
33 3 3 1 0
33 4 10 1 1
33 5 4 1 0
33 6 6 1 1
33 7 9 1 0
33 8 7 1 0
33 9 4 1 0
33 10 10 1 1
33 11 8 1 0
33 12 8 1 0
33 13 4 1 1
33 14 1 1 0
33 15 8 1 0
33 16 10 1 1
33 17 3 1 0
33 18 9 1 0
33 19 3 1 1
33 20 10 1 0
33 21 5 1 1
33 22 9 1 0
33 23 8 1 1
33 24 6 1 0
33 25 10 1 0
33 26 10 1 0
33 27 8 1 0
33 28 1 1 0
33 29 3 1 1
33 30 4 1 1
33 31 10 1 0
33 32 10 1 1
33 33 7 1 1
33 34 7 1 1
33 35 4 1 0
33 36 8 1 1
33 37 8 1 0
33 38 1 1 1
33 39 3 1 1
33 40 1 1 0
33 41 2 1 0
33 42 1 1 1
33 43 2 1 0
33 44 4 1 0
33 45 8 1 1
33 46 5 1 0
33 47 7 1 0
33 48 6 1 0
33 49 4 1 1
33 50 8 1 0
33 51 7 1 1
33 52 4 1 1
33 53 5 1 0
33 54 6 1 0
33 55 9 1 1
33 56 2 1 0
33 57 6 1 0
33 58 2 1 0
33 59 6 1 1
33 60 8 1 0
33 61 6 1 1
33 62 4 1 0
33 63 6 1 0
34 0 7 1 0
34 1 4 1 0
34 2 3 1 0
34 3 7 1 1
34 4 6 1 0
34 5 4 1 1
34 6 5 1 0
34 7 6 1 0
34 8 7 1 0
34 9 5 1 0
34 10 4 1 0
34 11 1 1 0
34 12 9 1 1
34 13 9 1 0
34 14 1 1 0
34 15 8 1 1
34 16 2 1 1
34 17 2 1 1
34 18 5 1 1
34 19 6 1 1
34 20 3 1 0
34 21 4 1 1
34 22 2 1 1
34 23 1 1 0
34 24 4 1 0
34 25 3 1 1
34 26 3 1 0
34 27 7 1 1
34 28 6 1 0
34 29 10 1 0
34 30 2 1 0
34 31 10 1 0
34 32 6 1 0
34 33 3 1 0
34 34 2 1 1
34 35 10 1 0
34 36 8 1 0
34 37 7 1 1
34 38 7 1 0
34 39 5 1 0
34 40 10 1 1
34 41 6 1 1
34 42 6 1 1
34 43 4 1 0
34 44 2 1 0
34 45 4 1 0
34 46 1 1 1
34 47 3 1 1
34 48 4 1 1
34 49 8 1 0
34 50 6 1 1
34 51 7 1 1
34 52 6 1 0
34 53 7 1 1
34 54 10 1 1
34 55 10 1 0
34 56 4 1 0
34 57 1 1 0
34 58 10 1 1
34 59 1 1 0
34 60 4 1 0
34 61 1 1 1
34 62 7 1 0
34 63 10 1 1
35 0 10 1 1
35 1 10 1 0
35 2 9 1 0
35 3 5 1 1
35 4 8 1 0
35 5 9 1 1
35 6 8 1 1
35 7 9 1 0
35 8 3 1 1
35 9 7 1 0
35 10 8 1 0
35 11 5 1 0
35 12 2 1 0
35 13 10 1 1
35 14 9 1 0
35 15 9 1 0
35 16 6 1 0
35 17 8 1 0
35 18 8 1 1
35 19 3 1 1
35 20 7 1 0
35 21 7 1 1
35 22 5 1 0
35 23 4 1 0
35 24 2 1 0
35 25 7 1 0
35 26 10 1 0
35 27 4 1 1
35 28 2 1 0
35 29 8 1 1
35 30 3 1 1
35 31 6 1 0
35 32 3 1 0
35 33 1 1 0
35 34 10 1 1
35 35 2 1 0
35 36 8 1 0
35 37 4 1 0
35 38 3 1 0
35 39 10 1 0
35 40 7 1 1
35 41 3 1 0
35 42 10 1 1
35 43 3 1 1
35 44 3 1 0
35 45 10 1 1
35 46 2 1 1
35 47 6 1 0
35 48 10 1 0
35 49 6 1 0
35 50 1 1 0
35 51 10 1 0
35 52 2 1 1
35 53 10 1 0
35 54 10 1 0
35 55 3 1 1
35 56 8 1 0
35 57 1 1 1
35 58 8 1 0
35 59 4 1 0
35 60 10 1 1
35 61 9 1 0
35 62 8 1 1
35 63 3 1 0
36 0 5 1 1
36 1 2 1 1
36 2 10 1 0
36 3 10 1 0
36 4 1 1 1
36 5 2 1 0
36 6 2 1 1
36 7 3 1 1
36 8 6 1 0
36 9 9 1 1
36 10 5 1 0
36 11 6 1 1
36 12 9 1 0
36 13 1 1 1
36 14 2 1 0
36 15 8 1 1
36 16 9 1 1
36 17 5 1 0
36 18 6 1 1
36 19 5 1 1
36 20 7 1 1
36 21 9 1 1
36 22 8 1 0
36 23 6 1 1
36 24 5 1 0
36 25 6 1 0
36 26 8 1 1
36 27 4 1 0
36 28 4 1 0
36 29 1 1 1
36 30 4 1 0
36 31 2 1 0
36 32 5 1 1
36 33 8 1 1
36 34 10 1 0
36 35 5 1 0
36 36 3 1 0
36 37 8 1 0
36 38 10 1 1
36 39 7 1 0
36 40 5 1 0
36 41 8 1 1
36 42 1 1 0
36 43 5 1 1
36 44 2 1 1
36 45 1 1 1
36 46 6 1 1
36 47 10 1 0
36 48 10 1 0
36 49 7 1 1
36 50 8 1 1
36 51 9 1 0
36 52 6 1 1
36 53 9 1 1
36 54 9 1 1
36 55 10 1 1
36 56 9 1 0
36 57 4 1 1
36 58 1 1 1
36 59 4 1 0
36 60 2 1 0
36 61 2 1 1
36 62 7 1 0
36 63 10 1 1
37 0 4 1 0
37 1 3 1 0
37 2 2 1 0
37 3 10 1 1
37 4 9 1 1
37 5 4 1 0
37 6 4 1 1
37 7 1 1 0
37 8 5 1 1
37 9 4 1 0
37 10 3 1 1
37 11 7 1 1
37 12 3 1 0
37 13 1 1 1
37 14 8 1 0
37 15 2 1 1
37 16 1 1 0
37 17 10 1 0
37 18 1 1 0
37 19 6 1 1
37 20 8 1 1
37 21 1 1 0
37 22 1 1 0
37 23 2 1 0
37 24 7 1 0
37 25 4 1 0
37 26 3 1 0
37 27 10 1 0
37 28 4 1 0
37 29 7 1 0
37 30 9 1 1
37 31 3 1 0
37 32 9 1 1
37 33 10 1 0
37 34 1 1 1
37 35 5 1 0
37 36 1 1 1
37 37 8 1 1
37 38 7 1 0
37 39 6 1 1
37 40 5 1 0
37 41 3 1 0
37 42 5 1 0
37 43 5 1 0
37 44 3 1 1
37 45 6 1 1
37 46 6 1 0
37 47 2 1 1
37 48 1 1 1
37 49 1 1 0
37 50 8 1 1
37 51 6 1 0
37 52 1 1 0
37 53 7 1 1
37 54 2 1 1
37 55 3 1 0
37 56 7 1 1
37 57 3 1 1
37 58 2 1 1
37 59 9 1 0
37 60 4 1 1
37 61 2 1 0
37 62 6 1 1
37 63 7 1 0
38 0 9 1 1
38 1 8 1 1
38 2 2 1 0
38 3 2 1 0
38 4 1 1 0
38 5 8 1 1
38 6 6 1 0
38 7 2 1 0
38 8 3 1 1
38 9 5 1 0
38 10 4 1 0
38 11 9 1 0
38 12 1 1 0
38 13 8 1 0
38 14 8 1 1
38 15 8 1 0
38 16 7 1 0
38 17 1 1 1
38 18 7 1 1
38 19 9 1 1
38 20 8 1 0
38 21 8 1 0
38 22 4 1 0
38 23 10 1 0
38 24 2 1 1
38 25 8 1 1
38 26 2 1 0
38 27 9 1 1
38 28 2 1 1
38 29 3 1 0
38 30 8 1 1
38 31 2 1 0
38 32 10 1 0
38 33 1 1 0
38 34 2 1 1
38 35 7 1 0
38 36 9 1 1
38 37 9 1 1
38 38 10 1 1
38 39 10 1 0
38 40 8 1 0
38 41 1 1 1
38 42 9 1 0
38 43 4 1 0
38 44 1 1 0
38 45 7 1 1
38 46 2 1 0
38 47 7 1 0
38 48 3 1 1
38 49 1 1 1
38 50 9 1 0
38 51 8 1 0
38 52 7 1 1
38 53 4 1 1
38 54 4 1 1
38 55 8 1 0
38 56 7 1 1
38 57 2 1 1
38 58 1 1 1
38 59 2 1 0
38 60 8 1 0
38 61 9 1 1
38 62 4 1 0
38 63 10 1 0
39 0 5 1 0
39 1 2 1 1
39 2 1 1 0
39 3 4 1 0
39 4 1 1 0
39 5 2 1 0
39 6 9 1 1
39 7 8 1 1
39 8 4 1 1
39 9 9 1 1
39 10 10 1 0
39 11 7 1 0
39 12 7 1 0
39 13 3 1 0
39 14 4 1 0
39 15 1 1 0
39 16 10 1 0
39 17 1 1 0
39 18 2 1 1
39 19 7 1 0
39 20 3 1 0
39 21 1 1 0
39 22 10 1 0
39 23 7 1 0
39 24 3 1 1
39 25 10 1 1
39 26 7 1 1
39 27 4 1 0
39 28 1 1 1
39 29 6 1 0
39 30 9 1 0
39 31 2 1 0
39 32 1 1 1
39 33 7 1 1
39 34 3 1 1
39 35 9 1 0
39 36 6 1 0
39 37 6 1 0
39 38 7 1 0
39 39 3 1 1
39 40 1 1 1
39 41 1 1 0
39 42 9 1 0
39 43 9 1 0
39 44 4 1 0
39 45 9 1 0
39 46 6 1 1
39 47 4 1 0
39 48 6 1 1
39 49 8 1 0
39 50 3 1 1
39 51 3 1 0
39 52 2 1 0
39 53 7 1 0
39 54 8 1 1
39 55 9 1 1
39 56 6 1 1
39 57 6 1 0
39 58 3 1 0
39 59 5 1 1
39 60 3 1 0
39 61 5 1 1
39 62 3 1 0
39 63 1 1 0
40 0 5 1 1
40 1 1 1 0
40 2 6 1 0
40 3 5 1 0
40 4 6 1 1
40 5 3 1 0
40 6 4 1 0
40 7 1 1 1
40 8 1 1 1
40 9 1 1 0
40 10 6 1 0
40 11 9 1 0
40 12 3 1 1
40 13 3 1 0
40 14 7 1 0
40 15 3 1 0
40 16 8 1 0
40 17 5 1 0
40 18 3 1 0
40 19 6 1 0
40 20 10 1 0
40 21 6 1 0
40 22 10 1 1
40 23 9 1 0
40 24 4 1 0
40 25 2 1 1
40 26 8 1 0
40 27 4 1 0
40 28 6 1 0
40 29 3 1 1
40 30 7 1 1
40 31 4 1 1
40 32 10 1 1
40 33 5 1 0
40 34 1 1 0
40 35 8 1 1
40 36 6 1 0
40 37 8 1 0
40 38 5 1 0
40 39 2 1 0
40 40 3 1 1
40 41 5 1 1
40 42 4 1 1
40 43 3 1 0
40 44 2 1 1
40 45 9 1 1
40 46 1 1 1
40 47 10 1 1
40 48 8 1 0
40 49 9 1 0
40 50 1 1 1
40 51 5 1 0
40 52 10 1 0
40 53 4 1 1
40 54 3 1 1
40 55 10 1 0
40 56 8 1 0
40 57 9 1 0
40 58 10 1 0
40 59 3 1 0
40 60 4 1 1
40 61 4 1 0
40 62 10 1 1
40 63 9 1 1
41 0 8 1 1
41 1 5 1 0
41 2 1 1 0
41 3 4 1 0
41 4 8 1 0
41 5 5 1 0
41 6 10 1 0
41 7 3 1 1
41 8 7 1 0
41 9 3 1 1
41 10 10 1 1
41 11 2 1 0
41 12 3 1 0
41 13 3 1 0
41 14 8 1 1
41 15 8 1 0
41 16 7 1 1
41 17 5 1 1
41 18 6 1 0
41 19 4 1 1
41 20 2 1 0
41 21 9 1 0
41 22 9 1 1
41 23 7 1 0
41 24 3 1 1
41 25 10 1 0
41 26 3 1 0
41 27 2 1 0
41 28 6 1 1
41 29 7 1 0
41 30 7 1 0
41 31 5 1 0
41 32 1 1 0
41 33 9 1 0
41 34 8 1 0
41 35 4 1 1
41 36 5 1 1
41 37 7 1 0
41 38 2 1 0
41 39 2 1 0
41 40 5 1 1
41 41 1 1 1
41 42 8 1 0
41 43 7 1 0
41 44 5 1 1
41 45 8 1 1
41 46 8 1 1
41 47 1 1 1
41 48 7 1 1
41 49 5 1 0
41 50 5 1 1
41 51 10 1 1
41 52 2 1 0
41 53 3 1 1
41 54 9 1 0
41 55 7 1 1
41 56 7 1 0
41 57 4 1 0
41 58 3 1 0
41 59 3 1 0
41 60 6 1 0
41 61 6 1 0
41 62 7 1 0
41 63 4 1 0
42 0 6 1 1
42 1 4 1 0
42 2 8 1 1
42 3 10 1 0
42 4 8 1 0
42 5 7 1 0
42 6 4 1 0
42 7 4 1 0
42 8 8 1 0
42 9 1 1 1
42 10 2 1 0
42 11 9 1 1
42 12 4 1 0
42 13 5 1 0
42 14 6 1 0
42 15 10 1 0
42 16 5 1 1
42 17 8 1 0
42 18 8 1 0
42 19 6 1 0
42 20 6 1 0
42 21 7 1 0
42 22 4 1 1
42 23 6 1 0
42 24 10 1 0
42 25 4 1 1
42 26 1 1 0
42 27 9 1 0
42 28 10 1 1
42 29 1 1 0
42 30 3 1 1
42 31 9 1 1
42 32 6 1 0
42 33 5 1 0
42 34 6 1 0
42 35 7 1 0
42 36 4 1 0
42 37 2 1 0
42 38 2 1 0
42 39 3 1 0
42 40 9 1 0
42 41 5 1 0
42 42 10 1 0
42 43 5 1 0
42 44 4 1 1
42 45 9 1 1
42 46 1 1 0
42 47 5 1 0
42 48 1 1 1
42 49 9 1 1
42 50 7 1 0
42 51 5 1 0
42 52 5 1 0
42 53 9 1 0
42 54 8 1 1
42 55 2 1 1
42 56 1 1 0
42 57 7 1 1
42 58 7 1 1
42 59 10 1 0
42 60 9 1 0
42 61 8 1 1
42 62 5 1 1
42 63 6 1 0
43 0 10 1 1
43 1 1 1 0
43 2 9 1 0
43 3 2 1 0
43 4 5 1 1
43 5 4 1 1
43 6 5 1 0
43 7 10 1 1
43 8 8 1 1
43 9 5 1 0
43 10 10 1 0
43 11 4 1 0
43 12 1 1 0
43 13 4 1 1
43 14 10 1 0
43 15 5 1 0
43 16 6 1 1
43 17 1 1 1
43 18 2 1 1
43 19 3 1 0
43 20 5 1 0
43 21 6 1 1
43 22 10 1 1
43 23 3 1 1
43 24 8 1 0
43 25 8 1 1
43 26 8 1 1
43 27 5 1 0
43 28 6 1 0
43 29 2 1 0
43 30 10 1 1
43 31 7 1 1
43 32 7 1 0
43 33 1 1 0
43 34 9 1 0
43 35 4 1 0
43 36 10 1 1
43 37 8 1 0
43 38 3 1 1
43 39 4 1 1
43 40 6 1 0
43 41 3 1 0
43 42 10 1 0
43 43 3 1 1
43 44 6 1 0
43 45 4 1 0
43 46 5 1 1
43 47 10 1 0
43 48 2 1 0
43 49 2 1 0
43 50 10 1 0
43 51 1 1 1
43 52 4 1 1
43 53 10 1 0
43 54 10 1 1
43 55 4 1 1
43 56 6 1 0
43 57 3 1 1
43 58 3 1 0
43 59 9 1 1
43 60 1 1 0
43 61 6 1 0
43 62 1 1 1
43 63 4 1 0
44 0 8 1 1
44 1 9 1 0
44 2 9 1 0
44 3 2 1 0
44 4 6 1 0
44 5 10 1 0
44 6 5 1 1
44 7 2 1 1
44 8 6 1 1
44 9 8 1 0
44 10 1 1 0
44 11 9 1 0
44 12 6 1 0
44 13 10 1 0
44 14 9 1 0
44 15 1 1 0
44 16 10 1 0
44 17 10 1 0
44 18 8 1 0
44 19 7 1 0
44 20 10 1 0
44 21 2 1 1
44 22 3 1 1
44 23 5 1 0
44 24 4 1 0
44 25 2 1 1
44 26 1 1 0
44 27 8 1 0
44 28 6 1 1
44 29 4 1 0
44 30 7 1 0
44 31 9 1 0
44 32 9 1 0
44 33 1 1 0
44 34 4 1 1
44 35 10 1 0
44 36 9 1 1
44 37 9 1 1
44 38 8 1 0
44 39 2 1 0
44 40 2 1 1
44 41 9 1 0
44 42 8 1 1
44 43 5 1 1
44 44 3 1 0
44 45 3 1 0
44 46 6 1 0
44 47 8 1 0
44 48 8 1 1
44 49 2 1 0
44 50 5 1 1
44 51 6 1 1
44 52 5 1 0
44 53 7 1 0
44 54 2 1 0
44 55 2 1 1
44 56 5 1 1
44 57 1 1 0
44 58 4 1 1
44 59 10 1 0
44 60 9 1 1
44 61 9 1 0
44 62 5 1 1
44 63 2 1 0
45 0 1 1 1
45 1 6 1 0
45 2 3 1 0
45 3 8 1 0
45 4 10 1 1
45 5 5 1 0
45 6 10 1 0
45 7 8 1 1
45 8 6 1 0
45 9 4 1 0
45 10 8 1 0
45 11 4 1 0
45 12 6 1 0
45 13 3 1 0
45 14 9 1 1
45 15 4 1 1
45 16 10 1 1
45 17 8 1 0
45 18 4 1 0
45 19 2 1 0
45 20 10 1 0
45 21 6 1 0
45 22 6 1 0
45 23 4 1 1
45 24 1 1 0
45 25 6 1 0
45 26 2 1 1
45 27 8 1 0
45 28 6 1 0
45 29 8 1 0
45 30 3 1 0
45 31 4 1 1
45 32 3 1 1
45 33 2 1 0
45 34 3 1 0
45 35 10 1 0
45 36 4 1 0
45 37 1 1 1
45 38 6 1 1
45 39 6 1 1
45 40 1 1 0
45 41 9 1 0
45 42 1 1 0
45 43 3 1 1
45 44 4 1 0
45 45 7 1 0
45 46 8 1 0
45 47 8 1 0
45 48 5 1 1
45 49 6 1 0
45 50 9 1 0
45 51 1 1 0
45 52 7 1 1
45 53 2 1 1
45 54 10 1 0
45 55 7 1 0
45 56 1 1 0
45 57 9 1 1
45 58 10 1 0
45 59 9 1 0
45 60 1 1 0
45 61 3 1 1
45 62 4 1 1
45 63 6 1 0
46 0 6 1 1
46 1 4 1 0
46 2 8 1 0
46 3 10 1 0
46 4 10 1 0
46 5 3 1 0
46 6 9 1 0
46 7 10 1 0
46 8 9 1 0
46 9 4 1 0
46 10 5 1 0
46 11 9 1 0
46 12 2 1 1
46 13 1 1 1
46 14 3 1 0
46 15 4 1 1
46 16 3 1 0
46 17 10 1 0
46 18 10 1 1
46 19 1 1 0
46 20 2 1 0
46 21 9 1 0
46 22 4 1 0
46 23 10 1 0
46 24 8 1 1
46 25 7 1 0
46 26 2 1 1
46 27 1 1 1
46 28 1 1 0
46 29 10 1 1
46 30 10 1 1
46 31 7 1 1
46 32 6 1 0
46 33 10 1 1
46 34 1 1 0
46 35 7 1 1
46 36 4 1 0
46 37 7 1 0
46 38 3 1 0
46 39 5 1 1
46 40 8 1 0
46 41 6 1 0
46 42 1 1 1
46 43 2 1 1
46 44 5 1 1
46 45 8 1 1
46 46 10 1 1
46 47 4 1 1
46 48 1 1 1
46 49 5 1 0
46 50 5 1 1
46 51 7 1 1
46 52 6 1 0
46 53 5 1 1
46 54 10 1 0
46 55 6 1 1
46 56 9 1 0
46 57 8 1 0
46 58 3 1 1
46 59 5 1 0
46 60 5 1 0
46 61 4 1 1
46 62 1 1 0
46 63 4 1 0
47 0 4 1 1
47 1 2 1 1
47 2 7 1 1
47 3 4 1 1
47 4 8 1 0
47 5 8 1 1
47 6 4 1 0
47 7 9 1 1
47 8 4 1 1
47 9 6 1 1
47 10 10 1 0
47 11 9 1 0
47 12 9 1 0
47 13 8 1 0
47 14 5 1 1
47 15 1 1 1
47 16 3 1 1
47 17 2 1 0
47 18 2 1 0
47 19 3 1 1
47 20 6 1 1
47 21 10 1 1
47 22 4 1 1
47 23 6 1 1
47 24 4 1 0
47 25 10 1 0
47 26 7 1 0
47 27 4 1 0
47 28 7 1 1
47 29 7 1 0
47 30 4 1 0
47 31 6 1 1
47 32 7 1 0
47 33 3 1 0
47 34 4 1 1
47 35 9 1 0
47 36 2 1 1
47 37 3 1 0
47 38 10 1 1
47 39 4 1 0
47 40 8 1 0
47 41 3 1 0
47 42 7 1 0
47 43 10 1 0
47 44 7 1 0
47 45 5 1 0
47 46 10 1 0
47 47 8 1 1
47 48 10 1 1
47 49 10 1 0
47 50 4 1 1
47 51 6 1 0
47 52 10 1 1
47 53 7 1 0
47 54 5 1 1
47 55 4 1 1
47 56 10 1 1
47 57 9 1 1
47 58 10 1 1
47 59 6 1 1
47 60 10 1 0
47 61 6 1 0
47 62 9 1 1
47 63 5 1 0
48 0 7 1 0
48 1 10 1 0
48 2 10 1 0
48 3 3 1 0
48 4 1 1 1
48 5 4 1 1
48 6 4 1 0
48 7 7 1 0
48 8 10 1 0
48 9 9 1 0
48 10 9 1 1
48 11 8 1 0
48 12 6 1 1
48 13 9 1 0
48 14 9 1 1
48 15 5 1 0
48 16 4 1 1
48 17 7 1 1
48 18 1 1 0
48 19 9 1 0
48 20 6 1 0
48 21 5 1 1
48 22 1 1 0
48 23 4 1 1
48 24 9 1 1
48 25 5 1 1
48 26 8 1 0
48 27 9 1 1
48 28 4 1 0
48 29 1 1 0
48 30 6 1 0
48 31 3 1 0
48 32 2 1 0
48 33 6 1 1
48 34 6 1 1
48 35 9 1 0
48 36 4 1 0
48 37 2 1 0
48 38 6 1 0
48 39 2 1 1
48 40 9 1 0
48 41 4 1 0
48 42 5 1 1
48 43 8 1 0
48 44 10 1 0
48 45 8 1 1
48 46 1 1 1
48 47 6 1 0
48 48 5 1 0
48 49 1 1 0
48 50 4 1 1
48 51 8 1 0
48 52 7 1 0
48 53 4 1 0
48 54 9 1 1
48 55 8 1 1
48 56 10 1 0
48 57 5 1 0
48 58 10 1 1
48 59 5 1 0
48 60 5 1 0
48 61 5 1 0
48 62 7 1 1
48 63 5 1 0
49 0 9 1 0
49 1 8 1 0
49 2 7 1 1
49 3 2 1 1
49 4 3 1 1
49 5 9 1 0
49 6 1 1 0
49 7 1 1 1
49 8 8 1 0
49 9 9 1 1
49 10 1 1 1
49 11 3 1 1
49 12 5 1 1
49 13 9 1 1
49 14 7 1 1
49 15 4 1 1
49 16 1 1 0
49 17 3 1 0
49 18 3 1 0
49 19 8 1 0
49 20 8 1 0
49 21 2 1 1
49 22 2 1 0
49 23 7 1 0
49 24 8 1 1
49 25 6 1 1
49 26 1 1 1
49 27 10 1 1
49 28 1 1 1
49 29 6 1 0
49 30 1 1 0
49 31 4 1 1
49 32 2 1 1
49 33 1 1 0
49 34 4 1 1
49 35 5 1 0
49 36 9 1 0
49 37 3 1 0
49 38 10 1 1
49 39 10 1 0
49 40 2 1 1
49 41 3 1 0
49 42 9 1 0
49 43 9 1 0
49 44 8 1 1
49 45 4 1 1
49 46 1 1 0
49 47 7 1 0
49 48 1 1 1
49 49 5 1 0
49 50 6 1 1
49 51 8 1 0
49 52 2 1 0
49 53 3 1 1
49 54 10 1 0
49 55 1 1 0
49 56 10 1 1
49 57 6 1 0
49 58 2 1 1
49 59 2 1 0
49 60 4 1 0
49 61 3 1 1
49 62 3 1 0
49 63 2 1 0
50 0 8 1 0
50 1 10 1 0
50 2 7 1 0
50 3 8 1 1
50 4 10 1 0
50 5 1 1 0
50 6 2 1 0
50 7 8 1 0
50 8 5 1 0
50 9 10 1 0
50 10 10 1 0
50 11 6 1 1
50 12 2 1 0
50 13 5 1 0
50 14 5 1 0
50 15 10 1 0
50 16 1 1 0
50 17 8 1 0
50 18 3 1 1
50 19 10 1 0
50 20 2 1 0
50 21 5 1 0
50 22 8 1 0
50 23 5 1 0
50 24 8 1 0
50 25 6 1 0
50 26 5 1 1
50 27 8 1 0
50 28 2 1 1
50 29 1 1 1
50 30 9 1 0
50 31 9 1 0
50 32 7 1 1
50 33 2 1 0
50 34 2 1 0
50 35 2 1 1
50 36 5 1 1
50 37 5 1 0
50 38 7 1 0
50 39 6 1 1
50 40 2 1 0
50 41 8 1 1
50 42 9 1 0
50 43 6 1 0
50 44 8 1 1
50 45 9 1 1
50 46 10 1 0
50 47 6 1 0
50 48 4 1 0
50 49 4 1 1
50 50 8 1 1
50 51 2 1 1
50 52 6 1 1
50 53 10 1 0
50 54 5 1 1
50 55 9 1 0
50 56 7 1 0
50 57 9 1 0
50 58 1 1 1
50 59 6 1 1
50 60 8 1 1
50 61 9 1 0
50 62 1 1 0
50 63 2 1 1
51 0 3 1 0
51 1 8 1 1
51 2 3 1 1
51 3 5 1 0
51 4 4 1 0
51 5 6 1 0
51 6 8 1 0
51 7 1 1 0
51 8 8 1 1
51 9 7 1 1
51 10 5 1 0
51 11 1 1 1
51 12 6 1 0
51 13 7 1 0
51 14 2 1 1
51 15 10 1 0
51 16 2 1 0
51 17 2 1 1
51 18 1 1 0
51 19 5 1 1
51 20 6 1 1
51 21 7 1 0
51 22 7 1 0
51 23 7 1 0
51 24 1 1 0
51 25 7 1 0
51 26 3 1 0
51 27 2 1 0
51 28 6 1 1
51 29 10 1 1
51 30 1 1 0
51 31 4 1 0
51 32 3 1 0
51 33 5 1 0
51 34 10 1 0
51 35 4 1 1
51 36 7 1 0
51 37 1 1 0
51 38 10 1 0
51 39 8 1 1
51 40 8 1 0
51 41 3 1 0
51 42 2 1 1
51 43 4 1 0
51 44 2 1 0
51 45 7 1 0
51 46 8 1 1
51 47 4 1 0
51 48 1 1 1
51 49 3 1 0
51 50 4 1 0
51 51 1 1 1
51 52 10 1 1
51 53 1 1 1
51 54 6 1 1
51 55 10 1 0
51 56 10 1 0
51 57 10 1 1
51 58 7 1 1
51 59 9 1 0
51 60 1 1 1
51 61 4 1 1
51 62 10 1 0
51 63 7 1 1
52 0 10 1 1
52 1 3 1 1
52 2 2 1 1
52 3 9 1 1
52 4 3 1 1
52 5 4 1 0
52 6 9 1 0
52 7 7 1 0
52 8 5 1 0
52 9 7 1 0
52 10 2 1 1
52 11 6 1 0
52 12 5 1 0
52 13 3 1 0
52 14 8 1 0
52 15 9 1 0
52 16 10 1 1
52 17 2 1 1
52 18 4 1 0
52 19 4 1 0
52 20 6 1 1
52 21 9 1 0
52 22 2 1 0
52 23 3 1 0
52 24 10 1 0
52 25 5 1 1
52 26 7 1 0
52 27 10 1 0
52 28 2 1 0
52 29 4 1 0
52 30 8 1 1
52 31 9 1 0
52 32 3 1 0
52 33 5 1 1
52 34 2 1 0
52 35 8 1 0
52 36 3 1 0
52 37 5 1 0
52 38 3 1 0
52 39 8 1 1
52 40 8 1 0
52 41 5 1 0
52 42 4 1 0
52 43 7 1 1
52 44 10 1 0
52 45 3 1 0
52 46 4 1 1
52 47 2 1 0
52 48 4 1 1
52 49 9 1 0
52 50 4 1 0
52 51 2 1 0
52 52 9 1 0
52 53 9 1 1
52 54 5 1 0
52 55 5 1 1
52 56 1 1 0
52 57 7 1 0
52 58 4 1 1
52 59 7 1 1
52 60 9 1 1
52 61 10 1 0
52 62 7 1 1
52 63 5 1 1
53 0 8 1 1
53 1 5 1 1
53 2 3 1 1
53 3 7 1 1
53 4 2 1 1
53 5 1 1 0
53 6 1 1 1
53 7 5 1 1
53 8 5 1 0
53 9 2 1 0
53 10 3 1 1
53 11 7 1 1
53 12 2 1 1
53 13 6 1 1
53 14 4 1 1
53 15 3 1 1
53 16 3 1 0
53 17 5 1 1
53 18 6 1 1
53 19 4 1 0
53 20 5 1 0
53 21 4 1 0
53 22 2 1 1
53 23 5 1 0
53 24 4 1 0
53 25 10 1 1
53 26 8 1 0
53 27 5 1 1
53 28 6 1 1
53 29 9 1 1
53 30 4 1 1
53 31 6 1 0
53 32 6 1 1
53 33 6 1 0
53 34 9 1 1
53 35 9 1 0
53 36 3 1 0
53 37 9 1 1
53 38 4 1 0
53 39 5 1 0
53 40 6 1 0
53 41 3 1 1
53 42 6 1 1
53 43 3 1 0
53 44 9 1 0
53 45 6 1 0
53 46 9 1 1
53 47 5 1 0
53 48 9 1 0
53 49 6 1 0
53 50 4 1 0
53 51 7 1 1
53 52 5 1 0
53 53 2 1 1
53 54 8 1 1
53 55 8 1 0
53 56 7 1 0
53 57 1 1 0
53 58 8 1 0
53 59 4 1 0
53 60 2 1 0
53 61 4 1 1
53 62 6 1 1
53 63 10 1 0
54 0 2 1 0
54 1 4 1 0
54 2 10 1 1
54 3 9 1 0
54 4 1 1 1
54 5 4 1 1
54 6 2 1 0
54 7 5 1 0
54 8 7 1 1
54 9 8 1 1
54 10 5 1 0
54 11 2 1 0
54 12 2 1 1
54 13 3 1 0
54 14 10 1 0
54 15 2 1 1
54 16 6 1 0
54 17 4 1 1
54 18 4 1 0
54 19 9 1 0
54 20 8 1 0
54 21 8 1 1
54 22 2 1 0
54 23 5 1 1
54 24 8 1 0
54 25 3 1 0
54 26 4 1 0
54 27 5 1 0
54 28 4 1 1
54 29 4 1 1
54 30 10 1 0
54 31 4 1 0
54 32 4 1 0
54 33 1 1 0
54 34 6 1 1
54 35 9 1 0
54 36 5 1 1
54 37 7 1 0
54 38 8 1 0
54 39 2 1 0
54 40 5 1 0
54 41 4 1 0
54 42 8 1 0
54 43 1 1 1
54 44 5 1 0
54 45 1 1 0
54 46 4 1 0
54 47 6 1 0
54 48 4 1 0
54 49 3 1 0
54 50 3 1 1
54 51 1 1 0
54 52 5 1 0
54 53 4 1 0
54 54 1 1 0
54 55 8 1 0
54 56 6 1 0
54 57 4 1 0
54 58 2 1 1
54 59 4 1 0
54 60 4 1 0
54 61 7 1 1
54 62 6 1 0
54 63 2 1 0
55 0 8 1 1
55 1 9 1 0
55 2 7 1 1
55 3 9 1 0
55 4 8 1 1
55 5 6 1 0
55 6 10 1 1
55 7 4 1 0
55 8 3 1 1
55 9 9 1 1
55 10 9 1 1
55 11 7 1 0
55 12 2 1 1
55 13 4 1 0
55 14 3 1 1
55 15 6 1 1
55 16 9 1 0
55 17 10 1 0
55 18 8 1 1
55 19 4 1 1
55 20 1 1 0
55 21 4 1 1
55 22 10 1 0
55 23 2 1 0
55 24 6 1 0
55 25 4 1 1
55 26 9 1 0
55 27 7 1 1
55 28 2 1 0
55 29 4 1 0
55 30 7 1 0
55 31 1 1 0
55 32 9 1 1
55 33 2 1 1
55 34 9 1 0
55 35 6 1 0
55 36 3 1 0
55 37 4 1 0
55 38 2 1 0
55 39 5 1 1
55 40 10 1 1
55 41 3 1 1
55 42 9 1 0
55 43 7 1 0
55 44 5 1 1
55 45 3 1 0
55 46 10 1 0
55 47 2 1 1
55 48 5 1 0
55 49 1 1 1
55 50 8 1 1
55 51 5 1 1
55 52 1 1 0
55 53 5 1 1
55 54 1 1 0
55 55 9 1 0
55 56 3 1 0
55 57 5 1 0
55 58 9 1 0
55 59 3 1 0
55 60 7 1 0
55 61 6 1 1
55 62 5 1 1
55 63 5 1 0
56 0 7 1 1
56 1 9 1 0
56 2 7 1 0
56 3 9 1 1
56 4 4 1 1
56 5 1 1 0
56 6 7 1 0
56 7 10 1 0
56 8 1 1 1
56 9 8 1 1
56 10 10 1 1
56 11 1 1 1
56 12 1 1 0
56 13 10 1 0
56 14 6 1 1
56 15 6 1 0
56 16 10 1 0
56 17 10 1 0
56 18 7 1 1
56 19 4 1 1
56 20 5 1 0
56 21 9 1 0
56 22 8 1 0
56 23 5 1 1
56 24 7 1 0
56 25 8 1 1
56 26 7 1 1
56 27 6 1 0
56 28 10 1 1
56 29 9 1 0
56 30 10 1 0
56 31 4 1 1
56 32 4 1 1
56 33 7 1 0
56 34 1 1 0
56 35 1 1 0
56 36 5 1 1
56 37 10 1 0
56 38 9 1 0
56 39 1 1 0
56 40 6 1 1
56 41 5 1 0
56 42 8 1 0
56 43 2 1 1
56 44 9 1 0
56 45 1 1 0
56 46 3 1 0
56 47 8 1 1
56 48 6 1 1
56 49 1 1 0
56 50 10 1 0
56 51 3 1 0
56 52 3 1 0
56 53 4 1 1
56 54 2 1 0
56 55 2 1 0
56 56 5 1 0
56 57 6 1 0
56 58 5 1 0
56 59 3 1 1
56 60 5 1 0
56 61 6 1 0
56 62 5 1 0
56 63 7 1 0
57 0 8 1 0
57 1 2 1 0
57 2 9 1 1
57 3 2 1 1
57 4 6 1 0
57 5 6 1 0
57 6 4 1 0
57 7 8 1 1
57 8 10 1 0
57 9 10 1 1
57 10 3 1 0
57 11 5 1 1
57 12 4 1 1
57 13 9 1 0
57 14 8 1 0
57 15 9 1 0
57 16 7 1 0
57 17 4 1 0
57 18 3 1 0
57 19 1 1 0
57 20 5 1 0
57 21 5 1 0
57 22 5 1 1
57 23 10 1 1
57 24 10 1 0
57 25 6 1 1
57 26 7 1 1
57 27 6 1 0
57 28 2 1 0
57 29 4 1 1
57 30 3 1 1
57 31 1 1 0
57 32 10 1 0
57 33 1 1 0
57 34 1 1 1
57 35 7 1 0
57 36 5 1 0
57 37 3 1 1
57 38 3 1 0
57 39 10 1 0
57 40 10 1 1
57 41 8 1 0
57 42 1 1 0
57 43 7 1 0
57 44 1 1 0
57 45 3 1 0
57 46 1 1 0
57 47 5 1 0
57 48 10 1 0
57 49 8 1 0
57 50 2 1 0
57 51 5 1 0
57 52 2 1 1
57 53 8 1 0
57 54 9 1 0
57 55 10 1 0
57 56 6 1 1
57 57 6 1 0
57 58 10 1 1
57 59 10 1 0
57 60 3 1 1
57 61 4 1 1
57 62 5 1 1
57 63 8 1 0
58 0 1 1 0
58 1 4 1 0
58 2 8 1 1
58 3 8 1 0
58 4 10 1 1
58 5 5 1 0
58 6 10 1 0
58 7 4 1 0
58 8 2 1 0
58 9 1 1 0
58 10 2 1 0
58 11 8 1 0
58 12 3 1 0
58 13 3 1 1
58 14 2 1 0
58 15 5 1 0
58 16 7 1 1
58 17 1 1 0
58 18 4 1 0
58 19 7 1 0
58 20 8 1 0
58 21 10 1 1
58 22 1 1 0
58 23 3 1 0
58 24 3 1 0
58 25 4 1 0
58 26 9 1 0
58 27 8 1 0
58 28 1 1 0
58 29 8 1 0
58 30 5 1 1
58 31 5 1 0
58 32 3 1 0
58 33 5 1 0
58 34 9 1 1
58 35 8 1 0
58 36 6 1 0
58 37 8 1 1
58 38 9 1 1
58 39 9 1 0
58 40 8 1 0
58 41 7 1 0
58 42 1 1 0
58 43 10 1 1
58 44 10 1 0
58 45 6 1 1
58 46 4 1 1
58 47 5 1 0
58 48 3 1 0
58 49 9 1 1
58 50 9 1 0
58 51 2 1 0
58 52 3 1 0
58 53 4 1 1
58 54 1 1 1
58 55 8 1 1
58 56 9 1 0
58 57 3 1 1
58 58 9 1 1
58 59 5 1 0
58 60 9 1 0
58 61 9 1 1
58 62 2 1 1
58 63 8 1 1
59 0 4 1 1
59 1 6 1 0
59 2 2 1 0
59 3 9 1 1
59 4 1 1 0
59 5 4 1 0
59 6 7 1 1
59 7 3 1 0
59 8 2 1 0
59 9 5 1 0
59 10 8 1 0
59 11 5 1 1
59 12 1 1 0
59 13 4 1 0
59 14 5 1 1
59 15 10 1 0
59 16 6 1 0
59 17 8 1 0
59 18 3 1 3
59 19 7 1 0
59 20 3 1 0
59 21 2 1 0
59 22 10 1 0
59 23 6 1 0
59 24 9 1 0
59 25 4 1 0
59 26 6 1 0
59 27 9 1 1
59 28 6 1 1
59 29 2 1 0
59 30 5 1 0
59 31 10 1 1
59 32 6 1 0
59 33 2 1 0
59 34 10 1 0
59 35 6 1 1
59 36 2 1 0
59 37 8 1 1
59 38 9 1 1
59 39 7 1 0
59 40 10 1 0
59 41 1 1 0
59 42 4 1 0
59 43 5 1 0
59 44 6 1 0
59 45 2 1 0
59 46 7 1 0
59 47 2 1 1
59 48 9 1 1
59 49 8 1 1
59 50 7 1 0
59 51 6 1 1
59 52 2 1 0
59 53 5 1 1
59 54 3 1 0
59 55 8 1 0
59 56 2 1 1
59 57 5 1 0
59 58 9 1 0
59 59 8 1 1
59 60 8 1 0
59 61 7 1 1
59 62 10 1 0
59 63 1 1 1
60 0 9 1 0
60 1 1 1 1
60 2 4 1 0
60 3 8 1 0
60 4 5 1 1
60 5 5 1 0
60 6 9 1 1
60 7 6 1 0
60 8 4 1 1
60 9 4 1 0
60 10 2 1 0
60 11 9 1 1
60 12 5 1 1
60 13 1 1 0
60 14 8 1 1
60 15 4 1 1
60 16 3 1 1
60 17 5 1 0
60 18 10 1 1
60 19 4 1 0
60 20 9 1 1
60 21 4 1 0
60 22 5 1 0
60 23 1 1 1
60 24 5 1 1
60 25 9 1 0
60 26 3 1 0
60 27 8 1 1
60 28 9 1 0
60 29 6 1 0
60 30 9 1 1
60 31 3 1 0
60 32 9 1 1
60 33 6 1 1
60 34 3 1 0
60 35 6 1 0
60 36 4 1 0
60 37 10 1 0
60 38 10 1 0
60 39 10 1 1
60 40 9 1 1
60 41 2 1 1
60 42 6 1 1
60 43 1 1 1
60 44 10 1 0
60 45 5 1 0
60 46 9 1 0
60 47 1 1 0
60 48 5 1 0
60 49 10 1 1
60 50 4 1 1
60 51 6 1 0
60 52 8 1 0
60 53 8 1 1
60 54 4 1 1
60 55 4 1 0
60 56 9 1 0
60 57 8 1 1
60 58 6 1 1
60 59 6 1 1
60 60 2 1 0
60 61 3 1 0
60 62 8 1 0
60 63 10 1 0
61 0 8 1 1
61 1 2 1 1
61 2 7 1 1
61 3 3 1 0
61 4 7 1 0
61 5 9 1 1
61 6 6 1 1
61 7 2 1 0
61 8 1 1 0
61 9 3 1 0
61 10 4 1 1
61 11 4 1 1
61 12 7 1 0
61 13 3 1 1
61 14 7 1 0
61 15 9 1 0
61 16 1 1 0
61 17 4 1 0
61 18 7 1 1
61 19 6 1 0
61 20 8 1 0
61 21 4 1 1
61 22 10 1 1
61 23 7 1 0
61 24 6 1 1
61 25 4 1 0
61 26 7 1 1
61 27 8 1 1
61 28 10 1 0
61 29 6 1 1
61 30 3 1 0
61 31 1 1 1
61 32 4 1 0
61 33 5 1 0
61 34 3 1 0
61 35 2 1 1
61 36 10 1 1
61 37 5 1 0
61 38 5 1 1
61 39 6 1 0
61 40 3 1 0
61 41 9 1 0
61 42 1 1 0
61 43 6 1 0
61 44 8 1 0
61 45 1 1 0
61 46 7 1 0
61 47 7 1 1
61 48 2 1 1
61 49 3 1 0
61 50 1 1 0
61 51 1 1 1
61 52 7 1 1
61 53 7 1 0
61 54 3 1 0
61 55 10 1 0
61 56 2 1 0
61 57 4 1 0
61 58 9 1 0
61 59 10 1 1
61 60 6 1 0
61 61 2 1 0
61 62 7 1 0
61 63 9 1 0
62 0 7 1 0
62 1 4 1 0
62 2 6 1 1
62 3 6 1 0
62 4 9 1 1
62 5 8 1 0
62 6 2 1 0
62 7 10 1 0
62 8 9 1 0
62 9 7 1 0
62 10 1 1 1
62 11 3 1 0
62 12 7 1 1
62 13 7 1 0
62 14 7 1 0
62 15 7 1 1
62 16 10 1 1
62 17 4 1 0
62 18 9 1 1
62 19 1 1 0
62 20 10 1 0
62 21 10 1 0
62 22 2 1 1
62 23 9 1 1
62 24 8 1 0
62 25 7 1 0
62 26 8 1 0
62 27 9 1 0
62 28 9 1 1
62 29 5 1 1
62 30 9 1 0
62 31 3 1 1
62 32 9 1 0
62 33 6 1 0
62 34 1 1 0
62 35 5 1 0
62 36 5 1 -5
62 37 7 1 0
62 38 5 1 0
62 39 3 1 1
62 40 1 1 0
62 41 10 1 0
62 42 5 1 0
62 43 1 1 0
62 44 4 1 0
62 45 6 1 1
62 46 8 1 1
62 47 4 1 1
62 48 9 1 1
62 49 9 1 1
62 50 6 1 0
62 51 4 1 0
62 52 5 1 0
62 53 9 1 0
62 54 8 1 0
62 55 5 1 0
62 56 3 1 0
62 57 5 1 0
62 58 3 1 0
62 59 5 1 1
62 60 9 1 0
62 61 2 1 1
62 62 6 1 1
62 63 2 1 0
63 0 9 1 1
63 1 10 1 1
63 2 3 1 1
63 3 2 1 0
63 4 9 1 0
63 5 7 1 0
63 6 1 1 0
63 7 1 1 0
63 8 2 1 0
63 9 10 1 0
63 10 9 1 1
63 11 10 1 0
63 12 8 1 1
63 13 1 1 0
63 14 1 1 0
63 15 1 1 0
63 16 8 1 0
63 17 7 1 0
63 18 1 1 1
63 19 2 1 1
63 20 10 1 0
63 21 3 1 0
63 22 1 1 1
63 23 9 1 1
63 24 6 1 0
63 25 9 1 0
63 26 8 1 0
63 27 3 1 0
63 28 3 1 0
63 29 1 1 0
63 30 8 1 0
63 31 10 1 1
63 32 10 1 0
63 33 2 1 0
63 34 9 1 0
63 35 4 1 0
63 36 2 1 0
63 37 7 1 1
63 38 7 1 1
63 39 1 1 1
63 40 6 1 1
63 41 8 1 1
63 42 7 1 0
63 43 5 1 1
63 44 8 1 1
63 45 10 1 1
63 46 7 1 1
63 47 3 1 0
63 48 6 1 0
63 49 4 1 0
63 50 4 1 0
63 51 9 1 0
63 52 5 1 0
63 53 8 1 0
63 54 9 1 0
63 55 10 1 0
63 56 3 1 1
63 57 5 1 0
63 58 9 1 1
63 59 1 1 0
63 60 10 1 1
63 61 6 1 0
63 62 6 1 1
63 63 6 1 1
