1 2 4 6 16473
1 47 10 2 24
2 31 1 8 88633
2 35 7 5 1678
2 406 9 3 60
3 4 8 4 304
3 5 6 6 25815
3 26 2 6 1981
5 57 2 5 434
15 16 3 6 6373
15 36 10 4 543
16 25 5 1 7
17 18 4 4 243
17 36 1 5 310
18 33 3 6 3728
19 20 1 3 16
19 21 2 2 6
20 142 7 2 13
20 148 1 5 583
21 22 9 1 14
22 23 7 3 68
23 24 9 8 531475
24 25 5 6 4067
24 28 1 8 55653
26 27 5 5 1448
27 29 1 7 21080
27 30 4 5 780
28 29 8 2 38
31 33 8 6 6451
32 33 1 4 64
32 34 6 5 1368
32 69 5 4 315
34 35 3 5 840
34 73 10 1 13
36 37 6 4 549
36 75 8 6 12074
37 52 8 4 311
37 43 6 7 57354
46 47 10 5 6876
47 448 4 3 33
52 67 8 7 42786
53 54 4 3 54
53 59 9 4 374
53 418 4 4 111
54 163 8 4 341
55 56 9 3 194
55 59 3 7 47905
56 57 5 5 885
56 66 2 3 36
58 59 10 5 1188
58 60 1 3 10
58 199 2 5 373
58 458 4 5 1182
60 63 7 5 906
63 225 5 6 14446
64 65 8 7 63567
64 66 1 4 82
65 67 10 6 19938
69 70 3 5 1535
70 71 4 2 20
71 101 2 3 30
72 73 5 4 207
72 101 7 8 2510961
73 76 7 2 15
73 77 6 4 158
96 97 8 5 1936
96 111 9 8 820801
97 101 1 4 107
98 99 2 7 15193
98 100 8 3 59
99 138 8 2 30
100 116 9 6 24042
105 106 7 5 1383
105 111 9 7 78190
106 107 2 5 358
107 108 3 4 69
111 114 8 5 1516
113 114 10 5 3381
113 116 10 4 749
115 116 2 8 125691
115 409 10 2 31
118 119 6 4 230
119 138 4 3 59
120 121 10 3 84
120 122 10 5 2111
120 304 8 2 33
121 296 5 5 2890
122 123 7 5 1641
122 124 1 6 1789
124 125 4 2 11
134 135 2 5 233
134 332 6 4 245
135 136 7 2 32
135 137 9 6 13204
137 139 1 6 4100
139 140 2 4 213
139 141 6 1 8
139 399 2 3 22
141 400 3 4 149
154 155 4 2 8
154 156 5 5 2532
154 172 5 5 1134
155 168 2 4 53
156 157 1 4 109
156 171 10 5 2800
157 158 4 4 293
158 159 5 5 1968
158 177 7 6 6428
159 160 8 4 187
159 161 8 1 8
159 196 4 5 1103
161 162 2 7 42101
161 197 9 1 13
163 164 6 6 7436
164 165 1 8 155333
165 166 4 2 13
165 104 1 7 19484
166 167 9 7 86819
167 168 5 5 1152
169 170 7 3 98
169 171 2 5 347
169 174 5 6 11034
170 172 9 4 433
170 173 3 6 2148
170 419 2 5 603
171 178 4 5 743
173 174 8 1 10
174 179 8 6 7010
175 176 10 4 653
176 214 6 6 6091
177 178 9 1 9
177 191 5 6 17134
178 421 9 4 262
179 192 9 10 139992140
180 181 9 3 148
180 208 4 6 14890
181 192 3 5 1191
182 183 2 6 5583
182 184 5 6 9907
184 185 4 7 114773
184 208 7 4 548
185 186 5 5 1945
185 207 9 5 1076
186 187 3 5 514
186 230 8 4 220
187 188 1 4 78
187 193 3 4 91
188 189 3 4 142
188 191 5 1 8
189 190 8 8 445828
189 191 8 3 165
193 194 3 7 16857
193 217 6 4 201
194 195 8 2 37
194 217 8 4 355
195 196 8 5 3407
195 216 5 4 224
196 197 6 3 113
196 476 2 4 81
197 216 9 4 479
198 199 9 7 61750
198 221 10 7 108205
199 200 10 1 11
200 10 9 7 211452
201 202 9 3 129
201 203 7 4 166
201 351 4 3 44
202 213 4 3 67
203 204 1 7 5077
203 205 9 5 2745
205 206 4 4 212
205 231 10 5 2059
205 360 8 4 455
206 207 1 4 23
206 232 2 7 58676
207 233 8 5 3312
208 209 8 5 2222
210 211 3 6 2283
210 212 10 3 166
211 215 10 5 1898
212 213 3 3 17
212 342 7 5 1399
213 340 10 6 8358
214 215 10 2 37
216 219 9 3 63
217 218 1 3 11
218 222 3 6 2138
219 220 3 5 356
220 221 1 6 2203
220 222 6 4 366
222 226 3 5 555
223 224 5 4 119
223 225 1 8 87327
223 7 1 7 17720
224 229 10 5 6150
227 228 5 4 555
227 229 8 4 312
227 272 7 3 99
228 230 4 3 37
229 401 2 3 40
231 281 4 7 24402
232 265 5 7 126976
233 264 10 5 2392
233 150 8 7 51934
234 235 8 2 22
234 278 9 2 27
236 237 10 5 3502
236 280 9 3 105
237 238 4 4 351
237 239 2 6 5211
239 240 9 3 109
240 241 9 4 505
241 243 5 4 344
241 442 9 7 138276
242 243 3 4 130
242 244 8 3 46
242 314 10 4 441
242 80 1 8 76037
243 293 3 3 17
244 247 6 5 4088
245 246 2 6 8540
245 247 1 4 33
247 248 6 9 4088164
248 249 9 6 7053
249 250 1 7 5149
249 312 4 4 157
250 251 10 4 855
250 321 4 6 15125
251 252 10 2 23
252 253 8 2 25
252 327 7 6 10328
252 301 6 2 20
253 254 8 5 1462
253 277 10 4 634
253 266 2 5 373
254 255 1 5 127
254 256 4 2 18
256 257 3 3 52
257 258 4 4 96
257 259 5 8 213593
260 261 2 3 20
260 262 1 5 299
260 263 3 5 1410
263 264 5 6 10356
263 479 3 8 263710
266 267 3 5 685
267 268 5 1 5
267 299 7 3 60
268 269 10 3 55
269 270 3 7 50933
269 294 9 3 102
270 271 5 8 339838
271 295 1 8 49832
271 133 8 4 520
272 273 5 3 50
272 274 3 5 975
274 275 1 9 1988344
275 276 8 7 93407
275 277 1 7 5355
275 291 7 6 6317
278 279 1 5 136
278 282 7 7 271292
279 280 2 4 196
280 287 9 4 940
281 289 4 2 12
282 288 9 6 11298
283 284 7 7 41192
283 285 6 6 14945
283 305 4 2 16
284 290 10 6 22218
284 365 5 4 145
285 286 7 2 16
285 306 1 6 1429
286 287 7 8 730429
286 306 10 5 1591
286 452 7 3 133
287 293 1 5 304
288 289 7 4 736
289 290 2 3 22
291 292 2 7 22846
297 298 2 3 27
297 454 9 4 840
298 299 3 3 21
300 301 7 1 9
300 302 7 4 511
302 303 10 4 479
302 304 9 4 739
302 330 5 3 89
305 306 5 6 6203
305 308 10 5 3936
306 308 5 7 82179
307 308 10 6 7171
307 309 3 5 1358
309 310 3 5 645
309 338 6 1 10
309 379 9 4 383
310 311 5 3 86
310 85 1 6 1087
311 312 6 7 98043
313 314 1 5 314
315 316 10 6 9670
315 317 2 4 189
315 499 2 5 301
316 334 5 4 207
316 398 9 6 22968
317 318 10 7 175740
317 503 10 4 491
318 319 2 5 325
318 502 4 4 140
318 510 2 6 2653
319 320 10 3 156
320 333 1 3 10
321 322 3 3 35
322 323 6 4 436
322 325 7 4 212
322 333 1 7 10839
323 324 2 7 16372
325 326 4 5 612
326 328 8 4 648
327 328 5 4 552
328 329 1 7 9173
328 495 3 3 17
329 330 3 7 83000
329 331 4 6 2996
331 332 5 6 5970
331 489 4 4 332
332 481 9 5 5949
333 493 3 5 1313
334 335 7 6 5120
336 337 8 5 2097
336 500 3 5 1450
337 338 6 8 271696
337 382 10 3 118
338 339 1 5 206
338 377 10 6 15846
340 341 2 7 29159
340 349 1 3 17
340 354 5 7 38022
341 343 8 1 10
342 343 1 5 451
344 345 2 4 90
344 346 1 3 14
344 385 3 5 1068
346 347 1 3 13
347 348 8 4 497
347 387 5 7 82980
348 349 9 7 68205
348 386 1 7 6320
350 351 6 2 17
350 359 9 5 4609
350 13 10 2 21
351 352 9 2 41
352 353 5 4 302
352 356 6 5 719
353 354 5 6 4270
354 355 10 4 507
355 356 1 5 208
356 357 4 4 440
358 359 5 2 22
358 361 4 7 40573
358 362 10 5 2371
358 360 2 4 49
358 92 2 7 15459
360 413 4 4 106
361 388 9 3 55
362 367 2 5 1140
363 364 6 5 1487
363 365 4 4 163
363 370 1 6 1336
364 395 1 6 3805
365 366 10 2 34
365 371 2 2 7
366 144 8 3 98
367 368 5 8 257159
367 369 5 4 126
370 380 2 5 545
371 372 6 6 4589
371 373 9 2 19
371 374 10 4 548
375 376 10 3 56
375 383 3 5 635
376 384 1 4 63
377 378 7 5 2966
377 381 5 3 45
378 384 1 5 340
381 383 2 2 10
382 496 5 5 2012
383 384 3 4 102
388 389 3 1 5
388 392 8 5 3584
389 390 8 3 46
390 391 3 3 46
392 393 1 5 540
392 394 8 3 75
395 396 2 7 16718
399 411 2 4 68
400 405 6 4 218
404 405 2 4 117
404 412 6 1 8
405 89 4 5 1594
408 409 2 7 23968
411 412 5 3 81
411 415 6 5 1013
411 482 9 3 70
412 415 8 3 43
415 427 7 4 225
415 487 5 2 14
427 428 9 4 453
427 431 9 5 1028
427 487 2 10 127382930
427 424 6 3 127
428 429 7 7 177556
428 432 7 4 186
481 482 9 6 35818
482 488 8 1 5
483 484 7 7 35370
483 485 2 7 25215
484 492 2 5 1154
485 486 7 8 359681
486 487 3 7 32295
489 490 5 4 528
490 491 2 6 8929
490 492 1 5 282
493 508 2 2 8
494 495 1 4 23
494 507 9 4 313
496 497 5 3 67
496 62 6 3 47
497 498 2 3 24
497 499 8 7 105745
499 501 6 6 9474
501 447 8 6 16102
502 511 5 2 22
503 450 6 5 2214
504 505 6 10 37309857
504 506 3 3 63
505 508 7 6 25088
505 509 10 5 4264
506 507 2 4 61
509 510 7 5 885
509 511 1 5 230
7 8 2 7 35759
7 6 4 3 23
10 9 4 4 158
10 11 10 4 806
13 12 1 5 509
12 14 2 8 135427
144 38 10 4 480
144 145 1 8 65585
38 39 6 6 9647
89 68 1 4 30
89 88 8 2 29
68 40 1 7 24354
68 102 9 3 124
40 41 8 4 197
40 81 6 2 21
102 50 3 8 336467
50 51 9 6 19692
41 95 4 6 15554
81 146 5 4 438
95 456 6 5 3215
95 143 6 7 40230
95 146 5 2 18
146 410 7 5 1289
43 42 7 4 790
133 130 5 5 703
128 117 5 7 27743
128 132 2 6 2375
117 129 7 6 12983
117 110 2 3 27
132 130 5 3 67
129 127 10 1 10
127 44 10 3 161
130 131 9 2 17
44 45 2 6 2870
110 109 9 2 47
110 126 8 3 64
109 112 5 1 5
62 49 7 5 1917
62 61 7 5 3305
48 49 1 7 12460
75 74 4 5 547
77 78 3 7 20159
80 79 10 2 32
92 90 5 5 1826
82 83 5 7 90128
83 91 6 6 26269
91 90 10 5 4467
90 93 7 4 273
93 94 1 6 853
85 84 6 4 180
84 86 4 6 3625
84 87 3 4 109
86 87 10 4 302
104 103 4 5 770
148 147 3 2 13
147 149 4 7 35844
150 153 7 6 9896
150 151 8 3 174
152 153 10 4 269
398 397 4 8 463697
401 402 8 3 66
401 403 10 3 70
406 407 4 6 10301
416 407 4 6 5656
413 434 8 2 37
413 414 9 7 63548
433 434 5 5 1208
418 417 3 7 38452
419 420 7 5 1065
419 430 1 6 774
421 422 8 5 3295
421 423 4 5 471
424 425 9 3 121
424 426 2 3 13
424 438 1 7 13545
438 437 5 5 762
437 439 4 6 11816
454 453 4 3 22
454 435 5 7 25928
453 455 2 7 58285
455 460 4 4 158
435 436 3 8 288555
460 463 5 7 34739
463 462 6 5 927
461 462 9 4 334
461 464 9 3 107
464 466 6 3 123
466 467 7 2 35
452 451 10 4 516
452 440 6 3 58
451 459 5 6 22128
459 473 1 8 169191
440 441 4 4 266
473 472 9 1 7
442 443 2 3 18
448 444 6 5 729
444 445 4 3 63
465 445 6 4 353
465 468 10 1 9
468 469 8 1 11
469 470 1 8 44785
470 471 2 5 244
447 446 1 4 90
450 449 1 6 3402
458 457 2 5 669
476 474 1 6 866
476 477 3 6 2140
474 475 1 4 47
477 478 4 6 4340
479 480 7 5 1716
284 177 5 7 61832
391 291 3 4 121
397 161 3 10 62843106
376 187 9 3 85
322 42 6 3 37
399 318 6 5 2021
463 89 4 5 1350
343 194 1 8 77271
437 265 8 1 8
239 53 8 4 181
411 475 1 2 5
21 372 7 4 489
508 449 10 6 30835
24 51 9 4 1004
54 280 6 2 26
261 73 3 5 442
2 307 1 4 50
476 36 3 4 273
374 231 7 3 145
483 72 9 6 40717
188 248 8 5 4199
326 346 5 5 2152
458 449 4 5 715
435 58 10 3 61
225 130 2 4 187
484 174 8 3 75
322 33 9 4 232
369 191 4 5 866
330 20 3 4 68
324 21 1 8 183575
18 385 7 4 162
252 297 10 6 35246
7 178 9 2 35
30 43 9 7 185071
397 191 3 5 436
450 80 4 4 112
458 335 9 5 2660
171 48 1 5 142
485 267 2 7 33214
104 136 5 6 3788
47 507 5 5 1478
302 429 5 3 84
424 132 10 5 6659
55 69 6 2 18
81 28 1 5 245
346 114 4 5 1203
84 284 8 2 19
57 44 1 8 47133
112 358 7 2 28
103 252 8 3 63
202 401 8 2 27
106 343 7 3 114
297 285 2 6 3807
47 27 7 3 125
391 38 5 4 167
292 297 3 3 27
292 334 8 7 308145
149 56 8 4 577
56 464 5 3 39
252 487 4 7 79179
491 427 9 4 313
112 439 8 6 12187
62 365 2 6 2606
315 75 7 3 121
445 373 3 4 243
373 228 3 7 65374
459 103 10 2 52
5 34 7 3 63
357 412 4 5 455
195 208 2 6 1626
362 282 4 2 10
282 132 10 5 5896
292 358 6 4 147
130 16 7 3 128
354 48 6 4 522
329 398 2 7 11416
107 143 10 7 113215
302 8 6 6 5761
437 468 4 5 663
391 24 10 2 31
70 453 5 4 469
428 250 9 6 14505
427 93 8 2 24
235 500 8 3 139
476 259 1 8 107131
140 144 1 8 89255
373 167 7 4 277
413 463 5 3 57
100 419 2 5 425
67 49 4 6 10241
148 127 7 3 143
227 117 10 3 109
147 283 10 2 37
464 193 8 6 22950
281 305 2 5 983
168 300 9 1 11
456 265 2 5 490
74 34 8 6 14537
228 497 1 4 35
84 178 5 2 13
47 339 9 1 4
137 364 6 4 431
419 487 8 1 4
497 260 4 8 187699
432 171 4 8 231008
104 329 6 4 193
16 90 8 4 833
14 244 9 2 17
56 483 7 4 499
175 2 10 2 21
151 442 2 7 43821
372 443 4 2 21
460 285 5 6 8265
372 171 4 6 11166
267 357 9 3 112
336 274 10 4 817
235 63 6 3 81
279 71 4 5 1239
251 475 10 4 615
440 88 7 5 1476
169 453 10 4 750
172 264 5 7 25567
51 471 2 5 338
503 172 8 6 5644
175 199 6 3 40
230 291 2 7 19663
16 205 8 5 1517
339 82 5 6 5101
449 137 4 4 283
119 372 2 4 87
499 126 9 2 45
485 290 8 4 873
181 127 3 4 81
505 298 9 2 18
290 489 6 2 21
34 249 1 5 179
179 277 3 4 265
440 73 2 4 210
343 395 7 2 28
87 478 1 6 4908
316 6 6 3 97
307 144 5 4 391
308 435 10 3 68
233 510 2 4 180
126 354 3 4 171
272 162 4 3 78
135 122 2 6 1645
365 389 6 4 434
235 479 8 2 22
125 110 5 6 9820
289 302 7 3 71
13 387 2 5 1057
345 228 9 3 88
10 105 2 5 362
311 286 1 5 542
126 229 1 7 25199
286 221 10 6 48181
171 11 1 4 26
172 342 8 4 906
245 407 8 4 212
63 188 5 5 594
253 232 4 5 687
435 104 10 4 226
87 138 9 4 372
30 432 10 1 11
476 53 7 3 95
107 103 6 6 18926
409 12 6 4 381
344 183 5 2 20
440 85 6 4 403
210 133 3 6 4864
45 192 2 6 3498
352 234 2 5 615
354 440 10 4 504
28 170 8 3 128
281 2 6 5 1719
361 251 5 4 242
35 364 2 7 15725
433 81 7 5 825
281 159 3 3 50
495 148 1 3 19
316 239 1 4 97
143 130 1 10 9290631
26 136 1 5 223
424 419 4 3 38
395 202 4 5 580
136 352 4 7 43118
380 360 8 3 150
146 72 4 4 263
424 450 5 5 1518
147 425 9 5 3788
451 285 7 5 4297
195 101 2 4 81
457 177 10 6 22038
81 208 3 5 1058
182 200 8 6 7640
436 509 4 3 36
29 18 6 3 101
149 453 10 4 805
330 473 6 4 155
73 53 3 6 9933
340 196 1 5 278
256 444 2 4 74
270 428 6 3 40
407 87 9 7 57151
346 295 3 6 3584
78 410 2 9 1364588
87 205 9 2 17
331 59 1 5 274
45 83 10 3 55
411 217 5 6 5681
262 497 2 3 41
267 226 3 7 29506
456 426 9 1 8
321 505 3 4 112
479 424 7 3 152
488 420 8 4 231
236 272 2 5 1012
507 217 5 5 1586
366 165 5 6 8520
227 338 1 5 201
228 346 6 4 363
488 324 9 3 173
116 214 10 8 1564037
499 343 9 3 159
155 118 2 7 26268
480 256 1 4 35
176 478 2 4 90
375 389 8 5 3010
139 438 2 6 2365
366 395 7 3 78
42 36 6 4 316
470 372 2 5 1008
127 490 9 1 11
407 209 10 1 16
455 68 5 5 3307
222 99 3 5 628
351 55 10 4 384
418 87 1 8 97179
254 89 2 4 114
256 83 3 4 236
225 147 1 3 18
73 89 2 6 8272
376 270 2 9 1860638
415 507 10 1 6
414 382 5 6 9426
319 321 10 3 131
257 29 6 4 367
312 374 3 7 29211
43 150 8 6 16177
82 423 2 10 285055217
226 280 2 6 8426
125 299 7 3 117
202 220 8 6 17196
290 116 7 4 174
130 118 2 7 15252
358 76 2 6 6415
243 500 4 6 5067
163 155 10 8 551500
445 227 4 7 62226
240 177 5 2 13
299 246 4 5 1365
347 136 2 6 1862
211 323 1 6 820
318 227 8 6 7432
174 222 7 5 4358
35 492 9 6 6469
441 58 5 3 63
196 346 7 2 15
511 236 9 7 49401
485 390 7 4 181
104 59 10 3 85
479 450 10 3 138
138 5 4 4 283
37 172 3 2 11
138 363 7 7 45439
242 4 3 4 133
482 154 9 1 9
149 188 8 4 232
99 460 8 4 802
425 450 1 3 11
357 26 8 6 21393
161 115 5 8 835743
381 37 2 5 275
132 19 2 6 8438
187 142 8 1 12
491 238 1 5 143
159 315 4 3 29
210 320 8 4 691
412 304 5 5 572
455 221 1 4 32
206 67 2 3 18
49 231 1 3 12
148 56 6 4 492
418 274 3 4 240
101 374 7 4 199
262 368 10 2 28
508 424 1 7 9520
337 46 5 3 35
509 305 1 5 194
204 60 8 5 5371
96 195 10 6 9327
339 139 8 1 9
437 348 2 4 75
121 269 8 4 578
246 328 7 6 27113
484 17 9 3 52
69 250 1 6 1815
402 7 6 2 18
129 389 1 5 215
119 123 6 4 525
197 210 9 4 263
363 165 2 5 238
87 5 2 5 535
221 486 3 3 52
247 221 6 6 4775
413 265 8 8 1541902
111 499 6 4 263
448 258 10 3 168
49 166 1 7 15933
110 115 1 3 20
26 425 1 6 880
72 204 2 4 114
315 355 4 4 259
189 99 3 4 132
509 155 3 7 17100
483 167 10 7 137070
82 471 10 4 464
145 45 2 3 16
297 442 6 4 466
55 250 1 5 483
288 110 6 5 3903
445 503 2 6 3488
503 235 10 6 16844
332 103 7 4 157
489 487 1 3 18
127 123 1 6 796
358 357 5 5 2374
330 332 10 3 110
501 372 5 5 2379
253 133 1 6 2389
78 174 5 4 545
337 445 6 3 125
85 334 3 7 40296
498 277 7 3 119
210 80 2 9 4163622
42 223 9 4 453
168 27 3 4 279
160 87 3 3 19
55 270 10 2 44
36 223 4 3 60
314 10 10 3 68
410 213 10 2 28
484 485 7 2 15
309 28 6 5 2340
10 219 7 6 4983
69 297 1 7 5446
18 402 3 7 45677
457 206 6 9 2497985
319 504 9 4 694
401 246 6 5 1516
422 501 4 5 2178
26 11 8 3 53
245 501 9 5 3264
211 451 1 6 1011
7 275 9 6 27567
293 502 3 6 5792
340 55 8 3 69
385 449 1 5 589
474 142 9 5 2092
186 407 8 5 1868
116 149 5 4 211
83 372 8 4 290
228 281 9 5 1231
265 65 5 1 3
230 241 4 5 587
435 123 6 4 138
288 386 8 6 22744
497 427 6 2 11
452 23 5 7 183461
256 360 9 7 77020
227 132 1 3 15
352 378 10 1 12
294 84 7 4 172
434 225 1 6 3393
26 289 2 8 100684
415 461 9 2 17
231 103 8 6 8687
58 371 3 8 131978
109 176 6 3 112
445 329 6 6 4810
255 165 9 4 670
219 451 2 6 8436
162 205 6 2 27
491 62 10 3 113
7 308 3 5 725
18 332 7 2 23
76 390 4 2 18
197 166 9 7 114813
235 507 1 7 19596
116 328 6 4 342
197 207 8 6 6239
109 115 4 4 159
412 293 3 6 7054
350 270 2 7 13959
112 330 7 3 145
94 410 4 2 17
244 108 4 4 357
430 322 5 4 386
38 287 4 4 236
413 145 1 6 3010
132 195 1 3 10
366 374 2 5 856
276 123 5 6 6305
72 257 6 3 85
83 370 5 4 120
94 1 10 1 13
125 184 5 4 127
322 156 6 2 13
427 192 4 5 718
107 214 9 4 467
399 122 10 3 111
121 386 2 5 685
219 414 7 4 546
430 401 4 4 275
363 468 9 5 3910
209 498 9 3 86
481 116 10 6 6960
123 216 2 4 55
377 330 1 7 8296
450 12 9 4 327
432 20 6 3 60
470 270 2 5 385
337 139 9 6 14868
301 389 8 4 274
135 200 5 4 554
159 50 8 7 165689
359 397 4 3 26
33 149 10 4 666
136 288 3 3 24
413 16 7 1 5
463 182 10 3 97
198 105 10 6 23352
49 140 9 4 413
33 261 7 6 13899
305 456 1 4 62
349 1 7 4 463
504 327 1 7 11901
286 335 7 4 694
283 48 10 4 972
60 394 5 5 1164
227 316 8 4 453
436 460 7 5 1508
88 61 3 3 27
100 508 8 4 330
477 260 5 3 43
153 235 2 3 23
315 224 7 5 1722
418 362 10 2 23
349 509 8 6 31264
35 59 10 6 31633
77 252 9 1 8
461 97 3 5 980
411 182 2 4 73
509 70 1 4 31
184 381 8 5 1182
316 475 1 5 194
199 51 3 7 32280
239 85 10 5 2242
495 137 4 4 159
178 75 8 5 3569
49 269 7 3 41
473 106 2 6 7317
276 111 3 7 48417
441 332 10 7 51561
205 450 2 10 33586809
65 173 8 3 47
154 383 3 4 297
63 404 10 3 84
171 161 5 5 576
118 224 7 4 402
435 190 6 4 521
108 470 8 4 900
463 209 1 4 70
147 93 10 7 111921
120 408 10 5 2101
370 455 7 6 17243
238 401 1 8 114279
376 455 10 6 13070
468 266 5 2 24
282 469 4 6 6779
200 118 7 2 13
239 435 8 6 14630
29 477 4 4 225
183 3 9 3 118
232 241 1 6 1476
160 491 10 3 120
384 176 4 6 8905
303 407 5 5 2257
244 2 5 5 1327
90 477 7 4 164
269 160 5 6 3758
9 255 9 6 6370
500 323 6 5 1192
226 17 7 5 1760
162 100 9 1 13
442 354 5 4 484
254 56 3 3 34
177 70 7 2 21
283 413 3 5 1156
467 303 2 4 146
506 52 9 2 20
402 315 3 5 568
44 66 9 3 111
205 376 1 4 112
78 375 3 4 89
45 468 3 7 67168
300 11 4 10 69203156
288 143 4 3 63
238 91 9 5 5535
423 101 4 4 371
159 455 7 5 1118
46 77 9 8 984260
438 456 1 7 8506
168 438 9 7 137148
228 205 9 3 135
60 109 4 3 60
97 31 5 3 77
56 135 5 4 209
215 138 6 5 2323
305 446 4 7 25058
195 390 7 3 48
181 508 5 5 854
511 454 1 4 63
388 279 4 7 104574
13 343 2 3 13
132 121 2 4 119
420 165 5 6 6333
279 398 10 2 32
334 466 7 4 486
76 96 3 5 593
397 429 8 5 2381
271 172 7 4 236
297 357 10 3 152
398 305 2 6 9856
266 449 2 3 34
380 322 8 2 16
511 252 9 3 64
412 136 2 5 486
273 453 6 3 34
440 111 10 4 264
88 261 7 5 1515
40 321 7 3 54
221 370 1 6 2065
200 348 6 5 1270
141 425 5 5 1406
461 442 4 6 18644
496 325 9 3 52
504 467 7 4 660
148 320 3 4 114
274 53 5 4 291
133 312 7 6 27366
166 318 6 5 787
326 491 6 5 2173
131 60 7 4 229
336 448 4 5 1067
392 136 3 5 347
64 75 7 7 192344
211 433 2 4 67
405 393 9 4 601
415 14 9 1 10
475 69 3 4 313
125 335 4 2 11
481 214 10 2 46
125 1 4 5 1643
345 352 8 5 2533
511 191 7 2 16
398 405 7 3 64
204 231 10 4 520
61 220 9 8 393470
359 498 1 7 8769
413 159 1 4 85
4 62 8 6 10023
458 351 4 3 40
218 325 4 5 1573
184 488 9 3 82
131 327 3 5 681
29 210 8 5 1799
74 138 9 5 2849
48 333 3 7 53574
110 339 5 4 320
408 186 6 3 89
340 441 10 3 62
251 446 6 5 1931
31 254 5 5 645
336 79 10 10 683336854
111 375 7 5 2629
199 351 4 8 586443
258 429 7 2 34
503 484 7 6 7383
152 452 4 2 10
247 166 1 6 836
460 442 3 3 25
81 489 9 2 25
91 476 5 4 357
202 449 9 4 588
137 230 7 4 310
147 127 6 6 22219
229 424 5 7 65407
462 27 3 7 16621
387 140 3 3 41
322 160 2 5 430
177 218 1 7 11983
53 275 1 7 7085
268 37 3 5 659
330 88 9 7 177550
107 462 10 8 559026
508 252 5 3 86
343 78 1 10 12269431
385 88 8 2 40
403 66 1 4 55
424 490 6 6 24585
266 293 2 4 102
177 182 2 3 14
149 4 7 5 1693
423 324 6 10 47869786
504 180 1 7 8312
457 115 10 1 8
493 85 5 7 76135
257 240 6 3 34
470 36 7 1 5
179 507 8 4 754
473 504 8 5 5129
125 304 4 4 145
363 434 6 6 16817
175 87 3 5 501
183 464 10 5 2941
186 482 5 1 5
146 458 7 8 603510
51 209 6 9 15446699
413 464 7 7 236971
331 130 9 2 18
194 161 8 6 32919
345 204 1 8 85497
342 194 10 5 1314
10 115 4 1 7
160 432 1 8 80930
215 229 3 3 39
484 191 8 4 289
41 250 5 4 182
339 86 5 5 1484
244 91 9 3 57
61 236 9 1 4
190 394 3 6 3971
125 6 10 2 26
508 205 6 5 2347
248 408 1 6 2922
411 280 3 2 10
262 392 4 4 393
400 392 5 6 8099
386 265 2 3 32
174 34 2 5 1327
96 121 8 6 19189
263 96 8 4 623
410 447 3 1 5
306 460 8 6 21449
191 279 3 6 4941
35 83 1 6 1719
192 242 6 7 81383
369 247 7 3 144
350 153 7 5 859
479 274 5 7 52297
26 418 6 4 203
301 269 8 3 68
390 181 2 5 714
316 65 6 3 38
85 146 1 4 35
356 361 9 5 3340
241 163 6 2 17
284 239 9 3 103
364 384 1 5 284
70 284 6 5 1879
248 479 4 2 8
483 142 2 4 86
38 189 7 5 1514
407 298 9 4 548
285 240 8 2 15
22 131 5 6 11413
427 98 7 7 82465
293 274 2 6 4667
119 489 5 2 12
332 489 5 3 93
283 245 1 6 742
358 491 1 5 159
283 272 10 3 64
162 72 10 5 3593
207 259 7 3 42
246 89 6 5 3430
359 59 8 5 4978
71 492 4 4 170
39 234 1 3 7
297 212 6 4 631
256 326 1 5 243
400 423 9 3 118
418 165 5 4 247
461 334 8 2 26
451 500 4 2 15
63 480 5 1 5
276 339 2 8 422337
141 172 8 3 138
299 64 10 3 145
93 402 5 4 188
90 165 6 6 7210
433 169 6 4 316
445 468 5 4 365
367 36 8 4 184
375 508 7 4 306
225 288 6 5 1022
82 296 3 7 58312
156 481 7 3 50
366 8 4 4 222
100 420 6 2 14
264 109 6 3 69
92 14 7 4 432
134 35 8 3 145
414 441 2 2 10
187 57 8 1 7
42 133 10 4 386
473 266 2 7 34972
458 119 5 2 11
192 360 9 4 262
94 81 6 2 25
216 13 10 8 748105
76 173 1 6 988
120 454 1 5 470
343 60 3 4 81
192 460 5 2 10
184 465 7 3 63
69 61 6 5 1320
487 247 4 3 88
266 308 2 3 22
423 257 9 6 30662
421 192 5 7 26765
143 98 10 6 16434
89 380 2 6 3537
228 398 10 2 20
312 208 1 6 1687
51 506 8 4 209
373 53 7 6 8058
494 121 4 5 780
329 228 7 3 92
86 229 6 1 4
476 119 9 5 2059
76 148 5 2 22
58 21 7 2 26
443 33 5 4 121
233 353 3 4 290
141 25 4 5 2256
195 58 10 6 19757
287 178 10 4 265
181 421 6 5 1183
419 33 2 6 2518
386 116 2 2 6
163 39 3 7 38029
185 33 6 7 150412
185 471 5 4 470
186 5 4 2 21
452 308 5 7 71578
382 35 6 4 227
172 211 8 4 888
260 59 1 6 1051
333 111 2 5 632
57 59 9 6 6370
202 115 1 6 1528
141 195 9 6 8467
510 426 5 6 12764
444 365 3 6 10642
39 406 6 4 357
115 421 5 3 50
317 45 8 5 3158
161 54 2 3 29
459 283 9 5 1145
299 249 6 5 1913
3 507 9 1 11
229 428 8 3 81
29 73 8 5 1151
330 30 4 6 3858
398 118 2 4 91
223 402 1 6 1790
158 29 7 2 23
235 346 2 4 132
361 212 7 6 9432
112 326 6 3 125
345 235 8 5 1545
358 223 5 4 512
86 283 4 5 952
467 161 9 6 20170
473 223 8 6 30676
29 209 8 1 9
376 243 4 4 93
72 50 8 4 225
349 439 9 4 380
308 170 7 1 12
140 271 8 8 320853
279 3 2 5 322
207 34 1 6 3288
32 332 1 4 32
149 170 8 6 10936
183 54 9 3 162
325 171 7 5 1109
91 163 8 2 16
40 473 7 6 13103
363 384 9 5 3583
268 451 3 8 181096
399 15 5 2 10
356 368 10 3 110
486 70 1 4 36
105 340 3 6 5660
435 24 2 5 1246
508 242 5 5 1159
417 254 6 4 257
386 441 1 3 16
89 423 9 4 812
390 24 9 2 17
504 122 1 2 5
186 208 4 4 140
70 485 8 2 21
165 337 5 4 221
18 30 4 5 746
169 36 8 2 18
212 392 10 1 14
248 453 10 4 285
169 310 10 2 46
495 378 2 6 4248
241 469 8 6 24298
179 231 2 5 797
119 322 6 4 396
411 311 6 2 12
227 258 8 9 6505434
160 45 4 4 141
463 202 10 6 34803
208 153 1 7 6612
140 420 7 5 815
198 185 5 2 13
154 510 6 3 36
314 121 3 3 39
251 401 4 5 1716
100 409 8 1 9
112 412 2 6 1393
28 505 1 5 227
296 137 8 3 155
495 323 8 5 2205
43 180 4 4 153
159 171 2 6 1570
109 281 8 1 13
232 145 6 4 526
381 27 2 6 2236
140 401 4 5 1114
103 320 1 5 288
86 459 6 4 507
489 382 8 5 2893
185 52 2 4 73
127 172 9 4 482
456 357 7 3 117
355 326 9 5 5911
9 219 3 8 301313
160 508 8 7 50526
303 177 4 4 322
463 456 2 4 101
163 224 1 4 54
233 28 7 5 934
142 354 3 4 177
269 336 1 6 4366
258 44 1 6 1862
341 396 1 7 15008
436 81 1 7 26160
232 130 2 4 105
60 340 4 7 76046
145 318 8 5 1016
487 498 3 4 154
165 470 5 3 82
123 193 8 3 56
128 495 2 4 181
465 349 3 4 68
146 365 10 1 15
425 335 5 6 16899
425 197 10 3 120
9 241 8 4 622
128 424 3 4 88
140 125 9 3 81
143 503 1 5 375
109 200 7 7 56611
100 10 7 6 13301
358 496 8 3 166
42 454 7 2 13
463 107 1 4 93
239 177 7 5 938
511 267 4 6 5039
498 163 8 6 12542
281 392 9 4 253
436 508 4 3 63
270 121 10 6 15348
289 495 5 4 306
327 260 1 6 2522
288 510 4 6 3582
13 86 8 6 5664
484 104 8 3 59
76 320 3 4 98
34 270 9 1 11
417 262 2 4 47
339 117 7 2 37
310 380 1 3 12
112 259 9 3 124
26 406 5 3 69
255 223 4 3 48
45 291 9 1 9
225 344 10 7 105792
440 106 2 5 1134
143 484 7 3 122
354 419 7 3 71
419 206 3 6 14334
119 339 3 4 307
226 436 1 8 41173
439 497 10 8 2619245
194 26 1 3 7
100 262 1 3 18
77 56 10 3 165
391 338 4 4 271
197 35 3 6 7115
505 417 9 9 5952193
508 260 6 5 2404
134 480 8 3 167
209 492 6 6 12371
463 286 4 7 24885
121 55 7 6 7723
94 58 8 4 893
174 474 10 4 248
131 54 1 6 4085
164 145 6 3 42
288 487 2 7 13838
310 363 1 2 5
79 402 9 5 1545
178 332 3 4 178
3 218 7 1 11
70 382 3 4 325
331 321 5 6 7480
357 509 8 3 137
187 274 2 3 37
179 105 9 2 26
292 415 4 6 7621
153 385 10 5 2019
98 383 1 4 48
250 191 5 3 73
80 417 10 2 21
165 178 9 5 2030
296 247 6 7 68761
66 366 2 4 154
185 205 6 3 37
39 301 10 3 55
495 509 7 3 132
324 396 7 5 2970
484 215 7 7 196837
461 40 4 7 23392
468 365 6 3 55
421 91 6 2 12
478 225 7 4 217
259 305 8 5 2082
64 82 10 4 384
357 475 7 3 97
89 270 2 7 41717
296 90 2 5 797
428 311 2 4 169
473 126 7 4 734
348 165 6 4 301
245 192 6 4 363
53 264 3 6 10510
252 453 6 4 410
13 167 5 3 38
245 367 3 5 540
65 488 9 3 125
178 501 10 5 1182
55 321 7 5 3513
217 504 6 6 7143
280 176 10 3 183
472 426 7 6 19718
260 434 6 3 110
54 13 5 6 6007
118 10 7 5 1485
164 315 7 2 27
203 425 7 3 80
460 428 9 3 69
106 164 4 4 348
342 261 3 6 4326
343 26 8 1 5
188 194 3 5 649
501 128 2 5 1349
265 301 1 7 14703
106 340 10 1 10
449 100 5 3 60
25 280 10 4 407
