9182 7.184252683121312e-08 
4212 2.0680504835068333e-05 
4458 4.05810829384734e-10 
2932 8.553220644117246e-08 
7181 3.401814735980169e-08 
6704 1.8186341505660453e-08 
6212 3.2812820244775e-08 
7966 2.3735682879785775e-05 
4283 5.022014679112452e-09 
8858 4.869079373373553e-08 
8064 2.272444070499334e-07 
4429 1.5477347350360132e-07 
2515 0.0001747772638557461 
864 1.4451722488931923e-07 
2268 4.5087065874208077e-08 
4806 4.12264381027469e-08 
6778 4.392127245234079e-09 
1519 9.089136463620074e-06 
5441 3.188767527806391e-09 
5758 3.350631355356071e-08 
2622 2.094177603694899e-05 
5996 4.4009098288842145e-07 
3441 5.9370871680758386e-08 
9044 4.5128429245887714e-07 
8158 8.902610067022809e-08 
9750 5.807866326756894e-09 
5212 6.807597227593935e-07 
4157 4.473382121325531e-08 
1534 5.201190034220815e-09 
5756 8.80142621284552e-09 
4069 3.0624712815373605e-06 
6943 1.042797864920543e-07 
4862 4.4550884092942056e-09 
7601 1.8275781348236868e-07 
4383 2.3148562226793512e-08 
3950 1.225948578547839e-07 
2037 3.4584442166780017e-07 
6764 5.9818229618148065e-06 
983 2.6494416232106244e-08 
3351 6.370943158269212e-06 
