1 2 6 3 90
1 47 6 4 325
2 31 5 4 275
2 35 9 2 21
2 406 3 4 133
3 4 4 5 1785
3 5 4 2 11
3 26 5 3 44
5 57 4 6 3049
15 16 6 5 3739
15 36 4 3 86
16 25 3 3 30
17 18 4 5 498
17 36 1 3 15
18 33 3 4 94
19 20 2 4 204
19 21 5 4 313
20 142 1 6 1079
20 148 4 4 115
21 22 10 3 99
22 23 2 5 807
23 24 7 4 276
24 25 2 4 141
24 28 5 5 2015
26 27 3 4 297
27 29 2 3 37
27 30 8 3 130
28 29 6 4 280
31 33 9 2 28
32 33 10 2 19
32 34 3 5 635
32 69 10 3 123
34 35 2 5 673
34 73 9 3 186
36 37 2 3 38
36 75 6 3 48
37 52 8 5 1206
37 43 4 5 472
46 47 10 5 1268
47 448 1 4 77
52 67 8 3 50
53 54 4 3 58
53 59 8 5 1021
53 418 8 3 64
54 163 4 2 8
55 56 2 4 84
55 59 10 4 456
56 57 3 3 36
56 66 1 4 48
58 59 8 4 227
58 60 7 2 36
58 199 3 5 1493
58 458 4 3 53
60 63 5 4 300
63 225 7 2 27
64 65 10 3 74
64 66 10 2 23
65 67 6 2 25
69 70 5 2 24
70 71 2 3 44
71 101 7 6 6076
72 73 4 4 139
72 101 1 6 2048
73 76 1 4 23
73 77 1 3 8
96 97 5 4 501
96 111 4 5 605
97 101 3 2 14
98 99 6 3 92
98 100 8 3 71
99 138 6 2 23
100 116 10 3 142
105 106 4 4 162
105 111 2 3 35
106 107 1 5 360
107 108 6 4 522
111 114 7 3 71
113 114 8 7 111846
113 116 3 3 65
115 116 2 4 164
115 409 7 3 73
118 119 3 3 47
119 138 4 3 73
120 121 9 3 150
120 122 7 6 26087
120 304 3 4 288
121 296 4 4 235
122 123 2 5 303
122 124 8 3 133
124 125 7 5 1580
134 135 9 5 2396
134 332 7 4 206
135 136 4 3 22
135 137 10 5 1627
137 139 6 3 131
139 140 7 5 1155
139 141 7 2 30
139 399 7 3 53
141 400 8 4 298
154 155 5 9 2186321
154 156 4 4 260
154 172 2 3 30
155 168 1 6 2816
156 157 3 4 119
156 171 8 2 23
157 158 7 1 7
158 159 8 4 597
158 177 8 3 147
159 160 8 3 59
159 161 6 2 23
159 196 4 5 2199
161 162 1 5 330
161 197 10 4 403
163 164 5 4 400
164 165 5 4 227
165 166 1 5 137
165 104 3 3 57
166 167 9 3 77
167 168 9 2 46
169 170 4 3 67
169 171 6 4 176
169 174 2 2 10
170 172 1 5 119
170 173 4 4 375
170 419 10 3 89
171 178 2 4 137
173 174 4 3 45
174 179 8 4 283
175 176 8 3 114
176 214 3 3 60
177 178 5 3 37
177 191 8 3 92
178 421 6 4 203
179 192 9 2 36
180 181 3 5 846
180 208 10 4 647
181 192 1 5 515
182 183 8 2 18
182 184 4 3 29
184 185 9 7 244839
184 208 1 4 24
185 186 8 4 421
185 207 10 4 272
186 187 3 4 97
186 230 2 3 31
187 188 4 4 149
187 193 2 7 58573
188 189 4 3 83
188 191 10 3 91
189 190 4 4 261
189 191 10 2 39
193 194 4 5 1206
193 217 10 3 175
194 195 10 3 150
194 217 4 5 775
195 196 8 1 4
195 216 7 3 145
196 197 2 3 42
196 476 8 4 217
197 216 2 4 107
198 199 4 4 228
198 221 9 3 135
199 200 7 4 270
200 10 6 2 22
201 202 5 3 46
201 203 6 3 40
201 351 6 2 28
202 213 3 4 128
203 204 2 7 66375
203 205 1 4 63
205 206 5 2 22
205 231 7 4 473
205 360 5 4 216
206 207 7 2 26
206 232 3 5 396
207 233 1 4 113
208 209 4 5 1613
210 211 8 4 683
210 212 8 3 162
211 215 4 4 120
212 213 5 2 9
212 342 9 3 65
213 340 8 3 159
214 215 6 5 1117
216 219 5 2 9
217 218 10 2 25
218 222 4 3 27
219 220 3 6 2306
220 221 10 4 872
220 222 2 3 30
222 226 9 4 485
223 224 6 3 87
223 225 10 3 176
223 7 7 4 393
224 229 9 3 75
227 228 9 4 494
227 229 1 7 8558
227 272 10 2 41
228 230 7 5 1332
229 401 2 4 117
231 281 10 3 130
232 265 7 4 359
233 264 10 3 108
233 150 5 3 75
234 235 8 3 121
234 278 3 4 127
236 237 10 3 125
236 280 5 4 127
237 238 4 3 65
237 239 1 5 498
239 240 3 4 138
240 241 3 3 47
241 243 2 3 18
241 442 5 4 135
242 243 3 4 111
242 244 4 5 2537
242 314 7 6 12059
242 80 2 2 6
243 293 8 1 13
244 247 6 5 912
245 246 10 3 66
245 247 8 3 93
247 248 10 4 386
248 249 5 4 169
249 250 9 3 175
249 312 1 5 330
250 251 8 1 10
250 321 4 2 15
251 252 10 3 127
252 253 3 4 175
252 327 8 3 143
252 301 2 4 171
253 254 8 2 34
253 277 3 4 184
253 266 9 1 10
254 255 5 3 46
254 256 3 4 252
256 257 8 4 249
257 258 5 3 51
257 259 5 4 177
260 261 6 3 40
260 262 4 2 12
260 263 10 4 353
263 264 4 4 421
263 479 2 4 50
266 267 10 3 194
267 268 7 7 78595
267 299 9 3 121
268 269 9 1 13
269 270 10 4 338
269 294 3 3 24
270 271 3 2 6
271 295 7 5 1509
271 133 5 2 15
272 273 3 1 4
272 274 2 4 46
274 275 2 5 481
275 276 3 5 841
275 277 6 2 11
275 291 9 4 301
278 279 10 3 157
278 282 3 5 414
279 280 9 3 133
280 287 10 3 95
281 289 4 3 87
282 288 1 6 698
283 284 2 5 311
283 285 10 7 113671
283 305 9 3 106
284 290 6 3 42
284 365 4 4 181
285 286 2 3 21
285 306 5 2 18
286 287 1 5 128
286 306 5 1 6
286 452 10 4 566
287 293 6 4 389
288 289 7 4 241
289 290 5 4 143
291 292 4 4 115
297 298 6 5 1006
297 454 5 4 444
298 299 10 2 18
300 301 8 4 216
300 302 3 3 35
302 303 4 4 180
302 304 6 3 115
302 330 2 5 252
305 306 10 1 8
305 308 1 6 1047
306 308 5 4 417
307 308 3 5 1623
307 309 4 3 22
309 310 9 3 167
309 338 1 5 194
309 379 9 6 29569
310 311 2 5 1017
310 85 5 7 40885
311 312 1 5 385
313 314 8 3 86
315 316 8 2 15
315 317 10 3 74
315 499 10 3 69
316 334 3 3 65
316 398 9 3 132
317 318 4 5 506
317 503 2 5 333
318 319 10 4 413
318 502 10 4 822
318 510 3 5 1241
319 320 2 5 315
320 333 8 5 1000
321 322 5 3 103
322 323 3 5 645
322 325 4 4 320
322 333 3 3 35
323 324 5 4 187
325 326 10 2 40
326 328 5 2 21
327 328 2 5 740
328 329 7 2 30
328 495 7 2 26
329 330 1 5 325
329 331 6 4 300
331 332 3 3 21
331 489 1 5 175
332 481 8 2 15
333 493 10 3 89
334 335 1 5 540
336 337 2 4 47
336 500 6 4 285
337 338 1 5 135
337 382 2 4 149
338 339 6 3 45
338 377 2 5 727
340 341 8 3 70
340 349 6 3 82
340 354 5 4 387
341 343 10 6 21250
342 343 10 3 76
344 345 2 4 103
344 346 4 2 13
344 385 1 6 783
346 347 1 5 158
347 348 2 5 1252
347 387 9 2 19
348 349 2 4 108
348 386 3 4 237
350 351 10 4 237
350 359 4 4 156
350 13 1 5 546
351 352 5 4 179
352 353 9 4 852
352 356 10 3 56
353 354 5 3 31
354 355 10 5 2235
355 356 4 4 99
356 357 2 3 43
358 359 4 4 133
358 361 10 4 399
358 362 10 1 10
358 360 9 4 252
358 92 6 4 383
360 413 6 2 27
361 388 7 4 180
362 367 4 4 278
363 364 1 4 49
363 365 3 4 102
363 370 9 4 309
364 395 1 3 11
365 366 8 3 174
365 371 8 3 56
366 144 5 3 78
367 368 3 4 72
367 369 7 1 7
370 380 2 2 6
371 372 6 5 1858
371 373 5 4 306
371 374 5 5 747
375 376 3 6 4192
375 383 4 3 59
376 384 5 5 812
377 378 6 4 213
377 381 2 3 21
378 384 7 4 256
381 383 9 4 240
382 496 4 3 38
383 384 10 2 38
388 389 10 1 13
388 392 5 3 104
389 390 3 4 183
390 391 5 3 34
392 393 5 3 56
392 394 1 6 806
395 396 5 3 106
399 411 6 4 153
400 405 8 2 27
404 405 9 1 12
404 412 5 3 54
405 89 2 4 82
408 409 1 4 81
411 412 9 4 744
411 415 9 3 82
411 482 3 4 68
412 415 3 3 46
415 427 10 3 164
415 487 1 6 1470
427 428 10 2 32
427 431 10 5 1349
427 487 9 6 8943
427 424 8 3 83
428 429 5 6 5395
428 432 5 3 83
481 482 5 5 716
482 488 5 7 38329
483 484 9 5 4142
483 485 10 3 128
484 492 6 4 341
485 486 10 3 55
486 487 6 4 137
489 490 5 5 615
490 491 6 4 194
490 492 8 3 49
493 508 5 4 398
494 495 6 1 9
494 507 5 3 39
496 497 7 4 247
496 62 5 4 236
497 498 2 4 182
497 499 3 4 251
499 501 4 3 25
501 447 7 6 5866
502 511 1 3 13
503 450 10 3 132
504 505 6 2 25
504 506 9 4 315
505 508 3 3 30
505 509 10 3 98
506 507 3 3 29
509 510 8 4 196
509 511 1 5 241
7 8 1 5 195
7 6 6 3 54
10 9 7 3 38
10 11 2 5 657
13 12 4 2 12
12 14 3 4 74
144 38 3 5 445
144 145 1 5 156
38 39 7 4 786
89 68 10 4 335
89 88 5 4 237
68 40 9 1 6
68 102 1 4 30
40 41 9 4 214
40 81 2 5 570
102 50 9 3 51
50 51 8 5 1633
41 95 1 3 14
81 146 5 4 554
95 456 10 3 94
95 143 10 3 73
95 146 4 3 50
146 410 9 3 193
43 42 1 5 503
133 130 7 5 1069
128 117 8 3 103
128 132 10 5 2306
117 129 8 6 5972
117 110 1 2 5
132 130 7 5 1972
129 127 6 4 275
127 44 7 3 131
130 131 2 4 64
44 45 5 4 178
110 109 8 2 20
110 126 7 3 74
109 112 3 4 134
62 49 1 5 185
62 61 3 4 130
48 49 7 4 229
75 74 8 3 93
77 78 10 5 1554
80 79 10 5 1479
92 90 5 3 61
82 83 5 3 92
83 91 5 3 37
91 90 4 4 286
90 93 4 3 30
93 94 3 5 390
85 84 2 4 62
84 86 2 6 2123
84 87 4 5 1520
86 87 8 4 209
104 103 1 3 9
148 147 7 3 45
147 149 6 3 105
150 153 9 3 53
150 151 10 2 22
152 153 2 3 32
398 397 8 2 42
401 402 4 5 998
401 403 3 5 906
406 407 2 5 257
416 407 10 4 676
413 434 5 4 212
413 414 1 5 467
433 434 8 4 769
418 417 7 3 111
419 420 6 3 127
419 430 5 3 46
421 422 1 5 446
421 423 10 3 102
424 425 8 3 129
424 426 2 5 577
424 438 7 4 309
438 437 5 3 78
437 439 10 2 25
454 453 10 5 3103
454 435 5 4 152
453 455 2 4 203
455 460 4 5 1100
435 436 8 2 28
460 463 2 5 238
463 462 1 5 138
461 462 2 5 944
461 464 6 4 236
464 466 6 3 65
466 467 10 3 76
452 451 3 5 1603
452 440 7 1 12
451 459 3 3 47
459 473 5 3 85
440 441 10 4 870
473 472 2 3 24
442 443 2 4 183
448 444 9 5 1460
444 445 10 3 108
465 445 8 5 4045
465 468 1 5 381
468 469 6 3 101
469 470 1 4 66
470 471 7 2 19
447 446 1 4 90
450 449 6 3 123
458 457 1 5 131
476 474 7 3 59
476 477 7 5 1137
474 475 7 3 43
477 478 2 7 10978
479 480 8 3 75
284 177 4 3 76
391 291 1 5 171
397 161 8 4 567
376 187 6 4 163
322 42 1 6 1847
399 318 2 5 335
463 89 3 4 182
343 194 4 7 32483
437 265 3 4 111
239 53 1 4 72
411 475 8 4 196
21 372 1 5 254
508 449 1 3 19
24 51 10 2 51
54 280 7 2 34
261 73 3 5 448
2 307 9 3 97
476 36 10 3 113
374 231 9 3 168
483 72 5 4 415
188 248 4 4 353
326 346 8 4 756
458 449 6 3 115
435 58 1 4 108
225 130 4 5 792
484 174 9 4 328
322 33 4 6 8897
369 191 5 3 32
330 20 6 3 87
324 21 8 4 446
18 385 8 3 75
252 297 1 6 806
7 178 2 4 224
30 43 1 5 152
397 191 4 5 1316
450 80 3 4 147
458 335 7 4 180
171 48 6 4 253
485 267 9 3 71
104 136 1 4 55
47 507 3 3 23
302 429 3 5 761
424 132 6 3 86
55 69 4 3 63
81 28 2 5 246
346 114 5 2 14
84 284 4 4 173
57 44 7 4 594
112 358 4 3 62
103 252 10 1 11
202 401 3 3 26
106 343 10 3 135
297 285 2 6 7848
47 27 5 5 657
391 38 6 3 130
292 297 1 5 551
292 334 5 2 18
149 56 10 3 166
56 464 5 4 180
252 487 5 3 110
491 427 2 4 177
112 439 9 4 517
62 365 7 1 3
315 75 3 3 24
445 373 3 7 44564
373 228 1 3 13
459 103 6 2 29
5 34 6 3 48
357 412 7 4 173
195 208 2 5 240
362 282 3 5 953
282 132 9 2 44
292 358 4 3 41
130 16 7 4 167
354 48 6 5 752
329 398 9 3 74
107 143 5 4 370
302 8 6 5 714
437 468 9 4 342
391 24 1 4 110
70 453 1 5 179
428 250 1 5 256
427 93 7 5 1062
235 500 2 5 354
476 259 5 3 36
140 144 9 3 48
373 167 5 4 118
413 463 9 3 68
100 419 8 3 81
67 49 5 4 175
148 127 5 2 15
227 117 6 4 484
147 283 2 5 378
464 193 9 4 238
281 305 10 3 101
168 300 7 2 14
456 265 10 3 76
74 34 1 4 56
228 497 1 5 281
84 178 10 4 654
47 339 3 5 724
137 364 4 4 151
419 487 1 5 287
497 260 5 3 30
432 171 3 4 70
104 329 2 4 126
16 90 1 8 58508
14 244 3 4 85
56 483 1 4 25
175 2 5 5 665
151 442 7 1 11
372 443 6 3 59
460 285 6 3 108
372 171 3 4 155
267 357 7 3 70
336 274 6 3 75
235 63 6 3 72
279 71 5 5 986
251 475 8 3 56
440 88 10 4 834
169 453 3 3 40
172 264 6 4 145
51 471 5 4 303
503 172 10 3 118
175 199 8 4 562
230 291 2 4 195
16 205 6 2 13
339 82 3 4 279
449 137 5 4 226
119 372 4 8 171052
499 126 5 2 13
485 290 7 4 295
181 127 2 5 380
505 298 2 3 27
290 489 1 3 10
34 249 4 4 446
179 277 7 7 180460
440 73 3 4 167
343 395 8 3 98
87 478 7 3 50
316 6 2 5 616
307 144 2 5 400
308 435 4 3 23
233 510 1 5 347
126 354 10 3 57
272 162 1 5 130
135 122 1 3 18
365 389 6 5 809
235 479 9 5 1021
125 110 7 5 2572
289 302 8 2 23
13 387 8 4 675
345 228 6 5 1609
10 105 2 5 234
311 286 9 6 14067
126 229 5 5 826
286 221 6 4 650
171 11 5 2 18
172 342 6 3 85
245 407 7 2 17
63 188 9 4 242
253 232 1 6 1596
435 104 7 2 16
87 138 7 3 51
30 432 2 4 71
476 53 3 4 179
107 103 5 4 131
409 12 9 3 134
344 183 4 4 296
440 85 1 7 23165
210 133 3 5 728
45 192 6 5 2860
352 234 2 3 18
354 440 7 4 284
28 170 6 4 375
281 2 5 3 36
361 251 1 6 1009
35 364 2 3 25
433 81 6 4 256
281 159 7 5 2178
495 148 8 3 107
316 239 9 3 50
143 130 2 5 539
26 136 6 3 36
424 419 5 3 30
395 202 4 4 425
136 352 1 5 191
380 360 10 3 173
146 72 2 4 73
424 450 5 5 835
147 425 5 3 42
451 285 7 2 18
195 101 8 3 59
457 177 2 3 30
81 208 4 3 37
182 200 1 5 415
436 509 10 5 4494
29 18 3 4 192
149 453 2 4 59
330 473 9 5 4609
73 53 3 4 78
340 196 6 4 196
256 444 6 4 166
270 428 8 3 50
407 87 8 3 106
346 295 3 5 429
78 410 2 4 166
87 205 10 4 788
331 59 2 4 76
45 83 8 3 107
411 217 5 5 758
262 497 4 4 241
267 226 4 4 141
456 426 9 4 250
321 505 1 4 98
479 424 5 2 13
488 420 8 3 131
236 272 7 3 95
507 217 7 4 309
366 165 2 3 41
227 338 2 3 19
228 346 1 5 205
488 324 6 6 4844
116 214 1 3 15
499 343 1 3 16
155 118 4 4 193
480 256 2 6 1466
176 478 5 4 170
375 389 4 3 39
139 438 3 6 2656
366 395 8 3 45
42 36 1 5 208
470 372 7 4 544
127 490 5 2 11
407 209 8 2 23
455 68 7 6 7206
222 99 6 2 20
351 55 7 3 49
418 87 5 3 81
254 89 7 8 483571
256 83 2 5 284
225 147 9 4 833
73 89 6 2 12
376 270 5 3 70
415 507 1 5 158
414 382 9 2 21
319 321 1 5 352
257 29 2 5 511
312 374 10 3 70
43 150 7 3 54
82 423 7 4 250
226 280 7 2 13
125 299 10 4 1091
202 220 7 3 140
290 116 9 3 157
130 118 1 4 66
358 76 1 4 38
243 500 5 4 297
163 155 6 5 1760
445 227 10 2 50
240 177 5 5 604
299 246 4 7 64634
347 136 4 3 59
211 323 10 2 37
318 227 2 4 143
174 222 6 5 720
35 492 7 5 1135
441 58 5 2 17
196 346 4 2 14
511 236 10 3 167
485 390 9 3 137
104 59 8 2 31
479 450 10 4 1071
138 5 8 3 157
37 172 5 2 20
138 363 7 4 186
242 4 1 4 85
482 154 9 3 129
149 188 8 3 62
99 460 6 3 58
425 450 4 4 157
357 26 8 3 145
161 115 2 4 123
381 37 4 3 49
132 19 10 3 107
187 142 6 3 80
491 238 7 4 520
159 315 2 6 1896
210 320 1 5 135
412 304 1 6 1345
455 221 5 4 261
206 67 7 1 7
49 231 5 4 544
148 56 4 4 201
418 274 5 4 207
101 374 2 4 79
262 368 9 5 4748
508 424 9 3 102
337 46 10 3 176
509 305 6 3 121
204 60 7 3 52
96 195 2 5 535
339 139 1 3 17
437 348 6 4 183
121 269 9 3 133
246 328 8 4 273
484 17 3 4 197
69 250 4 4 171
402 7 5 6 5741
129 389 9 3 56
119 123 1 5 141
197 210 6 3 40
363 165 2 4 100
87 5 1 5 201
221 486 4 3 22
247 221 8 4 208
413 265 8 4 220
111 499 9 4 326
448 258 6 5 904
49 166 1 3 14
110 115 6 2 28
26 425 3 5 1950
72 204 10 3 69
315 355 6 2 13
189 99 1 4 84
509 155 2 5 759
483 167 10 6 14535
82 471 4 4 217
145 45 9 4 256
297 442 10 4 693
55 250 8 2 18
288 110 4 3 42
445 503 1 5 174
503 235 3 5 445
332 103 7 3 40
489 487 2 3 44
127 123 3 5 468
358 357 10 4 293
330 332 5 2 26
501 372 4 4 195
253 133 6 4 612
78 174 6 3 81
337 445 3 3 57
85 334 2 5 770
498 277 10 3 97
210 80 3 5 687
42 223 8 8 454118
168 27 7 4 177
160 87 4 4 322
55 270 4 3 44
36 223 10 3 170
314 10 9 3 147
410 213 10 5 2192
484 485 5 6 6056
309 28 8 4 322
10 219 3 3 27
69 297 5 4 482
18 402 7 3 151
457 206 7 4 498
319 504 9 3 105
401 246 5 4 134
422 501 10 4 555
26 11 8 2 32
245 501 9 3 146
211 451 3 4 140
7 275 4 2 15
293 502 4 3 47
340 55 4 4 224
385 449 8 4 834
474 142 4 4 139
186 407 7 3 115
116 149 4 3 34
83 372 3 5 1754
228 281 3 7 93101
265 65 4 2 11
230 241 2 4 158
435 123 7 5 1577
288 386 9 4 251
497 427 6 3 99
452 23 4 4 91
256 360 8 2 28
227 132 6 3 89
352 378 8 3 72
294 84 10 3 165
434 225 6 3 53
26 289 9 5 1466
415 461 8 3 104
231 103 10 4 865
58 371 6 2 30
109 176 4 4 342
445 329 4 3 22
255 165 4 4 111
219 451 2 5 735
162 205 4 3 37
491 62 8 5 3550
7 308 2 4 69
18 332 3 3 37
76 390 2 5 241
197 166 2 4 69
235 507 9 2 40
116 328 1 4 84
197 207 10 3 116
109 115 7 4 200
412 293 6 4 419
350 270 5 3 43
112 330 4 5 578
94 410 10 5 1375
244 108 9 5 2356
430 322 4 4 131
38 287 2 3 37
413 145 8 4 240
132 195 3 4 169
366 374 9 2 45
276 123 3 5 518
72 257 5 6 12178
83 370 3 5 1627
94 1 8 5 1046
125 184 10 5 1966
322 156 9 3 153
427 192 5 4 121
107 214 3 6 3471
399 122 3 6 3506
121 386 4 4 158
219 414 1 5 339
430 401 3 4 95
363 468 6 5 2087
209 498 3 4 115
481 116 8 4 299
123 216 6 7 37906
377 330 6 5 2208
450 12 2 5 420
432 20 9 3 193
470 270 6 5 1027
337 139 7 3 95
301 389 3 3 65
135 200 4 5 929
159 50 8 3 124
359 397 8 3 75
33 149 6 5 1211
136 288 6 4 466
413 16 5 4 355
463 182 5 4 362
198 105 9 3 171
49 140 9 3 59
33 261 4 3 33
305 456 9 4 767
349 1 10 4 441
504 327 9 4 215
286 335 4 4 278
283 48 6 2 27
60 394 6 3 84
227 316 5 3 29
436 460 6 7 45712
88 61 10 4 392
100 508 1 5 155
477 260 5 4 323
153 235 10 4 537
315 224 5 5 813
418 362 2 3 27
349 509 8 4 793
35 59 7 4 165
77 252 3 3 42
461 97 3 4 81
411 182 1 5 631
509 70 1 4 109
184 381 9 5 2789
316 475 5 4 445
199 51 6 4 265
239 85 10 3 55
495 137 1 5 167
178 75 6 2 25
49 269 8 4 204
473 106 2 4 174
276 111 8 6 33888
441 332 2 4 124
205 450 10 5 3768
65 173 5 5 855
154 383 5 3 40
63 404 6 4 195
171 161 3 3 59
118 224 8 4 182
435 190 4 3 82
108 470 2 5 585
463 209 5 4 336
147 93 9 3 62
120 408 5 5 1020
370 455 6 4 295
238 401 5 3 50
376 455 10 1 17
468 266 1 4 43
282 469 7 5 2094
200 118 8 5 2663
239 435 7 4 286
29 477 8 3 105
183 3 6 3 41
232 241 9 3 69
160 491 2 5 282
384 176 1 4 55
303 407 1 4 55
244 2 3 5 1253
90 477 4 3 46
269 160 4 4 143
9 255 1 5 161
500 323 1 4 64
226 17 1 5 165
162 100 4 3 35
442 354 3 3 61
254 56 4 4 153
177 70 3 4 129
283 413 1 5 176
467 303 7 3 60
506 52 3 6 2245
402 315 1 5 560
44 66 9 3 121
205 376 3 2 13
78 375 6 4 153
45 468 8 4 266
300 11 8 4 237
288 143 2 3 21
238 91 2 4 56
423 101 2 4 188
159 455 6 4 576
46 77 2 4 83
438 456 1 5 229
168 438 5 4 200
228 205 4 3 24
60 109 9 3 109
97 31 5 5 582
56 135 7 3 121
215 138 2 6 6187
305 446 5 2 17
195 390 8 4 319
181 508 4 3 28
511 454 5 4 113
388 279 10 5 2809
13 343 6 2 11
132 121 4 4 200
420 165 9 4 591
279 398 10 3 82
334 466 9 4 490
76 96 4 6 14074
397 429 4 2 20
271 172 3 5 1495
297 357 3 3 22
398 305 4 3 68
266 449 1 5 491
380 322 5 4 120
511 252 7 2 20
412 136 10 2 30
273 453 2 5 1001
440 111 9 1 13
88 261 8 5 1770
40 321 2 4 47
221 370 10 4 270
200 348 9 3 112
141 425 4 3 43
461 442 2 6 8022
496 325 3 4 173
504 467 6 4 150
148 320 2 4 178
274 53 8 4 235
133 312 10 5 1502
166 318 5 3 58
326 491 9 4 543
131 60 6 4 157
336 448 10 4 254
392 136 4 4 152
64 75 1 6 1956
211 433 6 4 308
405 393 2 4 194
415 14 5 6 3787
475 69 7 4 345
125 335 2 3 40
481 214 4 3 34
125 1 1 8 76167
345 352 7 3 100
511 191 5 3 30
398 405 5 3 64
204 231 5 3 72
61 220 10 3 85
359 498 6 5 1294
413 159 2 5 234
4 62 1 4 29
458 351 2 5 998
218 325 1 5 162
184 488 3 5 2067
131 327 2 4 45
29 210 2 3 17
74 138 6 3 37
48 333 5 4 165
110 339 9 3 71
408 186 2 4 116
340 441 4 4 113
251 446 3 4 103
31 254 3 4 186
336 79 4 4 186
111 375 3 4 96
199 351 9 2 24
258 429 4 5 2437
503 484 1 4 46
152 452 10 1 9
247 166 1 5 206
460 442 7 4 328
81 489 3 4 162
91 476 6 4 275
202 449 2 4 61
137 230 8 4 409
147 127 10 4 471
229 424 6 2 30
462 27 9 4 564
387 140 2 4 226
322 160 8 3 60
177 218 8 3 136
53 275 6 4 144
268 37 3 5 916
330 88 10 3 56
107 462 8 4 295
508 252 3 3 23
343 78 8 5 964
385 88 2 4 166
403 66 1 5 164
424 490 5 5 1469
266 293 5 3 77
177 182 2 5 501
149 4 6 4 154
423 324 10 5 6242
504 180 6 5 2328
457 115 7 3 47
493 85 9 3 122
257 240 3 5 925
470 36 6 3 62
179 507 4 2 13
473 504 10 5 2673
125 304 7 5 836
363 434 2 4 75
175 87 3 3 23
183 464 5 4 481
186 482 8 4 196
146 458 1 6 3718
51 209 6 5 3754
413 464 8 3 92
331 130 4 5 673
194 161 2 3 31
345 204 7 6 30356
342 194 3 4 328
10 115 9 4 456
160 432 4 3 26
215 229 1 5 651
484 191 1 4 57
41 250 4 2 14
339 86 10 1 13
244 91 4 3 68
61 236 3 4 259
190 394 10 3 146
125 6 5 4 466
508 205 7 5 1167
248 408 7 2 24
411 280 10 4 808
262 392 6 1 7
400 392 7 4 156
386 265 9 3 133
174 34 2 4 108
96 121 1 5 259
263 96 3 4 122
410 447 1 6 2049
306 460 4 4 98
191 279 7 2 22
35 83 6 3 97
192 242 6 3 64
369 247 5 4 182
350 153 2 4 169
479 274 10 3 159
26 418 7 3 98
301 269 10 3 121
390 181 7 4 297
316 65 9 3 145
85 146 1 3 22
356 361 6 2 21
241 163 4 3 51
284 239 10 3 171
364 384 4 6 3951
70 284 8 4 277
248 479 1 6 1794
483 142 10 6 25921
38 189 7 2 26
407 298 5 3 38
285 240 7 5 4737
22 131 9 3 125
427 98 2 4 134
293 274 4 3 57
119 489 2 5 491
332 489 5 3 37
283 245 10 3 68
358 491 9 4 215
283 272 8 3 98
162 72 4 4 196
207 259 8 2 20
246 89 9 4 274
359 59 4 7 59511
71 492 2 3 38
39 234 7 3 64
297 212 9 3 77
256 326 8 4 255
400 423 1 3 6
418 165 9 4 263
461 334 8 4 373
451 500 2 4 62
63 480 8 4 374
276 339 2 4 70
141 172 9 4 299
299 64 6 4 233
93 402 2 4 91
90 165 3 3 58
433 169 2 4 128
445 468 8 4 248
367 36 2 4 160
375 508 4 3 52
225 288 6 5 836
82 296 1 4 49
156 481 10 4 823
366 8 10 2 44
100 420 5 4 154
264 109 9 3 52
92 14 1 4 85
134 35 7 3 150
414 441 4 4 214
187 57 5 3 53
42 133 5 5 865
473 266 8 2 25
458 119 8 3 161
192 360 7 4 343
94 81 4 4 254
216 13 4 4 181
76 173 4 5 608
120 454 7 5 1347
343 60 6 5 3579
192 460 10 4 852
184 465 6 3 104
69 61 1 4 113
487 247 5 4 282
266 308 5 4 304
423 257 3 5 683
421 192 4 4 196
143 98 7 3 46
89 380 9 4 358
228 398 2 3 23
312 208 4 5 1802
51 506 1 3 13
373 53 4 3 48
494 121 8 5 2643
329 228 1 5 540
86 229 4 4 225
476 119 8 4 289
76 148 2 4 148
58 21 10 4 324
443 33 4 3 25
233 353 4 3 69
141 25 9 3 163
195 58 1 3 21
287 178 5 3 52
181 421 8 3 72
419 33 8 3 134
386 116 5 6 6307
163 39 5 7 64218
185 33 3 5 855
185 471 9 3 147
186 5 7 2 30
452 308 2 6 4069
382 35 3 2 12
172 211 7 2 31
260 59 7 3 59
333 111 5 3 86
57 59 8 6 16845
202 115 3 4 81
141 195 10 3 152
510 426 5 7 76384
444 365 7 6 16604
39 406 8 5 1075
115 421 8 2 41
317 45 2 5 242
161 54 10 4 1016
459 283 7 4 226
299 249 8 3 72
3 507 2 3 32
229 428 4 4 105
29 73 3 3 22
330 30 5 4 388
398 118 3 5 449
223 402 2 4 106
158 29 6 5 1834
235 346 1 4 49
361 212 6 4 498
112 326 3 4 110
345 235 4 4 123
358 223 2 3 17
86 283 8 3 135
467 161 6 4 169
473 223 8 4 339
29 209 8 4 544
376 243 9 4 267
72 50 5 5 1256
349 439 10 5 1207
308 170 1 7 7351
140 271 4 4 251
279 3 8 3 150
207 34 1 4 60
32 332 7 2 14
149 170 3 4 210
183 54 3 6 12108
325 171 9 1 14
91 163 3 5 531
40 473 1 5 211
363 384 6 4 471
268 451 5 3 44
399 15 6 3 47
356 368 7 3 61
486 70 8 3 87
105 340 10 4 308
435 24 3 4 130
508 242 7 3 149
417 254 9 3 75
386 441 5 4 202
89 423 6 5 3949
390 24 1 5 126
504 122 7 4 391
186 208 7 3 138
70 485 6 6 8222
165 337 1 5 206
18 30 2 4 59
169 36 10 3 90
212 392 5 3 98
248 453 3 4 340
169 310 4 5 1132
495 378 5 3 28
241 469 5 3 46
179 231 6 4 168
119 322 3 4 106
411 311 6 5 3792
227 258 8 5 4822
160 45 8 3 91
463 202 6 3 75
208 153 2 7 12658
140 420 6 2 29
198 185 2 3 19
154 510 8 3 62
314 121 1 4 58
251 401 6 3 80
100 409 2 4 157
112 412 7 4 252
28 505 9 3 52
296 137 2 4 132
495 323 6 4 214
43 180 2 4 76
159 171 1 4 46
109 281 9 3 149
232 145 10 3 143
381 27 8 4 396
140 401 7 5 1576
103 320 7 3 119
86 459 8 4 459
489 382 6 2 21
185 52 5 2 17
127 172 5 3 74
456 357 8 6 12312
355 326 3 4 251
9 219 10 1 9
160 508 5 3 107
303 177 10 3 136
463 456 1 4 51
163 224 3 4 180
233 28 1 4 40
142 354 2 4 224
269 336 9 3 87
258 44 2 4 58
341 396 1 6 806
436 81 10 5 2594
232 130 10 3 74
60 340 6 3 130
145 318 8 3 163
487 498 6 3 91
165 470 1 6 2037
123 193 9 3 62
128 495 8 3 163
465 349 9 5 5575
146 365 1 6 2074
425 335 1 4 89
425 197 1 5 142
9 241 4 7 46910
128 424 1 4 63
140 125 8 2 40
143 503 7 3 54
109 200 3 4 292
100 10 6 4 324
358 496 9 5 1039
42 454 3 4 81
463 107 9 3 89
239 177 9 6 6272
511 267 5 3 95
498 163 4 5 620
281 392 9 2 29
436 508 1 6 1522
270 121 7 4 382
289 495 2 4 50
327 260 6 2 12
288 510 1 3 18
13 86 5 3 52
484 104 2 6 5969
76 320 4 5 514
34 270 8 4 238
417 262 6 4 342
339 117 5 3 39
310 380 10 3 69
112 259 1 4 40
26 406 3 4 206
255 223 10 3 161
45 291 2 3 34
225 344 8 3 131
440 106 7 3 70
143 484 9 3 51
354 419 3 4 208
419 206 10 4 481
119 339 2 4 157
226 436 2 6 3709
439 497 10 4 869
194 26 4 4 90
100 262 2 4 114
77 56 8 4 221
391 338 9 4 430
197 35 10 3 92
505 417 1 5 547
508 260 8 2 40
134 480 6 3 66
209 492 6 3 47
463 286 8 2 39
121 55 5 3 104
94 58 6 4 539
174 474 10 1 12
131 54 1 4 45
164 145 2 5 236
288 487 3 2 7
310 363 5 4 397
79 402 4 3 37
178 332 6 4 302
3 218 7 3 66
70 382 7 2 33
331 321 2 5 470
357 509 3 3 34
187 274 1 6 1167
179 105 4 3 44
292 415 6 2 16
153 385 8 3 70
98 383 10 2 28
250 191 10 3 112
80 417 7 1 11
165 178 5 1 8
296 247 10 8 668886
66 366 8 3 163
185 205 4 3 60
39 301 1 4 46
495 509 8 1 13
324 396 10 8 484982
484 215 7 6 7170
461 40 7 5 1121
468 365 7 5 1820
421 91 6 4 429
478 225 6 3 62
259 305 8 2 37
64 82 7 3 100
357 475 8 4 360
89 270 10 4 286
296 90 5 5 1034
428 311 9 3 48
473 126 8 2 33
348 165 10 3 86
245 192 9 4 399
53 264 4 4 273
252 453 1 8 127854
13 167 8 3 50
245 367 2 5 1028
65 488 1 5 292
178 501 9 4 474
55 321 3 6 2958
217 504 2 4 45
280 176 7 3 62
472 426 2 4 157
260 434 9 3 50
54 13 5 3 33
118 10 5 4 391
164 315 1 5 182
203 425 3 5 501
460 428 9 4 335
106 164 6 4 232
342 261 8 4 449
343 26 8 3 48
188 194 10 2 52
501 128 7 3 84
265 301 10 3 71
106 340 10 2 49
449 100 1 5 650
25 280 10 3 80
