2074 1.2853122199817072e-05 
3819 1.0077113853352776e-05 
8880 6.090523575598629e-06 
9196 6.733859943503217e-06 
6363 2.407132623286948e-06 
2258 6.069426652079577e-07 
5127 6.56612129646551e-06 
8344 1.2857194851397728e-07 
57 3.234747199040762e-06 
9863 5.929516034587894e-08 
9143 5.464486137452978e-06 
7456 7.773309167057291e-06 
3805 2.4760946734806145e-06 
2472 2.9994288573914965e-08 
4257 2.3193388832407264e-07 
1209 5.937332803750369e-06 
6066 5.92554551690832e-06 
7120 8.131695763982731e-07 
9518 8.887163424674968e-06 
6526 7.258863005141466e-06 
4850 1.004818397132216e-05 
7036 5.650066706056686e-06 
4026 1.1004213730855935e-07 
1471 4.127623220291603e-06 
9729 1.21086004092009e-06 
902 6.876840005435916e-07 
4394 8.698138059530446e-06 
9467 9.397891152784776e-09 
2717 3.2475435740543165e-08 
9702 6.797109265455014e-06 
9859 8.114798901496974e-06 
6745 4.3325551607529325e-06 
470 2.3628795274566183e-09 
4978 2.9449544050021094e-07 
54 3.1507119801068024e-06 
4009 1.5339739421288369e-07 
7062 8.543221236415792e-06 
8708 6.182168259713516e-06 
5742 1.203459836656547e-06 
2026 1.4382711199802316e-06 
3656 5.103017716028712e-07 
4750 2.9262449918719335e-06 
293 2.334176404080977e-06 
7517 3.032933493863271e-07 
2878 9.804199244810832e-07 
615 6.259700920184627e-07 
6537 2.72019194065391e-07 
2090 2.566749538607249e-09 
5722 3.658740906246021e-07 
3339 6.553711265518125e-09 
5533 5.902770992973464e-06 
2990 1.4638299397611207e-06 
2941 4.222030012026028e-07 
573 1.1196084945592592e-05 
1960 7.977060993436804e-08 
8783 4.482572052541435e-06 
2580 8.040021839957642e-06 
9020 6.918834314563973e-07 
8258 6.544564216020893e-07 
339 3.2420254952282774e-07 
9493 1.9283922052942826e-08 
9542 2.405914319350403e-07 
6203 6.465704811251015e-08 
4753 6.760606425693878e-07 
5017 6.11597491042531e-06 
4922 9.37957801705469e-10 
6311 1.1062595999111287e-05 
9913 7.816687145471702e-06 
8111 1.1759136072246605e-05 
9301 2.1887923588176372e-08 
5296 5.739064816450365e-06 
1475 5.9846748575597204e-06 
6207 2.0920421243831744e-06 
5662 5.757963738749468e-07 
7503 1.6154364699660223e-08 
9580 2.210453798635104e-05 
9932 1.2901560170089192e-07 
868 2.9415708402859643e-06 
6975 6.348738518138241e-06 
8226 1.1700457601330804e-05 
9410 9.65518047490141e-07 
4714 6.556186301424194e-07 
220 8.12111924851323e-08 
558 5.846628811890687e-06 
3934 1.4340082467959262e-06 
6116 1.5273632381943863e-06 
3530 1.6681317403789326e-06 
8421 5.700074354857795e-06 
3207 4.059217699557723e-06 
2853 1.1940146423981536e-05 
3228 1.5284778817439486e-06 
1483 7.969335521489292e-06 
1624 9.148121391063164e-07 
7163 1.580003071574782e-07 
7158 2.068384750429956e-07 
2732 1.5881818604158993e-08 
8261 5.323997737350013e-06 
6558 3.21672708070847e-07 
1011 2.0921805656456735e-06 
1711 1.0817301369358093e-05 
1145 8.442761590756495e-07 
3669 1.5450570971991471e-06 
8370 4.6979225295322165e-07 
9024 3.916340946971936e-06 
8986 5.5125851697710315e-06 
5777 3.355246721036514e-06 
2351 2.0950587204524467e-06 
2975 3.470058457161792e-07 
7938 5.757723780756892e-07 
5443 2.29280035768636e-07 
9483 5.117278009272076e-06 
3576 3.899620762017508e-06 
6515 2.6120745860669366e-06 
4858 4.529944239629218e-07 
6111 3.598874608876501e-06 
9379 6.0066752152271116e-06 
163 1.3131401385014473e-05 
7059 4.191928330664994e-06 
491 3.4425194939710377e-06 
8545 8.065315027138966e-06 
7639 2.614369567963987e-06 
5816 6.953636920874509e-06 
5954 5.79801095002233e-07 
7013 1.0814431055088808e-08 
9826 1.98584887515446e-06 
4120 4.081184865491161e-06 
9678 4.292659122654212e-06 
961 1.3820278379175678e-05 
9449 1.0869928227192423e-06 
408 1.2652683202553362e-06 
8225 8.195549167561949e-06 
7095 4.5627099809313065e-08 
8192 7.687997250222596e-06 
2695 1.5858205761586487e-05 
7840 1.808103246012441e-07 
2081 6.703789597540636e-06 
3140 5.7187163399627165e-06 
791 6.976856988642982e-06 
194 8.518885634871709e-06 
9243 3.1381672397403036e-06 
8376 6.729702229574792e-07 
5649 1.1565941427572714e-06 
8942 5.017291904430198e-06 
5746 6.716065000589094e-07 
724 5.009329313679514e-06 
6275 3.475941029192925e-06 
7436 1.0347717608437545e-05 
1954 6.0540409917085635e-06 
6926 4.54400390256488e-06 
1742 8.015317940097966e-08 
9436 7.303823314106348e-06 
9758 9.114293341824824e-07 
6992 1.0066114954067854e-05 
8476 1.5883503212370926e-07 
8643 9.848226098690326e-07 
6272 6.234383555606225e-06 
4964 7.202485817437782e-07 
5678 1.207359091650326e-07 
5615 2.1395616332103403e-05 
1213 1.0265386195837314e-05 
4794 4.943613675141581e-06 
8257 1.1593717701152966e-06 
9477 8.950080360579276e-07 
5223 2.355006347917743e-09 
271 1.5330534287096584e-07 
364 6.5260367917829295e-06 
9687 3.2850734586633735e-06 
3623 1.8973520663703019e-06 
4690 3.2012229266086087e-06 
6910 3.3591631522893737e-07 
1959 3.3340766665004243e-07 
4050 1.8721602173327972e-06 
7830 4.403286165632658e-06 
4012 2.934546984633622e-07 
8944 4.766784302955712e-08 
917 4.080342978445405e-06 
9558 1.0806149238394332e-05 
9997 6.569219877285905e-07 
3855 9.089304627231794e-06 
7240 1.180737591055355e-05 
1906 1.2716564253867627e-06 
2048 7.462377410493617e-06 
7271 6.710538059387887e-06 
2389 5.41760992137617e-06 
8984 1.1813882832388987e-05 
4316 1.3265504878021053e-07 
264 5.177288641151218e-07 
1632 3.7974562322012484e-06 
7156 5.557946326803121e-07 
7265 4.374245811831145e-07 
1171 7.007249590309197e-06 
831 5.353086991862635e-07 
6973 1.0068473252781462e-05 
8879 7.129144335227789e-06 
5608 3.5987682064354506e-07 
7232 2.892710599804675e-06 
2266 2.1895426537986754e-07 
7209 6.04491209168023e-06 
9785 6.653991506811239e-06 
614 1.6693208944240264e-06 
5739 7.488144882958868e-08 
6419 2.9169847832857615e-06 
3334 1.55288277764571e-05 
5395 7.79831425933021e-06 
9654 8.545269870272607e-08 
7023 2.03985592463687e-06 
7848 5.928794435348521e-07 
8419 4.216576946489744e-08 
1716 3.6907041285545455e-06 
6557 2.7275874959683094e-06 
4436 5.297427623955954e-06 
4139 3.016735185561219e-07 
2427 5.857065751263215e-06 
3787 6.927339792307643e-06 
1175 8.374522640207816e-08 
6778 2.2951978098911113e-08 
2698 1.674305115194247e-06 
4541 6.634030413266154e-06 
6744 9.089205114725694e-06 
9778 1.796131725467622e-05 
7192 3.6029476475473734e-06 
2999 5.979557511481136e-06 
9791 8.030483838335871e-06 
6590 3.308258288256576e-07 
3237 7.950411839428883e-07 
8835 1.6073977581856648e-05 
884 4.0298157602677526e-06 
4084 6.653947916853905e-06 
4448 9.032046398515729e-06 
5505 2.0575094883811757e-06 
5884 1.9624217157248537e-06 
4429 6.334378324977884e-06 
5011 1.8778845455880708e-06 
4212 6.430349350933558e-06 
5019 6.522428451197863e-07 
1577 5.295559145459516e-07 
2517 1.943122510766307e-07 
2087 5.006820833959757e-06 
6050 1.532150443669944e-08 
7518 5.632429891084512e-06 
3280 1.1651633976315151e-06 
9608 6.930146962669025e-06 
5921 6.857384604112329e-06 
4200 1.148978617556677e-06 
662 8.156664730873489e-07 
101 2.782498580301874e-05 
8827 1.3981830790121397e-05 
6628 1.1520894638278713e-07 
1224 1.926174158371204e-05 
872 1.9111488087828882e-06 
8351 8.144636493651844e-06 
3466 8.079449145847496e-08 
7882 2.8105282419597924e-06 
8758 2.642804013721592e-06 
767 4.6427968571137283e-08 
8820 4.949843785474185e-06 
2734 3.48051625610069e-06 
195 3.077927960756179e-06 
9100 5.196115462586819e-06 
2519 1.0613604575982879e-06 
8077 1.8433021386412994e-05 
7577 4.6997410728735756e-09 
7685 9.400808889523842e-08 
7632 6.283368372780895e-07 
9855 2.091245087744371e-06 
1682 1.1887458896875592e-05 
6795 6.648947940467314e-07 
9704 9.348892907416286e-06 
3709 1.3783521726238956e-05 
3119 3.987656697500199e-08 
6883 4.6210234987303955e-07 
6348 2.06491265684059e-06 
3194 6.901323394969475e-07 
4820 1.181628881371893e-05 
5819 4.747272585987433e-07 
6873 1.5156052620119493e-06 
6880 5.577357974100994e-06 
2644 3.30785192501231e-06 
8034 8.331807985390534e-07 
9980 6.275286821267312e-06 
3322 1.4197430495254155e-05 
1269 1.2151246754513265e-07 
3084 7.595843891624696e-06 
6811 7.2472551507198274e-06 
8079 3.540595483399363e-08 
1208 4.498947133893341e-06 
5893 3.1688312806806782e-06 
1533 7.5654428288973894e-06 
3001 3.0996921015663027e-07 
7540 1.929245576950656e-06 
4423 8.332288385028427e-06 
5295 1.2679597094440763e-07 
8858 1.9122462037012705e-07 
4021 4.42544466480914e-06 
5440 7.700500582835216e-06 
9264 3.5425073690448228e-09 
7895 4.1233920768253386e-06 
7134 1.2104754777787557e-06 
5258 5.163204501214414e-06 
4888 1.9414794845602247e-07 
6482 8.776615040969474e-07 
31 1.0910885732385937e-05 
2129 1.0860202343120482e-05 
9417 3.4522675314923515e-06 
7920 3.1589783076133958e-06 
6491 4.769132790397555e-08 
790 8.802221798507818e-06 
4205 8.852992154495953e-06 
9047 6.96927300592793e-07 
762 5.58612742344817e-06 
384 4.403003344101173e-06 
4502 5.595181687480707e-06 
1594 4.327909765643836e-06 
7701 4.658606823177934e-06 
8100 2.4166680129634285e-06 
1505 2.157067898721774e-07 
3838 3.6360744313955194e-06 
7191 3.989716541601446e-06 
9734 9.833197118392517e-07 
8406 3.825333934688314e-06 
3692 6.272753124280752e-06 
2054 5.5864065858358784e-08 
8324 1.2085281191731179e-06 
4952 1.1178964989680618e-06 
8554 6.152906263942841e-06 
2190 3.447079517458626e-06 
445 1.3286413415867018e-07 
2119 5.702783175059968e-06 
8765 4.66648661903005e-07 
5573 2.1644214753300888e-07 
6849 2.0630757486378958e-07 
2433 2.936009716608e-06 
4218 6.585404494643925e-06 
5568 1.6947231168703997e-06 
5732 1.3999287784902245e-07 
3735 4.8491784164494955e-09 
5909 4.180004935277939e-07 
6128 3.9599239781056093e-07 
6223 9.130701278243777e-06 
4832 6.052706947440707e-07 
142 8.91513315646588e-06 
1790 2.3352652985875796e-07 
7464 1.742839688803689e-06 
8943 1.3230693865460296e-05 
229 4.0264114924601785e-06 
4946 1.0654252036716533e-05 
9915 3.455541586661233e-08 
1837 5.359065447111296e-06 
8218 6.30278903064548e-06 
3344 1.1021269207507721e-06 
6654 3.781837917446972e-07 
2930 6.031794664348306e-08 
9722 1.1865189929136731e-06 
7979 1.367335922808886e-07 
720 2.330847437213835e-06 
1122 8.629750252505536e-09 
2648 1.9361582524972862e-05 
649 2.2616504262618652e-05 
3786 1.8613808018570523e-06 
852 1.599258477763464e-06 
9489 7.016790145186503e-06 
1578 3.6963401819780237e-06 
3020 1.3533599598413923e-07 
8778 3.935667091033135e-06 
1486 1.2772375877395705e-05 
529 3.622669270310655e-06 
6418 2.0333168810773733e-06 
9418 5.043208467900554e-06 
946 1.8370224589382223e-07 
934 3.421859677301114e-07 
5869 5.722220377899466e-06 
1581 2.3205490828689533e-07 
2223 7.437914034680304e-10 
7093 1.18754305766421e-06 
7707 4.432050983836582e-06 
6592 1.3272380315853779e-06 
7764 7.023224128579169e-06 
2214 7.951853024357472e-06 
3048 1.802349335222771e-07 
1685 1.3238636247734888e-07 
3802 1.5537246277195195e-06 
1998 6.397052948926688e-06 
1458 2.3238797915289475e-06 
4300 6.054033468343541e-06 
9490 3.3979458479751713e-06 
4117 1.0476988370155372e-06 
4169 4.276920423901102e-07 
3419 6.635583690931913e-06 
2613 3.692647755389601e-07 
905 2.7084622089600455e-08 
2086 2.783422989592778e-07 
3073 7.651748383033772e-06 
2170 7.460412290336785e-08 
1925 3.578134279828083e-06 
9748 5.036939498737029e-06 
4821 2.752911280676912e-07 
8970 5.921858717478796e-06 
9514 5.620528355896687e-06 
6437 2.2787632522139616e-07 
4341 1.3520888204924004e-06 
8672 2.020764494209824e-06 
8471 1.2855154247939492e-07 
2009 4.536771040312848e-06 
9297 9.61839580143078e-06 
6251 1.6833930904303884e-06 
6125 3.2602468925713076e-06 
682 1.2914106051961653e-05 
8679 1.8175505262069266e-05 
9768 4.917407908125792e-06 
9658 7.970612494000349e-07 
4675 1.804500957686515e-05 
2652 3.739176698858249e-06 
8102 4.3785995916960804e-06 
1076 2.1788213982739512e-05 
6467 2.1467178706238317e-05 
3823 2.9786075819093424e-07 
3883 1.5749062150504376e-07 
4723 6.949538532493465e-07 
4662 1.3052366024314288e-06 
303 5.435760851990154e-06 
8523 1.7292884125043044e-06 
4760 4.320053186368056e-07 
4975 2.0510411570084686e-05 
7892 8.442259471830032e-06 
3444 5.135693171618716e-06 
4080 1.2868562168506082e-06 
5199 6.01356143719825e-06 
8841 4.839595979627787e-06 
518 4.6104349179147315e-06 
1722 1.0365032520271496e-06 
5498 6.5221509980332404e-06 
9182 4.480580216239974e-07 
7992 7.417701275999294e-06 
7017 5.457746583518035e-06 
1061 4.180517218821135e-06 
3362 1.0066543880982314e-05 
6985 5.159779793939303e-06 
7042 8.725199435904344e-06 
6394 2.595695292561198e-06 
588 7.897108005728712e-06 
7106 3.667078075225705e-09 
1513 3.4554114551646002e-06 
2135 6.863936589659254e-06 
5565 4.191657163029873e-06 
7258 1.4438474598335237e-05 
9005 2.0289799994901428e-07 
7259 1.5552209471057798e-06 
1620 3.4836712868707427e-07 
973 2.637496446369662e-06 
2794 2.6229328392681276e-07 
7963 5.063048879455634e-09 
2791 1.648207577668523e-08 
7878 3.830773018581739e-06 
7538 7.301270059603764e-06 
3477 1.4642852255392548e-05 
2175 4.764814677542731e-06 
9761 2.2409525009934217e-07 
8375 3.3494607660361497e-09 
4727 1.7614915517520123e-06 
6683 8.984668403550601e-07 
4628 5.357476852278255e-08 
1859 4.204652139205043e-06 
2324 2.3978880388676044e-08 
191 2.402604811099286e-06 
3930 1.1172123114606652e-06 
1118 5.271380654369465e-06 
5357 1.5567407710842201e-06 
109 1.0712647198219398e-05 
1375 5.447060477714345e-06 
2480 6.009512033453793e-08 
9960 5.290138659262207e-06 
4562 1.128711602600377e-05 
5181 4.367316612628256e-06 
8888 2.5837172805232583e-06 
6857 9.331915194413664e-06 
2290 9.46087465872073e-06 
7292 3.817629097694654e-07 
4427 6.798925250295622e-07 
4856 9.233665093328874e-06 
1035 1.0598794374049297e-06 
2180 1.1332889789022469e-05 
3796 6.504130987048699e-07 
3676 8.2765382942434e-06 
4256 1.2743837332872289e-05 
4708 2.0108305939271764e-07 
8409 1.1086443605215104e-06 
769 2.5949715214266946e-06 
9309 1.4744308097697718e-06 
3672 9.817610681448624e-09 
9767 5.1794577787547556e-06 
7541 2.2867461523719324e-05 
9656 5.224473996186964e-06 
2298 7.356072537115547e-06 
6417 3.15873857785259e-08 
9860 1.8235668119510587e-05 
8143 5.08534371908994e-06 
1927 6.579120773896925e-07 
2838 4.7249015298707797e-07 
5039 1.3974331151088759e-05 
587 2.9180229613221237e-06 
1240 1.053484649520682e-06 
2972 7.179686211440406e-07 
1548 1.211468175366365e-05 
4816 5.04447355384745e-07 
9211 5.484847875080364e-06 
7018 1.0875197748930329e-07 
6689 7.4937884195825585e-06 
6334 1.1609334132823112e-06 
2525 2.5766087683376168e-08 
3777 8.051088349556859e-08 
4310 5.508462000949123e-07 
5690 1.374211719183566e-05 
712 8.651142513412024e-08 
7664 5.333095902677254e-06 
9172 8.787248108761342e-07 
379 5.387883122505081e-06 
5271 1.7209017690034134e-08 
721 6.603799356858265e-06 
4004 6.800738943420913e-06 
3948 4.913873034626807e-06 
8341 6.972472681759419e-06 
1750 5.12383159522601e-06 
2484 1.3277024072065862e-06 
4113 7.496147108085091e-06 
1460 2.8743950007784373e-07 
8688 3.354031808897322e-07 
3430 5.238262924883159e-06 
9401 3.144007801985629e-07 
8787 8.562332140407022e-06 
7139 1.349816629681219e-05 
3360 1.060644673927753e-05 
9130 6.004894676746002e-06 
594 6.216952501389024e-06 
8029 6.079296720289253e-06 
1328 6.462682656778874e-06 
2896 1.2660715724236894e-05 
3595 2.938057431490805e-06 
9306 1.2504698547322052e-06 
409 3.6722514193247326e-08 
5318 5.878606035962035e-06 
898 6.394720432473708e-07 
2630 7.904857626640455e-06 
6676 6.8787571077642495e-06 
7479 1.0225316005492232e-06 
8990 5.315563630150648e-07 
7528 1.4492496118280527e-07 
3621 2.111732147799951e-06 
2509 1.4156810376648129e-06 
4740 2.322548463162047e-06 
6708 7.166242443847941e-06 
5745 2.2464103928819686e-07 
9168 2.9232567790845937e-07 
2033 1.4317294842921019e-06 
1678 7.480141036677747e-06 
8633 1.484377766200213e-07 
5172 6.64961426306293e-06 
8118 1.6883847179191783e-06 
797 4.472686214985834e-06 
5766 1.847492134732405e-08 
6716 8.078421704089198e-06 
6947 4.455386728594705e-06 
2137 2.7586621501960895e-06 
8345 4.870071167166511e-06 
5345 4.4612413339303866e-06 
7177 6.323166079394077e-06 
9697 6.015143417239731e-06 
3543 4.5830015402887096e-07 
4703 2.4273882175473635e-06 
3484 7.921394081276218e-08 
4959 8.22865226358699e-07 
157 2.9383353000459744e-06 
8516 9.523762078749928e-08 
3976 3.99506862060035e-07 
6444 6.546001885152253e-06 
5707 6.771381943819434e-07 
2043 6.465656061788997e-06 
4968 6.157989584041831e-06 
8819 1.9271494979120936e-06 
9199 2.915585556670109e-07 
3580 4.897693549648773e-06 
2528 9.963551796040053e-08 
4697 7.481316747487419e-06 
1554 2.045373314585694e-06 
3462 1.0249925606038325e-06 
8965 1.9475092575741261e-07 
4536 5.734001732573823e-06 
5871 3.3126875818768225e-07 
182 6.532483283290731e-07 
9830 5.848695439230578e-07 
1377 9.647243958183296e-06 
4732 1.1401913637362849e-06 
6965 4.79130054214719e-06 
4291 9.454208151494516e-06 
4008 9.092249584594135e-08 
4592 1.738805521871576e-06 
6524 9.816892171288875e-07 
4449 1.1415665439472332e-05 
7098 7.583424892172107e-06 
3091 3.9646224739125753e-07 
6252 4.5989697258774775e-09 
6619 4.0995627810764634e-07 
3615 1.330851044111013e-07 
2845 3.4700898360742543e-07 
6009 8.293658138166723e-08 
5326 9.234902087848918e-07 
2105 2.0970566493927577e-06 
9669 2.8253902580849838e-06 
89 8.515694584036807e-06 
9385 2.133045626670351e-06 
8292 9.168232828834194e-06 
6662 9.872176852511325e-06 
5335 1.5173527899112124e-06 
6043 6.605327837083874e-06 
6847 7.891936081800638e-06 
4224 1.4212939872704023e-06 
8752 1.8759004883966632e-08 
1358 5.503732517012641e-06 
5110 3.024323190048932e-07 
6505 8.180508152258285e-06 
7194 1.2557731128959304e-05 
4424 7.100074019715238e-06 
8537 5.044764525853325e-07 
600 5.517095642874969e-06 
4079 2.0844716102142217e-07 
4943 1.4005373916613298e-05 
2760 6.035075843328287e-07 
634 3.619122334913745e-08 
119 6.886416714646515e-10 
8378 8.77514438896789e-06 
1539 8.163634528592372e-06 
7948 4.995023937951822e-06 
4907 7.0246930119157316e-06 
1695 1.246928800658774e-07 
7974 7.79523098685428e-07 
5053 8.537863229753295e-06 
5557 2.018781665386667e-07 
1087 6.128096088075125e-07 
6401 4.6172800003730936e-07 
8808 1.541272426838227e-07 
8070 2.6422180616613583e-08 
