1 2 10 4 348
1 47 1 5 212
2 31 8 3 97
2 35 10 3 189
2 406 7 8 1337963
3 4 5 2 11
3 5 5 5 2787
3 26 10 2 33
5 57 1 7 18306
15 16 6 5 1385
15 36 6 3 81
16 25 10 4 345
17 18 1 6 2008
17 36 6 6 15360
18 33 5 4 150
19 20 4 2 15
19 21 1 6 4422
20 142 1 3 12
20 148 9 4 513
21 22 5 4 477
22 23 1 7 8590
23 24 5 5 864
24 25 9 5 1254
24 28 3 3 17
26 27 4 4 100
27 29 9 2 46
27 30 3 3 59
28 29 10 3 196
31 33 10 6 44939
32 33 9 3 59
32 34 8 7 266012
32 69 5 6 7008
34 35 2 5 403
34 73 2 6 5561
36 37 7 3 65
36 75 2 5 1350
37 52 7 6 7966
37 43 1 3 9
46 47 9 6 6678
47 448 2 5 670
52 67 10 5 2188
53 54 9 3 133
53 59 5 6 4923
53 418 1 5 507
54 163 10 5 2534
55 56 4 5 1295
55 59 2 3 32
56 57 4 4 118
56 66 4 3 27
58 59 1 4 104
58 60 1 3 18
58 199 1 4 48
58 458 3 3 52
60 63 8 1 7
63 225 1 7 5384
64 65 9 5 5397
64 66 4 8 221963
65 67 8 3 108
69 70 6 1 9
70 71 8 5 939
71 101 2 3 40
72 73 9 7 109589
72 101 4 3 23
73 76 6 5 1187
73 77 10 3 59
96 97 10 5 1530
96 111 4 6 4021
97 101 7 4 259
98 99 10 6 14782
98 100 6 5 925
99 138 4 4 325
100 116 5 9 1815257
105 106 10 5 2703
105 111 7 3 59
106 107 2 6 3885
107 108 10 3 78
111 114 4 5 1062
113 114 5 2 19
113 116 2 7 15190
115 116 6 5 3980
115 409 5 6 5904
118 119 9 3 84
119 138 1 7 5834
120 121 6 1 5
120 122 10 2 34
120 304 8 4 339
121 296 2 7 17319
122 123 6 2 12
122 124 4 3 41
124 125 9 3 124
134 135 7 5 840
134 332 4 5 578
135 136 7 3 137
135 137 3 5 491
137 139 9 3 56
139 140 4 4 176
139 141 8 2 24
139 399 1 3 7
141 400 3 8 206662
154 155 1 4 46
154 156 5 6 8798
154 172 5 5 1405
155 168 4 8 1375665
156 157 8 5 1255
156 171 4 7 77340
157 158 1 4 27
158 159 2 3 25
158 177 8 4 326
159 160 2 5 264
159 161 1 4 40
159 196 3 5 428
161 162 9 6 7587
161 197 5 3 43
163 164 2 6 2796
164 165 9 7 166712
165 166 4 3 23
165 104 6 4 223
166 167 8 6 7293
167 168 8 1 11
169 170 10 3 110
169 171 3 4 257
169 174 8 4 177
170 172 2 3 36
170 173 2 5 301
170 419 5 3 101
171 178 8 4 230
173 174 9 4 226
174 179 10 2 21
175 176 7 1 5
176 214 8 4 763
177 178 4 2 17
177 191 3 6 12557
178 421 10 1 11
179 192 8 6 8181
180 181 7 4 502
180 208 2 5 811
181 192 1 3 15
182 183 5 5 1720
182 184 4 3 25
184 185 10 5 4824
184 208 8 3 85
185 186 4 2 21
185 207 2 4 164
186 187 7 5 1312
186 230 8 1 12
187 188 3 6 6068
187 193 2 5 1032
188 189 4 5 1105
188 191 7 3 66
189 190 1 5 179
189 191 5 6 23054
193 194 10 4 554
193 217 6 2 22
194 195 7 2 19
194 217 1 6 1071
195 196 4 3 41
195 216 7 4 336
196 197 3 4 87
196 476 9 1 13
197 216 2 4 76
198 199 1 5 143
198 221 8 2 28
199 200 5 5 825
200 10 6 4 535
201 202 8 3 72
201 203 2 6 6566
201 351 6 7 164808
202 213 4 3 24
203 204 7 2 21
203 205 3 3 63
205 206 8 4 603
205 231 4 3 47
205 360 1 6 1999
206 207 7 1 9
206 232 2 3 32
207 233 9 5 1325
208 209 8 9 7816079
210 211 2 5 356
210 212 1 5 228
211 215 8 3 57
212 213 4 5 1347
212 342 2 8 201526
213 340 2 7 24581
214 215 10 3 125
216 219 4 4 150
217 218 10 4 689
218 222 7 3 54
219 220 5 5 2152
220 221 5 5 1394
220 222 7 6 7289
222 226 6 4 401
223 224 9 6 31584
223 225 6 1 10
223 7 3 4 138
224 229 1 6 4252
227 228 4 3 60
227 229 1 5 247
227 272 1 5 225
228 230 6 2 27
229 401 1 6 2689
231 281 4 6 4935
232 265 7 2 15
233 264 7 4 210
233 150 2 5 754
234 235 2 6 1875
234 278 6 4 393
236 237 6 4 216
236 280 10 5 1263
237 238 1 4 51
237 239 1 5 242
239 240 2 4 70
240 241 2 6 6206
241 243 7 1 7
241 442 10 3 220
242 243 3 7 45169
242 244 5 2 19
242 314 1 7 5029
242 80 2 3 14
243 293 4 5 957
244 247 2 4 55
245 246 6 1 5
245 247 7 4 667
247 248 4 3 46
248 249 10 1 12
249 250 9 3 152
249 312 7 3 96
250 251 10 6 39818
250 321 1 7 8109
251 252 4 5 818
252 253 6 5 2370
252 327 4 5 516
252 301 7 6 25102
253 254 3 6 2937
253 277 10 3 101
253 266 4 2 14
254 255 10 2 28
254 256 8 6 8286
256 257 10 4 359
257 258 1 6 1383
257 259 2 3 35
260 261 10 2 23
260 262 1 6 2356
260 263 4 4 218
263 264 2 5 372
263 479 3 3 27
266 267 9 5 5232
267 268 7 4 245
267 299 4 3 22
268 269 2 5 916
269 270 5 2 13
269 294 2 4 66
270 271 7 3 84
271 295 5 5 652
271 133 7 5 2692
272 273 7 5 1057
272 274 4 4 95
274 275 2 4 168
275 276 2 5 1065
275 277 9 6 11098
275 291 2 5 250
278 279 1 5 276
278 282 8 3 43
279 280 9 3 125
280 287 10 7 54365
281 289 4 6 5278
282 288 8 6 6335
283 284 3 3 16
283 285 6 6 16688
283 305 9 4 583
284 290 4 6 3994
284 365 7 7 61390
285 286 4 6 11799
285 306 1 6 733
286 287 10 6 48295
286 306 6 4 220
286 452 4 5 1681
287 293 8 4 183
288 289 10 6 34897
289 290 3 4 214
291 292 8 6 38148
297 298 6 5 2471
297 454 4 3 80
298 299 8 3 47
300 301 2 7 76906
300 302 8 6 5893
302 303 7 5 3587
302 304 5 4 154
302 330 2 7 53182
305 306 7 4 273
305 308 3 3 59
306 308 4 3 23
307 308 4 3 41
307 309 6 2 25
309 310 9 4 445
309 338 2 5 502
309 379 1 3 6
310 311 10 1 13
310 85 10 5 2588
311 312 6 3 48
313 314 7 6 11481
315 316 10 4 750
315 317 3 4 68
315 499 5 3 89
316 334 5 6 5236
316 398 8 6 26046
317 318 1 5 442
317 503 8 4 295
318 319 2 7 62830
318 502 6 5 1306
318 510 8 6 10676
319 320 9 4 394
320 333 5 7 42447
321 322 3 5 346
322 323 6 6 4253
322 325 5 2 11
322 333 8 4 903
323 324 7 5 1034
325 326 5 5 1920
326 328 2 5 1384
327 328 2 3 12
328 329 7 7 51502
328 495 7 2 18
329 330 2 4 107
329 331 7 4 508
331 332 7 3 83
331 489 5 5 1913
332 481 6 6 18813
333 493 9 1 8
334 335 1 9 661447
336 337 3 6 2257
336 500 9 6 7469
337 338 6 5 3851
337 382 9 6 8522
338 339 8 6 6728
338 377 5 6 8337
340 341 4 9 6914859
340 349 3 2 6
340 354 1 7 31654
341 343 10 4 309
342 343 2 4 55
344 345 1 6 4226
344 346 2 3 21
344 385 6 5 2203
346 347 4 3 43
347 348 6 5 2089
347 387 3 5 1136
348 349 8 3 64
348 386 4 1 5
350 351 7 3 39
350 359 1 5 333
350 13 10 1 9
351 352 10 6 30561
352 353 4 7 27239
352 356 3 4 274
353 354 2 5 713
354 355 8 4 382
355 356 10 4 282
356 357 2 2 10
358 359 2 6 5976
358 361 4 3 41
358 362 10 7 60698
358 360 1 7 22335
358 92 10 5 1601
360 413 3 5 565
361 388 1 6 806
362 367 7 5 1242
363 364 5 7 61228
363 365 9 2 16
363 370 3 6 10707
364 395 3 4 88
365 366 3 3 64
365 371 5 7 69422
366 144 5 4 313
367 368 6 4 398
367 369 1 3 9
370 380 3 4 75
371 372 4 4 176
371 373 2 6 3183
371 374 7 2 21
375 376 3 3 56
375 383 4 3 73
376 384 6 3 110
377 378 9 3 61
377 381 1 7 34828
378 384 8 6 23469
381 383 2 4 69
382 496 6 3 129
383 384 1 6 922
388 389 10 4 303
388 392 8 1 8
389 390 5 5 1078
390 391 7 2 28
392 393 5 5 1005
392 394 5 2 12
395 396 6 4 140
399 411 8 3 168
400 405 10 2 31
404 405 5 4 154
404 412 4 3 37
405 89 10 3 58
408 409 5 1 7
411 412 3 6 4751
411 415 5 3 65
411 482 1 5 121
412 415 10 7 117754
415 427 10 4 405
415 487 1 4 75
427 428 10 2 53
427 431 10 3 94
427 487 2 9 4802142
427 424 2 3 18
428 429 7 1 9
428 432 5 6 19896
481 482 8 3 133
482 488 5 2 9
483 484 2 5 537
483 485 10 4 373
484 492 3 6 13928
485 486 9 4 200
486 487 8 6 33569
489 490 2 5 1217
490 491 5 8 1161236
490 492 2 5 731
493 508 7 4 545
494 495 7 5 2523
494 507 5 4 147
496 497 9 5 1178
496 62 7 8 335371
497 498 4 6 8870
497 499 10 1 14
499 501 1 4 26
501 447 10 3 149
502 511 8 7 48662
503 450 10 1 4
504 505 5 2 14
504 506 1 5 240
505 508 6 2 30
505 509 6 1 7
506 507 4 6 12583
509 510 6 4 444
509 511 4 3 36
7 8 10 5 6350
7 6 1 7 6703
10 9 4 4 95
10 11 8 4 248
13 12 4 3 25
12 14 3 4 285
144 38 5 5 1637
144 145 1 4 79
38 39 7 4 758
89 68 6 5 845
89 88 5 2 19
68 40 7 3 107
68 102 4 5 2071
40 41 8 1 8
40 81 1 3 22
102 50 9 10 360665359
50 51 5 4 360
41 95 9 5 6170
81 146 5 4 422
95 456 3 3 43
95 143 3 5 1469
95 146 7 3 49
146 410 9 7 130157
43 42 2 6 9179
133 130 4 2 18
128 117 1 6 979
128 132 9 5 1329
117 129 8 4 731
117 110 2 4 170
132 130 1 5 146
129 127 2 8 244944
127 44 5 3 81
130 131 10 7 191314
44 45 9 3 154
110 109 3 3 29
110 126 1 7 30086
109 112 1 7 17512
62 49 2 4 179
62 61 2 5 416
48 49 4 9 2071797
75 74 4 6 7085
77 78 3 6 2566
80 79 3 7 45644
92 90 2 4 46
82 83 1 7 6255
83 91 3 4 75
91 90 8 3 135
90 93 1 3 19
93 94 3 4 333
85 84 10 5 6104
84 86 10 5 3871
84 87 9 2 47
86 87 9 6 41530
104 103 9 1 15
148 147 8 5 1720
147 149 1 4 45
150 153 8 4 472
150 151 3 4 220
152 153 1 4 34
398 397 7 3 44
401 402 2 8 411179
401 403 4 6 13057
406 407 2 7 32254
416 407 10 5 2499
413 434 1 6 1507
413 414 9 4 531
433 434 3 6 6627
418 417 8 3 81
419 420 9 6 13632
419 430 5 5 1422
421 422 8 2 35
421 423 2 6 1891
424 425 10 3 115
424 426 8 3 152
424 438 3 8 364183
438 437 4 5 1504
437 439 6 3 115
454 453 4 5 545
454 435 8 1 13
453 455 3 1 5
455 460 2 4 152
435 436 6 3 96
460 463 4 3 31
463 462 10 5 3323
461 462 9 4 913
461 464 1 3 15
464 466 8 4 355
466 467 6 4 338
452 451 10 6 32771
452 440 1 7 7333
451 459 3 4 72
459 473 7 6 8259
440 441 1 6 2688
473 472 8 2 17
442 443 4 8 295119
448 444 5 6 7821
444 445 1 5 132
465 445 2 5 602
465 468 3 6 2997
468 469 9 1 10
469 470 9 6 12744
470 471 7 3 93
447 446 9 4 460
450 449 3 2 15
458 457 1 6 741
476 474 6 5 2165
476 477 9 4 269
474 475 8 7 211045
477 478 8 4 225
479 480 10 4 441
284 177 2 5 716
391 291 5 4 380
397 161 3 7 14802
376 187 5 5 1164
322 42 1 4 90
399 318 2 7 12239
463 89 2 4 147
343 194 5 6 9937
437 265 4 4 245
239 53 6 5 806
411 475 8 5 2466
21 372 8 5 2194
508 449 1 4 48
24 51 10 2 35
54 280 2 7 25818
261 73 7 4 282
2 307 1 5 253
476 36 9 6 18022
374 231 9 3 81
483 72 8 3 65
188 248 1 7 12701
326 346 9 7 349065
458 449 10 5 1559
435 58 1 4 65
225 130 10 5 1769
484 174 10 5 1931
322 33 7 6 31698
369 191 5 3 32
330 20 7 4 432
324 21 7 4 239
18 385 5 8 241593
252 297 2 5 618
7 178 2 2 7
30 43 4 3 25
397 191 2 10 14494677
450 80 4 4 236
458 335 8 4 508
171 48 6 5 1635
485 267 6 5 3726
104 136 10 5 2175
47 507 10 8 2058608
302 429 2 3 16
424 132 9 8 1398029
55 69 7 4 409
81 28 3 6 3989
346 114 10 5 3018
84 284 4 5 477
57 44 7 4 588
112 358 6 4 144
103 252 6 6 15601
202 401 8 4 203
106 343 5 5 1065
297 285 8 3 58
47 27 3 5 609
391 38 6 2 20
292 297 10 4 718
292 334 9 4 396
149 56 10 4 320
56 464 6 6 5977
252 487 5 2 11
491 427 10 4 863
112 439 7 5 944
62 365 6 7 64897
315 75 6 4 232
445 373 2 9 6922194
373 228 3 5 1431
459 103 9 5 3586
5 34 9 5 3649
357 412 3 6 12959
195 208 1 5 126
362 282 6 6 4717
282 132 9 5 1266
292 358 2 5 831
130 16 10 4 553
354 48 3 3 43
329 398 10 4 766
107 143 2 7 32535
302 8 4 5 2559
437 468 4 6 5066
391 24 4 4 360
70 453 4 5 1749
428 250 3 5 1647
427 93 5 2 16
235 500 7 2 17
476 259 6 3 59
140 144 3 3 19
373 167 8 5 3250
413 463 3 6 3506
100 419 6 5 2369
67 49 6 2 27
148 127 4 5 455
227 117 7 6 19787
147 283 10 4 773
464 193 8 4 371
281 305 7 6 9261
168 300 4 7 44947
456 265 6 5 1515
74 34 10 6 8235
228 497 10 3 107
84 178 3 9 3477593
47 339 4 7 49654
137 364 8 3 48
419 487 7 4 377
497 260 7 6 6714
432 171 9 4 921
104 329 10 2 21
16 90 3 6 4268
14 244 8 6 6012
56 483 1 6 2674
175 2 4 5 493
151 442 9 4 235
372 443 5 4 129
460 285 1 4 27
372 171 3 6 2729
267 357 1 4 94
336 274 8 1 6
235 63 3 6 3206
279 71 9 2 37
251 475 7 4 570
440 88 8 6 16603
169 453 8 1 14
172 264 7 4 243
51 471 10 1 6
503 172 8 2 30
175 199 3 5 630
230 291 10 3 131
16 205 1 5 588
339 82 6 3 62
449 137 4 4 239
119 372 4 3 45
499 126 4 6 16183
485 290 8 4 425
181 127 7 3 44
505 298 7 1 6
290 489 10 2 18
34 249 7 5 1083
179 277 7 7 37430
440 73 7 5 955
343 395 8 1 7
87 478 6 4 567
316 6 9 7 121573
307 144 5 3 60
308 435 5 5 1370
233 510 8 2 29
126 354 10 7 159511
272 162 10 2 36
135 122 7 2 19
365 389 8 5 3276
235 479 5 6 7896
125 110 7 4 714
289 302 3 7 71975
13 387 8 6 9025
345 228 7 5 804
10 105 5 3 32
311 286 6 4 137
126 229 1 5 308
286 221 6 5 3527
171 11 8 5 3177
172 342 8 3 103
245 407 9 2 36
63 188 10 3 83
253 232 6 1 10
435 104 4 3 31
87 138 8 2 32
30 432 6 5 1927
476 53 4 7 20077
107 103 4 9 5315989
409 12 2 6 4599
344 183 4 5 565
440 85 3 5 652
210 133 6 7 36777
45 192 1 4 80
352 234 2 4 129
354 440 7 2 23
28 170 7 1 5
281 2 3 5 1661
361 251 3 3 21
35 364 9 8 1672348
433 81 2 5 314
281 159 1 7 18691
495 148 7 6 6886
316 239 4 7 101960
143 130 5 7 78299
26 136 1 6 2328
424 419 5 2 14
395 202 10 3 168
136 352 6 6 20313
380 360 9 4 672
146 72 9 2 19
424 450 5 5 965
147 425 2 4 115
451 285 9 3 131
195 101 10 5 2788
457 177 1 4 32
81 208 3 3 64
182 200 8 3 109
436 509 4 8 161408
29 18 7 7 57479
149 453 4 5 1219
330 473 1 6 1320
73 53 2 4 123
340 196 1 7 9255
256 444 2 9 1683784
270 428 2 3 22
407 87 6 3 121
346 295 3 4 141
78 410 2 5 393
87 205 2 4 45
331 59 3 5 751
45 83 5 5 583
411 217 2 2 4
262 497 3 2 13
267 226 7 6 6806
456 426 5 6 11753
321 505 2 4 87
479 424 2 5 290
488 420 6 3 39
236 272 1 6 3343
507 217 8 2 36
366 165 7 5 3285
227 338 8 3 56
228 346 7 4 197
488 324 6 7 70154
116 214 4 3 40
499 343 4 4 110
155 118 3 5 1690
480 256 3 6 4124
176 478 8 1 13
375 389 5 4 222
139 438 9 1 8
366 395 4 4 299
42 36 3 5 1362
470 372 6 7 127152
127 490 7 4 176
407 209 1 5 237
455 68 2 5 290
222 99 7 3 46
351 55 6 3 34
418 87 6 3 62
254 89 8 3 46
256 83 2 5 564
225 147 9 5 1593
73 89 5 6 8248
376 270 5 3 94
415 507 4 6 15442
414 382 7 3 85
319 321 9 1 5
257 29 4 6 11011
312 374 9 7 115666
43 150 8 9 7216096
82 423 10 3 162
226 280 6 2 13
125 299 5 6 15332
202 220 6 7 128042
290 116 2 3 29
130 118 10 4 346
358 76 8 2 25
243 500 8 3 60
163 155 1 5 151
445 227 8 4 218
240 177 3 5 350
299 246 9 2 31
347 136 3 4 79
211 323 1 5 194
318 227 6 3 125
174 222 5 3 90
35 492 3 5 1289
441 58 8 3 125
196 346 3 5 1171
511 236 2 4 84
485 390 4 5 2680
104 59 3 6 10946
479 450 6 6 8308
138 5 7 4 612
37 172 9 1 7
138 363 5 5 607
242 4 6 5 2482
482 154 5 5 1390
149 188 9 4 764
99 460 10 5 4684
425 450 6 3 92
357 26 7 5 1039
161 115 3 4 207
381 37 10 1 15
132 19 5 3 99
187 142 2 5 229
491 238 3 6 5700
159 315 2 5 646
210 320 6 4 183
412 304 5 6 5404
455 221 1 7 14125
206 67 2 4 149
49 231 1 5 132
148 56 8 3 136
418 274 2 3 17
101 374 1 4 92
262 368 3 6 2382
508 424 9 5 5859
337 46 2 6 2436
509 305 2 4 48
204 60 5 3 44
96 195 5 2 14
339 139 5 4 238
437 348 2 5 897
121 269 2 6 1672
246 328 5 5 1308
484 17 9 3 80
69 250 8 4 526
402 7 4 5 482
129 389 2 7 58118
119 123 8 6 19472
197 210 10 2 30
363 165 10 3 78
87 5 2 6 2121
221 486 1 4 25
247 221 4 4 240
413 265 5 3 28
111 499 5 4 189
448 258 3 7 38242
49 166 1 7 8408
110 115 5 3 41
26 425 4 2 13
72 204 9 4 524
315 355 5 3 92
189 99 8 6 15048
509 155 1 4 56
483 167 3 2 8
82 471 6 3 70
145 45 5 2 20
297 442 4 3 71
55 250 7 4 527
288 110 10 8 1003546
445 503 10 4 1063
503 235 3 5 748
332 103 1 4 37
489 487 9 3 62
127 123 1 8 40161
358 357 9 7 138561
330 332 5 3 58
501 372 8 5 2327
253 133 10 3 142
78 174 9 2 35
337 445 6 4 347
85 334 4 4 178
498 277 5 5 2675
210 80 6 8 653974
42 223 10 4 998
168 27 6 4 676
160 87 7 4 615
55 270 3 9 1247024
36 223 3 6 11238
314 10 10 6 38138
410 213 9 7 91575
484 485 6 8 333031
309 28 10 2 21
10 219 6 4 242
69 297 10 5 5550
18 402 1 8 48622
457 206 10 5 1572
319 504 5 4 153
401 246 1 5 593
422 501 4 6 8224
26 11 6 7 131710
245 501 2 3 15
211 451 4 6 6392
7 275 9 4 701
293 502 10 5 3474
340 55 3 4 175
385 449 3 4 117
474 142 9 2 20
186 407 3 4 85
116 149 10 6 18946
83 372 7 5 964
228 281 10 8 430215
265 65 4 6 4424
230 241 2 4 55
435 123 7 3 105
288 386 2 6 2387
497 427 3 6 4973
452 23 2 3 33
256 360 4 7 135908
227 132 7 6 32952
352 378 6 4 147
294 84 8 2 31
434 225 8 3 67
26 289 3 3 66
415 461 9 4 430
231 103 8 3 88
58 371 6 8 566679
109 176 7 4 312
445 329 10 3 166
255 165 1 3 10
219 451 6 5 849
162 205 3 3 31
491 62 7 4 164
7 308 4 4 449
18 332 4 7 68368
76 390 1 4 43
197 166 6 4 204
235 507 3 6 5027
116 328 10 3 168
197 207 9 5 3144
109 115 8 4 226
412 293 7 4 413
350 270 2 7 13976
112 330 5 1 7
94 410 4 3 36
244 108 6 3 76
430 322 1 4 61
38 287 6 5 2250
413 145 7 1 11
132 195 10 2 22
366 374 3 6 14465
276 123 8 2 36
72 257 10 5 4163
83 370 2 6 1549
94 1 9 6 22263
125 184 7 6 16990
322 156 7 4 222
427 192 8 4 630
107 214 7 6 14764
399 122 2 6 2320
121 386 3 6 3645
219 414 6 2 17
430 401 5 5 2000
363 468 3 2 10
209 498 7 6 25258
481 116 4 2 13
123 216 3 8 258176
377 330 9 6 19696
450 12 3 3 36
432 20 7 5 2342
470 270 2 4 50
337 139 7 5 2394
301 389 2 10 2299238218
135 200 6 6 12295
159 50 10 2 29
359 397 10 5 1441
33 149 1 4 49
136 288 4 4 279
413 16 2 5 780
463 182 7 3 147
198 105 6 6 18983
49 140 2 6 7433
33 261 1 8 76751
305 456 7 3 53
349 1 7 5 2309
504 327 6 2 29
286 335 7 5 1235
283 48 9 4 445
60 394 6 6 6381
227 316 7 3 82
436 460 6 3 77
88 61 1 7 9022
100 508 6 5 1131
477 260 1 5 158
153 235 7 6 11880
315 224 8 5 1166
418 362 2 4 78
349 509 5 5 3137
35 59 1 10 11049845
77 252 8 1 9
461 97 8 4 661
411 182 6 4 274
509 70 1 6 4635
184 381 8 6 37926
316 475 4 7 24210
199 51 6 5 1274
239 85 4 6 6733
495 137 6 6 13786
178 75 7 4 529
49 269 1 5 439
473 106 9 7 65227
276 111 8 1 5
441 332 7 6 23990
205 450 3 4 96
65 173 4 7 24616
154 383 3 2 11
63 404 1 4 50
171 161 5 5 603
118 224 6 5 1364
435 190 5 2 12
108 470 3 4 161
463 209 4 4 218
147 93 5 3 43
120 408 2 4 49
370 455 6 4 546
238 401 5 5 1453
376 455 2 6 1937
468 266 6 3 87
282 469 2 4 72
200 118 1 5 632
239 435 1 5 383
29 477 2 4 72
183 3 2 6 3451
232 241 5 5 1092
160 491 1 7 28007
384 176 1 4 25
303 407 1 6 765
244 2 10 2 31
90 477 8 5 1167
269 160 2 3 39
9 255 4 3 24
500 323 2 3 15
226 17 3 4 78
162 100 3 2 8
442 354 8 2 33
254 56 8 6 9406
177 70 1 7 13754
283 413 4 6 10845
467 303 8 4 574
506 52 3 6 2533
402 315 7 2 20
44 66 5 4 209
205 376 9 4 915
78 375 9 6 16112
45 468 7 4 352
300 11 1 7 26313
288 143 9 4 369
238 91 5 7 43565
423 101 6 5 1860
159 455 10 3 81
46 77 1 4 45
438 456 5 6 8519
168 438 6 3 122
228 205 6 5 906
60 109 10 5 4733
97 31 9 3 111
56 135 5 7 98762
215 138 3 3 39
305 446 8 3 47
195 390 6 1 10
181 508 2 7 29680
511 454 3 3 64
388 279 10 1 6
13 343 10 5 2601
132 121 4 4 93
420 165 7 5 1942
279 398 3 6 6139
334 466 10 2 31
76 96 7 6 18792
397 429 4 4 226
271 172 8 3 75
297 357 10 5 2093
398 305 9 1 13
266 449 3 5 700
380 322 8 4 695
511 252 10 3 115
412 136 10 7 53495
273 453 3 7 34027
440 111 4 8 436128
88 261 4 4 256
40 321 4 6 17499
221 370 9 3 132
200 348 4 7 101996
141 425 5 5 950
461 442 7 4 408
496 325 7 4 155
504 467 7 3 67
148 320 3 5 759
274 53 7 7 90216
133 312 1 5 125
166 318 4 5 797
326 491 8 5 2554
131 60 9 4 420
336 448 10 3 87
392 136 9 2 27
64 75 8 3 126
211 433 9 3 114
405 393 1 4 34
415 14 4 5 2048
475 69 6 5 3220
125 335 5 7 191457
481 214 9 5 2370
125 1 9 3 75
345 352 4 6 3497
511 191 2 5 974
398 405 3 5 1722
204 231 10 6 13665
61 220 3 3 44
359 498 10 3 203
413 159 3 3 21
4 62 4 4 308
458 351 8 6 23018
218 325 5 5 2022
184 488 3 5 790
131 327 2 7 11376
29 210 10 1 10
74 138 8 5 1930
48 333 5 5 1100
110 339 6 4 290
408 186 10 4 604
340 441 10 4 611
251 446 9 7 140726
31 254 1 6 2065
336 79 5 3 71
111 375 8 1 14
199 351 7 2 23
258 429 4 4 95
503 484 6 2 18
152 452 9 3 82
247 166 5 3 41
460 442 2 4 190
81 489 5 3 32
91 476 1 5 195
202 449 6 5 2625
137 230 9 2 17
147 127 4 7 20118
229 424 5 6 7055
462 27 9 4 940
387 140 5 10 21731470
322 160 5 4 438
177 218 5 3 64
53 275 9 4 788
268 37 7 4 558
330 88 1 5 447
107 462 9 5 3190
508 252 1 6 816
343 78 6 4 233
385 88 10 2 23
403 66 3 3 18
424 490 3 5 344
266 293 1 4 30
177 182 4 4 384
149 4 4 10 14571943
423 324 9 4 285
504 180 2 4 77
457 115 6 6 8351
493 85 1 9 1290465
257 240 7 4 230
470 36 7 2 20
179 507 3 5 916
473 504 4 4 272
125 304 5 6 10767
363 434 2 4 194
175 87 9 6 11597
183 464 9 4 937
186 482 1 7 5628
146 458 8 5 2041
51 209 4 5 1217
413 464 6 5 4167
331 130 4 4 322
194 161 2 9 1884260
345 204 2 3 26
342 194 1 3 7
10 115 7 2 21
160 432 4 3 81
215 229 7 3 107
484 191 8 5 984
41 250 3 6 12846
339 86 3 4 72
244 91 9 1 6
61 236 10 4 480
190 394 1 4 77
125 6 6 5 2134
508 205 8 4 247
248 408 6 5 2505
411 280 8 3 54
262 392 4 5 1256
400 392 3 4 73
386 265 4 7 43703
174 34 8 4 245
96 121 9 6 10637
263 96 2 5 304
410 447 5 6 4340
306 460 1 5 233
191 279 3 4 174
35 83 7 4 733
192 242 8 6 12440
369 247 9 3 138
350 153 2 3 35
479 274 2 5 1354
26 418 5 3 58
301 269 6 3 97
390 181 3 4 208
316 65 2 4 162
85 146 7 3 65
356 361 3 5 871
241 163 4 2 11
284 239 8 5 930
364 384 9 6 6400
70 284 7 7 82960
248 479 1 8 51341
483 142 7 6 24449
38 189 1 3 17
407 298 10 6 25822
285 240 2 5 626
22 131 3 1 5
427 98 4 2 11
293 274 7 3 70
119 489 4 2 12
332 489 5 7 24795
283 245 10 3 61
358 491 10 6 36035
283 272 5 7 45084
162 72 3 5 1572
207 259 8 2 27
246 89 1 5 427
359 59 9 3 63
71 492 4 5 1169
39 234 7 3 130
297 212 2 9 2117310
256 326 10 4 402
400 423 3 2 11
418 165 4 5 547
461 334 8 6 6249
451 500 1 6 4840
63 480 7 2 18
276 339 10 3 64
141 172 10 4 502
299 64 8 5 2942
93 402 1 7 23154
90 165 1 4 66
433 169 9 3 125
445 468 9 5 5768
367 36 2 3 22
375 508 3 4 143
225 288 9 4 682
82 296 7 6 5013
156 481 8 5 3049
366 8 8 2 34
100 420 5 2 18
264 109 6 2 28
92 14 6 2 21
134 35 7 1 7
414 441 10 6 20084
187 57 7 4 784
42 133 5 4 161
473 266 9 2 18
458 119 7 5 2184
192 360 9 5 5604
94 81 1 6 805
216 13 4 2 15
76 173 4 6 17496
120 454 2 8 227145
343 60 10 3 144
192 460 8 4 384
184 465 5 8 480882
69 61 4 9 1820938
487 247 5 5 1606
266 308 3 6 3879
423 257 4 5 967
421 192 6 3 50
143 98 9 3 178
89 380 10 6 10300
228 398 3 5 342
312 208 10 4 354
51 506 6 3 52
373 53 9 3 103
494 121 7 3 50
329 228 8 8 448656
86 229 2 4 91
476 119 1 8 65101
76 148 4 7 21809
58 21 6 5 2386
443 33 5 7 152934
233 353 2 4 164
141 25 6 2 21
195 58 6 5 2276
287 178 6 6 19224
181 421 10 5 1763
419 33 6 5 1144
386 116 3 5 422
163 39 4 6 3176
185 33 4 6 10469
185 471 4 8 293179
186 5 9 4 246
452 308 9 2 40
382 35 7 6 6800
172 211 10 6 11305
260 59 10 4 249
333 111 7 6 8806
57 59 1 7 18715
202 115 6 7 121850
141 195 4 4 253
510 426 2 6 5993
444 365 10 2 43
39 406 9 4 207
115 421 8 2 33
317 45 4 5 1320
161 54 6 4 214
459 283 9 6 24584
299 249 1 6 1773
3 507 5 7 30239
229 428 1 6 875
29 73 2 5 411
330 30 3 4 146
398 118 5 5 1529
223 402 5 3 45
158 29 10 4 588
235 346 6 6 10276
361 212 4 5 1497
112 326 2 3 11
345 235 6 4 372
358 223 4 4 308
86 283 6 4 271
467 161 7 2 15
473 223 6 4 195
29 209 3 3 32
376 243 1 6 2837
72 50 1 2 3
349 439 8 6 28795
308 170 3 4 290
140 271 10 6 25942
279 3 9 5 1123
207 34 7 4 374
32 332 10 1 11
149 170 3 5 991
183 54 1 3 10
325 171 4 5 1062
91 163 3 6 3386
40 473 9 2 18
363 384 5 5 1639
268 451 8 3 107
399 15 3 4 179
356 368 2 3 30
486 70 9 3 61
105 340 10 6 12377
435 24 9 4 343
508 242 7 4 773
417 254 10 3 189
386 441 7 5 4038
89 423 9 1 5
390 24 2 5 391
504 122 7 4 517
186 208 3 7 16307
70 485 5 2 15
165 337 6 6 5668
18 30 8 6 5958
169 36 8 3 119
212 392 6 5 807
248 453 9 2 36
169 310 1 6 959
495 378 1 4 31
241 469 8 3 82
179 231 5 3 58
119 322 8 2 23
411 311 8 7 303736
227 258 6 4 457
160 45 2 8 517245
463 202 10 4 561
208 153 1 3 9
140 420 6 4 668
198 185 1 5 524
154 510 9 3 118
314 121 7 2 25
251 401 4 7 105002
100 409 3 4 159
112 412 2 10 8325629
28 505 10 3 144
296 137 8 5 2165
495 323 10 4 885
43 180 2 4 73
159 171 7 2 34
109 281 6 5 1741
232 145 10 3 81
381 27 2 3 31
140 401 5 3 95
103 320 1 7 19474
86 459 10 2 21
489 382 2 3 25
185 52 8 7 76373
127 172 2 6 1450
456 357 3 2 10
355 326 6 7 68372
9 219 10 4 262
160 508 5 1 6
303 177 6 3 43
463 456 9 5 1080
163 224 8 7 127364
233 28 6 6 8510
142 354 3 4 214
269 336 3 3 66
258 44 2 5 347
341 396 1 2 5
436 81 10 1 16
232 130 5 3 33
60 340 6 3 107
145 318 1 7 22889
487 498 8 7 52085
165 470 3 3 32
123 193 6 1 6
128 495 8 2 36
465 349 4 5 551
146 365 6 5 1503
425 335 3 6 3690
425 197 4 5 763
9 241 8 3 116
128 424 2 3 12
140 125 7 4 424
143 503 1 6 1578
109 200 8 4 852
100 10 2 4 111
358 496 8 4 224
42 454 4 5 1482
463 107 7 5 2610
239 177 3 6 2135
511 267 5 5 3426
498 163 4 3 35
281 392 5 5 880
436 508 7 3 106
270 121 9 4 322
289 495 1 5 185
327 260 1 6 888
288 510 10 3 59
13 86 5 5 3181
484 104 10 3 77
76 320 1 7 17326
34 270 3 6 3113
417 262 3 3 42
339 117 8 3 96
310 380 8 3 98
112 259 10 2 30
26 406 6 4 191
255 223 4 4 392
45 291 8 7 78181
225 344 3 5 1338
440 106 8 4 286
143 484 7 4 319
354 419 4 4 237
419 206 4 3 74
119 339 3 3 30
226 436 7 3 111
439 497 9 4 258
194 26 2 4 120
100 262 10 4 547
77 56 3 5 587
391 338 8 6 6665
197 35 4 3 74
505 417 10 4 556
508 260 1 5 161
134 480 1 4 41
209 492 10 2 25
463 286 2 5 1186
121 55 5 5 1900
94 58 10 4 461
174 474 10 7 53161
131 54 5 4 141
164 145 10 3 107
288 487 3 2 11
310 363 1 7 9415
79 402 6 3 66
178 332 2 5 515
3 218 6 8 316932
70 382 2 6 1716
331 321 7 5 2213
357 509 4 3 33
187 274 8 6 17022
179 105 3 3 45
292 415 9 4 329
153 385 9 6 37945
98 383 5 5 599
250 191 3 4 69
80 417 3 4 268
165 178 9 3 122
296 247 8 4 334
66 366 7 2 36
185 205 3 7 16285
39 301 2 5 1165
495 509 2 4 114
324 396 8 4 379
484 215 6 5 2072
461 40 10 1 13
468 365 1 4 30
421 91 1 2 5
478 225 3 8 857170
259 305 4 3 86
64 82 1 4 38
357 475 1 4 56
89 270 2 7 29020
296 90 5 4 398
428 311 1 6 2178
473 126 5 3 62
348 165 9 6 9811
245 192 7 6 6849
53 264 8 7 115961
252 453 2 6 4616
13 167 4 5 1382
245 367 6 4 153
65 488 2 5 1028
178 501 4 5 1146
55 321 1 4 94
217 504 2 3 14
280 176 7 4 270
472 426 5 5 2325
260 434 8 5 966
54 13 6 5 2844
118 10 2 2 4
164 315 7 6 5464
203 425 2 8 146937
460 428 8 4 180
106 164 8 7 297157
342 261 9 3 139
343 26 6 6 5001
188 194 7 3 119
501 128 5 8 475575
265 301 9 3 85
106 340 10 3 168
449 100 5 5 592
25 280 2 7 41444
