8531 1.641323445432906e-07 
376 1.306404328764156e-05 
3763 3.5779224027976397e-10 
8516 3.925213876154743e-09 
1799 1.1185925682727013e-07 
8299 1.3900954344905903e-07 
1767 7.434464489690373e-08 
4433 4.3601255939051953e-10 
9699 8.6333065816061e-07 
7582 3.0151844992234566e-05 
2409 1.516732704368712e-05 
3346 2.388972904734726e-06 
5627 9.812541119087574e-07 
6614 6.043979413998535e-08 
7158 7.473573643713288e-08 
6327 1.9506291104512538e-06 
7983 5.500289247263877e-05 
2993 1.3972239941862502e-07 
7978 5.530476253705861e-07 
2712 2.8683098972359655e-08 
6548 2.014996280021858e-07 
7728 3.1481754170573084e-08 
5524 4.244165019429147e-10 
7110 1.641615270790188e-07 
3268 3.956364133701762e-08 
5167 3.0429566914846884e-08 
4981 1.582638849329578e-05 
3527 1.080742849962949e-06 
3598 4.147862559872892e-06 
6978 0.0002391670640599586 
5136 4.883133092846437e-08 
7865 3.3570370479513514e-07 
3970 5.453856534529816e-07 
2365 7.296236203147705e-08 
1205 1.4750793597001488e-08 
901 1.4477526962767412e-07 
8509 1.4270614211164823e-08 
2597 1.9924589238348375e-07 
5599 1.6585843611157877e-07 
7054 2.0219379577666178e-05 
