1 2 2 4 51
1 47 6 5 1657
2 31 1 3 7
2 35 8 7 84052
2 406 6 5 2074
3 4 3 6 4011
3 5 3 5 399
3 26 4 5 752
5 57 9 5 2769
15 16 10 4 587
15 36 3 4 98
16 25 3 3 50
17 18 3 6 12840
17 36 1 7 24442
18 33 6 5 2050
19 20 3 7 117465
19 21 8 4 250
20 142 2 5 1193
20 148 8 5 2804
21 22 2 7 32237
22 23 5 4 386
23 24 3 6 11090
24 25 3 7 43413
24 28 10 3 194
26 27 8 6 10113
27 29 9 3 123
27 30 5 6 14605
28 29 1 6 3788
31 33 2 3 20
32 33 2 6 6063
32 34 8 5 3167
32 69 5 7 170914
34 35 10 8 1462629
34 73 6 2 25
36 37 6 3 131
36 75 2 4 70
37 52 9 5 5827
37 43 6 5 875
46 47 1 4 85
47 448 9 3 89
52 67 6 7 35521
53 54 5 5 1619
53 59 10 2 37
53 418 8 2 26
54 163 1 6 2069
55 56 9 7 338079
55 59 2 3 27
56 57 2 8 269760
56 66 1 6 3861
58 59 11 9 22671887
58 60 1 5 585
58 199 8 3 66
58 458 7 2 23
60 63 5 5 1059
63 225 4 3 39
64 65 1 5 488
64 66 10 4 303
65 67 8 4 294
69 70 4 4 175
70 71 1 8 249860
71 101 7 4 302
72 73 7 5 2298
72 101 1 5 455
73 76 1 8 114882
73 77 1 5 303
96 97 9 5 1672
96 111 1 6 3258
97 101 8 4 734
98 99 1 8 270405
98 100 6 7 168726
99 138 10 4 458
100 116 4 7 24957
105 106 7 4 380
105 111 3 5 867
106 107 8 3 79
107 108 4 7 85157
111 114 3 4 142
113 114 5 5 617
113 116 5 3 31
115 116 1 6 1625
115 409 5 6 18335
118 119 1 5 146
119 138 7 5 1238
120 121 8 3 152
120 122 3 6 13215
120 304 2 5 368
121 296 1 8 165827
122 123 1 7 5948
122 124 6 4 626
124 125 10 7 100295
134 135 7 6 12489
134 332 1 6 4436
135 136 1 4 56
135 137 10 7 68929
137 139 1 5 448
139 140 1 7 10612
139 141 5 6 6078
139 399 7 5 823
141 400 2 5 948
154 155 2 4 51
154 156 7 3 90
154 172 4 5 2552
155 168 10 4 438
156 157 1 5 487
156 171 5 3 74
157 158 5 6 12650
158 159 1 9 1377080
158 177 6 2 22
159 160 7 4 322
159 161 10 2 39
159 196 4 5 1202
161 162 9 9 7700617
161 197 10 5 5564
163 164 6 3 119
164 165 5 3 85
165 166 8 6 32787
165 104 6 4 509
166 167 8 5 1403
167 168 9 6 12039
169 170 6 3 53
169 171 4 5 1274
169 174 9 5 4856
170 172 3 7 87981
170 173 3 5 1354
170 419 2 5 1034
171 178 2 5 1174
173 174 5 6 4574
174 179 3 3 52
175 176 10 6 13178
176 214 5 5 2849
177 178 10 5 3944
177 191 3 2 8
178 421 5 6 4557
179 192 8 6 7122
180 181 9 4 445
180 208 1 5 138
181 192 4 3 88
182 183 9 7 44601
182 184 2 5 300
184 185 2 6 5784
184 208 10 5 1385
185 186 7 6 8399
185 207 6 2 12
186 187 5 5 620
186 230 10 3 139
187 188 5 4 543
187 193 7 5 1008
188 189 1 3 21
188 191 7 6 16617
189 190 4 4 362
189 191 2 5 547
193 194 1 7 8118
193 217 1 4 109
194 195 4 4 207
194 217 10 5 5588
195 196 3 3 21
195 216 1 6 1719
196 197 5 4 311
196 476 2 4 98
197 216 7 5 3276
198 199 4 7 38979
198 221 5 7 125680
199 200 4 5 824
200 10 7 5 2291
201 202 2 5 522
201 203 1 5 590
201 351 10 6 30442
202 213 7 2 32
203 204 6 5 1719
203 205 9 4 501
205 206 9 3 154
205 231 9 3 176
205 360 1 6 1366
206 207 10 5 1811
206 232 9 5 1987
207 233 6 3 62
208 209 8 6 27929
210 211 7 6 14201
210 212 1 5 215
211 215 3 6 8869
212 213 8 4 746
212 342 3 6 8033
213 340 10 6 22458
214 215 5 6 9484
216 219 3 6 4187
217 218 8 1 9
218 222 8 8 1398347
219 220 10 4 224
220 221 6 2 20
220 222 2 6 1793
222 226 10 1 7
223 224 9 6 16812
223 225 4 4 179
223 7 8 4 618
224 229 4 2 10
227 228 3 8 633288
227 229 8 5 1033
227 272 3 5 2039
228 230 9 6 18152
229 401 3 6 14191
231 281 10 8 416925
232 265 4 5 2249
233 264 3 5 1218
233 150 9 3 103
234 235 10 3 56
234 278 2 6 1533
236 237 7 5 1979
236 280 7 7 52210
237 238 1 4 47
237 239 8 5 1387
239 240 8 4 203
240 241 1 7 30134
241 243 6 4 486
241 442 9 4 747
242 243 6 5 2601
242 244 4 3 36
242 314 9 4 441
242 80 5 5 960
243 293 10 5 5579
244 247 10 4 461
245 246 7 3 78
245 247 8 4 344
247 248 2 7 46627
248 249 10 3 150
249 250 10 5 1290
249 312 5 5 682
250 251 9 6 9594
250 321 5 7 49855
251 252 6 7 29909
252 253 7 3 48
252 327 10 6 13810
252 301 4 6 6136
253 254 4 3 65
253 277 10 1 4
253 266 9 4 210
254 255 10 3 107
254 256 6 4 318
256 257 10 2 52
257 258 7 5 1449
257 259 9 4 325
260 261 10 3 73
260 262 1 10 4011572
260 263 5 4 513
263 264 5 4 363
263 479 6 9 2184182
266 267 2 5 895
267 268 3 7 16383
267 299 5 7 40919
268 269 6 4 446
269 270 3 4 211
269 294 10 3 129
270 271 1 8 49484
271 295 2 4 72
271 133 6 1 7
272 273 2 5 277
272 274 4 5 637
274 275 1 6 2518
275 276 5 5 2038
275 277 2 6 3782
275 291 7 5 1025
278 279 3 4 310
278 282 3 6 2306
279 280 5 4 504
280 287 6 4 244
281 289 4 3 34
282 288 7 4 258
283 284 4 5 727
283 285 8 5 1511
283 305 2 7 18130
284 290 9 8 616292
284 365 2 5 950
285 286 10 1 16
285 306 7 4 342
286 287 5 2 25
286 306 2 5 333
286 452 5 2 13
287 293 8 6 6392
288 289 8 3 122
289 290 10 8 493339
291 292 9 9 3940039
297 298 5 4 236
297 454 3 6 4391
298 299 8 4 608
300 301 5 1 3
300 302 10 6 30327
302 303 3 5 1151
302 304 10 6 10532
302 330 10 6 8866
305 306 7 5 797
305 308 1 6 2701
306 308 1 9 1011364
307 308 10 6 37966
307 309 3 7 19886
309 310 4 4 362
309 338 2 6 2797
309 379 10 5 1397
310 311 9 8 2330518
310 85 9 4 623
311 312 10 5 3197
313 314 7 5 1462
315 316 3 5 911
315 317 9 2 23
315 499 7 8 798931
316 334 8 4 424
316 398 3 6 3564
317 318 10 4 331
317 503 3 6 11303
318 319 6 3 35
318 502 3 4 339
318 510 1 6 727
319 320 10 6 28517
320 333 3 5 1959
321 322 4 6 12280
322 323 2 5 572
322 325 3 6 6190
322 333 6 7 31555
323 324 7 3 99
325 326 2 8 163732
326 328 4 3 24
327 328 4 4 429
328 329 8 1 6
328 495 8 6 36571
329 330 10 4 670
329 331 1 7 23173
331 332 5 8 893862
331 489 8 6 16475
332 481 8 4 346
333 493 1 7 23293
334 335 3 3 39
336 337 4 6 8076
336 500 9 4 582
337 338 3 3 33
337 382 5 5 691
338 339 7 1 6
338 377 4 4 180
340 341 2 4 104
340 349 5 4 446
340 354 2 6 1955
341 343 4 5 1500
342 343 8 5 2242
344 345 7 4 493
344 346 3 8 448078
344 385 8 8 2030759
346 347 3 7 38349
347 348 6 7 223537
347 387 7 5 1660
348 349 10 5 4574
348 386 4 4 354
350 351 6 5 1258
350 359 8 4 526
350 13 1 7 15497
351 352 3 7 33319
352 353 7 3 55
352 356 10 4 982
353 354 6 6 27329
354 355 8 4 474
355 356 1 4 58
356 357 3 4 151
358 359 2 6 2630
358 361 7 4 263
358 362 7 6 6062
358 360 6 3 64
358 92 3 4 328
360 413 10 2 35
361 388 8 2 41
362 367 2 6 1837
363 364 5 3 33
363 365 4 7 66386
363 370 5 5 2530
364 395 5 2 14
365 366 1 4 75
365 371 2 4 78
366 144 5 6 9479
367 368 5 7 91225
367 369 3 8 218190
370 380 10 5 2375
371 372 2 5 377
371 373 4 9 1780805
371 374 7 8 487618
375 376 4 7 32570
375 383 10 3 81
376 384 7 7 47145
377 378 7 7 37633
377 381 3 2 9
378 384 10 4 251
381 383 7 7 69850
382 496 9 6 6264
383 384 9 4 265
388 389 9 4 700
388 392 3 8 294423
389 390 7 5 1689
390 391 8 5 4892
392 393 6 2 28
392 394 4 5 2691
395 396 9 3 116
399 411 4 6 8295
400 405 1 9 1236255
404 405 9 5 4827
404 412 8 7 181397
405 89 5 2 25
408 409 7 8 785896
411 412 7 3 105
411 415 3 8 197864
411 482 6 5 1034
412 415 4 8 486142
415 427 4 2 19
415 487 4 6 6447
427 428 6 5 2052
427 431 4 5 610
427 487 4 4 168
427 424 3 7 40292
428 429 8 6 34279
428 432 3 6 12211
481 482 4 6 4413
482 488 5 6 21557
483 484 3 7 34283
483 485 1 6 2171
484 492 10 6 7786
485 486 6 8 344946
486 487 9 2 23
489 490 3 8 152415
490 491 10 5 1487
490 492 7 6 18222
493 508 9 3 102
494 495 3 5 667
494 507 3 3 36
496 497 9 4 258
496 62 6 5 1987
497 498 4 6 7128
497 499 7 4 355
499 501 7 5 1484
501 447 5 3 86
502 511 3 6 3860
503 450 2 7 32098
504 505 1 6 2444
504 506 3 4 86
505 508 8 5 2183
505 509 10 6 31686
506 507 10 3 91
509 510 10 4 438
509 511 1 5 402
7 8 6 8 512024
7 6 5 6 4456
10 9 9 6 10944
10 11 2 5 835
13 12 7 7 66116
12 14 6 3 101
144 38 10 5 2503
144 145 4 5 1664
38 39 8 5 4206
89 68 1 6 1902
89 88 10 5 3442
68 40 5 6 3995
68 102 1 7 13046
40 41 1 6 3062
40 81 6 7 48528
102 50 10 5 2163
50 51 3 5 2057
41 95 3 6 8052
81 146 4 6 4585
95 456 8 5 4091
95 143 6 3 44
95 146 9 7 73877
146 410 9 6 32599
43 42 10 8 635740
133 130 4 10 32673887
128 117 8 7 56837
128 132 5 5 1318
117 129 2 6 2167
117 110 7 6 12232
132 130 7 7 231762
129 127 5 4 203
127 44 8 3 152
130 131 9 5 3580
44 45 2 5 867
110 109 1 6 1013
110 126 2 3 17
109 112 9 9 4309406
62 49 2 4 136
62 61 8 6 27525
48 49 7 7 208727
75 74 2 8 240510
77 78 3 4 190
80 79 1 10 3795670
92 90 8 5 2804
82 83 2 3 39
83 91 3 4 122
91 90 7 5 833
90 93 8 4 538
93 94 2 7 12862
85 84 8 4 587
84 86 4 6 4432
84 87 5 4 113
86 87 5 6 10905
104 103 6 6 5267
148 147 10 7 146237
147 149 9 6 10624
150 153 7 3 74
150 151 10 4 333
152 153 6 3 32
398 397 3 4 69
401 402 6 4 188
401 403 3 7 54912
406 407 1 9 478985
416 407 4 4 188
413 434 4 6 14701
413 414 1 5 425
433 434 10 6 9487
418 417 2 6 9053
419 420 10 4 827
419 430 4 7 35069
421 422 4 4 129
421 423 2 4 87
424 425 5 3 84
424 426 9 5 1783
424 438 1 6 1308
438 437 8 6 19212
437 439 2 3 29
454 453 8 6 21106
454 435 10 6 37112
453 455 4 5 598
455 460 5 7 116487
435 436 7 2 37
460 463 1 5 328
463 462 3 7 51288
461 462 1 4 68
461 464 7 4 400
464 466 9 3 81
466 467 7 6 20425
452 451 3 5 1552
452 440 5 5 1443
451 459 6 7 29653
459 473 2 7 64772
440 441 8 2 42
473 472 2 3 35
442 443 9 5 2671
448 444 10 4 234
444 445 9 4 278
465 445 10 6 9514
465 468 10 2 30
468 469 7 7 46086
469 470 8 3 72
470 471 5 5 1049
447 446 1 6 1772
450 449 1 8 136860
458 457 3 5 386
476 474 4 5 539
476 477 10 5 2089
474 475 5 3 54
477 478 1 6 1032
479 480 1 5 203
284 177 5 7 78266
391 291 10 5 2122
397 161 1 6 763
376 187 1 4 52
322 42 2 7 69157
399 318 5 2 10
463 89 3 8 328037
343 194 6 4 532
437 265 10 8 688649
239 53 8 7 43438
411 475 4 6 9221
21 372 3 5 478
508 449 3 7 35668
24 51 8 4 732
54 280 9 5 4463
261 73 8 4 372
2 307 7 3 38
476 36 10 3 167
374 231 3 5 491
483 72 8 5 1362
188 248 2 6 3530
326 346 1 7 5265
458 449 6 5 802
435 58 5 5 825
225 130 1 7 6707
484 174 7 4 403
322 33 9 3 157
369 191 1 6 3441
330 20 6 8 823436
324 21 7 6 30515
18 385 7 5 1074
252 297 6 7 35044
7 178 8 4 285
30 43 8 9 3309538
397 191 6 3 128
450 80 4 4 425
458 335 8 5 1280
171 48 7 5 1394
485 267 1 5 135
104 136 10 2 36
47 507 8 4 704
302 429 5 4 130
424 132 7 5 1090
55 69 9 3 163
81 28 2 4 144
346 114 10 5 6095
84 284 1 6 1572
57 44 6 5 1354
112 358 5 6 3769
103 252 4 4 216
202 401 3 5 342
106 343 9 3 167
297 285 7 1 6
47 27 7 1 7
391 38 4 6 13614
292 297 3 4 302
292 334 4 7 40734
149 56 9 5 4456
56 464 1 5 156
252 487 9 5 1385
491 427 5 7 33161
112 439 9 2 47
62 365 8 6 22546
315 75 6 3 117
445 373 5 6 13791
373 228 5 5 642
459 103 9 4 257
5 34 4 3 44
357 412 9 7 180818
195 208 6 7 59330
362 282 4 3 65
282 132 6 5 2908
292 358 4 4 316
130 16 2 4 62
354 48 4 5 535
329 398 1 8 106262
107 143 8 7 220474
302 8 7 3 114
437 468 4 7 25343
391 24 9 6 40802
70 453 1 7 28600
428 250 3 6 9880
427 93 2 3 41
235 500 4 9 2169280
476 259 4 3 80
140 144 1 5 633
373 167 3 6 4409
413 463 10 4 298
100 419 3 9 1202092
67 49 9 2 35
148 127 5 7 33488
227 117 4 5 2116
147 283 5 9 2906583
464 193 9 4 314
281 305 3 4 175
168 300 2 5 260
456 265 4 4 328
74 34 8 4 344
228 497 2 5 274
84 178 2 5 239
47 339 4 7 62922
137 364 3 7 33418
419 487 9 4 247
497 260 1 7 6174
432 171 3 5 437
104 329 10 4 531
16 90 1 6 1477
14 244 10 6 40060
56 483 5 6 4252
175 2 5 3 33
151 442 3 6 4859
372 443 2 7 13791
460 285 8 4 390
372 171 1 4 24
267 357 8 6 16086
336 274 2 6 3156
235 63 6 4 301
279 71 5 7 77201
251 475 10 4 457
440 88 2 5 546
169 453 9 3 146
172 264 8 3 166
51 471 10 3 116
503 172 2 5 1158
175 199 3 8 697010
230 291 8 8 526200
16 205 6 5 4129
339 82 2 7 13111
449 137 4 6 18040
119 372 3 6 8177
499 126 5 7 63842
485 290 7 7 34639
181 127 5 4 317
505 298 5 5 771
290 489 7 5 3428
34 249 6 6 8772
179 277 3 5 1056
440 73 9 2 19
343 395 1 6 784
87 478 5 2 20
316 6 10 5 4244
307 144 6 7 151128
308 435 8 5 1059
233 510 1 6 1075
126 354 6 8 268418
272 162 3 4 73
135 122 6 5 2200
365 389 9 1 13
235 479 3 4 99
125 110 7 5 1777
289 302 10 3 103
13 387 6 2 13
345 228 6 6 11419
10 105 9 6 9857
311 286 9 6 15415
126 229 2 6 9074
286 221 1 5 133
171 11 4 3 23
172 342 5 3 96
245 407 10 2 41
63 188 5 5 2678
253 232 4 4 137
435 104 10 3 59
87 138 4 4 429
30 432 3 4 156
476 53 1 7 5020
107 103 1 6 824
409 12 5 4 310
344 183 3 6 2610
440 85 9 3 181
210 133 7 6 14204
45 192 4 5 2151
352 234 3 5 653
354 440 9 5 2863
28 170 3 6 3086
281 2 5 5 2542
361 251 2 6 2349
35 364 10 3 56
433 81 7 3 57
281 159 10 7 52242
495 148 8 5 1519
316 239 5 6 5216
143 130 10 6 9067
26 136 2 9 2518917
424 419 7 5 1697
395 202 6 5 4075
136 352 9 5 1845
380 360 6 3 46
146 72 8 6 8879
424 450 7 7 277484
147 425 10 3 55
451 285 1 6 4344
195 101 4 5 1206
457 177 8 7 84723
81 208 10 5 1476
182 200 7 4 163
436 509 9 1 14
29 18 3 3 51
149 453 2 5 350
330 473 6 7 192763
73 53 4 5 680
340 196 3 7 80549
256 444 5 7 122172
270 428 5 5 2460
407 87 8 6 15789
346 295 1 6 2835
78 410 1 6 3561
87 205 5 5 1121
331 59 1 8 166139
45 83 3 5 467
411 217 2 4 87
262 497 1 6 1346
267 226 5 7 31639
456 426 3 6 12445
321 505 10 3 139
479 424 10 5 5112
488 420 2 5 991
236 272 3 6 6248
507 217 7 5 1267
366 165 10 3 164
227 338 1 3 12
228 346 9 3 157
488 324 3 2 7
116 214 3 4 210
499 343 4 5 1161
155 118 9 7 46163
480 256 2 6 2400
176 478 9 5 2317
375 389 2 5 904
139 438 5 6 18970
366 395 4 4 353
42 36 8 5 3611
470 372 5 3 99
127 490 10 4 416
407 209 8 3 55
455 68 6 5 1579
222 99 3 4 275
351 55 7 6 5883
418 87 8 5 1166
254 89 10 5 1972
256 83 5 5 1410
225 147 10 2 32
73 89 7 4 750
376 270 7 4 207
415 507 6 4 188
414 382 3 5 756
319 321 4 5 641
257 29 3 5 680
312 374 7 4 201
43 150 5 5 2232
82 423 4 5 1062
226 280 1 4 97
125 299 1 7 9429
202 220 4 4 233
290 116 10 6 8364
130 118 2 5 851
358 76 1 8 332190
243 500 1 5 228
163 155 6 4 444
445 227 3 6 2525
240 177 10 3 168
299 246 7 3 57
347 136 8 3 92
211 323 1 6 3075
318 227 10 5 1321
174 222 2 5 784
35 492 2 5 283
441 58 1 4 40
196 346 10 3 62
511 236 3 6 3961
485 390 7 5 1925
104 59 7 7 41946
479 450 9 3 69
138 5 1 4 79
37 172 10 4 241
138 363 9 5 1532
242 4 5 4 215
482 154 8 3 137
149 188 3 5 466
99 460 4 7 22278
425 450 8 5 2439
357 26 7 5 3627
161 115 1 5 565
381 37 1 5 474
132 19 2 7 14487
187 142 5 6 8350
491 238 6 4 236
159 315 7 5 846
210 320 8 4 510
412 304 4 6 4000
455 221 10 2 52
206 67 6 6 29426
49 231 1 8 166258
148 56 6 7 137982
418 274 5 6 3949
101 374 3 4 141
262 368 7 5 3607
508 424 7 2 15
337 46 4 7 131452
509 305 7 3 39
204 60 9 5 3086
96 195 4 5 499
339 139 3 3 55
437 348 2 4 190
121 269 5 3 57
246 328 3 8 145467
484 17 10 3 169
69 250 1 6 811
402 7 8 5 2642
129 389 1 5 246
119 123 5 4 269
197 210 1 6 2832
363 165 4 3 47
87 5 8 6 9253
221 486 5 3 73
247 221 1 9 494262
413 265 8 6 14363
111 499 4 5 2063
448 258 4 6 4280
49 166 10 6 16524
110 115 4 3 87
26 425 3 6 13115
72 204 9 3 181
315 355 9 6 6825
189 99 4 4 243
509 155 5 5 574
483 167 1 7 17741
82 471 1 5 257
145 45 2 9 3988382
297 442 6 6 18539
55 250 4 7 20958
288 110 9 3 181
445 503 6 3 50
503 235 2 7 12883
332 103 5 4 441
489 487 8 5 3229
127 123 10 5 3332
358 357 9 6 43371
330 332 5 4 134
501 372 8 5 5079
253 133 10 4 1044
78 174 5 6 21765
337 445 6 6 11419
85 334 4 4 248
498 277 10 3 59
210 80 10 7 62377
42 223 7 4 179
168 27 3 6 12300
160 87 1 7 18685
55 270 5 6 19551
36 223 6 7 37250
314 10 2 6 4704
410 213 2 5 278
484 485 5 2 12
309 28 8 4 562
10 219 10 1 17
69 297 9 4 617
18 402 7 6 11375
457 206 1 6 4694
319 504 6 7 106318
401 246 7 7 80918
422 501 3 5 1419
26 11 8 3 82
245 501 1 6 1550
211 451 10 6 36885
7 275 2 5 239
293 502 4 6 9945
340 55 2 7 43442
385 449 5 7 60019
474 142 10 5 1577
186 407 10 4 1014
116 149 1 8 40338
83 372 6 4 191
228 281 4 9 2269060
265 65 8 5 1112
230 241 10 3 67
435 123 5 3 90
288 386 7 6 26059
497 427 10 4 278
452 23 3 8 403687
256 360 8 7 158727
227 132 2 4 221
352 378 2 7 53624
294 84 1 7 6028
434 225 5 6 9799
26 289 6 7 151351
415 461 3 6 12561
231 103 7 8 465080
58 371 2 8 285790
109 176 6 7 49291
445 329 10 2 33
255 165 7 3 108
219 451 6 4 436
162 205 9 4 608
491 62 9 2 17
7 308 2 7 31474
18 332 5 5 1036
76 390 7 1 11
197 166 1 6 898
235 507 10 4 380
116 328 5 3 48
197 207 3 4 135
109 115 7 3 83
412 293 3 6 2646
350 270 6 6 4361
112 330 3 4 73
94 410 3 3 23
244 108 3 3 28
430 322 4 7 52066
38 287 3 10 133749053
413 145 5 7 102291
132 195 5 4 234
366 374 10 9 13288309
276 123 10 5 3935
72 257 9 6 31654
83 370 8 8 2306146
94 1 2 7 27274
125 184 2 5 303
322 156 7 3 62
427 192 3 6 4458
107 214 10 5 4593
399 122 4 6 4608
121 386 2 8 155086
219 414 8 8 345382
430 401 1 3 6
363 468 7 7 100741
209 498 6 5 1228
481 116 4 7 82909
123 216 2 5 293
377 330 2 7 63356
450 12 6 4 290
432 20 3 4 104
470 270 6 6 9365
337 139 1 4 32
301 389 10 5 6799
135 200 10 3 189
159 50 8 7 96821
359 397 5 5 599
33 149 6 4 447
136 288 6 2 20
413 16 9 3 78
463 182 2 6 3109
198 105 2 6 5068
49 140 5 7 104995
33 261 8 5 4824
305 456 8 2 41
349 1 5 7 32972
504 327 9 5 1643
286 335 1 6 4785
283 48 5 5 641
60 394 3 7 97844
227 316 5 4 152
436 460 9 1 15
88 61 8 5 3345
100 508 3 4 185
477 260 6 5 3189
153 235 3 7 51848
315 224 8 4 307
418 362 7 4 788
349 509 4 6 7260
35 59 4 5 2122
77 252 9 2 33
461 97 10 5 5195
411 182 9 3 89
509 70 4 5 475
184 381 4 6 5059
316 475 3 4 250
199 51 3 4 112
239 85 1 6 3122
495 137 7 5 3257
178 75 4 5 1134
49 269 2 5 435
473 106 8 6 19144
276 111 9 7 237414
441 332 1 8 236487
205 450 2 7 20843
65 173 5 5 1829
154 383 10 5 3193
63 404 4 7 38569
171 161 7 5 1412
118 224 3 5 388
435 190 6 7 169226
108 470 8 9 8557595
463 209 9 4 203
147 93 10 4 276
120 408 2 4 53
370 455 1 7 22796
238 401 4 7 136867
376 455 8 1 10
468 266 7 5 948
282 469 1 9 425810
200 118 5 3 65
239 435 9 5 1709
29 477 1 4 30
183 3 6 4 160
232 241 1 5 281
160 491 2 7 11740
384 176 9 5 1066
303 407 10 5 2592
244 2 1 5 162
90 477 5 4 130
269 160 8 5 1097
9 255 7 4 259
500 323 3 7 60213
226 17 7 8 2411600
162 100 1 7 8533
442 354 3 8 638573
254 56 3 7 22144
177 70 2 4 185
283 413 6 4 309
467 303 10 3 182
506 52 1 4 32
402 315 10 4 912
44 66 3 5 1102
205 376 4 8 302468
78 375 4 7 39007
45 468 10 3 178
300 11 2 5 250
288 143 6 6 19092
238 91 2 8 213090
423 101 9 2 44
159 455 4 5 754
46 77 1 6 1091
438 456 7 6 20220
168 438 4 5 492
228 205 8 6 7851
60 109 1 4 82
97 31 1 5 398
56 135 3 3 25
215 138 8 7 85688
305 446 8 6 38969
195 390 10 1 8
181 508 4 5 1506
511 454 5 6 23541
388 279 4 5 742
13 343 9 4 344
132 121 4 6 7371
420 165 2 5 233
279 398 5 5 953
334 466 3 7 38162
76 96 3 3 28
397 429 2 5 1211
271 172 2 5 321
297 357 10 3 139
398 305 7 1 4
266 449 2 4 202
380 322 9 4 304
511 252 2 4 114
412 136 3 3 54
273 453 3 2 14
440 111 2 6 3923
88 261 8 4 185
40 321 2 7 70061
221 370 2 6 2238
200 348 2 3 19
141 425 8 7 65595
461 442 4 3 37
496 325 6 8 1315267
504 467 3 4 200
148 320 2 3 37
274 53 9 4 242
133 312 1 4 41
166 318 5 6 14068
326 491 5 7 43333
131 60 6 4 135
336 448 7 2 13
392 136 1 3 6
64 75 3 5 785
211 433 9 1 14
405 393 1 5 185
415 14 8 7 54826
475 69 9 6 37969
125 335 4 9 9265149
481 214 10 5 5101
125 1 4 5 894
345 352 10 3 104
511 191 7 4 319
398 405 6 5 1941
204 231 2 4 46
61 220 9 7 63272
359 498 9 5 3940
413 159 9 4 404
4 62 2 5 274
458 351 2 6 7457
218 325 6 5 3495
184 488 3 7 46222
131 327 8 5 995
29 210 10 4 692
74 138 8 4 312
48 333 3 6 10952
110 339 2 7 77947
408 186 4 4 433
340 441 7 4 353
251 446 6 4 356
31 254 9 5 3023
336 79 10 7 239354
111 375 2 8 122943
199 351 5 2 18
258 429 5 4 352
503 484 6 5 1473
152 452 1 4 55
247 166 1 6 2639
460 442 4 4 366
81 489 1 6 3882
91 476 1 6 1168
202 449 1 6 735
137 230 2 4 63
147 127 7 5 3643
229 424 3 5 807
462 27 3 7 32489
387 140 10 3 137
322 160 4 5 1540
177 218 5 3 59
53 275 5 5 704
268 37 6 5 3735
330 88 10 5 2158
107 462 9 4 765
508 252 6 4 373
343 78 3 7 34004
385 88 10 6 13571
403 66 2 5 409
424 490 10 4 221
266 293 10 3 125
177 182 7 4 197
149 4 1 4 65
423 324 6 3 71
504 180 7 5 1476
457 115 4 5 1628
493 85 5 6 10437
257 240 8 6 22056
470 36 2 7 35168
179 507 6 6 6875
473 504 4 3 26
125 304 4 2 10
363 434 8 5 1914
175 87 5 6 24295
183 464 3 5 1617
186 482 2 8 152762
146 458 4 3 67
51 209 2 7 17947
413 464 7 7 181801
331 130 4 10 67753915
194 161 5 3 101
345 204 2 7 10867
342 194 8 5 1826
10 115 10 5 2939
160 432 1 5 118
215 229 8 6 7558
484 191 1 5 354
41 250 2 5 531
339 86 7 6 33334
244 91 7 3 42
61 236 8 5 1325
190 394 3 7 94257
125 6 3 7 27772
508 205 6 5 1805
248 408 9 7 102150
411 280 4 4 91
262 392 7 4 410
400 392 8 3 58
386 265 1 6 938
174 34 8 7 66113
96 121 6 4 435
263 96 6 3 77
410 447 5 4 352
306 460 7 6 7264
191 279 8 5 3316
35 83 8 5 3940
192 242 2 6 8040
369 247 7 5 2014
350 153 2 7 11064
479 274 6 3 75
26 418 5 4 320
301 269 3 5 636
390 181 10 5 3769
316 65 6 3 89
85 146 2 7 11066
356 361 7 6 20529
241 163 8 4 190
284 239 5 6 6716
364 384 4 2 9
70 284 9 4 323
248 479 9 9 4451550
483 142 9 6 8414
38 189 10 6 9378
407 298 1 7 10991
285 240 6 4 155
22 131 1 5 153
427 98 3 5 1674
293 274 2 5 323
119 489 6 4 297
332 489 2 8 137244
283 245 3 7 35035
358 491 10 6 7089
283 272 3 3 26
162 72 9 5 1030
207 259 10 6 18371
246 89 2 5 625
359 59 3 6 2329
71 492 4 6 5819
39 234 5 6 5205
297 212 1 3 19
256 326 5 7 71883
400 423 7 4 708
418 165 5 4 274
461 334 10 4 381
451 500 9 7 107332
63 480 7 6 30978
276 339 7 6 12753
141 172 6 3 70
299 64 5 3 42
93 402 9 7 56160
90 165 3 5 367
433 169 5 6 5958
445 468 9 5 3329
367 36 9 4 780
375 508 10 4 611
225 288 9 5 1245
82 296 4 3 40
156 481 10 2 23
366 8 6 4 314
100 420 10 4 472
264 109 1 7 19821
92 14 9 5 3539
134 35 10 8 503314
414 441 6 7 84875
187 57 1 6 1711
42 133 4 7 34458
473 266 5 5 803
458 119 5 4 346
192 360 7 7 60811
94 81 1 6 1084
216 13 9 5 1319
76 173 5 6 10032
120 454 9 2 36
343 60 7 8 2327645
192 460 6 7 56244
184 465 7 7 114111
69 61 7 7 41291
487 247 7 6 6461
266 308 4 5 2312
423 257 9 6 13113
421 192 9 7 50421
143 98 10 6 20613
89 380 6 4 158
228 398 5 5 1979
312 208 6 5 1264
51 506 2 4 118
373 53 10 5 5166
494 121 7 5 1755
329 228 6 6 27615
86 229 3 5 380
476 119 2 3 20
76 148 5 5 850
58 21 5 5 1338
443 33 4 3 69
233 353 6 6 10827
141 25 8 7 78088
195 58 9 6 43365
287 178 6 6 9070
181 421 1 5 235
419 33 3 2 9
386 116 10 7 134861
163 39 4 5 553
185 33 4 6 8935
185 471 2 8 189038
186 5 2 5 1023
452 308 3 6 3906
382 35 5 8 588921
172 211 1 10 382584228
260 59 10 4 231
333 111 7 7 86291
57 59 7 5 1083
202 115 4 4 132
141 195 1 5 121
510 426 4 4 186
444 365 6 7 46634
39 406 9 6 29449
115 421 2 3 29
317 45 9 2 28
161 54 3 7 64766
459 283 8 4 653
299 249 6 4 368
3 507 10 5 2479
229 428 2 5 443
29 73 2 4 106
330 30 8 7 91950
398 118 8 3 122
223 402 8 3 176
158 29 2 6 7137
235 346 1 8 92059
361 212 6 7 32476
112 326 2 3 17
345 235 3 4 301
358 223 3 4 247
86 283 4 4 218
467 161 5 6 4840
473 223 2 4 50
29 209 3 5 1298
376 243 2 6 6795
72 50 3 7 78630
349 439 3 8 212489
308 170 7 8 593676
140 271 4 6 9213
279 3 3 4 84
207 34 9 6 36698
32 332 4 5 467
149 170 6 3 51
183 54 1 4 63
325 171 1 9 741173
91 163 3 5 409
40 473 3 4 98
363 384 4 5 2775
268 451 10 4 303
399 15 5 3 63
356 368 2 7 15350
486 70 7 3 51
105 340 2 6 2405
435 24 5 8 618486
508 242 4 4 382
417 254 6 6 15929
386 441 3 3 20
89 423 3 4 134
390 24 8 3 68
504 122 4 6 12119
186 208 3 4 138
70 485 3 5 1568
165 337 6 2 15
18 30 10 6 8053
169 36 2 8 417635
212 392 6 6 24738
248 453 5 7 35870
169 310 2 6 1489
495 378 2 4 156
241 469 6 7 85761
179 231 8 8 325890
119 322 3 4 211
411 311 7 2 36
227 258 5 5 1203
160 45 9 7 135045
463 202 6 5 2188
208 153 7 6 18006
140 420 5 4 180
198 185 10 4 579
154 510 6 4 396
314 121 9 4 386
251 401 3 6 9959
100 409 4 6 5766
112 412 2 8 135525
28 505 5 7 64709
296 137 6 6 8676
495 323 7 4 185
43 180 9 6 22918
159 171 8 6 9190
109 281 2 5 571
232 145 8 3 72
381 27 8 4 757
140 401 3 6 7280
103 320 6 6 8810
86 459 4 6 6217
489 382 2 3 13
185 52 7 4 164
127 172 8 7 41186
456 357 7 6 23167
355 326 5 3 37
9 219 7 1 8
160 508 9 4 315
303 177 2 5 541
463 456 7 2 28
163 224 10 6 20379
233 28 4 5 703
142 354 3 6 5996
269 336 1 7 10988
258 44 3 7 24789
341 396 9 5 4836
436 81 9 3 187
232 130 8 4 197
60 340 7 4 294
145 318 3 4 192
487 498 3 7 23866
165 470 7 5 1884
123 193 6 4 434
128 495 8 4 276
465 349 4 7 36931
146 365 1 4 74
425 335 7 5 4066
425 197 1 6 4550
9 241 6 7 35801
128 424 4 5 1036
140 125 8 4 674
143 503 8 4 676
109 200 7 4 313
100 10 1 5 367
358 496 1 5 182
42 454 7 3 59
463 107 10 7 68802
239 177 10 3 132
511 267 7 6 15154
498 163 6 3 89
281 392 6 5 1102
436 508 2 4 206
270 121 4 8 977953
289 495 3 7 26836
327 260 1 6 1097
288 510 2 8 183926
13 86 6 5 1902
484 104 2 7 11597
76 320 2 9 6194247
34 270 8 5 1856
417 262 8 5 1794
339 117 6 3 44
310 380 3 4 114
112 259 6 7 59258
26 406 6 3 49
255 223 6 5 888
45 291 10 4 546
225 344 10 8 438717
440 106 9 4 765
143 484 7 7 133225
354 419 3 8 700226
419 206 3 9 5303944
119 339 9 3 69
226 436 1 5 215
439 497 4 6 18080
194 26 5 6 5650
100 262 3 5 572
77 56 8 7 61668
391 338 8 5 1381
197 35 2 6 6102
505 417 9 8 3148085
508 260 4 5 1863
134 480 9 4 250
209 492 1 3 10
463 286 4 6 5537
121 55 3 5 346
94 58 1 7 13021
174 474 10 6 7859
131 54 8 7 55588
164 145 1 7 7449
288 487 4 7 86058
310 363 6 5 3019
79 402 10 5 1355
178 332 3 9 1929482
3 218 2 4 190
70 382 5 6 4200
331 321 7 4 270
357 509 3 4 154
187 274 5 5 954
179 105 3 6 12702
292 415 4 9 7080902
153 385 3 5 581
98 383 5 6 6843
250 191 1 3 21
80 417 7 4 367
165 178 7 6 7181
296 247 7 3 68
66 366 2 5 228
185 205 7 6 13097
39 301 2 6 3246
495 509 3 5 1453
324 396 9 7 52002
484 215 6 6 7675
461 40 10 7 50702
468 365 8 5 3041
421 91 8 5 2413
478 225 9 2 17
259 305 5 4 374
64 82 3 6 11018
357 475 8 6 7361
89 270 1 4 27
296 90 10 4 617
428 311 6 5 2624
473 126 1 7 5921
348 165 7 6 25415
245 192 8 9 5272382
53 264 7 4 507
252 453 6 5 1192
13 167 5 4 217
245 367 1 5 285
65 488 10 4 660
178 501 2 6 3439
55 321 6 4 233
217 504 2 6 1549
280 176 4 8 194675
472 426 1 6 1076
260 434 1 5 244
54 13 7 4 721
118 10 4 6 4300
164 315 1 4 64
203 425 7 5 1911
460 428 3 5 598
106 164 4 5 925
342 261 4 6 12961
343 26 3 3 27
188 194 2 4 95
501 128 8 3 77
265 301 3 6 14630
106 340 7 4 202
449 100 9 4 976
25 280 2 5 710
