2784 9.440878764692406e-08 
304 1.0358945221229654e-07 
9319 2.334650896533368e-05 
6645 1.778103749204022e-05 
2576 4.831320815971727e-05 
7604 2.3735629300322466e-05 
3227 4.710991187832897e-05 
8278 1.5346941953375826e-08 
6681 5.07907213966128e-07 
9306 3.7127279629083715e-05 
1842 3.0094804865033698e-05 
270 9.344256149094879e-07 
1545 6.529450149822492e-07 
7912 2.9856266616393005e-06 
5080 4.482221750333518e-05 
7971 2.0006721708309242e-05 
4540 3.663707122495738e-05 
715 3.894314686697653e-08 
3110 6.598974829684443e-07 
4758 2.9413212627292175e-05 
5471 1.941203595578144e-05 
8342 1.8727652196781348e-06 
1460 4.768454149595147e-08 
5278 2.7062645774322972e-05 
3440 2.419231200478628e-05 
5432 3.6235801288782404e-05 
3827 7.217186127547737e-08 
403 3.134354651381844e-06 
1270 0.00019523295391942144 
1118 4.687705105165947e-05 
3362 3.866747365711482e-05 
4686 5.979145136254311e-06 
1149 4.124535122991387e-05 
1046 8.479946831029201e-07 
5624 3.568312207532263e-05 
6270 5.984318597969244e-06 
8522 3.9314773864580906e-05 
6343 4.302303850627212e-05 
7593 5.097041308791696e-06 
68 2.8906269066710248e-05 
