69 1.0 
5061 1.0 
9985 1.0 
4115 1.0 
3259 1.0 
6657 1.0 
4609 1.0 
6503 1.0 
3492 1.0 
6729 1.0 
4915 1.0 
1959 1.0 
8085 1.0 
2866 1.0 
8368 1.0 
3643 1.0 
8035 1.0 
9609 1.0 
2013 1.0 
5309 1.0 
930 1.0 
8904 1.0 
8565 1.0 
2208 1.0 
1986 1.0 
3172 1.0 
5773 1.0 
1278 1.0 
3974 1.0 
922 1.0 
8782 1.0 
5888 1.0 
8240 1.0 
3300 1.0 
5559 1.0 
377 1.0 
9514 1.0 
5822 1.0 
1505 1.0 
3310 1.0 
2633 1.0 
3195 1.0 
9528 1.0 
5331 1.0 
9874 1.0 
5838 1.0 
233 1.0 
9623 1.0 
1862 1.0 
5324 1.0 
3357 1.0 
4440 1.0 
2100 1.0 
7407 1.0 
6356 1.0 
4334 1.0 
3519 1.0 
6401 1.0 
7457 1.0 
8103 1.0 
59 1.0 
1118 1.0 
4071 1.0 
2507 1.0 
1422 1.0 
4562 1.0 
6287 1.0 
1930 1.0 
3928 1.0 
1871 1.0 
2438 1.0 
9710 1.0 
8548 1.0 
8100 1.0 
7855 1.0 
3994 1.0 
6490 1.0 
5959 1.0 
6564 1.0 
2701 1.0 
472 1.0 
2479 1.0 
175 1.0 
6648 1.0 
8282 1.0 
1664 1.0 
7258 1.0 
1312 1.0 
2705 1.0 
1030 1.0 
4746 1.0 
6529 1.0 
8767 1.0 
9936 1.0 
1372 1.0 
2617 1.0 
2158 1.0 
2984 1.0 
7685 1.0 
9543 1.0 
826 1.0 
9256 1.0 
2788 1.0 
1206 1.0 
1111 1.0 
5317 1.0 
7981 1.0 
3270 1.0 
5229 1.0 
5011 1.0 
3699 1.0 
2110 1.0 
2721 1.0 
8825 1.0 
2912 1.0 
6586 1.0 
39 1.0 
4905 1.0 
6843 1.0 
2672 1.0 
699 1.0 
1072 1.0 
1368 1.0 
6120 1.0 
2421 1.0 
6228 1.0 
3516 1.0 
5314 1.0 
3454 1.0 
6710 1.0 
6191 1.0 
4044 1.0 
9971 1.0 
6159 1.0 
9871 1.0 
6824 1.0 
3022 1.0 
1809 1.0 
1690 1.0 
3992 1.0 
1611 1.0 
4104 1.0 
5144 1.0 
7277 1.0 
771 1.0 
1723 1.0 
3292 1.0 
8641 1.0 
2189 1.0 
3299 1.0 
4713 1.0 
420 1.0 
6903 1.0 
9819 1.0 
1876 1.0 
7467 1.0 
2325 1.0 
5193 1.0 
3544 1.0 
711 1.0 
