1446 4.289617382873326e-09 
7176 1.1840195490719907e-11 
6713 4.09934431579574e-08 
4566 9.354346715631512e-09 
4948 3.315985344735104e-08 
1134 5.0882159596810084e-11 
7483 2.767830219603225e-08 
7750 1.6531204134425694e-08 
1678 9.822577007861238e-07 
4286 9.286420911544177e-09 
6315 2.8068156472606156e-08 
8050 2.300394505959369e-09 
1923 7.036556522784648e-09 
4871 5.032416289241226e-10 
9562 7.699135527467621e-09 
2549 1.3337002197078007e-09 
4224 5.124988836091582e-10 
5875 2.5911772727482685e-11 
5582 4.069301498630523e-09 
3770 4.384936858059518e-12 
4866 3.462199231262864e-08 
7910 9.880503689524422e-10 
3806 7.03995965857648e-08 
1704 9.336734474213633e-09 
9045 2.2140838214919324e-07 
7663 2.1024719631728903e-08 
2939 1.2740845079322835e-07 
2786 1.1955977855752226e-08 
5934 8.54034949118905e-09 
4344 2.9220772245343134e-08 
5662 8.939637460885419e-08 
8604 2.12183340992995e-05 
9289 3.405978239029439e-09 
3392 4.706882833147019e-09 
7701 1.968957514596632e-06 
4136 2.9510750791834905e-09 
7297 9.118193700086152e-11 
8394 2.0460369905706682e-08 
4270 5.6064692570677874e-08 
9198 1.0694048780911225e-06 
1191 6.22733799596209e-09 
3142 1.2948382369895768e-08 
4973 3.1332020177000117e-07 
961 5.0370260287817227e-08 
2167 4.6782490954429875e-08 
3886 8.3256278474793e-08 
8701 3.4173900085730964e-08 
2363 1.1708370515847201e-08 
996 5.933001733605629e-06 
9134 1.7858122619562877e-10 
5167 1.2712220824606657e-09 
9683 4.706261858050087e-05 
6102 2.45609339373184e-08 
1245 2.762027689895419e-10 
2901 1.893407350177234e-09 
6397 8.277187390354213e-10 
5426 1.0211974200285967e-09 
6235 5.3903659369576844e-08 
9147 6.8574004515129655e-09 
563 1.3717510460864446e-10 
3084 9.82742952423607e-09 
335 3.4228659104405614e-06 
8793 8.607250192980585e-08 
2830 4.339335215545331e-08 
570 6.9833309453560914e-09 
4769 1.456310784637982e-09 
3006 6.501794218250964e-09 
4403 3.148769188649533e-08 
5866 2.522319212018174e-08 
6862 1.14309555883374e-08 
4529 2.8869971623556295e-08 
8019 8.730209905688513e-10 
6911 7.023938434352894e-09 
2954 5.243779847803132e-08 
721 7.901530143942029e-09 
5890 2.540929133765246e-10 
3964 2.0396007105460967e-10 
2198 3.364791778537324e-11 
9961 1.0292131636421668e-08 
8587 3.705717021434962e-09 
6466 9.780564830252914e-10 
8456 1.90870708734886e-09 
3289 1.471245347772765e-11 
6445 4.969552426254548e-09 
144 1.4796054659260705e-10 
478 1.0876854972252659e-11 
6301 1.869442378676922e-10 
8389 1.2275517119293635e-07 
4065 6.111621729532057e-10 
5911 9.221347205354974e-09 
8556 2.0313737497668072e-10 
8760 2.2296356635975734e-09 
9789 1.0986774145733784e-08 
616 1.3649903259582069e-05 
8177 4.532085583989348e-09 
1769 8.098619688062803e-09 
2163 3.838762634156279e-09 
4484 7.968776865588043e-09 
7770 4.106151195969188e-09 
2680 6.898498933240538e-05 
2918 1.0459060006962062e-10 
3932 8.325418683445551e-09 
3176 2.6954585044015877e-09 
7318 2.6933759133575264e-09 
3041 4.0786866245534625e-10 
5735 1.692762111038526e-10 
8060 2.1670221173053505e-11 
9055 1.1320157311534018e-10 
799 9.698562947394647e-07 
3089 9.807513193143603e-08 
2750 1.835498765999366e-09 
2358 9.44940301353392e-10 
9271 1.256086676511281e-09 
7547 2.4419306451049783e-09 
2998 1.7833009145896527e-07 
8207 8.218153049136673e-09 
1284 4.4677376884877384e-09 
5331 4.879070005219671e-09 
6557 1.8882927969301674e-08 
5128 1.4018461027415219e-09 
5434 2.5767356998107616e-10 
1859 3.6823251793637653e-08 
2474 1.8880284306452277e-09 
2220 4.515420535741721e-09 
6987 1.866002140998857e-09 
2447 2.7311966130545706e-09 
4742 7.007697200300811e-11 
2231 4.264605237523644e-09 
5253 3.4758968966985826e-10 
324 7.301424517075494e-10 
8090 2.835948394148231e-08 
5398 1.9883014679145106e-10 
1302 8.354436586976988e-11 
4068 2.5624338896405863e-09 
6803 9.22367410861923e-08 
8418 1.0832760719589433e-08 
8522 3.377008696975586e-08 
6613 9.896967327995606e-08 
5280 1.7186252421197423e-12 
3317 9.752199048307375e-13 
55 3.534840396085537e-09 
7564 4.887421376897211e-09 
6895 8.944213772399401e-10 
3293 8.311704310925982e-10 
4991 7.539524560229438e-12 
5082 1.028256298130862e-08 
2521 1.382174047090401e-09 
2967 2.213524537768947e-08 
5060 1.3270941948335425e-08 
1482 5.756762858468836e-07 
4069 8.064914918401792e-09 
2169 7.586560043376656e-10 
3671 2.5086267035033527e-09 
2387 1.3336971804722708e-10 
2006 1.3104848388205935e-08 
4847 9.84414489941382e-09 
3597 2.6119883690840784e-09 
6905 4.766585406327378e-09 
5838 5.2018893699517415e-08 
367 7.388176823802661e-10 
