1 2 3 3 50
1 47 3 3 26
2 31 5 3 87
2 35 6 4 235
2 406 2 3 38
3 4 10 6 11051
3 5 7 7 132144
3 26 5 4 259
5 57 8 5 2284
15 16 10 4 463
15 36 3 4 95
16 25 9 5 2923
17 18 5 7 178598
17 36 9 1 9
18 33 5 4 188
19 20 4 4 211
19 21 10 5 1816
20 142 6 5 3077
20 148 3 5 1691
21 22 6 5 1540
22 23 1 5 294
23 24 6 4 141
24 25 8 4 332
24 28 3 4 237
26 27 8 4 667
27 29 8 3 61
27 30 1 6 703
28 29 10 4 914
31 33 2 4 204
32 33 4 7 26289
32 34 5 5 751
32 69 5 4 136
34 35 3 6 13567
34 73 4 4 293
36 37 2 4 110
36 75 7 4 283
37 52 4 4 249
37 43 8 2 21
46 47 6 5 690
47 448 1 3 8
52 67 3 4 81
53 54 7 4 183
53 59 10 7 182907
53 418 4 6 2816
54 163 10 5 3433
55 56 2 5 1233
55 59 9 4 553
56 57 4 3 35
56 66 10 5 1736
58 59 5 5 929
58 60 3 5 427
58 199 10 3 176
58 458 10 4 472
60 63 6 3 74
63 225 2 5 1334
64 65 8 3 71
64 66 9 3 132
65 67 2 5 228
69 70 9 3 91
70 71 5 3 29
71 101 7 5 930
72 73 7 4 517
72 101 3 5 1870
73 76 2 4 109
73 77 3 5 1454
96 97 10 2 46
96 111 9 8 669377
97 101 9 2 44
98 99 7 5 1840
98 100 1 6 3447
99 138 2 6 3027
100 116 4 5 819
105 106 5 4 142
105 111 7 7 146821
106 107 2 2 5
107 108 9 3 131
111 114 8 6 7874
113 114 7 7 66148
113 116 3 5 364
115 116 10 5 1285
115 409 10 3 97
118 119 6 4 374
119 138 3 6 3237
120 121 5 7 35299
120 122 10 5 3336
120 304 5 3 53
121 296 3 5 1230
122 123 2 9 834667
122 124 4 4 122
124 125 9 2 31
134 135 3 3 19
134 332 10 5 6364
135 136 5 4 114
135 137 5 3 108
137 139 6 3 111
139 140 6 2 11
139 141 8 4 872
139 399 6 1 10
141 400 8 2 26
154 155 6 6 28011
154 156 7 4 237
154 172 10 4 421
155 168 1 4 65
156 157 2 5 459
156 171 10 5 6903
157 158 9 6 8405
158 159 5 4 412
158 177 10 3 105
159 160 7 5 947
159 161 10 3 64
159 196 5 7 118431
161 162 10 2 22
161 197 2 4 83
163 164 7 5 3178
164 165 6 5 1309
165 166 4 4 412
165 104 3 5 982
166 167 2 5 297
167 168 10 2 50
169 170 9 4 376
169 171 2 9 954086
169 174 2 3 19
170 172 1 8 43447
170 173 8 4 194
170 419 4 5 1939
171 178 10 3 177
173 174 3 6 2322
174 179 2 6 8365
175 176 2 5 517
176 214 3 7 32160
177 178 3 2 14
177 191 4 8 173818
178 421 8 3 82
179 192 9 8 403218
180 181 3 6 11214
180 208 9 7 64698
181 192 5 4 133
182 183 8 1 6
182 184 2 6 3656
184 185 8 4 197
184 208 4 4 133
185 186 9 4 328
185 207 7 5 3035
186 187 3 5 558
186 230 6 3 112
187 188 3 4 72
187 193 7 4 446
188 189 4 3 37
188 191 6 2 26
189 190 6 2 21
189 191 10 5 3292
193 194 2 5 364
193 217 7 3 46
194 195 10 5 2181
194 217 10 7 108491
195 196 7 4 491
195 216 7 6 27425
196 197 2 4 215
196 476 1 5 317
197 216 4 8 182871
198 199 9 5 2285
198 221 6 7 49490
199 200 4 6 3126
200 10 3 4 258
201 202 6 3 65
201 203 6 5 1178
201 351 3 4 77
202 213 6 5 2262
203 204 9 4 231
203 205 5 4 126
205 206 10 3 73
205 231 8 5 4121
205 360 3 5 695
206 207 2 7 20676
206 232 6 4 181
207 233 4 5 564
208 209 6 4 467
210 211 6 5 2922
210 212 1 4 87
211 215 8 5 2198
212 213 7 3 129
212 342 5 3 72
213 340 10 2 51
214 215 9 6 8040
216 219 9 2 19
217 218 5 5 1004
218 222 4 3 40
219 220 8 5 2279
220 221 1 7 9758
220 222 4 6 4596
222 226 2 4 56
223 224 3 5 372
223 225 1 5 653
223 7 2 5 342
224 229 9 4 646
227 228 3 7 71800
227 229 1 6 2436
227 272 5 5 1415
228 230 8 9 13256478
229 401 1 8 284143
231 281 5 6 3725
232 265 8 3 44
233 264 6 5 725
233 150 6 3 69
234 235 10 3 91
234 278 7 3 83
236 237 3 7 16010
236 280 2 4 76
237 238 8 5 2330
237 239 10 2 50
239 240 1 4 89
240 241 9 2 32
241 243 8 5 2444
241 442 10 6 15914
242 243 10 5 1997
242 244 2 5 594
242 314 8 6 17628
242 80 1 7 7544
243 293 6 3 82
244 247 4 6 2971
245 246 9 4 338
245 247 10 3 119
247 248 7 4 558
248 249 3 3 66
249 250 8 5 2126
249 312 5 1 5
250 251 7 4 447
250 321 7 3 154
251 252 2 5 720
252 253 1 7 16871
252 327 2 7 61420
252 301 9 4 526
253 254 1 7 10300
253 277 7 4 745
253 266 10 8 428615
254 255 8 4 851
254 256 3 6 6184
256 257 10 5 1991
257 258 6 4 493
257 259 8 8 506396
260 261 7 5 1402
260 262 2 6 6020
260 263 3 4 94
263 264 5 5 2915
263 479 2 5 765
266 267 2 5 467
267 268 4 5 1130
267 299 10 2 46
268 269 5 5 680
269 270 9 4 275
269 294 3 8 121397
270 271 5 5 2030
271 295 2 4 183
271 133 9 3 144
272 273 10 5 2381
272 274 4 6 10804
274 275 9 2 19
275 276 3 5 1258
275 277 7 4 567
275 291 10 4 519
278 279 7 6 28244
278 282 4 6 10302
279 280 7 3 49
280 287 5 5 751
281 289 1 5 118
282 288 3 3 61
283 284 3 6 3745
283 285 7 3 41
283 305 9 3 58
284 290 5 5 1244
284 365 10 3 67
285 286 1 4 55
285 306 3 5 1085
286 287 5 9 15650964
286 306 10 4 1105
286 452 8 5 3068
287 293 4 3 42
288 289 5 6 5524
289 290 9 5 1224
291 292 2 4 127
297 298 9 2 31
297 454 4 5 1381
298 299 5 3 41
300 301 1 5 171
300 302 7 2 21
302 303 10 3 119
302 304 8 4 444
302 330 5 4 329
305 306 1 6 1653
305 308 9 3 139
306 308 4 5 638
307 308 7 2 34
307 309 4 6 7757
309 310 3 5 1390
309 338 3 5 431
309 379 4 6 3542
310 311 10 5 1718
310 85 7 5 3285
311 312 3 5 410
313 314 3 5 619
315 316 3 5 948
315 317 1 5 287
315 499 8 3 97
316 334 2 6 9752
316 398 5 4 124
317 318 4 5 887
317 503 7 5 1530
318 319 4 6 17933
318 502 3 6 2254
318 510 8 4 406
319 320 1 5 157
320 333 2 5 1114
321 322 1 4 34
322 323 2 6 1862
322 325 8 3 161
322 333 9 3 129
323 324 4 6 4558
325 326 2 2 9
326 328 10 1 5
327 328 10 5 1362
328 329 5 2 9
328 495 2 5 237
329 330 3 5 533
329 331 2 4 192
331 332 10 3 143
331 489 6 6 7111
332 481 1 5 299
333 493 10 2 27
334 335 9 3 67
336 337 4 5 518
336 500 4 6 9312
337 338 2 3 37
337 382 6 2 24
338 339 6 4 139
338 377 1 5 170
340 341 5 3 38
340 349 1 4 36
340 354 4 3 23
341 343 5 7 51822
342 343 5 5 780
344 345 9 2 44
344 346 6 8 1239858
344 385 4 4 252
346 347 4 7 77249
347 348 10 4 1133
347 387 7 5 2216
348 349 5 6 19830
348 386 6 7 40259
350 351 1 8 118018
350 359 8 7 75600
350 13 3 5 697
351 352 8 4 423
352 353 9 5 1121
352 356 8 4 229
353 354 5 4 550
354 355 6 2 14
355 356 7 5 3594
356 357 7 5 830
358 359 4 5 2715
358 361 1 7 10645
358 362 3 3 19
358 360 9 7 107754
358 92 6 8 253683
360 413 8 5 1638
361 388 2 4 145
362 367 4 2 18
363 364 7 2 17
363 365 4 3 32
363 370 5 4 472
364 395 8 4 285
365 366 1 5 319
365 371 4 6 12083
366 144 7 5 2874
367 368 4 5 1371
367 369 8 4 483
370 380 5 5 2349
371 372 6 3 59
371 373 8 5 1164
371 374 1 7 13177
375 376 6 3 123
375 383 5 4 507
376 384 3 3 28
377 378 10 5 1327
377 381 5 5 1551
378 384 6 3 80
381 383 5 8 619114
382 496 3 5 1107
383 384 4 3 53
388 389 1 5 296
388 392 4 8 245736
389 390 7 5 1202
390 391 6 1 8
392 393 6 4 361
392 394 10 1 5
395 396 2 6 4865
399 411 9 4 827
400 405 8 5 1704
404 405 1 5 304
404 412 8 5 3891
405 89 1 6 2861
408 409 7 5 1476
411 412 1 8 127569
411 415 8 4 635
411 482 8 4 648
412 415 5 3 95
415 427 1 4 26
415 487 5 4 217
427 428 6 4 629
427 431 7 4 287
427 487 3 5 1257
427 424 7 5 2129
428 429 2 7 46120
428 432 9 5 1528
481 482 7 3 77
482 488 4 4 279
483 484 10 4 284
483 485 4 4 129
484 492 3 7 17597
485 486 9 5 4887
486 487 1 4 98
489 490 3 3 27
490 491 6 4 500
490 492 4 6 15678
493 508 3 5 502
494 495 9 3 140
494 507 4 7 31041
496 497 1 4 30
496 62 3 5 1257
497 498 7 6 17410
497 499 1 5 410
499 501 8 3 150
501 447 6 4 340
502 511 6 8 1929863
503 450 3 9 7300487
504 505 10 5 2055
504 506 6 6 8056
505 508 8 4 212
505 509 2 4 81
506 507 10 6 11849
509 510 10 3 138
509 511 10 1 11
7 8 6 3 85
7 6 2 4 97
10 9 10 3 170
10 11 2 6 3753
13 12 6 3 119
12 14 9 1 15
144 38 2 4 84
144 145 2 4 142
38 39 8 9 3037343
89 68 4 4 144
89 88 1 6 2924
68 40 3 3 16
68 102 6 2 28
40 41 3 5 395
40 81 8 4 345
102 50 9 4 231
50 51 9 6 43753
41 95 2 4 184
81 146 9 6 9378
95 456 6 5 899
95 143 9 4 304
95 146 3 7 28195
146 410 9 4 593
43 42 1 5 236
133 130 3 1 4
128 117 4 4 395
128 132 10 6 21800
117 129 10 6 18037
117 110 8 3 107
132 130 10 6 15372
129 127 3 6 2700
127 44 3 6 5151
130 131 3 4 133
44 45 8 5 2152
110 109 7 5 2631
110 126 2 4 101
109 112 8 8 664398
62 49 10 5 1322
62 61 9 3 158
48 49 9 5 2520
75 74 4 4 98
77 78 10 3 60
80 79 1 7 17461
92 90 9 3 187
82 83 2 4 121
83 91 5 4 434
91 90 7 3 88
90 93 2 4 200
93 94 10 5 2087
85 84 9 4 460
84 86 8 4 291
84 87 8 3 130
86 87 2 7 10250
104 103 7 2 30
148 147 1 5 660
147 149 4 4 105
150 153 4 6 12642
150 151 9 4 726
152 153 1 7 21373
398 397 3 5 947
401 402 6 3 58
401 403 3 9 2362407
406 407 9 5 1247
416 407 4 5 817
413 434 4 3 50
413 414 3 7 68262
433 434 1 6 821
418 417 9 2 34
419 420 2 6 2188
419 430 1 7 12593
421 422 6 5 1966
421 423 9 4 575
424 425 5 5 2169
424 426 9 5 1571
424 438 3 5 771
438 437 1 5 476
437 439 7 5 1957
454 453 1 5 512
454 435 9 5 1902
453 455 7 3 85
455 460 10 5 1783
435 436 6 4 424
460 463 4 5 618
463 462 9 4 330
461 462 2 8 88226
461 464 8 4 680
464 466 5 2 26
466 467 9 4 360
452 451 4 5 2413
452 440 3 6 9605
451 459 2 5 324
459 473 3 4 168
440 441 3 4 68
473 472 6 6 14136
442 443 10 7 158037
448 444 9 1 7
444 445 8 7 310550
465 445 3 7 45084
465 468 9 4 649
468 469 7 5 2464
469 470 2 5 1040
470 471 9 3 110
447 446 10 7 97996
450 449 3 3 27
458 457 7 7 101145
476 474 6 4 345
476 477 3 4 169
474 475 7 1 11
477 478 5 3 60
479 480 10 1 14
284 177 5 6 4275
391 291 4 4 148
397 161 9 2 44
376 187 6 5 1216
322 42 7 5 1298
399 318 8 5 1119
463 89 7 2 33
343 194 5 4 121
437 265 5 8 756791
239 53 6 5 2768
411 475 10 5 2355
21 372 7 5 1468
508 449 7 4 246
24 51 5 5 809
54 280 3 7 53784
261 73 7 2 30
2 307 10 5 2226
476 36 6 4 246
374 231 10 8 683383
483 72 7 2 14
188 248 6 6 13900
326 346 6 4 172
458 449 10 1 17
435 58 4 8 179783
225 130 6 3 60
484 174 10 4 461
322 33 8 5 1549
369 191 4 3 38
330 20 7 3 49
324 21 10 4 859
18 385 9 3 170
252 297 1 5 227
7 178 6 4 202
30 43 1 4 93
397 191 2 3 44
450 80 9 5 1092
458 335 2 3 29
171 48 4 5 627
485 267 8 4 379
104 136 10 4 578
47 507 3 6 6832
302 429 2 5 372
424 132 8 3 96
55 69 1 6 830
81 28 9 3 82
346 114 1 7 9644
84 284 10 2 37
57 44 8 6 32148
112 358 10 4 282
103 252 2 7 10880
202 401 9 4 567
106 343 5 5 2127
297 285 9 6 7289
47 27 4 5 2308
391 38 4 2 21
292 297 2 5 319
292 334 6 6 10239
149 56 2 6 6317
56 464 5 5 1242
252 487 10 4 701
491 427 3 5 427
112 439 8 2 41
62 365 5 5 1094
315 75 7 3 53
445 373 2 7 15681
373 228 4 6 9901
459 103 8 2 21
5 34 2 4 176
357 412 6 6 12199
195 208 5 5 1510
362 282 7 3 88
282 132 10 1 6
292 358 1 6 1022
130 16 1 6 4828
354 48 3 3 30
329 398 2 2 6
107 143 6 5 753
302 8 1 6 3012
437 468 1 5 412
391 24 6 5 1052
70 453 6 3 88
428 250 9 6 33920
427 93 3 7 65315
235 500 4 3 32
476 259 10 4 923
140 144 1 6 1491
373 167 9 5 1180
413 463 4 3 78
100 419 9 5 3967
67 49 6 3 128
148 127 9 5 4895
227 117 7 4 220
147 283 1 5 415
464 193 8 4 756
281 305 9 4 705
168 300 8 3 67
456 265 5 5 3382
74 34 2 7 50244
228 497 7 4 190
84 178 4 3 28
47 339 1 4 28
137 364 8 4 229
419 487 8 4 741
497 260 1 5 408
432 171 4 4 338
104 329 6 5 1800
16 90 10 4 596
14 244 9 4 217
56 483 3 5 483
175 2 8 4 518
151 442 2 6 7938
372 443 7 6 5125
460 285 8 6 11887
372 171 10 10 671756288
267 357 8 3 63
336 274 9 4 585
235 63 4 5 952
279 71 1 6 1023
251 475 6 4 517
440 88 2 3 15
169 453 4 3 51
172 264 2 7 15745
51 471 6 4 497
503 172 10 5 2864
175 199 10 3 161
230 291 2 7 22541
16 205 7 4 456
339 82 2 5 387
449 137 1 6 1776
119 372 3 8 179604
499 126 7 3 65
485 290 3 5 596
181 127 7 3 48
505 298 3 6 9615
290 489 5 6 15045
34 249 3 5 789
179 277 4 6 4553
440 73 10 2 45
343 395 4 5 593
87 478 3 5 366
316 6 7 6 9790
307 144 2 7 19119
308 435 9 4 610
233 510 3 6 3302
126 354 9 4 215
272 162 7 4 259
135 122 1 6 705
365 389 10 4 1041
235 479 4 6 19727
125 110 2 4 61
289 302 8 6 8265
13 387 10 6 18415
345 228 3 7 21664
10 105 5 5 1117
311 286 6 4 247
126 229 6 4 246
286 221 6 4 257
171 11 3 4 130
172 342 7 2 25
245 407 9 3 189
63 188 8 4 211
253 232 7 5 1384
435 104 2 6 2636
87 138 7 4 599
30 432 9 2 21
476 53 8 4 263
107 103 8 5 2238
409 12 5 3 100
344 183 6 5 980
440 85 6 4 190
210 133 5 2 14
45 192 3 5 896
352 234 5 6 5317
354 440 3 4 156
28 170 2 4 179
281 2 9 4 240
361 251 7 6 5558
35 364 8 4 600
433 81 2 6 9593
281 159 4 5 1870
495 148 1 4 25
316 239 3 5 1737
143 130 6 2 14
26 136 9 5 4360
424 419 9 3 53
395 202 1 6 758
136 352 2 4 121
380 360 3 5 1940
146 72 6 7 51565
424 450 1 5 170
147 425 7 4 164
451 285 9 2 47
195 101 9 3 135
457 177 4 4 410
81 208 6 3 96
182 200 8 7 76080
436 509 8 2 26
29 18 9 5 1100
149 453 3 4 274
330 473 9 3 80
73 53 8 3 114
340 196 1 5 425
256 444 1 5 566
270 428 4 5 892
407 87 6 4 624
346 295 3 3 33
78 410 3 6 6176
87 205 10 5 1204
331 59 6 5 1718
45 83 6 5 923
411 217 8 6 9348
262 497 10 2 49
267 226 1 5 459
456 426 4 3 42
321 505 8 5 911
479 424 2 8 165085
488 420 5 5 1054
236 272 4 6 4051
507 217 1 6 947
366 165 10 5 1467
227 338 10 2 26
228 346 8 6 7748
488 324 1 5 207
116 214 5 6 5911
499 343 6 5 1072
155 118 6 3 79
480 256 7 6 10070
176 478 5 7 48867
375 389 10 5 2938
139 438 6 4 363
366 395 8 5 1606
42 36 3 1 3
470 372 3 6 11129
127 490 6 3 37
407 209 10 4 247
455 68 9 3 138
222 99 8 3 107
351 55 4 6 10878
418 87 2 4 149
254 89 3 5 426
256 83 8 3 62
225 147 6 4 517
73 89 9 4 289
376 270 1 5 139
415 507 7 4 578
414 382 1 7 15947
319 321 7 4 607
257 29 3 4 275
312 374 10 4 762
43 150 2 5 1135
82 423 10 9 4664844
226 280 3 6 5661
125 299 8 7 134611
202 220 8 6 11631
290 116 4 4 101
130 118 4 5 861
358 76 8 4 291
243 500 1 5 340
163 155 10 2 33
445 227 9 3 74
240 177 8 4 375
299 246 7 1 8
347 136 5 5 1923
211 323 1 4 106
318 227 1 5 152
174 222 1 6 831
35 492 10 2 46
441 58 3 4 261
196 346 10 5 2895
511 236 10 5 1857
485 390 2 5 249
104 59 9 3 101
479 450 6 2 19
138 5 7 4 330
37 172 1 5 213
138 363 6 6 13313
242 4 3 6 10459
482 154 7 4 495
149 188 8 2 27
99 460 3 6 5420
425 450 9 4 224
357 26 2 3 16
161 115 8 4 642
381 37 2 5 932
132 19 3 5 559
187 142 6 2 12
491 238 3 3 16
159 315 4 4 138
210 320 6 6 4346
412 304 7 3 81
455 221 7 5 1131
206 67 3 4 89
49 231 1 5 127
148 56 7 3 48
418 274 9 3 178
101 374 10 3 203
262 368 7 3 52
508 424 4 5 896
337 46 10 3 98
509 305 4 3 39
204 60 2 5 583
96 195 5 5 827
339 139 2 5 468
437 348 10 2 53
121 269 6 2 24
246 328 8 3 146
484 17 1 9 440058
69 250 1 7 14606
402 7 3 6 2306
129 389 9 5 4526
119 123 2 5 528
197 210 9 4 671
363 165 5 5 2689
87 5 1 5 171
221 486 8 4 321
247 221 9 5 1239
413 265 3 6 8449
111 499 5 5 589
448 258 7 6 7371
49 166 8 5 5089
110 115 8 5 1917
26 425 4 5 1640
72 204 1 4 56
315 355 4 3 26
189 99 9 3 64
509 155 6 5 1017
483 167 9 3 138
82 471 8 5 3466
145 45 4 4 404
297 442 6 4 404
55 250 7 5 3144
288 110 1 5 284
445 503 10 5 2049
503 235 3 4 94
332 103 5 5 1824
489 487 2 4 202
127 123 6 4 196
358 357 10 3 81
330 332 4 3 69
501 372 4 3 85
253 133 7 3 91
78 174 8 5 1653
337 445 8 5 1132
85 334 7 3 133
498 277 3 3 26
210 80 1 6 4049
42 223 8 5 3522
168 27 5 4 412
160 87 10 3 157
55 270 7 5 2516
36 223 4 5 1377
314 10 4 6 3591
410 213 3 3 30
484 485 8 3 117
309 28 6 3 41
10 219 5 4 273
69 297 3 5 911
18 402 7 3 44
457 206 3 6 3706
319 504 2 4 124
401 246 7 5 894
422 501 5 5 1439
26 11 3 6 2243
245 501 7 5 1148
211 451 10 3 219
7 275 4 6 2793
293 502 4 6 7085
340 55 5 4 145
385 449 6 7 60094
474 142 4 7 50314
186 407 5 4 393
116 149 8 4 656
83 372 7 4 155
228 281 1 6 2737
265 65 3 5 643
230 241 4 3 50
435 123 7 5 4696
288 386 1 4 28
497 427 3 4 70
452 23 7 6 5477
256 360 6 4 424
227 132 9 3 181
352 378 2 4 140
294 84 7 6 20491
434 225 9 2 46
26 289 1 5 193
415 461 5 4 121
231 103 2 4 67
58 371 8 7 87237
109 176 10 5 4360
445 329 1 4 34
255 165 10 1 14
219 451 2 5 1221
162 205 1 5 136
491 62 8 2 20
7 308 1 7 5788
18 332 6 6 18319
76 390 5 5 1868
197 166 2 5 310
235 507 4 4 393
116 328 8 4 871
197 207 10 4 669
109 115 1 8 343852
412 293 1 6 1321
350 270 7 3 62
112 330 2 6 6515
94 410 2 2 6
244 108 3 3 18
430 322 4 6 8442
38 287 8 6 9388
413 145 8 6 16388
132 195 1 5 180
366 374 8 4 269
276 123 6 5 2101
72 257 10 10 353753461
83 370 10 5 3610
94 1 5 4 548
125 184 8 6 35399
322 156 3 3 35
427 192 5 4 254
107 214 9 5 3905
399 122 4 6 14906
121 386 5 5 739
219 414 3 3 51
430 401 10 2 52
363 468 3 7 16589
209 498 10 3 216
481 116 3 4 202
123 216 3 5 1785
377 330 7 3 126
450 12 5 6 4505
432 20 3 4 143
470 270 6 4 371
337 139 8 5 2473
301 389 9 6 40720
135 200 10 5 4211
159 50 6 3 68
359 397 4 6 10703
33 149 3 5 499
136 288 2 4 92
413 16 2 6 1582
463 182 1 5 202
198 105 9 4 639
49 140 5 5 889
33 261 4 4 333
305 456 7 4 233
349 1 1 5 450
504 327 2 5 258
286 335 9 3 108
283 48 7 5 2174
60 394 10 4 661
227 316 1 5 153
436 460 8 4 692
88 61 1 5 431
100 508 5 6 16252
477 260 3 6 5967
153 235 7 2 16
315 224 7 5 3455
418 362 3 5 1713
349 509 3 6 3479
35 59 8 6 14680
77 252 7 5 1633
461 97 1 7 13204
411 182 4 4 119
509 70 1 4 113
184 381 3 3 66
316 475 1 7 12151
199 51 1 5 225
239 85 8 3 88
495 137 10 4 494
178 75 5 5 683
49 269 5 2 15
473 106 10 3 174
276 111 9 4 531
441 332 8 4 189
205 450 6 3 90
65 173 1 6 1223
154 383 6 1 5
63 404 5 4 121
171 161 2 5 301
118 224 9 4 390
435 190 4 7 32571
108 470 6 3 113
463 209 1 4 52
147 93 3 5 976
120 408 2 6 2422
370 455 2 5 267
238 401 6 6 25416
376 455 7 3 129
468 266 6 4 171
282 469 3 4 124
200 118 7 2 16
239 435 1 2 5
29 477 10 6 26340
183 3 9 4 643
232 241 3 4 142
160 491 3 4 161
384 176 5 5 1688
303 407 4 4 101
244 2 3 5 374
90 477 6 4 230
269 160 3 6 13727
9 255 9 6 38255
500 323 5 7 27816
226 17 4 4 358
162 100 7 3 148
442 354 7 4 550
254 56 2 6 1513
177 70 7 5 1741
283 413 4 3 83
467 303 6 3 49
506 52 8 3 120
402 315 4 3 48
44 66 4 4 191
205 376 1 7 20758
78 375 6 3 60
45 468 1 4 68
300 11 3 3 36
288 143 3 4 107
238 91 10 3 76
423 101 10 4 267
159 455 1 3 7
46 77 2 5 1033
438 456 4 5 1973
168 438 4 3 53
228 205 9 3 85
60 109 5 3 49
97 31 5 4 247
56 135 2 5 782
215 138 6 7 150016
305 446 6 3 34
195 390 4 5 1450
181 508 6 3 71
511 454 2 4 188
388 279 7 4 178
13 343 3 3 36
132 121 6 5 681
420 165 3 6 2581
279 398 3 4 87
334 466 4 5 611
76 96 2 6 3567
397 429 1 4 94
271 172 10 2 27
297 357 2 7 71527
398 305 6 4 157
266 449 6 4 203
380 322 10 3 96
511 252 10 9 7162336
412 136 7 3 117
273 453 8 3 142
440 111 9 2 31
88 261 3 6 4657
40 321 3 6 2205
221 370 2 6 1451
200 348 7 5 2429
141 425 2 2 4
461 442 8 2 34
496 325 6 4 166
504 467 2 5 620
148 320 4 3 86
274 53 1 6 893
133 312 10 4 371
166 318 5 4 402
326 491 1 5 128
131 60 9 7 106880
336 448 4 2 14
392 136 1 5 379
64 75 7 7 51540
211 433 9 2 41
405 393 3 8 624349
415 14 8 3 102
475 69 1 5 335
125 335 4 6 5103
481 214 4 7 52177
125 1 3 4 188
345 352 8 6 9732
511 191 6 4 156
398 405 4 4 259
204 231 1 8 211941
61 220 2 6 1729
359 498 9 5 2898
413 159 6 5 1882
4 62 6 2 12
458 351 1 6 1122
218 325 7 4 403
184 488 8 8 2582568
131 327 2 3 22
29 210 1 5 264
74 138 4 6 5311
48 333 7 5 2083
110 339 7 4 465
408 186 7 5 2164
340 441 4 5 792
251 446 1 9 1195640
31 254 8 4 571
336 79 8 2 22
111 375 5 4 150
199 351 3 5 534
258 429 5 2 26
503 484 7 5 968
152 452 1 5 311
247 166 6 1 10
460 442 7 5 1233
81 489 4 6 5975
91 476 6 5 899
202 449 9 4 227
137 230 6 6 4441
147 127 2 5 309
229 424 8 5 1284
462 27 4 4 97
387 140 8 5 3920
322 160 10 3 87
177 218 3 6 6916
53 275 2 4 54
268 37 3 6 10787
330 88 3 3 34
107 462 6 3 45
508 252 5 6 6925
343 78 6 4 168
385 88 9 5 1565
403 66 2 6 5552
424 490 1 8 256239
266 293 5 6 3843
177 182 2 7 18040
149 4 10 5 5088
423 324 4 3 48
504 180 9 6 10504
457 115 6 6 9769
493 85 2 5 874
257 240 4 6 12915
470 36 10 5 2367
179 507 5 8 211012
473 504 7 4 166
125 304 5 2 13
363 434 3 3 60
175 87 4 5 751
183 464 5 3 104
186 482 7 3 112
146 458 1 4 32
51 209 6 6 14033
413 464 9 3 154
331 130 7 5 4134
194 161 3 5 484
345 204 2 2 10
342 194 8 10 119283980
10 115 3 7 60901
160 432 1 6 4059
215 229 5 6 10637
484 191 5 3 87
41 250 9 4 913
339 86 2 4 218
244 91 7 5 1463
61 236 8 4 217
190 394 4 4 300
125 6 1 5 465
508 205 6 5 3525
248 408 3 5 1378
411 280 8 3 70
262 392 10 6 35115
400 392 2 6 5708
386 265 5 5 652
174 34 4 4 221
96 121 6 5 1120
263 96 1 7 7234
410 447 6 4 275
306 460 1 5 183
191 279 3 6 2313
35 83 4 5 464
192 242 7 2 17
369 247 5 6 7538
350 153 3 3 22
479 274 9 5 3490
26 418 8 4 440
301 269 9 4 614
390 181 2 3 12
316 65 2 5 929
85 146 10 8 740001
356 361 7 7 48200
241 163 9 6 29647
284 239 9 1 11
364 384 3 3 56
70 284 9 2 29
248 479 2 6 2712
483 142 1 4 33
38 189 5 4 526
407 298 5 5 2845
285 240 9 6 23333
22 131 4 6 5760
427 98 10 3 92
293 274 5 6 5836
119 489 5 3 42
332 489 2 5 1000
283 245 7 5 2488
358 491 1 4 92
283 272 3 3 37
162 72 4 5 872
207 259 6 5 2662
246 89 5 4 274
359 59 9 3 146
71 492 2 4 145
39 234 2 4 78
297 212 8 4 434
256 326 5 4 272
400 423 4 6 14415
418 165 5 4 517
461 334 4 4 129
451 500 7 4 163
63 480 3 5 839
276 339 7 5 932
141 172 8 1 13
299 64 1 4 110
93 402 4 5 1269
90 165 8 5 2355
433 169 6 5 1627
445 468 10 3 186
367 36 9 5 3052
375 508 8 5 3576
225 288 1 5 520
82 296 1 4 27
156 481 6 5 898
366 8 4 4 179
100 420 3 5 452
264 109 3 5 425
92 14 5 4 349
134 35 2 7 63311
414 441 8 4 798
187 57 5 3 31
42 133 7 4 362
473 266 1 2 4
458 119 8 6 18333
192 360 7 4 188
94 81 2 4 181
216 13 7 4 163
76 173 6 4 335
120 454 5 3 100
343 60 8 3 67
192 460 9 4 733
184 465 7 4 221
69 61 7 4 190
487 247 7 6 5474
266 308 7 2 25
423 257 1 5 229
421 192 2 5 450
143 98 10 3 134
89 380 2 5 863
228 398 10 6 10225
312 208 8 6 15429
51 506 1 3 13
373 53 9 2 47
494 121 7 4 581
329 228 10 3 55
86 229 7 2 21
476 119 7 4 747
76 148 5 5 1170
58 21 1 4 98
443 33 1 6 856
233 353 5 5 2172
141 25 1 6 1932
195 58 2 5 825
287 178 10 3 93
181 421 1 6 4848
419 33 8 3 176
386 116 4 5 1593
163 39 1 6 2301
185 33 9 5 2153
185 471 6 3 66
186 5 4 4 359
452 308 10 4 530
382 35 7 5 1132
172 211 7 4 220
260 59 8 3 163
333 111 10 2 28
57 59 2 3 28
202 115 9 4 294
141 195 9 3 106
510 426 9 5 2183
444 365 4 5 468
39 406 5 5 1071
115 421 2 7 54004
317 45 5 5 816
161 54 1 3 13
459 283 9 5 2574
299 249 6 1 7
3 507 6 4 646
229 428 10 3 145
29 73 9 3 121
330 30 8 5 4255
398 118 9 4 238
223 402 9 5 4478
158 29 3 5 1592
235 346 3 6 8697
361 212 3 5 657
112 326 3 5 399
345 235 4 5 1017
358 223 5 7 119046
86 283 6 5 3041
467 161 6 6 12964
473 223 10 3 166
29 209 5 7 104482
376 243 7 5 2521
72 50 4 4 341
349 439 3 6 7117
308 170 3 3 35
140 271 10 5 4730
279 3 6 6 7092
207 34 4 5 634
32 332 8 6 9075
149 170 7 3 95
183 54 2 4 178
325 171 7 4 332
91 163 6 5 1510
40 473 4 5 928
363 384 5 1 5
268 451 7 3 116
399 15 4 5 1099
356 368 5 4 258
486 70 1 7 5205
105 340 6 3 93
435 24 5 5 2421
508 242 2 8 113666
417 254 4 3 38
386 441 5 5 989
89 423 7 5 2094
390 24 10 2 50
504 122 3 4 98
186 208 9 4 990
70 485 8 4 897
165 337 2 4 159
18 30 9 3 169
169 36 10 3 70
212 392 7 3 70
248 453 10 4 256
169 310 9 3 102
495 378 10 6 8139
241 469 3 5 1020
179 231 3 4 242
119 322 1 5 325
411 311 5 3 77
227 258 9 5 3364
160 45 9 4 612
463 202 7 3 105
208 153 3 3 66
140 420 10 4 996
198 185 5 3 107
154 510 5 8 504536
314 121 6 5 734
251 401 9 3 117
100 409 7 5 4475
112 412 7 5 2284
28 505 3 3 28
296 137 5 6 20915
495 323 6 3 60
43 180 1 6 3448
159 171 6 5 1093
109 281 7 5 1105
232 145 4 6 7321
381 27 6 3 88
140 401 7 4 364
103 320 3 5 371
86 459 2 5 279
489 382 1 6 716
185 52 9 4 328
127 172 1 6 842
456 357 6 4 297
355 326 2 7 9894
9 219 6 6 5716
160 508 3 4 209
303 177 9 1 15
463 456 3 5 421
163 224 9 4 441
233 28 1 5 444
142 354 7 5 1262
269 336 1 5 451
258 44 2 6 3958
341 396 6 5 937
436 81 2 5 708
232 130 9 6 11332
60 340 4 6 7598
145 318 6 5 730
487 498 3 4 171
165 470 3 3 20
123 193 10 6 7279
128 495 6 5 1437
465 349 5 5 3124
146 365 2 4 132
425 335 5 7 106479
425 197 7 5 1458
9 241 7 4 346
128 424 4 4 178
140 125 4 3 65
143 503 2 6 4686
109 200 2 5 384
100 10 7 5 1073
358 496 2 7 46757
42 454 4 5 874
463 107 6 4 460
239 177 5 2 13
511 267 9 2 25
498 163 6 6 9384
281 392 1 3 19
436 508 4 4 239
270 121 9 7 97763
289 495 9 4 208
327 260 3 4 76
288 510 5 5 1643
13 86 4 5 505
484 104 2 8 355128
76 320 5 6 14006
34 270 5 5 1073
417 262 9 1 4
339 117 7 4 724
310 380 4 2 8
112 259 3 5 622
26 406 5 4 264
255 223 10 5 1351
45 291 8 4 756
225 344 1 5 397
440 106 8 6 20723
143 484 3 3 59
354 419 2 4 218
419 206 2 4 121
119 339 10 4 686
226 436 1 4 55
439 497 8 4 619
194 26 7 5 2115
100 262 7 5 1369
77 56 3 4 126
391 338 9 5 6201
197 35 6 7 78041
505 417 8 3 69
508 260 4 2 20
134 480 8 5 2190
209 492 2 6 1475
463 286 3 5 1607
121 55 1 2 5
94 58 2 3 20
174 474 4 4 229
131 54 6 5 2104
164 145 2 7 28129
288 487 8 3 141
310 363 7 4 516
79 402 1 8 124673
178 332 9 4 282
3 218 4 5 552
70 382 6 4 145
331 321 1 5 377
357 509 5 3 58
187 274 7 5 4681
179 105 1 7 7540
292 415 4 4 277
153 385 6 4 322
98 383 4 7 34712
250 191 3 4 136
80 417 9 4 618
165 178 10 5 2469
296 247 9 7 80043
66 366 1 6 3206
185 205 6 2 15
39 301 7 5 1292
495 509 8 5 1485
324 396 7 5 917
484 215 9 4 240
461 40 5 4 331
468 365 6 2 22
421 91 6 6 6273
478 225 10 4 315
259 305 9 3 93
64 82 5 5 1303
357 475 9 7 127736
89 270 2 4 62
296 90 5 4 324
428 311 4 5 1009
473 126 6 4 263
348 165 3 3 42
245 192 1 7 20870
53 264 5 5 628
252 453 10 3 154
13 167 3 7 25380
245 367 5 5 906
65 488 10 3 85
178 501 7 4 342
55 321 7 3 111
217 504 2 6 5247
280 176 9 2 26
472 426 10 3 118
260 434 2 6 2998
54 13 5 4 157
118 10 9 3 152
164 315 10 4 717
203 425 2 6 4289
460 428 8 5 1444
106 164 10 2 40
342 261 9 7 52819
343 26 5 4 116
188 194 2 5 1251
501 128 4 6 4935
265 301 2 4 154
106 340 3 4 313
449 100 5 4 372
25 280 10 3 62
