4803 3.9333813983688515e-10 
4269 1.4321054044288332e-06 
9059 4.6996406983038086e-08 
4965 1.7402219526507778e-09 
3948 4.955003643242889e-08 
8840 3.266482479728078e-08 
8692 6.614120893339015e-09 
1970 3.930071163340057e-07 
6569 8.153683685521718e-08 
9557 1.0329800916595092e-07 
7161 4.786031393678135e-07 
7455 4.3722013487110245e-08 
5068 3.487034748754156e-08 
2152 2.150816471354201e-06 
3451 1.2660932049296525e-08 
5813 1.5461023067657708e-05 
1012 1.1798424440190823e-07 
2935 1.147761210017282e-07 
4086 2.745946942050992e-09 
3529 2.7592711449031526e-09 
5433 1.4380934248124644e-07 
3900 4.4282411071350225e-10 
2981 1.7795325419830976e-08 
9660 2.232030324456069e-09 
1927 9.541799465134781e-09 
2077 9.978385229420308e-08 
2336 2.870063430472549e-07 
5402 8.480764432600499e-08 
9621 1.060799698082704e-09 
7860 3.343615007870421e-08 
5438 4.317695486213968e-08 
9890 7.271621253052141e-09 
8458 3.32788504392445e-09 
9868 7.515849899516688e-08 
3522 1.4894109402491945e-07 
4442 2.838838053520476e-09 
5713 1.9855707135765788e-08 
3947 5.958849959124268e-08 
4101 1.424557172289946e-07 
5208 6.265439133094561e-08 
8525 2.0936052891329382e-10 
544 1.0139142734080786e-07 
7818 1.087390499180177e-07 
1517 2.81590735744209e-06 
5706 1.1694703288867383e-05 
4274 1.1974252808050201e-08 
585 8.829878414572979e-07 
4387 6.2110928691905265e-09 
2390 1.2533231674716205e-09 
5255 5.651365193157145e-07 
1271 5.536547604840375e-08 
1291 1.927950298386081e-07 
6526 2.046307082442713e-07 
1741 1.2531665759480184e-07 
6303 1.694473368639318e-06 
1166 1.0596666877304983e-09 
360 6.386444707308619e-06 
6455 3.762110050223311e-08 
8395 9.27641057371642e-09 
1961 1.0212551897854569e-07 
1457 9.00979190705765e-06 
4824 2.6208783995514996e-07 
9785 0.00026127045835295544 
7896 4.206157721078907e-08 
9617 7.484868499475772e-08 
4695 9.153559073910023e-09 
2728 1.4428050559844863e-09 
829 7.944323265202113e-09 
3179 8.713403054638746e-10 
7790 3.0757621952842706e-08 
3995 1.7888641683878534e-07 
4479 1.831102133982576e-08 
223 9.929440434068224e-08 
4842 2.2444257298287647e-07 
3144 1.1434787767702903e-08 
4421 2.255217741861052e-07 
1990 1.4986967661681505e-08 
9872 7.455382970700253e-09 
8034 2.556516776053286e-09 
2493 6.344136252054919e-08 
6966 4.2225864816292265e-07 
1494 3.0188955016385854e-09 
2098 1.5812729044564766e-08 
4316 4.3929448967361395e-10 
9317 3.854819734250281e-09 
8173 1.568008598483439e-08 
3744 9.752300776091558e-08 
5719 3.8199340761206624e-07 
3086 4.3649126981251674e-08 
8393 1.0848623503006971e-08 
8890 4.190862042639798e-08 
3360 5.314583443076157e-08 
8131 1.0890792936737483e-06 
4124 6.227974102190545e-08 
6287 4.188885862656255e-08 
6082 5.771145810924566e-05 
8860 3.1733987382320805e-09 
8594 1.6442677729143831e-07 
6364 1.1904903340909101e-08 
7796 1.1812612089878716e-08 
2814 8.234096203485475e-09 
8018 1.3404686503154517e-08 
6793 4.848681092305823e-08 
7613 2.3157382269579918e-08 
7104 6.035450561634598e-08 
3926 3.5388325603236126e-10 
264 1.5825467603036714e-09 
9272 1.800051577501103e-07 
448 5.921180634606976e-08 
2763 2.45634997533134e-08 
595 1.9667911049792153e-09 
3633 9.656716815076294e-10 
1908 1.912002918124148e-06 
5477 1.3404227142813953e-06 
5117 2.740148117232879e-06 
8640 1.2543756278517518e-07 
7714 2.7412498376268302e-08 
2498 1.7557721472896692e-08 
5597 4.082804967069434e-08 
5015 1.4874834697309325e-10 
6502 1.2932237012167058e-08 
6850 4.2199477245929984e-10 
7070 1.5155945010309792e-07 
4598 3.985054107609638e-07 
9077 3.931064515201436e-06 
3958 1.4855195144694924e-07 
7783 1.4788786549275318e-07 
9251 1.2884088935538954e-07 
4699 9.778468170774934e-08 
2218 4.6952932595319824e-08 
6435 2.0749475471149026e-09 
3248 2.368405058705966e-06 
3869 2.960418576947177e-10 
7871 6.274720850546478e-09 
2483 1.2233171767239703e-08 
7766 3.398313369381168e-07 
2596 9.070813659613555e-08 
8887 0.00010065321003600676 
4355 5.240000203147392e-06 
4565 5.2969238995004275e-09 
4594 8.164622866679849e-10 
7134 3.614816060371062e-08 
6092 2.6904929090997048e-05 
7243 3.8924210530102976e-08 
1172 9.295834615952181e-09 
8592 7.80701819302898e-08 
6027 3.0329066064149757e-09 
5200 2.1150938301142674e-08 
5642 2.149653853880662e-08 
7601 2.407845262238084e-08 
3750 2.196435394674623e-09 
431 2.3538434434228206e-08 
8204 6.533605860026617e-08 
3599 6.250063265067843e-08 
389 5.257217220583366e-09 
9916 2.494611078558001e-08 
6389 3.706896456456832e-10 
6945 3.838961377782002e-08 
495 1.9001097755974583e-08 
3996 1.0517237974917368e-07 
