5955 1.2666501273440929e-05 
5442 1.8310111104397064e-08 
7225 4.685961181583043e-09 
5673 5.250932882949755e-10 
518 7.861469508705512e-06 
8250 4.229183855550267e-09 
4516 2.7670357685037382e-05 
6887 7.087802167231316e-09 
5617 1.6990666998339954e-09 
2139 6.122489065753275e-06 
9716 3.2381536514691778e-09 
2259 1.9379384333818167e-08 
8873 1.4686715107958825e-09 
9924 3.162559588927409e-08 
7021 1.187486886339989e-08 
5952 8.79501580765274e-09 
9734 1.1379662375604616e-08 
7428 6.210102571069243e-10 
5951 1.1521450182794268e-09 
2225 2.0967507674047757e-07 
5675 6.606300354699592e-08 
3641 3.882901614864556e-08 
7335 4.324407498756955e-11 
1562 2.0821153914711565e-08 
9383 3.849555979540398e-09 
2674 4.394251346476197e-09 
5614 8.928819702699875e-09 
6446 1.9590538184732775e-09 
8740 4.849535549175665e-09 
4428 1.1707272234984245e-09 
6930 3.216609016165953e-08 
3184 1.2273291688513766e-09 
9172 4.006989712257436e-09 
1291 1.4601882816311744e-07 
9961 1.5419275448905895e-08 
9004 1.1345652345569335e-08 
5830 1.1636008306746169e-06 
7191 6.769611733106664e-08 
4528 6.123278816644057e-08 
8605 5.4865262953934096e-08 
5392 5.07308087526262e-08 
8051 8.642303311358346e-09 
1808 7.267792087768676e-09 
3179 6.814274700062128e-10 
6025 1.7330033641769985e-05 
1516 5.8986543021366175e-08 
6244 6.9945157087786676e-06 
6196 3.470185548886252e-07 
3140 3.230564765634332e-08 
7279 2.095633479248793e-09 
4812 4.7609110631488885e-08 
4754 2.1511165801624483e-07 
2868 9.049639787539476e-10 
9937 2.0844540443102494e-08 
6555 3.9380755535679476e-08 
1071 8.675455702780721e-09 
4915 3.5983926561112406e-08 
8571 5.3273850005464835e-08 
334 1.3546042065826214e-10 
5546 4.819434212821605e-09 
1622 6.312851679585163e-07 
6585 3.734483183702388e-07 
4040 1.7297448110572405e-08 
9536 1.4259467031631223e-08 
1131 3.462000470935006e-08 
659 9.616684599686454e-09 
1137 2.8153623814197726e-08 
4607 2.6894472955531906e-08 
5639 1.0228188625921453e-08 
6984 3.3072444782789034e-09 
3323 8.033754900075348e-08 
4286 5.979973928340893e-07 
7179 4.3396606362144756e-08 
1078 7.05699434739443e-09 
5703 6.599095916026351e-08 
5542 1.4117898842721296e-07 
6352 6.248927688585007e-07 
7098 2.0148500920491065e-07 
9306 7.394696183507521e-09 
8997 5.576500979910526e-08 
6700 4.733264575488942e-08 
1362 2.8378061879552607e-09 
9570 2.297965477626729e-09 
4048 2.314300105721312e-09 
6105 2.4529091795927327e-08 
7813 2.3890462040945804e-08 
3256 7.330436917196703e-09 
792 6.05075975435021e-10 
5385 3.0523298166854887e-07 
2598 1.0617627287806426e-07 
6603 5.858630260024912e-07 
2337 2.2763331636310724e-09 
8551 1.2534397131336306e-09 
8070 1.5085566892891755e-09 
8404 3.548511465579552e-07 
5459 9.550629417686263e-05 
8839 7.773767779506186e-08 
625 2.149025310309305e-08 
2156 5.766856206110282e-09 
6580 2.64569953003016e-08 
8910 2.4494357204693246e-07 
90 5.59267200259117e-09 
6631 5.632772616880836e-08 
1205 1.0960331672631163e-08 
7285 6.309599542047759e-07 
4903 2.7451790979293733e-09 
8396 5.184181834380977e-08 
9858 2.7035476780901124e-08 
174 3.895111178042754e-10 
7683 1.5609660425239486e-06 
5161 2.4199397457257132e-08 
6635 2.9388894339605828e-08 
4298 1.1429629465098401e-10 
960 4.7928567251649494e-06 
5254 1.3033214025159542e-07 
6749 1.9225932835874185e-07 
808 7.220564780634209e-09 
6556 7.583719659950148e-07 
9809 6.310063475705546e-05 
9695 1.5280803278305312e-07 
1892 7.6902737361907e-07 
2134 8.905595761700413e-09 
4601 4.953133389638126e-08 
5306 3.116865281106371e-08 
8222 3.573323857294919e-09 
8559 1.245360704837939e-08 
9678 4.8525982100861356e-08 
6180 1.0386082617184177e-07 
912 9.095556807725558e-10 
7291 1.3133559547892637e-07 
4958 6.720671980111451e-06 
7232 5.214817456935389e-08 
1883 6.19021015676002e-05 
9124 8.180835097890138e-09 
255 3.3352567409272726e-09 
7829 6.437574355533382e-09 
9085 1.8687985117726846e-09 
6087 1.6849597689327922e-09 
754 2.1410336098221655e-08 
8514 3.0254290739328837e-10 
5678 3.759048072815574e-10 
7337 1.1365593198585464e-07 
6594 7.612749257043284e-08 
5000 5.796966321010809e-08 
4602 2.985982325981462e-09 
68 1.4428674388947387e-07 
9435 9.17565096514143e-07 
6910 5.624811371882088e-09 
7896 2.423026408205145e-08 
5809 4.717021702556855e-08 
5398 1.787179259790661e-08 
6416 1.5091526431310065e-09 
9072 5.1069443894255495e-08 
5646 5.5983317065888894e-05 
5997 1.8792562436753535e-09 
6210 1.1418850954202087e-08 
7434 1.9527845539820538e-08 
9996 5.830625959828584e-07 
9529 9.178124232844809e-10 
7658 8.354954231909982e-08 
