0 0 2 4 119
0 1 8 6 18365
0 2 5 1 4
0 3 6 9 2334595
0 4 2 3 36
0 5 6 6 21057
0 6 10 1 11
0 7 10 5 3725
0 8 9 1 12
0 9 8 3 70
0 10 1 5 128
0 11 4 1 4
0 12 1 2 4
0 13 6 1 7
0 14 4 5 2123
0 15 9 1 6
0 16 6 8 314095
0 17 9 1 4
0 18 10 2 21
0 19 10 1 7
0 20 7 1 10
0 21 7 4 718
0 22 4 2 8
0 23 4 2 18
0 24 5 3 89
0 25 6 10 23474089
0 26 8 2 17
0 27 9 1 4
0 28 9 7 54432
0 29 6 7 74201
0 30 9 5 1051
0 31 1 7 29762
0 32 1 6 1284
0 33 10 1 4
0 34 4 1 4
0 35 4 1 4
0 36 2 2 4
0 37 2 2 4
0 38 7 1 10
0 39 2 4 70
0 40 3 1 4
0 41 4 3 45
0 42 2 2 4
0 43 8 8 646456
0 44 8 1 6
0 45 10 4 266
0 46 4 2 21
0 47 8 1 5
0 48 8 1 10
0 49 7 1 8
0 50 2 2 10
0 51 7 2 15
0 52 6 6 23045
0 53 5 3 97
0 54 7 1 8
0 55 1 2 4
0 56 9 4 754
0 57 1 3 6
0 58 3 4 86
0 59 1 6 4090
0 60 1 2 4
0 61 8 4 240
0 62 3 2 6
0 63 2 2 4
1 0 7 4 325
1 1 8 1 4
1 2 9 7 323795
1 3 8 1 4
1 4 1 3 10
1 5 9 1 11
1 6 10 5 3795
1 7 6 1 4
1 8 5 1 4
1 9 9 2 20
1 10 8 3 172
1 11 1 2 4
1 12 3 2 14
1 13 6 1 4
1 14 7 1 8
1 15 9 2 16
1 16 4 1 4
1 17 1 4 23
1 18 2 3 41
1 19 9 4 346
1 20 10 4 374
1 21 10 1 4
1 22 2 2 4
1 23 8 6 5861
1 24 4 3 42
1 25 8 1 5
1 26 1 2 4
1 27 8 3 112
1 28 1 2 4
1 29 10 3 57
1 30 3 1 5
1 31 3 2 8
1 32 3 1 4
1 33 9 1 4
1 34 3 2 6
1 35 2 3 32
1 36 4 1 4
1 37 2 3 15
1 38 8 5 913
1 39 8 6 15822
1 40 8 1 5
1 41 6 1 4
1 42 6 3 85
1 43 4 1 4
1 44 10 1 4
1 45 1 2 4
1 46 6 4 172
1 47 9 1 4
1 48 6 3 40
1 49 2 4 179
1 50 4 1 4
1 51 8 1 6
1 52 7 5 4701
1 53 1 3 7
1 54 6 2 13
1 55 9 1 4
1 56 5 3 58
1 57 4 3 48
1 58 9 3 162
1 59 10 1 17
1 60 4 2 17
1 61 5 2 10
1 62 10 1 7
1 63 5 1 4
2 0 6 2 11
2 1 6 1 4
2 2 10 1 4
2 3 10 6 20108
2 4 3 4 162
2 5 7 1 4
2 6 10 4 239
2 7 6 1 4
2 8 9 2 17
2 9 1 3 12
2 10 7 1 4
2 11 6 1 7
2 12 6 1 4
2 13 8 1 13
2 14 9 1 7
2 15 4 9 2549947
2 16 4 8 400023
2 17 4 2 8
2 18 10 1 4
2 19 10 1 4
2 20 8 1 10
2 21 10 1 5
2 22 1 6 1428
2 23 6 9 6191528
2 24 5 2 18
2 25 4 2 14
2 26 4 1 6
2 27 1 2 4
2 28 6 2 18
2 29 8 1 4
2 30 1 5 123
2 31 3 1 4
2 32 1 3 9
2 33 3 6 7140
2 34 2 2 4
2 35 10 8 1083802
2 36 8 1 4
2 37 7 1 4
2 38 6 2 28
2 39 6 2 12
2 40 6 2 23
2 41 9 1 4
2 42 1 7 21244
2 43 4 2 17
2 44 9 5 4588
2 45 2 5 583
2 46 5 5 1661
2 47 4 1 4
2 48 6 5 1719
2 49 7 2 29
2 50 6 5 1810
2 51 10 5 2156
2 52 10 1 4
2 53 1 4 47
2 54 9 1 7
2 55 4 1 4
2 56 1 2 4
2 57 9 1 4
2 58 2 2 6
2 59 5 3 55
2 60 5 3 34
2 61 5 2 10
2 62 9 1 4
2 63 2 2 6
3 0 10 1 4
3 1 9 1 4
3 2 7 1 9
3 3 4 1 4
3 4 2 3 11
3 5 9 3 58
3 6 5 7 34347
3 7 4 3 41
3 8 3 6 5443
3 9 9 1 5
3 10 6 1 4
3 11 2 2 4
3 12 4 4 342
3 13 4 5 2038
3 14 2 2 5
3 15 8 1 4
3 16 1 6 2064
3 17 6 2 23
3 18 7 2 26
3 19 1 3 19
3 20 10 1 17
3 21 9 2 17
3 22 7 1 10
3 23 10 5 1794
3 24 10 2 20
3 25 9 3 71
3 26 10 5 1998
3 27 2 3 11
3 28 8 2 15
3 29 2 2 5
3 30 6 4 427
3 31 5 5 1804
3 32 3 5 372
3 33 10 1 4
3 34 4 2 10
3 35 6 3 59
3 36 8 1 11
3 37 4 2 17
3 38 4 1 4
3 39 10 1 4
3 40 7 1 6
3 41 1 6 1264
3 42 4 3 53
3 43 5 1 4
3 44 8 1 4
3 45 6 1 7
3 46 5 2 9
3 47 6 2 31
3 48 3 2 6
3 49 8 1 7
3 50 5 1 7
3 51 5 1 8
3 52 7 2 24
3 53 1 8 51584
3 54 5 2 12
3 55 10 1 13
3 56 6 1 5
3 57 10 1 7
3 58 6 1 4
3 59 8 5 4212
3 60 3 3 43
3 61 6 3 53
3 62 10 4 367
3 63 2 2 7
4 0 10 1 4
4 1 2 4 66
4 2 4 1 4
4 3 4 1 5
4 4 2 3 31
4 5 10 1 4
4 6 3 1 4
4 7 8 1 9
4 8 10 1 4
4 9 4 1 4
4 10 9 5 5280
4 11 4 1 4
4 12 8 1 4
4 13 8 1 4
4 14 7 1 4
4 15 5 1 4
4 16 1 2 4
4 17 1 3 13
4 18 5 2 16
4 19 4 3 57
4 20 8 1 4
4 21 7 1 4
4 22 4 3 55
4 23 9 1 4
4 24 4 1 7
4 25 8 3 49
4 26 1 4 53
4 27 3 1 4
4 28 1 4 69
4 29 9 5 5132
4 30 7 5 1902
4 31 2 3 14
4 32 3 3 21
4 33 6 3 78
4 34 5 3 46
4 35 10 7 313633
4 36 10 6 12751
4 37 5 7 43950
4 38 10 1 10
4 39 2 2 6
4 40 3 2 13
4 41 1 3 19
4 42 9 1 7
4 43 8 1 8
4 44 6 3 112
4 45 1 5 538
4 46 5 5 2279
4 47 4 2 12
4 48 10 1 7
4 49 8 3 73
4 50 10 1 10
4 51 9 2 29
4 52 7 1 4
4 53 2 2 10
4 54 6 1 9
4 55 7 3 104
4 56 8 1 4
4 57 6 1 4
4 58 9 2 25
4 59 8 6 25297
4 60 8 1 6
4 61 1 3 6
4 62 8 5 1233
4 63 1 4 36
5 0 3 3 48
5 1 9 3 138
5 2 4 3 48
5 3 10 3 87
5 4 5 1 4
5 5 5 1 4
5 6 1 3 9
5 7 6 1 4
5 8 10 1 4
5 9 8 1 4
5 10 8 1 9
5 11 10 6 34269
5 12 10 1 4
5 13 1 3 8
5 14 5 1 6
5 15 7 1 4
5 16 1 3 7
5 17 6 3 65
5 18 5 1 4
5 19 2 3 15
5 20 5 1 8
5 21 10 2 46
5 22 10 4 243
5 23 1 2 5
5 24 8 3 84
5 25 1 4 50
5 26 9 4 317
5 27 1 2 4
5 28 3 1 4
5 29 2 4 91
5 30 6 6 6471
5 31 3 9 10466201
5 32 2 2 4
5 33 6 1 10
5 34 5 4 121
5 35 9 1 4
5 36 6 1 4
5 37 7 1 4
5 38 4 5 698
5 39 7 3 94
5 40 5 1 4
5 41 9 1 4
5 42 7 1 4
5 43 7 3 117
5 44 9 1 4
5 45 1 2 4
5 46 4 4 386
5 47 2 3 14
5 48 10 2 18
5 49 8 5 1489
5 50 1 2 5
5 51 8 1 4
5 52 2 3 38
5 53 10 3 212
5 54 6 2 14
5 55 8 5 3724
5 56 5 2 9
5 57 10 3 163
5 58 1 8 50358
5 59 4 6 5577
5 60 10 1 4
5 61 4 4 232
5 62 3 4 303
5 63 10 2 31
6 0 4 4 89
6 1 1 2 4
6 2 2 3 38
6 3 1 2 4
6 4 10 4 257
6 5 10 6 16337
6 6 2 2 4
6 7 1 2 5
6 8 10 1 4
6 9 9 4 263
6 10 1 8 259911
6 11 7 8 612142
6 12 8 2 30
6 13 9 1 12
6 14 4 5 751
6 15 7 5 1399
6 16 4 1 7
6 17 3 1 4
6 18 1 6 1196
6 19 6 1 7
6 20 9 1 4
6 21 9 2 22
6 22 2 4 159
6 23 10 1 4
6 24 2 2 4
6 25 5 1 4
6 26 9 2 23
6 27 3 2 11
6 28 3 1 4
6 29 5 3 83
6 30 6 1 4
6 31 2 6 6692
6 32 1 7 9140
6 33 2 4 79
6 34 3 5 449
6 35 7 2 23
6 36 9 4 313
6 37 6 4 660
6 38 7 1 7
6 39 4 1 4
6 40 10 1 4
6 41 7 5 2229
6 42 5 3 35
6 43 8 1 13
6 44 1 2 4
6 45 5 1 4
6 46 8 4 309
6 47 10 1 5
6 48 1 5 189
6 49 7 1 4
6 50 4 1 4
6 51 6 1 4
6 52 6 7 98439
6 53 8 2 20
6 54 8 2 18
6 55 6 3 124
6 56 6 1 4
6 57 8 3 130
6 58 5 1 5
6 59 5 1 4
6 60 9 1 5
6 61 10 1 4
6 62 7 1 4
6 63 10 1 4
7 0 6 4 191
7 1 8 3 140
7 2 9 1 4
7 3 4 5 1491
7 4 3 6 14710
7 5 9 2 18
7 6 2 4 49
7 7 9 2 32
7 8 9 1 11
7 9 1 6 2095
7 10 2 2 4
7 11 5 1 4
7 12 1 3 18
7 13 3 5 1514
7 14 5 6 5958
7 15 6 1 5
7 16 9 3 129
7 17 7 1 4
7 18 1 3 7
7 19 3 5 364
7 20 8 1 4
7 21 5 2 10
7 22 7 1 5
7 23 5 1 4
7 24 9 5 1150
7 25 3 2 7
7 26 6 1 4
7 27 10 1 4
7 28 6 1 4
7 29 2 2 4
7 30 5 1 4
7 31 6 1 4
7 32 2 2 4
7 33 1 3 19
7 34 4 1 5
7 35 2 4 57
7 36 7 4 346
7 37 10 3 63
7 38 9 2 33
7 39 9 2 32
7 40 7 3 62
7 41 1 4 23
7 42 6 2 19
7 43 9 1 7
7 44 3 5 866
7 45 7 5 1076
7 46 6 2 19
7 47 4 3 22
7 48 3 4 144
7 49 8 1 14
7 50 3 1 5
7 51 9 4 258
7 52 2 2 4
7 53 6 1 6
7 54 5 9 11914222
7 55 9 1 8
7 56 4 1 4
7 57 6 1 4
7 58 3 2 7
7 59 4 4 119
7 60 1 4 100
7 61 6 3 84
7 62 2 9 2998032
7 63 2 2 8
8 0 6 1 4
8 1 5 6 19730
8 2 9 2 42
8 3 8 1 4
8 4 10 1 8
8 5 3 4 146
8 6 7 1 4
8 7 1 4 99
8 8 5 8 1098442
8 9 7 9 8099343
8 10 6 1 4
8 11 10 1 6
8 12 2 2 10
8 13 3 1 4
8 14 10 4 647
8 15 7 3 74
8 16 10 1 6
8 17 7 2 14
8 18 9 3 56
8 19 4 1 4
8 20 7 2 14
8 21 1 3 6
8 22 10 1 4
8 23 2 2 4
8 24 7 3 54
8 25 9 1 4
8 26 2 2 4
8 27 2 3 28
8 28 8 1 10
8 29 6 1 4
8 30 1 2 4
8 31 8 3 71
8 32 6 3 34
8 33 2 2 4
8 34 2 2 6
8 35 4 7 25625
8 36 1 3 7
8 37 7 3 88
8 38 2 2 4
8 39 1 4 77
8 40 1 2 4
8 41 3 1 4
8 42 9 2 17
8 43 4 1 4
8 44 4 1 4
8 45 8 1 5
8 46 6 3 92
8 47 5 2 9
8 48 1 4 42
8 49 1 4 29
8 50 3 5 1286
8 51 6 2 26
8 52 4 7 53777
8 53 4 4 216
8 54 3 2 6
8 55 5 2 12
8 56 3 3 31
8 57 6 1 4
8 58 7 3 93
8 59 3 5 1778
8 60 7 3 70
8 61 1 4 86
8 62 8 1 12
8 63 8 1 6
9 0 7 1 9
9 1 4 4 241
9 2 9 5 2954
9 3 2 3 16
9 4 6 5 1072
9 5 10 1 4
9 6 2 3 43
9 7 4 2 12
9 8 8 3 93
9 9 10 1 4
9 10 8 1 4
9 11 6 1 6
9 12 2 4 198
9 13 9 2 26
9 14 5 1 4
9 15 6 2 12
9 16 2 4 55
9 17 10 3 117
9 18 4 1 4
9 19 1 6 3478
9 20 9 4 812
9 21 4 2 9
9 22 8 5 5296
9 23 4 1 6
9 24 3 1 4
9 25 6 4 232
9 26 6 1 5
9 27 7 1 4
9 28 10 1 8
9 29 2 2 4
9 30 3 1 4
9 31 2 3 34
9 32 5 5 703
9 33 9 2 26
9 34 5 1 4
9 35 8 1 5
9 36 7 1 4
9 37 3 5 881
9 38 4 4 262
9 39 6 2 11
9 40 6 3 77
9 41 5 3 54
9 42 8 6 29883
9 43 1 2 4
9 44 4 1 4
9 45 9 3 111
9 46 3 3 26
9 47 1 2 4
9 48 1 4 104
9 49 6 1 4
9 50 10 1 4
9 51 5 1 7
9 52 9 2 23
9 53 1 2 4
9 54 1 2 4
9 55 5 3 36
9 56 9 5 5299
9 57 7 1 4
9 58 5 2 19
9 59 7 2 16
9 60 1 9 361804
9 61 9 1 10
9 62 10 1 4
9 63 9 1 4
10 0 6 1 4
10 1 5 5 794
10 2 6 2 28
10 3 2 5 527
10 4 4 1 4
10 5 5 4 277
10 6 6 2 16
10 7 9 4 270
10 8 3 3 27
10 9 2 2 4
10 10 2 4 101
10 11 1 2 4
10 12 7 1 4
10 13 10 1 7
10 14 6 3 94
10 15 7 1 7
10 16 9 5 1737
10 17 9 1 6
10 18 5 2 9
10 19 10 7 55820
10 20 4 4 316
10 21 3 3 16
10 22 5 1 4
10 23 9 1 10
10 24 2 2 5
10 25 8 1 11
10 26 10 4 542
10 27 10 3 61
10 28 10 2 34
10 29 1 4 24
10 30 9 5 1688
10 31 6 1 4
10 32 4 4 355
10 33 3 4 72
10 34 5 1 4
10 35 5 1 7
10 36 6 3 59
10 37 9 4 496
10 38 10 1 4
10 39 5 4 140
10 40 6 1 4
10 41 1 4 24
10 42 8 3 107
10 43 2 3 14
10 44 2 3 19
10 45 4 2 11
10 46 6 4 519
10 47 6 7 79448
10 48 1 3 7
10 49 3 4 170
10 50 3 2 9
10 51 8 1 9
10 52 4 1 4
10 53 8 3 134
10 54 3 2 6
10 55 9 4 681
10 56 9 1 6
10 57 4 2 14
10 58 7 1 4
10 59 9 6 10438
10 60 3 1 5
10 61 6 2 14
10 62 4 2 9
10 63 3 7 28111
11 0 9 1 4
11 1 1 2 4
11 2 3 4 68
11 3 3 1 4
11 4 5 2 15
11 5 6 1 4
11 6 7 6 10500
11 7 10 1 12
11 8 2 3 18
11 9 5 5 569
11 10 5 1 5
11 11 9 1 12
11 12 10 2 21
11 13 2 3 22
11 14 1 5 363
11 15 9 1 4
11 16 4 3 50
11 17 2 7 10162
11 18 10 5 4139
11 19 3 1 4
11 20 4 2 21
11 21 9 1 4
11 22 1 5 460
11 23 8 1 14
11 24 1 2 4
11 25 10 7 99411
11 26 10 1 4
11 27 7 3 73
11 28 8 1 4
11 29 4 4 187
11 30 8 1 4
11 31 10 2 33
11 32 3 2 10
11 33 1 4 35
11 34 6 4 553
11 35 7 1 4
11 36 1 6 1334
11 37 6 4 164
11 38 1 3 16
11 39 1 3 6
11 40 5 1 6
11 41 3 3 40
11 42 2 3 19
11 43 4 3 51
11 44 2 2 4
11 45 8 1 4
11 46 2 2 4
11 47 9 3 152
11 48 7 1 7
11 49 6 1 4
11 50 8 5 1960
11 51 10 1 4
11 52 6 1 4
11 53 3 3 27
11 54 2 3 15
11 55 2 3 16
11 56 6 1 4
11 57 6 5 3935
11 58 6 2 17
11 59 5 3 77
11 60 2 2 6
11 61 6 1 8
11 62 7 7 52363
11 63 5 1 5
12 0 10 1 4
12 1 6 1 7
12 2 6 1 5
12 3 4 1 5
12 4 1 6 1764
12 5 5 3 28
12 6 9 3 116
12 7 4 1 4
12 8 6 5 1518
12 9 8 4 520
12 10 2 3 42
12 11 8 2 31
12 12 8 1 4
12 13 1 2 4
12 14 9 1 5
12 15 3 1 4
12 16 5 7 119376
12 17 7 4 178
12 18 8 7 98457
12 19 4 2 20
12 20 10 1 4
12 21 10 4 257
12 22 1 2 4
12 23 3 7 21573
12 24 3 4 142
12 25 8 1 13
12 26 8 1 4
12 27 10 2 46
12 28 4 2 8
12 29 5 1 4
12 30 6 3 49
12 31 8 10 1960931464
12 32 6 1 4
12 33 6 1 6
12 34 5 4 327
12 35 1 2 4
12 36 6 2 15
12 37 1 2 4
12 38 5 5 705
12 39 2 2 4
12 40 10 2 42
12 41 2 3 35
12 42 9 2 30
12 43 8 1 6
12 44 9 1 14
12 45 5 2 16
12 46 6 5 1100
12 47 8 1 4
12 48 9 1 15
12 49 9 1 4
12 50 3 6 3971
12 51 1 3 10
12 52 4 1 4
12 53 7 1 4
12 54 6 4 344
12 55 8 1 4
12 56 4 2 21
12 57 7 1 8
12 58 8 2 17
12 59 6 1 4
12 60 7 1 4
12 61 3 2 14
12 62 1 6 4225
12 63 5 5 3371
13 0 4 2 9
13 1 8 1 4
13 2 1 2 4
13 3 2 6 5690
13 4 3 2 7
13 5 4 4 228
13 6 5 1 4
13 7 8 7 150281
13 8 9 1 5
13 9 2 4 51
13 10 3 1 4
13 11 3 2 14
13 12 2 2 10
13 13 8 7 63049
13 14 7 1 10
13 15 10 1 4
13 16 8 5 1760
13 17 1 3 13
13 18 7 1 5
13 19 7 1 4
13 20 4 2 12
13 21 3 1 4
13 22 7 1 6
13 23 10 1 4
13 24 2 2 4
13 25 10 5 5492
13 26 3 1 4
13 27 2 2 4
13 28 5 2 14
13 29 3 7 42244
13 30 8 5 1109
13 31 7 1 4
13 32 10 2 27
13 33 7 3 139
13 34 1 4 102
13 35 4 4 108
13 36 6 2 21
13 37 1 2 4
13 38 2 4 45
13 39 2 8 102203
13 40 5 1 7
13 41 5 4 128
13 42 1 3 17
13 43 1 5 604
13 44 3 3 16
13 45 2 4 105
13 46 1 2 4
13 47 4 3 25
13 48 1 5 252
13 49 7 2 16
13 50 4 2 9
13 51 5 3 30
13 52 8 7 253908
13 53 2 4 94
13 54 9 1 7
13 55 8 1 4
13 56 10 5 2380
13 57 3 1 4
13 58 3 1 5
13 59 2 5 512
13 60 8 7 102106
13 61 10 1 14
13 62 7 1 6
13 63 6 4 182
14 0 7 1 4
14 1 2 2 7
14 2 4 3 26
14 3 6 1 4
14 4 5 1 4
14 5 2 2 4
14 6 1 3 9
14 7 6 1 6
14 8 9 1 4
14 9 4 3 62
14 10 2 2 4
14 11 7 2 29
14 12 9 3 147
14 13 7 1 4
14 14 7 1 7
14 15 2 2 4
14 16 8 3 47
14 17 8 2 17
14 18 7 1 4
14 19 4 4 161
14 20 4 4 96
14 21 8 1 4
14 22 1 2 4
14 23 2 2 7
14 24 8 2 22
14 25 3 2 11
14 26 1 3 12
14 27 8 7 81087
14 28 3 6 3838
14 29 2 2 5
14 30 8 2 17
14 31 7 2 14
14 32 10 1 5
14 33 6 7 56379
14 34 3 3 31
14 35 5 1 4
14 36 7 4 183
14 37 3 1 4
14 38 1 5 141
14 39 9 1 9
14 40 10 5 1361
14 41 4 1 4
14 42 4 1 4
14 43 9 1 4
14 44 4 3 48
14 45 6 1 8
14 46 9 1 4
14 47 3 1 4
14 48 6 5 2221
14 49 2 2 4
14 50 9 1 7
14 51 8 1 6
14 52 10 1 4
14 53 4 1 4
14 54 1 4 28
14 55 7 2 17
14 56 8 3 58
14 57 6 1 8
14 58 9 1 7
14 59 5 1 4
14 60 9 1 10
14 61 10 1 6
14 62 4 4 176
14 63 9 1 10
15 0 3 3 49
15 1 8 2 16
15 2 5 1 4
15 3 1 3 10
15 4 3 3 24
15 5 8 6 22514
15 6 6 3 56
15 7 1 8 354992
15 8 2 2 4
15 9 10 1 10
15 10 10 1 4
15 11 9 3 133
15 12 2 3 21
15 13 8 1 4
15 14 4 3 50
15 15 8 1 4
15 16 3 4 285
15 17 10 1 4
15 18 5 4 157
15 19 6 6 5105
15 20 1 7 12253
15 21 10 4 530
15 22 10 5 1199
15 23 2 2 4
15 24 10 3 152
15 25 5 3 30
15 26 3 5 994
15 27 7 1 4
15 28 1 2 4
15 29 6 5 2766
15 30 10 3 139
15 31 8 3 119
15 32 10 1 16
15 33 9 5 3574
15 34 4 2 17
15 35 5 1 4
15 36 8 1 11
15 37 1 2 4
15 38 6 1 4
15 39 3 1 4
15 40 10 1 6
15 41 8 3 139
15 42 10 1 9
15 43 8 1 4
15 44 6 1 4
15 45 4 2 13
15 46 9 1 6
15 47 3 6 2269
15 48 7 1 4
15 49 2 5 635
15 50 9 3 155
15 51 6 1 4
15 52 1 3 6
15 53 2 2 4
15 54 7 2 17
15 55 4 1 4
15 56 6 5 3379
15 57 3 6 4266
15 58 3 6 6352
15 59 10 2 20
15 60 10 1 4
15 61 3 1 4
15 62 8 3 49
15 63 3 3 20
16 0 5 3 39
16 1 3 1 4
16 2 6 2 19
16 3 8 1 4
16 4 6 1 6
16 5 9 2 32
16 6 4 2 11
16 7 2 2 8
16 8 10 3 181
16 9 1 3 10
16 10 6 6 28180
16 11 1 3 6
16 12 2 5 511
16 13 8 1 4
16 14 3 2 6
16 15 9 1 4
16 16 5 3 56
16 17 10 1 4
16 18 2 2 6
16 19 4 1 4
16 20 10 1 6
16 21 5 2 12
16 22 8 1 5
16 23 4 1 4
16 24 4 1 4
16 25 7 1 4
16 26 10 1 6
16 27 9 1 14
16 28 1 2 4
16 29 4 7 20785
16 30 10 1 6
16 31 10 1 5
16 32 10 2 53
16 33 1 6 1001
16 34 5 4 395
16 35 4 1 4
16 36 7 1 4
16 37 4 1 4
16 38 10 5 6214
16 39 9 3 48
16 40 8 1 9
16 41 9 4 999
16 42 4 1 4
16 43 2 5 277
16 44 8 1 4
16 45 8 1 14
16 46 3 4 250
16 47 1 3 10
16 48 8 6 15108
16 49 3 1 5
16 50 9 1 4
16 51 9 4 292
16 52 3 1 5
16 53 4 10 39014211
16 54 10 5 3011
16 55 8 1 4
16 56 4 1 4
16 57 9 5 1480
16 58 8 2 35
16 59 2 5 981
16 60 8 1 8
16 61 2 2 4
16 62 8 1 4
16 63 9 8 425004
17 0 9 1 4
17 1 8 4 313
17 2 9 1 4
17 3 2 2 7
17 4 3 1 5
17 5 3 1 4
17 6 7 2 21
17 7 10 3 59
17 8 10 7 66705
17 9 5 1 4
17 10 6 1 4
17 11 10 1 4
17 12 8 1 7
17 13 5 8 389965
17 14 4 5 2653
17 15 10 2 46
17 16 9 2 22
17 17 6 5 2128
17 18 4 4 432
17 19 7 1 6
17 20 5 2 9
17 21 6 4 146
17 22 5 4 161
17 23 7 3 43
17 24 5 1 4
17 25 5 1 5
17 26 4 1 5
17 27 6 1 10
17 28 3 6 2694
17 29 5 2 12
17 30 6 2 27
17 31 3 3 65
17 32 1 4 42
17 33 9 1 4
17 34 2 5 288
17 35 9 1 4
17 36 3 1 4
17 37 7 1 4
17 38 9 1 4
17 39 10 2 26
17 40 3 4 106
17 41 10 6 42031
17 42 6 1 7
17 43 2 5 628
17 44 5 1 4
17 45 2 7 70659
17 46 9 2 17
17 47 9 1 15
17 48 1 2 4
17 49 6 2 21
17 50 4 1 4
17 51 1 3 6
17 52 9 1 6
17 53 2 2 4
17 54 9 3 148
17 55 3 6 5824
17 56 7 2 23
17 57 4 8 434483
17 58 6 1 8
17 59 1 7 12040
17 60 10 2 20
17 61 3 3 34
17 62 6 2 12
17 63 2 2 4
18 0 7 1 6
18 1 2 3 17
18 2 5 1 4
18 3 4 3 40
18 4 1 6 1171
18 5 1 5 321
18 6 6 3 75
18 7 6 3 71
18 8 5 1 4
18 9 3 1 4
18 10 3 1 4
18 11 2 3 35
18 12 7 3 42
18 13 8 1 5
18 14 7 2 20
18 15 8 1 4
18 16 4 1 4
18 17 1 2 4
18 18 4 6 16686
18 19 3 2 6
18 20 9 1 4
18 21 10 1 4
18 22 9 4 648
18 23 5 7 26163
18 24 6 3 109
18 25 1 5 149
18 26 2 2 4
18 27 7 1 4
18 28 4 2 8
18 29 9 1 6
18 30 2 2 4
18 31 7 4 540
18 32 5 3 69
18 33 9 3 137
18 34 7 1 12
18 35 4 1 5
18 36 6 4 204
18 37 1 2 5
18 38 4 1 4
18 39 7 3 142
18 40 4 1 4
18 41 10 1 4
18 42 9 1 15
18 43 10 1 4
18 44 7 3 75
18 45 7 1 5
18 46 8 1 6
18 47 2 2 7
18 48 9 5 2763
18 49 4 5 2593
18 50 10 1 7
18 51 1 6 3418
18 52 10 6 25474
18 53 4 2 13
18 54 3 4 235
18 55 2 2 5
18 56 1 6 2815
18 57 3 5 1905
18 58 8 2 16
18 59 4 2 12
18 60 3 2 7
18 61 10 1 4
18 62 9 1 4
18 63 4 1 4
19 0 4 1 4
19 1 10 1 4
19 2 8 3 106
19 3 10 2 24
19 4 4 1 4
19 5 5 1 4
19 6 2 3 42
19 7 5 5 580
19 8 1 4 32
19 9 2 3 19
19 10 2 2 4
19 11 5 3 65
19 12 10 1 4
19 13 5 3 75
19 14 5 1 4
19 15 2 2 7
19 16 1 2 4
19 17 5 1 7
19 18 6 3 68
19 19 10 1 4
19 20 5 2 13
19 21 9 10 2360776684
19 22 6 1 4
19 23 8 1 4
19 24 3 3 22
19 25 7 2 15
19 26 3 3 21
19 27 5 1 5
19 28 10 1 4
19 29 2 2 4
19 30 9 1 4
19 31 10 1 7
19 32 9 1 7
19 33 1 4 66
19 34 9 6 18925
19 35 3 4 74
19 36 6 3 37
19 37 7 1 4
19 38 9 1 5
19 39 9 1 6
19 40 10 1 14
19 41 4 1 4
19 42 8 4 285
19 43 7 4 267
19 44 1 3 17
19 45 5 5 635
19 46 8 1 4
19 47 9 1 4
19 48 1 3 6
19 49 5 1 4
19 50 6 4 199
19 51 9 4 206
19 52 7 1 4
19 53 8 2 17
19 54 8 1 4
19 55 4 6 15391
19 56 1 2 4
19 57 10 1 5
19 58 3 1 4
19 59 8 2 22
19 60 9 2 34
19 61 4 4 230
19 62 7 1 4
19 63 6 5 2821
20 0 4 1 4
20 1 6 1 6
20 2 7 4 595
20 3 4 1 4
20 4 3 6 7692
20 5 2 2 4
20 6 3 1 5
20 7 6 1 4
20 8 10 1 6
20 9 6 1 6
20 10 1 2 4
20 11 7 5 1979
20 12 2 4 170
20 13 7 1 4
20 14 6 1 8
20 15 6 1 4
20 16 1 5 524
20 17 6 2 19
20 18 1 3 9
20 19 8 4 327
20 20 3 3 38
20 21 7 3 109
20 22 5 1 5
20 23 9 1 4
20 24 2 2 5
20 25 7 3 92
20 26 9 1 4
20 27 6 1 6
20 28 4 3 24
20 29 7 5 1510
20 30 6 2 11
20 31 8 1 4
20 32 5 1 6
20 33 5 4 119
20 34 4 4 94
20 35 1 2 4
20 36 2 3 25
20 37 4 5 893
20 38 10 1 4
20 39 4 1 4
20 40 2 3 11
20 41 3 1 4
20 42 7 2 31
20 43 9 1 4
20 44 3 3 60
20 45 8 1 11
20 46 1 4 23
20 47 6 3 42
20 48 9 1 9
20 49 10 1 4
20 50 9 1 6
20 51 9 1 5
20 52 7 5 2158
20 53 4 3 57
20 54 10 4 905
20 55 1 3 7
20 56 8 4 578
20 57 9 5 2646
20 58 6 2 24
20 59 1 8 95095
20 60 8 1 4
20 61 7 3 47
20 62 4 1 4
20 63 5 1 4
21 0 8 1 4
21 1 3 4 153
21 2 9 6 6628
21 3 6 1 10
21 4 2 3 37
21 5 4 1 4
21 6 2 2 6
21 7 9 2 35
21 8 10 1 5
21 9 5 3 85
21 10 7 1 4
21 11 2 2 4
21 12 5 1 7
21 13 6 2 11
21 14 4 4 205
21 15 5 1 4
21 16 2 3 11
21 17 9 4 459
21 18 1 3 7
21 19 5 1 6
21 20 2 4 97
21 21 3 1 4
21 22 9 4 619
21 23 1 4 53
21 24 4 1 4
21 25 4 2 12
21 26 4 1 6
21 27 10 8 687009
21 28 5 3 103
21 29 4 1 4
21 30 2 2 4
21 31 7 8 553058
21 32 5 1 7
21 33 4 1 4
21 34 1 3 17
21 35 5 3 45
21 36 1 3 6
21 37 6 1 4
21 38 2 4 70
21 39 4 3 43
21 40 8 1 4
21 41 10 1 12
21 42 10 3 119
21 43 10 1 6
21 44 8 1 8
21 45 7 3 104
21 46 2 2 4
21 47 7 3 40
21 48 4 5 2289
21 49 2 2 4
21 50 4 1 4
21 51 4 2 17
21 52 1 3 8
21 53 2 2 10
21 54 6 1 5
21 55 3 3 21
21 56 9 5 1915
21 57 10 1 4
21 58 2 2 4
21 59 4 1 4
21 60 10 1 4
21 61 4 2 9
21 62 10 1 4
21 63 5 1 8
22 0 5 1 4
22 1 6 1 4
22 2 6 1 4
22 3 10 1 5
22 4 2 2 5
22 5 7 1 10
22 6 7 3 88
22 7 3 2 6
22 8 9 1 4
22 9 8 3 65
22 10 1 3 9
22 11 4 1 4
22 12 7 1 6
22 13 6 1 4
22 14 1 2 5
22 15 3 3 49
22 16 4 3 29
22 17 2 8 140292
22 18 8 2 22
22 19 5 7 82815
22 20 8 5 1108
22 21 3 1 4
22 22 2 2 5
22 23 5 1 4
22 24 3 2 12
22 25 6 5 1791
22 26 6 6 11677
22 27 7 6 8050
22 28 6 6 11083
22 29 9 1 4
22 30 2 3 35
22 31 8 3 64
22 32 7 1 4
22 33 5 1 4
22 34 7 1 5
22 35 4 1 4
22 36 8 3 138
22 37 5 1 4
22 38 1 5 250
22 39 1 2 4
22 40 9 3 108
22 41 4 1 4
22 42 7 1 7
22 43 6 8 1783983
22 44 9 5 1038
22 45 1 3 10
22 46 5 1 4
22 47 1 5 211
22 48 7 5 1233
22 49 1 8 40634
22 50 8 1 13
22 51 2 2 4
22 52 7 1 9
22 53 3 4 323
22 54 4 5 1743
22 55 4 1 4
22 56 6 1 4
22 57 1 2 4
22 58 8 5 3324
22 59 8 3 81
22 60 1 3 9
22 61 6 1 9
22 62 8 8 326215
22 63 2 9 1977737
23 0 10 2 30
23 1 5 2 11
23 2 7 3 43
23 3 9 1 10
23 4 1 2 4
23 5 10 1 10
23 6 3 1 4
23 7 9 3 54
23 8 9 1 5
23 9 7 6 16862
23 10 8 7 207172
23 11 6 1 5
23 12 10 3 129
23 13 4 1 4
23 14 5 6 7625
23 15 6 6 22356
23 16 2 3 22
23 17 8 1 4
23 18 2 2 4
23 19 4 1 4
23 20 7 3 61
23 21 10 2 27
23 22 10 1 4
23 23 9 1 4
23 24 6 3 87
23 25 3 1 4
23 26 2 2 4
23 27 3 4 87
23 28 8 3 58
23 29 4 4 215
23 30 1 2 4
23 31 6 1 4
23 32 4 4 194
23 33 6 2 18
23 34 2 6 7926
23 35 1 3 7
23 36 5 1 3
23 37 5 1 4
23 38 10 2 40
23 39 10 6 19702
23 40 1 5 405
23 41 10 1 8
23 42 8 1 4
23 43 8 1 6
23 44 5 1 7
23 45 7 1 7
23 46 1 2 4
23 47 9 4 913
23 48 8 1 11
23 49 5 5 851
23 50 4 3 37
23 51 2 6 2653
23 52 9 2 24
23 53 10 1 4
23 54 3 3 32
23 55 10 1 8
23 56 3 1 4
23 57 6 1 4
23 58 2 4 61
23 59 3 1 4
23 60 9 2 24
23 61 9 2 23
23 62 8 1 4
23 63 10 1 4
24 0 2 6 5644
24 1 1 5 144
24 2 7 5 1301
24 3 1 2 4
24 4 10 6 29089
24 5 2 2 4
24 6 6 1 4
24 7 6 1 4
24 8 4 4 131
24 9 7 1 4
24 10 8 2 19
24 11 9 2 30
24 12 4 1 4
24 13 2 5 1056
24 14 7 3 90
24 15 10 1 4
24 16 1 2 4
24 17 2 4 138
24 18 8 1 4
24 19 4 3 29
24 20 8 1 5
24 21 9 1 4
24 22 1 2 4
24 23 2 2 4
24 24 5 2 13
24 25 6 3 35
24 26 7 1 4
24 27 10 3 68
24 28 1 3 18
24 29 1 6 3818
24 30 3 8 468319
24 31 7 5 4221
24 32 6 5 1301
24 33 8 7 66030
24 34 7 2 18
24 35 10 3 71
24 36 7 2 17
24 37 2 2 6
24 38 10 3 58
24 39 8 7 272495
24 40 1 2 4
24 41 9 1 4
24 42 5 2 11
24 43 10 4 522
24 44 5 1 6
24 45 9 1 7
24 46 6 1 9
24 47 9 1 4
24 48 8 1 5
24 49 5 4 383
24 50 4 3 22
24 51 9 1 7
24 52 8 5 1391
24 53 3 5 447
24 54 4 4 104
24 55 2 2 4
24 56 5 5 2785
24 57 3 3 46
24 58 7 4 318
24 59 9 1 5
24 60 1 7 24931
24 61 9 3 62
24 62 3 5 1418
24 63 6 4 146
25 0 2 5 241
25 1 8 3 49
25 2 10 3 170
25 3 7 3 102
25 4 1 2 4
25 5 4 1 4
25 6 5 4 244
25 7 7 1 9
25 8 6 8 907303
25 9 10 6 7856
25 10 9 1 4
25 11 6 1 4
25 12 9 1 4
25 13 6 2 12
25 14 5 1 4
25 15 2 7 14869
25 16 8 1 4
25 17 5 3 79
25 18 3 1 4
25 19 4 1 4
25 20 5 1 4
25 21 8 4 761
25 22 9 3 196
25 23 5 1 4
25 24 3 2 7
25 25 4 1 4
25 26 9 5 2857
25 27 2 5 1123
25 28 9 1 4
25 29 1 6 801
25 30 1 4 69
25 31 2 2 4
25 32 4 1 5
25 33 2 4 100
25 34 5 2 14
25 35 6 1 6
25 36 7 1 4
25 37 6 3 81
25 38 5 4 145
25 39 4 2 19
25 40 10 2 27
25 41 2 2 4
25 42 3 2 11
25 43 7 4 189
25 44 8 2 28
25 45 3 4 105
25 46 3 1 4
25 47 4 4 210
25 48 3 2 6
25 49 3 5 1562
25 50 4 3 63
25 51 7 1 5
25 52 5 3 89
25 53 2 2 4
25 54 7 1 4
25 55 8 1 4
25 56 4 3 48
25 57 5 2 14
25 58 6 2 14
25 59 3 10 12679955
25 60 3 2 8
25 61 5 1 4
25 62 2 2 4
25 63 3 1 4
26 0 3 4 174
26 1 9 1 9
26 2 6 2 12
26 3 5 1 7
26 4 6 4 384
26 5 4 1 4
26 6 9 7 178118
26 7 1 2 4
26 8 2 2 5
26 9 10 1 4
26 10 7 1 10
26 11 1 4 34
26 12 3 4 229
26 13 7 1 4
26 14 5 1 4
26 15 6 1 9
26 16 5 3 74
26 17 5 4 518
26 18 7 6 29105
26 19 8 1 4
26 20 4 2 9
26 21 8 2 25
26 22 9 5 1464
26 23 5 1 5
26 24 4 4 122
26 25 7 1 5
26 26 9 2 30
26 27 9 1 4
26 28 9 1 11
26 29 5 1 4
26 30 4 2 21
26 31 4 1 4
26 32 8 1 4
26 33 6 6 8878
26 34 6 1 4
26 35 4 1 6
26 36 3 1 4
26 37 10 1 5
26 38 10 1 4
26 39 9 1 9
26 40 5 4 275
26 41 8 7 112778
26 42 1 5 141
26 43 5 1 4
26 44 5 1 6
26 45 7 2 27
26 46 4 1 4
26 47 7 4 312
26 48 9 2 35
26 49 4 6 8358
26 50 9 1 4
26 51 6 3 59
26 52 4 1 5
26 53 4 3 46
26 54 7 1 9
26 55 9 4 234
26 56 8 5 4522
26 57 9 1 8
26 58 2 2 8
26 59 4 7 59680
26 60 9 2 32
26 61 1 2 4
26 62 2 2 9
26 63 5 1 4
27 0 8 7 57062
27 1 2 2 4
27 2 6 2 14
27 3 3 1 4
27 4 3 4 142
27 5 1 5 468
27 6 3 3 38
27 7 2 2 4
27 8 5 4 423
27 9 10 1 4
27 10 9 3 187
27 11 2 2 4
27 12 4 1 4
27 13 3 2 7
27 14 1 2 4
27 15 5 4 388
27 16 5 1 4
27 17 2 2 4
27 18 7 5 1111
27 19 10 1 11
27 20 1 2 4
27 21 10 1 4
27 22 8 1 4
27 23 10 1 5
27 24 2 4 82
27 25 2 2 4
27 26 9 7 51986
27 27 3 1 4
27 28 2 2 9
27 29 2 2 4
27 30 7 1 9
27 31 6 1 4
27 32 1 5 233
27 33 2 3 19
27 34 2 3 21
27 35 7 1 4
27 36 4 1 4
27 37 2 5 233
27 38 3 1 4
27 39 9 1 4
27 40 10 1 4
27 41 5 8 244207
27 42 10 1 5
27 43 5 3 50
27 44 10 1 4
27 45 10 1 14
27 46 9 2 30
27 47 9 1 5
27 48 3 4 249
27 49 2 7 33842
27 50 9 2 42
27 51 6 1 4
27 52 2 3 15
27 53 9 4 310
27 54 6 1 4
27 55 6 4 232
27 56 4 1 4
27 57 8 3 45
27 58 5 1 4
27 59 7 1 4
27 60 5 2 14
27 61 1 2 4
27 62 9 2 20
27 63 3 2 6
28 0 10 2 21
28 1 7 1 4
28 2 4 1 4
28 3 7 6 25732
28 4 1 3 10
28 5 1 2 4
28 6 7 3 38
28 7 7 1 12
28 8 9 6 27722
28 9 2 3 20
28 10 3 2 13
28 11 10 1 4
28 12 2 5 319
28 13 7 2 13
28 14 3 4 86
28 15 9 1 4
28 16 10 2 27
28 17 1 4 34
28 18 1 3 16
28 19 1 7 9056
28 20 7 2 14
28 21 1 6 863
28 22 4 7 24964
28 23 6 3 43
28 24 3 2 14
28 25 6 1 4
28 26 1 3 6
28 27 2 3 42
28 28 2 4 113
28 29 3 2 6
28 30 9 1 6
28 31 10 3 66
28 32 2 7 11477
28 33 7 2 17
28 34 2 2 4
28 35 9 1 10
28 36 2 2 4
28 37 3 4 121
28 38 6 1 5
28 39 5 1 4
28 40 1 4 44
28 41 8 3 65
28 42 4 5 1880
28 43 8 1 4
28 44 6 1 4
28 45 3 5 973
28 46 3 6 7950
28 47 4 6 5619
28 48 10 1 4
28 49 1 2 4
28 50 9 1 4
28 51 2 3 20
28 52 10 6 12060
28 53 4 4 104
28 54 4 4 136
28 55 4 4 422
28 56 6 2 22
28 57 1 4 63
28 58 4 3 28
28 59 4 3 50
28 60 6 1 4
28 61 6 1 5
28 62 7 5 2514
28 63 10 2 19
29 0 4 2 10
29 1 6 1 4
29 2 2 7 65562
29 3 10 1 13
29 4 2 5 1139
29 5 2 2 4
29 6 7 1 12
29 7 9 7 57240
29 8 1 2 4
29 9 6 4 318
29 10 3 3 23
29 11 1 2 4
29 12 10 1 10
29 13 3 1 4
29 14 1 10 10492438
29 15 3 4 115
29 16 9 1 4
29 17 1 3 21
29 18 4 3 36
29 19 5 1 4
29 20 7 1 4
29 21 1 2 4
29 22 3 3 36
29 23 5 1 4
29 24 2 3 30
29 25 10 1 6
29 26 4 1 4
29 27 8 1 14
29 28 9 1 4
29 29 8 1 4
29 30 6 1 4
29 31 5 4 133
29 32 7 4 342
29 33 8 1 4
29 34 7 1 12
29 35 9 2 41
29 36 3 4 219
29 37 1 5 203
29 38 5 9 16083166
29 39 6 1 4
29 40 8 1 4
29 41 2 2 4
29 42 10 1 4
29 43 7 6 15700
29 44 3 1 4
29 45 10 1 7
29 46 7 5 1944
29 47 2 7 14279
29 48 7 4 184
29 49 3 2 8
29 50 2 8 122589
29 51 8 3 97
29 52 5 5 2796
29 53 6 1 4
29 54 8 1 8
29 55 9 4 324
29 56 4 3 70
29 57 1 2 4
29 58 6 2 22
29 59 2 2 4
29 60 2 2 10
29 61 5 4 122
29 62 9 1 9
29 63 3 7 20749
30 0 4 1 4
30 1 5 1 6
30 2 6 1 4
30 3 5 1 4
30 4 6 2 17
30 5 4 1 7
30 6 5 4 139
30 7 8 1 12
30 8 5 2 10
30 9 6 10 41385785
30 10 5 1 4
30 11 6 3 94
30 12 3 3 20
30 13 1 3 6
30 14 1 2 4
30 15 1 3 8
30 16 6 1 4
30 17 3 1 5
30 18 6 5 1618
30 19 2 2 4
30 20 6 4 141
30 21 4 4 264
30 22 10 6 30087
30 23 1 2 5
30 24 6 1 6
30 25 1 2 4
30 26 9 1 4
30 27 3 1 4
30 28 9 1 4
30 29 8 3 176
30 30 4 1 4
30 31 4 1 7
30 32 7 1 6
30 33 4 1 4
30 34 9 1 4
30 35 8 1 4
30 36 10 4 243
30 37 5 3 43
30 38 7 4 328
30 39 3 1 5
30 40 8 2 33
30 41 3 4 121
30 42 2 3 44
30 43 10 1 4
30 44 3 1 4
30 45 1 3 12
30 46 2 5 248
30 47 8 1 4
30 48 1 3 6
30 49 7 3 110
30 50 1 4 94
30 51 7 4 678
30 52 3 2 7
30 53 10 1 14
30 54 6 3 127
30 55 7 1 6
30 56 2 3 14
30 57 6 1 10
30 58 5 2 24
30 59 3 2 12
30 60 8 1 4
30 61 4 4 295
30 62 2 2 7
30 63 9 3 71
31 0 2 6 3522
31 1 3 5 1672
31 2 4 1 4
31 3 1 4 35
31 4 2 3 27
31 5 9 1 4
31 6 6 4 313
31 7 2 3 15
31 8 8 8 893470
31 9 10 5 2965
31 10 1 2 4
31 11 4 7 51308
31 12 8 1 7
31 13 9 1 4
31 14 7 1 8
31 15 4 3 67
31 16 10 1 16
31 17 8 1 4
31 18 9 1 7
31 19 5 3 44
31 20 10 1 4
31 21 7 1 4
31 22 9 1 14
31 23 4 1 4
31 24 5 3 54
31 25 10 1 4
31 26 8 2 18
31 27 5 1 7
31 28 4 2 16
31 29 7 1 6
31 30 4 1 7
31 31 1 4 29
31 32 9 1 4
31 33 2 2 4
31 34 6 1 4
31 35 8 2 18
31 36 8 1 4
31 37 5 1 4
31 38 4 3 24
31 39 3 5 493
31 40 10 1 7
31 41 1 8 51695
31 42 9 2 19
31 43 6 1 6
31 44 10 3 75
31 45 9 1 4
31 46 2 6 6789
31 47 6 4 217
31 48 8 1 4
31 49 1 2 4
31 50 6 3 32
31 51 3 6 11392
31 52 9 6 17806
31 53 8 1 7
31 54 10 2 31
31 55 7 1 4
31 56 1 2 4
31 57 10 1 9
31 58 8 1 4
31 59 8 3 80
31 60 4 1 4
31 61 9 2 19
31 62 6 3 119
31 63 2 4 105
32 0 4 8 225279
32 1 8 1 4
32 2 4 5 866
32 3 1 2 4
32 4 2 2 4
32 5 6 2 11
32 6 10 1 5
32 7 4 3 33
32 8 7 1 4
32 9 9 1 4
32 10 2 2 4
32 11 5 5 1406
32 12 8 1 4
32 13 1 4 57
32 14 6 1 4
32 15 5 2 14
32 16 6 1 4
32 17 1 2 5
32 18 10 1 6
32 19 7 3 46
32 20 7 1 4
32 21 5 1 4
32 22 10 1 14
32 23 6 2 12
32 24 3 1 5
32 25 9 1 4
32 26 2 5 288
32 27 7 2 35
32 28 8 2 17
32 29 3 1 4
32 30 5 1 4
32 31 7 1 4
32 32 9 1 13
32 33 2 2 6
32 34 4 1 6
32 35 9 1 4
32 36 2 8 520422
32 37 10 1 4
32 38 9 1 4
32 39 8 3 84
32 40 8 1 4
32 41 5 4 217
32 42 4 6 13271
32 43 8 1 4
32 44 10 1 10
32 45 3 3 55
32 46 6 5 869
32 47 6 1 4
32 48 9 1 10
32 49 10 1 4
32 50 5 2 9
32 51 6 4 235
32 52 2 2 9
32 53 3 5 1001
32 54 2 5 1195
32 55 5 4 283
32 56 10 5 5841
32 57 6 1 4
32 58 9 1 13
32 59 6 1 7
32 60 5 1 8
32 61 6 1 4
32 62 7 1 4
32 63 2 4 45
33 0 1 3 10
33 1 2 3 42
33 2 5 1 4
33 3 1 2 4
33 4 6 4 169
33 5 7 1 4
33 6 6 1 4
33 7 4 5 897
33 8 9 1 4
33 9 6 3 52
33 10 3 1 4
33 11 4 5 2234
33 12 6 1 4
33 13 2 2 4
33 14 7 1 7
33 15 1 2 4
33 16 3 3 38
33 17 10 1 14
33 18 2 2 4
33 19 9 1 4
33 20 5 1 4
33 21 9 5 1069
33 22 6 4 213
33 23 9 1 4
33 24 5 1 4
33 25 8 1 6
33 26 9 1 4
33 27 1 3 12
33 28 4 4 110
33 29 2 2 4
33 30 7 4 161
33 31 7 5 2795
33 32 9 1 4
33 33 8 1 4
33 34 4 3 37
33 35 4 3 24
33 36 2 4 49
33 37 8 1 4
33 38 5 1 4
33 39 8 1 7
33 40 8 1 4
33 41 9 4 645
33 42 8 2 42
33 43 4 1 4
33 44 10 1 14
33 45 7 1 10
33 46 3 2 7
33 47 2 4 78
33 48 6 1 4
33 49 4 3 23
33 50 6 1 4
33 51 7 1 10
33 52 8 1 4
33 53 4 2 17
33 54 8 1 14
33 55 7 1 6
33 56 3 1 4
33 57 2 4 114
33 58 2 9 1154884
33 59 10 2 30
33 60 3 4 73
33 61 2 3 19
33 62 3 1 4
33 63 7 1 4
34 0 5 2 16
34 1 9 1 6
34 2 5 6 7463
34 3 3 3 29
34 4 1 5 330
34 5 7 1 5
34 6 6 1 4
34 7 2 5 284
34 8 1 3 7
34 9 5 3 33
34 10 10 1 9
34 11 6 1 4
34 12 9 1 4
34 13 7 1 4
34 14 10 1 11
34 15 7 2 36
34 16 6 5 3318
34 17 6 1 4
34 18 8 1 6
34 19 6 1 5
34 20 3 1 4
34 21 8 1 5
34 22 2 2 6
34 23 4 1 4
34 24 4 1 4
34 25 5 1 4
34 26 7 7 38034
34 27 7 4 685
34 28 7 1 4
34 29 1 2 4
34 30 7 1 4
34 31 2 4 171
34 32 10 2 20
34 33 2 4 151
34 34 5 2 9
34 35 2 2 4
34 36 2 4 100
34 37 7 2 22
34 38 8 1 4
34 39 8 1 10
34 40 1 4 80
34 41 6 1 4
34 42 3 9 2858392
34 43 4 2 19
34 44 2 2 7
34 45 5 2 12
34 46 8 2 20
34 47 6 3 71
34 48 4 1 4
34 49 10 2 31
34 50 1 2 4
34 51 2 7 15439
34 52 6 1 4
34 53 5 4 232
34 54 4 1 4
34 55 4 3 88
34 56 1 5 174
34 57 5 2 11
34 58 7 5 1117
34 59 10 1 4
34 60 9 1 8
34 61 7 2 26
34 62 3 3 23
34 63 3 1 4
35 0 2 4 180
35 1 9 4 364
35 2 6 3 33
35 3 1 2 4
35 4 3 3 38
35 5 3 3 51
35 6 8 2 22
35 7 6 2 24
35 8 4 2 9
35 9 9 6 30705
35 10 6 2 17
35 11 2 3 15
35 12 6 1 4
35 13 9 1 4
35 14 10 5 1608
35 15 6 1 7
35 16 3 3 51
35 17 10 1 8
35 18 3 1 4
35 19 7 1 4
35 20 7 2 22
35 21 6 1 6
35 22 9 3 100
35 23 10 1 4
35 24 5 4 326
35 25 7 1 4
35 26 10 1 4
35 27 10 3 62
35 28 5 4 413
35 29 10 1 7
35 30 1 4 53
35 31 5 1 4
35 32 10 3 104
35 33 7 1 4
35 34 7 1 11
35 35 4 2 18
35 36 7 1 4
35 37 1 8 69228
35 38 1 4 76
35 39 9 1 14
35 40 1 2 4
35 41 4 1 4
35 42 9 1 4
35 43 6 7 45002
35 44 3 1 4
35 45 6 3 122
35 46 2 4 107
35 47 3 1 4
35 48 4 4 90
35 49 5 1 4
35 50 10 1 4
35 51 5 1 4
35 52 1 7 12209
35 53 7 1 4
35 54 4 2 15
35 55 9 1 8
35 56 7 1 4
35 57 2 3 31
35 58 5 1 4
35 59 6 1 4
35 60 8 1 4
35 61 8 7 223708
35 62 3 1 4
35 63 10 1 5
36 0 5 2 23
36 1 6 2 20
36 2 8 4 299
36 3 5 1 4
36 4 1 2 4
36 5 2 3 24
36 6 7 2 17
36 7 7 2 18
36 8 5 2 14
36 9 10 3 138
36 10 9 1 12
36 11 9 8 462484
36 12 6 3 88
36 13 8 1 6
36 14 3 3 32
36 15 7 1 4
36 16 10 1 6
36 17 1 6 2093
36 18 10 3 63
36 19 9 4 835
36 20 9 2 17
36 21 9 1 4
36 22 5 4 311
36 23 5 1 4
36 24 7 1 8
36 25 1 4 57
36 26 1 3 14
36 27 1 2 4
36 28 5 1 4
36 29 5 4 209
36 30 2 2 4
36 31 5 3 28
36 32 3 1 5
36 33 7 1 6
36 34 5 1 4
36 35 9 2 23
36 36 6 4 307
36 37 7 1 4
36 38 4 1 4
36 39 5 4 179
36 40 6 2 15
36 41 4 5 1265
36 42 7 1 4
36 43 9 1 6
36 44 5 1 4
36 45 9 4 260
36 46 2 2 4
36 47 1 4 65
36 48 1 3 9
36 49 9 1 4
36 50 5 1 7
36 51 7 1 4
36 52 4 1 4
36 53 4 1 4
36 54 8 2 15
36 55 6 1 8
36 56 7 5 1387
36 57 10 1 4
36 58 5 1 4
36 59 3 6 13481
36 60 8 5 2605
36 61 9 5 1286
36 62 1 2 4
36 63 3 3 21
37 0 6 1 6
37 1 10 1 5
37 2 7 7 158751
37 3 7 2 15
37 4 4 4 94
37 5 4 1 4
37 6 2 2 4
37 7 6 1 7
37 8 8 5 1296
37 9 2 6 1921
37 10 5 1 4
37 11 2 2 7
37 12 5 1 5
37 13 10 1 4
37 14 6 1 4
37 15 7 1 4
37 16 5 6 20585
37 17 10 1 11
37 18 3 2 6
37 19 9 1 4
37 20 1 4 26
37 21 5 3 84
37 22 7 1 7
37 23 5 5 1254
37 24 2 4 65
37 25 10 1 14
37 26 9 2 35
37 27 1 3 7
37 28 6 3 45
37 29 8 6 11836
37 30 2 3 23
37 31 8 1 4
37 32 5 2 19
37 33 8 1 8
37 34 8 4 321
37 35 8 3 44
37 36 3 1 4
37 37 4 9 7822789
37 38 5 1 5
37 39 9 3 173
37 40 7 6 11327
37 41 5 7 36224
37 42 5 4 397
37 43 8 1 4
37 44 1 4 25
37 45 7 2 25
37 46 3 3 19
37 47 9 1 4
37 48 2 3 13
37 49 1 3 7
37 50 6 3 32
37 51 7 1 4
37 52 7 1 4
37 53 7 4 699
37 54 4 3 58
37 55 10 1 4
37 56 2 2 4
37 57 5 1 5
37 58 6 1 4
37 59 9 1 15
37 60 3 2 11
37 61 2 7 12652
37 62 9 3 96
37 63 4 3 60
38 0 7 1 5
38 1 10 3 205
38 2 9 1 4
38 3 10 5 4144
38 4 1 5 635
38 5 10 5 1209
38 6 1 3 17
38 7 2 5 423
38 8 7 3 73
38 9 2 2 5
38 10 5 1 4
38 11 10 1 5
38 12 10 3 66
38 13 4 2 14
38 14 1 7 24484
38 15 1 4 63
38 16 6 1 6
38 17 7 1 5
38 18 3 4 207
38 19 4 1 4
38 20 3 8 183247
38 21 4 1 4
38 22 7 3 53
38 23 1 6 1158
38 24 2 6 2089
38 25 1 3 10
38 26 10 2 28
38 27 4 1 4
38 28 3 4 81
38 29 7 5 1228
38 30 5 1 4
38 31 4 1 4
38 32 6 2 15
38 33 8 2 15
38 34 1 3 7
38 35 4 2 14
38 36 8 2 38
38 37 4 1 4
38 38 4 1 4
38 39 8 3 95
38 40 1 4 87
38 41 7 1 6
38 42 9 2 21
38 43 2 3 14
38 44 9 4 258
38 45 5 6 13309
38 46 6 6 16672
38 47 8 7 44257
38 48 1 6 3244
38 49 4 1 6
38 50 6 1 4
38 51 5 3 35
38 52 8 1 4
38 53 3 2 13
38 54 3 1 4
38 55 4 3 69
38 56 6 1 4
38 57 6 3 47
38 58 1 2 4
38 59 7 8 557919
38 60 10 1 4
38 61 7 1 4
38 62 4 1 4
38 63 4 1 7
39 0 4 2 8
39 1 6 1 4
39 2 9 9 4052942
39 3 10 3 202
39 4 8 1 9
39 5 1 7 6674
39 6 3 6 2125
39 7 9 1 4
39 8 2 4 62
39 9 3 5 962
39 10 7 1 4
39 11 6 1 4
39 12 2 2 6
39 13 8 1 4
39 14 7 8 314828
39 15 4 3 52
39 16 8 5 1771
39 17 2 3 34
39 18 3 1 4
39 19 7 1 4
39 20 5 1 4
39 21 5 1 4
39 22 7 6 6856
39 23 2 4 166
39 24 6 1 4
39 25 2 4 127
39 26 6 1 9
39 27 3 2 10
39 28 1 3 14
39 29 8 1 6
39 30 3 7 43768
39 31 2 3 33
39 32 8 1 4
39 33 7 3 114
39 34 7 1 4
39 35 1 2 4
39 36 5 5 1018
39 37 5 2 10
39 38 10 1 6
39 39 9 6 8613
39 40 4 1 4
39 41 6 2 14
39 42 8 5 956
39 43 1 3 6
39 44 1 2 4
39 45 9 1 7
39 46 5 5 571
39 47 10 1 4
39 48 2 7 11529
39 49 4 5 475
39 50 3 3 58
39 51 8 2 15
39 52 1 3 11
39 53 6 2 11
39 54 7 1 6
39 55 6 1 4
39 56 4 3 55
39 57 1 4 104
39 58 9 6 17942
39 59 8 1 6
39 60 2 7 18158
39 61 8 1 4
39 62 4 2 18
39 63 1 7 30864
40 0 10 5 6686
40 1 4 4 202
40 2 9 1 10
40 3 6 1 4
40 4 8 1 4
40 5 10 1 4
40 6 2 4 82
40 7 6 9 9733548
40 8 10 6 27806
40 9 8 1 9
40 10 1 6 758
40 11 8 1 4
40 12 6 3 37
40 13 6 3 34
40 14 2 2 10
40 15 5 4 312
40 16 4 5 1197
40 17 1 2 5
40 18 9 1 4
40 19 5 5 2014
40 20 3 3 38
40 21 3 7 102622
40 22 8 7 134820
40 23 8 1 4
40 24 7 1 4
40 25 1 4 24
40 26 7 3 95
40 27 5 1 4
40 28 7 5 2047
40 29 1 2 5
40 30 2 3 22
40 31 4 1 4
40 32 9 1 4
40 33 2 3 41
40 34 4 1 4
40 35 1 3 14
40 36 3 7 21646
40 37 10 1 9
40 38 3 7 24992
40 39 6 1 4
40 40 9 1 4
40 41 8 1 5
40 42 2 5 573
40 43 10 1 9
40 44 4 3 22
40 45 5 4 129
40 46 1 3 11
40 47 2 2 4
40 48 7 3 125
40 49 6 1 4
40 50 8 3 59
40 51 10 1 4
40 52 9 1 4
40 53 9 1 4
40 54 8 1 4
40 55 3 2 9
40 56 7 1 4
40 57 10 1 8
40 58 3 5 1434
40 59 8 1 4
40 60 5 1 4
40 61 9 1 8
40 62 5 7 75511
40 63 10 3 63
41 0 7 1 9
41 1 3 1 4
41 2 3 2 6
41 3 2 2 10
41 4 6 1 9
41 5 4 2 19
41 6 9 5 1025
41 7 1 2 4
41 8 4 2 12
41 9 3 1 4
41 10 6 1 4
41 11 7 1 7
41 12 2 2 4
41 13 9 1 11
41 14 2 4 187
41 15 5 1 4
41 16 6 1 4
41 17 6 1 4
41 18 8 3 146
41 19 6 2 14
41 20 4 2 12
41 21 10 2 41
41 22 2 5 904
41 23 10 1 6
41 24 9 3 79
41 25 9 7 57234
41 26 9 1 10
41 27 2 2 4
41 28 10 6 31120
41 29 4 1 6
41 30 10 5 1749
41 31 2 2 4
41 32 8 5 3825
41 33 10 6 13981
41 34 5 4 413
41 35 2 3 21
41 36 10 2 32
41 37 7 5 3835
41 38 8 1 4
41 39 10 3 58
41 40 9 1 6
41 41 3 1 4
41 42 8 2 27
41 43 8 5 1035
41 44 6 4 318
41 45 9 1 4
41 46 1 2 4
41 47 7 4 495
41 48 6 1 4
41 49 5 2 20
41 50 5 2 18
41 51 4 5 1466
41 52 10 3 129
41 53 10 1 4
41 54 7 3 149
41 55 9 2 47
41 56 6 2 11
41 57 2 4 202
41 58 10 1 4
41 59 6 4 270
41 60 6 1 9
41 61 9 2 24
41 62 2 5 856
41 63 3 6 8845
42 0 7 2 13
42 1 3 5 710
42 2 3 3 24
42 3 3 1 4
42 4 3 2 6
42 5 5 4 192
42 6 6 1 6
42 7 4 4 119
42 8 1 3 6
42 9 3 2 15
42 10 9 5 2259
42 11 6 4 189
42 12 7 1 4
42 13 7 1 6
42 14 3 2 8
42 15 7 1 4
42 16 2 2 6
42 17 1 2 4
42 18 4 2 11
42 19 5 7 110813
42 20 4 1 7
42 21 2 2 4
42 22 9 3 172
42 23 6 3 64
42 24 3 2 8
42 25 1 2 4
42 26 1 3 8
42 27 8 1 4
42 28 5 1 4
42 29 8 3 56
42 30 1 5 118
42 31 1 2 4
42 32 8 1 5
42 33 2 2 4
42 34 4 1 6
42 35 7 1 4
42 36 8 1 4
42 37 1 3 11
42 38 1 3 12
42 39 10 1 4
42 40 3 5 574
42 41 8 1 4
42 42 6 1 4
42 43 9 1 4
42 44 9 1 4
42 45 7 1 4
42 46 7 1 4
42 47 6 2 29
42 48 8 1 4
42 49 2 2 4
42 50 1 3 7
42 51 2 4 135
42 52 6 2 15
42 53 3 2 11
42 54 3 1 4
42 55 9 2 23
42 56 4 6 5695
42 57 4 1 7
42 58 8 2 28
42 59 6 2 24
42 60 7 1 4
42 61 5 1 4
42 62 10 1 6
42 63 5 1 4
43 0 4 1 4
43 1 6 1 6
43 2 7 5 1295
43 3 5 1 4
43 4 5 2 16
43 5 4 5 638
43 6 1 4 85
43 7 10 1 15
43 8 9 1 4
43 9 6 2 30
43 10 2 3 20
43 11 4 4 274
43 12 9 1 4
43 13 9 2 24
43 14 2 2 4
43 15 5 2 11
43 16 4 3 32
43 17 5 1 4
43 18 3 2 6
43 19 6 7 225397
43 20 8 1 4
43 21 2 4 170
43 22 3 4 68
43 23 6 1 6
43 24 9 1 13
43 25 1 2 4
43 26 6 2 17
43 27 10 1 17
43 28 8 1 4
43 29 5 6 8972
43 30 2 2 4
43 31 2 2 4
43 32 8 1 4
43 33 7 1 4
43 34 10 1 9
43 35 7 1 4
43 36 3 3 21
43 37 10 1 10
43 38 9 1 5
43 39 3 3 26
43 40 9 4 621
43 41 7 1 7
43 42 3 7 85285
43 43 10 2 25
43 44 9 5 2109
43 45 10 1 4
43 46 4 2 21
43 47 5 1 8
43 48 1 4 47
43 49 5 5 2137
43 50 5 5 756
43 51 4 10 1474366462
43 52 7 1 4
43 53 4 1 4
43 54 7 1 4
43 55 7 2 15
43 56 1 3 6
43 57 10 5 1351
43 58 9 1 4
43 59 3 3 61
43 60 5 3 76
43 61 6 4 361
43 62 7 4 384
43 63 4 8 267382
44 0 6 1 4
44 1 4 2 13
44 2 6 5 1918
44 3 7 1 7
44 4 6 1 6
44 5 2 3 18
44 6 4 1 7
44 7 2 2 4
44 8 3 1 4
44 9 9 5 2423
44 10 1 6 695
44 11 7 6 5299
44 12 1 3 12
44 13 6 1 4
44 14 2 2 4
44 15 5 1 4
44 16 10 1 6
44 17 8 4 310
44 18 1 2 4
44 19 4 6 13669
44 20 7 6 33477
44 21 8 1 4
44 22 10 1 4
44 23 2 3 14
44 24 6 3 48
44 25 7 1 4
44 26 4 1 5
44 27 2 4 125
44 28 10 2 25
44 29 7 1 6
44 30 5 1 4
44 31 8 1 4
44 32 10 1 4
44 33 10 1 4
44 34 5 1 4
44 35 9 1 4
44 36 1 4 40
44 37 2 2 8
44 38 7 5 3371
44 39 4 4 196
44 40 10 1 4
44 41 5 4 477
44 42 5 1 4
44 43 1 8 185837
44 44 4 2 8
44 45 7 1 6
44 46 6 1 4
44 47 6 1 4
44 48 1 5 116
44 49 8 1 4
44 50 5 1 8
44 51 6 1 10
44 52 1 2 4
44 53 3 1 5
44 54 1 5 381
44 55 9 8 669678
44 56 8 1 4
44 57 7 1 6
44 58 5 3 32
44 59 6 1 4
44 60 8 6 22362
44 61 7 1 4
44 62 8 2 19
44 63 10 1 4
45 0 6 1 4
45 1 6 2 16
45 2 2 2 4
45 3 5 2 17
45 4 9 6 12694
45 5 2 2 9
45 6 4 7 62364
45 7 1 4 70
45 8 6 1 4
45 9 4 2 13
45 10 7 4 329
45 11 8 1 4
45 12 8 1 4
45 13 2 6 2204
45 14 4 1 6
45 15 10 1 12
45 16 6 1 8
45 17 9 2 23
45 18 9 1 8
45 19 3 6 7602
45 20 6 1 4
45 21 8 3 62
45 22 4 1 4
45 23 4 6 15499
45 24 7 3 149
45 25 10 1 4
45 26 8 1 4
45 27 10 9 3697892
45 28 3 2 13
45 29 5 4 116
45 30 3 5 1280
45 31 10 1 5
45 32 6 4 149
45 33 4 2 11
45 34 5 2 17
45 35 4 3 58
45 36 2 2 10
45 37 7 1 4
45 38 1 3 9
45 39 9 5 2913
45 40 3 2 12
45 41 2 6 2738
45 42 7 1 7
45 43 9 1 4
45 44 9 2 47
45 45 3 3 46
45 46 7 1 6
45 47 6 1 8
45 48 9 2 18
45 49 6 2 15
45 50 4 3 30
45 51 10 1 4
45 52 10 1 9
45 53 4 6 4399
45 54 5 1 4
45 55 6 6 20055
45 56 9 1 4
45 57 9 2 16
45 58 9 7 200635
45 59 6 2 21
45 60 6 1 4
45 61 5 6 19811
45 62 5 8 1199927
45 63 10 1 12
46 0 2 4 66
46 1 3 2 9
46 2 7 4 684
46 3 7 1 10
46 4 9 7 98252
46 5 4 3 40
46 6 10 10 409274540
46 7 6 5 799
46 8 5 2 14
46 9 9 2 24
46 10 10 1 4
46 11 6 1 4
46 12 5 1 4
46 13 7 1 4
46 14 6 2 20
46 15 1 2 5
46 16 2 7 32704
46 17 4 3 63
46 18 10 1 4
46 19 1 2 4
46 20 6 2 14
46 21 8 1 10
46 22 7 1 4
46 23 6 1 4
46 24 4 1 4
46 25 10 1 10
46 26 3 1 4
46 27 2 2 4
46 28 10 1 4
46 29 9 9 6156798
46 30 4 4 355
46 31 5 1 4
46 32 2 3 17
46 33 7 4 304
46 34 2 2 4
46 35 1 2 5
46 36 6 2 17
46 37 9 4 519
46 38 8 4 735
46 39 3 1 5
46 40 3 1 4
46 41 3 6 5692
46 42 5 1 4
46 43 5 7 59712
46 44 2 3 11
46 45 3 1 4
46 46 7 7 38610
46 47 1 2 4
46 48 7 2 14
46 49 1 2 4
46 50 8 1 4
46 51 6 1 4
46 52 9 1 4
46 53 6 4 368
46 54 4 4 221
46 55 10 2 45
46 56 2 2 5
46 57 9 1 4
46 58 1 4 53
46 59 9 5 5029
46 60 5 3 42
46 61 6 7 31176
46 62 7 1 4
46 63 8 1 4
47 0 9 1 9
47 1 2 2 4
47 2 2 2 4
47 3 10 1 4
47 4 9 5 2795
47 5 2 2 4
47 6 4 2 8
47 7 2 2 9
47 8 7 1 4
47 9 2 2 7
47 10 10 3 131
47 11 2 4 132
47 12 9 1 4
47 13 7 1 4
47 14 3 9 2543151
47 15 10 1 8
47 16 6 4 358
47 17 3 3 20
47 18 6 1 4
47 19 3 4 94
47 20 2 2 4
47 21 8 1 4
47 22 3 1 4
47 23 6 1 4
47 24 3 4 139
47 25 8 1 7
47 26 5 3 65
47 27 4 3 24
47 28 3 5 1600
47 29 7 3 59
47 30 6 1 5
47 31 10 1 4
47 32 8 6 11033
47 33 8 7 207225
47 34 8 1 10
47 35 5 2 9
47 36 9 9 8269761
47 37 5 1 4
47 38 7 2 27
47 39 9 1 11
47 40 2 2 6
47 41 2 2 5
47 42 6 5 1847
47 43 7 1 5
47 44 1 4 53
47 45 7 1 7
47 46 2 2 8
47 47 8 5 1730
47 48 1 2 4
47 49 2 2 4
47 50 6 2 14
47 51 9 1 6
47 52 6 5 1231
47 53 8 8 399737
47 54 7 1 10
47 55 7 1 4
47 56 6 1 7
47 57 1 4 49
47 58 3 6 2287
47 59 1 2 4
47 60 10 3 66
47 61 7 1 6
47 62 2 2 6
47 63 5 6 4993
48 0 7 2 37
48 1 1 4 62
48 2 7 4 166
48 3 3 2 9
48 4 6 7 44368
48 5 6 1 4
48 6 6 2 14
48 7 10 3 110
48 8 7 7 38241
48 9 9 1 6
48 10 5 2 13
48 11 2 2 4
48 12 10 1 16
48 13 3 1 4
48 14 6 1 8
48 15 4 2 14
48 16 2 2 4
48 17 10 1 4
48 18 10 2 19
48 19 9 1 5
48 20 5 4 299
48 21 6 1 4
48 22 9 1 12
48 23 4 2 14
48 24 2 5 599
48 25 10 1 4
48 26 4 2 10
48 27 1 3 8
48 28 1 7 13133
48 29 7 1 9
48 30 3 2 13
48 31 4 2 12
48 32 1 2 4
48 33 5 1 8
48 34 3 6 8713
48 35 2 4 124
48 36 6 2 21
48 37 2 2 4
48 38 9 1 4
48 39 10 1 4
48 40 10 1 4
48 41 8 1 6
48 42 2 2 4
48 43 9 1 7
48 44 2 2 4
48 45 3 1 4
48 46 8 2 36
48 47 3 9 6483963
48 48 8 1 4
48 49 9 1 4
48 50 6 6 6174
48 51 5 3 30
48 52 9 6 11478
48 53 3 2 11
48 54 7 1 4
48 55 6 1 4
48 56 9 5 1436
48 57 9 1 4
48 58 6 3 91
48 59 10 2 41
48 60 7 2 18
48 61 10 1 7
48 62 5 4 439
48 63 3 6 3301
49 0 5 2 19
49 1 10 1 6
49 2 4 5 681
49 3 10 1 6
49 4 1 2 4
49 5 7 5 1895
49 6 8 4 283
49 7 10 1 4
49 8 5 1 7
49 9 2 3 18
49 10 10 1 4
49 11 4 3 81
49 12 5 2 19
49 13 6 3 32
49 14 1 4 32
49 15 8 3 74
49 16 8 1 4
49 17 2 2 5
49 18 7 6 13496
49 19 10 2 45
49 20 9 5 1788
49 21 10 1 4
49 22 1 3 9
49 23 10 1 4
49 24 1 4 27
49 25 1 4 25
49 26 9 1 7
49 27 9 4 340
49 28 2 3 12
49 29 8 1 4
49 30 3 4 110
49 31 8 1 5
49 32 5 9 5085084
49 33 6 7 91065
49 34 6 1 4
49 35 4 3 86
49 36 3 2 8
49 37 10 3 157
49 38 3 3 31
49 39 2 4 46
49 40 7 4 489
49 41 6 1 4
49 42 9 1 4
49 43 10 1 4
49 44 3 5 674
49 45 10 6 15737
49 46 6 1 4
49 47 4 5 588
49 48 7 5 1831
49 49 1 2 4
49 50 10 1 4
49 51 10 1 9
49 52 8 1 9
49 53 2 2 4
49 54 7 7 41694
49 55 1 2 4
49 56 10 1 4
49 57 10 4 1071
49 58 9 1 7
49 59 4 1 6
49 60 3 3 23
49 61 4 1 7
49 62 9 1 4
49 63 8 1 4
50 0 3 7 28211
50 1 6 2 17
50 2 9 7 99060
50 3 10 3 56
50 4 8 1 4
50 5 10 1 6
50 6 1 2 4
50 7 8 4 235
50 8 9 1 8
50 9 5 3 36
50 10 4 2 9
50 11 6 4 614
50 12 6 1 4
50 13 7 6 12939
50 14 1 3 17
50 15 5 1 4
50 16 4 2 9
50 17 5 1 4
50 18 9 1 4
50 19 10 1 4
50 20 10 4 293
50 21 5 1 6
50 22 2 3 40
50 23 3 3 18
50 24 8 1 4
50 25 3 2 10
50 26 1 5 240
50 27 2 2 7
50 28 2 3 15
50 29 1 2 4
50 30 9 3 64
50 31 2 2 4
50 32 1 2 4
50 33 10 1 12
50 34 4 1 6
50 35 7 1 4
50 36 9 1 4
50 37 8 1 4
50 38 2 4 58
50 39 8 1 10
50 40 5 2 11
50 41 4 2 12
50 42 4 1 4
50 43 6 1 5
50 44 4 4 388
50 45 1 6 1552
50 46 8 5 1552
50 47 8 3 154
50 48 1 2 4
50 49 10 4 1112
50 50 3 5 1653
50 51 10 4 596
50 52 8 2 16
50 53 10 2 42
50 54 4 1 6
50 55 7 2 30
50 56 8 3 80
50 57 10 5 1430
50 58 10 5 2357
50 59 8 5 1955
50 60 9 2 23
50 61 1 5 555
50 62 6 1 4
50 63 6 3 84
51 0 4 5 2220
51 1 3 4 161
51 2 10 1 5
51 3 9 1 11
51 4 10 4 799
51 5 7 1 4
51 6 1 2 4
51 7 9 1 4
51 8 6 1 4
51 9 1 3 12
51 10 6 1 6
51 11 1 7 8585
51 12 6 4 647
51 13 1 2 4
51 14 8 8 402368
51 15 7 1 4
51 16 8 3 62
51 17 4 5 520
51 18 2 2 8
51 19 1 2 4
51 20 9 1 14
51 21 3 1 5
51 22 4 5 2451
51 23 1 2 5
51 24 4 3 22
51 25 6 2 19
51 26 8 1 4
51 27 5 1 4
51 28 2 2 4
51 29 4 3 32
51 30 2 3 11
51 31 9 4 714
51 32 5 4 471
51 33 4 5 474
51 34 4 2 14
51 35 7 1 4
51 36 3 3 42
51 37 4 1 4
51 38 2 2 5
51 39 5 6 6730
51 40 1 4 59
51 41 7 1 4
51 42 2 2 4
51 43 6 5 3326
51 44 6 6 6638
51 45 10 1 4
51 46 2 2 4
51 47 9 1 6
51 48 7 1 9
51 49 6 4 612
51 50 2 3 13
51 51 8 1 4
51 52 9 1 4
51 53 7 1 5
51 54 10 1 4
51 55 2 2 5
51 56 2 2 4
51 57 7 1 4
51 58 6 1 4
51 59 5 1 6
51 60 6 2 13
51 61 8 6 9852
51 62 6 1 4
51 63 9 1 9
52 0 10 1 4
52 1 6 3 49
52 2 4 1 4
52 3 8 8 419039
52 4 7 1 4
52 5 5 2 19
52 6 8 1 4
52 7 10 1 4
52 8 9 1 4
52 9 3 4 259
52 10 9 1 4
52 11 5 1 4
52 12 7 1 7
52 13 6 2 15
52 14 9 3 61
52 15 10 1 4
52 16 3 1 4
52 17 9 2 16
52 18 1 2 5
52 19 1 6 2302
52 20 9 3 55
52 21 10 1 11
52 22 5 3 28
52 23 1 6 1935
52 24 9 1 4
52 25 6 1 4
52 26 5 2 22
52 27 8 1 4
52 28 1 5 466
52 29 1 4 50
52 30 7 4 336
52 31 10 5 3464
52 32 10 1 4
52 33 8 1 4
52 34 6 2 24
52 35 1 2 4
52 36 1 8 260011
52 37 4 1 4
52 38 3 1 4
52 39 1 4 52
52 40 3 5 519
52 41 9 1 13
52 42 8 2 40
52 43 10 3 78
52 44 8 1 7
52 45 2 2 7
52 46 4 1 4
52 47 7 3 70
52 48 10 1 4
52 49 9 1 4
52 50 9 2 45
52 51 3 1 4
52 52 7 4 506
52 53 4 1 4
52 54 8 7 196296
52 55 9 1 4
52 56 1 3 7
52 57 3 2 10
52 58 10 1 4
52 59 7 4 238
52 60 10 1 6
52 61 8 1 6
52 62 10 1 7
52 63 6 2 27
53 0 7 1 6
53 1 6 1 4
53 2 2 5 818
53 3 4 2 12
53 4 3 1 4
53 5 9 3 48
53 6 3 5 451
53 7 3 4 244
53 8 1 5 154
53 9 4 4 208
53 10 1 3 22
53 11 10 1 5
53 12 3 7 22328
53 13 3 4 86
53 14 4 2 12
53 15 5 2 10
53 16 3 3 22
53 17 3 5 445
53 18 2 2 4
53 19 10 2 18
53 20 5 1 5
53 21 4 2 13
53 22 4 1 4
53 23 10 1 9
53 24 8 4 310
53 25 5 1 7
53 26 8 1 4
53 27 1 3 14
53 28 1 7 12440
53 29 9 3 53
53 30 1 3 21
53 31 2 2 5
53 32 9 1 9
53 33 9 3 84
53 34 1 3 9
53 35 9 2 19
53 36 6 2 24
53 37 3 2 12
53 38 4 1 4
53 39 8 2 21
53 40 5 2 14
53 41 2 3 11
53 42 6 4 209
53 43 3 2 11
53 44 2 5 862
53 45 2 2 4
53 46 2 3 16
53 47 7 3 81
53 48 7 2 14
53 49 8 4 182
53 50 5 5 1356
53 51 8 3 50
53 52 2 7 59183
53 53 10 1 4
53 54 3 4 76
53 55 5 5 1904
53 56 8 3 85
53 57 1 3 6
53 58 3 5 429
53 59 9 4 907
53 60 4 4 154
53 61 9 1 4
53 62 9 1 4
53 63 6 1 4
54 0 1 4 50
54 1 7 2 14
54 2 9 3 157
54 3 5 3 45
54 4 9 1 5
54 5 2 3 12
54 6 8 1 9
54 7 7 1 5
54 8 7 2 30
54 9 1 2 4
54 10 4 3 63
54 11 5 1 4
54 12 9 1 4
54 13 6 1 4
54 14 3 6 4631
54 15 2 2 10
54 16 5 2 12
54 17 2 4 53
54 18 8 3 119
54 19 7 4 368
54 20 6 2 27
54 21 9 1 4
54 22 4 3 22
54 23 10 4 325
54 24 1 2 4
54 25 6 1 6
54 26 8 1 4
54 27 3 3 32
54 28 1 3 9
54 29 6 1 9
54 30 8 1 14
54 31 6 1 5
54 32 8 5 1205
54 33 5 2 11
54 34 10 1 4
54 35 7 2 16
54 36 7 1 4
54 37 9 1 4
54 38 7 5 1410
54 39 5 3 103
54 40 2 3 11
54 41 1 2 4
54 42 10 1 13
54 43 5 2 24
54 44 4 4 335
54 45 7 1 7
54 46 1 2 5
54 47 2 2 8
54 48 4 3 27
54 49 7 1 4
54 50 9 1 5
54 51 8 2 20
54 52 1 6 4509
54 53 6 3 68
54 54 4 1 4
54 55 5 1 8
54 56 2 4 76
54 57 9 2 46
54 58 8 5 1978
54 59 4 1 4
54 60 7 2 13
54 61 1 2 4
54 62 8 4 491
54 63 4 7 97900
55 0 6 1 7
55 1 9 4 748
55 2 3 2 6
55 3 3 1 4
55 4 9 6 9483
55 5 4 1 4
55 6 6 1 4
55 7 3 8 346344
55 8 9 2 22
55 9 8 1 4
55 10 6 4 553
55 11 10 2 35
55 12 2 6 2460
55 13 1 4 43
55 14 2 3 21
55 15 9 3 109
55 16 7 1 9
55 17 1 4 35
55 18 9 1 4
55 19 8 5 2034
55 20 9 6 24381
55 21 7 1 4
55 22 9 2 24
55 23 8 3 74
55 24 9 1 9
55 25 5 1 5
55 26 1 3 10
55 27 2 2 4
55 28 7 6 20450
55 29 9 1 7
55 30 2 4 47
55 31 2 7 9871
55 32 8 1 4
55 33 7 1 4
55 34 6 3 43
55 35 10 1 4
55 36 5 1 4
55 37 9 3 77
55 38 7 3 52
55 39 7 4 270
55 40 1 2 4
55 41 1 3 17
55 42 1 2 4
55 43 5 6 10058
55 44 1 6 1280
55 45 1 2 4
55 46 7 1 4
55 47 7 4 176
55 48 3 1 4
55 49 9 2 17
55 50 2 2 4
55 51 10 1 7
55 52 7 5 2735
55 53 3 1 4
55 54 2 2 4
55 55 4 1 4
55 56 1 4 59
55 57 3 5 926
55 58 3 1 4
55 59 3 2 11
55 60 4 2 11
55 61 6 2 17
55 62 10 1 4
55 63 2 3 20
56 0 9 3 79
56 1 10 6 45434
56 2 8 3 56
56 3 5 4 302
56 4 2 2 6
56 5 4 6 4843
56 6 6 1 4
56 7 9 1 4
56 8 6 7 52815
56 9 9 3 84
56 10 1 3 7
56 11 2 2 4
56 12 1 3 6
56 13 10 1 10
56 14 9 1 13
56 15 9 2 19
56 16 5 1 4
56 17 4 2 11
56 18 2 2 6
56 19 1 6 2581
56 20 4 7 57876
56 21 3 5 356
56 22 5 1 4
56 23 3 5 934
56 24 9 1 4
56 25 6 1 7
56 26 10 1 10
56 27 5 1 7
56 28 9 3 104
56 29 5 1 4
56 30 8 1 4
56 31 10 8 3234726
56 32 2 7 58901
56 33 7 2 31
56 34 8 5 1286
56 35 9 1 4
56 36 9 1 4
56 37 5 1 4
56 38 4 1 5
56 39 6 2 31
56 40 4 10 121127671
56 41 1 4 28
56 42 3 7 37255
56 43 1 2 4
56 44 7 5 1214
56 45 9 1 4
56 46 7 1 4
56 47 10 2 39
56 48 5 4 236
56 49 10 1 4
56 50 8 2 20
56 51 10 1 4
56 52 4 3 68
56 53 1 2 4
56 54 4 2 14
56 55 3 2 6
56 56 8 1 4
56 57 1 4 24
56 58 5 1 4
56 59 2 5 383
56 60 7 1 7
56 61 6 4 240
56 62 1 3 13
56 63 5 4 523
57 0 9 1 4
57 1 4 1 4
57 2 6 1 7
57 3 2 4 50
57 4 10 4 831
57 5 2 2 4
57 6 7 1 4
57 7 1 3 17
57 8 5 1 4
57 9 4 1 7
57 10 6 1 4
57 11 7 1 4
57 12 5 1 4
57 13 5 1 4
57 14 9 3 80
57 15 10 5 6705
57 16 7 7 47281
57 17 7 1 9
57 18 9 1 4
57 19 4 6 3466
57 20 4 2 9
57 21 5 1 4
57 22 1 2 4
57 23 6 4 199
57 24 10 1 5
57 25 3 1 4
57 26 2 2 4
57 27 3 2 11
57 28 1 3 8
57 29 1 5 121
57 30 8 4 216
57 31 3 4 250
57 32 4 4 108
57 33 8 2 31
57 34 6 1 6
57 35 7 1 5
57 36 3 7 16751
57 37 6 1 4
57 38 2 6 2135
57 39 4 1 4
57 40 10 1 4
57 41 5 1 6
57 42 9 1 4
57 43 6 2 11
57 44 6 3 59
57 45 1 4 37
57 46 6 3 64
57 47 4 5 482
57 48 5 2 10
57 49 1 6 1115
57 50 2 2 4
57 51 5 3 74
57 52 7 1 6
57 53 3 8 346444
57 54 6 3 105
57 55 4 2 8
57 56 6 1 4
57 57 10 1 16
57 58 1 2 4
57 59 5 1 5
57 60 4 1 4
57 61 5 2 10
57 62 3 5 415
57 63 9 2 28
58 0 2 2 4
58 1 7 2 36
58 2 4 1 5
58 3 5 2 9
58 4 4 3 45
58 5 5 1 4
58 6 10 4 1033
58 7 2 2 4
58 8 1 3 7
58 9 5 1 4
58 10 5 1 7
58 11 3 1 4
58 12 1 3 9
58 13 4 3 56
58 14 4 2 15
58 15 8 2 21
58 16 7 7 51112
58 17 7 1 5
58 18 10 1 4
58 19 5 1 6
58 20 7 2 19
58 21 1 5 156
58 22 5 1 4
58 23 1 2 4
58 24 2 4 122
58 25 1 3 22
58 26 5 2 9
58 27 7 4 158
58 28 1 4 87
58 29 1 2 4
58 30 2 5 252
58 31 10 1 4
58 32 6 2 31
58 33 1 2 4
58 34 3 2 14
58 35 5 1 6
58 36 5 2 16
58 37 10 2 37
58 38 6 1 9
58 39 7 1 10
58 40 4 2 8
58 41 1 4 40
58 42 10 1 4
58 43 1 2 4
58 44 5 4 442
58 45 9 2 28
58 46 4 2 10
58 47 3 3 48
58 48 4 2 12
58 49 2 2 8
58 50 4 1 4
58 51 10 2 49
58 52 5 6 4965
58 53 7 4 681
58 54 4 1 4
58 55 5 4 139
58 56 5 2 14
58 57 7 2 34
58 58 6 3 40
58 59 2 5 546
58 60 3 3 38
58 61 6 3 61
58 62 2 2 4
58 63 3 3 26
59 0 7 1 6
59 1 4 1 7
59 2 2 6 2094
59 3 3 3 27
59 4 9 3 82
59 5 9 1 8
59 6 4 3 36
59 7 9 3 112
59 8 10 1 4
59 9 9 1 4
59 10 3 7 24208
59 11 1 2 4
59 12 9 1 5
59 13 9 6 7574
59 14 2 4 159
59 15 3 1 4
59 16 2 2 6
59 17 8 1 4
59 18 1 2 4
59 19 8 1 7
59 20 1 3 13
59 21 1 2 4
59 22 9 1 7
59 23 7 2 19
59 24 3 1 5
59 25 4 4 164
59 26 6 1 4
59 27 9 1 4
59 28 9 1 14
59 29 8 2 31
59 30 9 1 4
59 31 8 1 8
59 32 6 1 7
59 33 3 2 8
59 34 5 2 26
59 35 2 3 12
59 36 5 1 5
59 37 7 6 4904
59 38 2 2 6
59 39 8 2 26
59 40 4 2 10
59 41 2 3 11
59 42 4 1 4
59 43 8 2 21
59 44 7 6 5522
59 45 1 2 5
59 46 8 3 63
59 47 2 4 129
59 48 4 5 1663
59 49 8 1 4
59 50 4 1 4
59 51 1 5 120
59 52 3 1 4
59 53 5 4 114
59 54 10 1 7
59 55 2 2 4
59 56 5 1 4
59 57 2 2 4
59 58 2 4 45
59 59 8 1 9
59 60 4 1 4
59 61 6 1 10
59 62 5 1 8
59 63 1 2 4
60 0 7 3 60
60 1 2 4 117
60 2 3 2 14
60 3 2 5 1307
60 4 10 2 21
60 5 10 3 80
60 6 1 5 558
60 7 5 2 15
60 8 3 8 129313
60 9 1 2 5
60 10 5 2 11
60 11 10 6 9638
60 12 5 1 4
60 13 6 1 4
60 14 8 1 4
60 15 6 3 37
60 16 4 7 102663
60 17 4 2 11
60 18 7 1 4
60 19 2 2 10
60 20 9 5 1716
60 21 9 1 12
60 22 8 1 4
60 23 6 1 9
60 24 4 5 2061
60 25 5 1 4
60 26 7 1 5
60 27 7 1 4
60 28 8 3 92
60 29 3 5 394
60 30 2 2 4
60 31 5 1 7
60 32 5 1 4
60 33 8 2 23
60 34 5 3 30
60 35 6 1 7
60 36 6 3 55
60 37 4 3 29
60 38 6 2 22
60 39 6 6 4352
60 40 9 2 24
60 41 7 1 4
60 42 6 1 4
60 43 3 4 190
60 44 1 4 107
60 45 10 2 30
60 46 9 1 4
60 47 6 1 4
60 48 4 3 45
60 49 10 2 27
60 50 4 3 64
60 51 6 1 6
60 52 9 2 16
60 53 7 2 17
60 54 5 2 18
60 55 6 1 4
60 56 2 2 4
60 57 3 3 20
60 58 7 4 311
60 59 10 1 5
60 60 8 1 4
60 61 4 1 4
60 62 4 1 4
60 63 9 1 4
61 0 6 8 1601972
61 1 7 7 53645
61 2 1 4 35
61 3 2 2 4
61 4 6 3 70
61 5 10 3 170
61 6 10 1 4
61 7 4 2 12
61 8 5 7 33649
61 9 4 1 4
61 10 8 5 4455
61 11 7 1 4
61 12 2 2 7
61 13 4 1 4
61 14 10 1 10
61 15 9 6 15334
61 16 9 1 4
61 17 5 5 2487
61 18 8 5 1113
61 19 6 1 9
61 20 4 7 143940
61 21 10 1 4
61 22 5 2 21
61 23 5 1 4
61 24 10 3 189
61 25 5 1 4
61 26 3 2 12
61 27 1 3 6
61 28 3 3 60
61 29 6 2 14
61 30 10 7 71442
61 31 1 3 15
61 32 1 7 8001
61 33 1 3 6
61 34 5 2 12
61 35 3 1 4
61 36 8 1 8
61 37 3 8 746498
61 38 6 2 26
61 39 2 2 4
61 40 7 1 4
61 41 7 2 20
61 42 1 4 27
61 43 5 4 136
61 44 1 4 26
61 45 2 3 27
61 46 10 2 43
61 47 6 1 4
61 48 9 4 342
61 49 10 1 4
61 50 3 4 74
61 51 9 1 4
61 52 5 2 23
61 53 5 1 4
61 54 3 1 4
61 55 4 2 8
61 56 6 1 4
61 57 6 4 141
61 58 1 9 2062384
61 59 4 5 1631
61 60 3 5 1408
61 61 8 1 4
61 62 8 1 4
61 63 3 3 45
62 0 10 1 5
62 1 1 2 4
62 2 2 5 390
62 3 1 3 10
62 4 1 3 13
62 5 8 1 4
62 6 4 1 4
62 7 8 1 7
62 8 3 3 54
62 9 8 1 4
62 10 6 3 78
62 11 6 1 4
62 12 8 1 4
62 13 9 1 7
62 14 4 2 15
62 15 9 1 4
62 16 4 1 4
62 17 2 2 4
62 18 3 1 4
62 19 9 3 51
62 20 7 1 4
62 21 1 4 28
62 22 6 2 11
62 23 4 1 4
62 24 8 9 5645079
62 25 7 3 128
62 26 6 2 22
62 27 5 1 4
62 28 6 5 703
62 29 1 5 220
62 30 6 2 13
62 31 2 2 4
62 32 2 2 9
62 33 9 1 4
62 34 8 2 22
62 35 1 5 317
62 36 10 1 4
62 37 1 5 179
62 38 10 1 9
62 39 2 2 5
62 40 1 3 8
62 41 1 2 4
62 42 4 4 310
62 43 8 2 35
62 44 5 2 14
62 45 10 1 4
62 46 9 3 71
62 47 8 1 4
62 48 10 4 379
62 49 10 1 4
62 50 8 1 6
62 51 1 4 32
62 52 6 6 26644
62 53 8 7 51710
62 54 9 7 302266
62 55 3 4 327
62 56 2 4 49
62 57 9 4 287
62 58 2 4 156
62 59 4 4 114
62 60 6 4 590
62 61 10 2 19
62 62 6 1 4
62 63 5 5 1945
63 0 1 2 4
63 1 7 1 4
63 2 10 1 4
63 3 6 3 49
63 4 3 4 74
63 5 9 2 31
63 6 9 2 22
63 7 8 1 6
63 8 8 3 137
63 9 9 3 55
63 10 4 6 6875
63 11 6 3 47
63 12 3 4 170
63 13 3 1 4
63 14 4 1 4
63 15 7 2 21
63 16 7 1 4
63 17 7 2 21
63 18 7 1 7
63 19 7 1 4
63 20 4 3 33
63 21 7 1 7
63 22 8 1 13
63 23 7 1 4
63 24 4 3 66
63 25 2 2 4
63 26 10 1 7
63 27 7 1 8
63 28 8 1 4
63 29 5 3 43
63 30 2 3 21
63 31 1 4 88
63 32 9 5 2054
63 33 6 3 38
63 34 5 7 136655
63 35 1 3 12
63 36 1 6 1543
63 37 5 1 4
63 38 2 2 6
63 39 7 2 20
63 40 1 3 9
63 41 3 4 96
63 42 1 5 411
63 43 7 3 110
63 44 5 1 6
63 45 6 1 6
63 46 4 9 1603256
63 47 3 4 151
63 48 4 1 5
63 49 1 5 213
63 50 10 1 4
63 51 5 1 7
63 52 10 2 18
63 53 10 1 6
63 54 8 1 6
63 55 10 6 18893
63 56 4 5 569
63 57 5 2 15
63 58 6 5 3691
63 59 3 1 4
63 60 8 5 1169
63 61 6 1 4
63 62 10 2 50
63 63 2 4 48
