9676 0.0 
5105 0.0 
99 0.0 
3678 3.469446951953614e-18 
9926 0.0 
3485 1.734723475976807e-18 
6764 0.0 
4207 0.0 
5355 8.673617379884035e-19 
2878 0.0 
8295 0.0 
1846 -8.673617379884035e-19 
9905 3.476637334362867e-05 
6078 4.336808689942018e-19 
2038 0.0 
698 -8.673617379884035e-19 
2004 0.0 
6750 8.673617379884035e-19 
3078 0.0 
1837 0.0 
7967 0.0 
4874 0.0 
4351 0.0 
1137 0.0 
3157 0.0 
3127 3.469446951953614e-18 
1255 0.0 
1034 0.0 
5290 1.0842021724855044e-19 
8844 0.0 
1938 0.0 
3599 0.0 
6526 0.0 
8991 0.0 
5481 0.0 
7455 -1.3552527156068805e-20 
3158 0.0 
3966 0.0 
4255 0.0 
2015 0.0 
7701 0.0 
6248 0.0 
1025 0.0 
9883 -4.336808689942018e-19 
7772 2.710505431213761e-20 
6249 0.0 
3736 0.0 
2466 1.734723475976807e-18 
132 4.336808689942018e-19 
7618 0.0 
9672 0.0 
9157 0.0 
3492 6.938893903907228e-18 
6456 0.0 
5008 0.0 
7427 0.0 
7284 4.336808689942018e-19 
9404 0.0 
2273 0.0 
999 5.421010862427522e-20 
5152 -1.0842021724855044e-19 
5577 0.0 
8591 0.0 
2375 0.0 
5838 1.0842021724855044e-19 
9707 0.0 
6917 0.0 
7692 0.0 
5489 0.0 
1370 0.0 
4759 0.0 
1221 0.0 
2011 0.0 
889 0.0 
4862 0.0 
6531 0.0 
7557 0.0 
8436 0.0 
4908 0.0 
4104 0.0 
5744 0.0 
3551 0.0 
3648 -3.469446951953614e-18 
6717 4.336808689942018e-19 
7371 0.0 
387 0.0 
3935 4.336808689942018e-19 
570 0.0 
5176 0.0 
9739 0.0 
3986 0.0 
8753 0.0 
5224 2.168404344971009e-19 
1406 0.0 
9717 0.0 
1268 0.0 
7838 0.0 
1687 0.0 
7917 0.0 
8790 -8.673617379884035e-19 
8041 0.0 
1685 0.0 
5332 0.0 
6081 0.0 
3404 1.734723475976807e-18 
4219 0.0 
5840 0.0 
3919 0.0 
65 -1.0842021724855044e-19 
229 4.336808689942018e-19 
8423 0.0 
1753 0.0 
5534 0.0 
6400 0.0 
7084 0.0 
7589 0.0 
3979 0.0 
1502 -5.551115123125783e-17 
7516 0.0 
9271 0.0 
8972 0.0 
6360 0.0 
3703 0.0 
8944 -8.673617379884035e-19 
1601 4.336808689942018e-19 
7843 0.0 
4322 4.336808689942018e-19 
7423 0.0 
4547 0.0 
6816 -1.734723475976807e-18 
7812 0.0 
6488 0.0 
269 0.0 
5807 0.0 
8641 0.0 
8205 0.0 
9192 0.0 
9897 0.0 
8877 -1.0842021724855044e-19 
4916 0.0 
192 0.0 
8460 1.734723475976807e-18 
8709 0.0 
4855 0.0 
3623 0.0 
2557 0.0 
4327 0.0 
1724 0.0 
8 8.673617379884035e-19 
4436 0.0 
4422 0.0 
4816 0.0 
2374 -2.168404344971009e-19 
9942 0.0 
1233 0.0 
8880 0.0 
4920 3.469446951953614e-18 
4844 0.0 
5315 0.0 
7101 3.7397606231860916e-05 
