1 5 9 3 148
1 9 9 3 98
1 10 2 5 582
1 18 7 5 879
1 19 4 4 130
1 30 6 2 21
1 48 3 4 273
1 113 5 4 210
1 136 1 5 206
1 151 3 4 82
1 157 4 4 130
1 167 3 4 183
1 216 10 3 62
1 257 5 4 143
1 260 7 4 567
1 266 6 4 186
1 275 10 3 73
1 322 3 3 16
1 353 10 3 130
1 416 1 3 16
1 553 1 6 2391
1 619 8 4 512
1 647 2 6 1418
1 671 2 4 67
1 675 1 4 109
1 680 3 5 643
1 705 4 4 168
1 844 7 3 112
1 903 6 6 8080
1 918 3 3 64
1 937 7 4 409
1 3 8 3 48
1 13 8 3 122
1 81 4 4 440
1 121 5 4 156
1 130 5 4 199
1 249 8 3 163
1 258 6 4 158
1 291 8 3 53
1 323 6 4 214
1 341 10 2 31
1 481 1 4 34
1 518 2 4 147
1 519 3 4 120
1 722 7 5 2471
1 773 9 5 1339
1 805 7 4 518
1 835 4 4 301
1 919 6 5 3049
2 8 4 3 84
2 16 1 5 134
2 31 1 3 11
2 38 3 3 30
2 71 7 4 431
2 83 9 4 461
2 136 10 2 30
2 229 9 2 24
2 293 2 4 143
2 358 6 5 780
2 482 7 2 34
2 536 7 3 57
2 566 1 5 117
2 645 4 2 16
2 706 3 4 79
2 769 1 4 39
2 826 4 4 205
2 921 6 4 581
2 9 9 3 86
2 21 5 4 168
2 30 8 3 73
2 39 1 6 3473
2 44 8 2 31
2 65 2 3 35
2 72 3 4 200
2 113 7 1 8
2 129 7 2 27
2 146 1 2 5
2 149 5 2 25
2 211 8 3 164
2 257 7 3 52
2 265 1 4 24
2 513 5 6 5124
2 523 2 5 377
2 673 8 4 300
2 774 7 2 35
2 785 8 3 57
3 4 2 3 14
3 9 3 5 838
3 49 3 4 185
3 133 10 3 140
3 168 1 4 40
3 261 9 3 48
3 268 3 3 20
3 329 5 3 29
3 524 1 5 131
3 827 3 4 179
3 34 5 3 97
3 38 7 3 138
3 68 2 4 176
3 90 9 3 85
3 142 5 3 104
3 146 2 4 187
3 386 4 3 54
3 438 1 4 91
3 547 10 3 62
3 593 10 3 214
3 711 5 3 32
3 853 2 4 77
3 913 2 4 116
4 25 10 4 245
4 132 5 4 406
4 273 7 4 238
4 278 9 3 80
4 531 1 4 44
4 593 8 4 335
4 653 1 5 142
4 818 3 3 52
4 7 1 4 57
4 34 2 4 46
4 40 8 3 43
4 61 6 3 86
4 106 2 4 71
4 108 8 4 227
4 113 3 6 9625
4 199 9 3 94
4 359 4 3 60
4 489 4 3 28
4 518 7 4 198
4 628 3 4 87
4 657 9 4 232
4 666 9 2 30
5 5 10 3 194
5 16 8 2 21
5 25 7 3 137
5 51 5 3 89
5 61 7 3 53
5 65 8 3 90
5 249 9 3 141
5 285 8 3 57
5 294 5 2 21
5 369 7 2 14
5 518 5 3 64
5 577 5 4 437
5 684 2 6 3728
5 775 3 5 1657
5 804 8 3 111
5 809 3 3 21
5 50 4 3 41
5 90 9 3 121
5 189 6 3 71
5 212 1 4 28
5 257 8 3 111
5 265 7 2 20
5 276 9 4 345
5 322 5 3 64
5 396 4 6 3262
5 515 1 4 87
5 547 2 3 19
5 552 1 4 25
5 555 6 2 21
5 567 3 5 1093
5 593 6 4 141
5 641 1 5 120
5 646 7 2 24
5 650 2 5 271
5 901 7 2 15
6 19 6 4 248
6 217 2 5 972
6 585 10 2 39
6 888 8 3 101
6 30 6 2 21
6 58 1 4 25
6 61 6 4 302
6 186 6 4 484
6 233 3 4 122
6 257 10 3 63
6 385 2 3 11
6 513 1 5 126
6 514 3 3 39
6 534 1 5 262
6 577 6 3 66
6 626 8 3 140
6 912 5 2 19
7 149 2 4 89
7 213 3 5 1656
7 260 9 5 1265
7 268 7 3 105
7 269 9 3 51
7 467 4 3 64
7 513 4 2 16
7 799 5 4 134
7 1003 9 4 251
7 103 8 3 52
7 133 3 5 617
7 205 10 4 355
7 305 4 2 16
7 326 9 3 115
7 385 1 5 586
7 397 6 5 3447
7 413 4 4 129
7 474 9 6 11193
7 535 3 4 224
7 545 2 3 37
7 558 10 2 41
7 641 6 3 79
7 682 9 2 32
7 695 5 5 1501
7 778 4 2 12
7 871 5 2 18
8 82 5 4 137
8 111 8 4 277
8 238 2 5 228
8 716 3 4 91
8 20 5 2 23
8 260 10 4 640
8 293 1 5 424
8 420 1 4 26
8 721 8 4 328
9 20 2 4 130
9 33 4 3 69
9 43 2 6 2543
9 59 8 4 328
9 203 9 3 171
9 273 1 4 46
9 274 2 3 42
9 387 6 1 10
9 394 10 4 269
9 487 1 4 39
9 553 3 3 47
9 643 1 4 68
9 657 5 4 180
9 736 7 1 9
9 851 2 2 9
9 903 5 3 39
9 73 4 3 30
9 169 2 4 70
9 173 8 5 2206
9 194 8 4 387
9 262 6 3 65
9 278 10 3 199
9 305 3 3 26
9 331 8 3 78
9 392 5 4 272
9 431 6 4 280
9 518 5 4 173
9 627 2 4 160
9 775 9 4 322
9 923 3 5 1246
10 40 3 5 399
10 44 8 6 7583
10 275 4 3 35
10 417 8 3 63
10 527 9 2 32
10 573 1 6 2146
10 824 8 3 60
10 908 2 5 1342
10 17 7 2 29
10 25 5 4 262
10 41 5 7 45271
10 51 3 5 364
10 231 6 5 939
10 400 1 5 116
10 455 8 4 190
10 521 9 1 9
10 801 8 4 438
10 874 2 6 2157
10 949 2 3 25
10 501 5 3 47
11 14 6 4 195
11 41 7 3 113
11 76 7 3 106
11 85 7 2 17
11 161 3 3 55
11 177 7 2 32
11 209 10 1 8
11 519 2 4 152
11 524 4 3 48
11 585 2 4 86
11 600 2 3 21
11 681 6 4 443
11 779 6 4 383
11 21 6 4 517
11 45 7 4 432
11 129 9 3 82
11 130 2 6 1411
11 401 8 2 18
11 529 1 5 125
11 536 10 5 2262
11 537 4 4 272
11 562 3 5 1196
11 659 8 1 10
11 912 4 4 174
11 930 2 4 53
12 205 9 4 389
12 587 8 5 1353
12 753 9 2 38
12 780 1 4 69
12 203 5 2 13
12 267 8 5 923
12 306 4 4 208
12 327 3 6 2121
12 347 4 4 208
12 348 1 4 112
12 515 3 4 79
12 533 4 3 33
12 597 4 4 200
13 25 1 4 51
13 56 2 4 82
13 66 7 3 63
13 117 9 3 164
13 129 5 4 402
13 270 10 3 214
13 367 5 5 915
13 635 5 3 53
13 782 1 4 72
13 37 9 3 109
13 45 1 6 3131
13 112 7 6 5100
13 209 8 3 64
13 269 5 5 942
13 287 8 4 200
13 350 10 3 158
13 692 1 3 17
13 906 1 3 11
14 67 8 3 59
14 193 5 3 45
14 225 10 2 35
14 321 6 4 175
14 781 4 5 743
14 38 1 5 243
15 128 7 2 29
15 153 5 3 32
15 211 7 3 48
15 322 6 4 319
15 377 9 2 28
15 585 9 4 208
15 617 4 4 186
15 99 7 4 204
15 209 10 3 126
15 683 10 4 229
15 781 10 3 157
16 353 6 3 41
16 486 7 3 108
16 660 10 5 1664
16 855 9 1 11
16 343 8 5 1593
16 558 8 4 278
17 25 4 3 54
17 65 6 3 126
17 97 6 5 2898
17 133 6 2 25
17 149 6 2 25
17 199 4 3 24
17 517 4 1 7
17 644 2 3 32
17 807 6 3 75
17 33 7 3 43
17 68 4 5 579
17 276 9 3 153
17 325 2 2 10
17 327 8 3 122
17 402 9 3 182
17 419 2 5 381
17 530 6 4 173
17 641 5 3 71
17 665 3 4 297
17 781 10 3 157
17 793 6 5 1189
17 833 9 5 1277
18 49 2 4 51
18 130 3 5 372
18 259 8 2 34
18 50 10 5 1141
18 133 7 3 40
18 707 9 3 103
18 811 8 1 10
19 52 3 3 65
19 204 9 3 75
19 216 8 3 45
19 291 10 3 100
19 642 8 4 206
19 646 8 4 231
19 98 7 5 833
19 145 9 3 193
19 241 5 3 58
19 280 8 3 125
19 337 2 4 102
19 561 4 3 31
19 575 10 3 167
19 633 10 3 82
19 701 8 5 2612
19 817 3 4 195
20 25 10 4 705
20 658 2 4 124
20 710 9 3 184
20 181 3 3 20
20 293 10 3 160
20 577 8 4 255
20 712 9 2 41
21 29 7 2 18
21 37 8 1 12
21 70 1 5 568
21 177 6 4 377
21 195 5 2 24
21 324 6 2 24
21 787 6 3 66
21 27 10 3 66
21 41 7 5 1591
21 68 8 4 244
21 91 6 1 6
21 96 10 2 51
21 150 2 6 1753
21 404 2 5 1177
21 412 2 5 964
21 531 2 5 312
21 564 6 5 915
21 681 4 4 140
21 725 4 4 89
22 117 5 2 26
22 259 4 5 2053
22 309 10 5 1237
22 31 1 4 65
22 137 1 5 285
22 162 3 4 211
22 401 6 3 35
22 442 2 4 119
22 545 2 6 5349
22 833 10 1 16
22 840 6 2 31
23 25 5 4 281
23 69 4 4 124
23 98 8 7 47979
23 108 9 3 64
23 134 1 4 36
23 282 4 3 72
23 321 10 5 1141
23 332 10 4 392
23 566 5 2 14
23 27 9 4 236
23 955 7 1 9
23 978 8 4 223
24 329 3 3 22
24 771 3 4 135
24 887 9 2 18
24 46 4 5 509
24 134 3 4 136
24 865 6 4 672
25 534 5 5 3267
25 782 7 4 234
25 787 8 4 489
25 849 6 2 29
25 945 1 5 118
25 123 3 5 1121
25 149 1 5 209
25 259 9 3 102
25 434 9 4 301
25 545 7 3 148
25 611 2 4 46
25 632 4 3 82
25 737 5 3 67
25 817 2 5 845
26 524 3 3 30
26 593 10 3 70
26 66 4 4 107
26 170 4 4 282
26 355 3 3 46
26 646 10 3 122
26 738 8 3 109
26 789 3 4 186
27 110 1 4 73
27 802 1 5 119
27 34 9 4 622
27 65 10 4 469
27 105 2 5 245
27 154 5 4 437
27 579 3 3 29
27 659 5 4 317
28 131 1 4 35
28 211 5 4 193
28 548 3 4 103
28 550 2 4 126
28 278 4 3 57
28 295 2 4 48
29 43 10 2 51
29 73 3 5 760
29 147 2 5 382
29 193 2 4 82
29 204 3 4 76
29 625 7 4 233
29 648 9 3 141
29 105 10 3 155
29 113 6 3 63
29 194 10 1 13
29 565 4 3 62
29 610 4 1 7
30 328 10 3 115
30 533 6 4 157
30 810 3 5 761
30 301 7 2 19
30 321 10 5 2921
30 967 10 4 492
31 53 9 2 18
31 130 7 3 45
31 589 1 4 87
31 355 2 3 11
31 833 4 3 36
32 78 10 2 47
32 562 3 5 653
32 34 5 5 1410
32 86 6 4 253
33 34 8 3 169
33 43 5 5 2144
33 73 2 5 347
33 186 8 3 145
33 197 4 4 122
33 205 5 4 251
33 212 10 2 25
33 220 2 2 9
33 277 2 3 31
33 389 9 2 21
33 415 6 4 143
33 515 3 4 95
33 613 10 3 143
33 642 6 5 2218
33 722 2 6 1528
33 760 4 3 47
33 804 5 4 153
33 849 6 3 46
33 961 10 4 279
33 97 8 4 767
33 173 4 4 123
33 177 6 3 64
33 229 5 3 66
33 263 8 3 161
33 292 1 5 241
33 327 3 4 69
33 346 1 6 832
33 421 7 4 169
33 429 1 5 177
33 561 7 3 104
33 755 10 3 212
33 773 2 4 194
33 835 7 4 490
33 842 10 4 285
33 873 3 4 224
34 65 1 5 531
34 277 6 4 264
34 278 2 4 82
34 321 6 5 685
34 545 8 4 249
34 786 7 3 51
34 899 1 4 89
34 946 7 4 227
34 58 8 2 30
34 61 10 2 34
34 117 3 4 212
34 245 5 6 20775
34 339 2 4 105
34 517 3 4 80
34 529 5 5 1161
34 597 5 5 1009
34 682 6 3 78
34 925 7 4 183
35 145 6 3 56
35 293 6 2 15
35 325 2 4 117
35 562 7 4 274
35 664 6 4 477
35 721 3 2 11
35 801 8 2 41
35 37 2 3 29
35 96 9 5 1865
35 161 6 4 552
35 165 7 3 106
35 213 2 4 198
35 259 9 5 1405
35 269 2 4 59
35 306 1 6 1573
35 363 1 4 100
35 518 3 4 113
35 702 8 3 57
35 705 3 6 6849
35 770 7 2 13
35 802 3 4 67
35 978 1 4 25
36 66 3 5 607
36 267 6 2 22
36 552 7 4 235
36 690 1 4 83
36 227 5 4 265
36 284 2 5 493
36 330 8 3 82
36 713 10 4 478
36 991 1 4 41
37 49 7 3 55
37 258 3 4 296
37 267 8 2 42
37 289 9 3 194
37 321 7 5 2200
37 449 1 4 78
37 556 6 4 353
37 706 5 3 60
37 859 7 3 60
37 259 1 7 6960
37 281 6 3 72
37 290 3 3 40
37 307 4 2 12
37 513 3 4 178
37 515 1 4 110
37 528 1 4 41
37 529 10 3 83
37 551 8 2 18
37 554 8 3 111
37 573 9 4 416
37 661 3 4 190
37 997 8 2 23
37 1012 1 6 4215
38 365 1 4 34
38 521 5 5 3429
38 595 3 5 614
38 641 9 3 127
38 674 8 4 214
38 68 1 4 32
38 73 6 2 12
38 130 7 2 19
38 534 7 5 1569
38 953 10 2 40
39 181 3 6 2118
39 205 6 3 126
39 545 7 2 25
39 93 3 3 22
39 165 1 4 23
39 393 3 3 25
39 877 6 4 223
40 49 4 3 59
40 521 5 2 18
40 983 9 4 253
40 41 5 2 25
40 74 10 3 109
40 130 10 2 30
40 137 2 4 51
40 202 8 6 23680
40 681 2 3 26
40 898 5 3 102
41 66 7 4 533
41 257 6 3 109
41 513 2 3 43
41 529 1 5 225
41 606 2 5 798
41 646 7 4 155
41 673 8 3 107
41 757 5 4 232
41 762 2 3 16
41 841 9 3 86
41 981 4 4 133
41 162 2 4 123
41 552 2 5 260
41 761 8 4 211
42 97 6 3 38
42 264 10 4 788
42 277 2 4 221
42 322 2 4 123
42 514 4 2 20
42 988 9 2 43
42 65 5 4 188
42 273 4 5 657
42 519 10 2 40
43 43 10 3 92
43 141 9 6 15815
43 330 8 4 364
43 412 3 5 426
43 779 10 4 512
43 840 2 4 104
43 186 9 3 66
43 305 3 3 26
43 340 5 5 1739
43 514 7 3 55
43 858 8 4 225
43 883 3 5 665
44 547 9 2 36
44 193 8 3 61
44 807 2 5 299
44 833 6 4 515
45 48 4 3 37
45 431 5 4 448
45 525 6 4 193
45 795 7 5 1029
45 311 10 1 13
45 567 4 4 133
45 726 9 3 57
46 51 4 1 4
46 75 9 3 53
46 267 3 3 27
46 616 7 2 36
46 809 2 6 6847
46 845 6 1 7
46 329 7 3 98
46 742 6 4 310
46 786 6 2 27
46 801 2 4 61
47 58 9 3 48
47 53 9 4 751
47 251 8 4 613
48 81 2 3 24
48 1023 2 4 138
48 274 8 3 57
48 289 5 3 57
48 514 9 3 123
49 68 6 4 159
49 169 7 3 58
49 177 3 4 89
49 194 6 3 40
49 199 5 1 7
49 227 3 4 141
49 647 6 3 72
49 709 6 6 5886
49 790 5 5 736
49 844 6 4 182
49 933 7 5 2393
49 98 4 4 106
49 105 5 4 511
49 453 9 3 90
49 577 1 7 11668
49 645 10 4 256
49 650 3 4 139
49 776 8 4 495
50 311 5 4 231
50 314 7 3 78
50 517 8 4 218
50 94 2 5 263
50 369 3 5 471
51 114 6 5 1524
51 529 8 4 342
51 289 4 2 13
51 873 10 3 63
52 71 9 2 24
52 378 2 4 95
52 517 6 3 73
52 81 2 3 27
52 969 10 3 84
53 189 1 5 150
53 257 8 3 65
53 286 10 3 71
53 391 10 3 146
53 900 9 2 47
53 169 3 3 21
53 193 2 5 638
53 417 4 3 28
53 513 8 5 1206
53 556 8 4 474
53 661 5 4 145
53 677 2 4 190
53 794 5 3 101
54 147 9 3 70
54 246 9 3 108
55 113 2 5 321
55 719 1 4 96
55 157 5 4 132
56 279 2 4 128
56 210 2 4 205
57 90 10 3 66
57 268 4 4 384
57 473 1 5 156
57 545 1 6 757
57 561 5 5 1228
57 267 6 5 1998
57 878 7 4 426
58 129 8 3 142
58 449 10 2 37
58 297 3 4 68
59 114 7 3 121
59 471 7 3 150
59 60 4 2 11
59 129 6 4 284
59 402 6 4 600
59 467 10 3 65
59 596 6 4 223
59 255 7 5 1339
60 293 5 4 137
60 454 3 5 669
60 584 2 4 117
61 113 5 5 1163
61 949 7 3 40
61 290 5 4 176
62 645 8 4 261
62 649 3 3 42
62 66 3 3 28
62 198 6 4 170
63 522 5 3 44
63 613 9 1 9
63 420 9 4 849
64 305 10 3 156
64 746 3 5 1024
65 193 5 3 38
65 195 2 7 15750
65 198 3 4 161
65 204 5 3 43
65 273 3 3 30
65 371 10 4 228
65 466 4 4 97
65 482 10 6 8684
65 515 2 4 78
65 687 6 3 49
65 757 8 3 65
65 772 6 5 4109
65 781 2 4 72
65 791 5 2 26
65 85 8 4 302
65 105 4 3 34
65 214 7 4 276
65 247 8 3 83
65 387 3 3 28
65 483 2 6 3257
65 490 2 4 172
65 573 5 4 276
65 581 2 4 193
65 586 8 6 9065
65 587 3 4 126
65 673 10 3 190
65 738 3 3 40
65 853 9 1 14
65 929 9 2 16
65 860 6 2 17
66 97 5 3 33
66 105 2 3 16
66 119 6 4 133
66 219 2 4 189
66 242 3 5 1444
66 266 6 4 421
66 275 3 3 21
66 422 9 2 29
66 516 8 4 698
66 572 1 6 1882
66 615 8 4 258
66 73 9 4 439
66 86 3 4 180
66 233 4 4 98
66 513 5 4 243
66 514 9 3 114
66 726 6 4 245
67 141 2 5 1090
67 546 1 4 103
67 217 1 3 9
67 241 3 6 3581
67 409 5 2 25
67 410 2 5 266
67 519 6 4 279
67 667 6 2 25
67 190 2 3 19
68 74 3 3 28
68 454 9 4 322
68 483 5 4 120
68 841 10 2 48
68 135 6 2 30
68 146 5 4 117
68 169 3 5 1411
68 262 5 4 160
68 771 4 3 66
68 835 7 4 259
69 154 8 3 84
69 193 2 5 386
69 227 10 2 39
69 285 2 3 44
69 323 1 4 76
69 577 1 4 69
69 115 8 4 349
69 145 2 3 12
69 169 2 4 102
69 257 4 3 66
69 403 6 5 1466
69 431 4 4 150
69 550 7 3 66
69 601 3 4 132
69 769 8 3 126
69 871 6 3 41
70 139 1 3 8
70 277 9 4 224
70 467 3 5 1193
70 530 1 4 70
70 573 10 1 14
70 769 8 3 130
70 147 10 3 75
70 213 9 3 134
70 257 9 4 265
70 517 7 4 521
70 661 3 4 90
70 820 8 3 45
70 493 7 4 576
71 110 2 4 211
71 213 8 2 41
71 432 9 1 5
71 609 3 4 76
71 643 3 3 23
71 647 2 3 29
71 649 3 2 15
71 673 4 4 152
71 102 10 4 268
71 619 4 3 51
72 265 8 4 201
72 410 2 3 24
72 701 10 5 3650
73 281 8 2 16
73 438 10 1 16
73 534 4 2 16
73 962 2 5 1374
73 141 9 3 142
73 170 8 2 36
73 193 4 1 7
73 262 7 2 33
73 517 8 3 119
73 578 9 3 124
73 853 6 2 17
74 641 7 3 72
74 871 10 3 74
74 1000 1 5 138
74 271 9 5 1673
74 387 9 5 4369
74 638 4 2 9
74 644 5 3 71
74 801 10 2 21
74 816 9 4 995
74 936 3 4 187
74 980 3 3 59
75 513 3 3 21
75 549 10 1 9
75 601 8 3 71
75 769 2 4 194
75 1013 10 5 4793
75 85 5 5 1493
75 326 10 2 33
75 539 10 3 188
76 260 8 2 17
76 577 8 3 54
76 299 9 1 10
76 386 7 3 68
77 77 3 4 110
77 85 5 3 35
77 134 8 3 52
77 263 9 3 114
77 587 7 3 44
77 856 6 2 11
77 90 2 4 95
77 121 6 3 44
77 577 2 6 8234
77 620 8 1 13
77 629 8 2 34
77 649 5 3 47
77 705 5 5 3397
78 257 5 4 192
78 268 10 4 247
78 451 6 3 45
78 457 6 4 418
78 310 8 3 51
78 376 8 3 59
79 289 1 5 245
79 518 4 4 130
79 785 10 4 707
79 920 9 1 6
79 103 4 3 63
79 131 9 3 153
79 300 1 4 28
80 166 10 3 150
80 387 1 6 1895
80 658 7 3 97
81 83 6 5 3866
81 133 2 4 86
81 212 2 5 922
81 529 1 5 128
81 678 10 3 154
81 921 6 3 67
81 97 2 4 158
81 123 4 4 147
81 207 8 1 14
81 233 6 4 498
81 323 10 4 962
81 395 1 6 813
81 403 7 4 343
81 580 7 3 49
81 606 7 3 115
81 690 9 3 89
82 808 1 3 19
82 853 4 4 129
82 137 4 5 671
82 161 8 2 23
82 197 5 5 1543
82 522 10 3 104
82 617 4 5 1716
83 281 8 3 65
83 284 1 4 23
83 723 9 5 1312
83 654 8 3 66
84 116 10 3 62
84 125 9 2 44
84 305 10 3 198
84 618 7 2 13
84 785 2 5 1329
84 336 7 5 1795
85 217 3 2 14
85 491 4 3 45
85 113 4 4 123
85 135 9 2 38
85 297 9 3 139
85 539 3 5 374
85 778 1 4 58
86 661 10 6 18692
86 913 8 4 230
87 235 10 7 222424
87 525 7 3 154
87 219 7 3 50
87 531 7 4 270
87 837 8 4 838
88 354 6 3 115
88 463 2 4 96
88 513 10 5 1422
88 516 5 5 775
88 140 8 2 19
88 165 1 7 5401
89 331 3 3 18
89 783 7 4 734
89 130 9 4 715
89 209 8 4 797
90 347 9 2 35
90 552 5 4 128
91 275 5 3 36
91 844 1 5 132
91 978 5 2 11
91 989 10 3 89
91 849 9 2 38
92 155 1 3 12
92 653 9 2 30
92 952 4 4 261
92 93 10 3 59
92 238 9 4 251
92 597 4 5 639
92 476 1 3 12
93 449 6 4 283
93 600 5 3 86
94 135 8 2 28
94 670 1 3 13
94 516 3 4 217
94 500 8 3 74
95 870 2 5 805
95 955 1 5 564
95 133 8 4 525
95 146 9 3 75
95 521 9 3 53
95 935 1 5 245
97 104 5 3 36
97 149 5 2 21
97 209 2 4 47
97 221 3 4 144
97 277 8 4 190
97 305 9 3 153
97 322 7 2 22
97 357 3 4 74
97 548 6 3 48
97 777 10 2 47
97 821 9 4 357
97 513 8 2 15
97 561 9 2 32
97 579 2 4 109
97 841 3 4 86
98 131 5 4 127
98 145 7 2 22
98 168 9 2 27
98 196 5 4 169
98 287 7 6 19811
98 474 3 3 61
98 526 1 6 982
98 182 5 2 14
98 257 1 5 193
98 529 3 5 724
98 550 3 3 53
98 743 10 2 24
98 801 2 4 69
99 353 6 3 128
99 402 9 2 20
99 672 2 4 56
99 929 4 5 471
99 169 6 5 884
99 202 8 2 29
99 275 8 4 520
99 404 3 4 152
99 649 2 4 45
99 717 7 4 202
100 118 2 6 4873
100 135 2 4 70
100 250 6 2 21
100 538 8 3 89
101 129 9 3 79
101 295 4 2 9
101 753 5 3 67
101 769 3 5 366
101 902 7 3 93
101 179 8 3 99
101 198 6 6 5006
101 260 10 2 22
101 337 8 3 54
101 514 4 3 30
101 572 8 5 1083
101 723 4 4 97
102 125 1 4 100
102 162 10 3 73
102 170 7 6 21391
102 393 6 2 14
102 600 3 3 62
102 282 6 2 14
102 416 9 4 689
102 459 8 3 90
102 777 8 3 55
103 167 9 2 26
103 265 8 3 71
103 152 3 3 42
103 554 2 4 68
104 705 8 5 3365
105 133 3 5 630
105 314 3 4 163
105 513 8 3 80
105 674 9 3 145
105 159 3 3 28
105 168 8 2 31
105 286 5 5 659
105 561 3 4 240
105 627 3 3 31
105 722 6 4 143
105 723 3 5 355
105 805 7 4 317
105 835 5 5 585
106 297 4 3 66
106 780 9 5 1147
106 410 7 3 90
106 457 2 5 286
106 566 3 5 504
106 681 7 3 39
107 517 5 4 233
107 653 3 3 59
107 118 5 5 765
107 305 5 3 91
107 325 7 3 127
107 341 6 4 252
107 841 4 3 45
108 130 7 4 195
108 113 2 3 17
109 134 1 4 97
109 515 9 3 79
109 826 8 4 219
109 651 6 4 312
109 709 10 2 51
110 708 4 4 212
110 315 3 4 148
111 691 5 3 80
113 166 2 3 28
113 777 2 3 30
113 213 6 5 1300
113 372 7 5 4472
113 492 4 4 300
113 514 2 4 66
113 905 10 3 61
115 417 9 3 49
115 453 6 2 26
115 498 5 3 97
115 873 3 3 31
115 421 2 4 118
115 627 1 6 1327
116 601 2 4 188
116 898 2 3 14
117 144 2 4 216
117 276 2 5 322
117 327 4 4 333
118 804 9 3 77
119 566 2 4 176
120 447 10 4 283
120 837 2 5 612
121 194 9 3 55
121 579 5 6 9260
122 537 2 6 1781
122 523 3 4 71
122 678 7 2 31
123 186 8 4 243
123 295 2 4 73
124 601 7 5 4573
125 305 10 2 40
125 349 8 3 108
125 745 1 4 70
126 269 3 3 22
126 612 2 5 307
128 999 4 3 61
129 135 10 2 52
129 201 2 4 94
129 209 1 5 134
129 321 10 2 40
129 363 7 4 430
129 376 1 4 43
129 377 4 6 2804
129 434 3 3 17
129 454 2 4 74
129 629 9 3 94
129 771 2 4 196
129 807 10 2 22
129 178 4 4 186
129 278 6 4 306
129 349 4 5 2366
129 772 5 2 25
130 164 10 2 44
130 585 7 4 252
130 708 6 3 43
130 584 2 3 33
130 655 6 3 52
130 673 9 3 60
130 913 8 3 50
130 1005 3 3 20
131 273 1 5 139
131 274 1 4 105
131 369 5 5 1567
131 521 8 4 320
131 529 7 4 216
131 533 2 5 336
131 541 3 2 8
131 676 2 4 180
131 773 10 2 41
131 981 3 4 150
131 149 3 5 452
131 233 1 4 66
131 760 2 5 1010
131 863 4 4 102
131 964 8 3 133
132 582 5 3 42
132 194 7 4 272
132 261 4 3 77
132 297 7 2 15
132 522 6 3 46
132 903 9 5 2155
132 962 10 2 20
133 138 9 3 81
133 373 10 2 26
133 517 8 2 17
133 714 9 3 50
133 917 4 4 301
133 958 1 6 1969
133 152 4 3 33
133 289 1 4 99
133 398 6 4 154
133 518 5 4 129
133 531 4 3 27
133 567 4 5 950
133 843 4 2 16
134 139 10 3 91
134 615 3 4 105
134 157 7 3 76
134 276 3 3 24
134 577 1 5 142
134 801 2 6 4382
135 209 9 3 95
135 225 2 5 471
135 378 1 3 13
135 391 10 3 175
135 517 9 3 141
135 769 4 3 31
135 263 5 4 352
135 293 7 4 362
135 356 1 5 243
135 486 4 3 69
135 526 8 3 95
135 533 1 5 459
135 807 9 4 521
136 259 5 4 141
136 545 10 5 2184
136 141 2 3 27
136 705 9 4 409
137 161 9 2 20
137 483 7 3 99
137 611 9 1 11
137 658 10 3 220
137 685 10 1 8
137 832 10 3 168
137 283 8 4 217
137 453 3 4 295
137 553 5 5 1166
137 579 10 2 27
137 580 8 3 59
138 149 2 4 69
138 257 9 3 61
138 260 2 6 4283
138 326 4 5 1562
138 679 9 4 580
138 779 3 2 11
138 177 10 2 25
138 555 4 5 802
138 907 4 2 15
139 267 9 4 498
139 416 1 5 198
139 591 8 4 900
139 903 4 2 19
139 217 8 3 122
139 259 9 2 35
139 354 8 4 714
139 538 5 3 82
140 427 3 6 2586
140 866 8 4 363
140 149 7 2 32
141 144 10 4 361
141 169 6 4 186
141 465 2 6 3272
141 725 6 3 79
141 777 6 4 229
141 202 2 4 50
141 301 1 5 190
141 620 8 4 285
142 522 2 4 117
142 955 6 2 18
142 151 1 5 503
142 166 5 6 4524
142 185 10 3 58
142 549 3 3 49
142 713 6 4 216
143 642 2 4 63
143 724 3 3 23
143 787 7 3 43
143 480 1 3 11
144 145 10 2 19
144 188 3 4 308
144 287 7 3 54
144 643 8 3 72
145 249 9 3 153
145 258 3 3 20
145 419 2 4 121
145 434 4 4 141
145 521 4 3 56
145 801 3 4 106
145 161 3 3 23
145 172 10 4 281
145 179 2 5 596
145 401 6 4 149
145 529 6 3 64
145 721 4 4 334
146 185 1 5 218
146 217 9 2 29
146 274 2 4 123
146 393 7 2 20
146 514 3 4 73
146 577 7 3 87
146 326 10 1 10
147 147 10 2 43
147 397 1 4 65
147 911 8 4 754
147 149 10 4 236
147 201 6 3 68
147 443 4 3 53
147 550 6 2 29
147 723 8 4 242
148 514 1 2 3
148 523 2 3 41
148 388 4 5 1419
148 592 10 4 301
148 834 8 3 63
149 279 1 4 101
149 465 10 3 76
149 516 6 3 46
149 913 1 7 9024
149 530 7 5 1538
149 593 7 2 13
149 835 6 4 357
149 910 3 4 207
150 634 3 3 41
150 650 9 3 65
150 348 10 3 89
151 161 10 4 622
151 657 10 4 336
152 208 10 2 43
152 251 10 3 148
152 154 3 5 380
152 545 10 4 233
153 181 3 4 68
154 172 2 4 60
154 593 10 3 59
154 599 5 4 337
154 834 7 2 37
154 962 7 3 88
154 513 3 5 342
155 597 10 2 42
156 777 6 4 191
156 440 4 6 5438
157 522 6 4 206
157 815 1 4 55
157 243 9 2 26
157 258 6 5 843
157 290 3 4 236
157 315 1 5 119
157 385 2 3 30
157 529 9 3 118
157 683 9 3 51
158 405 1 4 75
158 227 6 6 4372
158 516 10 3 101
159 387 8 3 95
160 527 4 4 303
160 525 10 3 127
161 453 7 5 887
161 645 7 4 294
161 802 7 3 46
161 163 6 4 664
161 257 5 4 151
161 339 4 4 364
161 387 8 3 54
161 406 9 2 30
161 515 7 3 46
161 545 7 4 414
161 641 7 5 830
162 327 4 5 523
162 377 4 2 12
162 525 6 3 45
162 577 9 2 39
162 718 5 2 15
162 899 1 4 49
162 185 6 3 69
162 426 3 4 103
162 639 5 3 28
162 707 9 4 441
162 815 2 6 2734
163 291 7 2 30
163 307 2 4 87
163 518 10 2 20
163 194 2 3 39
163 273 7 2 25
163 293 1 4 79
163 364 10 4 633
163 563 3 3 30
163 901 9 2 37
164 228 5 3 74
164 362 10 2 18
164 602 10 4 903
164 306 3 4 122
164 669 6 3 93
165 218 3 3 22
165 265 1 5 307
165 281 10 3 184
165 330 6 3 115
165 482 2 4 54
165 637 1 4 58
165 647 7 2 21
165 521 3 6 10460
165 876 8 4 202
166 398 6 4 180
166 260 4 4 370
166 873 2 6 1572
166 945 1 4 108
167 687 9 3 151
168 290 3 4 138
168 385 4 3 70
168 457 7 3 57
168 713 8 3 113
168 298 3 4 270
168 325 5 3 38
169 481 2 5 509
169 343 6 4 261
169 359 7 3 91
169 385 5 5 1519
169 561 5 6 4765
170 352 3 4 134
170 515 3 4 93
170 339 9 4 698
170 517 7 4 213
170 549 5 3 70
171 613 10 4 503
171 722 7 4 238
172 811 5 2 21
172 529 2 3 26
173 570 5 5 841
173 665 9 4 218
173 577 2 4 103
174 262 4 4 93
174 513 3 4 315
174 525 10 2 27
175 494 7 3 55
175 583 5 4 112
176 864 6 3 36
177 271 2 4 183
177 274 3 3 36
177 825 6 6 10526
177 865 6 3 102
177 917 6 3 112
177 933 2 5 259
177 221 5 4 428
177 600 2 3 23
177 609 4 3 58
178 281 4 4 171
178 561 8 2 39
178 612 4 4 184
178 745 9 3 124
178 193 6 4 322
178 269 8 3 116
178 518 9 4 793
179 581 10 3 74
179 798 1 7 8226
180 430 9 3 94
180 325 3 5 839
180 999 8 6 6761
181 601 2 3 27
181 974 1 6 955
181 971 4 2 15
182 332 2 4 78
182 769 7 3 85
182 965 3 4 167
182 641 1 3 16
183 301 7 3 62
183 673 8 4 368
183 729 9 3 189
185 665 2 3 28
186 392 5 3 99
186 609 5 4 142
187 273 8 4 207
187 583 6 2 24
188 801 2 4 143
189 200 5 3 96
189 345 9 2 24
189 849 10 2 36
193 389 7 4 183
193 393 3 3 35
193 525 3 4 69
193 537 8 4 476
193 714 10 1 10
193 899 4 4 95
193 905 10 3 179
193 1000 6 4 340
193 269 7 3 115
193 326 1 5 265
193 642 7 3 138
193 967 7 3 145
194 376 8 4 594
194 423 5 3 73
194 719 9 4 251
194 776 2 4 66
194 263 10 4 262
194 377 1 4 37
194 577 5 3 64
194 781 3 4 79
194 1010 7 3 68
195 322 6 3 49
195 593 8 3 69
195 678 1 4 36
195 429 1 3 15
195 907 9 2 32
196 646 5 6 4617
196 852 8 5 1130
197 287 9 3 86
197 378 1 4 109
197 199 8 3 53
197 323 3 5 498
197 906 7 4 290
197 925 5 4 354
198 298 2 4 121
198 593 6 4 259
198 612 2 3 37
198 770 9 6 9010
198 359 1 5 379
198 434 7 2 22
198 461 4 4 161
198 967 1 4 23
199 813 3 5 601
200 788 4 5 668
201 446 5 3 30
201 578 3 3 56
201 925 7 2 30
201 325 5 5 1024
201 728 4 4 174
201 778 3 4 142
201 843 9 5 1106
201 921 6 5 967
202 658 1 4 60
204 655 9 4 978
204 431 8 3 87
205 521 10 5 5147
205 331 1 4 26
206 458 1 4 29
206 453 7 3 51
206 665 5 4 250
206 947 4 4 210
206 976 3 3 41
207 531 10 2 41
207 242 6 3 72
207 387 9 6 15522
209 535 6 5 2021
209 273 8 1 9
209 483 7 2 27
209 586 5 4 241
210 514 4 4 301
210 565 5 4 202
210 405 2 4 91
210 546 10 3 80
211 883 9 3 65
211 610 7 5 3705
211 649 3 6 2430
211 907 2 5 403
212 395 2 3 23
212 468 6 3 65
212 771 1 5 116
212 823 7 5 952
213 263 3 4 89
213 286 7 4 570
213 674 10 2 49
213 234 9 3 56
213 257 8 2 39
213 305 3 4 73
214 386 8 2 21
214 184 4 3 43
215 370 10 2 26
215 586 7 3 120
215 386 5 5 1021
217 793 9 5 2334
217 651 1 4 52
217 915 2 4 61
218 924 9 5 3589
218 586 9 3 192
220 390 2 4 96
221 659 8 3 96
221 761 7 3 46
223 533 8 2 15
223 853 5 5 903
223 578 1 5 273
223 782 6 2 20
223 571 3 4 328
225 289 8 3 146
226 258 4 6 5054
226 317 7 4 551
226 949 2 3 29
226 273 8 4 476
226 610 1 4 96
227 260 9 2 32
227 473 6 4 358
227 546 8 2 31
227 659 2 4 203
227 769 6 3 75
227 783 10 3 68
228 337 7 5 1275
228 593 8 4 288
228 839 8 2 26
228 729 6 4 140
229 295 7 5 2418
229 577 7 2 19
230 522 2 8 288639
230 701 9 3 88
231 932 1 5 218
232 262 8 3 108
232 291 8 4 371
232 297 9 4 218
232 620 7 2 22
232 905 8 5 2687
232 990 7 2 25
233 481 6 3 85
233 807 1 4 56
234 913 1 5 431
234 974 2 5 323
234 518 8 4 272
235 849 9 3 116
235 918 8 2 35
235 273 5 3 62
235 523 3 4 115
236 282 2 4 65
236 646 4 5 878
236 741 9 2 21
237 578 8 6 11552
237 822 1 4 46
238 679 7 3 123
239 621 4 6 6200
239 643 6 2 25
240 371 8 4 231
240 561 7 4 357
241 800 9 3 145
241 915 6 4 410
241 448 3 4 86
242 246 1 4 93
243 267 6 4 458
244 257 6 2 26
245 357 7 4 234
245 933 3 4 116
245 537 4 4 173
245 662 9 2 46
246 706 1 5 318
247 641 1 5 127
248 627 2 5 886
249 291 5 3 51
249 558 8 5 2475
249 903 7 3 55
249 906 4 3 29
254 637 9 4 535
254 819 5 5 628
254 792 4 5 605
257 263 2 3 17
257 313 5 3 38
257 345 4 3 40
257 417 8 4 754
257 513 3 5 794
257 523 1 7 5136
257 617 4 4 234
257 706 9 4 348
257 765 8 5 1679
257 773 7 3 54
257 805 5 3 57
257 905 10 5 1398
257 964 5 2 26
257 993 9 2 30
257 261 8 3 165
257 294 6 3 112
257 473 6 4 162
257 541 5 4 248
257 771 5 3 72
257 857 9 4 445
258 269 1 4 63
258 273 10 2 23
258 545 6 3 74
258 681 5 2 23
258 807 10 3 177
258 913 10 3 167
258 921 4 3 41
258 946 1 5 315
258 538 4 3 27
258 573 7 4 200
258 653 7 3 96
258 676 3 4 275
258 761 6 5 1156
258 786 6 2 24
258 930 3 3 63
259 266 7 4 165
259 674 1 5 144
259 811 3 3 17
259 881 9 3 97
259 279 6 2 18
259 291 8 3 145
259 305 1 5 270
259 330 6 3 50
259 641 1 5 219
259 723 4 3 69
259 879 10 4 687
259 272 3 2 15
260 269 4 5 1334
260 328 4 3 50
260 533 6 4 493
260 273 10 3 169
260 657 9 3 100
260 675 4 4 161
261 296 10 2 42
261 523 6 5 1026
261 546 3 5 1703
261 679 10 3 152
261 979 1 3 21
261 297 5 4 468
261 530 10 3 119
261 666 3 4 114
261 693 4 4 115
261 742 3 4 136
261 867 8 4 257
261 1001 1 5 181
262 357 5 3 36
262 673 4 4 115
262 996 2 4 52
262 426 2 3 24
262 626 10 3 94
262 753 2 5 311
262 939 6 3 88
263 907 10 4 337
263 1014 3 3 40
263 322 4 4 159
264 547 3 6 3243
265 297 8 5 2823
265 321 3 4 226
265 569 8 3 94
265 266 7 3 57
265 815 7 3 52
265 836 8 3 63
265 872 9 3 167
266 340 2 2 5
266 633 1 4 92
266 335 5 3 83
266 465 3 3 22
266 548 9 3 104
266 615 1 5 293
267 273 10 4 335
267 327 10 4 338
267 337 8 4 306
267 505 1 5 543
267 362 10 3 55
267 513 9 2 45
267 253 6 3 72
268 524 9 2 19
268 582 6 3 52
268 505 10 2 18
269 513 1 6 2828
269 525 4 3 41
269 578 2 3 29
269 986 6 3 63
270 445 8 2 33
270 641 9 4 398
270 489 8 4 419
271 533 10 2 23
271 643 10 3 155
273 281 4 2 17
273 379 1 4 25
273 521 6 3 67
273 555 4 3 46
273 641 10 2 49
273 685 10 3 123
273 900 9 3 62
273 323 8 5 1050
273 343 5 4 390
273 922 8 3 89
274 582 1 5 634
274 694 4 3 27
274 810 7 3 56
274 904 3 5 597
274 516 5 3 38
275 335 7 5 809
275 302 5 3 36
275 793 2 4 194
275 933 4 3 39
276 402 1 4 94
276 486 9 3 131
276 513 5 4 154
276 387 7 2 15
277 289 1 5 383
277 393 9 5 1260
277 395 2 5 581
277 539 7 3 78
277 629 5 3 44
277 662 2 4 63
277 484 6 2 14
277 591 9 5 2687
277 908 5 4 129
278 386 9 3 184
278 402 6 3 42
278 770 9 2 40
279 531 3 4 112
279 657 1 4 70
279 684 8 2 42
280 902 1 4 43
280 417 4 4 260
280 510 8 1 12
281 601 5 3 69
281 675 4 4 108
281 327 9 3 54
281 745 6 3 110
281 252 1 5 234
282 518 3 4 219
282 607 4 4 218
282 833 10 2 29
283 577 1 6 1788
283 718 4 2 10
283 788 7 4 159
284 515 1 3 15
284 713 7 3 53
285 836 1 4 54
285 402 7 4 259
286 483 9 3 55
287 625 10 1 9
287 833 10 4 292
287 1002 7 3 75
287 890 4 4 109
288 449 10 4 639
288 803 8 4 629
288 814 4 4 120
289 293 10 2 26
289 342 8 3 51
289 546 2 4 81
289 777 1 5 260
289 297 7 2 31
289 335 9 3 126
289 355 9 2 30
289 421 2 5 354
289 482 5 4 495
289 550 6 4 648
289 608 5 3 30
289 675 1 4 92
289 738 1 5 139
290 346 6 6 11321
290 469 4 3 75
290 473 5 4 139
290 649 2 3 19
290 754 8 4 226
290 789 2 3 19
290 647 3 4 99
291 329 10 3 56
291 389 7 3 134
291 652 9 5 3525
292 611 10 5 2458
292 769 1 5 236
292 968 4 4 263
292 300 8 3 160
292 962 7 2 33
293 525 9 2 42
293 594 1 6 1380
293 304 1 7 5096
293 305 9 2 40
293 417 9 5 1206
293 533 9 2 32
293 578 5 2 9
293 705 6 2 13
294 961 8 2 29
294 622 3 3 19
295 743 4 3 30
295 865 9 1 13
295 713 1 6 3038
297 337 9 3 77
297 410 2 2 8
297 517 8 3 100
297 348 2 4 74
297 521 7 1 7
297 555 6 4 253
298 326 2 5 281
298 390 5 2 12
298 545 5 3 37
298 743 5 4 114
298 388 5 4 315
299 801 6 4 259
299 405 9 3 77
300 496 4 3 48
300 631 6 3 106
301 468 9 4 642
301 591 8 3 84
301 761 6 3 70
302 778 3 5 1364
302 649 10 2 53
303 809 3 4 176
305 514 5 4 316
305 833 5 3 48
306 577 10 2 46
306 398 10 5 3142
307 551 8 2 26
307 919 8 4 251
308 515 1 6 1509
309 584 9 3 50
309 641 1 4 75
309 693 2 4 121
309 833 2 5 486
309 849 10 3 195
309 851 3 2 13
310 775 3 3 55
310 703 6 3 66
311 937 9 4 494
313 515 10 4 285
313 385 2 4 158
313 802 4 3 82
314 348 4 3 33
314 849 3 4 241
314 901 6 2 30
314 970 8 4 217
315 377 3 3 25
315 519 6 4 194
316 740 7 4 482
316 321 4 4 100
316 514 10 3 83
317 453 6 2 31
317 362 5 3 55
317 930 10 4 908
317 939 10 2 43
317 1014 1 4 31
319 533 2 4 153
319 915 5 3 67
319 778 9 2 47
321 408 3 5 746
321 429 1 4 69
321 469 4 5 1449
321 642 6 4 578
321 721 7 3 76
321 922 6 2 11
321 928 6 4 322
322 338 8 3 65
322 769 10 2 37
322 835 5 3 46
322 1009 7 3 38
322 450 9 4 326
322 977 4 4 126
323 417 10 4 791
323 900 6 2 28
323 903 4 4 138
323 593 2 4 156
323 727 3 5 1776
324 361 2 4 116
324 516 10 2 36
324 722 9 4 636
325 514 7 3 75
325 531 7 4 223
325 789 2 3 22
325 985 9 4 519
326 615 10 3 76
326 721 9 5 2078
326 531 4 4 283
326 577 10 3 88
326 710 3 4 287
327 444 4 5 551
327 769 10 2 42
327 807 1 4 45
328 676 1 5 159
328 699 8 4 329
329 854 2 2 10
329 521 5 4 179
329 833 8 5 1367
329 907 3 3 48
330 837 5 4 118
331 779 10 1 16
331 897 7 3 44
332 513 7 4 263
333 457 2 3 21
333 644 6 4 274
333 385 5 3 47
333 389 3 4 333
333 506 1 5 255
333 731 10 2 28
333 789 10 5 1154
333 869 10 2 53
334 380 7 2 13
334 962 9 4 271
334 256 1 4 41
335 489 3 5 671
336 392 10 2 25
336 602 4 3 24
337 577 7 4 179
337 633 10 3 106
337 393 5 1 7
337 899 6 5 805
338 353 1 4 90
338 769 5 4 247
338 834 6 2 13
338 805 5 2 22
340 381 7 4 184
340 717 3 3 65
340 904 2 4 79
340 992 5 5 747
341 705 7 3 110
341 764 5 4 115
341 514 3 2 13
341 884 4 2 8
342 577 2 5 253
343 537 10 5 4023
345 677 2 4 56
345 529 3 4 78
345 542 6 4 236
346 729 10 5 3918
346 993 4 5 772
349 396 10 2 53
350 943 9 3 107
351 729 7 5 1620
351 770 9 2 38
353 410 7 4 580
353 420 4 4 115
353 515 4 6 2937
353 681 1 4 103
353 795 9 2 32
353 861 6 5 1067
353 373 9 4 331
353 969 5 5 1924
354 390 2 4 55
354 685 10 1 13
355 837 8 3 45
355 970 7 3 56
355 561 1 4 34
355 586 2 3 14
355 710 3 4 150
356 635 10 2 32
357 801 2 4 136
357 831 3 3 31
358 434 5 5 1671
358 642 1 7 7172
358 691 5 4 118
358 517 10 3 103
359 961 8 3 63
359 1019 4 3 86
361 515 3 3 24
361 556 6 4 532
361 733 10 4 691
361 785 9 3 180
361 811 4 5 1269
361 875 9 2 33
361 969 6 4 325
364 425 10 1 8
365 741 2 5 251
367 658 8 2 34
367 989 5 2 13
368 457 2 4 79
369 739 10 6 22823
369 926 6 3 66
369 454 7 3 70
370 641 3 4 87
370 649 3 4 214
371 558 1 4 32
371 573 1 4 61
371 657 1 6 918
371 705 9 3 105
371 842 4 3 50
372 706 5 2 24
372 773 8 2 20
372 577 9 4 216
372 1021 5 4 153
375 618 10 3 128
375 663 4 3 34
377 457 2 4 113
382 532 7 2 16
382 758 7 2 26
383 563 8 4 206
385 424 5 6 7318
385 458 1 5 266
385 482 1 6 1549
385 532 1 5 163
385 572 3 3 54
385 598 7 3 56
385 693 2 5 975
385 842 1 4 93
385 963 6 3 38
385 656 4 2 21
385 929 8 2 38
386 514 2 3 22
386 564 10 1 4
386 517 8 4 180
386 570 10 2 44
386 597 8 3 161
386 689 8 4 280
386 1021 10 3 54
387 682 9 3 146
387 847 7 4 161
387 850 7 3 137
387 913 3 4 254
387 747 5 3 34
388 546 4 4 343
388 1017 9 3 60
388 598 6 5 1615
388 645 6 1 9
388 806 8 6 19154
389 647 9 2 23
389 837 3 4 110
389 913 1 4 35
390 597 2 3 33
390 586 5 4 290
390 590 4 2 18
390 779 3 4 292
391 567 4 4 239
392 462 5 7 62383
392 801 4 4 305
392 849 9 3 58
392 1006 4 4 186
393 554 4 3 67
393 675 3 4 158
393 825 4 2 20
393 836 5 3 32
393 895 2 5 892
394 462 8 3 168
394 578 3 3 43
394 608 2 3 20
394 723 2 5 636
395 591 2 3 29
395 811 5 3 65
396 559 1 5 339
396 648 5 4 119
397 455 3 3 25
397 537 10 4 305
397 547 3 4 313
397 778 2 4 134
397 916 1 6 1105
397 961 6 3 35
398 519 9 3 62
398 694 5 3 32
399 944 2 5 684
399 434 7 4 171
399 723 4 3 55
400 828 5 3 42
401 713 1 4 104
401 422 4 5 905
401 558 9 2 19
401 320 2 4 205
402 674 5 2 22
402 933 9 1 14
402 515 7 4 303
402 545 3 4 75
402 578 2 4 95
402 675 2 5 331
403 770 9 3 155
406 409 7 4 231
406 783 10 5 1291
407 678 4 7 62036
407 929 7 4 190
407 529 8 4 898
408 592 10 2 41
409 577 3 3 32
410 418 9 1 12
410 889 2 4 164
410 557 5 4 148
411 521 8 4 363
411 564 6 5 1458
413 537 5 4 112
414 641 3 4 79
415 933 6 3 108
417 532 7 3 101
417 833 2 3 16
417 482 9 3 119
417 545 6 3 44
417 811 9 3 77
418 578 6 4 566
419 556 7 5 1476
419 628 8 3 69
420 845 2 5 425
421 425 8 4 267
421 539 8 2 33
421 546 8 4 177
421 513 10 2 18
421 903 1 5 174
422 641 7 2 21
423 737 2 5 440
423 796 9 5 1069
424 652 9 3 91
424 530 9 2 17
425 482 1 3 19
425 984 3 6 4247
426 747 6 4 413
426 777 7 4 306
426 470 5 3 50
426 535 7 3 52
427 645 9 4 816
427 687 4 5 517
428 581 3 3 43
428 548 6 3 92
428 833 6 4 223
429 621 9 2 18
429 881 6 5 3259
430 545 4 3 51
430 594 2 5 394
432 602 4 4 171
432 916 1 5 209
433 585 9 3 74
433 1015 6 4 305
434 497 5 3 52
434 800 8 6 13117
434 805 4 3 73
436 762 6 3 47
437 598 2 4 74
437 642 7 3 114
437 521 5 2 21
438 455 1 4 59
439 513 8 3 101
443 692 8 3 78
443 517 1 5 182
445 770 5 5 1530
445 802 1 5 639
445 562 3 5 2073
446 1018 8 2 33
447 630 6 2 29
449 514 5 5 1921
449 656 7 4 598
449 374 2 5 254
451 451 5 4 562
451 522 3 5 418
451 617 1 6 1953
451 681 4 3 42
453 489 1 4 30
453 513 4 4 401
453 514 6 4 183
453 515 7 4 242
454 662 2 4 64
454 513 3 3 57
455 635 2 5 484
455 783 5 3 45
456 641 6 6 5030
457 775 6 2 18
457 909 6 5 1186
457 946 3 4 78
458 907 1 5 522
458 572 4 3 27
459 744 9 3 122
461 463 3 5 577
461 567 3 4 78
461 707 2 4 60
462 626 8 2 37
462 902 3 2 15
463 517 2 5 270
463 642 3 4 124
464 917 6 5 686
465 929 2 4 192
465 669 5 4 338
465 723 3 4 179
466 532 2 5 619
466 762 4 5 501
466 903 9 5 1034
467 441 6 8 743843
468 641 6 4 365
471 714 6 4 163
471 676 10 3 110
473 802 10 3 99
473 962 1 5 367
474 601 6 2 31
474 801 4 3 45
477 776 5 2 24
479 538 1 5 145
479 460 4 8 170759
481 666 4 2 8
481 732 2 4 67
481 929 5 5 1035
481 603 4 3 44
481 807 2 4 92
482 541 1 5 681
482 962 8 3 44
483 513 6 3 100
484 556 9 3 62
484 985 10 3 94
484 812 8 4 384
485 842 3 4 272
486 837 6 3 41
489 566 2 5 590
495 753 2 4 68
497 979 3 5 423
497 782 1 4 95
497 312 1 3 12
499 794 2 5 363
502 520 6 2 23
503 769 10 2 53
507 707 5 3 78
507 752 10 3 74
507 768 2 4 202
508 581 6 4 179
513 515 7 3 51
513 523 2 4 92
513 686 2 5 295
513 937 5 3 86
513 529 4 4 306
513 549 5 4 496
513 558 8 3 101
513 643 8 3 54
513 649 5 4 118
513 720 7 3 41
513 804 7 2 25
513 941 8 2 26
514 549 1 5 434
514 641 5 2 12
514 645 3 4 72
514 766 7 3 88
515 523 3 3 47
515 573 7 3 69
515 781 7 2 36
515 673 8 3 94
515 705 6 2 19
515 785 10 3 54
516 599 5 2 15
516 671 2 6 2497
516 771 5 4 188
517 556 7 3 40
517 583 9 2 38
517 606 1 4 49
517 780 2 6 2007
517 786 3 4 77
517 864 3 4 96
517 929 8 4 222
518 526 2 5 281
518 535 10 3 130
518 673 5 3 36
518 677 7 3 89
518 769 7 5 975
518 519 5 4 177
518 520 4 2 13
518 530 2 4 110
518 696 1 5 124
519 833 10 4 836
519 929 10 4 262
520 945 3 3 21
520 968 7 4 398
520 848 6 3 54
521 786 7 3 48
521 813 3 3 49
521 897 2 3 23
521 525 9 2 25
521 530 4 4 371
521 546 7 4 234
521 591 10 5 2869
521 767 7 4 156
522 547 6 4 670
522 555 5 3 37
522 561 3 4 163
522 610 6 3 32
522 562 9 2 29
522 787 1 6 1254
523 550 6 3 52
523 653 2 4 60
523 531 7 3 41
523 570 1 6 2557
523 609 9 3 107
523 694 8 3 73
523 749 7 6 5014
524 651 6 4 249
524 815 3 6 8020
524 898 7 4 593
524 893 3 6 2564
526 821 9 5 1275
526 577 5 3 83
526 641 9 3 49
527 549 4 4 158
527 777 4 3 61
527 610 7 3 68
527 809 10 3 88
528 714 6 4 300
529 581 3 3 45
529 583 6 3 32
529 612 9 2 36
529 721 1 5 396
529 802 7 4 480
529 593 8 4 314
529 627 6 3 59
529 630 8 3 62
530 738 8 3 112
530 837 9 2 41
531 697 6 4 144
531 550 10 2 37
531 587 4 4 297
531 626 7 4 357
533 551 1 4 24
533 854 2 3 23
534 788 9 3 78
534 575 1 4 30
535 787 2 2 10
535 929 5 2 16
535 933 7 3 151
535 613 9 1 15
537 688 1 4 41
537 903 9 4 751
537 545 7 5 3514
537 747 7 3 71
537 478 5 3 105
538 900 2 5 235
539 821 6 2 17
539 820 3 4 115
540 665 4 5 608
540 778 8 4 418
540 366 9 1 11
541 681 6 5 1357
541 793 6 2 20
541 906 7 1 8
542 794 4 3 47
543 545 2 3 18
545 552 4 4 365
545 598 6 4 518
545 719 2 5 290
546 744 1 4 43
546 915 6 5 906
546 841 10 3 109
547 613 10 2 36
547 651 10 2 50
547 759 6 4 281
547 901 8 4 265
547 636 6 3 122
547 318 5 3 74
548 578 4 4 136
548 577 8 3 59
548 931 4 3 56
549 578 9 4 518
549 587 9 3 121
549 646 6 3 120
549 833 7 3 88
550 648 8 4 293
550 785 5 3 77
550 978 10 5 5343
551 650 6 1 8
551 801 10 3 144
553 641 9 3 152
553 657 4 4 99
553 933 9 4 220
553 781 1 5 306
553 905 10 5 1653
553 939 10 2 26
554 934 4 5 543
555 579 1 4 58
555 778 6 4 133
556 967 4 3 27
557 680 9 2 43
558 558 3 4 244
558 771 2 6 2694
558 939 2 4 47
558 560 9 3 163
558 596 3 3 29
561 918 10 3 143
562 787 6 5 1659
562 994 8 1 11
562 846 7 4 315
563 978 6 4 165
563 993 10 4 244
563 601 3 5 1181
563 643 2 3 32
565 657 10 2 41
565 660 9 3 158
566 655 6 2 14
567 593 2 4 195
567 972 5 4 343
568 794 5 4 335
569 948 9 3 48
570 600 7 3 49
570 785 2 4 219
573 778 2 4 67
573 579 1 4 78
573 906 2 4 117
574 798 7 6 27091
574 887 7 4 168
574 601 1 5 198
575 697 3 3 22
576 579 1 5 183
576 601 3 5 352
577 608 6 3 35
577 609 9 2 34
577 787 10 3 151
578 578 5 3 94
578 662 5 2 16
578 998 7 2 30
579 730 2 6 2021
579 982 9 3 67
580 622 8 4 220
580 790 10 3 206
580 625 4 4 126
581 599 8 3 104
582 646 3 2 14
583 634 6 2 22
584 836 3 2 10
585 834 8 2 25
585 641 8 3 44
585 722 8 4 575
585 845 5 2 17
586 593 8 2 27
586 696 3 3 55
587 659 2 4 140
587 777 1 4 65
588 609 3 5 475
588 668 8 4 227
589 785 9 4 203
591 789 8 3 125
592 883 1 4 84
593 857 5 3 55
593 802 7 4 390
593 829 1 4 56
594 687 2 5 887
594 714 3 3 21
595 653 8 4 332
595 793 8 1 14
597 706 9 3 59
597 725 1 3 22
602 886 2 4 65
602 544 8 3 55
605 914 3 2 9
605 1007 3 4 97
605 785 10 2 37
605 797 7 3 55
607 808 1 4 103
609 649 2 4 73
609 627 6 4 193
609 662 5 3 44
609 673 2 5 645
609 769 10 4 439
609 778 7 2 15
610 769 9 6 27775
610 825 7 3 90
611 738 10 4 282
612 881 3 6 5369
614 841 2 4 158
615 937 4 2 13
615 911 3 5 748
617 807 9 2 29
618 909 6 3 81
619 1005 2 6 4807
624 1001 9 5 2111
625 846 9 2 24
625 472 2 4 214
628 770 5 3 50
628 978 3 3 37
629 794 2 5 242
634 813 2 4 64
635 785 10 2 39
641 660 3 3 53
641 733 5 3 86
641 939 10 3 166
641 953 3 5 407
641 659 4 4 231
641 770 8 4 381
642 678 5 3 100
642 778 4 5 481
643 725 3 2 15
643 802 7 5 2781
644 776 8 3 52
644 1022 2 4 144
645 661 4 4 264
645 757 1 5 152
645 770 9 3 48
645 710 3 5 1443
646 964 2 3 30
649 695 9 3 111
649 770 2 4 45
649 661 2 5 1125
650 717 7 4 162
651 954 8 5 3594
651 488 10 4 682
653 1003 10 2 28
656 762 8 2 26
656 995 3 4 81
657 834 9 1 11
657 674 8 3 146
658 932 5 3 65
658 934 5 4 305
661 803 7 3 70
661 452 3 6 5064
662 796 2 6 1647
663 956 5 4 223
664 771 10 4 482
665 782 1 4 39
667 769 1 5 361
669 750 7 3 78
669 764 8 2 36
670 915 4 3 66
673 718 7 4 496
673 675 4 4 118
674 705 10 2 18
682 855 7 5 899
685 1009 10 2 49
685 1004 7 3 47
693 915 8 4 246
695 769 6 3 123
695 932 7 2 36
695 977 10 1 14
697 886 4 3 73
698 711 1 4 24
698 777 2 5 271
700 899 8 1 6
700 1016 6 3 43
701 865 3 4 102
702 942 6 3 122
706 855 1 5 345
707 733 1 5 578
708 779 6 3 37
708 781 3 3 38
710 844 8 4 271
713 863 7 4 685
713 729 8 3 50
714 838 6 5 934
717 843 4 4 147
717 973 2 5 695
721 804 1 5 216
721 931 3 3 33
729 512 7 3 54
730 975 3 3 65
731 127 7 4 414
733 835 8 3 105
737 769 1 4 64
737 900 7 4 220
739 971 7 4 711
739 769 3 4 221
741 779 9 3 61
741 802 8 2 25
741 1011 2 4 216
742 623 6 3 94
743 917 2 3 24
744 788 6 3 59
745 763 6 4 264
753 787 7 2 36
753 896 7 1 10
757 945 1 4 42
769 927 5 4 294
770 774 1 6 702
770 803 4 4 106
770 970 3 3 38
772 794 7 3 45
772 801 2 6 8862
772 942 4 4 89
773 987 8 2 28
775 937 1 4 44
776 922 2 4 48
777 799 2 3 21
777 851 6 4 230
777 915 2 4 98
778 809 6 4 212
778 917 6 3 66
778 360 8 4 755
779 813 6 4 174
779 883 3 4 134
780 805 1 4 101
780 977 1 4 29
781 902 7 3 54
782 806 7 3 81
784 933 5 5 580
784 891 6 2 21
785 842 5 4 200
785 818 10 3 117
785 923 5 2 11
786 839 5 4 421
786 511 1 7 6400
787 915 8 4 333
787 865 5 4 560
791 504 1 4 75
791 951 8 3 79
793 850 4 5 1710
794 894 2 4 84
795 751 2 3 16
801 825 7 3 97
801 841 6 4 428
803 885 5 1 6
806 192 6 5 1003
809 938 5 5 1766
809 946 3 2 14
815 906 2 4 87
817 735 3 3 29
818 979 9 3 166
819 952 9 2 38
825 979 6 2 23
825 853 2 3 25
834 1000 7 4 372
835 913 7 2 27
837 997 4 3 32
844 940 5 2 14
845 959 5 4 372
845 892 3 4 131
847 957 5 4 463
849 900 4 7 96547
849 1008 1 5 306
850 1019 10 3 70
850 475 9 1 9
857 867 3 5 1065
868 999 9 2 38
869 897 10 1 17
873 704 7 1 10
881 862 10 2 36
885 640 6 5 1220
889 905 5 5 2004
889 384 2 3 29
897 912 9 3 181
898 1003 5 3 44
898 960 9 3 104
900 509 9 2 16
905 930 4 3 76
906 954 9 3 73
907 756 7 3 82
912 222 1 5 540
913 918 7 4 158
913 1003 3 4 85
914 830 3 4 194
915 969 7 3 40
920 748 5 3 67
933 950 2 3 40
938 966 6 4 169
961 715 6 3 44
963 988 4 3 38
964 880 5 4 121
979 882 9 2 18
1003 734 10 3 67
1012 224 9 2 32
1019 1020 1 5 147
928 191 2 5 336
476 344 1 2 4
735 435 10 3 54
896 604 1 4 23
