1 2 10 4 473
1 47 9 6 8232
2 31 4 5 514
2 35 1 4 83
2 406 8 3 159
3 4 2 5 334
3 5 9 6 8408
3 26 10 3 85
5 57 7 6 7403
15 16 6 4 257
15 36 6 4 333
16 25 9 3 184
17 18 9 4 531
17 36 1 5 208
18 33 6 5 1994
19 20 10 4 535
19 21 2 6 4868
20 142 3 5 1010
20 148 10 4 226
21 22 8 4 470
22 23 3 5 506
23 24 1 4 90
24 25 3 5 391
24 28 5 5 1575
26 27 4 2 21
27 29 1 5 196
27 30 10 4 287
28 29 2 5 1270
31 33 2 6 3237
32 33 2 5 477
32 34 5 5 759
32 69 8 3 44
34 35 5 3 34
34 73 10 4 331
36 37 10 3 71
36 75 2 6 3637
37 52 6 4 472
37 43 4 3 87
46 47 5 4 526
47 448 2 5 711
52 67 6 5 800
53 54 7 4 249
53 59 4 5 751
53 418 3 4 73
54 163 9 4 351
55 56 2 4 154
55 59 10 5 1856
56 57 9 5 6156
56 66 9 3 152
58 59 9 6 6496
58 60 1 5 114
58 199 7 5 4686
58 458 5 4 129
60 63 9 2 41
63 225 8 3 118
64 65 6 5 1453
64 66 8 4 194
65 67 9 5 1215
69 70 9 4 491
70 71 10 6 13714
71 101 9 3 78
72 73 1 5 204
72 101 8 3 117
73 76 8 3 131
73 77 7 4 550
96 97 1 4 62
96 111 10 5 1557
97 101 8 3 120
98 99 9 5 3218
98 100 3 5 384
99 138 1 5 152
100 116 7 3 45
105 106 2 4 82
105 111 9 4 298
106 107 4 4 431
107 108 2 6 1704
111 114 1 5 360
113 114 3 5 431
113 116 6 3 40
115 116 1 5 271
115 409 1 4 82
118 119 6 3 127
119 138 8 4 196
120 121 7 5 1136
120 122 4 4 171
120 304 10 4 324
121 296 1 5 625
122 123 5 4 265
122 124 5 3 48
124 125 2 5 359
134 135 10 6 11988
134 332 4 4 89
135 136 4 7 28951
135 137 9 5 2127
137 139 6 4 201
139 140 5 5 616
139 141 7 4 308
139 399 8 4 327
141 400 6 3 67
154 155 4 8 233197
154 156 5 4 285
154 172 5 5 2758
155 168 8 5 4470
156 157 10 3 140
156 171 7 4 158
157 158 4 6 3940
158 159 9 2 29
158 177 1 5 654
159 160 5 6 24096
159 161 4 5 1633
159 196 9 4 622
161 162 7 4 407
161 197 10 2 33
163 164 3 5 469
164 165 8 4 221
165 166 9 1 8
165 104 9 3 85
166 167 10 3 81
167 168 4 4 96
169 170 4 5 776
169 171 6 5 1608
169 174 3 5 1110
170 172 8 2 23
170 173 9 3 109
170 419 2 5 883
171 178 10 3 117
173 174 6 5 2309
174 179 3 5 424
175 176 9 4 217
176 214 7 4 167
177 178 3 4 257
177 191 6 4 598
178 421 9 4 814
179 192 2 4 62
180 181 5 5 751
180 208 10 4 409
181 192 5 8 258257
182 183 2 5 533
182 184 6 5 2236
184 185 3 3 66
184 208 6 6 8505
185 186 4 7 83824
185 207 4 4 383
186 187 4 5 605
186 230 7 3 132
187 188 7 4 287
187 193 6 4 311
188 189 10 2 53
188 191 2 5 1041
189 190 5 4 454
189 191 9 7 127950
193 194 7 4 356
193 217 8 4 256
194 195 6 4 388
194 217 1 8 40891
195 196 10 4 237
195 216 5 6 5673
196 197 6 4 342
196 476 7 3 113
197 216 6 4 461
198 199 8 4 268
198 221 1 5 295
199 200 1 5 592
200 10 7 4 288
201 202 1 4 108
201 203 9 4 471
201 351 8 4 301
202 213 4 4 129
203 204 5 5 2708
203 205 7 2 22
205 206 9 4 381
205 231 8 3 106
205 360 10 3 133
206 207 8 2 32
206 232 4 2 17
207 233 2 5 327
208 209 1 5 130
210 211 4 6 10174
210 212 2 5 245
211 215 1 4 102
212 213 6 4 284
212 342 4 4 214
213 340 2 4 102
214 215 5 5 985
216 219 4 3 42
217 218 6 4 282
218 222 7 4 457
219 220 1 4 52
220 221 8 5 2055
220 222 3 6 3390
222 226 1 5 124
223 224 8 4 258
223 225 1 6 2065
223 7 2 5 426
224 229 2 4 208
227 228 9 4 562
227 229 9 3 137
227 272 8 4 457
228 230 3 5 1113
229 401 10 7 57879
231 281 1 5 588
232 265 8 4 254
233 264 4 4 199
233 150 1 4 38
234 235 7 2 24
234 278 7 3 82
236 237 6 4 269
236 280 7 4 403
237 238 1 6 746
237 239 5 4 482
239 240 2 5 470
240 241 10 2 39
241 243 9 5 1265
241 442 2 6 1399
242 243 5 3 62
242 244 7 4 196
242 314 2 4 79
242 80 1 5 141
243 293 6 4 187
244 247 3 5 1217
245 246 9 4 292
245 247 7 6 12480
247 248 7 5 4272
248 249 6 4 679
249 250 3 2 10
249 312 9 4 246
250 251 1 4 99
250 321 4 5 455
251 252 10 4 441
252 253 3 3 31
252 327 2 6 1958
252 301 10 3 176
253 254 10 4 531
253 277 4 4 214
253 266 9 4 270
254 255 3 4 76
254 256 3 4 210
256 257 1 6 2793
257 258 4 4 90
257 259 10 4 611
260 261 8 4 316
260 262 5 4 546
260 263 5 4 315
263 264 10 3 63
263 479 7 4 172
266 267 4 4 196
267 268 3 4 238
267 299 7 6 14809
268 269 4 5 594
269 270 10 6 16699
269 294 8 5 3346
270 271 9 2 18
271 295 6 5 2100
271 133 9 3 107
272 273 9 4 952
272 274 7 4 220
274 275 5 4 467
275 276 4 4 374
275 277 3 5 1406
275 291 5 4 376
278 279 1 6 4900
278 282 10 5 1698
279 280 5 5 3224
280 287 10 3 152
281 289 4 5 2503
282 288 2 6 1986
283 284 7 4 300
283 285 7 6 13738
283 305 10 3 166
284 290 8 4 286
284 365 9 4 321
285 286 2 4 152
285 306 9 3 91
286 287 9 5 4125
286 306 7 5 2196
286 452 8 4 204
287 293 7 4 435
288 289 2 5 327
289 290 6 5 790
291 292 2 4 151
297 298 2 6 1574
297 454 1 6 4628
298 299 10 3 83
300 301 10 6 19907
300 302 4 4 339
302 303 8 4 663
302 304 6 5 1395
302 330 4 4 236
305 306 8 4 377
305 308 1 5 505
306 308 8 4 190
307 308 3 7 45979
307 309 2 4 77
309 310 5 6 11432
309 338 9 4 606
309 379 10 4 662
310 311 1 5 533
310 85 2 5 1045
311 312 6 6 12384
313 314 8 6 6463
315 316 8 4 262
315 317 10 3 68
315 499 9 2 47
316 334 5 4 200
316 398 1 5 266
317 318 8 3 119
317 503 9 4 283
318 319 9 5 1558
318 502 6 4 234
318 510 5 5 660
319 320 5 5 1701
320 333 10 4 706
321 322 9 5 1324
322 323 4 5 571
322 325 10 8 3345504
322 333 2 6 2265
323 324 10 4 763
325 326 5 3 50
326 328 9 4 249
327 328 10 6 7218
328 329 6 4 353
328 495 1 5 165
329 330 10 3 207
329 331 10 4 256
331 332 3 4 131
331 489 7 3 50
332 481 10 3 71
333 493 9 3 98
334 335 4 5 2230
336 337 10 3 134
336 500 6 3 38
337 338 9 4 503
337 382 5 4 519
338 339 2 5 281
338 377 8 5 1146
340 341 4 4 375
340 349 4 5 1189
340 354 4 3 40
341 343 6 4 571
342 343 2 5 616
344 345 1 5 298
344 346 8 5 2896
344 385 4 6 6843
346 347 1 4 29
347 348 10 4 431
347 387 1 6 1050
348 349 6 4 569
348 386 9 3 135
350 351 2 5 496
350 359 3 4 122
350 13 3 6 5436
351 352 5 6 3556
352 353 4 3 22
352 356 10 4 595
353 354 4 5 1371
354 355 3 5 1041
355 356 5 4 143
356 357 8 3 71
358 359 7 4 425
358 361 7 4 315
358 362 2 5 598
358 360 2 6 8312
358 92 9 4 522
360 413 1 5 161
361 388 1 7 6615
362 367 5 4 342
363 364 4 5 671
363 365 5 3 57
363 370 2 5 628
364 395 10 3 118
365 366 6 2 31
365 371 2 4 115
366 144 5 5 1380
367 368 5 3 66
367 369 10 1 9
370 380 2 5 782
371 372 1 5 464
371 373 7 3 143
371 374 1 8 88267
375 376 2 6 6522
375 383 2 5 466
376 384 7 3 74
377 378 10 5 1341
377 381 3 4 330
378 384 2 2 7
381 383 1 7 26551
382 496 6 3 124
383 384 1 5 221
388 389 4 4 436
388 392 10 2 37
389 390 6 5 3882
390 391 10 4 313
392 393 10 3 67
392 394 9 5 1169
395 396 8 2 25
399 411 9 4 446
400 405 10 3 183
404 405 5 3 88
404 412 4 4 313
405 89 10 4 271
408 409 4 4 375
411 412 9 6 7621
411 415 3 4 284
411 482 6 4 188
412 415 8 5 3925
415 427 6 3 91
415 487 10 4 457
427 428 1 5 292
427 431 10 4 572
427 487 4 6 10354
427 424 4 5 638
428 429 9 4 538
428 432 4 5 727
481 482 9 5 1139
482 488 3 5 788
483 484 2 5 444
483 485 4 4 173
484 492 7 4 311
485 486 5 4 488
486 487 10 3 110
489 490 9 5 5080
490 491 7 3 43
490 492 1 6 1253
493 508 4 5 1219
494 495 8 4 201
494 507 5 4 367
496 497 10 4 444
496 62 10 4 340
497 498 3 4 69
497 499 10 3 171
499 501 7 4 565
501 447 6 5 816
502 511 10 4 601
503 450 6 3 120
504 505 1 5 190
504 506 6 5 1280
505 508 1 5 261
505 509 6 4 149
506 507 6 4 346
509 510 7 5 969
509 511 2 5 379
7 8 6 5 1680
7 6 1 2 3
10 9 9 5 2978
10 11 3 7 16577
13 12 9 5 3514
12 14 5 4 298
144 38 5 3 51
144 145 10 4 241
38 39 2 4 128
89 68 3 4 151
89 88 2 5 443
68 40 2 4 83
68 102 10 4 635
40 41 10 4 299
40 81 7 3 85
102 50 6 3 129
50 51 3 5 1684
41 95 10 4 853
81 146 2 6 1705
95 456 9 4 459
95 143 10 2 42
95 146 2 5 529
146 410 3 4 82
43 42 7 4 210
133 130 4 6 4577
128 117 1 6 4272
128 132 4 5 1341
117 129 1 6 1234
117 110 8 5 914
132 130 2 5 245
129 127 4 5 530
127 44 3 3 22
130 131 4 4 97
44 45 9 2 31
110 109 6 4 227
110 126 10 4 297
109 112 6 4 428
62 49 6 4 383
62 61 5 3 80
48 49 9 4 657
75 74 1 4 49
77 78 8 7 71114
80 79 9 4 245
92 90 3 5 656
82 83 4 4 253
83 91 10 2 19
91 90 5 5 1707
90 93 10 3 82
93 94 3 4 122
85 84 8 4 304
84 86 2 4 193
84 87 7 5 4420
86 87 8 3 84
104 103 8 3 102
148 147 6 3 113
147 149 9 4 357
150 153 7 3 128
150 151 8 5 3017
152 153 2 4 192
398 397 1 6 1172
401 402 10 3 113
401 403 4 5 1471
406 407 10 3 150
416 407 3 5 578
413 434 8 4 196
413 414 7 4 308
433 434 9 7 98731
418 417 8 4 265
419 420 3 5 902
419 430 9 4 214
421 422 10 4 796
421 423 6 4 547
424 425 1 5 308
424 426 1 5 597
424 438 1 5 143
438 437 2 6 1744
437 439 3 7 29417
454 453 7 6 20361
454 435 3 3 23
453 455 5 4 280
455 460 9 5 1378
435 436 5 4 561
460 463 2 5 347
463 462 4 4 147
461 462 1 4 111
461 464 5 4 421
464 466 5 4 262
466 467 6 4 446
452 451 2 5 929
452 440 2 4 108
451 459 4 4 364
459 473 1 5 253
440 441 5 4 114
473 472 1 5 419
442 443 6 5 814
448 444 3 4 92
444 445 9 4 215
465 445 1 6 946
465 468 10 2 47
468 469 6 5 2310
469 470 1 4 109
470 471 2 6 4810
447 446 4 4 451
450 449 9 3 94
458 457 4 4 323
476 474 4 5 652
476 477 2 5 750
474 475 10 6 17534
477 478 3 5 787
479 480 8 6 23049
284 177 6 5 1454
391 291 5 6 11669
397 161 1 4 48
376 187 7 4 278
322 42 5 4 478
399 318 8 5 916
463 89 2 5 267
343 194 7 7 45337
437 265 9 3 118
239 53 2 4 135
411 475 6 5 2825
21 372 7 4 310
508 449 10 3 184
24 51 2 5 296
54 280 4 6 4470
261 73 1 4 67
2 307 1 5 519
476 36 1 4 86
374 231 6 3 94
483 72 10 3 217
188 248 2 5 337
326 346 9 5 4053
458 449 8 5 1428
435 58 10 2 50
225 130 7 5 2427
484 174 1 5 517
322 33 6 3 35
369 191 10 2 36
330 20 5 4 172
324 21 3 5 720
18 385 1 5 146
252 297 3 6 2095
7 178 10 4 647
30 43 8 4 488
397 191 9 2 34
450 80 9 4 225
458 335 9 4 403
171 48 9 2 43
485 267 7 3 150
104 136 10 4 259
47 507 6 4 373
302 429 7 4 389
424 132 1 5 599
55 69 9 4 245
81 28 7 6 8287
346 114 2 3 34
84 284 3 3 50
57 44 6 3 88
112 358 2 5 1170
103 252 2 4 117
202 401 3 4 287
106 343 7 4 427
297 285 7 5 1294
47 27 8 7 132759
391 38 9 5 1545
292 297 10 3 162
292 334 10 5 1561
149 56 6 4 367
56 464 8 4 511
252 487 2 4 63
491 427 2 5 1120
112 439 6 6 12839
62 365 6 5 1640
315 75 9 7 66798
445 373 6 7 166608
373 228 9 4 388
459 103 5 3 75
5 34 5 5 1714
357 412 10 3 205
195 208 3 5 1121
362 282 10 4 242
282 132 6 6 16147
292 358 6 5 823
130 16 1 7 5170
354 48 4 5 472
329 398 2 6 1973
107 143 7 5 3130
302 8 10 6 9894
437 468 5 5 1265
391 24 1 5 293
70 453 10 3 206
428 250 6 4 420
427 93 9 5 4482
235 500 5 5 1471
476 259 3 4 81
140 144 1 5 253
373 167 4 4 416
413 463 8 4 439
100 419 5 3 53
67 49 7 4 352
148 127 7 4 306
227 117 8 5 2307
147 283 1 5 469
464 193 3 6 2437
281 305 5 3 110
168 300 3 5 1381
456 265 5 5 1718
74 34 9 4 595
228 497 9 4 552
84 178 8 4 187
47 339 10 3 116
137 364 3 4 93
419 487 7 6 18097
497 260 8 4 535
432 171 7 4 339
104 329 5 5 692
16 90 6 3 95
14 244 9 5 1171
56 483 5 4 157
175 2 4 6 3007
151 442 2 8 187179
372 443 3 4 75
460 285 8 4 209
372 171 6 8 343866
267 357 9 4 260
336 274 7 4 446
235 63 4 5 1152
279 71 4 5 1782
251 475 1 8 48708
440 88 3 8 193183
169 453 10 6 8330
172 264 3 4 195
51 471 4 4 286
503 172 2 5 707
175 199 3 5 573
230 291 7 3 120
16 205 10 5 1178
339 82 5 4 322
449 137 3 5 1193
119 372 8 4 703
499 126 7 5 1645
485 290 6 4 264
181 127 1 6 1125
505 298 8 3 158
290 489 1 4 55
34 249 1 6 1941
179 277 3 6 3372
440 73 7 2 28
343 395 3 5 980
87 478 2 3 23
316 6 2 7 13768
307 144 2 5 1031
308 435 9 4 238
233 510 4 4 134
126 354 3 4 67
272 162 7 3 136
135 122 8 8 794318
365 389 2 6 4919
235 479 4 3 40
125 110 7 5 3088
289 302 9 5 1059
13 387 7 5 856
345 228 10 4 595
10 105 6 4 672
311 286 1 6 3178
126 229 5 2 21
286 221 5 4 314
171 11 10 4 716
172 342 4 4 127
245 407 9 3 105
63 188 8 4 218
253 232 6 6 5749
435 104 3 5 345
87 138 6 3 70
30 432 2 5 351
476 53 4 4 183
107 103 7 4 330
409 12 9 3 178
344 183 2 6 5212
440 85 1 4 29
210 133 2 5 344
45 192 2 6 2623
352 234 7 4 670
354 440 7 3 70
28 170 5 4 129
281 2 3 4 310
361 251 6 4 473
35 364 6 6 4696
433 81 9 3 76
281 159 6 4 676
495 148 9 3 98
316 239 1 4 75
143 130 7 6 4927
26 136 1 4 38
424 419 3 4 243
395 202 1 5 311
136 352 3 3 23
380 360 3 4 224
146 72 2 5 301
424 450 2 7 13699
147 425 10 3 144
451 285 1 4 111
195 101 6 4 160
457 177 5 3 92
81 208 3 7 28964
182 200 6 5 794
436 509 2 4 60
29 18 3 4 310
149 453 7 5 1843
330 473 8 4 591
73 53 7 3 147
340 196 10 4 607
256 444 8 4 812
270 428 3 4 136
407 87 7 5 1556
346 295 2 5 810
78 410 2 4 152
87 205 7 4 188
331 59 2 5 234
45 83 7 3 84
411 217 10 4 238
262 497 5 3 48
267 226 6 4 365
456 426 4 5 481
321 505 1 5 418
479 424 9 6 10210
488 420 10 5 4322
236 272 1 5 238
507 217 9 4 336
366 165 7 4 232
227 338 8 4 251
228 346 6 7 181673
488 324 7 4 164
116 214 8 1 13
499 343 6 3 66
155 118 10 4 942
480 256 6 4 232
176 478 1 5 334
375 389 4 6 2934
139 438 5 4 132
366 395 8 3 54
42 36 1 3 22
470 372 2 4 45
127 490 2 5 597
407 209 1 6 1316
455 68 3 4 280
222 99 4 4 228
351 55 10 4 298
418 87 6 4 369
254 89 2 3 35
256 83 9 6 10936
225 147 9 4 497
73 89 2 5 421
376 270 3 5 2001
415 507 3 6 4553
414 382 10 5 2740
319 321 7 5 1076
257 29 9 3 148
312 374 8 4 553
43 150 4 4 416
82 423 9 8 2205042
226 280 8 4 728
125 299 8 4 238
202 220 10 5 1781
290 116 5 4 282
130 118 10 4 296
358 76 6 3 76
243 500 2 4 64
163 155 8 4 234
445 227 3 6 7313
240 177 5 3 97
299 246 8 4 487
347 136 10 3 163
211 323 5 4 286
318 227 10 3 129
174 222 9 6 14982
35 492 7 2 32
441 58 4 4 273
196 346 6 5 913
511 236 2 4 157
485 390 9 3 160
104 59 7 4 224
479 450 10 5 4481
138 5 10 6 7913
37 172 7 3 124
138 363 3 4 77
242 4 1 6 3022
482 154 4 5 2347
149 188 8 2 37
99 460 5 4 374
425 450 3 5 666
357 26 2 5 847
161 115 2 6 6140
381 37 5 5 1466
132 19 2 4 104
187 142 9 3 150
491 238 5 1 7
159 315 9 4 622
210 320 2 3 14
412 304 3 4 289
455 221 10 2 41
206 67 3 5 655
49 231 10 4 590
148 56 1 8 102840
418 274 5 5 677
101 374 2 4 163
262 368 1 7 7858
508 424 2 4 134
337 46 10 4 318
509 305 1 5 169
204 60 7 4 757
96 195 7 6 6094
339 139 6 4 264
437 348 8 6 6499
121 269 7 4 561
246 328 7 4 450
484 17 2 4 213
69 250 8 4 701
402 7 9 4 866
129 389 9 4 459
119 123 8 4 431
197 210 9 3 173
363 165 8 4 300
87 5 1 6 3222
221 486 8 4 380
247 221 8 4 207
413 265 8 8 942226
111 499 3 5 428
448 258 7 5 3838
49 166 4 6 4864
110 115 4 5 505
26 425 9 6 21252
72 204 8 4 420
315 355 8 2 26
189 99 6 4 485
509 155 3 7 22774
483 167 6 4 193
82 471 3 4 156
145 45 7 5 870
297 442 10 3 74
55 250 4 3 87
288 110 3 4 172
445 503 10 3 216
503 235 8 7 100962
332 103 9 3 94
489 487 5 4 238
127 123 9 4 209
358 357 8 6 7879
330 332 1 6 1573
501 372 1 5 313
253 133 3 2 9
78 174 2 4 169
337 445 6 4 196
85 334 5 5 2090
498 277 3 4 230
210 80 5 4 282
42 223 9 4 343
168 27 6 5 792
160 87 9 3 103
55 270 6 5 1630
36 223 3 5 429
314 10 5 3 63
410 213 4 4 91
484 485 1 7 36944
309 28 8 3 120
10 219 6 4 434
69 297 1 5 241
18 402 3 6 4539
457 206 1 6 4643
319 504 10 2 36
401 246 8 3 86
422 501 5 4 170
26 11 2 6 2756
245 501 6 4 148
211 451 8 3 75
7 275 3 4 115
293 502 2 4 222
340 55 10 3 187
385 449 10 2 36
474 142 1 5 166
186 407 2 6 5166
116 149 10 4 303
83 372 4 4 94
228 281 7 7 116744
265 65 9 3 148
230 241 5 4 136
435 123 1 6 1340
288 386 2 3 16
497 427 10 4 251
452 23 9 2 16
256 360 8 4 508
227 132 7 4 236
352 378 4 4 233
294 84 5 4 168
434 225 3 5 1854
26 289 9 4 480
415 461 5 6 19225
231 103 1 6 1500
58 371 10 4 423
109 176 8 4 220
445 329 7 3 101
255 165 6 3 86
219 451 3 6 2237
162 205 6 4 381
491 62 3 4 122
7 308 3 6 5774
18 332 7 4 634
76 390 2 5 872
197 166 5 4 226
235 507 6 4 270
116 328 10 4 938
197 207 9 6 19998
109 115 5 5 768
412 293 6 5 1544
350 270 4 4 289
112 330 7 5 1133
94 410 2 4 194
244 108 4 6 3656
430 322 5 4 216
38 287 10 4 397
413 145 5 4 128
132 195 7 4 568
366 374 6 4 206
276 123 8 4 640
72 257 8 4 473
83 370 8 5 1623
94 1 10 6 7689
125 184 10 3 196
322 156 1 5 188
427 192 5 4 329
107 214 7 5 1158
399 122 10 5 1835
121 386 6 4 394
219 414 4 4 408
430 401 6 3 86
363 468 6 5 1593
209 498 8 4 221
481 116 8 4 535
123 216 8 7 64183
377 330 6 6 6328
450 12 7 4 665
432 20 5 3 41
470 270 10 7 50991
337 139 1 5 661
301 389 10 3 153
135 200 3 5 536
159 50 7 5 3154
359 397 5 5 2954
33 149 7 4 205
136 288 4 4 381
413 16 6 5 3431
463 182 8 2 35
198 105 8 4 619
49 140 10 5 1412
33 261 1 4 66
305 456 4 4 359
349 1 5 4 291
504 327 9 4 900
286 335 7 5 1018
283 48 9 3 75
60 394 1 6 806
227 316 1 5 189
436 460 4 7 41527
88 61 4 4 360
100 508 6 4 198
477 260 3 5 1605
153 235 1 5 326
315 224 9 4 510
418 362 3 5 871
349 509 1 6 2510
35 59 8 5 2637
77 252 3 5 917
461 97 10 6 19092
411 182 2 6 2327
509 70 4 3 27
184 381 8 4 223
316 475 3 5 473
199 51 8 3 161
239 85 8 3 144
495 137 5 4 380
178 75 5 3 66
49 269 7 4 560
473 106 4 4 418
276 111 9 5 1452
441 332 6 4 402
205 450 3 3 16
65 173 9 4 587
154 383 5 5 918
63 404 6 4 318
171 161 7 4 355
118 224 8 2 18
435 190 6 4 135
108 470 9 4 602
463 209 6 3 49
147 93 8 4 697
120 408 7 5 3019
370 455 5 4 180
238 401 3 5 1327
376 455 10 4 478
468 266 9 2 19
282 469 3 5 765
200 118 8 4 239
239 435 3 6 3832
29 477 7 4 313
183 3 1 5 420
232 241 6 4 147
160 491 5 4 339
384 176 5 4 523
303 407 5 3 62
244 2 6 5 1070
90 477 1 4 82
269 160 5 5 890
9 255 9 2 17
500 323 10 4 1076
226 17 3 4 277
162 100 10 3 142
442 354 3 4 197
254 56 2 5 562
177 70 5 5 1110
283 413 8 4 183
467 303 7 2 22
506 52 10 2 47
402 315 1 5 592
44 66 9 4 557
205 376 9 3 70
78 375 2 3 41
45 468 6 5 980
300 11 8 4 453
288 143 2 4 143
238 91 5 6 16296
423 101 3 5 1115
159 455 5 6 23286
46 77 9 3 70
438 456 1 4 61
168 438 2 4 138
228 205 3 6 4619
60 109 5 4 178
97 31 4 4 346
56 135 10 5 2151
215 138 8 6 10135
305 446 4 3 67
195 390 10 4 478
181 508 3 6 5208
511 454 4 4 263
388 279 5 4 190
13 343 10 4 889
132 121 2 4 135
420 165 2 4 47
279 398 1 5 219
334 466 8 3 55
76 96 8 4 546
397 429 8 6 21813
271 172 1 6 1622
297 357 1 6 2472
398 305 4 4 135
266 449 9 2 23
380 322 1 4 108
511 252 6 5 2386
412 136 1 5 612
273 453 4 4 359
440 111 9 4 765
88 261 5 4 313
40 321 1 8 48653
221 370 7 5 803
200 348 10 3 77
141 425 6 2 22
461 442 6 5 1642
496 325 5 4 405
504 467 6 5 2279
148 320 9 5 1285
274 53 6 3 107
133 312 1 6 2622
166 318 5 3 99
326 491 7 5 1348
131 60 7 5 948
336 448 2 6 1587
392 136 8 4 322
64 75 10 3 141
211 433 6 5 717
405 393 1 6 827
415 14 3 6 11324
475 69 1 6 787
125 335 9 3 105
481 214 2 5 545
125 1 6 2 25
345 352 9 4 408
511 191 3 4 150
398 405 5 4 150
204 231 7 4 778
61 220 2 4 218
359 498 3 4 166
413 159 10 3 183
4 62 4 3 69
458 351 4 5 743
218 325 2 4 127
184 488 6 5 829
131 327 7 6 7316
29 210 3 4 126
74 138 10 4 561
48 333 3 5 344
110 339 5 4 457
408 186 8 4 572
340 441 2 4 56
251 446 2 7 70709
31 254 4 5 1279
336 79 1 5 546
111 375 5 4 229
199 351 5 4 202
258 429 4 4 182
503 484 7 4 516
152 452 1 4 39
247 166 5 5 703
460 442 4 4 373
81 489 4 3 61
91 476 6 4 501
202 449 1 6 1930
137 230 2 5 434
147 127 8 3 154
229 424 5 4 284
462 27 7 3 73
387 140 8 5 1615
322 160 4 4 240
177 218 6 5 955
53 275 8 4 577
268 37 8 2 33
330 88 7 3 106
107 462 1 6 2110
508 252 10 3 65
343 78 7 3 55
385 88 4 4 240
403 66 7 4 658
424 490 2 7 37837
266 293 7 4 617
177 182 10 5 2190
149 4 5 4 362
423 324 1 4 33
504 180 2 8 100771
457 115 5 5 831
493 85 8 4 619
257 240 1 8 40650
470 36 4 3 53
179 507 10 3 71
473 504 3 5 1662
125 304 10 5 3821
363 434 8 4 287
175 87 10 4 390
183 464 4 3 24
186 482 1 5 300
146 458 2 4 57
51 209 2 6 5377
413 464 2 5 347
331 130 5 6 13744
194 161 10 4 350
345 204 1 7 10655
342 194 10 4 558
10 115 3 3 41
160 432 1 4 84
215 229 5 5 738
484 191 3 5 1406
41 250 7 4 414
339 86 2 5 392
244 91 5 4 298
61 236 3 6 6034
190 394 9 3 70
125 6 8 4 300
508 205 4 5 1505
248 408 6 4 373
411 280 1 5 673
262 392 2 3 16
400 392 8 4 649
386 265 6 4 248
174 34 3 3 26
96 121 10 6 10636
263 96 3 7 50291
410 447 7 4 263
306 460 1 5 274
191 279 4 4 386
35 83 1 5 412
192 242 10 3 86
369 247 5 4 190
350 153 7 5 1243
479 274 10 5 1808
26 418 8 3 86
301 269 3 4 125
390 181 7 4 558
316 65 8 4 346
85 146 4 6 3251
356 361 6 4 184
241 163 8 3 136
284 239 7 4 745
364 384 7 4 475
70 284 8 4 327
248 479 1 3 14
483 142 8 4 351
38 189 9 4 201
407 298 6 3 57
285 240 4 4 232
22 131 3 4 298
427 98 4 4 272
293 274 6 5 860
119 489 6 5 1953
332 489 8 5 1406
283 245 2 4 174
358 491 1 4 49
283 272 6 4 197
162 72 2 5 479
207 259 6 5 3402
246 89 10 4 452
359 59 4 5 569
71 492 6 2 28
39 234 10 3 85
297 212 3 6 8865
256 326 10 4 491
400 423 10 4 796
418 165 1 5 430
461 334 3 5 1155
451 500 10 5 3394
63 480 4 5 461
276 339 9 2 17
141 172 3 3 50
299 64 8 4 311
93 402 4 6 6649
90 165 2 6 4726
433 169 9 3 112
445 468 1 5 423
367 36 7 4 523
375 508 2 4 184
225 288 1 7 5218
82 296 3 5 839
156 481 9 6 7551
366 8 10 4 798
100 420 4 2 20
264 109 8 4 257
92 14 4 3 88
134 35 1 4 81
414 441 3 5 383
187 57 3 4 120
42 133 7 5 2137
473 266 2 4 59
458 119 10 4 277
192 360 2 4 92
94 81 7 5 1139
216 13 7 4 178
76 173 2 5 1076
120 454 8 4 574
343 60 8 3 115
192 460 10 4 1075
184 465 6 3 64
69 61 8 4 764
487 247 2 5 349
266 308 8 4 393
423 257 3 5 577
421 192 5 4 503
143 98 6 5 1511
89 380 9 4 467
228 398 6 3 130
312 208 3 4 171
51 506 4 4 104
373 53 1 6 1350
494 121 10 4 614
329 228 8 4 202
86 229 10 3 87
476 119 6 3 53
76 148 10 5 3217
58 21 5 5 793
443 33 8 6 7953
233 353 8 3 165
141 25 9 4 676
195 58 4 3 54
287 178 7 4 358
181 421 1 5 470
419 33 7 3 47
386 116 10 4 279
163 39 5 5 1293
185 33 4 4 346
185 471 6 4 436
186 5 8 4 536
452 308 8 5 1431
382 35 7 4 309
172 211 7 3 61
260 59 4 6 2835
333 111 4 4 282
57 59 1 7 28533
202 115 3 3 25
141 195 7 4 204
510 426 8 3 90
444 365 8 5 2784
39 406 5 4 146
115 421 1 5 633
317 45 1 5 606
161 54 5 5 698
459 283 3 4 273
299 249 5 4 179
3 507 4 4 276
229 428 8 4 388
29 73 3 5 1069
330 30 7 5 864
398 118 8 4 685
223 402 6 3 120
158 29 9 3 105
235 346 1 6 1121
361 212 2 5 606
112 326 10 3 203
345 235 9 3 131
358 223 8 3 158
86 283 10 3 109
467 161 4 4 324
473 223 7 5 972
29 209 1 6 1207
376 243 9 3 95
72 50 3 7 30959
349 439 5 5 717
308 170 5 5 577
140 271 2 4 56
279 3 4 6 3040
207 34 2 6 2192
32 332 4 5 458
149 170 7 4 508
183 54 2 5 504
325 171 3 6 7624
91 163 5 5 1022
40 473 5 5 947
363 384 6 3 36
268 451 1 5 417
399 15 5 3 37
356 368 5 5 1715
486 70 6 4 374
105 340 4 4 329
435 24 6 4 224
508 242 6 4 146
417 254 7 4 184
386 441 7 3 143
89 423 8 4 776
390 24 10 3 139
504 122 7 5 1089
186 208 1 6 4695
70 485 5 6 17898
165 337 4 4 363
18 30 1 6 1221
169 36 4 6 5529
212 392 7 4 363
248 453 8 3 56
169 310 10 4 590
495 378 4 4 141
241 469 7 4 488
179 231 2 5 309
119 322 6 4 212
411 311 5 4 298
227 258 10 5 1380
160 45 5 4 176
463 202 2 5 239
208 153 5 6 18195
140 420 4 4 131
198 185 7 4 339
154 510 1 5 115
314 121 6 4 306
251 401 10 3 176
100 409 5 7 26402
112 412 2 5 432
28 505 8 4 310
296 137 3 4 290
495 323 2 4 93
43 180 5 2 19
159 171 9 5 5728
109 281 4 4 300
232 145 1 3 20
381 27 6 5 1508
140 401 4 3 68
103 320 3 6 7882
86 459 10 4 521
489 382 5 4 209
185 52 3 4 110
127 172 1 5 541
456 357 5 5 958
355 326 1 6 941
9 219 4 5 2561
160 508 1 4 44
303 177 1 6 1195
463 456 10 3 94
163 224 5 6 5163
233 28 2 4 98
142 354 5 4 310
269 336 5 4 121
258 44 6 3 49
341 396 3 4 142
436 81 8 5 2689
232 130 10 5 2254
60 340 7 3 58
145 318 8 4 491
487 498 9 4 308
165 470 1 7 10294
123 193 2 4 143
128 495 3 6 5629
465 349 9 5 1683
146 365 1 5 294
425 335 7 4 465
425 197 1 5 262
9 241 2 6 2038
128 424 9 4 495
140 125 8 4 627
143 503 2 4 174
109 200 2 5 259
100 10 6 4 326
358 496 5 4 116
42 454 5 5 2047
463 107 10 1 17
239 177 9 4 633
511 267 7 4 175
498 163 8 4 310
281 392 8 4 895
436 508 5 4 173
270 121 5 6 4967
289 495 4 5 512
327 260 1 4 95
288 510 8 4 196
13 86 6 4 197
484 104 5 6 10998
76 320 3 6 3034
34 270 2 4 90
417 262 3 3 35
339 117 4 6 10462
310 380 6 5 943
112 259 6 4 232
26 406 10 4 395
255 223 1 5 371
45 291 8 4 403
225 344 1 5 229
440 106 8 4 281
143 484 4 5 727
354 419 10 4 392
419 206 3 5 1421
119 339 2 4 90
226 436 2 4 70
439 497 10 3 102
194 26 1 5 273
100 262 8 4 795
77 56 3 7 38234
391 338 6 4 295
197 35 8 3 96
505 417 6 5 1874
508 260 8 3 115
134 480 5 4 240
209 492 6 3 72
463 286 3 4 186
121 55 9 4 278
94 58 10 2 30
174 474 6 5 1017
131 54 8 3 95
164 145 5 4 492
288 487 1 5 250
310 363 4 3 22
79 402 10 4 995
178 332 3 3 35
3 218 9 5 1425
70 382 7 5 2774
331 321 4 4 226
357 509 10 4 848
187 274 10 5 4485
179 105 4 5 670
292 415 1 6 1543
153 385 2 6 3450
98 383 9 4 479
250 191 4 5 1657
80 417 2 5 332
165 178 8 5 3767
296 247 6 3 70
66 366 10 3 113
185 205 6 6 12678
39 301 10 4 808
495 509 4 3 78
324 396 7 4 265
484 215 10 3 185
461 40 4 4 376
468 365 9 4 912
421 91 10 4 253
478 225 9 3 177
259 305 9 3 57
64 82 4 5 458
357 475 1 5 259
89 270 8 3 132
296 90 3 4 67
428 311 5 4 276
473 126 10 4 809
348 165 6 4 289
245 192 3 4 295
53 264 2 5 409
252 453 8 5 2332
13 167 4 3 73
245 367 6 7 154240
65 488 1 5 587
178 501 7 4 393
55 321 5 5 1174
217 504 5 3 42
280 176 4 4 102
472 426 6 4 517
260 434 8 4 348
54 13 2 4 221
118 10 4 5 561
164 315 6 3 74
203 425 9 6 27561
460 428 1 5 123
106 164 2 6 2262
342 261 3 7 44756
343 26 6 4 297
188 194 4 4 185
501 128 2 5 296
265 301 2 4 220
106 340 7 4 445
449 100 4 4 186
25 280 5 3 30
