4514 4.642014032974585e-06 
344 8.14339759261608e-06 
9025 7.688973501370511e-07 
5349 6.448959291192533e-08 
1157 9.955405633952678e-07 
4837 1.6701028985346934e-07 
6922 3.1315762287393873e-06 
3369 5.477801492360671e-06 
9789 1.118180400605951e-06 
4565 2.7702882711256953e-07 
4008 1.3566093203637962e-07 
685 9.13761738292231e-07 
653 6.721868413923568e-08 
3593 1.0222522095742342e-08 
189 1.29868299814399e-07 
5961 5.978812611198674e-06 
8379 1.48268484909069e-06 
1424 4.875079408023059e-06 
7493 1.0329763458642042e-05 
7994 1.6328303322385e-06 
8318 2.15034350490792e-08 
3641 8.76708521365855e-07 
3554 2.8949321965220828e-05 
1039 2.914406149116637e-08 
9327 1.7960689108881527e-07 
5940 1.3335835448908225e-05 
1227 7.682850762176047e-06 
8416 4.627430829098009e-06 
5545 1.691789404704644e-08 
997 2.1214735250636718e-07 
3550 1.9918729663280922e-07 
7139 9.542798038337125e-06 
4038 4.875917780178353e-06 
7601 2.777476325177415e-06 
7222 2.2045262593319474e-06 
807 7.684933138392062e-06 
3434 1.6222265946930895e-05 
6231 1.4221392930467702e-08 
3448 6.100540030581857e-07 
9005 1.4119880271685342e-07 
8840 1.0748330942304932e-06 
6679 1.1000230607235642e-06 
1940 3.6265821570433923e-06 
3832 2.1061717585669163e-06 
9799 6.665729707739862e-08 
5705 3.628050096566994e-06 
5636 7.190382099083213e-06 
6344 3.4583693190904495e-06 
512 2.093142668001367e-06 
6931 5.101441182463714e-06 
4031 1.7119815523981147e-08 
391 2.1451594697688252e-07 
1958 4.832848161496627e-06 
3280 1.1014576435311254e-06 
6163 1.4180570972717813e-07 
322 1.3471182923106021e-05 
711 1.4481770163344556e-07 
9768 3.0281504696563665e-06 
8844 8.585913017784328e-07 
4905 5.865158093496282e-06 
9106 5.296450051585335e-06 
9542 4.677402895580826e-07 
4424 5.555681291170153e-06 
7157 3.4295642295490865e-06 
8723 3.9695650515562605e-08 
9470 7.813433097454778e-08 
6817 2.8220183285372598e-05 
4431 3.356436830667165e-07 
226 1.289017024920054e-05 
9663 3.2023106079990778e-06 
2981 5.89535569568231e-07 
3390 4.3504832201561325e-06 
5966 4.80721831965755e-06 
8620 2.7252960999035736e-10 
8910 5.679790897654466e-06 
7732 5.626596777208003e-07 
6303 2.439485611379937e-05 
3777 5.776138197659351e-08 
7344 8.860465627995779e-06 
1653 2.7130488958217017e-06 
3626 2.492671389996593e-07 
2143 4.698176892480636e-06 
5702 2.5605733099814953e-08 
5513 7.032348495136052e-07 
5021 6.603324866657871e-08 
1132 1.616653703390752e-05 
2972 5.67465988823249e-07 
394 3.2524445962262526e-06 
3931 1.3115167342772627e-08 
5110 2.2582272981723538e-07 
2410 6.604910279684241e-06 
7710 5.586511876591468e-06 
7329 2.432622741211537e-07 
2822 3.18865873405981e-08 
478 8.817397859155162e-06 
5508 1.7902225929035123e-05 
6267 6.862279878183078e-07 
4966 5.797462280251972e-06 
9133 2.905380699968054e-06 
4528 1.6670484538973372e-06 
1511 7.069209467708447e-06 
1288 5.617509007210804e-06 
8037 2.0777940510722353e-06 
9040 1.3234649905237098e-06 
2102 6.412521774223439e-06 
5466 3.4046136956031347e-07 
6819 9.504749357881312e-06 
9237 3.145077821873753e-07 
6732 3.397110702637983e-07 
1212 1.782164273647017e-07 
725 7.0739344057245235e-06 
5892 5.015564710979187e-06 
5919 5.260136030827187e-07 
2087 1.2728619500648108e-05 
6151 2.2989397658549487e-08 
8127 2.120498746492375e-05 
9364 1.452632761641138e-07 
217 1.0433726055274022e-06 
7228 6.38730262527497e-06 
2189 1.697228518754867e-05 
8475 7.343982657789273e-08 
6144 4.089093095818551e-07 
6521 3.046238911440152e-06 
6125 3.6119888130701067e-06 
3498 4.7259971794510927e-07 
6943 1.1170762617061274e-06 
2231 7.884771025736283e-06 
8342 9.55504222824572e-06 
7394 8.66555739222954e-06 
3370 2.2458611408923213e-07 
4256 2.6717663223159204e-05 
9113 1.785175878504161e-06 
1595 2.030367618235416e-06 
1151 1.547120111199975e-07 
5225 1.1608816558890035e-05 
1043 6.923570687342389e-06 
4123 5.389814420386384e-06 
7460 2.5017478180445986e-07 
4506 2.2402638811325354e-06 
7739 2.566124886575096e-06 
6851 6.446414016019722e-07 
4664 2.780424923523421e-08 
6252 3.968406428120352e-09 
5747 1.134169924650457e-05 
8064 1.6464248893149827e-06 
1324 5.125291823011486e-06 
8677 1.5150379002323925e-06 
628 8.442319066048753e-11 
2815 2.603537407640956e-06 
5302 2.2033340559798597e-06 
3241 2.0075464572189353e-08 
8771 1.8270786905574758e-06 
4259 3.820406698860489e-07 
6218 7.186560202042326e-06 
8230 4.6848668897524984e-07 
617 6.113771490737492e-07 
7174 5.3213332810802226e-08 
2224 2.282879827321014e-07 
633 3.903543484978789e-09 
7429 1.9721064282020133e-07 
8705 1.0275233752058812e-06 
1083 4.548393373882658e-06 
6749 6.144443552820505e-06 
7993 4.351975024948732e-07 
4264 5.436853076508353e-07 
2018 5.366189445352418e-06 
8954 9.918486190716182e-07 
3501 4.633128237734885e-06 
3446 1.2997373620269723e-06 
1465 3.283788069245927e-06 
2605 1.3523558933384133e-06 
8032 8.389724297995174e-06 
676 1.3095234474661552e-07 
2103 3.280938345816327e-06 
6185 6.036845738482173e-06 
7103 4.588015916323602e-07 
3154 5.048672511396123e-06 
3250 2.9415073413157713e-06 
9909 6.878646485908261e-07 
206 1.4887816108674185e-06 
6294 7.318448983355713e-06 
8382 7.780715784639819e-06 
7836 1.5764480982705386e-06 
2428 1.0037867034467579e-05 
4596 1.482621551094146e-08 
1651 2.345746128393174e-06 
434 1.4811912730660418e-06 
311 9.757035733232015e-07 
1354 5.830898960994393e-07 
2563 9.10679540689632e-06 
9558 1.665527010836407e-05 
3691 5.045553365498785e-08 
4188 1.0152360572952781e-05 
3583 1.0627609518403013e-07 
7352 2.918601608519161e-07 
7647 6.815052404249595e-07 
9223 1.6607207244402587e-05 
6850 9.969201083571966e-09 
7995 3.0834219927017966e-06 
2852 1.7323280617927106e-06 
8538 2.3064921448036845e-07 
9555 3.2353120954068186e-06 
4572 6.182689255635737e-07 
9660 6.980846559296043e-07 
4101 1.9542175770235013e-06 
6484 2.464340108352704e-07 
985 6.5374870238712265e-06 
7206 2.0802865458258216e-06 
9061 1.460056491541279e-06 
2743 5.8260212211553005e-06 
5864 3.923518295062636e-06 
3836 1.3301988782205487e-07 
2150 1.653245997817554e-07 
555 4.0809823900530965e-07 
6546 4.127587643889829e-06 
7216 4.756872419198996e-06 
1703 1.4654854139728115e-06 
7386 4.905635611079423e-06 
2159 6.018020453907561e-06 
5568 1.4677666245309599e-05 
85 1.1470430422106997e-07 
3647 4.179987922260425e-07 
8108 1.2644769739219646e-06 
2835 7.704873629236532e-08 
5652 1.479681866615109e-06 
6075 1.2160132056707792e-07 
7660 3.256103193795579e-06 
9826 1.4084630185163204e-06 
5082 1.261908366896242e-06 
3617 2.0155886191691704e-06 
8655 9.062292906146199e-07 
7711 2.5024744991826204e-06 
8518 4.683233275253337e-06 
3756 4.8409653343579016e-08 
508 9.287408568019743e-07 
9748 7.957982883609119e-06 
1803 1.207875755049378e-05 
7175 6.09184921254247e-08 
7459 4.627647128736859e-06 
4119 8.991454182123772e-06 
3894 6.056902206708623e-06 
4327 7.918058531102343e-07 
5798 1.2926247493102961e-07 
6630 2.3306728214291992e-07 
9891 1.3145867891566201e-06 
5544 3.354856542239146e-06 
1696 3.4013522115641575e-07 
3336 5.862062318294221e-07 
6702 1.624853742355196e-05 
1925 2.0247046468043963e-06 
3442 3.0841494215330754e-07 
4316 1.4142643760088613e-08 
7080 1.1504489522059244e-07 
2443 6.098322932654963e-07 
3408 2.9846019753828736e-06 
8401 1.4701961270270669e-05 
7295 5.39742042839773e-06 
3717 2.901490879879535e-06 
7272 8.01776492458978e-06 
2936 3.90531916296554e-06 
2040 4.250044934585776e-06 
9183 5.3509886350448094e-08 
8018 9.954197321327172e-07 
1486 7.4709520651272025e-06 
3730 1.5182838478545724e-05 
315 5.57339871601205e-06 
2891 6.29312950728039e-07 
3951 4.673724260037537e-09 
2393 1.1820538938347318e-05 
9645 9.34701031733474e-06 
2062 5.04081598064096e-06 
7037 9.7042791661684e-07 
5808 7.71127014764737e-07 
9132 1.0174742430238193e-06 
1978 7.949521153511664e-07 
9119 4.4483495820459777e-07 
920 1.203711053069088e-05 
3760 1.3556232084799709e-05 
9127 1.74090715786122e-07 
8773 3.3134373773924607e-06 
7463 8.976284488967177e-07 
5831 6.286082749602284e-06 
2683 1.6378420708771448e-05 
9067 1.5563238633396294e-06 
8731 3.003671189942016e-07 
3904 4.158254355089209e-06 
8239 3.2610116977499106e-06 
5330 1.4209016389998373e-06 
2632 1.0770266966999614e-05 
1929 2.23154860167754e-07 
1149 2.5351669823319825e-06 
6004 4.3260792284200203e-07 
6581 2.8594302608657348e-06 
9205 4.121134475365979e-07 
765 1.0285492425043366e-05 
7778 4.7202512444622963e-07 
4762 1.046243336469589e-06 
2636 6.716555769124763e-06 
7241 1.8677732583388305e-07 
8460 1.3292236951069565e-06 
8076 4.207527125149488e-06 
8930 2.344593121158548e-06 
3355 1.2564779644015172e-05 
8417 8.833097909227719e-06 
4774 1.6097829866234113e-05 
2100 7.034078553984631e-06 
3402 5.185143518807246e-06 
9589 1.1029893348152268e-06 
3537 1.0630580792572982e-06 
9412 3.406340130774309e-08 
7578 1.873647402535844e-06 
3629 2.0799733439687183e-05 
6290 1.4143964035342077e-06 
8376 4.69123526487865e-07 
1469 1.4938316279858164e-06 
1618 1.918163554950566e-07 
3548 5.005767097875908e-06 
8296 8.971699464528152e-06 
2417 2.1505588428566525e-06 
7658 1.0622293439640602e-05 
4349 2.1051316611109196e-05 
1588 7.562236151465044e-06 
996 1.251536333060719e-07 
4656 1.1523622501613304e-06 
5118 1.2222956336058012e-06 
7033 3.3241590121058887e-07 
2502 1.4303101036894361e-08 
5726 7.535827442913861e-06 
761 1.7142450646205512e-07 
145 1.1687423631331646e-07 
6916 2.68001871578296e-08 
3157 1.273375812041762e-05 
5063 8.335780933110652e-08 
7083 2.2111915600994052e-06 
4988 3.5062384198346935e-06 
5809 5.639846965312636e-06 
3256 8.255907800838768e-07 
3284 1.1287859179435648e-06 
7877 8.838104123125119e-07 
4161 2.3734967293876155e-08 
2349 2.139799921734006e-06 
7584 3.8600177944790355e-06 
4865 7.978388587111125e-06 
5029 2.502440720354021e-08 
9180 6.280731922427615e-08 
2371 3.7252190568382026e-09 
9042 3.651166350657556e-07 
4105 4.8132711034720515e-06 
3477 9.162688400886366e-06 
7699 1.4309522531442487e-07 
2444 1.2661725697728004e-07 
7797 4.7337846128327875e-06 
8055 6.006345847308787e-06 
6685 1.115806438100643e-07 
6669 3.043673703902779e-06 
1747 2.3285250089753792e-05 
726 1.6644951804888064e-08 
2093 1.4873220379455083e-05 
6228 1.3168344591988075e-06 
9446 5.992623528415036e-06 
7931 2.2007000945352406e-07 
477 2.5114194680448022e-06 
420 5.2353100004941196e-06 
9775 6.010485906007935e-06 
5650 1.3643270841849414e-07 
9098 1.1481160277906941e-06 
6811 5.737633204759329e-06 
5465 1.2415344768166058e-05 
5626 5.609469020754738e-06 
7961 2.1230131558365342e-07 
6827 1.3761288494747215e-06 
3486 2.0109811683673508e-06 
9641 1.6528906940278447e-06 
3185 7.49227851076994e-06 
116 2.551970060096471e-06 
626 1.088206968009946e-05 
1660 4.715778002080757e-06 
9859 5.098035992992815e-06 
4858 3.9448606903396387e-07 
8332 1.5113869207485877e-05 
2724 6.888790302084224e-10 
1381 1.3068827377179922e-06 
5089 1.2275111579798183e-06 
1460 8.135182389854782e-08 
6832 5.9719463060544045e-06 
9283 7.32009762747501e-08 
9613 5.264586934273857e-07 
5662 3.8786668290230627e-07 
8300 4.6624007220910657e-07 
1717 4.7247616007945776e-06 
6289 4.1433439488939607e-08 
3513 3.471134255055606e-06 
744 6.938142734418035e-06 
435 5.0521916407364476e-09 
7702 6.918832605074042e-06 
3305 2.270222272465723e-05 
2427 2.15043136358726e-06 
7099 3.035307446965646e-08 
6822 2.5127875206286504e-06 
1383 1.3038369537244493e-08 
5364 1.7967869185964887e-05 
3293 5.323115753221302e-07 
4931 8.660566544474839e-06 
4407 1.5441004178776239e-06 
15 7.776165100423385e-06 
3495 1.0628071307340489e-05 
6697 7.546669193536046e-07 
9496 3.3323612790504784e-06 
6833 4.184295468898601e-07 
8287 1.1961633342850051e-05 
6588 7.117201715807096e-07 
6498 3.2551677804133387e-06 
5781 1.0019974481644683e-08 
9714 6.749334730742296e-07 
4965 5.786571495092815e-08 
2841 4.035036332879341e-06 
160 5.250855889440426e-06 
4103 4.719701261120008e-07 
451 3.270511940211107e-06 
6852 4.5294092661337293e-07 
7022 7.668324714660239e-06 
9449 2.8485654966290265e-07 
8320 8.583974039725608e-07 
8602 4.829357547331857e-06 
2628 1.3530390783133493e-05 
5496 8.45944900949527e-07 
3130 1.2452508667130344e-05 
9272 6.0666975116735e-06 
4373 8.36330237697429e-06 
5998 1.6805909769664747e-06 
9344 2.39067088226684e-06 
5585 4.08515289270043e-06 
5042 9.688106018092288e-06 
6587 3.3418278390436745e-06 
5200 9.168852920549852e-07 
2663 1.5896754399606876e-06 
5393 1.3425657251621252e-07 
2097 6.9900137313154596e-06 
5951 9.187732658580633e-08 
2991 6.173274521019574e-08 
2356 1.0150905685143204e-07 
2787 2.079198284269258e-06 
6377 1.2471362849349603e-06 
8850 1.1853385350409109e-05 
7101 3.333723539644055e-06 
3987 1.129946702900896e-06 
7326 4.335811375168653e-06 
79 2.09763372842458e-05 
607 2.520541041842509e-07 
2965 9.874342250977552e-09 
1682 2.72518729582563e-07 
612 7.51856020752976e-06 
1869 2.7728360848947378e-08 
1870 3.9801490716682845e-07 
3412 1.1685967010953851e-05 
264 7.646803523443354e-08 
2111 1.4172239849758374e-06 
3381 8.295662445160404e-06 
8872 2.2120549990809953e-06 
2374 1.8212264796854238e-07 
9617 2.0028061268152185e-06 
5807 1.271775203932359e-07 
5588 4.412148209439158e-08 
7850 1.2559096566364584e-06 
9073 1.290268169565902e-06 
279 1.8669377082166463e-06 
658 8.905577580334712e-08 
5030 2.4298194835521703e-08 
3307 1.696077657966248e-06 
7049 5.429615977268695e-08 
6492 8.894703392318132e-07 
8170 9.242434968982291e-07 
7286 2.1485489435847755e-06 
7800 7.293029711428833e-07 
2323 3.978043123222368e-06 
6420 3.935888443715234e-06 
2161 4.061283924195421e-07 
6284 9.703408305714534e-06 
9403 2.3940825106918785e-06 
831 1.7819181706162913e-06 
7940 2.713730483645631e-07 
7629 6.0837512645647545e-06 
8907 1.0261032441294323e-06 
1032 8.076777153689867e-07 
4244 4.759712433473569e-06 
3645 4.918805244082506e-06 
8028 7.367858703851759e-06 
5580 5.123629315124001e-06 
8533 5.7999039449366084e-06 
441 1.5149152939507318e-06 
2737 3.1307142951118763e-06 
6085 2.98204543278341e-07 
7881 2.1553696656197386e-06 
260 2.6103981353468025e-06 
465 2.3831745851607888e-07 
4351 9.829204834083116e-08 
6123 2.952862055431455e-06 
2285 4.5373670315183845e-06 
3267 1.8021891126366399e-06 
6865 8.141596759051634e-06 
2248 6.722933618202277e-06 
5766 1.9477921142738858e-08 
4224 7.223185833999334e-07 
543 6.337226312369659e-07 
1090 4.329574955310845e-06 
735 4.91019918493012e-06 
1680 7.888213919883275e-07 
9828 5.267458316451413e-06 
690 7.59485297390119e-06 
5691 1.680549396127981e-07 
1361 1.1653104890389795e-05 
1446 8.967634241088818e-09 
957 3.414304808277039e-07 
935 4.763924656007029e-06 
9136 4.08952655244139e-06 
1543 9.572883806589592e-06 
8163 5.9211781879539055e-06 
1822 7.688783858456298e-06 
1903 1.0386927515575878e-07 
8452 2.0470156017019195e-06 
1456 7.289697155814254e-06 
6544 5.949287573340758e-07 
4811 2.6941850274672873e-06 
7388 2.2452218418088149e-07 
7757 2.1818297248486913e-06 
1345 6.769347275295003e-07 
2409 7.471072393342444e-06 
2061 2.725797896706468e-08 
6320 4.742113333095189e-06 
4367 7.354904497659623e-06 
4336 1.7231636266381756e-06 
5805 1.1165450718855634e-05 
1173 4.0510816604272595e-08 
5298 6.37521221306432e-07 
1711 5.294352476361871e-06 
6471 1.4110783124864773e-08 
369 7.255976934503504e-06 
3368 3.820648960475451e-06 
4818 9.411489117020169e-07 
2919 2.2203370963122244e-07 
9932 3.0978664643145236e-07 
524 3.420075997696981e-06 
1081 2.9637087363773308e-06 
5653 1.8807226623643054e-07 
7169 2.535966980816778e-07 
6013 5.732619187909325e-08 
8066 1.5281655025972473e-05 
6715 2.0654846130292014e-06 
7066 3.281888659028442e-07 
9728 2.648786205004085e-06 
7563 8.649951865410824e-07 
1641 1.0666380849062766e-05 
3286 4.12494281252164e-06 
9903 3.148198069629152e-06 
7965 1.2614948975177287e-08 
3279 2.5516710424152616e-07 
3615 3.41660655959683e-07 
3046 1.0814495561681556e-06 
7933 1.897921183468646e-06 
9284 1.3140336647874033e-06 
3887 3.693363525300933e-08 
7583 6.5790221506727035e-06 
692 6.079754856341937e-07 
4314 2.0914253723254514e-06 
2245 2.0878455942108754e-06 
886 2.2038266107873524e-07 
1846 4.1612297594723286e-07 
7839 4.407922385686644e-06 
5297 4.798014172047166e-06 
7110 3.1756918747570856e-06 
7391 2.015405146525795e-06 
339 2.744626422707434e-07 
6654 4.633232556567788e-07 
1249 1.1788044219079417e-06 
7399 6.55815116729552e-08 
4254 1.510479237292328e-05 
1058 1.6347446966305145e-06 
719 2.3820156949553098e-08 
6478 8.21010756320169e-07 
9393 1.0305123007014897e-07 
8291 5.714117047992266e-06 
4499 1.3504528097231267e-06 
5698 3.3664509662403516e-06 
2433 2.810794312454622e-06 
4782 1.178789654290925e-06 
4512 7.331736331939176e-08 
7546 1.7612256039637592e-06 
7851 1.4653139785836386e-06 
2543 3.149445377413396e-07 
7058 1.741999398528135e-05 
2389 3.3821479012663167e-06 
8633 1.0636995585342965e-07 
9203 4.922751890406122e-06 
5731 9.760293942736694e-06 
1746 1.1318416663484852e-05 
3635 4.999496803053148e-06 
7137 1.0572580844192601e-06 
2814 1.0470575365339194e-07 
9925 6.8967283361795395e-06 
4971 2.868521907009013e-06 
8426 6.7149779392313465e-06 
9933 1.6690229369888884e-05 
7084 6.217768279805834e-07 
7533 6.448666426599279e-08 
8355 1.8366846559272898e-08 
7817 3.308886612694201e-06 
5521 2.1320059143797504e-06 
8412 8.082938901066237e-08 
1677 5.218461716911265e-06 
3110 9.239099231245912e-08 
5638 3.937219769077708e-06 
9314 1.1711916123403008e-05 
9607 6.177016527832627e-06 
2092 6.368015402255639e-06 
6223 2.4983604460342237e-05 
4311 1.7469608142503252e-07 
77 7.001523102503069e-06 
384 1.6293224194175382e-05 
6029 3.8255386242434216e-06 
4842 1.5625179301312167e-05 
5332 8.380793929201135e-06 
8556 1.0638528036861014e-05 
8593 5.9393158267232675e-06 
4086 3.6130710705078713e-07 
4959 2.0207041315463073e-06 
8914 3.397630869145977e-06 
3929 1.3756997607408542e-07 
6477 8.830044017228266e-08 
5155 6.3956331039029944e-06 
2432 7.896322087893025e-07 
9201 2.909946701213947e-05 
1613 8.021819466933855e-07 
447 1.763222126047485e-07 
8087 3.267997277009015e-07 
2160 2.5309824100750475e-07 
1229 3.766114658424347e-08 
7002 1.4947630378534383e-06 
4059 2.558644589300066e-08 
3439 3.8777413748168994e-06 
6858 4.009732330857111e-08 
