4426 0.000279470295686355 
5831 1.2711654555352947e-08 
2825 6.895136531182011e-09 
1741 2.736216496465431e-07 
8041 2.4071275880541143e-08 
9895 6.059047046123173e-08 
2961 1.5350655588158542e-05 
4027 2.8790610817272522e-08 
2149 4.81289508247329e-09 
8636 2.6393136203298195e-07 
8061 4.090633859421544e-09 
1267 7.438573706775899e-07 
3963 2.4202241459200802e-08 
4962 1.1081103703765652e-07 
3248 4.043888557347941e-10 
338 4.2141134748430176e-09 
538 1.09449665997019e-09 
1059 1.7240321312922413e-08 
2019 1.7464686086210435e-09 
2021 3.755081122436277e-08 
168 2.752394409263892e-08 
6702 1.6858178213336253e-07 
9427 3.3056760677732666e-08 
9227 6.659696204659032e-08 
6911 1.7493273031521372e-08 
9946 3.1935349843747205e-05 
6321 1.262513358787909e-08 
6324 5.440320416383315e-10 
1943 3.800042625359823e-08 
1600 1.0121567888205299e-07 
2618 1.1926886022427079e-05 
2875 4.006902115660793e-09 
6145 1.5150707431688115e-08 
3060 3.559360471291906e-08 
3033 3.445913818178603e-09 
1500 1.3037485307359e-07 
6365 6.482435595256408e-09 
2293 7.963534158494934e-09 
5807 2.1633235758322655e-09 
3607 2.2280764289117627e-08 
