1 5 3 4 71
1 9 10 4 254
1 10 1 4 27
1 18 3 5 696
1 19 2 4 74
1 30 3 3 21
1 48 1 6 1925
1 113 1 7 5154
1 136 10 2 45
1 151 4 3 32
1 157 4 4 150
1 167 5 5 3206
1 216 10 3 133
1 257 10 3 88
1 260 7 3 97
1 266 8 4 180
1 275 7 4 288
1 322 8 3 43
1 353 2 4 81
1 416 3 4 98
1 553 9 2 35
1 619 1 6 1128
1 647 3 4 157
1 671 5 3 88
1 675 9 2 29
1 680 9 2 46
1 705 10 3 197
1 844 5 3 35
1 903 1 5 124
1 918 9 3 112
1 937 8 4 453
1 3 8 3 113
1 13 6 3 132
1 81 4 4 129
1 121 8 3 79
1 130 9 2 37
1 249 5 4 459
1 258 10 3 83
1 291 3 3 39
1 323 7 4 336
1 341 6 3 71
1 481 9 4 405
1 518 6 4 222
1 519 4 3 26
1 722 6 2 28
1 773 3 5 388
1 805 9 4 758
1 835 5 3 110
1 919 2 3 18
2 8 2 5 294
2 16 4 4 122
2 31 6 1 9
2 38 3 2 6
2 71 2 4 101
2 83 10 1 12
2 136 5 3 60
2 229 9 4 574
2 293 1 5 146
2 358 3 5 1604
2 482 5 3 30
2 536 8 2 26
2 566 10 4 322
2 645 8 3 59
2 706 5 4 182
2 769 2 4 153
2 826 5 4 214
2 921 9 5 1481
2 9 5 4 139
2 21 1 4 70
2 30 7 3 123
2 39 3 4 79
2 44 10 2 47
2 65 3 3 55
2 72 9 3 175
2 113 2 4 55
2 129 5 4 250
2 146 2 7 65724
2 149 10 4 363
2 211 5 3 51
2 257 1 4 74
2 265 6 1 3
2 513 2 4 76
2 523 7 4 189
2 673 3 4 299
2 774 5 4 187
2 785 8 2 15
3 4 2 4 57
3 9 1 3 19
3 49 4 3 35
3 133 2 5 418
3 168 5 3 28
3 261 3 4 84
3 268 3 4 76
3 329 6 3 54
3 524 9 3 122
3 827 9 5 1593
3 34 6 2 11
3 38 4 4 224
3 68 6 5 1312
3 90 5 2 22
3 142 9 3 146
3 146 2 4 152
3 386 9 4 374
3 438 6 4 510
3 547 6 4 264
3 593 4 2 12
3 711 3 3 48
3 853 7 2 27
3 913 1 5 138
4 25 2 4 58
4 132 4 5 732
4 273 1 5 179
4 278 9 3 97
4 531 5 3 73
4 593 1 5 130
4 653 6 5 1531
4 818 9 2 32
4 7 1 3 17
4 34 10 3 196
4 40 3 4 70
4 61 1 5 144
4 106 2 5 263
4 108 3 6 4277
4 113 8 4 401
4 199 2 5 493
4 359 5 5 994
4 489 6 3 41
4 518 6 4 361
4 628 7 3 125
4 657 2 5 235
4 666 9 2 37
5 5 9 3 123
5 16 2 4 51
5 25 1 6 4301
5 51 7 4 396
5 61 2 3 32
5 65 9 4 878
5 249 8 4 208
5 285 6 4 178
5 294 8 4 494
5 369 4 3 58
5 518 1 4 56
5 577 5 4 410
5 684 3 4 97
5 775 8 3 97
5 804 9 5 1262
5 809 9 5 2625
5 50 4 4 113
5 90 4 3 67
5 189 5 3 47
5 212 2 5 382
5 257 4 4 293
5 265 1 6 2710
5 276 7 3 67
5 322 10 4 1073
5 396 10 5 3022
5 515 3 4 168
5 547 9 4 596
5 552 7 5 2722
5 555 1 3 17
5 567 8 4 402
5 593 1 4 44
5 641 5 3 44
5 646 1 4 27
5 650 1 6 864
5 901 1 4 100
6 19 2 5 410
6 217 8 4 904
6 585 7 2 30
6 888 3 3 41
6 30 7 1 7
6 58 4 4 269
6 61 1 4 23
6 186 3 5 724
6 233 4 3 76
6 257 8 3 54
6 385 7 2 23
6 513 2 3 37
6 514 10 1 15
6 534 3 5 387
6 577 4 3 45
6 626 2 4 124
6 912 5 4 120
7 149 2 5 409
7 213 1 4 88
7 260 6 4 142
7 268 10 3 192
7 269 9 4 315
7 467 4 5 2455
7 513 2 2 8
7 799 2 5 311
7 1003 3 4 214
7 103 3 4 166
7 133 8 4 635
7 205 4 3 28
7 305 3 3 52
7 326 8 3 82
7 385 8 2 29
7 397 9 1 12
7 413 7 4 345
7 474 3 6 10710
7 535 3 6 2486
7 545 6 4 204
7 558 3 4 102
7 641 2 4 173
7 682 5 2 22
7 695 10 4 300
7 778 8 5 1208
7 871 9 3 128
8 82 3 6 2840
8 111 10 2 41
8 238 10 4 303
8 716 5 3 90
8 20 4 2 14
8 260 4 4 184
8 293 1 3 18
8 420 6 4 150
8 721 6 3 72
9 20 4 3 35
9 33 9 4 533
9 43 2 4 73
9 59 10 4 724
9 203 7 2 21
9 273 4 5 628
9 274 5 3 43
9 387 9 4 546
9 394 7 3 100
9 487 9 3 104
9 553 5 4 123
9 643 4 2 19
9 657 9 3 98
9 736 10 2 43
9 851 5 4 167
9 903 2 3 23
9 73 6 3 42
9 169 5 4 171
9 173 7 2 30
9 194 6 4 231
9 262 5 2 24
9 278 4 4 176
9 305 2 3 34
9 331 3 3 24
9 392 9 3 126
9 431 3 4 248
9 518 7 3 71
9 627 7 3 43
9 775 8 5 2651
9 923 5 3 75
10 40 9 3 88
10 44 5 3 33
10 275 6 3 42
10 417 1 4 28
10 527 2 3 25
10 573 3 5 1252
10 824 10 6 10939
10 908 3 4 118
10 17 9 3 51
10 25 3 5 1427
10 41 2 3 40
10 51 6 4 226
10 231 4 5 892
10 400 3 4 75
10 455 3 3 31
10 521 6 3 77
10 801 2 5 1253
10 874 8 3 71
10 949 10 2 37
10 501 6 5 2853
11 14 8 5 980
11 41 1 4 95
11 76 9 1 15
11 85 9 3 53
11 161 4 3 22
11 177 3 5 1763
11 209 2 4 157
11 519 4 4 383
11 524 3 4 89
11 585 7 5 948
11 600 9 4 286
11 681 10 3 151
11 779 9 3 89
11 21 9 5 1316
11 45 1 5 114
11 129 7 4 525
11 130 3 4 105
11 401 3 6 2405
11 529 7 6 25793
11 536 4 3 58
11 537 4 5 1231
11 562 7 8 851684
11 659 9 3 182
11 912 3 6 5712
11 930 7 3 63
12 205 6 4 322
12 587 9 4 247
12 753 6 3 45
12 780 3 4 97
12 203 8 4 272
12 267 4 5 488
12 306 8 4 577
12 327 7 1 8
12 347 7 3 77
12 348 8 4 427
12 515 9 3 157
12 533 9 3 97
12 597 7 4 203
13 25 8 2 26
13 56 6 5 1175
13 66 5 5 1136
13 117 10 4 907
13 129 4 5 783
13 270 4 4 271
13 367 8 3 105
13 635 4 4 295
13 782 10 2 19
13 37 1 6 2669
13 45 9 3 181
13 112 9 3 153
13 209 9 2 31
13 269 5 3 38
13 287 5 5 1256
13 350 9 3 71
13 692 6 4 155
13 906 2 4 83
14 67 1 4 48
14 193 9 4 583
14 225 3 5 740
14 321 1 3 13
14 781 6 2 18
14 38 5 4 112
15 128 4 4 148
15 153 7 3 54
15 211 8 2 30
15 322 5 3 51
15 377 9 3 189
15 585 2 5 405
15 617 10 3 87
15 99 5 5 2276
15 209 4 3 34
15 683 2 3 41
15 781 8 5 1005
16 353 2 5 1347
16 486 3 6 11419
16 660 10 4 577
16 855 7 3 119
16 343 4 3 44
16 558 5 4 194
17 25 6 4 291
17 65 8 3 65
17 97 10 5 2461
17 133 8 3 66
17 149 5 6 12096
17 199 10 3 60
17 517 6 4 190
17 644 6 2 27
17 807 1 4 75
17 33 1 4 73
17 68 3 3 59
17 276 10 3 62
17 325 7 3 122
17 327 1 5 139
17 402 10 3 93
17 419 4 3 43
17 530 2 5 364
17 641 3 3 38
17 665 7 5 1122
17 781 4 3 27
17 793 9 5 1216
17 833 9 1 11
18 49 10 3 110
18 130 8 4 281
18 259 7 4 443
18 50 4 3 25
18 133 3 2 8
18 707 9 3 119
18 811 1 4 29
19 52 8 4 252
19 204 2 4 61
19 216 9 2 38
19 291 8 3 60
19 642 6 4 338
19 646 7 2 33
19 98 7 4 617
19 145 4 3 63
19 241 9 3 143
19 280 7 3 115
19 337 9 3 134
19 561 10 3 55
19 575 3 3 33
19 633 6 3 125
19 701 5 4 183
19 817 1 4 54
20 25 1 5 176
20 658 8 3 83
20 710 1 4 27
20 181 9 2 17
20 293 3 3 29
20 577 5 2 21
20 712 2 5 496
21 29 7 2 20
21 37 9 3 53
21 70 7 3 84
21 177 2 4 168
21 195 1 5 253
21 324 3 3 39
21 787 7 3 39
21 27 2 4 155
21 41 4 5 1445
21 68 1 6 1076
21 91 7 2 13
21 96 6 3 54
21 150 1 6 1796
21 404 9 2 37
21 412 7 3 38
21 531 6 4 289
21 564 6 2 23
21 681 2 3 33
21 725 5 3 101
22 117 1 3 14
22 259 5 5 2059
22 309 10 3 69
22 31 1 5 194
22 137 6 5 1340
22 162 7 3 128
22 401 7 2 31
22 442 1 5 148
22 545 9 1 15
22 833 4 4 178
22 840 10 4 1087
23 25 3 4 229
23 69 6 2 26
23 98 5 7 44184
23 108 9 4 324
23 134 9 2 28
23 282 3 2 6
23 321 1 4 39
23 332 5 3 79
23 566 5 4 246
23 27 3 4 101
23 955 8 3 118
23 978 5 3 76
24 329 1 5 394
24 771 10 4 231
24 887 10 1 12
24 46 1 5 498
24 134 7 3 84
24 865 9 3 157
25 534 6 2 23
25 782 4 4 158
25 787 4 4 167
25 849 1 4 112
25 945 4 3 31
25 123 5 4 432
25 149 5 4 130
25 259 6 4 209
25 434 5 3 55
25 545 6 2 22
25 611 9 2 31
25 632 3 3 32
25 737 5 2 9
25 817 6 3 51
26 524 2 4 61
26 593 1 4 35
26 66 7 2 17
26 170 6 4 324
26 355 6 2 24
26 646 9 5 4877
26 738 7 3 127
26 789 6 3 97
27 110 7 3 72
27 802 7 1 8
27 34 9 3 100
27 65 1 5 440
27 105 2 4 59
27 154 9 3 78
27 579 5 2 14
27 659 5 4 140
28 131 9 4 230
28 211 9 4 259
28 548 1 3 9
28 550 7 3 45
28 278 10 2 40
28 295 1 4 25
29 43 9 2 22
29 73 1 4 68
29 147 8 4 256
29 193 8 2 22
29 204 10 2 25
29 625 4 4 223
29 648 10 3 72
29 105 2 4 79
29 113 10 3 88
29 194 10 3 140
29 565 7 5 1329
29 610 8 6 19783
30 328 3 4 163
30 533 5 3 86
30 810 1 4 54
30 301 6 4 425
30 321 4 1 4
30 967 1 4 30
31 53 2 5 420
31 130 5 2 18
31 589 10 3 77
31 355 10 4 351
31 833 3 4 204
32 78 8 1 14
32 562 10 8 410511
32 34 8 3 166
32 86 5 5 2317
33 34 2 4 111
33 43 7 3 72
33 73 7 2 15
33 186 10 4 677
33 197 4 4 237
33 205 8 4 455
33 212 9 2 27
33 220 1 5 312
33 277 9 2 31
33 389 3 3 40
33 415 6 4 172
33 515 10 3 98
33 613 8 3 72
33 642 9 2 26
33 722 10 5 2500
33 760 5 4 151
33 804 6 3 64
33 849 10 3 143
33 961 7 2 13
33 97 5 4 531
33 173 9 2 26
33 177 10 4 230
33 229 2 4 131
33 263 7 5 1227
33 292 9 3 108
33 327 9 4 289
33 346 3 5 793
33 421 7 3 87
33 429 8 2 28
33 561 3 3 19
33 755 3 4 103
33 773 4 3 64
33 835 10 3 160
33 842 10 3 182
33 873 8 4 189
34 65 1 5 137
34 277 7 3 77
34 278 4 4 328
34 321 8 5 1077
34 545 8 3 84
34 786 3 4 226
34 899 7 3 42
34 946 6 6 4772
34 58 6 3 49
34 61 8 5 3926
34 117 10 2 41
34 245 6 4 181
34 339 7 3 80
34 517 10 3 62
34 529 4 4 114
34 597 10 4 855
34 682 9 3 197
34 925 9 4 703
35 145 5 3 105
35 293 6 4 296
35 325 3 3 23
35 562 3 4 123
35 664 7 6 11850
35 721 3 4 191
35 801 4 4 247
35 37 6 4 266
35 96 8 3 47
35 161 10 1 17
35 165 1 5 194
35 213 4 4 263
35 259 3 3 20
35 269 1 4 88
35 306 6 2 14
35 363 9 3 149
35 518 2 3 29
35 702 3 5 1044
35 705 2 4 188
35 770 3 3 24
35 802 7 3 41
35 978 2 4 150
36 66 4 5 575
36 267 1 5 179
36 552 4 4 192
36 690 5 4 342
36 227 2 5 547
36 284 10 4 331
36 330 2 3 18
36 713 7 5 992
36 991 8 5 1030
37 49 10 2 32
37 258 5 3 47
37 267 2 5 1132
37 289 7 3 93
37 321 7 4 537
37 449 6 3 76
37 556 3 4 181
37 706 4 3 45
37 859 7 3 38
37 259 4 5 1656
37 281 7 3 51
37 290 2 4 55
37 307 10 3 78
37 513 2 2 9
37 515 5 4 197
37 528 2 5 480
37 529 5 3 35
37 551 1 4 43
37 554 10 2 40
37 573 7 3 43
37 661 4 5 491
37 997 2 4 58
37 1012 1 5 146
38 365 5 4 466
38 521 1 4 58
38 595 6 2 27
38 641 5 2 18
38 674 10 4 365
38 68 10 3 63
38 73 3 4 145
38 130 9 5 1785
38 534 9 2 35
38 953 4 2 13
39 181 7 6 11947
39 205 2 5 489
39 545 2 4 49
39 93 4 5 767
39 165 10 2 42
39 393 1 4 102
39 877 7 3 95
40 49 3 3 58
40 521 1 5 613
40 983 3 4 233
40 41 5 4 139
40 74 8 3 47
40 130 10 5 1453
40 137 7 3 61
40 202 2 3 13
40 681 6 3 49
40 898 1 4 73
41 66 4 3 29
41 257 7 2 29
41 513 7 3 39
41 529 5 3 52
41 606 10 3 150
41 646 10 2 29
41 673 5 4 156
41 757 7 3 96
41 762 5 5 735
41 841 5 4 259
41 981 8 4 501
41 162 5 4 287
41 552 3 4 99
41 761 6 3 106
42 97 3 4 87
42 264 5 5 829
42 277 2 3 24
42 322 6 3 63
42 514 8 2 21
42 988 6 4 262
42 65 1 6 881
42 273 8 2 28
42 519 8 3 60
43 43 2 6 3813
43 141 5 3 99
43 330 9 2 17
43 412 4 4 154
43 779 7 3 56
43 840 6 5 1851
43 186 8 3 53
43 305 6 5 998
43 340 9 4 623
43 514 5 2 20
43 858 1 5 212
43 883 1 5 114
44 547 4 3 42
44 193 7 3 49
44 807 9 3 125
44 833 8 4 517
45 48 6 3 59
45 431 1 4 74
45 525 10 2 24
45 795 4 4 252
45 311 9 2 38
45 567 8 3 78
45 726 9 3 122
46 51 4 3 74
46 75 2 5 814
46 267 8 4 892
46 616 5 4 128
46 809 2 4 193
46 845 10 2 32
46 329 5 4 111
46 742 6 3 115
46 786 8 5 1208
46 801 2 5 535
47 58 10 3 107
47 53 2 3 16
47 251 6 2 15
48 81 8 3 140
48 1023 8 2 26
48 274 8 2 15
48 289 6 5 1617
48 514 1 3 13
49 68 10 4 977
49 169 2 4 133
49 177 5 2 15
49 194 9 3 94
49 199 6 3 38
49 227 9 4 330
49 647 1 5 205
49 709 6 4 536
49 790 6 3 95
49 844 4 4 419
49 933 10 2 43
49 98 6 3 124
49 105 1 6 1261
49 453 8 3 44
49 577 6 3 89
49 645 6 3 62
49 650 10 2 46
49 776 4 5 1038
50 311 1 5 680
50 314 2 3 20
50 517 9 5 6035
50 94 1 3 11
50 369 7 2 27
51 114 6 2 27
51 529 8 4 358
51 289 3 3 50
51 873 10 3 176
52 71 1 4 102
52 378 7 3 42
52 517 6 3 107
52 81 4 4 175
52 969 5 4 185
53 189 8 4 608
53 257 4 3 28
53 286 7 3 103
53 391 8 4 189
53 900 6 3 109
53 169 2 4 51
53 193 7 4 197
53 417 6 5 3119
53 513 9 4 735
53 556 4 4 425
53 661 3 4 189
53 677 4 3 87
53 794 3 4 92
54 147 9 2 30
54 246 6 2 15
55 113 2 3 11
55 719 5 5 1144
55 157 4 3 40
56 279 6 4 190
56 210 1 3 19
57 90 6 4 238
57 268 4 3 68
57 473 7 3 121
57 545 6 5 2448
57 561 5 3 105
57 267 4 4 154
57 878 7 3 140
58 129 7 3 110
58 449 4 5 708
58 297 6 1 9
59 114 3 4 80
59 471 6 3 63
59 60 5 2 20
59 129 9 2 38
59 402 6 5 3498
59 467 8 2 15
59 596 5 4 328
59 255 4 4 436
60 293 7 2 16
60 454 1 3 11
60 584 9 4 227
61 113 8 3 147
61 949 1 6 727
61 290 10 3 212
62 645 4 5 553
62 649 10 2 45
62 66 8 3 95
62 198 1 4 87
63 522 10 2 45
63 613 6 3 90
63 420 3 4 96
64 305 4 5 534
64 746 6 5 1156
65 193 1 5 171
65 195 10 5 1224
65 198 4 3 43
65 204 3 3 26
65 273 8 1 12
65 371 5 3 67
65 466 7 5 1446
65 482 5 3 75
65 515 4 3 44
65 687 3 5 1487
65 757 1 5 132
65 772 1 6 3599
65 781 10 3 56
65 791 3 5 1431
65 85 5 3 53
65 105 5 4 506
65 214 7 2 21
65 247 9 4 293
65 387 1 5 470
65 483 3 5 422
65 490 10 3 137
65 573 9 2 46
65 581 9 2 38
65 586 6 3 32
65 587 10 1 15
65 673 8 4 208
65 738 3 4 203
65 853 2 6 2000
65 929 3 5 420
65 860 7 4 188
66 97 7 2 16
66 105 10 5 2505
66 119 3 3 47
66 219 10 3 63
66 242 3 6 2972
66 266 2 3 15
66 275 7 4 211
66 422 9 3 187
66 516 10 4 291
66 572 9 2 23
66 615 7 4 392
66 73 6 3 40
66 86 9 3 173
66 233 8 1 12
66 513 5 5 675
66 514 7 3 53
66 726 5 3 34
67 141 3 6 3111
67 546 8 4 273
67 217 10 2 52
67 241 9 3 117
67 409 6 4 180
67 410 1 6 986
67 519 2 5 261
67 667 8 4 460
67 190 3 5 724
68 74 2 5 227
68 454 7 4 377
68 483 6 5 1138
68 841 9 5 1893
68 135 1 5 159
68 146 4 4 127
68 169 4 5 1202
68 262 7 4 168
68 771 4 3 26
68 835 8 4 714
69 154 6 2 15
69 193 10 4 222
69 227 6 3 57
69 285 7 2 15
69 323 7 3 63
69 577 4 3 80
69 115 2 4 128
69 145 7 3 139
69 169 10 3 136
69 257 8 1 7
69 403 3 5 1372
69 431 4 3 74
69 550 4 4 140
69 601 3 4 87
69 769 2 3 15
69 871 4 3 73
70 139 2 3 37
70 277 4 3 26
70 467 4 4 181
70 530 6 3 39
70 573 2 5 280
70 769 6 3 81
70 147 2 4 137
70 213 1 6 1638
70 257 1 5 220
70 517 5 4 193
70 661 5 6 14754
70 820 4 3 79
70 493 2 4 101
71 110 7 2 24
71 213 5 5 643
71 432 8 2 24
71 609 3 4 207
71 643 9 2 29
71 647 6 3 130
71 649 4 3 48
71 673 7 3 42
71 102 6 3 40
71 619 8 4 189
72 265 9 3 84
72 410 4 4 159
72 701 6 5 3387
73 281 3 4 73
73 438 8 4 197
73 534 4 4 101
73 962 1 5 284
73 141 1 4 58
73 170 1 5 156
73 193 10 2 51
73 262 5 4 134
73 517 5 3 75
73 578 5 4 220
73 853 7 3 144
74 641 10 3 77
74 871 8 4 587
74 1000 8 5 1565
74 271 9 2 43
74 387 1 4 36
74 638 3 3 61
74 644 2 4 81
74 801 5 4 370
74 816 10 4 272
74 936 9 3 74
74 980 8 3 85
75 513 6 3 35
75 549 8 1 9
75 601 4 3 44
75 769 10 3 76
75 1013 4 6 4488
75 85 5 2 21
75 326 5 4 140
75 539 2 3 16
76 260 3 5 631
76 577 2 3 24
76 299 8 2 24
76 386 1 3 16
77 77 10 2 19
77 85 9 3 159
77 134 10 3 113
77 263 9 2 34
77 587 4 4 426
77 856 7 3 67
77 90 6 4 407
77 121 2 4 99
77 577 2 3 40
77 620 7 3 74
77 629 10 1 15
77 649 2 4 57
77 705 9 3 106
78 257 1 4 33
78 268 4 3 47
78 451 6 3 67
78 457 7 1 11
78 310 10 3 165
78 376 7 3 60
79 289 3 3 64
79 518 3 7 48568
79 785 10 3 114
79 920 8 4 373
79 103 9 2 46
79 131 6 4 167
79 300 4 3 68
80 166 1 4 75
80 387 5 2 24
80 658 2 4 121
81 83 8 2 25
81 133 10 1 12
81 212 4 4 96
81 529 7 3 116
81 678 9 3 75
81 921 3 3 52
81 97 1 4 77
81 123 2 4 46
81 207 3 3 53
81 233 9 3 123
81 323 6 2 29
81 395 7 4 207
81 403 6 4 266
81 580 4 2 20
81 606 4 3 34
81 690 3 4 91
82 808 5 3 71
82 853 3 4 173
82 137 10 2 22
82 161 6 4 446
82 197 7 5 1472
82 522 1 4 41
82 617 4 3 30
83 281 3 3 30
83 284 10 1 10
83 723 2 4 76
83 654 10 3 121
84 116 7 3 72
84 125 6 5 2792
84 305 1 3 8
84 618 8 2 23
84 785 9 5 1386
84 336 5 3 45
85 217 4 5 585
85 491 10 2 49
85 113 4 3 48
85 135 10 3 136
85 297 8 3 108
85 539 6 2 29
85 778 2 5 308
86 661 1 4 60
86 913 4 3 32
87 235 3 6 8066
87 525 5 4 525
87 219 7 4 428
87 531 5 4 202
87 837 3 3 21
88 354 5 2 22
88 463 1 5 247
88 513 4 3 70
88 516 1 6 850
88 140 3 5 1250
88 165 5 3 38
89 331 7 2 33
89 783 4 5 714
89 130 5 5 693
89 209 7 3 104
90 347 7 3 54
90 552 9 3 105
91 275 10 2 49
91 844 9 2 28
91 978 8 1 8
91 989 5 3 54
91 849 7 5 1487
92 155 5 3 39
92 653 7 2 33
92 952 9 4 747
92 93 3 2 9
92 238 10 2 28
92 597 5 4 279
92 476 9 2 24
93 449 6 4 624
93 600 4 3 66
94 135 5 4 318
94 670 8 1 11
94 516 6 4 177
94 500 2 5 239
95 870 9 4 1000
95 955 4 3 52
95 133 3 3 27
95 146 8 3 83
95 521 9 3 80
95 935 7 5 1198
97 104 6 3 47
97 149 10 4 329
97 209 3 3 56
97 221 10 1 15
97 277 2 4 69
97 305 6 4 185
97 322 6 1 6
97 357 3 5 557
97 548 3 5 360
97 777 10 1 14
97 821 1 5 415
97 513 2 4 166
97 561 10 2 32
97 579 3 4 113
97 841 2 4 54
98 131 1 4 97
98 145 5 3 55
98 168 8 3 55
98 196 9 4 269
98 287 6 3 36
98 474 4 5 2380
98 526 9 2 25
98 182 2 3 34
98 257 9 1 8
98 529 1 5 636
98 550 5 3 59
98 743 1 4 42
98 801 9 3 83
99 353 9 3 116
99 402 4 5 535
99 672 2 6 1397
99 929 9 3 64
99 169 2 3 43
99 202 1 4 25
99 275 10 2 19
99 404 5 3 34
99 649 6 3 119
99 717 5 3 67
100 118 1 3 7
100 135 1 5 400
100 250 5 2 11
100 538 2 4 110
101 129 10 3 60
101 295 4 4 445
101 753 2 6 3171
101 769 1 5 273
101 902 10 2 53
101 179 6 5 3414
101 198 4 6 4784
101 260 4 3 63
101 337 2 3 22
101 514 9 3 61
101 572 8 4 609
101 723 10 2 31
102 125 10 3 117
102 162 2 4 125
102 170 5 3 86
102 393 2 5 384
102 600 7 3 98
102 282 2 4 89
102 416 4 5 709
102 459 10 3 55
102 777 5 3 96
103 167 4 2 12
103 265 6 2 14
103 152 1 6 719
103 554 5 4 172
104 705 6 3 39
105 133 6 2 12
105 314 2 3 33
105 513 6 2 25
105 674 8 3 101
105 159 3 5 1332
105 168 5 3 29
105 286 1 6 712
105 561 2 3 39
105 627 3 3 59
105 722 10 4 362
105 723 10 2 21
105 805 4 4 201
105 835 2 4 58
106 297 7 3 107
106 780 10 3 68
106 410 10 3 97
106 457 7 3 103
106 566 6 4 236
106 681 7 3 84
107 517 9 4 669
107 653 2 4 76
107 118 1 4 98
107 305 6 2 16
107 325 2 4 46
107 341 7 2 21
107 841 8 1 13
108 130 8 3 88
108 113 8 3 52
109 134 5 3 99
109 515 5 2 24
109 826 4 4 326
109 651 7 4 412
109 709 6 3 53
110 708 8 5 5483
110 315 5 3 98
111 691 8 4 184
113 166 3 4 68
113 777 3 4 209
113 213 5 4 497
113 372 4 5 799
113 492 10 3 69
113 514 2 4 48
113 905 1 4 71
115 417 10 4 442
115 453 4 4 249
115 498 10 4 627
115 873 8 2 28
115 421 7 2 30
115 627 8 4 789
116 601 1 4 55
116 898 6 4 238
117 144 1 5 534
117 276 10 3 95
117 327 9 2 38
118 804 5 3 64
119 566 5 5 690
120 447 1 4 31
120 837 5 3 49
121 194 1 5 448
121 579 6 6 8608
122 537 4 5 1495
122 523 10 2 28
122 678 1 5 597
123 186 3 4 149
123 295 8 4 261
124 601 2 5 704
125 305 4 2 9
125 349 5 3 63
125 745 9 2 21
126 269 1 5 605
126 612 5 3 78
128 999 1 4 24
129 135 9 3 51
129 201 7 2 29
129 209 8 3 97
129 321 3 4 86
129 363 6 3 70
129 376 2 4 70
129 377 5 4 322
129 434 2 3 34
129 454 2 4 45
129 629 6 3 46
129 771 1 3 11
129 807 4 3 66
129 178 4 4 154
129 278 5 2 20
129 349 5 6 3811
129 772 2 3 21
130 164 1 6 742
130 585 10 3 60
130 708 3 4 83
130 584 1 7 8352
130 655 5 2 13
130 673 8 4 182
130 913 8 4 518
130 1005 10 2 34
131 273 9 1 6
131 274 4 4 94
131 369 8 3 174
131 521 7 3 42
131 529 3 5 603
131 533 5 5 917
131 541 10 3 98
131 676 1 5 275
131 773 5 4 366
131 981 6 3 64
131 149 4 5 601
131 233 3 4 89
131 760 1 5 332
131 863 7 3 61
131 964 1 3 19
132 582 7 3 73
132 194 2 4 74
132 261 6 1 8
132 297 2 4 133
132 522 5 3 110
132 903 4 5 1728
132 962 10 3 88
133 138 6 3 89
133 373 9 3 83
133 517 10 3 108
133 714 2 5 845
133 917 10 2 36
133 958 4 5 722
133 152 2 4 88
133 289 9 3 107
133 398 5 3 97
133 518 3 4 90
133 531 5 1 8
133 567 8 5 1035
133 843 8 3 89
134 139 6 4 224
134 615 3 3 48
134 157 9 2 40
134 276 4 5 511
134 577 3 6 8089
134 801 1 6 1428
135 209 8 3 52
135 225 6 4 495
135 378 3 4 175
135 391 2 4 99
135 517 4 4 103
135 769 7 3 111
135 263 10 3 96
135 293 9 4 295
135 356 3 3 36
135 486 10 3 56
135 526 10 1 12
135 533 4 4 137
135 807 3 4 195
136 259 1 6 1385
136 545 9 3 108
136 141 5 4 218
136 705 7 4 774
137 161 3 3 29
137 483 1 5 224
137 611 3 4 310
137 658 4 3 87
137 685 1 4 61
137 832 10 3 170
137 283 2 2 6
137 453 3 5 1338
137 553 2 3 37
137 579 7 3 88
137 580 9 3 106
138 149 9 5 1205
138 257 5 3 80
138 260 10 3 62
138 326 8 3 66
138 679 5 4 446
138 779 3 4 111
138 177 1 5 201
138 555 4 4 291
138 907 2 4 111
139 267 1 5 368
139 416 1 3 20
139 591 1 4 39
139 903 3 4 179
139 217 7 3 108
139 259 8 3 106
139 354 6 4 337
139 538 8 4 255
140 427 2 3 33
140 866 2 4 98
140 149 5 2 24
141 144 10 4 882
141 169 10 3 208
141 465 3 4 244
141 725 9 3 72
141 777 8 3 104
141 202 5 3 66
141 301 10 4 245
141 620 6 3 49
142 522 2 3 17
142 955 5 3 76
142 151 4 3 66
142 166 6 7 30401
142 185 4 4 303
142 549 5 5 569
142 713 7 5 1279
143 642 6 3 67
143 724 5 3 73
143 787 3 2 15
143 480 3 6 2127
144 145 8 4 691
144 188 4 4 215
144 287 4 1 5
144 643 6 3 49
145 249 7 2 21
145 258 3 4 152
145 419 7 3 76
145 434 4 4 178
145 521 4 2 14
145 801 3 4 265
145 161 10 4 777
145 172 2 5 546
145 179 4 2 14
145 401 1 5 461
145 529 4 3 72
145 721 8 4 287
146 185 10 5 4582
146 217 6 3 44
146 274 7 4 291
146 393 6 4 166
146 514 8 3 58
146 577 10 3 98
146 326 10 1 5
147 147 1 4 67
147 397 3 3 34
147 911 1 4 35
147 149 3 4 191
147 201 6 3 37
147 443 4 4 139
147 550 6 5 1948
147 723 5 3 36
148 514 5 3 28
148 523 9 4 817
148 388 8 3 175
148 592 9 5 1151
148 834 6 4 175
149 279 6 3 112
149 465 6 2 14
149 516 7 6 6996
149 913 5 2 20
149 530 1 3 12
149 593 9 2 37
149 835 10 4 342
149 910 8 4 195
150 634 3 5 492
150 650 3 4 112
150 348 1 5 460
151 161 6 3 36
151 657 2 3 36
152 208 8 3 46
152 251 3 5 838
152 154 6 4 232
152 545 3 5 620
153 181 6 2 24
154 172 6 4 407
154 593 6 3 86
154 599 8 4 308
154 834 9 3 65
154 962 1 4 40
154 513 6 3 82
155 597 9 2 27
156 777 3 4 179
156 440 2 3 12
157 522 1 5 172
157 815 6 4 185
157 243 1 6 3565
157 258 2 5 923
157 290 5 3 93
157 315 8 3 145
157 385 9 3 130
157 529 9 3 125
157 683 4 4 225
158 405 7 3 101
158 227 1 8 59553
158 516 7 4 165
159 387 3 4 93
160 527 5 4 124
160 525 6 3 131
161 453 8 5 2452
161 645 6 4 149
161 802 6 4 133
161 163 3 3 42
161 257 10 3 122
161 339 3 3 19
161 387 6 2 21
161 406 6 5 1191
161 515 6 4 155
161 545 7 5 4304
161 641 1 4 56
162 327 2 4 65
162 377 8 4 678
162 525 10 3 68
162 577 8 3 127
162 718 8 2 25
162 899 5 5 1461
162 185 7 2 20
162 426 3 4 149
162 639 5 2 22
162 707 6 5 929
162 815 8 4 461
163 291 2 4 55
163 307 8 3 169
163 518 6 3 90
163 194 9 3 90
163 273 5 2 12
163 293 2 5 869
163 364 6 4 445
163 563 9 2 32
163 901 6 5 3216
164 228 10 1 15
164 362 4 3 57
164 602 10 5 1894
164 306 2 4 80
164 669 1 5 675
165 218 4 2 10
165 265 9 1 4
165 281 9 3 74
165 330 2 4 70
165 482 7 5 2122
165 637 8 2 31
165 647 4 3 48
165 521 9 3 67
165 876 10 3 69
166 398 8 3 122
166 260 1 5 163
166 873 1 5 135
166 945 7 3 57
167 687 8 5 1961
168 290 2 4 60
168 385 1 4 40
168 457 6 3 124
168 713 5 3 31
168 298 9 2 43
168 325 3 6 2293
169 481 4 5 1380
169 343 6 3 67
169 359 3 3 49
169 385 7 3 118
169 561 7 4 304
170 352 7 4 287
170 515 2 3 23
170 339 5 5 2941
170 517 4 3 71
170 549 1 4 25
171 613 5 4 340
171 722 1 4 37
172 811 4 3 86
172 529 5 3 71
173 570 1 6 815
173 665 2 5 416
173 577 8 3 60
174 262 7 3 62
174 513 10 1 7
174 525 4 5 1091
175 494 7 3 120
175 583 4 6 8104
176 864 6 4 180
177 271 8 3 107
177 274 3 3 24
177 825 10 2 33
177 865 3 3 60
177 917 10 3 135
177 933 5 2 15
177 221 8 4 207
177 600 10 1 7
177 609 10 3 120
178 281 8 3 70
178 561 2 4 129
178 612 6 2 23
178 745 6 3 72
178 193 3 2 12
178 269 10 3 88
178 518 4 4 306
179 581 6 4 378
179 798 8 4 607
180 430 5 5 746
180 325 6 3 74
180 999 5 6 5202
181 601 4 3 26
181 974 1 3 19
181 971 9 2 34
182 332 9 3 76
182 769 3 3 64
182 965 4 5 543
182 641 2 4 68
183 301 10 3 55
183 673 5 3 30
183 729 2 5 285
185 665 7 4 427
186 392 10 3 68
186 609 7 3 54
187 273 6 4 156
187 583 3 4 110
188 801 1 4 96
189 200 8 3 154
189 345 9 3 155
189 849 5 5 1799
193 389 4 4 95
193 393 7 3 76
193 525 2 4 47
193 537 1 3 9
193 714 9 2 25
193 899 7 4 159
193 905 3 3 18
193 1000 2 4 69
193 269 2 4 75
193 326 6 4 190
193 642 10 4 378
193 967 7 4 160
194 376 5 4 382
194 423 4 2 21
194 719 7 3 40
194 776 7 5 930
194 263 3 4 234
194 377 3 5 841
194 577 8 4 445
194 781 8 3 65
194 1010 6 2 26
195 322 3 5 346
195 593 3 3 35
195 678 9 2 38
195 429 7 2 35
195 907 4 4 260
196 646 5 4 170
196 852 3 3 37
197 287 8 2 26
197 378 5 2 9
197 199 8 5 1597
197 323 3 3 38
197 906 10 1 7
197 925 1 4 94
198 298 4 3 81
198 593 10 5 1901
198 612 5 4 467
198 770 2 5 715
198 359 3 2 14
198 434 8 2 15
198 461 1 6 1223
198 967 7 5 1457
199 813 6 3 121
200 788 7 3 125
201 446 6 5 3748
201 578 7 4 233
201 925 3 4 179
201 325 4 3 61
201 728 8 4 256
201 778 6 1 8
201 843 4 3 28
201 921 2 5 497
202 658 2 4 160
204 655 9 2 20
204 431 10 3 62
205 521 8 3 47
205 331 9 2 39
206 458 7 2 35
206 453 5 3 28
206 665 2 3 28
206 947 1 5 174
206 976 10 1 8
207 531 3 3 35
207 242 4 4 175
207 387 4 4 374
209 535 2 6 1784
209 273 3 3 39
209 483 10 2 41
209 586 8 3 167
210 514 8 2 16
210 565 3 4 124
210 405 7 5 1351
210 546 2 3 12
211 883 5 4 362
211 610 3 6 4375
211 649 7 3 118
211 907 5 3 51
212 395 2 5 446
212 468 6 4 140
212 771 4 4 295
212 823 7 4 702
213 263 9 1 6
213 286 6 3 67
213 674 1 4 99
213 234 4 2 18
213 257 6 4 539
213 305 9 3 80
214 386 4 4 200
214 184 3 3 49
215 370 1 4 36
215 586 1 4 74
215 386 8 2 18
217 793 6 4 180
217 651 3 3 16
217 915 8 3 47
218 924 8 3 47
218 586 3 4 90
220 390 2 6 3302
221 659 4 4 192
221 761 5 3 45
223 533 9 3 80
223 853 3 3 53
223 578 6 3 48
223 782 1 5 221
223 571 1 4 48
225 289 7 5 3335
226 258 3 4 122
226 317 1 7 7547
226 949 10 2 32
226 273 2 5 776
226 610 1 4 61
227 260 1 6 794
227 473 10 3 125
227 546 5 4 301
227 659 7 3 108
227 769 4 3 64
227 783 10 3 69
228 337 6 5 789
228 593 2 6 1762
228 839 4 2 17
228 729 7 5 1402
229 295 1 5 176
229 577 7 2 34
230 522 9 3 106
230 701 5 3 46
231 932 7 3 43
232 262 8 1 6
232 291 10 4 342
232 297 5 3 65
232 620 8 3 148
232 905 6 3 87
232 990 7 4 174
233 481 2 4 90
233 807 3 5 1734
234 913 9 3 54
234 974 6 3 75
234 518 7 4 458
235 849 8 3 164
235 918 5 3 34
235 273 7 5 2836
235 523 10 2 51
236 282 10 2 20
236 646 5 2 11
236 741 4 4 238
237 578 6 4 141
237 822 8 3 70
238 679 9 2 27
239 621 3 5 502
239 643 6 2 19
240 371 10 4 255
240 561 5 4 152
241 800 7 4 389
241 915 4 6 3745
241 448 1 4 104
242 246 7 7 114079
243 267 9 4 350
244 257 7 4 365
245 357 8 4 480
245 933 5 5 605
245 537 8 3 131
245 662 9 3 112
246 706 2 5 1209
247 641 4 4 112
248 627 8 3 134
249 291 7 1 12
249 558 3 4 222
249 903 5 2 11
249 906 3 4 99
254 637 10 3 130
254 819 4 3 44
254 792 8 4 199
257 263 10 3 68
257 313 9 3 78
257 345 5 3 88
257 417 8 4 188
257 513 10 3 66
257 523 3 4 121
257 617 6 4 284
257 706 1 5 382
257 765 6 3 99
257 773 3 5 1925
257 805 9 5 4323
257 905 10 2 19
257 964 10 3 203
257 993 5 3 56
257 261 10 3 102
257 294 10 4 222
257 473 8 4 446
257 541 9 3 77
257 771 3 2 9
257 857 1 5 124
258 269 2 3 33
258 273 4 4 200
258 545 9 2 20
258 681 3 2 12
258 807 6 4 191
258 913 3 5 1071
258 921 1 4 98
258 946 10 3 71
258 538 5 3 64
258 573 2 4 126
258 653 2 4 87
258 676 1 4 90
258 761 9 5 1771
258 786 5 3 35
258 930 7 2 26
259 266 7 3 124
259 674 7 3 56
259 811 9 2 18
259 881 6 3 95
259 279 2 3 18
259 291 5 1 8
259 305 7 2 32
259 330 3 5 533
259 641 4 4 351
259 723 6 3 63
259 879 9 4 666
259 272 9 3 77
260 269 9 2 19
260 328 8 4 216
260 533 3 3 60
260 273 9 3 82
260 657 1 5 365
260 675 3 5 766
261 296 7 4 247
261 523 5 3 75
261 546 10 3 73
261 679 5 4 145
261 979 3 6 14129
261 297 8 3 79
261 530 3 3 66
261 666 5 4 385
261 693 7 2 24
261 742 5 3 31
261 867 7 2 26
261 1001 6 4 224
262 357 3 4 95
262 673 1 4 53
262 996 5 3 67
262 426 4 3 40
262 626 2 4 50
262 753 8 2 31
262 939 4 4 162
263 907 8 3 117
263 1014 6 1 4
263 322 6 3 47
264 547 6 3 32
265 297 2 5 737
265 321 6 4 272
265 569 6 2 12
265 266 2 4 99
265 815 10 3 77
265 836 7 3 71
265 872 8 2 36
266 340 1 6 2166
266 633 1 6 2362
266 335 1 4 79
266 465 1 5 253
266 548 6 3 59
266 615 5 2 19
267 273 10 3 75
267 327 5 4 228
267 337 4 6 5490
267 505 10 5 1583
267 362 3 4 203
267 513 5 2 12
267 253 1 5 139
268 524 2 3 15
268 582 10 3 66
268 505 6 3 95
269 513 10 2 45
269 525 10 3 59
269 578 7 3 105
269 986 2 3 39
270 445 8 4 227
270 641 9 4 314
270 489 5 5 691
271 533 2 4 88
271 643 2 3 44
273 281 9 2 17
273 379 10 3 130
273 521 8 3 52
273 555 3 2 9
273 641 10 3 100
273 685 2 3 17
273 900 2 5 653
273 323 5 4 422
273 343 9 3 183
273 922 8 2 33
274 582 7 3 69
274 694 2 4 141
274 810 9 3 90
274 904 4 5 1342
274 516 9 2 24
275 335 1 7 15169
275 302 4 4 94
275 793 6 4 265
275 933 10 3 158
276 402 9 4 788
276 486 4 3 36
276 513 8 3 104
276 387 3 3 23
277 289 5 3 37
277 393 6 4 297
277 395 10 3 112
277 539 9 2 19
277 629 6 3 69
277 662 2 4 53
277 484 6 4 231
277 591 1 5 262
277 908 1 4 68
278 386 8 4 210
278 402 3 5 758
278 770 5 3 67
279 531 1 3 8
279 657 1 6 704
279 684 10 2 31
280 902 9 3 83
280 417 2 5 1321
280 510 5 2 26
281 601 6 4 231
281 675 2 3 36
281 327 10 5 2386
281 745 7 3 46
281 252 4 4 146
282 518 5 4 133
282 607 8 3 71
282 833 7 1 9
283 577 9 8 698920
283 718 3 3 30
283 788 10 4 808
284 515 8 3 71
284 713 10 2 30
285 836 7 3 102
285 402 8 4 238
286 483 8 3 61
287 625 8 3 103
287 833 10 4 387
287 1002 3 4 93
287 890 4 5 734
288 449 2 5 527
288 803 7 4 545
288 814 9 3 93
289 293 2 3 44
289 342 10 1 14
289 546 4 3 83
289 777 3 4 230
289 297 2 4 139
289 335 3 4 249
289 355 4 3 70
289 421 3 4 82
289 482 9 3 188
289 550 4 3 32
289 608 1 6 1033
289 675 3 3 66
289 738 10 4 1082
290 346 10 6 10421
290 469 10 2 26
290 473 1 4 40
290 649 1 3 22
290 754 1 6 2473
290 789 4 5 899
290 647 3 5 452
291 329 6 3 36
291 389 2 3 19
291 652 7 4 270
292 611 6 4 210
292 769 10 3 156
292 968 1 5 320
292 300 4 3 54
292 962 9 2 42
293 525 4 3 37
293 594 4 4 97
293 304 1 5 261
293 305 5 3 102
293 417 1 5 182
293 533 2 3 40
293 578 7 6 5712
293 705 5 2 24
294 961 3 3 49
294 622 2 4 197
295 743 9 2 37
295 865 10 2 30
295 713 4 6 2813
297 337 4 4 89
297 410 2 3 44
297 517 1 3 9
297 348 7 2 26
297 521 9 4 220
297 555 10 3 131
298 326 3 3 50
298 390 9 1 11
298 545 4 3 39
298 743 10 2 38
298 388 5 5 1006
299 801 8 4 242
299 405 7 3 53
300 496 10 4 482
300 631 2 3 20
301 468 10 2 34
301 591 5 3 102
301 761 6 3 53
302 778 10 2 22
302 649 8 3 139
303 809 1 2 4
305 514 5 4 173
305 833 10 3 82
306 577 2 4 71
306 398 7 1 8
307 551 5 3 40
307 919 5 3 41
308 515 6 2 22
309 584 7 6 13481
309 641 1 3 19
309 693 9 3 98
309 833 10 3 68
309 849 2 5 794
309 851 3 3 66
310 775 6 3 44
310 703 10 3 148
311 937 3 4 84
313 515 2 5 348
313 385 8 1 10
313 802 10 5 5450
314 348 2 4 47
314 849 1 5 181
314 901 9 4 218
314 970 9 3 104
315 377 6 4 268
315 519 5 4 146
316 740 7 4 171
316 321 9 2 33
316 514 10 1 7
317 453 2 4 62
317 362 5 2 18
317 930 4 3 32
317 939 5 3 29
317 1014 3 5 427
319 533 1 4 47
319 915 1 4 47
319 778 8 3 72
321 408 4 5 2040
321 429 8 3 49
321 469 10 5 3010
321 642 3 3 25
321 721 5 5 824
321 922 7 3 84
321 928 4 3 66
322 338 1 4 23
322 769 2 3 22
322 835 2 3 20
322 1009 9 3 59
322 450 8 4 416
322 977 5 3 35
323 417 4 3 54
323 900 2 3 22
323 903 1 3 22
323 593 7 3 90
323 727 5 5 1569
324 361 10 2 38
324 516 2 5 490
324 722 9 3 57
325 514 8 3 88
325 531 4 5 944
325 789 6 3 58
325 985 8 3 80
326 615 10 3 62
326 721 2 3 30
326 531 2 4 109
326 577 3 5 429
326 710 4 6 2864
327 444 7 4 213
327 769 4 3 79
327 807 2 5 395
328 676 4 4 191
328 699 2 3 19
329 854 7 3 49
329 521 10 3 59
329 833 7 4 445
329 907 8 2 35
330 837 7 4 255
331 779 9 1 14
331 897 1 3 18
332 513 10 4 436
333 457 3 6 2519
333 644 7 5 1498
333 385 6 2 23
333 389 10 3 58
333 506 6 3 37
333 731 8 2 29
333 789 10 5 3673
333 869 2 3 36
334 380 10 5 1214
334 962 1 5 356
334 256 5 3 93
335 489 8 2 20
336 392 8 2 29
336 602 3 3 23
337 577 10 1 8
337 633 9 4 547
337 393 10 4 370
337 899 1 6 768
338 353 9 2 26
338 769 2 3 41
338 834 4 4 159
338 805 3 4 334
340 381 1 4 50
340 717 5 1 5
340 904 2 4 88
340 992 10 3 150
341 705 4 4 293
341 764 7 1 12
341 514 9 2 23
341 884 6 3 81
342 577 1 6 3679
343 537 9 5 2680
345 677 5 2 11
345 529 9 3 198
345 542 6 4 235
346 729 6 3 97
346 993 4 2 14
349 396 1 4 104
350 943 8 6 6630
351 729 4 4 143
351 770 1 5 433
353 410 4 3 35
353 420 8 3 71
353 515 6 5 2294
353 681 7 4 308
353 795 3 3 65
353 861 5 3 41
353 373 7 3 72
353 969 6 3 44
354 390 9 3 94
354 685 3 4 102
355 837 2 3 39
355 970 6 5 930
355 561 5 4 150
355 586 10 3 81
355 710 9 2 32
356 635 3 4 150
357 801 7 4 206
357 831 9 3 71
358 434 9 2 41
358 642 4 4 106
358 691 8 4 327
358 517 6 3 52
359 961 6 3 40
359 1019 7 5 4486
361 515 7 3 63
361 556 8 2 36
361 733 4 5 597
361 785 3 4 152
361 811 2 3 26
361 875 4 5 511
361 969 4 5 633
364 425 6 1 5
365 741 3 3 32
367 658 6 4 293
367 989 8 5 2930
368 457 7 3 106
369 739 5 1 5
369 926 3 5 1429
369 454 3 3 20
370 641 7 3 123
370 649 8 4 298
371 558 8 2 40
371 573 10 2 42
371 657 1 6 3454
371 705 9 2 30
371 842 1 4 38
372 706 1 5 209
372 773 7 4 354
372 577 4 6 4126
372 1021 5 4 150
375 618 3 5 404
375 663 10 2 27
377 457 1 3 8
382 532 1 4 78
382 758 2 2 10
383 563 3 4 138
385 424 7 5 1358
385 458 9 4 385
385 482 9 7 60905
385 532 5 3 89
385 572 5 3 31
385 598 3 3 40
385 693 8 3 134
385 842 2 5 545
385 963 9 1 14
385 656 6 3 127
385 929 5 3 84
386 514 10 4 692
386 564 4 5 805
386 517 5 3 35
386 570 3 3 20
386 597 6 3 40
386 689 5 4 403
386 1021 4 3 48
387 682 3 3 52
387 847 1 4 72
387 850 4 3 27
387 913 7 3 114
387 747 3 4 144
388 546 5 5 633
388 1017 2 5 376
388 598 7 3 74
388 645 4 3 74
388 806 2 4 218
389 647 9 3 64
389 837 10 3 184
389 913 8 5 2198
390 597 6 4 261
390 586 4 2 10
390 590 3 4 230
390 779 9 3 69
391 567 6 3 91
392 462 6 3 94
392 801 10 4 1078
392 849 4 3 58
392 1006 3 4 137
393 554 8 3 148
393 675 9 3 110
393 825 8 4 245
393 836 4 6 3212
393 895 9 5 1403
394 462 7 1 9
394 578 5 2 26
394 608 1 6 866
394 723 5 3 40
395 591 4 3 37
395 811 8 1 9
396 559 2 5 400
396 648 4 3 59
397 455 1 4 82
397 537 1 4 55
397 547 10 4 443
397 778 5 4 280
397 916 9 5 1317
397 961 7 4 311
398 519 1 5 333
398 694 10 3 77
399 944 9 3 117
399 434 10 3 71
399 723 1 3 17
400 828 7 2 15
401 713 2 4 58
401 422 2 4 167
401 558 7 5 1080
401 320 4 4 214
402 674 8 3 43
402 933 8 2 24
402 515 7 4 296
402 545 8 4 204
402 578 10 5 1204
402 675 8 4 281
403 770 4 1 5
406 409 7 4 256
406 783 9 4 625
407 678 5 3 30
407 929 1 5 198
407 529 7 3 56
408 592 6 3 111
409 577 8 2 41
410 418 6 4 414
410 889 5 6 10186
410 557 6 5 690
411 521 2 5 326
411 564 3 4 194
413 537 10 3 161
414 641 10 4 232
415 933 4 4 91
417 532 4 4 140
417 833 3 5 1095
417 482 7 2 33
417 545 4 5 1703
417 811 8 2 30
418 578 1 5 336
419 556 1 5 129
419 628 6 2 23
420 845 10 4 442
421 425 4 3 52
421 539 1 4 76
421 546 10 1 15
421 513 1 3 22
421 903 4 3 28
422 641 8 3 75
423 737 8 3 131
423 796 5 3 102
424 652 8 4 330
424 530 8 4 211
425 482 1 6 939
425 984 8 4 258
426 747 3 4 326
426 777 6 3 54
426 470 1 4 59
426 535 7 4 257
427 645 5 4 240
427 687 10 1 12
428 581 9 5 1479
428 548 2 5 280
428 833 6 4 293
429 621 1 5 274
429 881 6 3 32
430 545 9 4 374
430 594 5 4 276
432 602 1 5 274
432 916 3 4 244
433 585 10 3 85
433 1015 1 5 229
434 497 5 3 76
434 800 1 5 116
434 805 5 5 1871
436 762 2 4 134
437 598 10 4 284
437 642 9 2 28
437 521 8 4 181
438 455 10 1 11
439 513 10 2 45
443 692 9 4 274
443 517 2 3 40
445 770 10 2 35
445 802 1 3 10
445 562 6 3 77
446 1018 2 4 84
447 630 7 5 1539
449 514 6 3 118
449 656 10 5 1227
449 374 6 3 38
451 451 3 4 198
451 522 9 4 517
451 617 8 5 1813
451 681 8 3 124
453 489 4 3 26
453 513 8 4 893
453 514 9 2 38
453 515 2 5 265
454 662 6 3 38
454 513 9 3 126
455 635 1 4 29
455 783 8 4 449
456 641 3 3 57
457 775 1 5 206
457 909 5 2 19
457 946 8 2 30
458 907 6 3 39
458 572 6 3 49
459 744 9 5 1084
461 463 1 4 32
461 567 7 4 201
461 707 3 4 149
462 626 5 4 420
462 902 6 3 35
463 517 2 5 1129
463 642 10 5 1158
464 917 8 3 82
465 929 3 4 85
465 669 9 2 44
465 723 8 4 329
466 532 5 3 54
466 762 3 3 16
466 903 2 4 112
467 441 7 8 769829
468 641 1 5 337
471 714 7 1 8
471 676 6 1 8
473 802 3 2 11
473 962 7 4 353
474 601 5 2 14
474 801 9 2 32
477 776 10 2 27
479 538 10 1 11
479 460 10 7 125793
481 666 5 4 126
481 732 10 3 83
481 929 6 3 95
481 603 10 2 19
481 807 7 5 1158
482 541 2 4 106
482 962 5 4 372
483 513 5 3 42
484 556 1 4 45
484 985 3 3 20
484 812 1 5 160
485 842 7 3 93
486 837 7 4 176
489 566 7 4 397
495 753 3 3 40
497 979 1 6 987
497 782 1 3 14
497 312 5 3 60
499 794 8 4 312
502 520 1 4 28
503 769 3 3 66
507 707 7 2 34
507 752 5 3 41
507 768 6 3 47
508 581 5 3 39
513 515 3 4 184
513 523 1 5 495
513 686 3 4 146
513 937 9 4 204
513 529 1 5 192
513 549 1 4 82
513 558 10 4 309
513 643 7 3 129
513 649 9 4 253
513 720 7 3 149
513 804 6 2 31
513 941 6 2 21
514 549 6 4 277
514 641 5 4 363
514 645 2 5 631
514 766 2 5 403
515 523 6 3 109
515 573 3 4 69
515 781 4 3 88
515 673 4 3 64
515 705 1 4 89
515 785 2 3 12
516 599 3 3 52
516 671 6 5 2290
516 771 3 3 55
517 556 7 1 10
517 583 1 4 42
517 606 3 3 20
517 780 10 3 116
517 786 4 4 125
517 864 9 2 19
517 929 7 4 209
518 526 5 3 54
518 535 10 4 258
518 673 10 2 24
518 677 1 4 72
518 769 9 2 21
518 519 2 4 58
518 520 10 1 6
518 530 1 5 139
518 696 9 2 26
519 833 6 5 1736
519 929 10 2 23
520 945 4 2 14
520 968 1 4 48
520 848 3 3 41
521 786 3 4 138
521 813 8 3 122
521 897 8 3 49
521 525 5 4 126
521 530 2 4 53
521 546 3 4 157
521 591 8 5 1225
521 767 8 3 72
522 547 1 6 1108
522 555 1 6 1320
522 561 9 4 444
522 610 6 3 63
522 562 9 3 165
522 787 6 5 1432
523 550 2 4 184
523 653 9 3 55
523 531 3 3 43
523 570 10 6 7379
523 609 7 3 62
523 694 7 3 49
523 749 10 4 556
524 651 9 3 117
524 815 9 3 83
524 898 7 5 1012
524 893 8 2 15
526 821 5 3 50
526 577 1 4 78
526 641 2 5 290
527 549 6 4 219
527 777 5 4 140
527 610 9 2 42
527 809 5 6 3676
528 714 6 3 83
529 581 7 5 1005
529 583 9 3 49
529 612 8 3 64
529 721 2 5 359
529 802 2 3 30
529 593 8 1 14
529 627 1 3 12
529 630 3 4 93
530 738 7 3 147
530 837 7 3 149
531 697 3 4 143
531 550 8 3 163
531 587 8 3 51
531 626 5 3 47
533 551 6 2 18
533 854 5 4 124
534 788 9 2 39
534 575 8 3 64
535 787 10 3 109
535 929 4 3 71
535 933 2 3 19
535 613 9 4 266
537 688 9 2 22
537 903 5 4 379
537 545 10 2 43
537 747 6 1 9
537 478 3 3 27
538 900 6 4 159
539 821 1 3 9
539 820 10 2 36
540 665 3 3 38
540 778 3 5 410
540 366 3 5 923
541 681 10 4 773
541 793 6 3 82
541 906 2 3 16
542 794 6 2 27
543 545 6 4 225
545 552 4 4 231
545 598 3 5 393
545 719 6 4 274
546 744 8 1 11
546 915 2 4 60
546 841 10 3 152
547 613 9 4 457
547 651 2 3 32
547 759 10 3 214
547 901 3 4 93
547 636 4 3 54
547 318 6 4 493
548 578 9 3 146
548 577 5 3 30
548 931 5 3 28
549 578 1 4 88
549 587 1 4 69
549 646 8 5 2555
549 833 4 4 100
550 648 1 4 38
550 785 1 4 26
550 978 8 2 38
551 650 10 3 143
551 801 3 5 1126
553 641 3 4 71
553 657 4 2 12
553 933 1 3 17
553 781 7 3 85
553 905 1 4 58
553 939 7 3 53
554 934 7 4 175
555 579 10 4 746
555 778 6 3 108
556 967 2 3 33
557 680 1 4 29
558 558 9 5 2894
558 771 1 4 49
558 939 10 4 367
558 560 2 5 228
558 596 7 4 459
561 918 4 4 102
562 787 5 5 1805
562 994 7 2 22
562 846 4 5 710
563 978 2 4 151
563 993 1 4 27
563 601 6 2 22
563 643 4 3 44
565 657 10 5 2553
565 660 2 4 77
566 655 8 1 10
567 593 2 4 180
567 972 5 3 31
568 794 9 4 466
569 948 2 6 6337
570 600 6 3 37
570 785 7 3 84
573 778 3 3 18
573 579 3 5 1623
573 906 4 4 90
574 798 4 5 479
574 887 3 5 476
574 601 9 4 866
575 697 5 5 2304
576 579 3 5 1137
576 601 3 6 3614
577 608 6 2 23
577 609 10 2 47
577 787 10 3 58
578 578 3 2 14
578 662 1 4 38
578 998 4 4 326
579 730 4 4 423
579 982 3 4 314
580 622 9 4 429
580 790 7 5 1265
580 625 8 3 84
581 599 1 5 245
582 646 3 3 63
583 634 2 4 152
584 836 5 3 71
585 834 6 4 348
585 641 4 3 34
585 722 7 5 979
585 845 4 3 52
586 593 7 3 64
586 696 10 3 103
587 659 8 4 741
587 777 5 6 5169
588 609 2 4 61
588 668 7 4 367
589 785 4 4 391
591 789 9 2 36
592 883 10 2 50
593 857 7 2 33
593 802 4 3 22
593 829 5 6 6190
594 687 3 3 35
594 714 9 3 48
595 653 2 7 21647
595 793 1 3 18
597 706 10 2 46
597 725 2 4 163
602 886 3 4 275
602 544 1 4 60
605 914 3 3 31
605 1007 5 2 17
605 785 4 4 110
605 797 8 3 109
607 808 6 3 67
609 649 9 3 59
609 627 5 2 14
609 662 7 2 22
609 673 3 6 5553
609 769 10 3 142
609 778 7 1 7
610 769 4 4 109
610 825 1 4 55
611 738 4 5 876
612 881 2 4 112
614 841 2 3 43
615 937 4 4 100
615 911 2 4 176
617 807 10 3 155
618 909 3 3 24
619 1005 3 6 2780
624 1001 10 4 328
625 846 10 3 79
625 472 1 5 141
628 770 3 2 13
628 978 10 5 1726
629 794 6 3 70
634 813 2 2 7
635 785 3 3 31
641 660 1 6 726
641 733 8 2 26
641 939 4 5 1093
641 953 4 4 175
641 659 7 3 110
641 770 7 4 473
642 678 2 5 255
642 778 5 3 41
643 725 4 4 269
643 802 9 3 55
644 776 1 4 39
644 1022 7 5 4014
645 661 6 4 385
645 757 3 2 11
645 770 3 5 494
645 710 1 4 37
646 964 4 3 40
649 695 5 3 69
649 770 5 3 91
649 661 3 5 701
650 717 10 5 6527
651 954 8 3 97
651 488 3 4 141
653 1003 3 3 22
656 762 6 3 36
656 995 10 2 42
657 834 2 5 939
657 674 8 3 146
658 932 3 4 179
658 934 1 5 375
661 803 4 3 79
661 452 6 6 4802
662 796 9 1 8
663 956 10 2 34
664 771 2 3 39
665 782 10 2 24
667 769 5 4 231
669 750 8 4 280
669 764 4 4 180
670 915 5 3 84
673 718 1 4 68
673 675 8 5 1582
674 705 8 2 21
682 855 7 2 14
685 1009 3 4 125
685 1004 5 4 129
693 915 4 3 46
695 769 4 3 44
695 932 3 4 111
695 977 3 4 125
697 886 7 3 39
698 711 9 1 15
698 777 7 4 183
700 899 3 6 2511
700 1016 9 2 22
701 865 8 3 55
702 942 1 5 327
706 855 7 2 24
707 733 3 4 120
708 779 1 4 84
708 781 3 3 50
710 844 2 6 2355
713 863 9 5 2420
713 729 9 3 49
714 838 5 3 37
717 843 1 4 32
717 973 4 3 75
721 804 6 3 35
721 931 7 4 167
729 512 1 3 21
730 975 5 2 9
731 127 6 3 44
733 835 7 4 216
737 769 10 4 391
737 900 1 7 12724
739 971 7 2 30
739 769 4 4 273
741 779 8 3 91
741 802 8 3 125
741 1011 9 2 24
742 623 2 4 48
743 917 10 2 21
744 788 8 2 38
745 763 4 5 553
753 787 9 2 37
753 896 8 4 185
757 945 8 4 622
769 927 1 5 195
770 774 1 8 43285
770 803 8 3 93
770 970 2 3 22
772 794 3 5 1649
772 801 9 4 348
772 942 10 2 52
773 987 1 3 21
775 937 6 2 14
776 922 1 4 91
777 799 8 3 147
777 851 10 2 35
777 915 2 4 55
778 809 1 5 196
778 917 6 2 20
778 360 7 3 60
779 813 8 2 24
779 883 2 3 36
780 805 8 3 101
780 977 3 3 16
781 902 3 3 23
782 806 10 3 211
784 933 10 4 582
784 891 7 3 55
785 842 4 4 125
785 818 5 4 320
785 923 6 2 27
786 839 6 3 54
786 511 9 4 391
787 915 10 5 1496
787 865 10 4 558
791 504 7 3 65
791 951 1 6 1026
793 850 5 4 144
794 894 2 5 614
795 751 8 4 351
801 825 4 3 25
801 841 6 4 165
803 885 7 4 350
806 192 9 4 475
809 938 2 5 702
809 946 5 3 28
815 906 6 3 74
817 735 6 2 15
818 979 3 3 61
819 952 5 3 45
825 979 10 2 32
825 853 10 4 474
834 1000 8 1 7
835 913 4 4 382
837 997 2 5 233
844 940 2 3 42
845 959 9 1 12
845 892 4 3 57
847 957 5 4 376
849 900 9 4 290
849 1008 3 3 57
850 1019 10 3 155
850 475 3 4 265
857 867 2 3 35
868 999 2 4 178
869 897 10 3 170
873 704 1 5 225
881 862 9 2 18
885 640 8 3 131
889 905 6 3 48
889 384 9 3 130
897 912 8 3 43
898 1003 8 3 44
898 960 7 4 400
900 509 9 2 45
905 930 10 4 398
906 954 8 3 78
907 756 7 3 148
912 222 7 4 390
913 918 10 2 23
913 1003 6 3 64
914 830 10 5 3202
915 969 9 1 7
920 748 7 3 66
933 950 2 3 25
938 966 1 4 48
961 715 4 3 29
963 988 3 3 34
964 880 7 3 121
979 882 10 2 49
1003 734 6 1 8
1012 224 2 4 158
1019 1020 5 2 17
928 191 9 3 62
476 344 7 4 304
735 435 3 3 62
896 604 1 5 497
