9904 4.429764124130677e-06 
6533 4.374800266735855e-06 
1154 4.366327663444324e-06 
4974 3.6611647171101253e-06 
6096 3.0342706422516407e-06 
1986 4.315604100545132e-06 
4616 4.272541062078118e-06 
621 4.3131275869725354e-06 
4070 4.743159442679799e-06 
3907 1.3089103188975773e-05 
6152 4.54585559579366e-06 
2224 4.337257582510564e-06 
9681 4.356603018720336e-06 
129 4.189112843744652e-06 
206 4.375643674921069e-06 
8857 4.366122561171669e-06 
1114 4.861632483943972e-06 
9110 4.314079046392623e-06 
1437 3.831721824196462e-06 
8186 4.35491457704741e-06 
4670 4.3661800550720215e-06 
3159 4.373417510155179e-06 
5722 4.378300675299832e-06 
4583 4.137674935256963e-06 
4321 4.356512347110997e-06 
7503 4.34683436243597e-06 
2358 1.5294386608343056e-07 
4865 3.2870420543329275e-08 
5449 4.432990565476751e-06 
1360 4.519713797391151e-06 
7685 4.360747305832292e-06 
8016 4.3976277402866456e-06 
3681 4.318824109386171e-06 
6149 4.3674161196877785e-06 
2017 5.713780258933262e-06 
2389 4.883683402355006e-06 
9308 4.378158291466342e-06 
3163 4.470329409183558e-06 
4985 4.380126620160139e-06 
6847 4.365686994688865e-06 
5552 5.219924447890101e-06 
4062 1.8797371950748958e-06 
1003 4.3679057989150635e-06 
8802 4.386919680094614e-06 
4253 4.492014664921696e-06 
4305 4.290371556466229e-06 
7726 4.0693300364881166e-06 
2892 3.5076503179966016e-06 
9456 4.108860013167368e-06 
7683 4.151352407984618e-06 
8212 4.362551365923674e-06 
6505 4.385427088375353e-06 
9528 4.34774742456192e-06 
2945 6.5150629704873055e-06 
693 4.3741399153646115e-06 
4932 4.358016103913414e-06 
8552 4.3047708798937e-06 
2434 4.312422658433065e-06 
4021 3.846165148822188e-06 
4026 4.367170441298544e-06 
5878 4.360837673207616e-06 
556 4.273111896892908e-06 
8042 4.275986702132157e-06 
8313 4.359110301969844e-06 
7949 3.925772376499981e-06 
3984 4.372128777785698e-06 
1260 4.154520761712399e-06 
5417 7.625957166401141e-07 
9949 3.432131901725424e-06 
2673 5.3083120405167605e-06 
4103 2.192620656775128e-06 
7757 4.36389048532704e-06 
8433 4.376919984298603e-06 
4668 4.377585061714052e-06 
1719 4.347263438732351e-06 
5058 4.363281574636796e-06 
3484 4.347298311235875e-06 
336 4.334061650713352e-06 
601 4.360484252699988e-06 
4171 4.365452627996934e-06 
8373 4.346579774915014e-06 
8959 4.351546716157538e-06 
218 4.4249423920111e-06 
4162 4.338024537081507e-06 
8178 4.441921616364618e-06 
6548 3.826891891043978e-06 
9364 4.360834901443281e-06 
6742 4.343771991739954e-06 
93 4.362631761434822e-06 
7422 5.3959153644184475e-06 
4241 4.3595369089490225e-06 
4395 4.7986047657464574e-06 
2505 2.769408358370612e-06 
9321 6.819610026577052e-06 
9970 3.2497506018082215e-06 
74 4.35767089332408e-06 
5029 4.36250856400363e-06 
7078 4.389961035006118e-06 
1379 4.32520091471366e-06 
3644 4.31686764004001e-06 
1359 4.353812151369332e-06 
7611 6.016219916586934e-06 
6528 4.375247386865112e-06 
7158 4.643084452389318e-06 
7475 4.892279573693074e-06 
6264 4.249122463262618e-06 
8867 4.382328638893575e-06 
1962 4.354050350100948e-06 
894 3.900699488105548e-06 
6177 4.376601310140744e-06 
7852 7.919974676954506e-06 
5854 4.152681014436816e-06 
4618 4.147268666050316e-06 
5281 4.364380241774609e-06 
5478 4.372750851910307e-06 
2059 6.44499732032804e-06 
1138 4.02821621321622e-06 
3286 4.403876457444394e-06 
9666 4.358253415274485e-06 
6845 4.060369670141819e-06 
2243 5.034938164851308e-06 
9234 4.375618815936626e-06 
4844 4.516544787033008e-06 
1288 4.5194161159667174e-06 
1735 4.355004704952105e-06 
485 4.400291572715309e-06 
3416 4.113305739511341e-06 
2846 4.3582920404343485e-06 
6141 4.113696651526507e-06 
6530 4.403530244791558e-06 
3508 4.355757666329987e-06 
4226 4.366653288884724e-06 
5465 4.366911959138143e-06 
6005 4.36764319158367e-06 
2354 4.362509635899203e-06 
8261 4.3267596157488885e-06 
491 4.353576554679107e-06 
4883 4.443321647523832e-06 
1709 4.3661037600173715e-06 
6732 4.4432159814919105e-06 
7639 4.424582453467832e-06 
4566 3.399097491431789e-06 
8541 4.359669214938302e-06 
9690 2.0816055044944734e-06 
9618 4.349093099987818e-06 
1860 3.311964471178825e-06 
53 4.1314172596481005e-06 
5425 4.369762762908738e-06 
3843 4.3910994022547955e-06 
2475 4.401405554044999e-06 
9376 3.132564660983942e-07 
1745 4.336837885598122e-06 
5331 4.365316767320176e-06 
6589 4.341545016653127e-06 
4169 3.909180354972136e-06 
2999 4.449770213641552e-06 
5253 4.371031802029886e-06 
7122 4.074083265912911e-06 
4357 4.2553069665235636e-06 
8105 4.513463110933103e-06 
4986 4.342499347421308e-06 
4023 4.1594497728446766e-06 
6712 4.334993377611067e-06 
2960 4.334865898943723e-06 
577 4.361911290473133e-06 
6745 4.38112602413498e-06 
8626 4.507898435106399e-06 
9344 4.346380975562455e-06 
9638 4.251406124522676e-06 
7339 4.387056347031347e-06 
7297 3.51845713530349e-06 
5254 4.350315540710784e-06 
8255 4.371607478327027e-06 
2609 4.292357649186807e-06 
3167 4.415533772260819e-06 
3419 4.352471966871144e-06 
7794 4.368461510082014e-06 
4697 4.375169501121454e-06 
3427 4.445156424530662e-06 
5321 4.564249533839132e-06 
2028 4.37784659233724e-06 
7144 4.809123344061823e-06 
269 4.366383645247899e-06 
8820 3.406556242120876e-06 
5733 4.3536843407065626e-06 
295 1.2650328470599437e-06 
802 4.36754440489978e-06 
4543 4.072202923064697e-06 
6160 4.375757343200785e-06 
7674 4.226304168533861e-06 
8479 4.392525963386126e-06 
3611 1.9202669051531204e-06 
9647 4.383694749326718e-06 
2153 4.329478148228596e-06 
361 5.060386662192099e-06 
6830 4.5653194201986867e-07 
4243 4.15408708076256e-06 
4143 4.2872254660523255e-06 
8181 4.380216559189895e-06 
5914 4.3623128872596075e-06 
2235 3.5578461880632953e-06 
4585 4.387357414675869e-06 
8198 4.329765480564405e-06 
4310 4.376638373763934e-06 
9913 8.871103551154703e-06 
7524 4.382569732210524e-06 
7567 4.4591272699613095e-06 
8521 4.37344878016395e-06 
9592 4.376849938573302e-06 
2415 4.177716599991616e-06 
5807 4.369030187175449e-06 
7715 4.377822889839278e-06 
5276 4.535726037415922e-06 
2526 4.368219996876647e-06 
7965 4.345970181181498e-06 
2265 4.358921116330225e-06 
973 4.036240519534273e-06 
117 4.368060743201403e-06 
4732 4.248196445660004e-06 
2778 4.370196121259919e-06 
7602 4.376283881389072e-06 
2865 4.353732839594463e-06 
6275 4.430531647582445e-06 
2463 4.322204759910498e-06 
8559 4.321367378974445e-06 
2338 4.280729379438936e-06 
1977 4.270183518582174e-06 
8873 4.3598500498829615e-06 
1588 4.245685419572561e-06 
3967 4.355768387010668e-06 
917 4.367786530821347e-06 
1587 4.304993810024764e-06 
2471 4.372087038690847e-06 
7837 2.274440159123995e-06 
112 4.367627685946108e-06 
153 4.362706243348083e-06 
3732 4.366801264278627e-06 
2773 4.395660834980299e-06 
4498 4.363855983922161e-06 
5890 4.343061512015753e-06 
434 4.355518134496897e-06 
9569 4.347282642651091e-06 
3857 4.365068866576705e-06 
2592 6.792130287505352e-07 
5664 4.445553675585571e-06 
3089 4.256174004577227e-06 
1277 3.863462694418524e-06 
7518 4.414581557543691e-06 
2528 4.317538825791761e-06 
168 4.351955723930328e-06 
9976 4.3615629449392496e-06 
8656 4.47163027473567e-06 
7246 4.567731088723991e-06 
2796 4.357749032723208e-06 
2790 4.316070528252819e-06 
5211 4.338111162849505e-06 
3314 4.237846356112246e-06 
3549 4.381014407346189e-06 
355 4.275454143627112e-06 
7981 7.701698597934905e-06 
444 4.3624715670030045e-06 
7827 4.38226847999646e-06 
2822 4.373732411850241e-06 
6514 4.395154812858162e-06 
926 4.2682739667485815e-06 
3848 4.341432222215775e-06 
5083 4.378888445821733e-06 
5925 4.362273141604631e-06 
6989 4.651287485075933e-06 
322 4.196555130077769e-07 
9795 4.398272192283386e-06 
1406 3.5024279308860088e-06 
6901 4.347494692302792e-06 
7448 5.600742242065311e-06 
9815 4.680719527652547e-06 
348 3.6783651033765997e-06 
1924 4.378149333801757e-06 
5441 4.388922555332913e-06 
4658 1.7423357715794295e-07 
5273 3.9737667862362286e-06 
5397 5.034708180332072e-06 
457 1.3316090295687722e-06 
1364 3.867595318468696e-06 
4737 4.356631288656661e-06 
5252 4.367280596885015e-06 
8328 4.636377735745801e-06 
5728 4.3569896719484095e-06 
6232 4.3590837133691505e-06 
8927 4.243116403889501e-06 
6956 4.5314352448906355e-06 
6662 3.002842543513028e-06 
9184 4.358475747335473e-06 
4572 6.910317482139805e-06 
3017 4.375019634785133e-06 
8535 4.364675588508294e-06 
6560 4.3490145522595475e-06 
8333 4.368491362644931e-06 
9593 4.357935640652998e-06 
7328 4.375969691904703e-06 
2490 3.821606602086255e-06 
6442 4.325696087524348e-06 
6130 4.337559890246882e-06 
8956 4.25834226997475e-06 
8338 4.358697641589283e-06 
4764 4.375851962924153e-06 
9600 4.039196387918675e-06 
3755 4.363508087472955e-06 
3688 7.184171119981382e-07 
8583 4.3631647289273265e-06 
4042 4.363075369196116e-06 
5670 4.377634018174883e-06 
8505 4.426511309959521e-06 
174 4.3713762319593115e-06 
8838 4.51212346284748e-06 
8978 4.365327913546461e-06 
8638 4.281681116212649e-06 
9212 4.837152283786657e-06 
8399 4.434466584928472e-06 
9867 4.261685112629903e-06 
2322 4.300354007088205e-06 
4556 4.443799826324218e-06 
5688 4.342247720910427e-06 
7622 4.387506001283357e-06 
2353 4.4096715093530164e-06 
6610 4.217929857723943e-06 
2854 4.364872115815247e-06 
8498 4.435925337354867e-06 
3768 4.126830180821937e-06 
8951 4.187810636553671e-06 
5001 4.360800526906548e-06 
471 3.2963514681941756e-06 
4801 1.883548706887756e-07 
5957 4.366286506762804e-06 
5988 4.235924722762711e-06 
7006 4.362499682835207e-06 
4881 4.368344441740387e-06 
1894 4.376530271619369e-06 
2473 4.402156328639986e-06 
9594 4.260956524618259e-06 
7426 4.360153744444837e-06 
1929 4.345758346041371e-06 
6434 4.358496309067341e-06 
2903 4.4133484915791685e-06 
5177 5.33312187965078e-06 
1562 4.372772942542532e-06 
2522 4.7654460578496366e-06 
8092 4.289058708524959e-06 
5581 4.3411889670023195e-06 
5889 4.121857478044392e-06 
359 4.336242214362229e-06 
4720 1.0912138849693282e-06 
6428 4.3691047166953005e-06 
839 4.410346348900176e-06 
1819 4.357991738075195e-06 
873 4.304451996111663e-06 
2221 4.392458043875678e-06 
3883 4.36503393196855e-06 
5787 3.3784521934598915e-06 
695 4.361602845879809e-06 
8013 6.514050936673022e-06 
460 3.4805297934786667e-06 
1059 4.367016991246912e-06 
9274 4.92387887867207e-06 
7441 4.374541389913731e-06 
3842 4.377426788585817e-06 
5011 4.368050146586076e-06 
5638 1.695042856357694e-08 
6103 3.886170805082429e-06 
9419 4.289358449992451e-06 
1478 4.3859505228446866e-06 
287 5.435633877196219e-06 
9727 4.717267795410841e-06 
4400 4.367239240057333e-06 
8963 4.555656357571618e-06 
824 4.300031704195004e-06 
7745 4.364547909143598e-06 
4874 3.900795563950567e-06 
7532 4.37477067916628e-06 
7936 4.631175670397717e-06 
5352 4.323178326792538e-06 
4409 4.410915721552416e-06 
6564 4.430783941614955e-06 
1375 4.385702185888789e-06 
1030 4.348189397641175e-06 
2337 5.881464447778793e-07 
9187 4.152112370766541e-06 
7318 5.204520559550125e-06 
7663 5.194395240417052e-06 
8070 4.37676769269162e-06 
6997 4.2792253362201126e-06 
7421 4.415471978013079e-06 
955 4.369538498945712e-06 
5304 4.439579630366654e-06 
9390 8.699567226352964e-07 
6568 4.678645048679837e-06 
3395 4.4017250575015175e-06 
268 4.3583713638471905e-06 
3274 3.302698806386314e-06 
766 4.3630478852109285e-06 
9109 4.163628048597636e-06 
4442 4.360012366567511e-06 
5360 2.0986450722412745e-06 
469 4.367408135543274e-06 
7289 4.253920145264873e-06 
4507 4.361662108756454e-06 
4859 4.406656926010092e-06 
1257 5.285584556249677e-06 
3571 4.351741446409239e-06 
1701 3.387408047965111e-06 
2441 4.394298624851636e-06 
6799 4.361095846236068e-06 
5234 4.704429585205715e-06 
2318 4.445290742581977e-06 
1899 4.352414973584661e-06 
617 4.40791363570595e-06 
6503 4.378520631547273e-06 
4069 4.285934960984643e-06 
5340 3.834177144817495e-06 
3806 4.546282028763842e-06 
3663 4.130234319581057e-06 
3373 4.2044226872299844e-06 
3294 4.36804431864352e-06 
9428 4.3936231405487285e-06 
7579 4.364074817216591e-06 
7506 4.364500259848186e-06 
3244 4.16217377059245e-06 
6067 4.431076953838605e-06 
4043 4.366868531263016e-06 
6822 4.366005609578298e-06 
468 4.3650053529942876e-06 
1038 4.482631779113445e-06 
5075 4.366332964049687e-06 
4624 6.559962880570716e-07 
3302 4.6814207912201315e-06 
3780 4.470187971845664e-06 
1528 4.288193652454072e-06 
8086 4.155252708917051e-06 
5435 4.342353635282679e-06 
7708 5.625642604522137e-06 
8334 4.359189483690461e-06 
9122 4.804621254870292e-06 
2299 4.3561321900939925e-06 
3730 4.1880645838357654e-06 
8173 4.2693084185013425e-06 
7392 3.37456288613219e-06 
4957 4.043453596772505e-06 
2938 4.335813759686921e-06 
2300 4.361850114806662e-06 
5956 1.0486389286834262e-06 
582 4.366162491178419e-06 
3237 4.3489398894968265e-06 
9704 4.401275954098662e-06 
8032 1.763161897809886e-07 
8510 4.306277371506594e-06 
4602 4.37906022192274e-06 
9363 4.346666168108616e-06 
7865 4.491811134060547e-06 
3694 4.388961548140836e-06 
8560 3.638795475891108e-06 
2625 5.499199424357617e-06 
3917 4.3643988019242335e-06 
3150 4.35213858170819e-06 
7864 4.361176591127262e-06 
5777 4.371287819780966e-06 
6240 4.3721601558549585e-06 
9492 4.421165412324617e-06 
5299 4.334023632994173e-06 
7510 4.375251007336711e-06 
7357 4.355927922285952e-06 
9012 4.3644455422514785e-06 
4426 4.440551863538092e-06 
5999 4.282202189902679e-06 
3517 4.567988528501803e-06 
3598 3.6655163948511824e-07 
8614 4.446470830291444e-06 
8966 4.333506244128315e-06 
1624 4.437435072155617e-06 
6310 4.1150071976858995e-06 
1723 4.3769133777780354e-06 
9929 4.36330693951306e-06 
245 4.3513620323537505e-06 
2736 4.322346803380804e-06 
3040 4.3391825036559835e-06 
4549 4.402561958726482e-06 
4453 4.375391493213859e-06 
2724 4.349444330216716e-06 
326 4.403862424396842e-06 
1155 4.404913982554621e-06 
4012 4.504960081905839e-06 
7969 4.3634378590699054e-06 
7630 4.576342719911431e-06 
814 4.358167666142746e-06 
4955 4.008549576262119e-06 
6347 4.424177049499214e-06 
403 4.357840143731194e-06 
8906 3.4532671410947844e-06 
8456 4.352404207704925e-06 
9203 3.2139437840836554e-06 
3783 4.056355393966215e-06 
816 4.3666102111797325e-06 
7396 6.1892203624403546e-06 
9885 4.440630501709871e-06 
5748 4.262685541037472e-06 
7436 4.373839057448741e-06 
1653 4.028093509530774e-06 
7174 4.364283980992026e-06 
3669 4.294456426915839e-06 
7088 7.470853077287247e-06 
2702 4.344248821152634e-06 
8167 4.36504568762073e-06 
54 4.263509744623213e-06 
9091 4.530798795427743e-06 
1242 4.447782489785001e-06 
2327 4.400167235058573e-06 
5148 3.159742797559587e-07 
2967 4.510387816463949e-06 
4208 4.371265772102891e-06 
1023 4.354249396128268e-06 
1565 4.250683534106363e-06 
6598 4.398836125981047e-06 
5458 4.366147736439746e-06 
8920 4.356965498395918e-06 
2678 4.7210334455715646e-06 
2368 4.317849756414299e-06 
5289 4.3622165781456525e-06 
6854 2.658732401553888e-07 
4915 4.281070219208409e-06 
3231 4.382442085892832e-06 
6909 4.35168622002859e-06 
3145 4.3657740053991704e-06 
6078 4.407999594783371e-06 
5233 4.742752917839088e-06 
8385 4.3772406772622374e-06 
3282 4.361654743997135e-06 
5030 4.473290550328644e-06 
7874 4.3354678407705125e-06 
9607 4.485546061416286e-06 
7646 4.387003243561825e-06 
145 4.368969363161354e-06 
5840 4.391520298968958e-06 
6037 5.118288368544372e-06 
4876 8.97056357803082e-06 
1805 4.363139199363953e-06 
2816 4.380839841040057e-06 
6604 4.363144188656876e-06 
1680 4.374996058466892e-06 
5766 3.5144410456338685e-06 
876 4.644390638988624e-06 
3358 4.458337001409046e-06 
4738 4.346868461364418e-06 
6697 5.573150393857157e-06 
5708 4.339768546645205e-06 
1560 4.506546460323354e-06 
318 5.127894073317795e-06 
2529 4.597954678444907e-06 
5874 5.877035662728611e-06 
8242 4.364823097286457e-06 
6978 4.2522385457348435e-06 
3642 4.489116028369112e-06 
3041 4.102547791979244e-06 
5235 4.791185723173342e-06 
4402 5.090418604291904e-06 
2498 4.326653747604463e-06 
2079 3.8894520108278756e-06 
3737 4.373881372036163e-06 
3075 3.7496507948894357e-06 
7686 3.981796910424327e-06 
7013 5.42829049514576e-06 
4565 4.3643025309544735e-06 
7111 4.36698685164462e-06 
9886 1.0445016729615864e-05 
2550 4.33747413258241e-06 
3487 4.374665739829987e-06 
5298 4.370185908022737e-06 
2709 4.339640678419673e-06 
5205 4.395497930354596e-06 
7180 4.367257748631453e-06 
2680 4.351932023973205e-06 
4175 3.411939129285736e-06 
4661 1.206739990209342e-06 
2578 4.237424110328993e-06 
2187 4.361992690154665e-06 
4215 4.374492305603809e-06 
6639 4.355212015656233e-06 
1794 4.474843221767145e-06 
2980 4.0173356682712384e-06 
1765 4.416471607470485e-06 
4090 4.3723302798147295e-06 
6114 4.0432414656591065e-06 
2998 4.46826164178836e-06 
714 4.465937787065934e-06 
1200 8.491978964803154e-07 
7930 4.400309055493035e-06 
5258 4.350706295606833e-06 
7008 4.610337901094618e-06 
2373 4.442688761731145e-06 
4797 2.3738310036125335e-07 
6497 4.445463767957552e-06 
7891 4.3571152653028015e-06 
2390 4.5068900189905584e-06 
5311 4.325016799477025e-06 
615 1.4611790117277858e-06 
1417 4.371820205936392e-06 
6812 4.514380237115688e-06 
6753 4.360710978175863e-06 
6630 3.823462931956834e-06 
1190 4.402988151476488e-06 
5020 4.329574440463092e-06 
8497 2.535293223974231e-06 
4277 4.373552337841693e-06 
6200 4.368911995947719e-06 
7048 4.28811648869522e-06 
9139 1.4544684588404836e-06 
3525 4.356060453988855e-06 
6288 4.33558701530353e-06 
3873 4.3685537932212005e-06 
8039 4.390756672143639e-06 
2953 4.407302380885538e-06 
3262 4.365848776379658e-06 
957 4.379391703662148e-06 
3317 4.405437578690154e-06 
5519 2.7023593975094308e-06 
3273 4.381186417345952e-06 
3701 4.361528882982955e-06 
4571 3.943924054617977e-06 
3572 3.273015052535899e-07 
7108 4.3632533617529885e-06 
4660 4.406184029964784e-06 
6360 4.410509088752691e-06 
5260 4.389142704915426e-06 
9413 4.252241906208567e-06 
5994 4.371249961397437e-06 
3799 4.363314772471013e-06 
8946 4.42060639347496e-06 
5826 4.008875311255867e-06 
4506 5.237792757105428e-06 
365 4.500061471428447e-06 
303 4.380473244996915e-06 
827 4.517717104162951e-06 
729 4.358977105855003e-06 
5006 6.079391282304931e-07 
4698 6.189365892425426e-07 
8029 4.587434186050512e-06 
9491 5.035841544325121e-06 
5259 5.114269996956864e-06 
8003 4.303284613194864e-06 
2882 4.412314244896632e-06 
2580 4.34793818055594e-06 
9986 4.364262540498826e-06 
8695 6.089231999252565e-06 
2169 4.085620363675422e-06 
8955 4.361931169389598e-06 
8202 4.35062004227723e-06 
2453 4.672186406809158e-06 
2723 4.329226623885957e-06 
8095 3.4141829935689286e-06 
4120 4.356341822681595e-06 
9112 4.389498540793455e-06 
3496 4.382191318938036e-06 
1567 4.415989534527238e-06 
9204 4.601754808180221e-06 
9754 4.33681728578563e-06 
8732 4.379241795213118e-06 
6657 7.914195636588993e-06 
3224 3.733730110210021e-06 
8915 5.68635212390168e-06 
7986 4.374267000909523e-06 
6490 4.493824515883723e-06 
4289 3.984229728640115e-06 
4157 5.246284432433618e-06 
969 4.105682736603747e-06 
1864 4.534735288902032e-06 
7894 4.4393143087707685e-06 
3650 4.356059195678607e-06 
7634 4.366359916082973e-06 
6304 4.296412590344281e-06 
2806 4.331401998473659e-06 
4570 4.380141671874546e-06 
4261 4.423173389747277e-06 
2329 8.054544285051355e-06 
8553 4.369038408823349e-06 
2717 4.347353365444418e-06 
650 4.084404054641374e-06 
9553 2.5268377836985884e-06 
1110 4.339918686974696e-06 
7555 4.3520365828512714e-06 
3186 4.362743693672162e-06 
3382 4.269352846732383e-06 
2468 4.375123010648463e-06 
896 4.35308686932068e-06 
34 5.165040316845215e-06 
958 3.132781653102822e-06 
2395 4.424442314125307e-06 
6936 4.22113870795119e-06 
2083 4.3553860269354545e-06 
7962 4.385388181539422e-06 
1378 4.336230265868963e-06 
9597 4.530454392912805e-06 
49 4.384397730555758e-06 
4683 4.5437011673090365e-06 
2542 4.325917190690121e-06 
184 5.645912067540819e-06 
4389 4.324807380197551e-06 
754 4.3385424661326595e-06 
9293 2.3681763377701457e-06 
5284 4.386516224566781e-06 
5767 9.765949211349545e-06 
711 4.228435372418254e-06 
8377 4.247924591585679e-06 
1206 4.3329109625715145e-06 
2156 4.782346412884721e-06 
6833 4.3923072062978045e-06 
1372 4.7677763135857117e-07 
5772 4.81197980376969e-06 
3824 4.788615317132073e-06 
4388 4.362919641490881e-06 
3764 4.2719540195611704e-06 
8652 6.146470831827704e-06 
8760 4.362458943156318e-06 
2588 4.454035494126e-06 
4803 6.0791436297625775e-06 
248 4.354730189200967e-06 
1827 1.15866451455665e-06 
9581 4.400927503291789e-06 
4673 4.379789089390837e-06 
1404 4.349176746184777e-06 
5980 4.379429448545378e-06 
1410 4.413344956023642e-06 
497 4.373124629985435e-06 
4020 4.3301282805434745e-06 
65 4.3362510620866795e-06 
2270 4.427426903131976e-06 
6829 4.54412214726393e-06 
6238 4.42395864295697e-06 
984 4.36173918682457e-06 
6241 4.2136532434888395e-06 
9310 4.346910085034563e-06 
8812 4.361170305216776e-06 
3933 4.235885965194334e-06 
6939 2.6914235771566694e-06 
1255 4.372601304944092e-06 
2520 4.362635042216687e-06 
2833 4.750653751632765e-06 
3539 4.355271945988949e-06 
8738 4.62817831596605e-06 
3096 4.31855039045082e-06 
2604 4.540999094217443e-06 
4946 4.354285566456292e-06 
8716 4.8480798797147855e-06 
8744 4.1595369087268e-06 
2995 4.323699874209958e-06 
1885 4.380446000772698e-06 
6671 4.4517415254441805e-06 
9223 4.360078678317717e-06 
882 5.0104173509692335e-06 
4713 4.90529186481314e-06 
1380 7.694151653997351e-06 
2078 4.359284027180083e-06 
9737 4.420726592839202e-06 
4145 4.071743586977142e-06 
8418 4.190025533814512e-06 
8299 4.123791913205965e-06 
7072 4.338870833915769e-06 
4164 4.210610156721746e-06 
8222 4.3660532534185784e-06 
7352 1.6877439147288708e-06 
1425 4.427957166314782e-06 
5803 4.321337895180993e-06 
6085 4.3612299211984305e-06 
5786 4.189326482497859e-06 
635 4.33851561365025e-06 
9511 4.614325314828873e-06 
6971 4.994153240510437e-06 
3363 4.3587625177333806e-06 
7967 4.407313384696996e-06 
1390 5.049998562874778e-06 
9005 4.416156364357054e-06 
8700 2.2393242139628973e-07 
4812 4.36023818982006e-06 
4724 4.40305182503774e-06 
3021 4.219013223188871e-06 
188 5.961991166834879e-07 
2836 4.365194156536641e-06 
2512 4.340285148281751e-06 
657 4.625019307646897e-06 
7000 1.7102379494607203e-06 
1309 3.756552749709783e-06 
5709 4.363520071084252e-06 
7649 4.367828401482707e-06 
3227 4.231204159344851e-06 
9056 4.301312726849123e-06 
7641 4.386191652355438e-06 
5501 4.498293872964745e-06 
2125 4.351473225258992e-06 
1995 4.25675446919313e-06 
2689 4.366008935711291e-06 
569 4.364192384579767e-06 
1237 4.70438356147097e-07 
5163 4.198551064555407e-06 
8686 4.363756015075357e-06 
6751 4.309870024379081e-06 
7600 4.363714843347825e-06 
9540 4.386720752070815e-06 
7337 4.008622565410367e-06 
2148 4.5656072457052615e-06 
2097 4.374419546164363e-06 
2250 2.1199326973080737e-06 
3745 4.946134417974569e-06 
3465 4.3731197554582434e-06 
2564 4.368060269951284e-06 
2175 4.362728664578152e-06 
6070 4.470909605305349e-06 
9862 4.415441623427188e-06 
3885 5.464857522273053e-07 
2080 4.418696534011541e-06 
2239 4.364220523628418e-06 
7566 4.462201298814127e-06 
7933 4.341963093255623e-06 
9289 4.3554695699519e-06 
4463 3.7650195820013833e-06 
9934 8.141656533497776e-07 
1561 3.793683531639919e-06 
7031 4.369026645813883e-06 
5765 4.4921860317501635e-06 
6698 4.3766188953242215e-06 
5151 4.376546962267738e-06 
402 3.434897008565795e-07 
1542 4.3855964024500145e-06 
3030 4.367828154916384e-06 
7753 4.246366189217771e-06 
9816 4.358890148090613e-06 
9027 4.365363954054809e-06 
5648 4.311259714482681e-06 
6558 4.386330161219324e-06 
4385 4.372564746288208e-06 
8405 3.939184888526179e-06 
5984 4.344261570873208e-06 
6153 4.42670661771475e-06 
1196 8.551086216666622e-06 
3456 4.521917086185638e-06 
3674 4.552473913425032e-06 
3086 5.246497623449068e-06 
2852 4.3457584330757445e-06 
7001 4.114937043403634e-06 
8833 5.136434437067858e-06 
5275 4.349107662145176e-06 
6095 4.378013317138059e-06 
6592 4.354936044787218e-06 
6771 4.427509413263323e-06 
5227 4.385252290057518e-06 
2279 4.3540118344195e-06 
6737 4.366707037108783e-06 
716 4.406057597293065e-06 
9576 5.160757398126989e-06 
8310 4.78089371320333e-06 
9380 4.344631129167141e-06 
7455 3.9968533387376875e-06 
4751 4.358851231267389e-06 
7903 9.125776434654775e-07 
3579 4.432346705183875e-06 
6958 4.270287723757246e-06 
9846 4.359860849444299e-06 
4014 4.6422048112983335e-06 
433 4.367424849505496e-06 
2257 4.3509777368403414e-06 
9623 3.372561848261949e-06 
2328 4.356654694799055e-06 
4049 3.867764777025505e-06 
7997 4.2907353632476884e-06 
4173 4.356026933470315e-06 
6911 5.84338944253999e-06 
2662 4.5517093569640425e-06 
9825 4.5391361617335336e-06 
2871 4.533825454334646e-06 
6763 4.728624353024213e-06 
7252 2.19423148768709e-06 
1126 4.297477277231254e-06 
6641 4.360344286066709e-06 
9067 4.4263161236492885e-06 
9427 4.365025520620529e-06 
9899 6.315129108027406e-06 
9346 5.442072930819227e-06 
126 4.348259933115167e-06 
929 4.099235150494828e-06 
5985 4.416174530079942e-06 
8588 4.43005314761719e-06 
6850 4.360523006300461e-06 
4963 4.448120724324144e-06 
1474 4.467755801959638e-06 
2607 1.1854421839164862e-06 
1940 4.3698875078021165e-06 
4816 4.331105987437719e-06 
3019 3.6518111409429667e-06 
4263 4.356523288725174e-06 
6881 4.2752441982974184e-06 
3347 4.3190270580292355e-06 
9864 5.831613350171236e-06 
3767 4.229182622775466e-06 
3149 4.432109879595071e-06 
9116 4.670427704250784e-06 
1265 4.438144238155889e-06 
9603 4.3675128344950584e-06 
1270 4.43177150057247e-06 
8124 4.364214354377515e-06 
1737 4.345232279607667e-06 
8577 4.378438113314911e-06 
2371 4.3621000720137986e-06 
8436 4.316658528293946e-06 
5905 3.3945276864011685e-07 
1770 4.399502095477159e-06 
3440 4.39362270726817e-06 
6235 4.39378165988446e-06 
2136 4.202995899981364e-06 
6620 4.425768255526578e-06 
5370 4.5146031226635165e-06 
936 3.958190670367644e-06 
5531 4.446321186584888e-06 
7343 4.333139723578652e-06 
5948 3.386035148513031e-07 
1619 4.358683776892661e-06 
5938 5.7236732995521365e-06 
8506 4.336186445037367e-06 
3609 4.365346268870895e-06 
5244 4.2233918688379754e-06 
4015 4.349447942636582e-06 
8236 4.332282290335234e-06 
1834 5.408833605981359e-06 
7240 3.8084912102197734e-06 
8440 4.344433279489716e-06 
6808 4.336967798202441e-06 
2057 4.71348380593504e-06 
8115 4.748076456740837e-06 
3391 3.976345439531326e-06 
5816 4.487823266958751e-06 
3581 4.366411764795536e-06 
1705 4.1343462790065054e-06 
4777 4.449639648320886e-06 
4379 4.348484708176669e-06 
5599 4.426560129525301e-06 
4421 4.362521691933677e-06 
6186 4.559877539368655e-06 
1753 1.907214813458756e-06 
1421 4.358988327067387e-06 
9171 6.219599250723279e-06 
2011 4.355784258867677e-06 
2124 4.362338506177496e-06 
8681 2.5348839634555305e-06 
1073 4.3749490937538495e-06 
1913 4.381768396907521e-06 
9065 4.363953700776792e-06 
1341 4.288533911659583e-06 
4678 4.3706282835245424e-06 
6080 4.367956692949177e-06 
4919 4.304146284390783e-06 
8836 4.381560481967013e-06 
8843 4.368880434330968e-06 
6547 4.39827640630275e-06 
489 4.342171567514094e-06 
6053 4.706361222158049e-06 
8622 4.36173497537361e-06 
7810 4.358269000211879e-06 
4308 2.212454427206124e-06 
3253 4.384040020403719e-06 
8064 4.07816677742638e-06 
1294 4.948544414058686e-06 
3914 4.3747911222694046e-06 
9432 4.31613810719222e-06 
8359 4.28286834175029e-06 
5921 2.8993292151066454e-06 
5844 4.261767467512592e-06 
9081 5.570070345946656e-06 
6926 4.394294340169391e-06 
3278 4.411239712621685e-06 
3972 5.874682427878541e-06 
3864 4.158104891017329e-06 
6482 4.3660466379223925e-06 
2102 4.344385483147771e-06 
2776 4.351336996620957e-06 
5316 4.382744312523071e-06 
4249 4.088053122738947e-06 
5736 4.216867326708478e-06 
6013 4.375821224289169e-06 
3735 4.420002792183167e-06 
6102 4.193070725584938e-06 
3918 4.4047341935721015e-06 
8954 4.3764357642616975e-06 
8235 4.363568808667767e-06 
762 4.678000354827397e-06 
2624 4.566508511369442e-06 
580 4.494399245571807e-06 
971 1.9600305128009057e-07 
9655 4.654741749316498e-06 
3203 4.381819693714848e-06 
6750 4.333928267675526e-06 
1049 4.356989240340692e-06 
4045 4.362717269797716e-06 
6180 3.0055437438048764e-06 
2876 4.876318649364279e-06 
9566 4.678849437748046e-06 
9744 4.351265740951641e-06 
3156 2.3092540151852434e-06 
683 4.255361371108191e-06 
2451 4.321901153149885e-06 
6791 4.645063138442011e-06 
518 4.4039870984478095e-06 
856 4.3673604874302e-06 
7 4.367229428129092e-06 
4017 4.3734069356991696e-06 
1846 4.364024787758724e-06 
2597 4.294063636783857e-06 
1084 4.368775728278782e-06 
1221 4.370342618891969e-06 
5731 4.509404614657064e-06 
5954 4.555869421839421e-06 
4481 3.1114017322134967e-06 
1974 4.397976638453015e-06 
7374 4.374450034472189e-06 
7143 4.746731050427825e-06 
91 4.361172996863696e-06 
7025 8.863675866998462e-07 
6625 4.609670016800669e-06 
3300 4.368988167741337e-06 
9793 4.362742887368181e-06 
3223 4.343527891251612e-06 
5650 4.3207723055105e-06 
8801 4.300135805393812e-06 
7919 5.311493386427946e-06 
1777 3.3976762387267196e-06 
2016 4.359200387208203e-06 
2383 4.375915045654027e-06 
6426 4.401576987200864e-06 
6607 4.36922455554958e-06 
4214 4.35041673200229e-06 
9992 4.41641188402547e-06 
8611 4.813092293926133e-06 
6000 4.361586779620243e-06 
9448 4.367553873456275e-06 
5481 4.321218074140612e-06 
2448 4.144017702741867e-06 
256 4.369423785882923e-06 
4601 1.9806914271521956e-06 
5092 4.044243236809697e-06 
4424 4.3741086313897426e-06 
4788 4.3453165880760315e-06 
5820 4.3635216780882844e-06 
172 3.912883784662719e-06 
7305 9.230587192626856e-07 
6136 4.3516951714858765e-06 
6229 4.365307573501416e-06 
4582 3.891847016134261e-06 
4412 4.361992168563418e-06 
4139 4.3507718298300365e-06 
1090 4.182921451624171e-06 
5781 4.320176866862468e-06 
1027 4.3656097752139865e-06 
5126 4.33380140015367e-06 
930 4.273541205594635e-06 
3326 5.008811111070546e-06 
666 1.5911293922961657e-06 
1627 4.42717316504138e-06 
5753 4.358622146534755e-06 
2503 1.8539560008581265e-06 
5411 3.6804577329289886e-06 
8031 4.375074750672001e-06 
9609 4.322771002645434e-06 
8278 5.044180270173332e-06 
2870 4.376536020638966e-06 
2281 4.243391672841562e-06 
7895 4.388927278401575e-06 
6567 4.364603265058976e-06 
2282 4.3136105688157485e-06 
3285 4.31156649360973e-06 
6414 4.30029222213678e-06 
6807 4.343191088858564e-06 
4140 4.368120819496256e-06 
3411 4.542238211172276e-06 
6629 4.364563192461786e-06 
7017 4.390881557471453e-06 
6388 4.3751113734793515e-06 
4831 4.431876728373332e-06 
3534 3.3175971246494667e-06 
9967 4.366364400033714e-06 
8238 4.330957315984176e-06 
6984 4.4443467289172664e-06 
9870 1.351868697610898e-06 
4240 4.423764864870073e-06 
1456 4.571923295177002e-06 
5658 4.211516567299015e-06 
7168 3.597365353555561e-06 
1757 2.9582345525113325e-07 
4780 4.404367996308629e-06 
9551 4.358049596643656e-06 
1979 4.364513261272194e-06 
5128 4.3757333201412225e-06 
5035 4.364156873263182e-06 
2631 4.397604548061215e-06 
7381 3.7416152987823413e-06 
755 1.932361561167859e-06 
3369 4.382183496773175e-06 
9629 4.849050234800242e-06 
1830 4.339742212945116e-06 
4577 4.089034304005687e-06 
9107 4.36887503888824e-06 
5949 4.2853720072548894e-06 
9505 4.37049759020194e-06 
7189 4.3623750698688805e-06 
8239 4.338296539520094e-06 
9260 4.077148945668259e-06 
5835 4.350844857329362e-06 
6134 4.36496022345691e-06 
8011 3.942532650125942e-06 
7061 4.361501684595687e-06 
7312 4.364062942234914e-06 
277 4.373166099515912e-06 
4699 4.235906762860358e-06 
1054 4.313313574837197e-06 
3222 4.36392215789189e-06 
1932 4.4207391842125686e-06 
8295 4.355210419688015e-06 
5448 4.363222891993779e-06 
1366 3.861124374911009e-06 
9813 4.3782571894410955e-06 
7769 4.283200147316565e-06 
4368 4.460382441048471e-06 
7565 4.174793137853772e-06 
4641 2.1346348554591924e-06 
3474 3.7079944439384957e-06 
4027 8.514051037359865e-07 
8640 4.396758759041485e-06 
5320 1.4831759974434875e-06 
509 3.881713835212852e-06 
528 4.190463635410001e-06 
5932 4.628459527666799e-06 
3082 4.374934325586331e-06 
7990 4.360691130639157e-06 
8368 2.4826954858658417e-06 
1668 4.364521527696557e-06 
1386 4.327109445028321e-06 
4184 4.625759740006836e-06 
2272 4.360319202980903e-06 
1903 4.366631240473428e-06 
1416 4.401880831036885e-06 
647 1.0715619689789237e-06 
5504 4.415313211549898e-06 
8791 7.488152863277764e-06 
9136 3.994944700345966e-06 
9373 4.349718655919379e-06 
5076 7.3707788530804e-06 
7557 4.015171142757313e-06 
8704 4.40977168172625e-06 
8522 2.561124220788912e-06 
2766 4.404303347529697e-06 
7811 4.9804555427975636e-06 
2131 4.032710397690161e-06 
1312 4.363475740148206e-06 
7471 2.0540177664257234e-06 
2966 4.373195887798449e-06 
7573 4.369083429607248e-06 
8512 4.368166208686705e-06 
7983 4.42863525164208e-06 
4912 4.317232204052472e-06 
2228 4.369287570617804e-06 
4028 4.487279127856323e-06 
669 8.683971041822253e-09 
4710 4.361760518147468e-06 
6215 4.342881001945665e-06 
8012 4.2688728926121865e-06 
1543 4.322001756493211e-06 
2289 4.391917907051847e-06 
4332 4.217253117213047e-06 
7841 4.370865965689228e-06 
138 3.952431205285375e-06 
5737 4.353323765619316e-06 
5672 4.360729726223342e-06 
1859 2.9364483809387036e-06 
239 4.22024189411889e-06 
7211 4.375265559965393e-06 
3270 4.358878270091115e-06 
1703 4.348308698273208e-06 
625 4.391514890065294e-06 
4642 4.383251647895216e-06 
2129 4.388449655867098e-06 
495 4.314769463142333e-06 
454 4.411740381352266e-06 
7156 4.377447870651702e-06 
2174 3.899378546497958e-06 
4082 4.380735953728634e-06 
5500 4.3511244154571215e-06 
5622 4.383943652780083e-06 
1876 4.367180726485636e-06 
136 4.360985412297169e-06 
5864 4.354873423421001e-06 
5555 4.3669683694890105e-06 
5909 4.36473740170001e-06 
3257 4.46524028693398e-06 
4541 4.377122253406464e-06 
6529 4.379120295834893e-06 
4387 3.744211143185418e-06 
6023 4.28950611289667e-06 
4306 4.466331374881231e-06 
1981 4.0885785347468946e-06 
3940 4.439965911570567e-06 
4767 4.331777915414984e-06 
6340 3.873117525374343e-06 
5505 5.041921787276486e-06 
477 4.363375583456955e-06 
1968 8.685952212871916e-07 
4146 4.608404312970499e-06 
286 4.387198717196451e-06 
9244 4.3546427955445e-06 
3889 4.260884629669224e-06 
9768 4.362755266841105e-06 
9208 7.703779617062106e-06 
3009 7.4711134176216555e-06 
9461 4.4872803114127385e-06 
1554 4.313013178367986e-06 
7631 4.362253700305046e-06 
8090 4.364226252458449e-06 
6806 4.352274006711775e-06 
8200 4.205814250686512e-06 
8411 5.368076661317206e-06 
60 4.255277947819324e-06 
9040 4.366133108717871e-06 
9162 4.39478959635218e-06 
9856 2.158875876891054e-06 
4886 4.311356698075234e-06 
5374 4.462182303708994e-06 
1519 4.550701081208818e-06 
7682 1.1084063497304824e-06 
8616 4.451988268493145e-06 
4867 4.341139131075118e-06 
5662 5.4873691610334786e-06 
8055 4.385851635065163e-06 
4847 8.492960103945551e-06 
9316 4.302625149635691e-06 
3319 5.095073651836255e-06 
2002 4.553410921565606e-06 
1369 4.3507076925627256e-06 
169 4.4211176759019755e-06 
3558 9.403630331754655e-06 
5250 4.891240967520633e-06 
6073 3.2761630355942723e-06 
1385 1.7813082258875472e-06 
8899 4.410062066703141e-06 
40 4.36755962323068e-06 
1438 4.381371686439609e-06 
1617 3.8576590891985315e-06 
3196 4.741789472543446e-06 
7288 3.821178100621256e-06 
7558 4.2857270870505e-06 
7795 4.183956750783323e-06 
8885 4.386384243951871e-06 
7187 4.399365047590538e-06 
4255 4.373038946482714e-06 
7588 1.87442468916146e-06 
2517 4.196612378722532e-06 
8809 4.17703051669041e-06 
4880 4.1041849895303605e-06 
8511 4.288329457302261e-06 
281 4.012713347376953e-06 
7788 4.384030940706719e-06 
4105 4.3952444223682944e-06 
3978 1.0140038615311789e-06 
8858 4.3595340078447245e-06 
5130 4.32920710828836e-06 
5078 4.07504385901294e-06 
4282 4.359127024230974e-06 
2740 4.364862484646738e-06 
9981 4.355295359066776e-06 
2923 4.270688630808105e-06 
4648 4.376867780858295e-06 
2198 4.3604875838223525e-06 
7241 4.363098619355337e-06 
9516 4.334393456849072e-06 
1944 1.5329355892657045e-06 
7747 4.3552301849424635e-06 
3011 5.024979768813298e-06 
9143 4.84645311878503e-06 
5395 4.310505259805443e-06 
1919 4.355376157168045e-06 
8117 4.349492734963054e-06 
3500 4.332252759321641e-06 
7386 4.364654981533702e-06 
2828 5.62541052009838e-06 
7700 4.683867284026203e-06 
5789 3.6355205219782464e-06 
2199 4.684205472883703e-06 
8888 4.365573056041337e-06 
2744 5.191007770422693e-06 
9707 4.422935030547235e-06 
2092 4.384410665824544e-06 
1693 4.325745453935356e-06 
5559 4.914538641827434e-06 
1295 4.330113334580412e-06 
9766 4.364049225713564e-06 
7169 2.938600481449261e-06 
9997 4.251596376399766e-06 
1204 3.7556639421116247e-06 
7970 4.153921166588032e-06 
483 4.328843423754068e-06 
2258 4.482273774502823e-06 
7079 3.9998989746512696e-06 
1384 4.345387558599632e-06 
5114 4.3637494270374195e-06 
5978 5.364326548392904e-06 
2122 4.2418611814674475e-06 
3652 4.262734159552265e-06 
9881 4.3505542975362075e-06 
6156 4.287346951241089e-06 
5085 4.581445775322954e-06 
6281 4.249201684041856e-06 
2416 4.404539487371614e-06 
6906 4.473854779033003e-06 
3679 4.533432316865951e-06 
4526 4.349644128946318e-06 
8252 4.327332681089649e-06 
2949 4.3369565118849915e-06 
4307 4.2985386286875e-06 
7387 4.371546109962698e-06 
1666 4.315196101133621e-06 
8998 3.1903204949706182e-06 
4493 4.3764121359046174e-06 
4846 4.392673283755057e-06 
2628 4.375071572911023e-06 
6424 4.280064978254446e-06 
9414 4.384450101281918e-06 
2103 4.461447992763272e-06 
3185 4.187922165324818e-06 
8044 4.368887171658778e-06 
612 4.123701616537056e-06 
6902 4.3161752050137076e-06 
1140 4.0479161484056826e-06 
8637 4.365120945078121e-06 
616 4.7523289228091095e-06 
980 4.363788542662376e-06 
652 4.727836944197788e-06 
397 4.349662418176212e-06 
3470 4.166222098728058e-06 
4384 2.562181326565114e-06 
6501 4.1353860627033455e-06 
3789 4.307118759113276e-06 
6851 4.3695356512002616e-06 
4638 2.9057008202624582e-06 
1531 4.3785126127737274e-06 
9731 4.359192911019557e-06 
5430 4.359379897946721e-06 
2996 4.341838172837238e-06 
5526 4.362158945305787e-06 
6168 4.418348128423155e-06 
2530 4.363951562953004e-06 
7285 4.31289567966435e-06 
7951 4.750856824878021e-06 
4100 4.39478587191892e-06 
9464 4.094816333859991e-06 
257 4.373894191344039e-06 
1850 4.19699982685504e-06 
9221 4.3570073050652305e-06 
4771 8.943231617159492e-07 
6410 4.218631448885988e-06 
5462 4.6544895711840734e-06 
974 4.4537660720384834e-06 
901 4.335785298703106e-06 
3882 4.526069310252379e-06 
6527 4.159027786682948e-06 
1164 4.174002230545507e-06 
5090 4.418519647466744e-06 
8696 4.5321394772911635e-06 
5457 4.344064810227808e-06 
8964 4.609974539250894e-06 
7655 1.6229461229539916e-06 
9871 4.346128138795558e-06 
1849 4.2946050709955825e-06 
3380 4.378212259921904e-06 
9230 3.751014175975625e-06 
5356 4.871654252840964e-06 
5904 4.662675021035379e-06 
9099 4.562923487658426e-06 
2046 4.376590335238527e-06 
100 4.3658315380565145e-06 
5790 4.3700518091549425e-06 
2860 3.970861043461092e-06 
1964 5.215251517750609e-06 
182 4.3516209884293046e-06 
8501 4.389123629579987e-06 
5248 4.377774910187627e-06 
2357 4.641202761570444e-06 
9897 4.593880723524508e-06 
1391 4.529180011390739e-06 
4470 4.3993069318497504e-06 
3575 2.0624317092931815e-06 
2071 4.472642356648687e-06 
6824 3.03789750326424e-06 
1382 4.360626921732877e-06 
9689 4.390745298755338e-06 
3719 4.343034723513798e-06 
7846 4.394061689523933e-06 
2543 4.361210426521673e-06 
2333 5.248982317773633e-06 
275 3.2841143549421617e-06 
6205 4.394373333897842e-06 
5962 4.156232572286117e-06 
4992 4.777735911575961e-06 
1318 4.365736497282694e-06 
5507 4.36236595616775e-06 
7065 4.363023097640192e-06 
5758 4.338603435018721e-06 
9950 4.25295061286105e-06 
8318 4.3965183985729435e-06 
5086 4.191049693855699e-06 
3445 4.348145489121035e-06 
380 4.46907874599022e-06 
6039 4.155520304139278e-06 
5923 4.390305667219199e-06 
3725 4.366680382316416e-06 
3999 4.668150713794955e-06 
2267 4.372244394777501e-06 
9996 4.364569847307194e-06 
3169 4.8791570284650535e-06 
151 4.335106551955829e-06 
544 2.3139412399048093e-06 
8746 1.7556869430517035e-06 
1667 4.413810285978491e-06 
9348 4.362825189143677e-06 
9725 7.295376939883422e-06 
4743 4.340019951365401e-06 
1659 1.2122989455991116e-06 
7225 4.361473402557504e-06 
3290 4.2348640107635235e-06 
2231 2.229368559796948e-07 
8392 4.341096834526485e-06 
5312 4.824441971900972e-06 
6151 4.401646252879066e-06 
6128 5.675484237299986e-06 
1371 3.56242757032644e-06 
1241 4.718011823582809e-06 
1921 4.367515691593743e-06 
5306 4.3808513159177275e-06 
7816 4.838338715039872e-07 
5216 4.231305597932235e-06 
6185 4.36531917815243e-06 
9748 5.6340269978241395e-06 
9710 4.412772005068171e-06 
4406 4.3780655086890845e-06 
2523 4.09059758728737e-06 
8886 4.35986055409363e-06 
4352 4.435391771192812e-06 
8233 4.787510723698027e-06 
4900 4.3794965704967715e-06 
8669 4.194827483844397e-06 
2599 4.401509691288343e-06 
1402 4.22180075543671e-06 
8283 4.344463218948904e-06 
5829 4.362357060448056e-06 
3122 4.35197499114866e-06 
6115 4.370365100586846e-06 
7274 4.3791291502691695e-06 
6456 4.387209317157822e-06 
3298 4.390070683704849e-06 
6165 4.440610081930524e-06 
9457 4.378400567075513e-06 
1363 4.346345063287392e-06 
2553 5.153844192857588e-06 
9358 4.7394485252883635e-06 
2849 4.3632296728972655e-06 
7742 4.4156560718751124e-06 
4598 4.541516196242555e-06 
1551 4.62841987778425e-06 
5180 4.359214135117992e-06 
7482 4.419246016516171e-06 
6538 4.365008511533302e-06 
6663 4.386519453931561e-06 
801 4.366054108079974e-06 
967 4.253525875936008e-06 
3990 4.346222906825345e-06 
2068 4.350202087137401e-06 
595 4.357571517319184e-06 
9729 4.362088823837948e-06 
7799 4.246426609526042e-06 
4548 4.331191546587785e-06 
5388 4.373646629082794e-06 
8087 4.36811524573673e-06 
5618 4.353215323106995e-06 
786 4.363891072291533e-06 
7034 4.319906765679943e-06 
7831 4.372967974540883e-06 
8547 4.277134635147457e-06 
3872 4.317978548845228e-06 
3155 4.3748763102868325e-06 
6519 7.503182206386884e-06 
1355 3.4731204482042903e-06 
6683 4.4251478628442635e-06 
9114 4.363924397857342e-06 
6653 4.288636157296616e-06 
1091 4.330337457630839e-06 
8227 4.366858297526686e-06 
7694 4.3837425181508705e-06 
4284 4.2884591944162545e-06 
6937 4.4051234533289756e-06 
803 4.222342225961467e-06 
1440 4.3639081101098515e-06 
1315 4.435924405551486e-06 
7232 4.476877063216738e-06 
1433 5.0860334360949836e-06 
3986 4.3752227271348265e-06 
568 4.3180766137805705e-06 
5183 4.528975814166775e-06 
3592 4.3659768197192615e-06 
8880 2.069442243839585e-06 
4363 3.1306696050344786e-06 
17 3.7605106848432057e-06 
8850 4.3619094677457204e-06 
5808 3.3922262514429097e-06 
1009 4.403108635148388e-06 
8459 4.3665947178349806e-06 
9263 4.354891855815578e-06 
4469 4.354662947209648e-06 
4115 4.359256018711247e-06 
3683 4.36181125281198e-06 
8409 4.529088235546452e-06 
7047 4.334764521746933e-06 
5990 7.5821172338545105e-06 
7457 4.5742472669473465e-06 
9932 4.286995220004283e-06 
4873 4.360585698905542e-06 
5101 4.346037411819228e-06 
9857 4.425067407045658e-06 
4947 4.3715423856602015e-06 
7719 4.296613269086703e-06 
5895 4.197277880932529e-06 
8416 2.7266633777600995e-06 
784 4.404827260284434e-06 
1268 4.3727975182285434e-06 
8357 4.368052511464554e-06 
1760 4.245361165887694e-06 
3376 4.4797550316670485e-06 
9242 4.369937119600637e-06 
7560 4.341876877222521e-06 
8391 4.363749647595967e-06 
9721 4.3567146284516755e-06 
6512 4.366855857331518e-06 
1906 2.648165468243876e-07 
9207 4.070809074163943e-06 
6660 4.325430414588734e-06 
5369 4.409437589018822e-06 
2535 4.436717700368331e-06 
3457 4.359036089841982e-06 
8646 4.35686137696064e-06 
7315 4.301304886275917e-06 
5780 4.5675685772958135e-06 
4232 4.358883066170242e-06 
1034 4.340059127846419e-06 
3996 4.532604863929402e-06 
4709 4.796180325097009e-06 
3568 4.391259988174389e-06 
589 4.084747388197906e-06 
6994 4.364070459218923e-06 
1445 4.365592930847859e-06 
1892 7.150479714373799e-06 
492 4.39982622246334e-07 
6896 4.3527986152521446e-06 
2447 4.396198031323272e-06 
4689 3.2019659086048955e-06 
4130 4.358180720734094e-06 
473 4.367254531981953e-06 
2739 3.376876750459687e-06 
2700 4.01795340853012e-06 
8080 4.806355211800409e-06 
9485 4.547085677509958e-06 
7585 2.6686809849223088e-06 
8931 4.377490376834871e-06 
5420 4.331447329636834e-06 
1186 4.383159285212984e-06 
187 3.5180093895358103e-06 
6457 4.3995072001805474e-06 
4078 2.5387878970095602e-06 
3049 4.692217729492585e-06 
3311 4.36022775912383e-06 
2856 4.320955497446744e-06 
3680 4.96084223497937e-07 
6302 4.3618229458787315e-06 
5119 4.40300928054374e-06 
8989 4.3658873446020835e-06 
2646 4.3659709609991405e-06 
9843 4.3423632849811305e-06 
6922 4.418841655511579e-06 
6285 4.35630917737508e-06 
576 4.705780231036464e-06 
1596 4.298902914336215e-06 
1398 4.335813288064721e-06 
6337 4.353738222432586e-06 
3260 3.4600802962348583e-06 
4206 1.2663751438392671e-05 
629 4.376136601807325e-06 
4852 4.343511152093807e-06 
5423 2.9533051355463395e-06 
4085 4.3580158624470654e-06 
1467 4.375398818419412e-06 
4552 4.365863542037062e-06 
441 4.688564206812725e-06 
9117 4.3616899936168624e-06 
