1 2 5 4 164
1 47 10 7 302655
2 31 3 8 1060660
2 35 1 8 65136
2 406 7 2 20
3 4 10 5 4901
3 5 4 7 112645
3 26 10 5 3633
5 57 2 4 179
15 16 6 5 2824
15 36 2 6 5288
16 25 7 5 838
17 18 4 5 1189
17 36 4 4 145
18 33 3 1 5
19 20 2 7 15709
19 21 7 6 16346
20 142 7 6 5566
20 148 5 4 126
21 22 4 4 379
22 23 4 8 611069
23 24 9 3 140
24 25 2 3 12
24 28 1 3 12
26 27 1 3 14
27 29 6 2 17
27 30 10 3 63
28 29 10 6 34714
31 33 10 9 18688774
32 33 6 1 8
32 34 6 2 24
32 69 3 4 96
34 35 8 4 225
34 73 2 2 8
36 37 7 5 4058
36 75 9 3 103
37 52 10 1 9
37 43 6 4 212
46 47 6 4 671
47 448 4 7 56049
52 67 9 3 189
53 54 7 2 33
53 59 4 5 555
53 418 10 4 557
54 163 6 7 77464
55 56 3 2 10
55 59 6 3 68
56 57 2 2 8
56 66 5 6 18617
58 59 8 6 7089
58 60 4 3 71
58 199 1 8 60729
58 458 8 3 137
60 63 3 5 843
63 225 5 6 10468
64 65 1 4 85
64 66 5 3 97
65 67 3 5 621
69 70 1 6 745
70 71 2 4 200
71 101 2 2 4
72 73 2 4 146
72 101 3 1 5
73 76 5 4 333
73 77 7 4 232
96 97 6 6 13201
96 111 3 4 195
97 101 1 2 5
98 99 7 5 960
98 100 2 2 7
99 138 10 1 11
100 116 5 6 6600
105 106 8 2 20
105 111 4 5 1218
106 107 10 7 105089
107 108 2 4 113
111 114 4 3 32
113 114 6 4 248
113 116 9 5 1309
115 116 4 3 27
115 409 10 3 73
118 119 8 2 28
119 138 10 2 23
120 121 2 5 659
120 122 5 4 141
120 304 4 5 1956
121 296 3 2 6
122 123 4 7 24572
122 124 8 3 51
124 125 9 6 7627
134 135 3 4 130
134 332 10 4 302
135 136 10 3 107
135 137 3 3 65
137 139 7 5 1883
139 140 4 5 2221
139 141 4 5 624
139 399 3 7 19305
141 400 5 4 164
154 155 7 5 3150
154 156 2 7 27387
154 172 5 2 17
155 168 6 3 39
156 157 10 1 16
156 171 7 2 17
157 158 8 5 1351
158 159 3 5 1775
158 177 2 4 45
159 160 7 4 308
159 161 2 7 73653
159 196 9 3 125
161 162 7 2 26
161 197 3 3 22
163 164 1 4 44
164 165 5 5 1689
165 166 7 4 667
165 104 4 6 3654
166 167 7 3 113
167 168 2 5 931
169 170 4 3 39
169 171 6 6 5447
169 174 4 2 17
170 172 8 3 157
170 173 8 3 68
170 419 4 6 18156
171 178 1 5 256
173 174 5 5 715
174 179 9 1 8
175 176 8 3 57
176 214 4 2 19
177 178 4 4 275
177 191 7 2 35
178 421 1 4 95
179 192 10 1 10
180 181 2 4 154
180 208 9 1 6
181 192 3 2 13
182 183 5 3 35
182 184 4 4 185
184 185 1 4 62
184 208 1 9 3456026
185 186 4 4 266
185 207 4 4 112
186 187 1 6 849
186 230 1 6 743
187 188 2 6 4575
187 193 1 3 10
188 189 5 3 85
188 191 2 6 3848
189 190 6 10 113740880
189 191 2 8 559921
193 194 3 4 336
193 217 1 3 12
194 195 9 4 840
194 217 7 2 17
195 196 10 6 36271
195 216 10 2 36
196 197 4 5 2031
196 476 8 4 260
197 216 3 5 1038
198 199 3 7 20712
198 221 6 3 73
199 200 7 3 44
200 10 8 4 238
201 202 2 5 942
201 203 8 7 61880
201 351 2 3 30
202 213 5 5 906
203 204 2 10 10981979
203 205 2 5 1183
205 206 9 2 26
205 231 5 2 19
205 360 2 4 115
206 207 10 2 53
206 232 6 3 72
207 233 10 3 174
208 209 1 4 28
210 211 7 3 54
210 212 2 5 1387
211 215 4 4 165
212 213 1 5 167
212 342 3 6 11403
213 340 6 5 1285
214 215 1 3 20
216 219 9 3 134
217 218 3 6 9845
218 222 2 3 38
219 220 7 5 2689
220 221 8 8 778550
220 222 3 3 29
222 226 4 6 6226
223 224 3 6 3739
223 225 10 3 94
223 7 9 6 9110
224 229 9 3 103
227 228 8 1 10
227 229 4 4 424
227 272 9 8 384341
228 230 2 6 6584
229 401 1 6 695
231 281 4 2 16
232 265 5 9 3350989
233 264 9 3 176
233 150 2 5 312
234 235 4 4 151
234 278 2 2 7
236 237 3 5 1587
236 280 5 5 1389
237 238 8 4 536
237 239 2 2 4
239 240 8 4 331
240 241 9 2 20
241 243 5 7 30030
241 442 7 4 433
242 243 4 4 101
242 244 4 7 26963
242 314 6 7 81462
242 80 5 2 26
243 293 6 4 259
244 247 3 3 24
245 246 7 6 7171
245 247 3 4 240
247 248 3 4 191
248 249 9 4 229
249 250 4 3 29
249 312 10 5 3565
250 251 1 6 1390
250 321 3 3 20
251 252 5 3 27
252 253 2 8 85985
252 327 5 7 92246
252 301 1 8 71957
253 254 10 1 11
253 277 5 6 7051
253 266 3 4 252
254 255 9 3 191
254 256 7 2 35
256 257 3 4 93
257 258 6 3 72
257 259 4 1 6
260 261 6 2 12
260 262 5 4 114
260 263 2 4 145
263 264 4 1 7
263 479 6 6 6047
266 267 3 3 17
267 268 1 6 731
267 299 4 3 27
268 269 9 3 77
269 270 8 6 9016
269 294 4 4 105
270 271 4 4 339
271 295 9 4 207
271 133 7 5 838
272 273 7 1 4
272 274 1 6 4555
274 275 3 7 66246
275 276 8 3 73
275 277 8 1 11
275 291 7 4 451
278 279 5 5 711
278 282 9 4 246
279 280 2 5 373
280 287 2 5 293
281 289 1 6 1391
282 288 6 4 445
283 284 9 8 977004
283 285 3 3 27
283 305 1 5 368
284 290 1 4 63
284 365 9 4 860
285 286 1 8 41153
285 306 9 3 143
286 287 7 8 640406
286 306 5 3 77
286 452 5 4 178
287 293 5 5 1066
288 289 2 6 4503
289 290 8 2 18
291 292 2 6 1430
297 298 8 4 496
297 454 2 5 706
298 299 8 4 234
300 301 8 5 5528
300 302 9 3 82
302 303 5 5 1919
302 304 7 2 30
302 330 4 4 436
305 306 7 3 47
305 308 5 3 29
306 308 10 3 113
307 308 5 4 538
307 309 6 3 35
309 310 9 5 2986
309 338 8 3 143
309 379 3 5 624
310 311 9 4 654
310 85 7 8 311334
311 312 10 1 11
313 314 2 4 110
315 316 4 3 57
315 317 10 1 7
315 499 10 2 52
316 334 9 2 16
316 398 1 6 2755
317 318 2 8 222614
317 503 2 4 157
318 319 1 3 19
318 502 6 6 5635
318 510 9 3 120
319 320 1 4 26
320 333 3 3 16
321 322 10 2 36
322 323 5 4 554
322 325 10 3 195
322 333 8 2 27
323 324 8 2 18
325 326 3 4 219
326 328 4 3 46
327 328 10 2 19
328 329 4 1 7
328 495 5 3 110
329 330 1 8 74536
329 331 6 7 36391
331 332 6 5 1959
331 489 2 6 4638
332 481 10 2 24
333 493 5 3 64
334 335 4 5 1195
336 337 5 4 211
336 500 8 5 1285
337 338 4 2 18
337 382 10 2 30
338 339 4 2 9
338 377 8 1 14
340 341 9 5 1194
340 349 7 7 84802
340 354 9 2 33
341 343 7 4 286
342 343 4 2 12
344 345 9 6 15751
344 346 10 6 7091
344 385 2 4 65
346 347 1 3 10
347 348 1 5 616
347 387 2 4 74
348 349 4 5 1348
348 386 3 4 89
350 351 2 4 53
350 359 3 6 2844
350 13 2 4 99
351 352 3 7 88342
352 353 2 4 128
352 356 4 3 67
353 354 4 4 378
354 355 7 1 12
355 356 2 8 170154
356 357 1 7 19355
358 359 2 5 1381
358 361 8 4 558
358 362 7 1 7
358 360 4 7 114864
358 92 6 3 123
360 413 5 6 4699
361 388 10 1 13
362 367 8 4 198
363 364 1 5 134
363 365 1 5 147
363 370 6 5 3714
364 395 9 6 10101
365 366 5 4 326
365 371 4 7 24156
366 144 2 2 5
367 368 10 4 362
367 369 3 4 130
370 380 5 2 15
371 372 2 4 189
371 373 5 3 66
371 374 7 5 1231
375 376 9 7 93661
375 383 5 1 5
376 384 3 5 401
377 378 4 4 107
377 381 2 7 24186
378 384 9 1 7
381 383 7 5 1225
382 496 1 6 1342
383 384 7 3 42
388 389 9 3 127
388 392 1 5 183
389 390 1 7 38536
390 391 10 3 60
392 393 4 4 138
392 394 1 6 1083
395 396 6 5 1022
399 411 3 3 25
400 405 8 1 6
404 405 2 5 280
404 412 6 7 216590
405 89 5 6 13512
408 409 2 4 172
411 412 10 1 9
411 415 2 5 853
411 482 8 7 50665
412 415 2 3 23
415 427 1 8 51961
415 487 4 4 230
427 428 2 3 29
427 431 2 5 629
427 487 9 1 15
427 424 5 5 2422
428 429 8 4 224
428 432 1 5 443
481 482 4 5 1569
482 488 6 6 19765
483 484 1 5 243
483 485 4 3 26
484 492 9 2 38
485 486 7 6 10766
486 487 8 3 100
489 490 7 7 40033
490 491 2 3 13
490 492 7 3 151
493 508 5 7 40355
494 495 1 2 5
494 507 7 4 456
496 497 2 7 21257
496 62 3 2 9
497 498 9 3 175
497 499 7 6 23230
499 501 2 5 782
501 447 7 5 3287
502 511 7 3 104
503 450 3 6 3095
504 505 6 5 1341
504 506 3 5 438
505 508 3 4 179
505 509 3 5 994
506 507 3 2 8
509 510 8 4 414
509 511 7 7 68399
7 8 4 9 8102188
7 6 8 2 29
10 9 8 3 44
10 11 5 3 43
13 12 2 5 434
12 14 6 5 1397
144 38 10 2 27
144 145 9 3 77
38 39 3 5 1254
89 68 9 7 155987
89 88 8 3 129
68 40 7 2 16
68 102 10 2 34
40 41 8 4 252
40 81 2 4 76
102 50 10 7 59878
50 51 4 5 519
41 95 5 4 329
81 146 6 5 3634
95 456 6 4 267
95 143 1 5 227
95 146 5 4 456
146 410 7 4 365
43 42 10 6 38338
133 130 9 4 774
128 117 10 6 20251
128 132 7 3 83
117 129 2 4 47
117 110 8 6 7677
132 130 9 3 134
129 127 2 7 13402
127 44 2 3 42
130 131 8 4 558
44 45 9 6 7437
110 109 10 6 43843
110 126 9 4 633
109 112 6 2 27
62 49 3 8 155267
62 61 1 5 392
48 49 9 1 13
75 74 6 2 30
77 78 6 3 34
80 79 5 4 123
92 90 5 2 19
82 83 6 6 5685
83 91 4 2 14
91 90 4 7 35337
90 93 1 4 70
93 94 3 5 563
85 84 7 1 4
84 86 3 3 48
84 87 1 5 170
86 87 9 1 4
104 103 1 8 40187
148 147 3 5 472
147 149 9 3 52
150 153 3 4 78
150 151 6 3 63
152 153 1 3 10
398 397 7 3 42
401 402 2 6 1480
401 403 6 5 875
406 407 1 6 1580
416 407 3 2 14
413 434 1 7 5878
413 414 2 3 16
433 434 1 6 4736
418 417 7 2 16
419 420 4 2 21
419 430 5 6 15725
421 422 9 3 55
421 423 9 5 2909
424 425 8 7 93894
424 426 8 4 503
424 438 9 6 17984
438 437 7 4 375
437 439 10 5 2038
454 453 9 7 93255
454 435 8 6 16465
453 455 4 1 7
455 460 10 6 22887
435 436 8 3 147
460 463 1 3 18
463 462 4 5 463
461 462 1 5 451
461 464 10 4 651
464 466 7 8 1997370
466 467 4 4 119
452 451 2 3 20
452 440 6 4 154
451 459 2 6 5668
459 473 2 7 19761
440 441 8 2 15
473 472 2 8 371385
442 443 4 2 11
448 444 6 6 4665
444 445 4 4 366
465 445 5 2 22
465 468 7 2 24
468 469 4 5 727
469 470 2 6 1406
470 471 9 6 15011
447 446 2 6 2138
450 449 8 7 180573
458 457 10 6 8576
476 474 6 2 29
476 477 9 1 6
474 475 1 6 4350
477 478 7 4 185
479 480 5 2 14
284 177 10 2 34
391 291 8 3 149
397 161 8 3 90
376 187 4 3 50
322 42 5 4 497
399 318 4 3 45
463 89 7 2 19
343 194 5 1 5
437 265 5 4 331
239 53 1 5 192
411 475 4 3 37
21 372 6 7 36315
508 449 4 4 369
24 51 2 5 1027
54 280 3 6 2995
261 73 3 3 61
2 307 6 1 4
476 36 3 5 401
374 231 6 5 836
483 72 8 2 35
188 248 2 4 221
326 346 5 1 8
458 449 7 2 13
435 58 4 2 16
225 130 1 7 9505
484 174 10 2 45
322 33 3 5 360
369 191 1 5 150
330 20 8 2 40
324 21 5 4 223
18 385 4 5 2309
252 297 2 3 36
7 178 1 6 2113
30 43 7 4 182
397 191 10 4 476
450 80 8 5 1129
458 335 4 4 205
171 48 7 3 115
485 267 8 6 6505
104 136 7 2 17
47 507 7 4 754
302 429 5 5 1268
424 132 10 5 1482
55 69 5 3 62
81 28 3 2 12
346 114 1 4 64
84 284 5 6 16293
57 44 8 5 4228
112 358 5 5 789
103 252 1 3 19
202 401 10 3 90
106 343 1 5 235
297 285 8 4 179
47 27 1 5 192
391 38 6 5 981
292 297 3 3 25
292 334 4 5 1628
149 56 9 4 350
56 464 6 3 104
252 487 3 4 173
491 427 2 6 2629
112 439 7 3 64
62 365 4 2 11
315 75 9 5 2429
445 373 1 7 15342
373 228 3 5 629
459 103 3 7 29214
5 34 7 6 14535
357 412 10 1 5
195 208 6 5 2393
362 282 8 5 2862
282 132 9 5 1913
292 358 7 3 77
130 16 7 5 2801
354 48 6 4 173
329 398 6 3 43
107 143 10 6 23594
302 8 7 4 642
437 468 2 3 17
391 24 5 7 49882
70 453 7 4 185
428 250 9 7 61408
427 93 7 1 11
235 500 3 2 10
476 259 6 3 82
140 144 5 3 85
373 167 8 1 8
413 463 3 5 856
100 419 7 3 40
67 49 8 6 37562
148 127 3 4 102
227 117 9 6 7184
147 283 5 3 44
464 193 4 3 27
281 305 10 9 10662268
168 300 6 7 124292
456 265 10 5 2553
74 34 9 3 139
228 497 1 6 1911
84 178 5 3 65
47 339 4 6 4394
137 364 7 5 1258
419 487 3 8 205228
497 260 8 6 9120
432 171 7 4 707
104 329 8 5 1234
16 90 10 7 264608
14 244 7 1 9
56 483 5 2 15
175 2 8 3 65
151 442 2 3 21
372 443 1 4 35
460 285 1 3 13
372 171 9 2 21
267 357 2 6 2635
336 274 3 5 466
235 63 8 3 53
279 71 3 7 48412
251 475 2 6 2171
440 88 9 1 8
169 453 10 6 9335
172 264 10 4 304
51 471 5 4 208
503 172 2 6 9078
175 199 3 8 157726
230 291 4 5 502
16 205 6 6 12729
339 82 9 1 6
449 137 2 4 92
119 372 9 2 26
499 126 6 6 15232
485 290 2 5 237
181 127 6 3 41
505 298 3 7 26484
290 489 1 8 345965
34 249 8 3 50
179 277 8 6 38517
440 73 6 1 7
343 395 10 2 48
87 478 9 2 17
316 6 7 1 6
307 144 6 4 431
308 435 2 6 5920
233 510 4 5 455
126 354 7 5 2462
272 162 6 1 4
135 122 4 4 108
365 389 7 5 3277
235 479 7 5 972
125 110 5 7 185657
289 302 1 6 1025
13 387 4 6 8244
345 228 3 6 7122
10 105 6 5 1170
311 286 2 2 5
126 229 9 2 24
286 221 8 6 9336
171 11 1 3 6
172 342 10 2 32
245 407 8 1 6
63 188 1 5 155
253 232 8 7 139685
435 104 1 4 51
87 138 5 5 2639
30 432 5 6 15906
476 53 3 7 25477
107 103 4 6 4948
409 12 2 2 4
344 183 1 6 1110
440 85 9 3 175
210 133 4 2 13
45 192 6 3 33
352 234 7 3 108
354 440 5 4 470
28 170 2 6 2183
281 2 3 4 305
361 251 3 4 69
35 364 5 5 3196
433 81 2 6 6371
281 159 1 8 161436
495 148 5 3 66
316 239 4 4 113
143 130 9 3 73
26 136 4 1 5
424 419 5 6 3584
395 202 7 5 905
136 352 5 6 20956
380 360 3 4 241
146 72 6 3 35
424 450 5 2 11
147 425 4 6 7864
451 285 8 5 1157
195 101 10 2 23
457 177 10 1 12
81 208 8 7 132041
182 200 4 6 4336
436 509 8 4 516
29 18 2 6 4938
149 453 5 2 20
330 473 5 4 272
73 53 10 3 80
340 196 8 5 1474
256 444 5 2 10
270 428 7 1 8
407 87 3 4 305
346 295 5 5 1770
78 410 5 5 2114
87 205 1 3 17
331 59 3 6 2421
45 83 9 3 135
411 217 1 4 69
262 497 7 7 238415
267 226 5 6 4107
456 426 7 1 8
321 505 6 2 28
479 424 6 5 786
488 420 4 4 392
236 272 7 3 146
507 217 2 6 7589
366 165 1 6 1568
227 338 5 3 56
228 346 10 3 67
488 324 9 8 660474
116 214 7 3 93
499 343 6 4 170
155 118 6 2 14
480 256 9 4 330
176 478 9 4 715
375 389 2 5 1114
139 438 10 4 768
366 395 7 3 130
42 36 2 3 24
470 372 4 3 73
127 490 5 6 14284
407 209 4 8 885114
455 68 1 7 13083
222 99 6 5 782
351 55 7 1 9
418 87 1 6 2738
254 89 5 4 234
256 83 9 1 5
225 147 2 8 158150
73 89 6 3 79
376 270 3 4 76
415 507 1 5 312
414 382 2 4 65
319 321 8 6 19977
257 29 7 5 2564
312 374 4 4 133
43 150 5 8 449273
82 423 9 3 83
226 280 7 1 8
125 299 8 6 21059
202 220 2 4 58
290 116 6 7 31466
130 118 7 2 16
358 76 7 1 8
243 500 3 3 20
163 155 8 3 77
445 227 8 6 14300
240 177 3 6 5308
299 246 2 5 251
347 136 4 5 694
211 323 10 5 4568
318 227 2 2 5
174 222 6 3 36
35 492 8 4 189
441 58 6 5 3886
196 346 5 5 1903
511 236 3 4 155
485 390 5 3 106
104 59 7 7 213916
479 450 7 3 135
138 5 3 3 45
37 172 9 4 859
138 363 9 3 111
242 4 10 6 10523
482 154 4 6 5414
149 188 7 7 40479
99 460 9 6 44050
425 450 10 6 24076
357 26 2 5 1166
161 115 3 5 596
381 37 1 6 1587
132 19 3 5 639
187 142 5 6 11846
491 238 8 6 10484
159 315 3 5 563
210 320 10 4 1000
412 304 7 3 152
455 221 9 2 21
206 67 4 5 1111
49 231 6 2 16
148 56 7 1 9
418 274 5 7 96004
101 374 2 3 24
262 368 10 3 106
508 424 4 2 13
337 46 1 10 19615698
509 305 5 6 10555
204 60 9 2 46
96 195 6 4 224
339 139 2 6 5432
437 348 2 7 26298
121 269 4 4 393
246 328 6 4 152
484 17 6 6 5310
69 250 10 3 92
402 7 4 5 700
129 389 1 6 2219
119 123 7 3 118
197 210 7 5 2564
363 165 9 1 5
87 5 8 5 4434
221 486 2 8 203893
247 221 8 5 1030
413 265 3 5 388
111 499 10 3 192
448 258 9 3 118
49 166 9 3 68
110 115 4 1 7
26 425 9 4 575
72 204 2 6 4155
315 355 7 4 633
189 99 6 7 52257
509 155 2 4 174
483 167 8 3 51
82 471 9 2 17
145 45 1 5 467
297 442 4 6 6245
55 250 5 4 519
288 110 10 7 65549
445 503 1 5 520
503 235 10 1 4
332 103 3 4 135
489 487 10 5 4482
127 123 6 5 3669
358 357 8 1 6
330 332 10 2 45
501 372 2 5 839
253 133 1 3 22
78 174 10 5 1654
337 445 3 4 189
85 334 9 7 225938
498 277 10 5 5684
210 80 4 6 3223
42 223 8 1 13
168 27 5 5 1066
160 87 8 9 3360848
55 270 10 3 56
36 223 8 6 12429
314 10 5 4 337
410 213 7 1 4
484 485 5 5 1291
309 28 8 2 34
10 219 2 2 8
69 297 1 6 1241
18 402 7 1 6
457 206 6 4 389
319 504 8 6 7695
401 246 4 4 197
422 501 3 2 8
26 11 3 6 11791
245 501 1 4 72
211 451 6 6 23402
7 275 4 3 35
293 502 3 3 17
340 55 4 5 1272
385 449 2 3 20
474 142 1 5 390
186 407 4 1 5
116 149 8 4 293
83 372 7 4 495
228 281 4 5 585
265 65 5 3 40
230 241 4 2 9
435 123 3 10 99414801
288 386 7 4 175
497 427 2 3 28
452 23 3 3 56
256 360 10 7 254035
227 132 5 1 5
352 378 5 4 532
294 84 8 4 879
434 225 2 4 141
26 289 2 4 101
415 461 5 4 321
231 103 10 7 154290
58 371 2 6 7174
109 176 1 3 9
445 329 6 4 133
255 165 4 3 24
219 451 1 4 73
162 205 9 7 57949
491 62 10 5 2101
7 308 1 3 9
18 332 7 1 12
76 390 3 5 833
197 166 8 4 585
235 507 5 4 155
116 328 6 2 20
197 207 2 5 1289
109 115 3 3 59
412 293 7 5 1455
350 270 10 2 20
112 330 8 1 5
94 410 9 2 46
244 108 6 6 13355
430 322 7 3 38
38 287 1 3 7
413 145 2 4 78
132 195 3 5 781
366 374 6 7 91210
276 123 1 5 292
72 257 3 2 14
83 370 9 3 67
94 1 1 4 70
125 184 2 10 156999298
322 156 1 6 1383
427 192 1 4 56
107 214 8 3 79
399 122 1 4 31
121 386 4 3 62
219 414 9 5 2053
430 401 8 6 19395
363 468 10 3 77
209 498 9 5 4123
481 116 2 4 58
123 216 4 1 5
377 330 8 4 855
450 12 3 7 41007
432 20 9 3 71
470 270 2 2 6
337 139 10 3 129
301 389 7 1 11
135 200 3 4 129
159 50 5 9 2809914
359 397 9 2 29
33 149 9 2 17
136 288 1 4 56
413 16 9 2 45
463 182 5 4 245
198 105 10 6 11443
49 140 6 4 203
33 261 4 3 37
305 456 3 3 60
349 1 6 5 1570
504 327 10 3 64
286 335 7 3 110
283 48 4 5 832
60 394 1 7 23999
227 316 1 3 6
436 460 7 4 397
88 61 7 4 251
100 508 2 4 201
477 260 9 4 909
153 235 6 3 60
315 224 8 6 11200
418 362 4 2 15
349 509 3 4 201
35 59 4 6 18322
77 252 4 2 19
461 97 5 9 3212856
411 182 8 2 33
509 70 9 4 919
184 381 7 2 24
316 475 1 10 6469701
199 51 8 4 187
239 85 8 6 7356
495 137 3 3 66
178 75 7 6 10228
49 269 4 3 22
473 106 3 7 19343
276 111 10 3 57
441 332 3 6 3493
205 450 6 2 18
65 173 4 4 360
154 383 5 3 54
63 404 4 6 7546
171 161 6 3 33
118 224 10 3 210
435 190 9 3 48
108 470 4 4 308
463 209 4 3 52
147 93 9 1 5
120 408 10 5 1772
370 455 4 5 592
238 401 3 5 552
376 455 9 5 5450
468 266 2 4 70
282 469 1 3 10
200 118 6 5 901
239 435 8 3 68
29 477 3 9 2336473
183 3 7 4 194
232 241 9 5 1400
160 491 2 7 17281
384 176 5 3 44
303 407 5 6 14218
244 2 4 7 31224
90 477 7 7 38985
269 160 1 3 7
9 255 9 5 5944
500 323 2 8 204469
226 17 1 4 37
162 100 6 6 25324
442 354 7 8 354853
254 56 1 5 450
177 70 1 6 782
283 413 5 7 38644
467 303 4 5 2376
506 52 3 1 5
402 315 3 7 26481
44 66 7 2 28
205 376 3 3 30
78 375 5 4 468
45 468 8 2 20
300 11 4 5 586
288 143 5 4 209
238 91 10 5 4097
423 101 5 9 9568795
159 455 8 1 6
46 77 1 9 1674774
438 456 4 4 192
168 438 1 4 83
228 205 4 4 302
60 109 8 6 35169
97 31 2 4 46
56 135 9 4 392
215 138 7 5 1867
305 446 3 5 761
195 390 5 7 36599
181 508 4 6 4792
511 454 1 3 18
388 279 8 2 18
13 343 9 3 66
132 121 1 6 1010
420 165 4 4 230
279 398 1 6 1283
334 466 7 3 94
76 96 4 6 8243
397 429 5 8 1372497
271 172 8 7 73629
297 357 3 4 77
398 305 5 4 375
266 449 7 1 5
380 322 4 5 582
511 252 1 3 9
412 136 1 5 180
273 453 6 4 455
440 111 1 6 3240
88 261 1 4 43
40 321 7 4 203
221 370 10 4 707
200 348 8 5 2319
141 425 5 3 107
461 442 10 7 91633
496 325 1 6 721
504 467 5 5 607
148 320 2 4 154
274 53 4 2 20
133 312 4 4 222
166 318 1 3 12
326 491 9 3 77
131 60 1 7 6409
336 448 10 2 31
392 136 4 5 1836
64 75 10 4 414
211 433 4 7 45327
405 393 8 4 182
415 14 2 6 1848
475 69 6 4 303
125 335 7 6 5018
481 214 6 3 90
125 1 1 4 26
345 352 9 6 37116
511 191 7 5 3476
398 405 8 8 1044992
204 231 10 5 2305
61 220 4 2 15
359 498 8 4 607
413 159 10 2 29
4 62 1 6 2330
458 351 6 6 8218
218 325 3 3 56
184 488 8 1 6
131 327 8 1 12
29 210 4 4 113
74 138 7 3 112
48 333 8 3 120
110 339 3 3 51
408 186 3 3 36
340 441 6 4 663
251 446 4 4 145
31 254 2 2 5
336 79 7 7 65167
111 375 6 3 66
199 351 7 5 4847
258 429 10 5 2977
503 484 4 5 631
152 452 8 7 40592
247 166 7 7 52941
460 442 10 2 53
81 489 10 3 98
91 476 8 4 239
202 449 8 3 139
137 230 5 5 1906
147 127 1 3 15
229 424 5 2 20
462 27 2 8 81846
387 140 6 6 25622
322 160 3 4 101
177 218 4 2 8
53 275 7 2 24
268 37 6 3 75
330 88 5 4 354
107 462 5 2 15
508 252 3 4 91
343 78 9 2 32
385 88 10 3 141
403 66 3 5 2029
424 490 6 7 88278
266 293 3 3 19
177 182 3 6 3550
149 4 7 7 79039
423 324 4 3 75
504 180 7 2 19
457 115 5 5 886
493 85 5 1 5
257 240 2 3 22
470 36 9 4 761
179 507 8 1 10
473 504 10 8 3181037
125 304 3 6 3396
363 434 6 8 276704
175 87 7 5 4542
183 464 6 4 397
186 482 9 6 12480
146 458 7 4 312
51 209 3 8 405587
413 464 3 10 34106402
331 130 5 3 32
194 161 4 2 15
345 204 3 6 3649
342 194 2 5 1152
10 115 5 5 1785
160 432 3 4 224
215 229 8 2 33
484 191 7 7 40922
41 250 7 6 22943
339 86 4 3 60
244 91 3 6 2228
61 236 8 5 941
190 394 5 7 31193
125 6 7 5 2479
508 205 5 4 120
248 408 3 2 12
411 280 6 4 268
262 392 9 3 92
400 392 7 2 18
386 265 6 6 6922
174 34 4 5 729
96 121 7 2 35
263 96 6 3 39
410 447 7 1 9
306 460 8 8 373253
191 279 10 3 148
35 83 6 4 576
192 242 9 5 1559
369 247 2 3 33
350 153 1 6 4389
479 274 10 1 4
26 418 8 2 23
301 269 7 2 21
390 181 4 5 996
316 65 8 1 6
85 146 8 3 75
356 361 3 4 183
241 163 2 3 31
284 239 7 5 1412
364 384 5 4 136
70 284 2 3 29
248 479 7 6 11079
483 142 2 5 265
38 189 2 3 36
407 298 9 1 12
285 240 6 7 37775
22 131 5 4 364
427 98 2 5 300
293 274 7 5 1406
119 489 4 2 10
332 489 10 4 326
283 245 9 4 624
358 491 7 2 13
283 272 4 2 18
162 72 10 4 271
207 259 8 2 31
246 89 1 6 1921
359 59 7 5 1903
71 492 2 5 1051
39 234 4 6 3139
297 212 3 7 43194
256 326 6 4 227
400 423 4 2 10
418 165 10 4 534
461 334 8 5 1146
451 500 9 2 39
63 480 1 4 50
276 339 6 6 5621
141 172 9 5 4752
299 64 5 5 617
93 402 5 5 1639
90 165 2 2 5
433 169 3 3 59
445 468 7 3 153
367 36 1 6 2102
375 508 9 5 2710
225 288 4 5 740
82 296 1 7 6041
156 481 8 4 877
366 8 8 3 129
100 420 8 3 44
264 109 6 2 15
92 14 1 6 1516
134 35 2 5 309
414 441 3 3 39
187 57 2 6 4124
42 133 4 2 18
473 266 2 2 5
458 119 6 1 8
192 360 6 5 773
94 81 6 3 59
216 13 9 3 48
76 173 9 3 72
120 454 3 5 540
343 60 1 5 243
192 460 6 6 18293
184 465 9 2 36
69 61 10 6 7419
487 247 3 7 56654
266 308 9 3 66
423 257 5 6 8234
421 192 9 5 1194
143 98 8 1 4
89 380 4 9 13077091
228 398 3 6 2981
312 208 4 3 41
51 506 2 5 272
373 53 2 6 7383
494 121 10 3 154
329 228 6 5 2473
86 229 7 2 14
476 119 3 2 10
76 148 6 3 36
58 21 5 1 4
443 33 9 4 437
233 353 7 5 1736
141 25 3 8 408402
195 58 2 4 52
287 178 6 6 21420
181 421 5 1 5
419 33 1 6 1114
386 116 8 4 698
163 39 5 5 1247
185 33 4 4 325
185 471 10 1 17
186 5 3 4 125
452 308 4 6 7554
382 35 1 4 109
172 211 8 2 15
260 59 5 4 194
333 111 3 4 284
57 59 6 4 179
202 115 10 4 771
141 195 10 3 82
510 426 1 6 4858
444 365 4 2 12
39 406 4 6 2973
115 421 8 2 16
317 45 3 6 2398
161 54 2 3 43
459 283 6 2 15
299 249 4 1 7
3 507 1 5 172
229 428 1 4 99
29 73 2 4 61
330 30 5 1 5
398 118 3 3 38
223 402 6 4 149
158 29 5 2 14
235 346 5 4 170
361 212 9 2 25
112 326 10 4 419
345 235 10 4 410
358 223 6 1 5
86 283 4 6 4807
467 161 8 4 290
473 223 4 3 80
29 209 7 2 36
376 243 7 5 1842
72 50 4 4 116
349 439 8 4 386
308 170 10 3 92
140 271 6 1 6
279 3 4 9 1676505
207 34 3 1 4
32 332 4 9 1608982
149 170 8 2 21
183 54 8 2 38
325 171 1 10 8053218
91 163 3 5 367
40 473 1 4 25
363 384 6 2 28
268 451 8 4 695
399 15 7 4 349
356 368 7 5 3429
486 70 1 6 2611
105 340 7 4 192
435 24 3 2 7
508 242 2 8 574709
417 254 1 6 1987
386 441 4 6 7024
89 423 3 2 11
390 24 3 5 671
504 122 1 2 4
186 208 3 7 26999
70 485 1 3 9
165 337 4 6 18359
18 30 2 4 196
169 36 4 2 9
212 392 6 7 58587
248 453 6 7 53886
169 310 2 6 5884
495 378 9 9 26823045
241 469 3 6 2882
179 231 2 5 1275
119 322 2 6 2853
411 311 5 4 288
227 258 4 4 156
160 45 4 4 190
463 202 9 3 82
208 153 3 6 2307
140 420 9 3 79
198 185 2 5 1056
154 510 10 3 87
314 121 1 3 10
251 401 3 3 63
100 409 8 2 28
112 412 3 10 32095858774
28 505 3 3 16
296 137 6 7 31273
495 323 10 1 7
43 180 5 7 31246
159 171 10 1 10
109 281 1 4 27
232 145 8 3 47
381 27 2 6 6122
140 401 5 4 254
103 320 7 3 151
86 459 7 5 970
489 382 8 3 104
185 52 4 3 76
127 172 7 4 666
456 357 7 4 633
355 326 10 4 1130
9 219 3 2 11
160 508 10 2 18
303 177 4 4 97
463 456 6 5 2062
163 224 6 5 2078
233 28 1 5 170
142 354 4 2 20
269 336 4 2 20
258 44 5 2 9
341 396 1 5 186
436 81 1 5 651
232 130 3 5 1150
60 340 6 5 747
145 318 5 1 5
487 498 8 2 30
165 470 4 4 258
123 193 6 3 98
128 495 3 4 225
465 349 9 5 3116
146 365 10 5 2741
425 335 3 5 582
425 197 4 1 6
9 241 2 7 76499
128 424 7 2 14
140 125 3 4 122
143 503 1 6 1413
109 200 2 4 56
100 10 2 5 1210
358 496 6 4 244
42 454 6 4 422
463 107 8 4 563
239 177 1 6 4294
511 267 10 4 449
498 163 9 4 257
281 392 1 7 12094
436 508 9 3 194
270 121 9 2 44
289 495 7 5 885
327 260 3 3 61
288 510 5 2 15
13 86 6 4 362
484 104 4 2 12
76 320 7 4 437
34 270 9 6 12511
417 262 2 2 9
339 117 9 6 38030
310 380 8 5 2000
112 259 10 3 131
26 406 6 1 10
255 223 9 6 9143
45 291 4 5 1380
225 344 3 4 260
440 106 4 5 1818
143 484 5 5 1110
354 419 4 5 779
419 206 8 5 3063
119 339 9 3 164
226 436 5 5 719
439 497 5 3 31
194 26 10 3 85
100 262 9 4 240
77 56 2 3 11
391 338 5 5 2609
197 35 4 5 517
505 417 10 4 229
508 260 6 5 1520
134 480 8 3 63
209 492 9 4 252
463 286 3 2 14
121 55 4 6 16568
94 58 4 5 505
174 474 2 4 208
131 54 10 4 863
164 145 6 2 21
288 487 8 4 248
310 363 5 6 6603
79 402 7 4 261
178 332 2 5 916
3 218 9 6 19340
70 382 4 4 307
331 321 7 3 132
357 509 1 5 129
187 274 9 4 831
179 105 2 8 673382
292 415 7 5 1820
153 385 8 3 61
98 383 2 4 87
250 191 6 1 7
80 417 2 4 63
165 178 2 5 365
296 247 7 1 10
66 366 6 3 44
185 205 9 5 4747
39 301 1 3 14
495 509 3 6 4103
324 396 8 4 335
484 215 4 6 5636
461 40 6 4 393
468 365 1 3 8
421 91 10 3 73
478 225 6 5 1905
259 305 1 6 4210
64 82 9 2 45
357 475 1 3 18
89 270 2 4 55
296 90 5 3 60
428 311 10 2 26
473 126 1 6 1043
348 165 6 4 300
245 192 9 5 1300
53 264 9 4 930
252 453 9 1 5
13 167 9 7 52088
245 367 6 6 16816
65 488 1 6 3851
178 501 3 3 52
55 321 3 3 62
217 504 1 5 256
280 176 6 4 162
472 426 9 4 693
260 434 10 3 89
54 13 2 4 107
118 10 5 2 13
164 315 6 4 357
203 425 10 4 631
460 428 7 5 2503
106 164 5 3 56
342 261 10 3 215
343 26 9 1 9
188 194 8 2 23
501 128 2 6 5145
265 301 8 10 39275011
106 340 1 2 4
449 100 8 5 1106
25 280 6 4 473
