7389 2.1460348418461672e-08 
205 3.9057704110875835e-08 
7263 1.2966945990046386e-07 
1775 2.2439614018658258e-05 
2838 2.1319984683937365e-08 
8891 5.221872073617878e-07 
670 6.297493531959601e-07 
2972 3.26643980301522e-08 
4286 6.571191722443831e-08 
9681 5.2663613538869985e-06 
7045 1.059779478757017e-08 
4495 1.4160761452330917e-10 
1127 9.280853777117112e-08 
5545 8.334623033401378e-09 
3301 2.8845031418978095e-08 
8705 1.3823179649584752e-07 
231 3.448573586070647e-08 
5931 3.845543129850273e-07 
1700 1.3587053410776741e-05 
1938 1.4128899232740758e-07 
7978 4.861674333702911e-07 
680 4.772015564473431e-08 
3353 9.846624481057997e-09 
553 8.529326689377115e-10 
5246 6.6316593119730705e-09 
3986 4.871731179665467e-08 
232 2.3079720286290316e-07 
5087 3.2731642999163715e-07 
9394 6.35316416090076e-08 
6557 6.870628891427616e-08 
4329 2.6862456632801993e-06 
9514 1.1611587358295594e-08 
5197 1.129319933877845e-05 
5696 0.00022970730393605664 
7800 4.070486057030815e-05 
2282 4.046117425739876e-08 
6094 1.0062216060369167e-09 
8453 1.0898867360692455e-08 
4243 2.306912933597305e-08 
2798 5.857889728844157e-10 
