1 2 4 3 72
1 47 3 5 1073
2 31 8 1 11
2 35 4 4 366
2 406 7 6 15924
3 4 8 6 9342
3 5 6 4 154
3 26 1 8 57610
5 57 9 3 101
15 16 2 6 1419
15 36 5 6 9897
16 25 7 5 1010
17 18 8 7 135003
17 36 2 6 6941
18 33 2 7 65622
19 20 9 4 908
19 21 5 6 3752
20 142 1 4 84
20 148 6 5 1156
21 22 9 1 15
22 23 3 7 15911
23 24 9 3 100
24 25 9 8 2978993
24 28 10 2 24
26 27 5 6 17181
27 29 8 4 226
27 30 9 7 116511
28 29 6 5 1267
31 33 7 5 4008
32 33 10 6 7458
32 34 10 6 34662
32 69 2 8 570380
34 35 10 4 568
34 73 6 6 9807
36 37 1 10 22292777
36 75 8 6 9469
37 52 8 3 120
37 43 8 5 3666
46 47 2 6 2406
47 448 3 2 8
52 67 9 5 3485
53 54 4 2 17
53 59 6 4 319
53 418 7 4 281
54 163 8 5 4813
55 56 9 6 9504
55 59 5 3 44
56 57 10 6 19775
56 66 3 8 502295
58 59 7 3 88
58 60 5 4 156
58 199 2 5 579
58 458 2 10 31169376
60 63 10 8 662215
63 225 8 5 1878
64 65 4 4 343
64 66 5 5 1749
65 67 4 8 319191
69 70 8 4 634
70 71 10 6 10665
71 101 3 5 907
72 73 3 8 735738
72 101 2 3 36
73 76 9 5 4242
73 77 4 6 7678
96 97 9 6 12990
96 111 4 5 1885
97 101 2 4 59
98 99 8 7 126359
98 100 9 6 22534
99 138 2 6 9593
100 116 10 3 189
105 106 9 7 70379
105 111 3 5 1912
106 107 8 1 7
107 108 9 5 1231
111 114 2 4 75
113 114 10 5 1721
113 116 3 7 58377
115 116 7 2 15
115 409 3 2 11
118 119 3 3 43
119 138 7 5 1714
120 121 3 4 209
120 122 8 1 6
120 304 6 6 16478
121 296 8 4 744
122 123 7 3 77
122 124 9 6 35790
124 125 6 3 124
134 135 2 8 131868
134 332 5 4 328
135 136 10 5 1165
135 137 4 8 184765
137 139 10 6 31667
139 140 4 2 11
139 141 8 7 78888
139 399 10 7 53888
141 400 8 6 7035
154 155 4 6 5897
154 156 10 3 115
154 172 4 4 341
155 168 6 4 635
156 157 10 2 45
156 171 10 7 209651
157 158 4 6 3118
158 159 2 5 1034
158 177 2 7 24887
159 160 2 3 23
159 161 7 2 19
159 196 4 6 4250
161 162 9 6 34558
161 197 9 4 857
163 164 3 6 3539
164 165 6 7 93177
165 166 8 3 52
165 104 4 3 57
166 167 9 8 2559523
167 168 4 4 168
169 170 5 7 38512
169 171 6 3 45
169 174 4 5 477
170 172 2 5 719
170 173 8 2 34
170 419 3 6 5874
171 178 10 4 254
173 174 4 3 37
174 179 7 2 16
175 176 9 5 2083
176 214 2 4 186
177 178 2 9 1669267
177 191 6 3 109
178 421 5 7 38612
179 192 9 4 472
180 181 1 6 3839
180 208 5 5 960
181 192 3 4 219
182 183 4 3 29
182 184 6 2 31
184 185 6 2 12
184 208 9 4 783
185 186 6 5 1329
185 207 3 5 394
186 187 6 4 460
186 230 2 5 653
187 188 9 2 38
187 193 6 4 321
188 189 2 5 677
188 191 9 5 2280
189 190 7 6 24072
189 191 3 6 2358
193 194 1 5 137
193 217 10 3 134
194 195 3 3 30
194 217 7 2 34
195 196 3 8 173148
195 216 10 6 12610
196 197 10 3 54
196 476 3 6 2652
197 216 10 4 683
198 199 8 6 19686
198 221 10 7 127884
199 200 9 6 21301
200 10 8 3 59
201 202 6 7 38341
201 203 6 2 16
201 351 8 5 1457
202 213 9 8 543920
203 204 6 2 22
203 205 5 6 3786
205 206 6 3 45
205 231 1 7 5678
205 360 1 6 3212
206 207 9 4 546
206 232 1 3 14
207 233 10 5 1839
208 209 2 10 8245638
210 211 3 4 248
210 212 1 6 1977
211 215 7 6 28090
212 213 6 6 24061
212 342 5 7 103170
213 340 5 6 4699
214 215 9 7 44503
216 219 5 2 24
217 218 7 7 59282
218 222 4 4 436
219 220 3 7 23702
220 221 10 6 32624
220 222 8 2 41
222 226 5 5 2914
223 224 5 5 2725
223 225 5 5 3192
223 7 1 8 98855
224 229 9 5 1287
227 228 4 5 1094
227 229 5 5 2616
227 272 7 5 3782
228 230 9 6 7057
229 401 3 4 232
231 281 1 8 88697
232 265 2 8 328379
233 264 1 6 2902
233 150 5 4 133
234 235 4 7 46254
234 278 6 7 69010
236 237 10 7 375110
236 280 4 5 1097
237 238 2 5 915
237 239 8 7 40398
239 240 4 5 956
240 241 3 6 9745
241 243 8 3 47
241 442 3 5 404
242 243 9 3 52
242 244 7 5 1346
242 314 10 6 19308
242 80 10 3 79
243 293 4 5 2032
244 247 4 6 5520
245 246 8 6 14214
245 247 10 3 77
247 248 3 5 617
248 249 1 6 1538
249 250 1 6 2814
249 312 3 4 264
250 251 4 5 2563
250 321 10 4 959
251 252 6 4 549
252 253 3 5 360
252 327 6 5 2155
252 301 7 3 142
253 254 9 3 97
253 277 9 4 806
253 266 9 4 576
254 255 10 1 8
254 256 7 4 223
256 257 10 4 693
257 258 10 3 123
257 259 7 3 122
260 261 10 3 71
260 262 4 3 26
260 263 6 3 69
263 264 2 4 61
263 479 6 6 4641
266 267 7 6 10356
267 268 2 8 312987
267 299 3 3 29
268 269 3 4 90
269 270 9 6 26882
269 294 3 4 73
270 271 8 7 146522
271 295 7 5 2664
271 133 5 2 16
272 273 10 6 8767
272 274 9 3 115
274 275 1 5 228
275 276 6 5 774
275 277 2 7 28097
275 291 5 5 1087
278 279 4 7 54397
278 282 2 6 3012
279 280 4 6 2821
280 287 1 3 8
281 289 6 4 146
282 288 2 5 462
283 284 7 7 63762
283 285 3 7 110637
283 305 2 6 1962
284 290 7 6 22562
284 365 10 5 4180
285 286 6 5 1499
285 306 7 6 10773
286 287 9 4 932
286 306 10 5 4253
286 452 2 8 199546
287 293 4 6 19587
288 289 5 5 2095
289 290 1 4 82
291 292 1 8 48258
297 298 6 6 12403
297 454 10 5 4640
298 299 2 6 6527
300 301 6 6 13208
300 302 3 5 375
302 303 4 4 250
302 304 4 5 2584
302 330 5 2 15
305 306 10 8 2122075
305 308 7 2 23
306 308 1 6 1589
307 308 10 5 6917
307 309 6 1 6
309 310 8 4 312
309 338 9 6 11608
309 379 9 2 34
310 311 8 5 1112
310 85 9 3 135
311 312 6 6 5875
313 314 7 5 1513
315 316 6 4 520
315 317 3 9 1384805
315 499 1 6 1828
316 334 5 7 26464
316 398 8 5 1103
317 318 3 4 103
317 503 10 3 109
318 319 1 7 7168
318 502 2 5 408
318 510 5 5 1301
319 320 10 3 102
320 333 10 2 35
321 322 7 4 159
322 323 2 6 3970
322 325 3 4 250
322 333 4 9 4398394
323 324 9 3 189
325 326 6 4 336
326 328 10 5 6098
327 328 6 2 20
328 329 6 6 16682
328 495 1 7 12364
329 330 1 6 1230
329 331 2 6 3927
331 332 3 6 5319
331 489 4 6 8881
332 481 3 5 1635
333 493 5 4 286
334 335 9 5 3120
336 337 9 6 14423
336 500 9 6 41665
337 338 9 5 2098
337 382 9 7 117611
338 339 1 7 15000
338 377 2 7 17986
340 341 4 8 895881
340 349 5 3 75
340 354 4 7 42569
341 343 8 5 5363
342 343 7 4 445
344 345 7 4 476
344 346 1 5 179
344 385 8 7 44586
346 347 6 4 465
347 348 3 5 898
347 387 1 4 29
348 349 10 7 129171
348 386 9 4 265
350 351 8 8 709299
350 359 8 6 13917
350 13 10 5 2371
351 352 3 4 243
352 353 2 4 62
352 356 2 3 18
353 354 7 6 9217
354 355 6 5 2427
355 356 6 8 338764
356 357 1 5 611
358 359 5 4 200
358 361 3 7 80959
358 362 1 6 1090
358 360 9 7 66002
358 92 5 4 123
360 413 2 7 12078
361 388 9 5 1317
362 367 5 5 1564
363 364 10 5 2071
363 365 8 4 245
363 370 3 3 30
364 395 10 2 31
365 366 5 5 3192
365 371 5 8 854984
366 144 1 6 958
367 368 10 6 24928
367 369 2 5 375
370 380 3 8 147144
371 372 4 4 131
371 373 8 6 11600
371 374 1 8 64114
375 376 4 4 188
375 383 6 5 3343
376 384 7 3 131
377 378 7 5 3141
377 381 3 3 16
378 384 7 6 14353
381 383 3 4 155
382 496 5 4 405
383 384 7 6 7764
388 389 3 3 27
388 392 7 1 12
389 390 8 4 328
390 391 5 6 16353
392 393 3 3 32
392 394 10 5 5788
395 396 10 4 699
399 411 8 3 55
400 405 4 6 6972
404 405 4 4 147
404 412 8 2 40
405 89 10 7 339911
408 409 9 3 176
411 412 2 4 107
411 415 6 3 68
411 482 1 4 73
412 415 5 5 1195
415 427 7 6 8553
415 487 8 5 3730
427 428 7 4 244
427 431 9 5 5126
427 487 4 4 398
427 424 9 6 21450
428 429 10 6 15201
428 432 2 3 26
481 482 1 6 3023
482 488 10 5 2613
483 484 2 5 404
483 485 3 6 3284
484 492 4 3 53
485 486 5 3 89
486 487 7 6 5793
489 490 10 5 1185
490 491 2 6 2295
490 492 10 2 29
493 508 2 6 3557
494 495 3 5 616
494 507 5 6 13585
496 497 9 6 7954
496 62 5 5 2408
497 498 2 6 3120
497 499 7 4 200
499 501 6 4 654
501 447 2 6 1594
502 511 3 5 1988
503 450 7 6 5022
504 505 1 5 295
504 506 4 5 730
505 508 3 4 115
505 509 8 5 1617
506 507 3 4 159
509 510 5 1 7
509 511 8 6 5819
7 8 10 4 901
7 6 7 6 10770
10 9 9 4 364
10 11 3 3 20
13 12 9 3 191
12 14 4 2 13
144 38 9 2 27
144 145 8 3 46
38 39 10 9 3610888
89 68 8 4 346
89 88 3 8 135764
68 40 1 6 1553
68 102 4 2 15
40 41 9 5 1130
40 81 5 3 92
102 50 10 6 34656
50 51 5 3 84
41 95 6 4 258
81 146 9 3 76
95 456 4 4 140
95 143 3 5 551
95 146 5 4 558
146 410 2 4 96
43 42 9 4 291
133 130 8 3 75
128 117 2 2 10
128 132 1 7 14150
117 129 8 6 16693
117 110 2 7 10496
132 130 9 3 97
129 127 3 5 543
127 44 6 1 7
130 131 2 4 132
44 45 7 4 242
110 109 1 6 3616
110 126 8 4 351
109 112 10 2 21
62 49 2 3 39
62 61 2 7 28752
48 49 10 7 112090
75 74 5 4 190
77 78 7 2 17
80 79 9 2 41
92 90 4 4 450
82 83 1 6 895
83 91 5 5 2270
91 90 4 4 201
90 93 5 5 1159
93 94 9 5 5696
85 84 7 5 1029
84 86 3 4 291
84 87 1 8 183944
86 87 8 4 800
104 103 8 6 15605
148 147 3 5 1389
147 149 5 3 108
150 153 7 7 73289
150 151 8 3 75
152 153 8 4 867
398 397 9 3 148
401 402 3 7 23288
401 403 2 5 502
406 407 3 8 135400
416 407 6 2 31
413 434 1 6 1806
413 414 6 5 2901
433 434 2 6 3181
418 417 4 5 766
419 420 4 7 25137
419 430 4 7 21270
421 422 1 6 3136
421 423 1 6 1328
424 425 4 4 319
424 426 7 6 7974
424 438 3 5 395
438 437 10 5 6248
437 439 6 5 739
454 453 10 2 29
454 435 4 8 205544
453 455 5 7 46676
455 460 1 4 34
435 436 2 8 350074
460 463 5 4 392
463 462 8 5 3052
461 462 8 1 13
461 464 10 7 356488
464 466 6 7 68395
466 467 5 4 317
452 451 7 4 296
452 440 1 4 75
451 459 6 5 2528
459 473 3 6 2137
440 441 5 7 176073
473 472 3 5 1584
442 443 7 5 1483
448 444 5 5 2603
444 445 6 4 209
465 445 7 5 1286
465 468 9 3 176
468 469 10 4 538
469 470 1 6 848
470 471 7 2 15
447 446 3 6 5915
450 449 4 2 9
458 457 8 6 22907
476 474 8 5 1859
476 477 9 2 22
474 475 2 6 3430
477 478 7 4 386
479 480 7 1 6
284 177 5 5 3037
391 291 9 5 2247
397 161 1 5 526
376 187 8 3 43
322 42 5 4 229
399 318 2 6 1651
463 89 6 8 340423
343 194 3 3 30
437 265 1 9 2834559
239 53 10 7 76610
411 475 10 3 168
21 372 5 7 157768
508 449 8 6 39093
24 51 5 5 1557
54 280 9 4 263
261 73 8 2 29
2 307 8 5 4510
476 36 9 3 141
374 231 6 6 5088
483 72 3 5 429
188 248 3 4 115
326 346 4 7 55931
458 449 4 4 350
435 58 8 4 204
225 130 9 7 83353
484 174 6 5 2279
322 33 6 5 2331
369 191 8 3 65
330 20 3 3 44
324 21 9 5 2045
18 385 4 8 342613
252 297 7 3 128
7 178 5 3 37
30 43 3 5 1179
397 191 9 5 2615
450 80 8 4 293
458 335 4 7 117643
171 48 6 2 30
485 267 9 5 1242
104 136 4 4 359
47 507 6 4 368
302 429 5 3 46
424 132 1 5 238
55 69 10 6 29791
81 28 3 6 6331
346 114 10 4 373
84 284 5 4 186
57 44 1 7 23033
112 358 1 6 1275
103 252 5 3 93
202 401 3 6 2157
106 343 3 5 778
297 285 3 4 253
47 27 6 3 100
391 38 4 5 1505
292 297 7 6 11375
292 334 7 4 319
149 56 9 4 306
56 464 8 1 14
252 487 5 6 18208
491 427 1 7 13608
112 439 2 3 12
62 365 5 3 49
315 75 5 8 315035
445 373 7 3 109
373 228 1 4 57
459 103 6 4 292
5 34 4 5 2537
357 412 1 7 34225
195 208 3 6 2148
362 282 5 1 3
282 132 6 8 1178292
292 358 3 4 150
130 16 10 4 473
354 48 2 4 195
329 398 7 4 479
107 143 8 6 20768
302 8 2 4 151
437 468 4 8 394981
391 24 10 3 136
70 453 3 3 49
428 250 3 5 650
427 93 3 6 2189
235 500 5 8 500064
476 259 3 4 125
140 144 4 5 534
373 167 10 3 63
413 463 2 4 166
100 419 3 3 26
67 49 5 6 4445
148 127 5 4 204
227 117 7 3 63
147 283 1 8 65641
464 193 6 4 388
281 305 5 6 22348
168 300 3 6 4864
456 265 4 6 3009
74 34 1 4 103
228 497 3 9 4640419
84 178 8 1 14
47 339 2 6 2197
137 364 4 6 3614
419 487 7 2 21
497 260 6 3 87
432 171 8 3 64
104 329 2 5 884
16 90 1 4 64
14 244 9 3 112
56 483 4 5 1551
175 2 4 3 22
151 442 5 4 464
372 443 1 6 804
460 285 6 6 5001
372 171 6 4 201
267 357 7 3 139
336 274 2 4 61
235 63 7 5 3420
279 71 1 8 53116
251 475 5 5 2515
440 88 2 6 7059
169 453 7 6 12000
172 264 1 6 2610
51 471 4 6 6412
503 172 5 5 1737
175 199 2 4 178
230 291 1 7 10780
16 205 7 4 586
339 82 2 4 56
449 137 9 6 8806
119 372 1 4 103
499 126 2 6 3242
485 290 6 7 60833
181 127 8 5 2428
505 298 2 3 33
290 489 7 7 53024
34 249 5 3 28
179 277 2 5 922
440 73 4 3 25
343 395 8 3 77
87 478 3 6 3316
316 6 8 6 5601
307 144 4 3 48
308 435 1 3 14
233 510 8 4 296
126 354 7 3 99
272 162 10 5 2434
135 122 1 8 64756
365 389 5 4 564
235 479 10 5 2852
125 110 2 4 95
289 302 6 4 289
13 387 4 4 252
345 228 9 7 158341
10 105 5 8 961190
311 286 3 4 304
126 229 3 6 8304
286 221 3 6 2351
171 11 1 4 46
172 342 9 3 173
245 407 3 5 661
63 188 7 4 649
253 232 9 5 1834
435 104 3 4 139
87 138 4 10 23856064
30 432 8 5 2541
476 53 9 1 15
107 103 2 8 395280
409 12 1 5 274
344 183 1 4 95
440 85 9 5 5612
210 133 3 5 1221
45 192 3 7 32275
352 234 7 3 63
354 440 8 5 3116
28 170 8 4 837
281 2 4 6 2881
361 251 8 6 16242
35 364 5 3 93
433 81 1 5 205
281 159 1 4 69
495 148 8 3 87
316 239 8 3 50
143 130 10 4 604
26 136 5 3 78
424 419 5 5 722
395 202 4 5 997
136 352 10 3 102
380 360 5 4 422
146 72 1 10 18185815
424 450 4 8 548227
147 425 2 4 187
451 285 3 4 245
195 101 4 5 1256
457 177 3 7 70459
81 208 1 7 9262
182 200 7 3 104
436 509 1 6 4730
29 18 5 3 38
149 453 6 4 542
330 473 1 4 33
73 53 4 5 915
340 196 8 6 33921
256 444 10 6 37823
270 428 4 5 1455
407 87 8 5 1077
346 295 2 6 3223
78 410 1 6 2387
87 205 2 5 1247
331 59 2 6 7083
45 83 2 7 13077
411 217 10 4 626
262 497 7 5 1715
267 226 1 5 335
456 426 9 6 31670
321 505 6 6 10912
479 424 2 3 26
488 420 10 5 1773
236 272 9 3 145
507 217 10 3 60
366 165 3 7 28240
227 338 8 5 1158
228 346 8 5 1110
488 324 4 5 1792
116 214 9 5 3445
499 343 1 6 1286
155 118 6 7 42154
480 256 6 2 20
176 478 8 5 2823
375 389 2 5 1268
139 438 8 1 13
366 395 1 5 650
42 36 2 6 3247
470 372 8 6 19587
127 490 3 3 25
407 209 2 5 394
455 68 3 5 806
222 99 10 5 1253
351 55 4 4 131
418 87 3 5 806
254 89 8 4 233
256 83 10 2 41
225 147 10 2 49
73 89 6 5 1634
376 270 5 5 1037
415 507 6 4 148
414 382 2 6 3060
319 321 10 8 2611498
257 29 1 8 70544
312 374 6 7 102590
43 150 9 6 14488
82 423 9 4 275
226 280 9 3 128
125 299 5 4 121
202 220 2 9 4437002
290 116 5 5 1493
130 118 8 4 280
358 76 4 7 46969
243 500 3 7 35009
163 155 8 6 10038
445 227 1 6 1710
240 177 9 6 15274
299 246 5 5 1991
347 136 2 6 1770
211 323 4 5 1155
318 227 7 5 4598
174 222 10 2 29
35 492 3 5 636
441 58 5 8 237884
196 346 9 3 49
511 236 3 5 1030
485 390 9 5 2532
104 59 3 5 900
479 450 6 3 33
138 5 5 4 219
37 172 3 5 635
138 363 3 7 71135
242 4 2 6 9571
482 154 5 5 1189
149 188 10 6 8008
99 460 6 8 834082
425 450 5 7 38978
357 26 1 6 1510
161 115 4 2 21
381 37 1 6 904
132 19 4 7 20271
187 142 5 7 60478
491 238 1 6 795
159 315 7 4 764
210 320 4 3 69
412 304 4 7 26701
455 221 5 6 4345
206 67 9 5 3862
49 231 7 8 498768
148 56 8 5 4427
418 274 3 4 86
101 374 2 6 8747
262 368 7 4 159
508 424 9 4 457
337 46 4 5 1966
509 305 8 6 25307
204 60 6 4 138
96 195 7 9 17393835
339 139 2 8 145152
437 348 6 5 765
121 269 5 3 88
246 328 5 3 105
484 17 3 5 367
69 250 3 4 199
402 7 8 3 115
129 389 7 5 1027
119 123 6 3 48
197 210 2 5 609
363 165 7 4 243
87 5 7 4 345
221 486 5 4 286
247 221 1 8 119423
413 265 6 4 180
111 499 4 6 7006
448 258 5 5 1132
49 166 2 5 500
110 115 9 8 421089
26 425 9 8 543408
72 204 8 5 3455
315 355 2 6 1576
189 99 3 6 4327
509 155 1 3 22
483 167 1 3 8
82 471 7 4 160
145 45 5 8 262401
297 442 10 3 80
55 250 5 7 120804
288 110 6 7 43148
445 503 5 9 4029788
503 235 10 4 404
332 103 4 6 16805
489 487 8 5 979
127 123 6 2 27
358 357 10 5 2817
330 332 6 7 128356
501 372 7 3 86
253 133 1 7 17410
78 174 7 6 19061
337 445 7 7 122278
85 334 7 4 303
498 277 1 7 5154
210 80 5 6 7539
42 223 3 7 34109
168 27 8 5 3730
160 87 6 4 425
55 270 7 4 298
36 223 9 4 959
314 10 5 8 705970
410 213 7 5 2197
484 485 7 5 858
309 28 1 6 1003
10 219 4 4 138
69 297 2 4 106
18 402 3 5 1271
457 206 6 5 1324
319 504 8 6 7398
401 246 3 2 13
422 501 8 9 3792840
26 11 1 7 5845
245 501 4 5 459
211 451 3 4 135
7 275 9 2 47
293 502 9 4 207
340 55 1 7 9638
385 449 2 8 167466
474 142 9 4 880
186 407 9 3 74
116 149 1 6 1247
83 372 9 3 80
228 281 4 3 52
265 65 3 7 15124
230 241 7 4 308
435 123 5 5 602
288 386 4 6 9960
497 427 1 5 332
452 23 6 4 245
256 360 8 3 110
227 132 1 5 222
352 378 10 4 313
294 84 3 4 138
434 225 4 8 1007792
26 289 5 6 11301
415 461 10 5 1471
231 103 9 3 58
58 371 2 6 3291
109 176 4 8 208518
445 329 3 8 535255
255 165 2 6 1574
219 451 5 5 627
162 205 7 4 226
491 62 6 4 134
7 308 9 5 1423
18 332 10 4 925
76 390 4 5 2753
197 166 10 6 10238
235 507 1 5 581
116 328 8 3 93
197 207 4 6 5705
109 115 6 7 29861
412 293 2 9 1391866
350 270 7 5 929
112 330 2 4 135
94 410 1 5 513
244 108 2 6 8006
430 322 6 5 837
38 287 3 5 812
413 145 1 4 90
132 195 2 4 65
366 374 1 3 6
276 123 7 2 25
72 257 1 5 190
83 370 9 6 18164
94 1 7 5 4768
125 184 3 5 608
322 156 4 3 30
427 192 5 5 915
107 214 9 1 14
399 122 3 6 4417
121 386 9 4 614
219 414 1 7 9015
430 401 4 3 22
363 468 9 5 5008
209 498 4 4 392
481 116 4 5 598
123 216 1 4 53
377 330 10 3 111
450 12 2 5 683
432 20 4 6 13403
470 270 10 5 5753
337 139 7 3 46
301 389 1 6 4795
135 200 1 3 13
159 50 5 5 1592
359 397 8 3 95
33 149 1 9 560671
136 288 7 4 163
413 16 4 4 401
463 182 5 3 89
198 105 2 5 258
49 140 10 6 36385
33 261 10 2 18
305 456 6 7 41313
349 1 1 4 33
504 327 8 5 1695
286 335 2 4 121
283 48 5 4 281
60 394 3 7 71527
227 316 9 8 411549
436 460 5 3 61
88 61 7 5 2245
100 508 1 8 296108
477 260 5 4 555
153 235 10 6 32927
315 224 10 4 851
418 362 10 4 414
349 509 2 5 317
35 59 2 4 205
77 252 8 9 7333294
461 97 2 6 2586
411 182 6 5 961
509 70 1 6 2454
184 381 2 8 185295
316 475 9 6 7025
199 51 10 5 2396
239 85 2 5 555
495 137 6 3 57
178 75 5 4 116
49 269 2 5 444
473 106 1 5 363
276 111 9 3 87
441 332 4 6 4988
205 450 3 2 9
65 173 3 5 503
154 383 9 4 343
63 404 4 6 13691
171 161 3 7 50834
118 224 4 4 239
435 190 8 6 6000
108 470 1 8 113038
463 209 5 2 18
147 93 2 6 7750
120 408 9 4 988
370 455 10 3 67
238 401 7 6 9766
376 455 1 7 8251
468 266 4 5 2618
282 469 7 4 426
200 118 1 4 104
239 435 1 6 811
29 477 10 6 14339
183 3 8 6 21606
232 241 3 5 670
160 491 7 4 209
384 176 7 4 236
303 407 9 3 140
244 2 10 5 2726
90 477 4 4 256
269 160 7 2 36
9 255 4 5 977
500 323 8 2 28
226 17 5 2 14
162 100 10 1 15
442 354 4 8 1221789
254 56 6 8 313888
177 70 7 5 2928
283 413 9 6 7918
467 303 10 5 2118
506 52 5 4 356
402 315 4 5 504
44 66 1 8 133841
205 376 2 2 9
78 375 6 6 8319
45 468 10 4 616
300 11 6 5 3134
288 143 1 6 3551
238 91 8 9 8325774
423 101 5 6 16186
159 455 7 3 42
46 77 6 5 739
438 456 2 5 973
168 438 5 4 409
228 205 5 6 15707
60 109 1 5 607
97 31 3 5 1679
56 135 4 8 445690
215 138 6 5 1333
305 446 8 5 2934
195 390 8 3 60
181 508 8 3 81
511 454 4 4 198
388 279 10 5 2214
13 343 7 4 383
132 121 5 2 26
420 165 1 5 147
279 398 8 4 205
334 466 9 3 59
76 96 10 3 147
397 429 7 5 874
271 172 10 3 170
297 357 8 3 136
398 305 5 3 57
266 449 4 4 95
380 322 3 5 1594
511 252 6 7 67171
412 136 9 8 798591
273 453 2 6 1612
440 111 3 3 40
88 261 10 5 2625
40 321 4 5 873
221 370 3 5 1604
200 348 4 5 2450
141 425 10 6 30989
461 442 10 5 5052
496 325 1 5 154
504 467 4 3 36
148 320 4 6 11431
274 53 3 4 152
133 312 1 8 63259
166 318 3 6 4793
326 491 1 5 192
131 60 1 6 1376
336 448 6 5 1174
392 136 7 5 944
64 75 1 6 1321
211 433 2 5 1125
405 393 1 6 2287
415 14 5 5 1053
475 69 9 4 701
125 335 9 6 10130
481 214 4 6 5131
125 1 4 5 1113
345 352 10 7 61705
511 191 9 4 365
398 405 8 7 65114
204 231 1 5 280
61 220 6 4 151
359 498 1 9 524615
413 159 6 3 118
4 62 6 7 42935
458 351 9 2 24
218 325 7 4 494
184 488 3 5 1069
131 327 1 5 210
29 210 5 3 94
74 138 8 3 92
48 333 5 4 139
110 339 9 7 336274
408 186 7 5 2252
340 441 8 6 7479
251 446 9 6 19388
31 254 9 4 384
336 79 10 7 177046
111 375 4 9 2520304
199 351 10 5 2678
258 429 4 2 10
503 484 2 4 215
152 452 1 7 7940
247 166 5 4 479
460 442 3 4 150
81 489 8 5 1318
91 476 6 6 20142
202 449 8 7 156000
137 230 1 5 155
147 127 1 5 177
229 424 2 4 126
462 27 9 2 31
387 140 1 4 59
322 160 6 5 3825
177 218 3 5 2056
53 275 1 6 1884
268 37 2 5 578
330 88 3 4 197
107 462 9 2 23
508 252 1 8 48298
343 78 9 5 2341
385 88 9 6 10755
403 66 6 4 283
424 490 2 5 377
266 293 5 5 2941
177 182 8 1 5
149 4 7 4 204
423 324 3 5 569
504 180 2 8 115866
457 115 5 5 597
493 85 4 5 2681
257 240 8 4 453
470 36 6 4 270
179 507 7 7 57533
473 504 5 4 455
125 304 4 5 460
363 434 2 7 77166
175 87 1 3 12
183 464 9 3 67
186 482 6 5 856
146 458 2 7 39841
51 209 7 7 167114
413 464 4 3 70
331 130 10 7 88797
194 161 6 5 3958
345 204 2 5 1330
342 194 4 4 354
10 115 6 4 425
160 432 3 3 21
215 229 8 5 1881
484 191 1 8 51192
41 250 2 4 199
339 86 10 2 27
244 91 10 4 389
61 236 8 4 602
190 394 2 5 353
125 6 3 4 269
508 205 7 7 96017
248 408 7 5 1432
411 280 1 4 32
262 392 4 5 2091
400 392 2 4 199
386 265 10 6 31133
174 34 8 4 721
96 121 8 5 1106
263 96 4 5 1262
410 447 9 3 49
306 460 1 6 4092
191 279 4 4 176
35 83 8 5 1663
192 242 2 6 5359
369 247 8 3 143
350 153 1 9 516904
479 274 8 3 66
26 418 7 7 61050
301 269 1 5 585
390 181 6 6 6930
316 65 5 4 167
85 146 10 3 58
356 361 3 5 630
241 163 1 3 11
284 239 1 4 69
364 384 2 5 688
70 284 2 5 1329
248 479 5 5 1281
483 142 4 1 4
38 189 10 5 3761
407 298 9 6 20189
285 240 4 6 3098
22 131 6 6 11380
427 98 2 7 17693
293 274 1 10 12837329
119 489 7 5 1883
332 489 2 5 1379
283 245 6 4 212
358 491 1 7 12392
283 272 1 5 137
162 72 8 5 1735
207 259 2 7 62270
246 89 8 2 24
359 59 10 2 42
71 492 5 7 114351
39 234 7 1 5
297 212 4 5 1236
256 326 4 4 156
400 423 10 5 6081
418 165 1 6 1589
461 334 1 4 49
451 500 6 6 6074
63 480 1 7 25059
276 339 6 5 1763
141 172 7 3 38
299 64 9 4 292
93 402 4 2 10
90 165 3 7 66952
433 169 3 6 3605
445 468 4 2 8
367 36 6 5 1083
375 508 3 7 51492
225 288 7 5 2632
82 296 8 3 141
156 481 10 4 556
366 8 9 5 1085
100 420 9 4 357
264 109 10 5 1215
92 14 6 5 709
134 35 10 4 595
414 441 1 6 4850
187 57 6 6 8514
42 133 2 3 38
473 266 3 4 153
458 119 1 7 28506
192 360 5 5 569
94 81 6 5 1878
216 13 4 4 260
76 173 1 4 92
120 454 10 5 3522
343 60 3 3 49
192 460 5 4 291
184 465 10 3 161
69 61 8 4 194
487 247 4 2 18
266 308 7 3 100
423 257 6 3 82
421 192 7 3 76
143 98 4 5 570
89 380 2 6 4312
228 398 2 2 10
312 208 9 6 8000
51 506 4 5 1809
373 53 2 5 367
494 121 9 5 1028
329 228 4 6 3399
86 229 10 6 24121
476 119 10 3 100
76 148 3 6 3265
58 21 7 4 194
443 33 9 6 22590
233 353 7 3 109
141 25 8 6 5727
195 58 8 6 12232
287 178 6 6 14498
181 421 8 7 74299
419 33 1 4 105
386 116 4 4 156
163 39 3 8 661153
185 33 3 6 2695
185 471 7 3 135
186 5 4 3 41
452 308 9 5 5635
382 35 10 6 35737
172 211 5 6 7339
260 59 8 7 81506
333 111 9 5 1056
57 59 4 6 4571
202 115 4 2 17
141 195 8 4 388
510 426 4 8 831892
444 365 1 4 25
39 406 6 5 2008
115 421 10 5 5918
317 45 2 8 90388
161 54 3 8 161182
459 283 4 5 1696
299 249 7 4 682
3 507 10 4 956
229 428 6 5 1810
29 73 9 3 158
330 30 8 4 402
398 118 1 7 9186
223 402 5 4 302
158 29 10 6 7328
235 346 9 5 2853
361 212 9 5 1273
112 326 9 6 13940
345 235 1 5 230
358 223 2 6 4071
86 283 2 5 1215
467 161 10 4 885
473 223 9 3 105
29 209 5 5 1749
376 243 3 6 6734
72 50 5 7 114047
349 439 6 2 27
308 170 9 9 6631158
140 271 6 5 2689
279 3 7 2 21
207 34 3 6 5114
32 332 6 9 2592898
149 170 9 5 2354
183 54 3 7 32225
325 171 8 3 127
91 163 9 4 399
40 473 6 5 1030
363 384 4 4 92
268 451 8 5 3576
399 15 8 6 22420
356 368 1 6 2638
486 70 10 2 22
105 340 5 8 199354
435 24 8 6 8128
508 242 5 5 1203
417 254 6 6 7508
386 441 5 1 8
89 423 7 6 9563
390 24 7 6 15692
504 122 7 5 2624
186 208 6 3 126
70 485 10 3 61
165 337 5 5 1821
18 30 8 9 20035175
169 36 2 3 11
212 392 4 5 723
248 453 1 6 1010
169 310 6 6 19378
495 378 5 5 589
241 469 5 3 30
179 231 4 2 11
119 322 8 4 595
411 311 3 4 96
227 258 3 7 92211
160 45 3 6 13106
463 202 2 6 2380
208 153 9 4 932
140 420 3 5 977
198 185 6 5 1632
154 510 1 6 873
314 121 2 8 199694
251 401 4 6 4571
100 409 6 3 38
112 412 10 5 2159
28 505 8 4 307
296 137 5 6 19519
495 323 3 6 4496
43 180 7 5 1139
159 171 2 5 700
109 281 8 4 871
232 145 3 2 11
381 27 7 2 36
140 401 2 6 1941
103 320 3 4 100
86 459 9 4 621
489 382 10 1 8
185 52 5 3 81
127 172 5 6 5278
456 357 8 4 397
355 326 3 5 387
9 219 9 6 6342
160 508 7 5 1623
303 177 8 7 49207
463 456 1 6 4517
163 224 9 2 31
233 28 4 6 7440
142 354 3 8 350578
269 336 9 2 45
258 44 7 5 1709
341 396 7 5 3854
436 81 6 5 1676
232 130 6 2 25
60 340 9 4 911
145 318 8 7 260964
487 498 10 5 3018
165 470 7 7 36714
123 193 6 2 28
128 495 1 10 1775342096
465 349 2 6 1778
146 365 7 3 91
425 335 1 5 285
425 197 7 4 620
9 241 5 7 143768
128 424 2 5 250
140 125 5 5 1211
143 503 9 8 1516198
109 200 3 6 2958
100 10 7 4 549
358 496 2 3 14
42 454 2 5 318
463 107 7 5 1395
239 177 10 3 91
511 267 5 5 1478
498 163 3 5 894
281 392 8 6 16588
436 508 10 7 308628
270 121 10 3 106
289 495 3 8 350142
327 260 8 7 111601
288 510 2 5 643
13 86 9 4 533
484 104 5 7 32397
76 320 8 3 103
34 270 2 6 5339
417 262 10 6 8311
339 117 5 5 2299
310 380 9 5 2191
112 259 5 6 5540
26 406 3 5 1490
255 223 2 3 40
45 291 5 3 63
225 344 6 4 377
440 106 8 4 525
143 484 9 7 188822
354 419 5 4 310
419 206 4 4 214
119 339 1 6 3812
226 436 10 4 397
439 497 10 4 1109
194 26 10 5 2773
100 262 1 7 31031
77 56 9 6 14329
391 338 1 6 3498
197 35 2 7 12921
505 417 8 6 12622
508 260 2 5 1132
134 480 1 4 101
209 492 1 7 5135
463 286 2 5 558
121 55 4 5 2429
94 58 4 1 6
174 474 5 7 89933
131 54 10 4 274
164 145 4 5 1685
288 487 10 2 25
310 363 8 4 617
79 402 1 5 355
178 332 6 2 16
3 218 7 5 992
70 382 9 5 3200
331 321 1 5 318
357 509 1 6 3540
187 274 4 4 421
179 105 7 3 140
292 415 10 4 430
153 385 1 6 4089
98 383 1 5 669
250 191 1 4 43
80 417 2 5 749
165 178 4 4 338
296 247 4 5 1211
66 366 3 7 29491
185 205 9 4 765
39 301 9 9 17158746
495 509 4 6 14307
324 396 7 7 79604
484 215 8 5 5505
461 40 8 4 610
468 365 4 6 8513
421 91 7 6 10305
478 225 2 5 513
259 305 8 6 5660
64 82 8 6 21473
357 475 2 3 25
89 270 10 4 549
296 90 6 7 53265
428 311 9 5 1559
473 126 4 4 110
348 165 7 3 73
245 192 5 2 24
53 264 1 6 1375
252 453 4 4 240
13 167 3 3 40
245 367 2 6 2538
65 488 4 6 19081
178 501 3 4 340
55 321 9 4 259
217 504 5 3 28
280 176 7 3 120
472 426 6 5 3156
260 434 7 5 4700
54 13 5 7 56250
118 10 7 7 38910
164 315 10 1 17
203 425 2 7 13479
460 428 4 5 1409
106 164 8 8 2247145
342 261 8 5 3431
343 26 4 5 1637
188 194 5 3 94
501 128 4 3 75
265 301 5 7 103363
106 340 10 6 9142
449 100 7 2 18
25 280 7 6 17917
