1 2 6552 2123 6692.130309671714
1 47 4394 952 1797.827725474976
2 31 9920 2748 10952.70005739118
2 35 6688 3 6687.969133372565
2 406 2466 1805 1849.8501144389536
3 4 2426 533 1687.6167864014494
3 5 6518 1425 6529.4857212498855
3 26 7917 4675 6900.181351077944
5 57 8636 7826 5072.543438552485
15 16 9753 6575 1553.5485486872262
15 36 7887 162 7887.1767258460495
16 25 2895 1014 1899.9075566724896
17 18 819 708 1235.4753612128059
17 36 2879 1691 2384.329370665398
18 33 8386 5814 12420.592178912422
19 20 5186 1086 4947.835823923285
19 21 7472 5514 9185.312291871474
20 142 9537 751 18625.206011074304
20 148 8112 7132 4837.308153783748
21 22 2236 1302 2954.26339841411
22 23 8898 3564 8062.34630118314
23 24 6072 68 6072.257576127188
24 25 1088 1075 659.7424084825817
24 28 3295 3255 3436.617984961939
26 27 2823 447 2962.646265630023
27 29 8654 5966 5645.970355585822
27 30 3940 376 3913.504900620788
28 29 7563 414 9715.51473094298
31 33 288 29 288.00996806160816
32 33 4992 2464 6012.472485035503
32 34 1694 584 3101.417783254682
32 69 8738 8107 4334.603713072
34 35 7228 3496 10462.094629478264
34 73 7340 2574 7120.92582632964
36 37 1326 1189 1233.8269492264908
36 75 8796 1850 10818.589809161422
37 52 5805 240 5805.587222736249
37 43 7385 4313 12172.714852614972
46 47 5877 1925 9942.9251803436
47 448 9317 1856 12299.91758232166
52 67 9766 4313 7430.487175646789
53 54 6693 5764 4159.4689150871245
53 59 9964 5720 9446.688667005088
53 418 5169 4033 5928.3055543827595
54 163 4706 4277 3682.720455347522
55 56 1120 580 797.6972683913323
55 59 1123 110 521.0745630049462
56 57 2930 910 2043.1773142633251
56 66 4210 146 3404.934409841127
58 59 7604 2314 7637.428398854184
58 60 2505 286 1635.0923991837747
58 199 1169 712 621.6987479554263
58 458 5103 2403 3184.557124875222
60 63 9639 3790 8941.819822557416
63 225 6979 3896 5220.38649717808
64 65 7695 6087 2412.8015305464705
64 66 6658 531 6559.9197329760345
65 67 1919 575 2630.5973759999924
69 70 5468 663 5476.675799453101
70 71 9359 756 9376.861245233287
71 101 5115 3144 4974.422763645517
72 73 7968 4189 12554.074461375021
72 101 8464 6541 8932.140905023145
73 76 4542 213 4539.299096434998
73 77 6465 2088 6831.4844157584275
96 97 8297 7819 2005.60937621179
96 111 3886 2011 6393.336997652944
97 101 9336 2821 9423.457119015273
98 99 3648 3286 4409.032385152801
98 100 3499 1115 3768.8306122347517
99 138 1808 535 2026.4157578110808
100 116 350 254 344.39411125017085
105 106 2643 1602 2356.2095973509836
105 111 2601 1941 765.5917776961186
106 107 1030 921 1413.6341929999953
107 108 4056 4005 6342.985882525763
111 114 611 579 528.8805352056698
113 114 6237 5497 4803.237439038287
113 116 1044 635 1310.975308865124
115 116 1023 694 561.8454004093885
115 409 835 800 1366.4140947833218
118 119 2058 1132 1834.6556065011255
119 138 257 167 64.06863783244212
120 121 5095 3630 8790.591624630937
120 122 2220 256 2576.2532483159107
120 304 8182 4530 4032.382997374417
121 296 2577 1239 3195.427875688784
122 123 8745 5137 13305.966719050955
122 124 4486 3343 6906.835760246146
124 125 5133 2952 4414.981225109661
134 135 2518 1010 2753.3804337912834
134 332 7001 6942 6799.130376469869
135 136 5102 1786 5240.228811406643
135 137 1839 1604 2907.8902050283614
137 139 2505 1344 2601.654093815871
139 140 5941 1375 6135.3909011811975
139 141 1005 357 1222.3925522072423
139 399 2930 232 2932.88906825267
141 400 5355 5065 5826.025165411833
154 155 6613 5536 2055.4140724887993
154 156 1875 11 1874.8904294725273
154 172 3905 2996 2642.658592015289
155 168 2644 656 3973.2504691191166
156 157 2200 2005 1831.6083388718598
156 171 1716 165 2364.5001545624523
157 158 8714 6518 10681.536520417509
158 159 363 354 591.3716885991922
158 177 7963 3198 7219.045221532417
159 160 2984 2567 3266.6977709572
159 161 520 9 969.4678839137888
159 196 5433 1097 6992.892253835234
161 162 5290 4339 8476.654049817082
161 197 3976 2531 3417.615001454466
163 164 5772 4214 6996.076173730967
164 165 1647 1052 1769.2742023610137
165 166 1970 1190 2115.2507212880055
165 104 1680 394 1805.0615969247117
166 167 696 343 608.763054698149
167 168 128 68 81.49996686058171
169 170 6545 4136 3316.455831128065
169 171 3488 300 4988.370094928666
169 174 1425 9 1960.4299549693394
170 172 6329 1651 8560.797761917176
170 173 8401 6885 7593.373525512514
170 419 5104 2626 8210.220255827113
171 178 7381 1237 7374.231087843192
173 174 9037 4860 11565.844534356851
174 179 5900 2454 7811.942836174926
175 176 2523 117 2457.7950344769115
176 214 8316 3134 8495.61782205881
177 178 5659 1694 6128.048488491755
177 191 1727 867 2318.6019899144794
178 421 6431 2299 9560.914278590808
179 192 7215 53 7214.664588324891
180 181 2150 1784 2101.575917589054
180 208 4772 528 5158.182097443755
181 192 8228 4575 8478.948100229605
182 183 367 276 291.9834770094959
182 184 1772 608 712.7097747339637
184 185 2673 1381 2456.2253919689847
184 208 3764 18 2684.6049180857053
185 186 8041 1727 2679.229673249164
185 207 3272 769 3448.540601910427
186 187 5559 514 5451.104150993808
186 230 9464 413 9468.082028660208
187 188 2050 777 2004.3965740167187
187 193 2985 675 2402.797391283508
188 189 6405 2059 6380.572839965525
188 191 8419 5125 9744.454092966667
189 190 4423 570 5627.310252541839
189 191 6710 1283 5662.959692296239
193 194 8710 4073 15669.54599907421
193 217 4874 1771 4837.179689939846
194 195 5648 1324 5703.634413607578
194 217 880 621 547.5121953104256
195 196 7979 591 11972.51006028846
195 216 6729 17 5708.2008708181975
196 197 7014 6986 7759.349655501084
196 476 8908 142 8910.311530837602
197 216 1966 1458 1475.9480550279889
198 199 4912 1862 3729.8054138253688
198 221 497 254 231.30428857667684
199 200 9962 3674 15311.733008959514
200 10 23 1 29.400567413609714
201 202 7066 6700 4225.093843824621
201 203 7959 3066 10654.524273081894
201 351 1162 47 1251.3137141434077
202 213 3620 1214 3604.546591045288
203 204 8711 1956 12868.789624227767
203 205 3579 2994 3660.9127769953043
205 206 1635 33 1093.450608943938
205 231 2508 1159 2834.475176203723
205 360 2513 1288 1830.3047605127872
206 207 513 126 530.4585445820952
206 232 5527 183 3621.782781242895
207 233 254 141 247.8510816292414
208 209 2972 1882 1309.309983094985
210 211 8018 7291 7472.323052211161
210 212 2324 1790 2464.621967190603
211 215 1632 418 1300.9256914157884
212 213 3360 2021 4669.777793637523
212 342 2475 2010 764.6721818426001
213 340 8002 3193 6308.240514032302
214 215 433 404 402.7793184644992
216 219 7446 5220 13405.962346376555
217 218 2145 755 1784.9541676303927
218 222 9358 5006 8680.364172335392
219 220 2924 871 4791.271564732504
220 221 6897 2492 7279.869531361774
220 222 1877 336 1536.1391875118898
222 226 199 131 135.64880789842837
223 224 2463 395 4084.0963206369524
223 225 787 329 785.2308439173635
223 7 5036 2804 3239.793478986589
224 229 8295 3438 7909.572142405556
227 228 1126 274 615.2849108937922
227 229 3604 1676 3375.1348406292354
227 272 2488 742 3049.3635516578997
228 230 2161 2012 2724.1231650387567
229 401 7085 512 9259.957958663586
231 281 9779 5920 6706.163342835467
232 265 5365 3141 1739.2053703969143
233 264 3528 108 1094.9400428591948
233 150 1085 349 561.4433870962135
234 235 2553 633 2319.432363839706
234 278 6824 3472 4987.979702165895
236 237 3711 1717 4826.815279318066
236 280 4316 3381 4279.281810099451
237 238 5533 2698 1135.9659101591842
237 239 5030 1995 9340.259977071295
239 240 3451 620 3573.323140913254
240 241 3764 3028 4187.366528097476
241 243 2873 2766 2840.3647456119734
241 442 3816 2358 4967.214291121134
242 243 3513 2108 442.54019479152925
242 244 2548 2547 1509.1619986840487
242 314 1361 825 1559.1529678589736
242 80 514 427 879.3220329076275
243 293 3232 2204 2376.9743947633306
244 247 9311 3126 10546.095514419312
245 246 2415 1217 2918.452905270066
245 247 3372 2607 4990.171107491595
247 248 9123 7576 8840.016039865512
248 249 2825 1496 2800.5442200895136
249 250 2077 1 1976.4873870249312
249 312 2652 412 2597.5753121422254
250 251 3848 1432 4676.678512384433
250 321 5902 4656 5505.767113372225
251 252 9700 8440 10863.863699950693
252 253 6865 2675 4974.066467601178
252 327 8132 7960 7077.4546861655745
252 301 8804 3184 2703.973256135375
253 254 4038 116 4038.287244541205
253 277 9288 6423 12349.726678133276
253 266 7489 6544 6726.148654104769
254 255 1035 908 619.5405077075771
254 256 2495 2218 2741.474846281924
256 257 8482 4298 8629.881286013597
257 258 2642 2200 2259.3468920821374
257 259 7166 6795 7703.074508912152
260 261 6379 3652 5257.457553860895
260 262 7066 2810 6555.993849204348
260 263 7511 6561 3480.1061491866635
263 264 7191 2028 7489.888800882919
263 479 8007 3751 5667.222027966763
266 267 8227 6630 7698.0778545342
267 268 7320 1747 8912.037155552985
267 299 648 119 1072.6794571075818
268 269 1854 1262 1884.9747489439126
269 270 5713 1757 9250.795365854994
269 294 2809 314 2866.588177696199
270 271 285 127 373.8976764073877
271 295 8395 4287 13008.804540633648
271 133 5917 4356 5688.013576999606
272 273 1684 954 1268.639900108594
272 274 8857 8271 14076.054183338716
274 275 6961 4548 8864.883937532473
275 276 9343 1403 9317.511365321856
275 277 9368 1828 10239.439771631933
275 291 2299 1026 2439.6782303430527
278 279 3192 1760 2729.5300321911736
278 282 804 731 822.5007845756669
279 280 7285 6157 6695.416910977693
280 287 3247 2719 3370.7819226429865
281 289 8178 849 8467.910891531452
282 288 3586 2077 6200.5098498208745
283 284 4121 12 2929.030718120026
283 285 7711 1391 6830.771959683195
283 305 482 374 553.4735751170768
284 290 2544 1094 2005.864257783024
284 365 3193 454 3196.3318639039835
285 286 256 205 242.8550610945235
285 306 2449 319 1398.250749626588
286 287 9899 2750 8951.008467199255
286 306 6267 5416 5173.287046140548
286 452 8437 1469 12541.298121796417
287 293 8686 4538 8700.802491987186
288 289 2135 490 1995.7735950420488
289 290 9453 5926 5880.156324907533
291 292 9356 1045 9349.627308766152
297 298 958 563 1285.7644334870859
297 454 4443 1890 6373.779244477753
298 299 602 171 701.190628308223
300 301 4657 988 7726.576135809136
300 302 6405 1798 9701.810204739015
302 303 5735 345 5733.135008014213
302 304 2535 1724 4823.340054406947
302 330 6703 142 4859.079461622425
305 306 760 577 826.4454662206032
305 308 5347 2469 5207.130125424648
306 308 7378 6687 11852.984963814304
307 308 1050 985 756.5630906229522
307 309 3132 261 3133.162477474367
309 310 1735 602 1878.2748729219493
309 338 4834 1344 4186.099776312637
309 379 8773 1624 7106.9106512061935
310 311 2488 125 3246.7425913258244
310 85 54 11 53.845770906697204
311 312 3246 2903 3258.2338681635833
313 314 4952 608 2590.4999084201113
315 316 7162 6889 7240.5741033530685
315 317 478 95 348.3881409499359
315 499 2764 1800 1680.348992297143
316 334 2277 1196 2532.5122253723875
316 398 3050 2597 2799.635680065084
317 318 742 188 664.7742727977288
317 503 6303 342 6303.2146901368105
318 319 5672 5393 6295.383364256869
318 502 6554 3418 6304.053361600242
318 510 1568 938 1398.330918593932
319 320 7278 6404 8680.634723475116
320 333 260 193 351.59162886786004
321 322 8191 3229 11294.548939245033
322 323 5200 4556 3073.920418933873
322 325 5033 2528 7585.532418147803
322 333 9328 7161 12156.784416389994
323 324 5469 1888 2506.5151461419655
325 326 5192 4226 1389.2055939939432
326 328 2150 2061 2712.5104649780674
327 328 9203 6127 5678.965168734459
328 329 4704 1712 6265.952446213688
328 495 716 203 422.5279694295004
329 330 2242 1107 2124.0658874891283
329 331 6763 6433 8872.73656995703
331 332 9801 1540 4935.931654077788
331 489 4964 219 2716.053783899726
332 481 5507 1736 3519.495324850405
333 493 7079 6552 12663.10642525466
334 335 4352 3174 5097.333025040045
336 337 262 33 262.07201302779674
336 500 4129 3395 4763.861980088803
337 338 1628 1571 1784.5088731753046
337 382 2730 2676 2329.964163290556
338 339 4229 2705 4163.508310679447
338 377 5047 3239 4705.473598821087
340 341 2485 562 3971.478842635151
340 349 3209 586 3915.151600688719
340 354 9164 6866 10173.935607603113
341 343 2013 1794 986.4892781390965
342 343 150 130 207.78784984645628
344 345 9509 1307 13727.084155386967
344 346 9475 2363 16682.832755884196
344 385 7552 2424 7626.54456411283
346 347 2897 2079 2796.131521143857
347 348 3639 25 3638.7222444770277
347 387 5500 4648 6131.433116036334
348 349 4523 431 4522.6586568272805
348 386 6424 3427 3484.5661361792163
350 351 6824 611 6787.400214119821
350 359 6960 1583 10240.486788256489
350 13 6441 3246 10772.264201946318
351 352 4841 4828 1476.6677455326749
352 353 6908 3779 7369.887159726818
352 356 4222 1442 4039.235494698895
353 354 6028 2741 7754.572259790007
354 355 6803 1265 3084.440201740107
355 356 9736 5737 10076.147267339804
356 357 1280 1144 1510.4287826544085
358 359 501 114 300.97193815794316
358 361 8357 6081 1408.8801154993168
358 362 6683 6060 2647.451134856495
358 360 6453 1686 4158.980516764594
358 92 2011 1569 3544.3848124096676
360 413 9691 5963 10652.546988136617
361 388 485 255 702.146199998323
362 367 472 296 495.73528696438905
363 364 3862 2203 4687.951337904976
363 365 477 66 477.5415625716199
363 370 4355 2808 5013.322668689666
364 395 1286 736 1683.319504035691
365 366 38 9 29.26011311480366
365 371 6095 1365 5339.227169873197
366 144 4290 4026 5625.836961798961
367 368 4603 3933 3798.7854250226505
367 369 7598 1484 7588.622211771312
370 380 3033 778 2420.579169875264
371 372 4972 3235 6178.322477712887
371 373 1608 121 100.1332653181636
371 374 5177 1701 4006.505063049385
375 376 9819 711 8929.387961992023
375 383 7340 1159 7334.781734951477
376 384 2293 2 2293.041783262824
377 378 9731 8377 11609.310369435898
377 381 8573 6849 6435.742213581451
378 384 1864 77 836.408158209244
381 383 3429 2870 2123.1066194500027
382 496 7428 2682 10220.41071380559
383 384 5193 4693 5207.346215190512
388 389 3115 707 4361.928842959441
388 392 1398 691 1402.0226327267033
389 390 9125 7549 13723.681039390016
390 391 4319 374 4314.22734697908
392 393 9437 7438 8930.91122627176
392 394 3776 3449 3793.7700978238986
395 396 7856 2281 10240.067955712962
399 411 869 379 697.3909703915873
400 405 6982 3411 6171.579260596735
404 405 5411 3905 5763.24833428126
404 412 5789 1055 5799.405374836616
405 89 1545 212 1545.271021979845
408 409 2220 1281 2266.2579812609206
411 412 8089 3842 10375.994309085507
411 415 8325 5752 2237.7094328149424
411 482 2462 1351 285.3303517931324
412 415 4299 486 5097.37788001908
415 427 1155 1033 639.6538017626633
415 487 3810 3627 5984.020870835499
427 428 7760 4122 5387.034774144098
427 431 5753 146 5754.715294833199
427 487 4676 3971 2032.1052508122552
427 424 7540 7268 2902.827560781957
428 429 9279 5623 9327.110884517177
428 432 922 503 908.8003601051697
481 482 6106 3177 6370.646009678014
482 488 1304 35 1302.4689726407066
483 484 9545 6343 15542.574058108368
483 485 431 1 647.8006247818658
484 492 3906 1951 3376.959795097735
485 486 6554 779 6548.281138542415
486 487 260 229 192.53499014339545
489 490 4273 3870 7156.633249549284
490 491 2747 239 2532.8432677042974
490 492 6226 3115 5944.599691061853
493 508 2134 380 2136.622753138966
494 495 8447 3789 4419.873850936323
494 507 5309 1436 10067.628779664918
496 497 1536 478 1915.9479228777434
496 62 8543 3718 7689.889035882772
497 498 5488 3482 6066.501850495642
497 499 2396 1713 2455.897540840666
499 501 2668 261 2989.889350982054
501 447 3594 2802 5771.4496060152605
502 511 6473 1560 6526.399330768506
503 450 6112 4632 7856.887616333484
504 505 7551 7008 3630.793501701347
504 506 4315 1378 3898.1418093614384
505 508 9497 2321 15715.173697188806
505 509 9464 3887 15817.16846660682
506 507 5434 1247 638.5213507352523
509 510 5945 1837 6869.530647982623
509 511 1679 145 1704.2019126032449
7 8 1319 1001 1995.731161821451
7 6 7200 6626 933.3621476978492
10 9 4222 456 1307.8912086540724
10 11 3538 1284 3008.170895808388
13 12 6191 1153 5432.977639522189
12 14 8490 3894 2652.2030780989917
144 38 3136 1703 3846.0993808113412
144 145 4317 2171 4871.871796603985
38 39 8356 560 8353.642790131507
89 68 8812 969 10700.721900367427
89 88 6934 1552 5771.269994946574
68 40 6153 166 6152.697108223974
68 102 7913 7850 7856.304258818661
40 41 9134 1559 9108.075506945894
40 81 3903 3566 4921.810765564059
102 50 2582 74 2582.7222861286255
50 51 7599 3485 4596.9424234708595
41 95 2369 16 1954.3442004362253
81 146 6092 5750 1942.7167348291696
95 456 5137 767 6656.136973903195
95 143 9585 3704 5870.028118869457
95 146 3659 1687 3805.5476348386424
146 410 8952 5839 11753.675632377792
43 42 7662 6656 2138.402936383034
133 130 3674 2265 944.6446227304731
128 117 4736 3096 4038.940942412108
128 132 5158 810 5092.204302859062
117 129 4242 1715 3054.941969206354
117 110 183 98 120.26413826177122
132 130 7637 3267 12265.637111602628
129 127 2318 1853 3755.039892661341
127 44 7845 3620 4075.827814555705
130 131 8360 8047 5079.8344801319545
44 45 7767 4909 7724.914777764719
110 109 5383 111 7150.0282753512265
110 126 3177 725 2995.294969216731
109 112 5972 3468 4712.7563316190135
62 49 5743 5523 3470.7467653651183
62 61 872 291 750.9344337001579
48 49 4377 179 7577.96257058244
75 74 3805 3410 3122.9927089625257
77 78 4632 871 2062.1163835090765
80 79 3125 1896 2949.900666689817
92 90 2710 1275 2430.1607590938993
82 83 771 112 840.5553447547611
83 91 5161 1797 2767.6732851367256
91 90 1902 57 1901.9763130501944
90 93 6566 2083 3838.844561684209
93 94 8933 2220 8112.559753046934
85 84 3155 1316 1040.36834512616
84 86 6644 5902 6797.015170028256
84 87 3463 2734 2706.2182432809395
86 87 3154 1682 6077.006322290911
104 103 650 88 273.24952261479143
148 147 89 87 69.25259420168247
147 149 5122 2762 1254.7246938307983
150 153 4740 1112 6305.957856644108
150 151 7330 6795 9357.018419370248
152 153 7343 1449 1480.322307879558
398 397 6066 1958 5796.16223037384
401 402 7353 4675 11594.794935005137
401 403 4452 2169 4255.083692632014
406 407 141 21 170.99743231913143
416 407 929 886 1320.8644090942025
413 434 3914 1346 3743.7566757991776
413 414 1744 626 1758.9352780811782
433 434 5351 253 7277.251580858776
418 417 1501 323 1500.1320664115553
419 420 613 294 604.1948632272033
419 430 8843 3450 6363.555868764152
421 422 1738 1422 1044.4710871412535
421 423 4331 1895 3121.16403892961
424 425 5554 1046 4551.694888203428
424 426 8819 332 14783.578523070675
424 438 7596 6597 6902.913576458238
438 437 5203 1350 5421.735025766922
437 439 4806 2843 3834.991288997671
454 453 892 667 668.1469478997636
454 435 5148 3469 6505.449547311511
453 455 4377 2612 6735.4327911514965
455 460 7368 1932 7023.357207457006
435 436 3751 1352 4468.769261819491
460 463 3878 3726 4375.945643281599
463 462 7916 1806 4219.087955661328
461 462 1037 292 703.1191155135933
461 464 2601 1988 2464.804063948399
464 466 591 174 756.9205468736702
466 467 4920 2831 3197.7339925519896
452 451 4452 3655 2721.7896054504135
452 440 4112 304 2783.2425803711926
451 459 7789 3655 7509.509074123907
459 473 2930 1086 3952.97436600547
440 441 8250 6475 13031.697467588432
473 472 6593 5917 3698.7964079791486
442 443 1699 801 2814.460872514753
448 444 9628 1152 6681.391123181369
444 445 7579 986 5019.818388119402
465 445 1195 1061 1571.362871875172
465 468 5675 253 5711.525030456252
468 469 3876 2737 2737.214658210878
469 470 3615 3507 4843.747276958111
470 471 9373 2927 9424.216890399595
447 446 7322 1777 7479.527332971996
450 449 9846 1719 9885.634289512827
458 457 3768 2000 3450.9343727892747
476 474 4748 1260 3008.12764926939
476 477 4399 3880 2994.8295566087086
474 475 152 135 158.89957302525576
477 478 2729 799 1919.440701879851
479 480 7194 2555 7187.130734044592
284 177 7806 4228 8730.806212773145
391 291 1708 70 1705.1966919357408
397 161 5393 3485 7384.729059509048
376 187 931 348 1276.2733264527176
322 42 9227 3538 9297.416766210326
399 318 1773 180 1767.2759446438372
463 89 1851 449 467.59611403892245
343 194 3310 2545 4324.817081186495
437 265 1503 620 1369.8299741913877
239 53 6936 6629 4715.149844864635
411 475 8519 1943 9215.675434634648
21 372 559 34 558.4761563889465
508 449 364 281 413.51288826433097
24 51 3692 1063 5481.635323769394
54 280 356 276 403.1083341792559
261 73 8618 5341 8689.852159955619
2 307 7064 6767 6357.408910788614
476 36 466 55 202.72177453495104
374 231 2177 871 2520.6755918441845
483 72 2829 2345 4785.21950343385
188 248 1775 815 847.1133173476096
326 346 720 662 580.87643485012
458 449 3425 3312 1886.303385069961
435 58 9627 9617 17789.505916855425
225 130 7727 3764 10715.734734971167
484 174 1899 1675 604.7980999308525
322 33 790 497 837.7484272747632
369 191 1195 962 1309.775722250016
330 20 636 166 526.0023706953762
324 21 7573 783 8053.381714853299
18 385 6083 1530 876.5894318163229
252 297 4994 2088 6805.033798273727
7 178 6719 582 6715.0945865346175
30 43 1316 268 1254.490637637462
397 191 6624 5966 8413.762444531334
450 80 2534 2024 2010.2486334459559
458 335 5219 2000 7282.5935174247925
171 48 337 21 337.02188274042754
485 267 1544 735 1947.7005021870114
104 136 452 327 769.9643408149335
47 507 7806 4543 9672.979445422145
302 429 3745 1057 6018.495786184595
424 132 3476 392 3915.5529191730043
55 69 3487 3478 2996.1363541894393
81 28 6965 796 6973.971993257472
346 114 7223 1564 8296.510379569085
84 284 2649 1901 2914.4958356065445
57 44 5061 1700 5780.071937280032
112 358 6482 1076 6398.366223014349
103 252 660 593 655.5788603714782
202 401 570 475 614.4812636265726
106 343 2500 423 2507.494264862203
297 285 8673 4753 12930.875669550893
47 27 2295 1566 984.1137854055137
391 38 4046 691 3034.8412104179865
292 297 9096 3496 8157.463044171933
292 334 1953 1876 1916.903147381888
149 56 9417 7816 8111.09663225901
56 464 3307 2624 1485.317551822879
252 487 14 4 11.582043072211407
491 427 339 210 322.4392799874286
112 439 3919 570 4407.012795922799
62 365 9310 6267 6480.452366441923
315 75 8003 5012 8569.956308379114
445 373 5663 2100 7960.474809861028
373 228 280 71 181.28827819007805
459 103 9393 6101 3654.2592457276955
5 34 9456 2711 12654.70394432817
357 412 5296 1966 2838.588973818836
195 208 4445 2092 3143.1901761617155
362 282 7901 6490 9017.25259298101
282 132 6298 940 4296.9362870642035
292 358 157 19 196.72412203296838
130 16 7892 2964 5708.15161875139
354 48 6863 5143 1037.2716316847404
329 398 6841 220 6843.691906821746
107 143 2977 237 4570.790807476024
302 8 6464 4339 8506.561067229717
437 468 4488 539 5109.894089644587
391 24 3538 3166 2578.4329421778093
70 453 8760 735 5493.766519742521
428 250 2330 1477 2507.433772596308
427 93 2530 2424 3679.003851944238
235 500 7409 5686 11026.066236316106
476 259 6884 5606 10318.843540618873
140 144 4442 3532 1368.3568382809747
373 167 1692 1179 827.7595064205441
413 463 1341 1046 2010.3496823480434
100 419 5929 3137 5724.541906895339
67 49 3475 2866 3400.0283480176336
148 127 1782 793 2101.3145394767425
227 117 8350 4215 8038.867490954886
147 283 5199 584 4419.4103708279235
464 193 1859 1081 2839.650641229825
281 305 909 778 1085.4944593435046
168 300 556 498 157.9715984820998
456 265 4408 2832 3472.681263114846
74 34 4795 3933 6628.1726033114255
228 497 8689 1008 13455.489836371142
84 178 3757 1513 5874.40796159184
47 339 423 96 459.5763508233383
137 364 9976 6140 15415.11173467381
419 487 7828 5707 2503.0916058750795
497 260 7845 6578 8092.141228415483
432 171 8370 7478 11086.14290282242
104 329 8507 3946 7624.76024373402
16 90 3817 3385 1757.7882905908857
14 244 5188 213 5187.152040049573
56 483 3150 2857 2639.97573402828
175 2 5470 4654 7950.752407615619
151 442 1693 896 1662.948690282249
372 443 4237 320 3473.8247603106834
460 285 2135 1578 2020.4184175168687
372 171 9563 1056 9604.003545463216
267 357 570 421 516.3198605756874
336 274 5654 4438 4434.117984757541
235 63 6407 3409 5133.479223408329
279 71 8745 3944 9954.164620882348
251 475 3838 9 3838.032921228134
440 88 1403 92 1408.9193301541425
169 453 5717 3556 7594.762434731319
172 264 4637 307 4639.953095707996
51 471 838 78 821.9174388417811
503 172 4420 1579 6185.75497773817
175 199 6166 3496 7017.790999505146
230 291 221 29 119.40448372845324
16 205 6780 30 10150.839893918052
339 82 1520 273 1473.3177129290011
449 137 5106 2209 7055.947102484588
119 372 6404 3151 2883.1948655980946
499 126 8317 7734 13525.699743444493
485 290 3972 367 4337.21894277195
181 127 9961 6421 9635.87030742127
505 298 6721 3407 7721.9262865161
290 489 6117 2052 3815.596479847585
34 249 9921 4174 7003.266754480118
179 277 2793 1264 2495.9758010632454
440 73 1597 924 2231.5412492938513
343 395 7544 6520 2116.0241946874617
87 478 4453 3906 4978.259640814155
316 6 9878 7571 18347.367206434636
307 144 3312 259 3315.8380644663976
308 435 7015 4315 4795.685701855254
233 510 7921 3294 8009.445783333468
126 354 4151 2291 1046.3721731328205
272 162 7358 2391 3599.4173997535886
135 122 6166 5370 9805.90926423731
365 389 5218 859 7103.63287552546
235 479 9215 2730 11748.989829077069
125 110 4091 2707 3296.5282484213913
289 302 9529 4488 13663.55059740465
13 387 5309 4287 6792.094779615305
345 228 3350 2713 3175.602166506873
10 105 146 73 100.76537333262914
311 286 3594 2313 6754.411724814078
126 229 9621 5687 9162.840454751171
286 221 7544 336 8362.986594273654
171 11 4235 402 7597.210741259052
172 342 5380 1760 7015.441203881996
245 407 126 57 46.12288284829263
63 188 1592 1300 1857.0811465466722
253 232 4929 3399 5470.404242502865
435 104 1834 1294 2302.613690657007
87 138 817 528 1077.8448837348285
30 432 2953 2210 2011.1605164610448
476 53 6048 4244 6806.779141927266
107 103 4894 3118 2739.718179710931
409 12 4722 25 6197.006457318817
344 183 3957 1039 3796.044787663626
440 85 7133 1968 7008.49957926257
210 133 9846 2223 9884.641201700171
45 192 8043 6433 9838.318681675324
352 234 6514 5818 12113.448453729754
354 440 2109 1941 1551.3905322327912
28 170 6415 1761 6898.8683277620075
281 2 3259 3202 2485.315230130227
361 251 7939 3968 11463.46125468877
35 364 6064 501 9600.395721908482
433 81 5130 1147 5329.988963458433
281 159 9356 1557 9347.219408987112
495 148 3096 2780 3212.6621366634095
316 239 543 260 511.57572059931
143 130 7213 1393 8862.30112261881
26 136 9731 5308 10018.039431533607
424 419 7427 2301 6739.950853776401
395 202 8762 988 2914.0364695480375
136 352 3150 2391 2286.2234147693976
380 360 5668 3143 7422.642947805637
146 72 4850 2059 7746.753540781367
424 450 2326 835 2022.179516034497
147 425 6952 2506 2459.302876116708
451 285 8922 2435 9346.523969347905
195 101 2948 2721 3669.8634850315034
457 177 2662 765 1831.215833237632
81 208 8446 2412 9575.079740813264
182 200 930 922 1012.2321510795637
436 509 9961 5681 5003.477491506265
29 18 3431 342 3430.260796294291
149 453 577 241 1086.3558558749676
330 473 6654 4055 8986.81779985281
73 53 3345 3269 1974.6776010716103
340 196 830 580 567.7038338192181
256 444 6703 6684 7152.801738597917
270 428 6034 3852 1523.9601895781602
407 87 3189 2711 571.9302240347939
346 295 4197 1872 2996.2451100079766
78 410 4135 225 4416.306637680948
87 205 7627 2445 7661.529097444891
331 59 5908 520 9628.388568782359
45 83 5193 806 2412.951751513668
411 217 6238 5040 7241.949057035368
262 497 7984 6430 4503.563115216353
267 226 1658 1306 574.1205291959276
456 426 3506 2766 4668.816830966393
321 505 5169 990 4791.573449291885
479 424 9350 64 9193.402313810266
488 420 828 354 803.517401288327
236 272 474 13 473.97899044219145
507 217 8810 2199 8771.931344782797
366 165 6973 6053 5297.925635849019
227 338 1364 784 1433.8926017354079
228 346 2051 1947 1887.3801719185233
488 324 2046 1146 2200.3685091332154
116 214 8898 1356 9605.678949493671
499 343 7334 4527 8886.421663718673
155 118 6343 3925 3500.159621584487
480 256 3152 2965 3722.418015920676
176 478 3595 384 2031.2790832714857
375 389 4786 757 5631.067988578213
139 438 7775 643 11435.620378565056
366 395 6541 1407 11892.005964517828
42 36 6827 5440 11421.431644806251
470 372 2779 220 3462.8358633506
127 490 4423 3911 5003.991340535657
407 209 8233 7322 12498.52417514694
455 68 7386 1441 13059.541231433115
222 99 7143 1622 9931.452564652696
351 55 8436 5341 10967.435859821313
418 87 304 247 258.07275030708837
254 89 8894 7996 15292.777744673142
256 83 8420 8346 2086.625122795248
225 147 4565 1891 7724.723267292492
73 89 6072 2601 6558.801256160889
376 270 5427 4742 7464.115733435445
415 507 9681 4220 6088.199880544837
414 382 1892 883 3235.7367291286514
319 321 3795 3292 3112.3981474153406
257 29 6501 6281 2491.825297147979
312 374 3256 2781 4650.828498643335
43 150 4475 1721 4276.774147991608
82 423 8546 6701 11487.051126456556
226 280 5591 985 4358.62692738047
125 299 7747 5032 7476.609106957009
202 220 6762 4142 8336.289649126644
290 116 5425 939 5478.200132914702
130 118 3743 3062 2437.152059397587
358 76 9515 5096 12110.07362502898
243 500 6802 4650 9066.312409390848
163 155 9834 2714 9273.16926976952
445 227 4058 681 4050.803348797832
240 177 5310 1829 5468.781706058023
299 246 7287 2470 8234.771265859974
347 136 2044 296 2041.2463306296718
211 323 743 542 676.8779386979805
318 227 592 446 750.3637504908737
174 222 1834 1783 1582.4932247625331
35 492 652 246 812.0705306509977
441 58 1338 964 1155.0575875673217
196 346 404 36 494.7412973947629
511 236 1861 1580 1998.65790212882
485 390 8866 1595 9316.950534110087
104 59 5147 459 852.9392271795291
479 450 1588 508 1610.2823511618988
138 5 4720 2699 6717.422966397554
37 172 836 276 1005.5796745911572
138 363 5955 2636 6809.377644154474
242 4 5026 2858 8158.740912631124
482 154 6519 5577 4606.322341145968
149 188 7252 7217 4559.584416634136
99 460 159 109 104.977316174665
425 450 203 82 235.95778731004586
357 26 6311 6088 6265.038582966213
161 115 8475 3672 11544.03859687703
381 37 6438 6229 4374.329281913884
132 19 1629 412 1577.8995317142744
187 142 9876 5514 14356.505636816204
491 238 4245 4145 4604.819990205761
159 315 9076 1922 9122.671966615728
210 320 2264 642 3310.9060160883264
412 304 8155 2728 11636.150981013006
455 221 7759 7360 1097.4335825610824
206 67 5362 853 8709.004725577684
49 231 1574 713 2086.467757759443
148 56 9175 1224 3621.689664984411
418 274 7827 4576 7788.71448356636
101 374 3216 173 5016.4809354136205
262 368 6853 3916 5461.795009900244
508 424 1045 810 838.7731593047952
337 46 2649 92 2648.318696648614
509 305 3965 460 3961.1594426881657
204 60 74 4 74.00467597532403
96 195 6621 2725 6517.247583028784
339 139 2704 919 3997.1685689186615
437 348 8964 4370 7938.707084624774
121 269 8689 8021 9421.947785886467
246 328 3836 896 3825.112704034587
484 17 9731 1573 7637.34228841211
69 250 3942 3577 1877.6269602345708
402 7 8913 4037 7023.686064002062
129 389 6105 890 6095.349409785594
119 123 121 19 140.54078960267879
197 210 3626 2380 5701.073466621253
363 165 4384 3153 4483.8563999872795
87 5 4052 594 4109.964379797741
221 486 7504 3470 7911.2041798686505
247 221 8438 8357 7463.198288716178
413 265 6896 6894 6330.449692227934
111 499 6686 630 6688.962059897331
448 258 2130 1497 2097.5012932042337
49 166 9709 3306 8402.111709025934
110 115 5528 2302 5403.993147366575
26 425 8774 7457 8365.389497622988
72 204 7939 718 7943.699990346876
315 355 6785 3220 6916.015418235698
189 99 3654 3322 442.36414647254514
509 155 6441 6058 7777.870680272405
483 167 6072 3498 5885.552937464159
82 471 6536 4842 6425.467411166683
145 45 6479 3172 8719.726742572406
297 442 2195 113 2192.4539233664786
55 250 8516 1567 5657.8464809953775
288 110 4309 2587 4572.439509394502
445 503 96 57 132.0619842207013
503 235 9721 9432 7047.142082483423
332 103 3617 2251 3172.7315110170016
489 487 810 793 268.09875986960446
127 123 8651 8518 2060.324055341275
358 357 730 434 994.1193510217681
330 332 3589 1418 5598.177122551659
501 372 4623 3477 2463.284255305708
253 133 6061 4940 4756.438368218717
78 174 9972 9934 7337.184645561602
337 445 3364 2325 3213.8537420522375
85 334 4079 1945 4125.074158695161
498 277 4361 1008 4203.934534992649
210 80 6075 97 5657.316872390881
42 223 5032 1367 9841.43878369215
168 27 1261 1140 1229.9101417114941
160 87 8018 5970 3351.9108670199025
55 270 3133 2859 2233.2295071330627
36 223 4216 1007 3601.8275201061597
314 10 4962 1694 5922.370530458713
410 213 5907 2621 3509.0922185138397
484 485 4064 2315 2551.038313143068
309 28 453 167 553.3926519461523
10 219 9530 2304 9515.087039961954
69 297 6214 4507 366.7357181217973
18 402 507 150 302.25856023336854
457 206 5648 2043 6512.068237493277
319 504 2720 2698 1117.853829640522
401 246 3127 3082 2925.186293401907
422 501 2012 1362 2048.9146827195727
26 11 2075 758 838.8510700586053
245 501 2398 46 2398.014053494612
211 451 1899 1298 1718.7573010214812
7 275 4853 1745 4555.988836576147
293 502 1988 162 1753.7158753495644
340 55 9414 3031 13218.847769929102
385 449 4618 583 7783.469907765925
474 142 3327 557 3618.579594032421
186 407 4396 2335 4008.9446337455406
116 149 2821 527 1366.0123885377
83 372 373 373 331.4191162855938
228 281 9838 3309 6506.129669570209
265 65 6384 5228 9911.908059331321
230 241 2171 417 2159.480356681815
435 123 8132 5253 10410.345431295229
288 386 8297 5809 12349.414344982422
497 427 682 542 592.7841220900854
452 23 7546 2832 8764.77361713589
256 360 8942 2515 6487.147298355609
227 132 793 594 494.8880555144341
352 378 1605 411 1507.4583463381048
294 84 7370 892 8360.588098316044
434 225 8811 6640 6348.898275737354
26 289 6831 4464 3736.2763159611873
415 461 9889 2579 18714.327027780004
231 103 8693 7787 11970.07140431039
58 371 6073 5640 10236.680531127391
109 176 3988 608 3940.517902086278
445 329 5599 301 2342.2576542749985
255 165 78 37 106.70352005905937
219 451 3246 1609 3507.0730490002043
162 205 7201 6415 3178.683816126968
491 62 7988 6080 5142.2467340852545
7 308 7185 5171 8221.469772647799
18 332 5896 1142 5682.21219042278
76 390 5156 2394 3478.4739918284745
197 166 1361 24 1041.650091210701
235 507 5486 3229 4345.572942314671
116 328 8339 2764 7218.906384172455
197 207 3785 3097 4747.32003899348
109 115 5410 170 5415.472575418367
412 293 7173 5412 7739.013644998513
350 270 7165 2630 11278.227596478859
112 330 3971 2605 5973.348107105086
94 410 9231 4328 9230.101407104019
244 108 2858 1618 1881.3313244458786
430 322 7133 4424 9923.836035818125
38 287 8977 626 9889.085091363639
413 145 1845 985 2139.724807376346
132 195 7200 4436 7375.393664211476
366 374 1635 799 1830.4679822411313
276 123 639 56 1064.3325469600377
72 257 8336 168 2967.4001287782708
83 370 3517 1485 3342.348264589921
94 1 7229 635 12392.755936138377
125 184 8080 2725 7860.7988560353515
322 156 9234 4853 12002.011641587618
427 192 4910 1274 2402.584208916815
107 214 1035 454 1057.6934722281298
399 122 5718 1870 6637.94103636379
121 386 1562 1302 1525.3576475815946
219 414 5140 3461 4931.077648126679
430 401 9646 1915 9523.128967669772
363 468 7088 4356 6596.028517862258
209 498 7093 2515 7748.399616162306
481 116 6905 1632 6886.991591041102
123 216 7885 1826 5782.287302821033
377 330 6624 693 4800.659411573862
450 12 711 353 397.18996730774575
432 20 4728 2290 5060.278403536631
470 270 7644 6451 2421.051476084857
337 139 4584 366 4579.7758633429285
301 389 9864 8047 1772.6807232309386
135 200 814 126 1241.5437366007811
159 50 8623 3799 1039.9700941344763
359 397 7969 6446 5851.765808614951
33 149 8520 4870 12250.91052197977
136 288 8286 1194 2758.1199331919884
413 16 9206 7337 4746.125520240753
463 182 8807 4595 12112.77018553708
198 105 5754 2677 6175.007667169439
49 140 2189 581 875.5381112392799
33 261 9773 1375 8139.669606506501
305 456 2292 930 2299.3193411837374
349 1 5658 1421 5095.53873905611
504 327 2933 1892 2217.620866614071
286 335 6053 3330 4690.455548023218
283 48 7903 6711 7054.004407771939
60 394 9724 180 9723.969870351317
227 316 1345 1059 95.74539873215893
436 460 1181 594 1069.385802166651
88 61 3368 2914 1635.362241765809
100 508 723 697 434.6673866670413
477 260 1328 745 2006.6715609093108
153 235 3304 1138 655.0665617602326
315 224 3925 108 3927.2921703997285
418 362 4695 177 5449.407108969069
349 509 4728 2823 9022.554685825957
35 59 8501 867 6011.959239137716
77 252 5450 4537 5359.55011842486
461 97 8702 818 8101.736359539455
411 182 3857 2465 4670.3791852841405
509 70 834 756 917.4941425786359
184 381 9333 6414 12175.14735078968
316 475 1807 279 2784.735705373913
199 51 5848 5715 5268.964506222483
239 85 1537 1163 1838.8827190984828
495 137 8261 3398 4538.252654783946
178 75 9770 8217 9880.272893909643
49 269 4503 2118 6370.01646788112
473 106 5280 157 4254.944858978629
276 111 3963 1717 4496.274635990012
441 332 9090 5146 2748.3910346983575
205 450 9289 5987 6978.991221997623
65 173 3681 3003 1907.161920698613
154 383 670 51 670.1919400234664
63 404 1647 565 17.256453944929245
171 161 5562 3470 6473.859040873948
118 224 4584 544 4577.739935335001
435 190 9254 5065 14876.564048476732
108 470 9666 5057 8044.550658149502
463 209 9019 1252 4648.920475239462
147 93 2662 493 1415.8940792826888
120 408 3141 2882 4959.028744057899
370 455 7037 2418 5943.463003371237
238 401 4813 3897 4988.5448694218785
376 455 9009 6213 9771.87741346223
468 266 5151 3663 4667.395594088815
282 469 9082 4897 9486.07292162264
200 118 6588 1768 3932.537254294812
239 435 4525 4344 6286.519411593022
29 477 231 86 162.50195735858165
183 3 4961 3603 2608.480929723445
232 241 2328 1993 3540.335561444396
160 491 4951 4271 4547.985246889143
384 176 1268 269 1039.0834107960382
303 407 261 170 379.2566202625653
244 2 4996 2032 4737.4824936534105
90 477 3122 1316 3609.7057345450394
269 160 8745 7603 8000.525017971089
9 255 7584 6719 10202.406477439397
500 323 3603 1593 1290.748612932998
226 17 3675 667 4449.8817334816395
162 100 347 162 219.89266503523868
442 354 9752 1747 12701.640340645588
254 56 4147 2248 6229.28242619054
177 70 5798 4873 6512.097301310778
283 413 8871 5689 11025.497048593706
467 303 6404 2417 5993.072207717237
506 52 4270 1230 7378.601450270836
402 315 8918 6229 5996.855676350789
44 66 2842 1454 4085.784252213962
205 376 6094 803 9241.887805970304
78 375 9651 2631 12035.468074541512
45 468 8196 2561 9580.542279915673
300 11 8425 8371 8413.952317041729
288 143 4671 1078 6804.599064607741
238 91 2472 144 2227.54416819845
423 101 2535 1998 3348.576699191461
159 455 3858 637 1621.7858694419742
46 77 974 317 539.1985624278133
438 456 7740 7005 2337.196045645589
168 438 4264 3141 5156.585172609124
228 205 8113 4298 10766.58580332165
60 109 3785 2956 3766.10988715149
97 31 819 372 1359.844242368047
56 135 9573 3068 8825.189651944123
215 138 5699 728 6321.469539137757
305 446 1876 1256 861.9848293099146
195 390 6248 632 7568.7561067657125
181 508 6662 5635 6446.543349942076
511 454 657 370 422.60328495136787
388 279 9026 838 9703.761379624042
13 343 5070 1007 4569.463712646805
132 121 1188 218 1341.134210857288
420 165 4468 3491 3419.2501639587267
279 398 3186 1042 2253.1517218846384
334 466 7438 340 5134.656696428314
76 96 1394 236 952.931078372206
397 429 9875 4831 9906.254686344984
271 172 8435 5071 9883.059419989913
297 357 7256 6503 9184.342248262126
398 305 7691 6631 800.1202292046015
266 449 582 566 219.81881558174052
380 322 5069 4997 6251.606843972565
511 252 5400 877 2509.5781174950225
412 136 9334 3094 10643.033054521371
273 453 1666 1188 929.5592768508512
440 111 7442 6795 9952.872671067962
88 261 119 82 79.41335920798983
40 321 2538 1749 3211.2264078713038
221 370 3804 1721 1808.5076717020884
200 348 3388 1804 873.8951862070769
141 425 4141 384 4312.393109100895
461 442 3375 1820 5830.525468343841
496 325 7559 2923 5332.101390716186
504 467 5624 158 5625.37038250918
148 320 3643 762 3144.0810453312915
274 53 4279 691 4284.021285994739
133 312 7450 3017 5285.9317957394105
166 318 2273 2053 1882.4066329517368
326 491 7596 1591 13086.200605210819
131 60 5297 4339 4808.043304898298
336 448 3666 2137 3982.4717755914435
392 136 8867 2344 1559.221045040321
64 75 7824 7030 9709.593658630154
211 433 8683 195 8684.793756356208
405 393 9531 4395 7569.862577502669
415 14 9017 3127 8488.48840025697
475 69 4068 1170 4166.985454405267
125 335 771 720 191.69351654062285
481 214 9993 5866 16995.481280301814
125 1 7199 5906 7133.217277787748
345 352 6901 934 9410.930445177974
511 191 3963 3344 3671.708455511376
398 405 3856 1493 3003.2838866808675
204 231 7028 3651 6782.325683774676
61 220 2286 1978 1656.743874259412
359 498 9977 8136 4545.935785267106
413 159 2234 857 2287.2522571987865
4 62 4691 1466 4236.671845659241
458 351 4006 923 3985.731783917608
218 325 933 887 535.3400534564566
184 488 7605 1415 5731.89873836728
131 327 3542 1398 3101.3430111765133
29 210 3850 105 3850.261395476302
74 138 7311 5116 4902.611189252822
48 333 86 58 141.63642265744002
110 339 4327 2500 5498.850950485357
408 186 7660 4271 11747.488836504803
340 441 1455 759 1699.3640022692584
251 446 4524 3505 5319.495379228798
31 254 5099 1173 5218.569704955466
336 79 4268 994 6902.582952719298
111 375 8022 889 11858.73069007352
199 351 5748 2437 9706.869596892915
258 429 5404 325 7816.3671418470085
503 484 5075 4313 4344.313779983012
152 452 6343 3152 6859.791862593401
247 166 9045 6948 9182.83738801195
460 442 595 354 518.8752584956493
81 489 2638 1981 1296.2434815790616
91 476 6714 2614 3102.9338048261657
202 449 4305 1591 5191.5240337387295
137 230 2006 460 2018.0741527577068
147 127 8469 1035 7445.349395171225
229 424 9261 1781 9326.12119378687
462 27 4843 1013 8361.673539892357
387 140 858 15 857.7188917644272
322 160 630 1 629.9765640003671
177 218 3846 2326 4016.7278307337924
53 275 8974 7060 6122.06408214626
268 37 758 2 569.9584838458436
330 88 6023 3783 10677.187547641683
107 462 8787 900 8774.98129958537
508 252 7428 1268 3686.2769494925788
343 78 9589 5577 9777.499915390534
385 88 1312 1211 2136.5318936732942
403 66 5240 2521 6879.016875955014
424 490 9920 9413 15214.439407051852
266 293 9056 6834 6502.791240881212
177 182 9557 4126 8063.415937039019
149 4 1371 905 682.5534849625941
423 324 2808 809 2648.7825994750397
504 180 2470 1395 1866.0725088189438
457 115 4748 3064 5136.767168230692
493 85 4279 1025 4379.139308007125
257 240 5259 159 5328.793369153368
470 36 424 332 658.0056112442346
179 507 7008 732 6401.748967027955
473 504 2266 539 923.4147968831908
125 304 6331 2944 4687.3878514638145
363 434 2718 2196 2964.7041967544733
175 87 7669 5457 1339.9092585892383
183 464 7667 2985 8984.904647073143
186 482 7052 178 10440.045967213618
146 458 6012 1678 7080.988234122805
51 209 522 96 305.3258062317764
413 464 87 8 46.89889849773336
331 130 8094 5042 984.118827875706
194 161 4188 2335 4538.331230672936
345 204 3194 3123 1061.5481284393977
342 194 3622 2601 5267.775329315125
10 115 9265 5976 7809.568840164224
160 432 9848 5024 10262.104183221081
215 229 6002 5363 8029.19220431811
484 191 6468 1064 6472.472946810482
41 250 8185 4068 12925.68322366514
339 86 9459 3367 6559.09454515076
244 91 1397 1321 2116.4594690889517
61 236 6543 4107 5485.207881707637
190 394 7123 2155 7245.413017768446
125 6 5048 2265 5792.661503039882
508 205 4707 4418 3508.9248922294187
248 408 4466 83 4468.091871155112
411 280 1382 686 1740.1943933217808
262 392 7063 2682 8156.730176456258
400 392 5470 912 5472.635010634925
386 265 6771 2548 9242.615796561679
174 34 2270 1779 1569.2076963285128
96 121 6991 6064 8579.180925089388
263 96 6688 344 2927.175632747908
410 447 5440 3565 4913.826928244399
306 460 2234 1196 1605.4945397580314
191 279 4345 3625 3577.7149369628482
35 83 8634 845 7823.7060263580815
192 242 4894 1171 2454.086376273701
369 247 8123 7390 7936.726209609083
350 153 7072 4722 10837.314858780383
479 274 1376 1351 1532.7533222644474
26 418 6066 4285 3194.355743360527
301 269 6659 5448 3050.5724600829503
390 181 5303 1173 1924.5997863889609
316 65 4536 2565 7441.070039365917
85 146 6100 284 6067.536160185821
356 361 8040 6685 4054.805874069243
241 163 4555 2472 2003.7036581711195
284 239 1610 897 1935.117500612232
364 384 4715 3702 2414.016370467517
70 284 746 635 925.231621429381
248 479 9176 2846 11699.496458874628
483 142 2126 688 2143.4714556276895
38 189 2904 213 5510.041982136642
407 298 4007 45 3450.8549009569906
285 240 8675 1252 8664.511176896687
22 131 6584 4939 1107.4382200178036
427 98 8634 6248 2666.7650091098835
293 274 4967 801 4793.470211214946
119 489 2616 2352 1111.8702789231081
332 489 8518 3499 8012.517534004374
283 245 1136 585 283.77735054587185
358 491 6704 6437 6677.864174772577
283 272 545 465 702.7600713051158
162 72 2964 2201 2974.0834673266118
207 259 8761 3518 12281.407674636006
246 89 7254 2454 4013.629193932286
359 59 4542 2359 4516.857298899812
71 492 1258 468 990.0097942650814
39 234 7160 1441 10950.908871407248
297 212 9198 5951 11285.905651403355
256 326 6714 6426 4347.313800787023
400 423 2149 1888 1052.8882837908488
418 165 3023 985 2122.4667272483266
461 334 3727 3724 3007.5721052195677
451 500 9292 1693 7434.0581043373395
63 480 4494 191 5832.149330596711
276 339 8377 4299 12391.313939952197
141 172 4339 3206 4524.911501326718
299 64 9940 6890 9014.668748245105
93 402 8848 5650 9084.073549530076
90 165 9681 8283 18972.77512030987
433 169 9186 1826 7382.712417317988
445 468 3076 1297 2701.6341302053497
367 36 2714 1026 2818.9141424985164
375 508 4287 1737 1725.4524339378588
225 288 6453 3329 8914.840322611944
82 296 417 33 696.3333268473363
156 481 5498 252 5493.930942458411
366 8 9514 4513 4425.737111148781
100 420 5438 4467 5597.7766331704015
264 109 154 86 139.5730814708265
92 14 3203 206 3331.304455246209
134 35 4611 2387 3797.836568197076
414 441 7975 5192 5721.496381908697
187 57 8795 6397 1842.4469348441894
42 133 7460 4694 7872.746051530826
473 266 8820 8363 6099.72477903918
458 119 5642 5111 6503.155951907665
192 360 4790 4522 7901.078968208696
94 81 7696 3305 6486.743068271616
216 13 9746 2243 8907.800133927387
76 173 7681 607 7687.860413073963
120 454 967 916 1594.9906925467878
343 60 4705 3528 4692.991784397021
192 460 5030 4065 5252.855679671744
184 465 4116 735 3711.5356415749675
69 61 7879 5847 10572.773766274304
487 247 5909 1748 7384.27730679512
266 308 8057 6750 6886.642749486397
423 257 9002 8082 12828.39072447142
421 192 281 118 102.74152776965379
143 98 2887 953 2029.1677346293998
89 380 444 412 346.2250078518093
228 398 5269 1286 5280.525101390448
312 208 5446 939 2585.472137574555
51 506 5015 4873 5648.287675676995
373 53 6257 4110 6616.324523823731
494 121 5538 5188 3983.044201506653
329 228 5031 4946 3926.852723581206
86 229 6610 3391 7772.299153354776
476 119 3218 861 3208.2058804745207
76 148 4579 2490 1473.3026878011956
58 21 6475 332 5032.698258356943
443 33 468 319 344.03336588014884
233 353 4738 1632 4377.562914377161
141 25 8403 4534 9361.62457870503
195 58 7387 747 703.4484001994132
287 178 7056 3534 4764.0903059893235
181 421 9955 6859 9361.346319933105
419 33 578 137 924.497492348557
386 116 9079 3398 12723.653705971517
163 39 9137 558 8556.478961351211
185 33 3071 255 1766.1090748955096
185 471 9326 4345 11128.2118783147
186 5 7857 7351 7466.95373134464
452 308 8391 2341 8238.868832492471
382 35 1298 102 1298.5096130024583
172 211 786 316 533.0068897604128
260 59 2893 2622 3058.1880321620397
333 111 3416 962 3416.0084118575774
57 59 15 10 5.518032285211822
202 115 853 423 750.336358624832
141 195 2497 160 1366.8870137131448
510 426 9912 4665 18618.371535643822
444 365 156 54 4.911881070508642
39 406 7293 416 7290.25063631417
115 421 9979 966 9967.249774069833
317 45 2271 1002 2027.9984523482517
161 54 8001 7355 12533.46512451647
459 283 8234 6320 5340.560573710153
299 249 4544 3253 2223.007693588522
3 507 9678 2696 9703.389321676228
229 428 5480 4178 5657.343556911055
29 73 7487 2035 7682.8185626121
330 30 56 30 64.87771544100057
398 118 8921 8465 7905.686935611497
223 402 2141 1137 3381.0585180387216
158 29 7320 4088 5531.77501796723
235 346 4358 1868 3110.7076673729403
361 212 743 478 550.6225651479749
112 326 348 119 209.95734593790365
345 235 243 76 157.1124756663505
358 223 4794 4705 4900.093401255252
86 283 553 357 672.0267808669113
467 161 169 85 140.42682920503208
473 223 5200 12 5200.020025246628
29 209 6982 5747 7628.714879490274
376 243 4923 4546 4881.854026467059
72 50 9556 2277 11222.158846195585
349 439 5820 431 5521.077917458269
308 170 8726 5004 7344.160279995134
140 271 8405 7234 4691.961779763635
279 3 8734 7380 9206.675339319154
207 34 2821 2038 2429.031131890496
32 332 1765 1173 858.2657792064306
149 170 7583 3202 5941.540545913233
183 54 6361 2416 10998.718720022873
325 171 239 186 328.2309159516104
91 163 724 304 732.495687255794
40 473 3308 1640 2280.218250156985
363 384 9001 8094 14539.1568849725
268 451 3446 2708 4374.803938183759
399 15 5038 2804 5515.949180766259
356 368 5530 1354 5293.888275566465
486 70 1490 1476 1334.7716049926507
105 340 1585 1201 1479.5693071214962
435 24 1355 395 2343.8364350182105
508 242 9897 313 9901.417404305446
417 254 112 112 141.8805766587806
386 441 6779 5710 4834.346022357668
89 423 1727 1691 1593.1546329236774
390 24 42 40 43.03494997739666
504 122 6923 1874 5711.855925303258
186 208 6565 4350 2528.1610013110244
70 485 9494 3738 6368.95623646923
165 337 4589 1449 8833.230132360786
18 30 3424 246 3750.6595323417127
169 36 696 497 1064.3544288864364
212 392 196 29 146.5424677442942
248 453 5575 3730 4619.926876637423
169 310 8894 1459 6657.53353205519
495 378 2957 2244 3350.3638178549445
241 469 1791 737 1108.4549965144206
179 231 9048 5432 11943.53838618682
119 322 3654 13 1946.6977550343809
411 311 2357 1801 1354.8673594925638
227 258 4464 4321 3531.0162077048303
160 45 2358 290 2457.7970635381416
463 202 9699 1256 9703.669057336368
208 153 7459 6255 10446.013329386908
140 420 227 77 165.15172321811863
198 185 4821 4623 6009.5894539866695
154 510 4246 879 3430.293968232309
314 121 1052 228 1052.2424485520803
251 401 6154 2267 6119.540968175584
100 409 1745 890 1914.4948099165651
112 412 1090 383 519.0719657753127
28 505 7193 6602 786.6291367208885
296 137 3433 2925 2035.2470482196993
495 323 6200 1769 7325.7799220625475
43 180 2456 1964 4451.178720650765
159 171 3604 13 3233.835308799293
109 281 1465 905 1414.50974686557
232 145 8211 417 6572.308151347516
381 27 3974 2366 4005.8174771510744
140 401 7407 4777 9004.885526360296
103 320 5986 1938 9520.651937905961
86 459 7738 5035 6051.655011510236
489 382 702 334 642.4128108378438
185 52 1364 912 1909.2578145890363
127 172 4431 4078 3509.467625525926
456 357 6807 2366 6875.631042656788
355 326 2578 481 2652.408895325019
9 219 9188 6986 11520.434301181675
160 508 4271 624 4149.257772562944
303 177 9882 1752 8174.906851179834
463 456 2808 2498 2963.0493662641206
163 224 122 28 207.5893080847699
233 28 2122 666 1996.2596537109114
142 354 8288 8042 7759.779100545252
269 336 2139 1444 2739.284628914971
258 44 3691 1382 2403.7181141670962
341 396 3166 2668 3327.426190313646
436 81 9388 4886 8585.464089695237
232 130 7721 6665 11973.750298946134
60 340 3643 2785 2066.2122171191177
145 318 2590 2199 2191.564715214916
487 498 4566 3719 2856.504308013981
165 470 9583 3570 17389.41552856384
123 193 836 762 1115.2389637822719
128 495 2985 863 2945.988564560244
465 349 5087 231 6981.373583554974
146 365 3701 2484 4974.755648801877
425 335 9792 2737 15473.96015951437
425 197 704 636 724.3632909080549
9 241 8523 6886 9337.35850723318
128 424 513 420 345.0067111129406
140 125 3689 2474 3594.006032608424
143 503 9584 5542 5310.4790739987375
109 200 6465 3668 8717.80998953113
100 10 7405 3306 6510.04856353543
358 496 707 76 990.6174595309961
42 454 2329 567 3936.4829107760006
463 107 5623 2502 3291.765252555407
239 177 7931 6719 9435.341249166915
511 267 4938 149 5194.011348443927
498 163 4286 3342 7605.688970971295
281 392 6966 4485 7904.617745080739
436 508 6946 683 6960.943847664881
270 121 9510 9025 16527.20236493995
289 495 7979 353 14455.110264213681
327 260 9891 9859 6626.874934069361
288 510 8480 1881 12676.049584150567
13 86 4476 3173 1217.0347930131245
484 104 3088 1224 3609.5770184649596
76 320 3669 849 4555.758511940073
34 270 6085 369 6069.686386995117
417 262 5594 2962 4013.2821344558174
339 117 3510 740 4477.421142690405
310 380 4779 234 4695.453898473045
112 259 647 297 362.41279736522284
26 406 3605 351 3633.0469119594104
255 223 2165 1116 2978.579200127311
45 291 1434 1119 2618.256452738267
225 344 3611 3479 4601.649558770868
440 106 669 97 556.6911486856227
143 484 6961 111 8174.454632885346
354 419 4981 2681 4974.6592258097835
419 206 3699 1420 4015.9164302172153
119 339 1890 1732 2185.134221618155
226 436 7313 4129 11131.02766426976
439 497 7840 4311 6988.509326718202
194 26 1492 536 1605.7955747780443
100 262 9586 50 9586.300910381222
77 56 3657 1808 3692.2515680538527
391 338 469 404 755.2611784454606
197 35 1100 190 1406.4682320440388
505 417 9502 1228 13574.066637335713
508 260 638 405 538.762203575989
134 480 5427 5175 4564.686004394283
209 492 2497 1397 3367.86478960045
463 286 851 56 647.0957883402463
121 55 5962 5630 2486.145024293741
94 58 8153 4383 5081.112446386341
174 474 695 516 297.9336992365859
131 54 8220 2776 13739.332097336715
164 145 895 199 1712.6311679921535
288 487 8708 4446 9567.374951876061
310 363 505 160 578.0990975230793
79 402 6056 2639 5783.492777592383
178 332 5612 1091 6111.915269600712
3 218 6212 5718 7020.418033309096
70 382 7760 6946 5476.844933398148
331 321 3878 427 4120.002723662409
357 509 9411 6416 5420.5084245919425
187 274 9601 122 5574.931914910425
179 105 5715 1485 9328.382039676078
292 415 7099 4279 7755.490212911007
153 385 4733 3403 4112.918160912232
98 383 2623 650 1084.6665268068991
250 191 5340 13 5339.997130937819
80 417 6180 1688 5688.892210839245
165 178 8097 1152 6857.848434415564
296 247 7224 1980 5807.171051248572
66 366 6696 2757 4058.347669924458
185 205 7040 5081 6004.0510818154125
39 301 6320 2618 4146.690960472912
495 509 1598 1163 2500.3570305387207
324 396 1772 527 1994.4399213193685
484 215 6552 3410 4937.160883453982
461 40 7160 1251 7933.409486634991
468 365 6581 2129 6671.696145564259
421 91 7804 546 7794.304902778174
478 225 4826 3390 5014.5661105087
259 305 8824 785 8816.033902540754
64 82 9796 6418 6745.017676626936
357 475 8777 4627 9111.27137754641
89 270 6221 3227 4543.570462374399
296 90 8198 2244 8168.314126344195
428 311 969 14 968.9949451252245
473 126 4002 865 4366.90282236447
348 165 5970 3173 7421.752156296861
245 192 2238 527 909.0236684993088
53 264 5432 195 8226.019343452104
252 453 5879 3500 9859.340894283492
13 167 5562 4190 4411.112164560521
245 367 6233 4413 5846.830914328192
65 488 4303 1154 4340.75520365961
178 501 561 538 555.1389575704641
55 321 7792 4077 6443.324663360351
217 504 1847 917 3107.864070444138
280 176 183 110 183.11641576192514
472 426 7191 6408 1107.7823587979005
260 434 2097 1340 2627.517336065135
54 13 596 500 429.9698353799589
118 10 7957 3453 12205.293617796684
164 315 5105 4853 1529.9719208714023
203 425 441 150 431.5015052448845
460 428 4724 2953 4740.194156877634
106 164 6098 175 6041.57105287265
342 261 683 262 686.769447117068
343 26 3798 1767 4906.641077977115
188 194 2663 1295 743.0352322274812
501 128 1610 958 2349.835067893818
265 301 6305 3218 3859.1296322700473
106 340 7874 5074 3008.106155113776
449 100 2151 1850 2849.1347239980264
25 280 2029 529 2025.0824674574867
