6804 3.0871061991455395e-09 
5132 6.651173326075593e-08 
5399 3.4684946095819846e-09 
7673 2.882579470259161e-09 
7406 2.9692800190828095e-08 
4044 0.00018729597747279417 
513 4.794577482391139e-07 
3947 1.1820537759547889e-08 
3099 4.4217518535560885e-11 
7408 1.1122548642175656e-07 
9001 3.1228292382556866e-09 
1635 1.262628890330575e-10 
7740 1.1938430521940546e-09 
3820 2.6448901456564006e-08 
431 4.316666313440489e-07 
2282 4.300850148242219e-09 
5027 1.0355460933197946e-10 
152 3.365880421601908e-09 
2129 3.075854630024688e-09 
3273 5.178270590100453e-10 
7310 2.019918719699948e-08 
4661 8.93365819862324e-09 
3744 5.745670838618031e-05 
2904 2.6199418363959115e-09 
6653 1.2722436909529122e-08 
5176 5.183998538944856e-08 
5878 1.1300242547251926e-09 
5373 3.8735348262264324e-10 
6058 2.3770207677187294e-09 
8708 9.306978725025228e-09 
8792 4.790674765519677e-07 
5453 1.615601639202817e-07 
4217 3.2337361191570047e-09 
4928 1.8966700452392737e-08 
4567 5.292041607013465e-09 
4887 2.434923193628258e-09 
3351 2.624056485989179e-09 
1307 2.203730670169435e-09 
9791 6.299517314040104e-09 
4090 2.3109725244552237e-10 
