0 0 7 5 1034
0 1 8 2 21
0 2 5 3 43
0 3 5 3 92
0 4 2 4 51
0 5 1 4 26
0 6 8 4 440
0 7 1 3 18
0 8 3 3 27
0 9 5 3 98
0 10 3 3 31
0 11 9 4 290
0 12 7 3 42
0 13 5 3 58
0 14 9 4 204
0 15 8 2 34
0 16 10 3 87
0 17 7 4 220
0 18 5 3 73
0 19 10 3 99
0 20 5 4 120
0 21 4 3 26
0 22 1 4 26
0 23 10 3 218
0 24 3 3 50
0 25 10 4 843
0 26 3 3 24
0 27 10 4 692
0 28 3 3 54
0 29 6 3 39
0 30 3 5 369
0 31 6 3 90
0 32 10 4 256
0 33 7 2 35
0 34 9 2 34
0 35 2 5 228
0 36 3 2 13
0 37 6 5 1912
0 38 5 3 31
0 39 10 5 3066
0 40 7 4 234
0 41 2 5 1344
0 42 6 3 33
0 43 8 3 74
0 44 9 3 57
0 45 3 2 13
0 46 5 4 235
0 47 1 6 3173
0 48 2 4 92
0 49 8 4 202
0 50 7 4 174
0 51 8 2 35
0 52 8 2 27
0 53 4 3 52
0 54 3 4 125
0 55 8 3 141
0 56 6 4 235
0 57 2 6 1668
0 58 7 3 92
0 59 3 5 1181
0 60 3 5 507
0 61 5 2 21
0 62 1 3 11
0 63 2 4 130
1 0 2 5 251
1 1 6 2 29
1 2 6 2 24
1 3 2 6 2520
1 4 4 3 29
1 5 1 7 8932
1 6 2 6 7903
1 7 5 3 47
1 8 3 3 33
1 9 1 4 46
1 10 4 4 107
1 11 1 6 2548
1 12 10 3 125
1 13 1 4 80
1 14 3 4 184
1 15 4 2 17
1 16 2 4 59
1 17 8 3 125
1 18 8 5 928
1 19 5 3 65
1 20 6 3 90
1 21 9 3 120
1 22 5 5 2397
1 23 9 3 154
1 24 8 3 157
1 25 7 4 682
1 26 3 4 114
1 27 10 4 306
1 28 10 2 21
1 29 8 3 120
1 30 1 5 193
1 31 2 5 242
1 32 6 4 209
1 33 10 2 36
1 34 1 6 1734
1 35 3 4 177
1 36 8 3 52
1 37 1 4 104
1 38 3 5 705
1 39 6 3 52
1 40 3 5 354
1 41 9 2 43
1 42 8 2 37
1 43 6 3 48
1 44 6 4 329
1 45 1 4 58
1 46 1 5 132
1 47 3 4 270
1 48 4 3 45
1 49 5 4 413
1 50 3 3 23
1 51 10 4 233
1 52 10 2 33
1 53 2 5 311
1 54 6 3 55
1 55 9 4 296
1 56 10 2 45
1 57 6 4 156
1 58 9 2 22
1 59 5 3 70
1 60 10 3 90
1 61 1 4 98
1 62 10 3 69
1 63 3 3 20
2 0 5 3 67
2 1 1 4 112
2 2 9 2 24
2 3 6 3 83
2 4 6 4 166
2 5 6 4 221
2 6 5 5 1050
2 7 2 5 447
2 8 4 5 475
2 9 2 4 50
2 10 6 4 586
2 11 2 3 31
2 12 3 2 13
2 13 6 3 76
2 14 1 4 78
2 15 4 3 28
2 16 8 2 15
2 17 9 3 69
2 18 4 2 18
2 19 9 4 200
2 20 7 3 49
2 21 2 4 61
2 22 7 4 653
2 23 5 3 71
2 24 4 3 48
2 25 6 4 137
2 26 2 4 189
2 27 9 4 201
2 28 10 6 8784
2 29 1 4 80
2 30 8 4 605
2 31 10 3 185
2 32 6 1 6
2 33 9 3 145
2 34 3 5 743
2 35 1 4 23
2 36 6 1 8
2 37 9 3 120
2 38 9 3 164
2 39 6 3 36
2 40 6 3 69
2 41 10 3 97
2 42 2 4 101
2 43 7 1 12
2 44 2 3 27
2 45 7 3 63
2 46 3 6 2323
2 47 7 4 438
2 48 7 2 37
2 49 8 1 5
2 50 2 4 99
2 51 5 4 261
2 52 1 4 113
2 53 8 2 23
2 54 5 3 34
2 55 10 1 15
2 56 6 3 34
2 57 6 3 56
2 58 8 2 36
2 59 10 2 27
2 60 9 2 17
2 61 10 5 2076
2 62 4 2 13
2 63 6 3 69
3 0 7 2 29
3 1 8 2 22
3 2 9 3 57
3 3 6 5 711
3 4 10 6 44998
3 5 10 3 109
3 6 3 6 7108
3 7 10 3 135
3 8 5 3 64
3 9 8 5 1974
3 10 4 5 1251
3 11 1 4 43
3 12 1 4 52
3 13 6 4 165
3 14 10 2 19
3 15 2 4 65
3 16 10 4 652
3 17 7 2 21
3 18 1 4 37
3 19 9 3 196
3 20 6 5 1001
3 21 2 4 219
3 22 2 3 30
3 23 4 3 82
3 24 9 2 29
3 25 5 4 128
3 26 1 4 26
3 27 4 3 33
3 28 3 3 63
3 29 4 4 250
3 30 6 5 899
3 31 9 3 188
3 32 6 5 1718
3 33 7 3 62
3 34 7 4 236
3 35 5 4 282
3 36 6 3 85
3 37 2 3 31
3 38 1 8 40549
3 39 3 3 58
3 40 4 3 45
3 41 4 5 476
3 42 7 2 19
3 43 9 2 47
3 44 9 2 24
3 45 1 6 935
3 46 6 2 27
3 47 5 5 1899
3 48 5 4 130
3 49 2 3 28
3 50 7 5 835
3 51 6 5 867
3 52 10 5 3770
3 53 10 3 108
3 54 4 6 9537
3 55 2 3 15
3 56 4 3 25
3 57 1 4 40
3 58 4 3 31
3 59 7 1 7
3 60 2 3 30
3 61 8 2 24
3 62 4 4 234
3 63 7 4 184
4 0 1 4 71
4 1 3 3 32
4 2 2 5 421
4 3 3 6 2315
4 4 1 3 22
4 5 8 4 302
4 6 7 3 56
4 7 5 3 36
4 8 1 4 24
4 9 3 4 96
4 10 5 3 68
4 11 10 3 178
4 12 2 4 86
4 13 8 2 27
4 14 10 2 31
4 15 6 3 97
4 16 6 4 250
4 17 7 3 39
4 18 1 5 350
4 19 10 6 42855
4 20 10 3 147
4 21 1 4 38
4 22 6 3 47
4 23 4 4 143
4 24 8 3 58
4 25 5 3 78
4 26 5 3 41
4 27 6 2 31
4 28 7 3 44
4 29 2 4 97
4 30 9 4 206
4 31 1 4 42
4 32 6 3 71
4 33 5 3 34
4 34 6 6 6123
4 35 7 4 180
4 36 10 5 1446
4 37 4 5 616
4 38 2 3 19
4 39 1 4 25
4 40 8 3 102
4 41 8 3 48
4 42 2 5 911
4 43 6 2 25
4 44 9 2 30
4 45 5 4 116
4 46 1 6 4220
4 47 1 4 24
4 48 1 4 96
4 49 5 3 34
4 50 6 5 1321
4 51 7 3 46
4 52 3 3 31
4 53 8 4 201
4 54 5 4 213
4 55 1 3 17
4 56 4 3 62
4 57 6 4 209
4 58 4 4 426
4 59 4 3 31
4 60 10 2 41
4 61 1 4 60
4 62 8 3 47
4 63 9 3 92
5 0 8 4 211
5 1 9 5 1769
5 2 10 1 17
5 3 2 2 8
5 4 5 3 40
5 5 7 2 26
5 6 10 4 443
5 7 1 4 45
5 8 2 4 150
5 9 10 3 75
5 10 2 3 33
5 11 8 3 100
5 12 5 2 17
5 13 4 3 25
5 14 8 4 313
5 15 10 3 57
5 16 5 3 48
5 17 6 3 109
5 18 7 4 605
5 19 3 4 208
5 20 7 4 443
5 21 8 3 65
5 22 6 4 409
5 23 4 3 27
5 24 3 3 24
5 25 8 3 103
5 26 4 4 95
5 27 5 3 95
5 28 6 2 12
5 29 1 4 49
5 30 7 3 48
5 31 3 4 139
5 32 3 4 124
5 33 2 3 27
5 34 1 3 18
5 35 10 3 214
5 36 7 3 52
5 37 1 6 1961
5 38 9 2 17
5 39 1 4 56
5 40 6 3 55
5 41 6 3 55
5 42 10 2 32
5 43 5 4 517
5 44 3 4 100
5 45 4 4 223
5 46 9 2 24
5 47 4 2 20
5 48 1 3 13
5 49 3 4 86
5 50 6 3 53
5 51 4 4 149
5 52 6 2 19
5 53 4 6 5046
5 54 6 6 6985
5 55 10 4 311
5 56 7 4 168
5 57 10 3 132
5 58 3 3 54
5 59 7 5 880
5 60 8 2 29
5 61 7 4 692
5 62 7 3 119
5 63 1 6 2563
6 0 2 4 52
6 1 4 3 86
6 2 6 4 579
6 3 9 1 11
6 4 6 3 74
6 5 8 4 264
6 6 1 5 310
6 7 8 2 22
6 8 9 4 847
6 9 5 5 614
6 10 4 3 37
6 11 7 3 89
6 12 6 8 485862
6 13 5 4 562
6 14 8 2 18
6 15 3 5 778
6 16 2 5 580
6 17 5 3 57
6 18 3 3 35
6 19 8 4 321
6 20 5 3 32
6 21 1 5 354
6 22 2 4 125
6 23 8 2 35
6 24 9 4 673
6 25 6 2 22
6 26 8 3 55
6 27 3 3 28
6 28 7 3 120
6 29 4 5 770
6 30 8 5 1144
6 31 3 4 172
6 32 4 2 20
6 33 8 2 35
6 34 4 3 27
6 35 4 3 79
6 36 1 4 32
6 37 3 3 58
6 38 2 3 31
6 39 7 6 4976
6 40 1 4 27
6 41 6 4 172
6 42 2 4 96
6 43 10 4 632
6 44 1 6 4871
6 45 7 3 137
6 46 6 3 81
6 47 1 5 329
6 48 8 2 20
6 49 9 1 8
6 50 6 5 1572
6 51 7 4 208
6 52 2 4 195
6 53 6 2 26
6 54 6 5 922
6 55 8 2 20
6 56 7 3 87
6 57 3 4 258
6 58 1 4 65
6 59 2 5 270
6 60 9 2 39
6 61 3 5 1736
6 62 7 3 58
6 63 1 4 82
7 0 8 2 40
7 1 9 3 99
7 2 7 3 60
7 3 7 6 30694
7 4 9 2 29
7 5 8 2 24
7 6 9 4 300
7 7 5 3 34
7 8 10 5 2828
7 9 3 3 42
7 10 4 3 69
7 11 7 3 38
7 12 1 5 586
7 13 8 3 118
7 14 6 3 35
7 15 10 2 48
7 16 1 6 987
7 17 5 5 2589
7 18 3 3 55
7 19 4 5 552
7 20 3 3 62
7 21 8 2 40
7 22 5 5 1103
7 23 7 2 31
7 24 1 5 686
7 25 10 3 75
7 26 4 6 3576
7 27 9 4 354
7 28 1 4 33
7 29 6 5 1347
7 30 6 3 37
7 31 9 5 3367
7 32 9 4 402
7 33 2 3 41
7 34 9 5 1216
7 35 5 3 83
7 36 10 2 43
7 37 5 4 187
7 38 5 3 55
7 39 1 5 361
7 40 10 2 51
7 41 3 3 37
7 42 2 3 40
7 43 10 3 89
7 44 3 4 136
7 45 4 3 34
7 46 1 5 340
7 47 9 2 29
7 48 3 3 45
7 49 2 3 22
7 50 4 5 840
7 51 5 4 347
7 52 9 2 24
7 53 3 3 23
7 54 10 4 491
7 55 4 2 21
7 56 10 2 21
7 57 7 3 83
7 58 9 3 56
7 59 8 4 205
7 60 2 4 162
7 61 2 3 40
7 62 6 3 64
7 63 2 3 28
8 0 5 1 8
8 1 4 3 31
8 2 6 3 71
8 3 4 3 32
8 4 6 3 38
8 5 9 1 14
8 6 7 2 27
8 7 9 1 5
8 8 1 5 249
8 9 5 3 75
8 10 9 3 58
8 11 2 4 58
8 12 6 4 143
8 13 9 5 1334
8 14 8 2 18
8 15 7 4 280
8 16 3 4 290
8 17 8 3 107
8 18 8 4 766
8 19 10 4 255
8 20 1 5 450
8 21 7 3 63
8 22 4 6 4462
8 23 6 2 13
8 24 3 5 457
8 25 6 3 47
8 26 10 4 231
8 27 5 5 1777
8 28 2 4 68
8 29 4 3 46
8 30 4 3 54
8 31 10 1 17
8 32 7 2 36
8 33 7 2 14
8 34 1 7 13280
8 35 1 4 89
8 36 2 4 46
8 37 10 3 132
8 38 2 4 201
8 39 2 4 97
8 40 8 2 15
8 41 9 2 47
8 42 2 4 191
8 43 4 5 542
8 44 1 4 24
8 45 3 3 20
8 46 8 2 18
8 47 10 2 36
8 48 9 2 39
8 49 10 2 18
8 50 7 5 4206
8 51 10 2 31
8 52 5 4 126
8 53 3 1 4
8 54 9 2 18
8 55 4 4 150
8 56 9 5 1950
8 57 5 3 31
8 58 3 5 544
8 59 10 4 445
8 60 6 4 203
8 61 9 4 392
8 62 6 3 54
8 63 4 3 54
9 0 9 6 20884
9 1 7 2 19
9 2 8 3 51
9 3 8 4 294
9 4 9 2 43
9 5 7 2 29
9 6 3 5 1206
9 7 6 5 701
9 8 6 4 210
9 9 3 3 24
9 10 3 3 27
9 11 5 4 354
9 12 6 3 81
9 13 4 2 18
9 14 10 2 39
9 15 1 6 884
9 16 3 4 69
9 17 1 6 2661
9 18 1 3 20
9 19 10 2 31
9 20 3 3 52
9 21 3 3 19
9 22 5 5 865
9 23 3 6 3130
9 24 8 4 323
9 25 9 3 66
9 26 3 4 157
9 27 8 2 34
9 28 3 3 64
9 29 2 3 29
9 30 1 5 175
9 31 6 4 269
9 32 10 5 4902
9 33 1 5 525
9 34 9 4 533
9 35 8 3 65
9 36 5 3 101
9 37 10 2 24
9 38 3 4 292
9 39 2 3 27
9 40 6 2 18
9 41 3 3 66
9 42 7 5 1005
9 43 2 3 42
9 44 8 2 31
9 45 4 4 345
9 46 5 3 38
9 47 8 3 79
9 48 10 3 55
9 49 8 3 100
9 50 7 6 11070
9 51 8 4 190
9 52 7 3 61
9 53 3 4 99
9 54 2 3 20
9 55 8 2 20
9 56 2 6 2178
9 57 2 6 2372
9 58 7 2 20
9 59 1 5 692
9 60 8 4 499
9 61 4 4 155
9 62 7 2 24
9 63 10 1 15
10 0 10 2 18
10 1 2 5 1307
10 2 4 3 45
10 3 6 3 65
10 4 3 3 18
10 5 8 3 67
10 6 7 3 61
10 7 2 5 413
10 8 5 3 28
10 9 1 4 65
10 10 1 4 69
10 11 10 3 112
10 12 7 3 54
10 13 3 3 44
10 14 4 6 5948
10 15 6 3 89
10 16 1 4 34
10 17 10 3 178
10 18 10 2 41
10 19 2 5 276
10 20 3 5 554
10 21 4 4 200
10 22 5 3 36
10 23 10 3 57
10 24 5 3 94
10 25 1 4 42
10 26 9 2 20
10 27 1 5 277
10 28 10 3 54
10 29 7 4 242
10 30 10 1 17
10 31 10 1 6
10 32 10 2 40
10 33 3 6 2253
10 34 9 1 13
10 35 9 3 102
10 36 10 3 73
10 37 1 5 224
10 38 9 4 556
10 39 8 3 84
10 40 3 5 922
10 41 5 5 888
10 42 2 5 1351
10 43 6 7 69382
10 44 5 4 263
10 45 8 5 1930
10 46 10 3 89
10 47 3 5 1239
10 48 6 3 66
10 49 6 2 24
10 50 3 3 27
10 51 8 2 28
10 52 1 4 47
10 53 1 5 349
10 54 8 3 51
10 55 5 5 1683
10 56 1 4 82
10 57 6 2 21
10 58 3 4 211
10 59 4 3 64
10 60 7 3 54
10 61 1 4 48
10 62 4 4 143
10 63 7 2 19
11 0 7 5 1862
11 1 5 3 31
11 2 7 2 24
11 3 2 6 3740
11 4 8 3 52
11 5 5 4 124
11 6 9 4 632
11 7 9 3 135
11 8 8 4 419
11 9 6 4 251
11 10 9 2 44
11 11 5 3 29
11 12 4 6 4748
11 13 1 3 11
11 14 10 3 63
11 15 9 2 16
11 16 9 1 5
11 17 8 4 884
11 18 2 3 28
11 19 7 2 16
11 20 7 3 59
11 21 3 2 15
11 22 4 4 195
11 23 6 4 272
11 24 8 1 11
11 25 7 4 161
11 26 3 3 46
11 27 7 3 63
11 28 7 6 18829
11 29 3 3 49
11 30 7 3 101
11 31 6 4 172
11 32 7 2 32
11 33 5 3 29
11 34 1 4 65
11 35 7 4 713
11 36 4 4 212
11 37 3 4 89
11 38 9 2 29
11 39 10 1 7
11 40 7 3 79
11 41 8 4 300
11 42 7 2 16
11 43 10 3 164
11 44 2 4 62
11 45 4 3 70
11 46 10 5 3641
11 47 5 5 3265
11 48 3 3 39
11 49 2 5 552
11 50 2 4 181
11 51 2 4 223
11 52 10 2 29
11 53 1 4 95
11 54 3 4 275
11 55 7 3 53
11 56 6 2 17
11 57 6 3 84
11 58 6 3 49
11 59 9 2 21
11 60 4 5 1582
11 61 2 4 65
11 62 1 3 22
11 63 4 5 503
12 0 6 3 52
12 1 5 4 204
12 2 2 4 95
12 3 3 4 95
12 4 3 3 52
12 5 8 1 14
12 6 6 4 182
12 7 6 3 58
12 8 7 5 1684
12 9 5 3 62
12 10 3 3 60
12 11 3 4 195
12 12 3 4 176
12 13 2 6 3198
12 14 1 4 69
12 15 7 5 2287
12 16 1 6 1648
12 17 9 4 657
12 18 7 3 75
12 19 5 4 550
12 20 6 4 584
12 21 7 5 1226
12 22 6 3 38
12 23 4 4 173
12 24 7 7 104996
12 25 5 3 59
12 26 10 2 21
12 27 5 3 43
12 28 6 3 87
12 29 2 3 22
12 30 1 5 273
12 31 8 6 24243
12 32 3 4 231
12 33 3 3 35
12 34 5 2 20
12 35 5 4 126
12 36 6 3 78
12 37 1 4 52
12 38 9 3 106
12 39 2 4 141
12 40 1 6 1414
12 41 7 3 75
12 42 1 5 281
12 43 4 7 133920
12 44 10 2 28
12 45 10 5 1583
12 46 5 1 7
12 47 6 4 133
12 48 4 3 23
12 49 4 4 137
12 50 4 3 27
12 51 5 2 23
12 52 6 1 6
12 53 6 5 1361
12 54 8 2 32
12 55 6 5 715
12 56 2 5 281
12 57 10 4 231
12 58 8 4 258
12 59 9 5 3523
12 60 4 3 40
12 61 2 5 230
12 62 10 1 17
12 63 5 2 19
13 0 7 5 4800
13 1 2 3 30
13 2 7 3 137
13 3 10 3 93
13 4 8 4 444
13 5 4 3 24
13 6 5 2 25
13 7 10 3 127
13 8 7 3 66
13 9 7 3 42
13 10 10 4 509
13 11 10 4 501
13 12 3 5 1716
13 13 8 4 667
13 14 4 2 16
13 15 8 4 493
13 16 1 6 1326
13 17 7 3 135
13 18 3 4 162
13 19 5 2 16
13 20 10 4 642
13 21 2 5 364
13 22 2 4 65
13 23 5 4 421
13 24 9 6 10295
13 25 3 4 95
13 26 5 3 69
13 27 9 3 61
13 28 7 4 683
13 29 6 3 129
13 30 2 4 153
13 31 7 3 52
13 32 6 6 10513
13 33 7 4 227
13 34 6 3 64
13 35 8 5 1808
13 36 3 3 16
13 37 2 4 172
13 38 7 2 24
13 39 6 3 72
13 40 5 4 123
13 41 9 3 103
13 42 5 4 189
13 43 10 4 363
13 44 2 3 44
13 45 7 3 55
13 46 9 4 880
13 47 1 4 23
13 48 3 3 36
13 49 3 5 694
13 50 6 4 336
13 51 10 2 21
13 52 4 3 55
13 53 6 3 71
13 54 8 3 74
13 55 6 2 16
13 56 1 3 11
13 57 6 3 129
13 58 10 3 82
13 59 10 2 42
13 60 3 5 962
13 61 3 4 139
13 62 8 2 22
13 63 8 3 114
14 0 3 5 600
14 1 5 3 69
14 2 8 5 2980
14 3 7 2 18
14 4 7 4 347
14 5 10 3 63
14 6 4 3 31
14 7 3 3 65
14 8 6 2 23
14 9 3 3 40
14 10 4 3 32
14 11 1 4 80
14 12 1 4 46
14 13 9 2 43
14 14 1 6 773
14 15 1 6 2110
14 16 4 4 135
14 17 10 4 1019
14 18 10 3 69
14 19 3 4 150
14 20 7 2 35
14 21 10 4 568
14 22 9 5 1038
14 23 8 5 1620
14 24 9 3 80
14 25 7 7 118508
14 26 9 3 80
14 27 8 5 1023
14 28 4 5 732
14 29 5 3 99
14 30 10 3 65
14 31 7 3 126
14 32 6 4 139
14 33 10 3 85
14 34 8 4 383
14 35 6 3 56
14 36 4 2 11
14 37 3 5 1419
14 38 7 3 95
14 39 1 5 123
14 40 3 3 17
14 41 8 2 34
14 42 3 6 5850
14 43 3 3 37
14 44 4 2 21
14 45 8 3 87
14 46 7 3 83
14 47 10 1 14
14 48 2 4 54
14 49 5 4 187
14 50 4 2 21
14 51 5 3 39
14 52 5 2 24
14 53 8 2 15
14 54 5 2 17
14 55 4 3 23
14 56 1 4 59
14 57 7 5 1076
14 58 9 1 7
14 59 10 2 44
14 60 5 4 187
14 61 7 6 13820
14 62 2 3 33
14 63 10 3 144
15 0 10 2 20
15 1 4 3 80
15 2 6 3 77
15 3 7 4 403
15 4 2 4 198
15 5 7 1 10
15 6 4 3 69
15 7 9 3 76
15 8 10 4 539
15 9 9 4 243
15 10 5 5 852
15 11 1 4 57
15 12 8 4 305
15 13 1 4 32
15 14 2 4 73
15 15 9 1 9
15 16 3 3 25
15 17 3 3 30
15 18 5 4 238
15 19 4 4 268
15 20 10 5 1592
15 21 8 4 270
15 22 4 3 45
15 23 3 3 51
15 24 2 2 9
15 25 6 3 64
15 26 6 2 24
15 27 7 3 101
15 28 9 2 31
15 29 10 2 46
15 30 10 3 86
15 31 9 5 3177
15 32 3 4 90
15 33 1 6 1640
15 34 4 6 3981
15 35 4 3 88
15 36 3 2 14
15 37 3 5 474
15 38 7 5 1643
15 39 5 3 74
15 40 1 5 202
15 41 3 5 985
15 42 4 3 52
15 43 7 3 95
15 44 8 5 2158
15 45 9 3 59
15 46 4 3 59
15 47 3 3 17
15 48 5 4 332
15 49 4 2 13
15 50 8 3 79
15 51 4 2 20
15 52 1 5 278
15 53 10 3 157
15 54 1 6 3190
15 55 3 5 357
15 56 6 3 43
15 57 1 4 84
15 58 8 2 19
15 59 4 5 805
15 60 2 3 26
15 61 2 5 487
15 62 6 3 36
15 63 7 3 53
16 0 9 3 65
16 1 1 5 182
16 2 3 5 1247
16 3 3 3 22
16 4 7 3 93
16 5 5 3 41
16 6 5 4 125
16 7 3 4 259
16 8 6 4 235
16 9 8 4 271
16 10 4 4 208
16 11 6 3 94
16 12 3 4 165
16 13 6 6 7928
16 14 7 2 19
16 15 4 3 82
16 16 5 3 65
16 17 10 3 189
16 18 8 3 53
16 19 1 6 1811
16 20 2 5 803
16 21 5 3 28
16 22 7 2 26
16 23 1 5 170
16 24 8 3 43
16 25 8 3 64
16 26 6 3 68
16 27 6 3 66
16 28 4 3 25
16 29 5 5 606
16 30 4 3 59
16 31 2 3 24
16 32 1 7 7277
16 33 2 4 190
16 34 5 3 28
16 35 1 5 229
16 36 6 2 24
16 37 9 5 1166
16 38 8 4 521
16 39 2 3 25
16 40 1 6 1508
16 41 3 5 848
16 42 3 3 45
16 43 5 6 24147
16 44 9 4 633
16 45 3 5 363
16 46 6 3 55
16 47 7 3 122
16 48 8 3 47
16 49 6 3 127
16 50 2 3 26
16 51 4 4 230
16 52 3 3 50
16 53 8 4 306
16 54 2 6 1726
16 55 4 3 37
16 56 10 3 190
16 57 4 7 26082
16 58 1 4 34
16 59 3 3 33
16 60 3 4 106
16 61 7 4 386
16 62 1 6 1243
16 63 5 4 121
17 0 6 3 39
17 1 5 3 47
17 2 4 3 30
17 3 2 5 557
17 4 4 4 112
17 5 8 3 116
17 6 1 5 264
17 7 4 4 322
17 8 10 2 21
17 9 2 3 40
17 10 9 3 51
17 11 7 4 173
17 12 9 2 39
17 13 1 4 46
17 14 4 3 79
17 15 1 5 168
17 16 2 3 18
17 17 8 4 344
17 18 10 2 49
17 19 8 3 72
17 20 5 4 232
17 21 2 6 6155
17 22 6 3 52
17 23 10 3 123
17 24 10 4 307
17 25 10 2 49
17 26 8 6 9208
17 27 10 4 233
17 28 8 2 16
17 29 6 3 124
17 30 8 3 139
17 31 10 3 180
17 32 1 4 25
17 33 10 3 96
17 34 9 2 46
17 35 1 4 77
17 36 9 5 1402
17 37 3 3 25
17 38 8 2 29
17 39 5 4 427
17 40 3 5 367
17 41 8 5 2653
17 42 9 2 38
17 43 10 2 50
17 44 3 3 30
17 45 1 4 50
17 46 9 3 71
17 47 8 2 26
17 48 10 2 30
17 49 8 2 33
17 50 4 4 357
17 51 10 4 876
17 52 9 6 10270
17 53 1 4 111
17 54 7 4 207
17 55 8 3 50
17 56 1 4 102
17 57 6 5 1046
17 58 3 4 104
17 59 7 2 26
17 60 9 4 292
17 61 1 5 201
17 62 9 2 22
17 63 10 2 43
18 0 7 2 36
18 1 1 4 39
18 2 9 3 52
18 3 5 4 235
18 4 7 2 23
18 5 6 5 1312
18 6 4 3 58
18 7 9 3 81
18 8 10 1 10
18 9 8 2 19
18 10 10 2 19
18 11 8 6 5717
18 12 3 7 16431
18 13 3 6 5537
18 14 9 6 8809
18 15 3 4 89
18 16 8 5 998
18 17 10 3 134
18 18 7 2 31
18 19 10 3 151
18 20 10 4 286
18 21 5 3 89
18 22 6 2 29
18 23 10 3 189
18 24 9 2 16
18 25 1 3 12
18 26 9 4 199
18 27 7 2 35
18 28 2 6 1855
18 29 4 4 347
18 30 3 4 75
18 31 1 5 190
18 32 5 3 45
18 33 9 3 55
18 34 5 6 14562
18 35 7 4 406
18 36 6 3 55
18 37 5 2 11
18 38 2 4 50
18 39 9 2 20
18 40 4 3 25
18 41 2 3 42
18 42 3 4 104
18 43 3 5 413
18 44 7 3 153
18 45 7 4 206
18 46 1 6 849
18 47 6 6 5029
18 48 2 4 51
18 49 3 4 157
18 50 7 3 122
18 51 7 6 7954
18 52 2 3 39
18 53 1 4 41
18 54 10 3 83
18 55 7 5 4176
18 56 1 6 1461
18 57 1 3 13
18 58 10 2 43
18 59 8 4 672
18 60 4 3 68
18 61 7 3 56
18 62 7 3 108
18 63 4 4 95
19 0 6 3 49
19 1 8 5 3710
19 2 6 3 61
19 3 6 3 91
19 4 2 4 92
19 5 9 3 92
19 6 3 3 25
19 7 9 3 147
19 8 4 5 2515
19 9 10 7 126678
19 10 3 3 45
19 11 8 3 46
19 12 6 3 44
19 13 1 6 3295
19 14 7 4 182
19 15 7 4 507
19 16 2 4 60
19 17 6 4 205
19 18 4 6 12783
19 19 10 4 605
19 20 9 3 71
19 21 5 6 20043
19 22 1 4 30
19 23 5 6 6011
19 24 9 2 31
19 25 7 4 247
19 26 6 4 135
19 27 3 3 47
19 28 8 3 124
19 29 4 4 354
19 30 8 4 181
19 31 4 3 26
19 32 7 2 21
19 33 8 6 6913
19 34 7 5 1206
19 35 10 2 37
19 36 9 2 20
19 37 5 3 44
19 38 10 4 336
19 39 9 4 211
19 40 9 2 28
19 41 7 3 40
19 42 2 3 31
19 43 4 4 232
19 44 2 4 90
19 45 6 2 27
19 46 8 5 1749
19 47 8 2 32
19 48 6 3 43
19 49 5 3 61
19 50 7 4 185
19 51 8 4 434
19 52 8 5 2104
19 53 2 3 23
19 54 4 2 8
19 55 3 3 18
19 56 1 6 878
19 57 8 4 197
19 58 9 2 27
19 59 5 4 240
19 60 9 3 76
19 61 9 3 153
19 62 3 4 129
19 63 1 4 38
20 0 3 6 3257
20 1 10 2 25
20 2 4 3 27
20 3 9 3 173
20 4 6 3 85
20 5 1 3 21
20 6 1 7 5249
20 7 8 5 1145
20 8 8 3 56
20 9 5 2 22
20 10 6 5 1743
20 11 6 2 19
20 12 1 4 37
20 13 9 4 264
20 14 2 6 2650
20 15 8 2 28
20 16 3 4 200
20 17 1 6 1046
20 18 9 6 12156
20 19 1 4 83
20 20 7 5 1095
20 21 5 4 432
20 22 8 1 9
20 23 1 4 27
20 24 9 3 84
20 25 3 3 66
20 26 1 4 77
20 27 1 4 40
20 28 9 2 32
20 29 5 4 256
20 30 4 2 20
20 31 1 4 26
20 32 2 3 39
20 33 10 4 409
20 34 10 3 69
20 35 4 4 220
20 36 10 2 18
20 37 2 5 274
20 38 3 6 4612
20 39 10 4 732
20 40 6 6 4220
20 41 6 3 74
20 42 4 4 155
20 43 1 4 53
20 44 10 3 104
20 45 1 4 92
20 46 2 3 28
20 47 3 4 77
20 48 9 4 721
20 49 1 4 42
20 50 6 3 62
20 51 2 5 244
20 52 7 3 39
20 53 2 4 119
20 54 4 3 31
20 55 8 3 102
20 56 10 2 32
20 57 6 3 109
20 58 8 3 122
20 59 5 3 34
20 60 10 3 73
20 61 6 3 32
20 62 1 5 366
20 63 1 3 21
21 0 2 3 37
21 1 2 3 14
21 2 8 4 628
21 3 2 4 65
21 4 8 3 166
21 5 4 4 136
21 6 6 2 26
21 7 1 4 36
21 8 10 3 111
21 9 3 5 369
21 10 9 3 119
21 11 10 3 124
21 12 6 5 2207
21 13 10 4 247
21 14 7 1 5
21 15 9 1 10
21 16 5 3 37
21 17 1 6 894
21 18 7 4 200
21 19 2 4 124
21 20 8 3 129
21 21 3 3 21
21 22 10 3 119
21 23 8 6 6783
21 24 10 3 126
21 25 8 3 152
21 26 4 5 1981
21 27 2 4 100
21 28 9 4 619
21 29 4 4 233
21 30 7 2 17
21 31 10 4 757
21 32 3 4 155
21 33 8 4 361
21 34 10 2 33
21 35 6 3 62
21 36 7 4 200
21 37 9 4 250
21 38 9 3 195
21 39 6 3 95
21 40 5 3 65
21 41 8 1 13
21 42 1 5 391
21 43 4 5 520
21 44 2 4 137
21 45 9 3 115
21 46 7 5 1492
21 47 10 5 4734
21 48 8 2 27
21 49 2 6 5072
21 50 3 5 1333
21 51 3 2 12
21 52 7 1 9
21 53 5 3 65
21 54 7 3 63
21 55 4 3 24
21 56 3 3 19
21 57 4 3 30
21 58 7 2 31
21 59 5 3 47
21 60 3 3 29
21 61 10 3 199
21 62 9 2 21
21 63 1 5 499
22 0 9 3 127
22 1 8 4 287
22 2 1 4 42
22 3 4 4 231
22 4 2 6 2669
22 5 2 7 76324
22 6 4 5 502
22 7 8 4 380
22 8 7 5 1034
22 9 1 4 38
22 10 4 5 906
22 11 1 5 385
22 12 9 5 3229
22 13 3 4 251
22 14 4 2 21
22 15 7 2 32
22 16 6 2 14
22 17 4 5 1059
22 18 1 5 248
22 19 8 3 43
22 20 9 2 21
22 21 9 3 78
22 22 2 3 41
22 23 10 3 149
22 24 6 4 195
22 25 5 4 198
22 26 6 3 125
22 27 10 3 110
22 28 1 5 420
22 29 2 6 6500
22 30 9 4 292
22 31 1 8 58350
22 32 9 2 47
22 33 1 4 55
22 34 4 2 21
22 35 2 5 257
22 36 7 5 951
22 37 4 3 24
22 38 8 3 51
22 39 9 2 45
22 40 3 3 28
22 41 7 2 30
22 42 1 4 89
22 43 9 5 1408
22 44 5 4 299
22 45 9 5 3309
22 46 7 5 2487
22 47 3 3 30
22 48 10 2 26
22 49 5 4 424
22 50 9 3 60
22 51 2 5 300
22 52 3 3 29
22 53 6 3 87
22 54 1 3 15
22 55 7 4 171
22 56 8 2 24
22 57 9 2 41
22 58 3 3 37
22 59 7 4 610
22 60 2 3 17
22 61 5 4 143
22 62 3 4 92
22 63 1 4 39
23 0 2 4 62
23 1 7 4 264
23 2 1 5 457
23 3 5 5 745
23 4 1 4 71
23 5 10 3 128
23 6 6 4 166
23 7 2 3 12
23 8 7 4 162
23 9 9 2 39
23 10 8 2 23
23 11 10 2 23
23 12 2 4 56
23 13 7 2 27
23 14 10 4 345
23 15 1 6 1666
23 16 8 4 391
23 17 2 6 6735
23 18 8 2 40
23 19 1 4 57
23 20 2 6 2874
23 21 5 4 213
23 22 9 4 408
23 23 5 2 24
23 24 4 6 13467
23 25 1 4 38
23 26 2 5 684
23 27 6 3 78
23 28 3 4 77
23 29 9 4 640
23 30 5 3 35
23 31 1 5 152
23 32 5 2 18
23 33 8 2 31
23 34 3 3 42
23 35 8 3 64
23 36 6 5 1468
23 37 2 3 28
23 38 8 3 49
23 39 3 4 74
23 40 8 4 594
23 41 2 4 68
23 42 3 4 127
23 43 6 3 73
23 44 6 5 2914
23 45 7 4 320
23 46 2 4 127
23 47 3 4 190
23 48 9 2 27
23 49 8 3 56
23 50 10 3 70
23 51 8 4 493
23 52 10 5 4988
23 53 4 4 158
23 54 6 3 63
23 55 6 5 2168
23 56 2 4 189
23 57 10 3 77
23 58 1 4 28
23 59 3 4 204
23 60 3 3 60
23 61 7 4 279
23 62 7 5 4544
23 63 5 3 70
24 0 9 3 103
24 1 9 3 81
24 2 4 4 313
24 3 7 2 22
24 4 8 3 121
24 5 8 2 28
24 6 4 2 15
24 7 1 6 1690
24 8 10 4 682
24 9 2 3 26
24 10 7 3 96
24 11 8 3 77
24 12 4 3 24
24 13 6 3 36
24 14 2 7 13960
24 15 4 6 5578
24 16 7 5 896
24 17 2 4 152
24 18 2 4 152
24 19 10 4 563
24 20 4 4 272
24 21 1 6 1840
24 22 2 3 22
24 23 3 5 552
24 24 2 3 43
24 25 3 4 109
24 26 8 3 64
24 27 4 4 129
24 28 6 2 19
24 29 3 6 6148
24 30 3 3 42
24 31 3 3 37
24 32 8 2 28
24 33 9 3 58
24 34 9 4 294
24 35 6 5 1600
24 36 6 2 21
24 37 9 5 1709
24 38 2 4 53
24 39 10 2 22
24 40 6 4 459
24 41 6 3 81
24 42 5 3 31
24 43 8 3 126
24 44 10 4 785
24 45 9 4 213
24 46 8 3 61
24 47 9 3 141
24 48 3 4 126
24 49 6 4 330
24 50 9 3 132
24 51 7 2 34
24 52 10 2 37
24 53 6 4 527
24 54 6 5 2152
24 55 7 2 21
24 56 10 4 385
24 57 7 3 81
24 58 1 4 27
24 59 8 3 72
24 60 1 5 137
24 61 1 6 2134
24 62 8 3 87
24 63 3 4 95
25 0 6 2 28
25 1 6 4 255
25 2 6 2 22
25 3 5 6 10884
25 4 7 4 534
25 5 7 4 229
25 6 10 3 54
25 7 9 3 176
25 8 6 6 5152
25 9 8 3 135
25 10 8 3 107
25 11 3 6 7118
25 12 9 3 174
25 13 7 3 106
25 14 3 4 113
25 15 1 3 16
25 16 8 4 260
25 17 5 3 86
25 18 7 3 48
25 19 7 3 73
25 20 8 2 34
25 21 2 5 329
25 22 9 3 48
25 23 9 2 29
25 24 9 3 119
25 25 3 5 1087
25 26 10 3 214
25 27 3 6 2174
25 28 9 2 17
25 29 6 2 21
25 30 8 2 24
25 31 1 4 46
25 32 6 3 62
25 33 7 4 171
25 34 10 3 93
25 35 2 5 408
25 36 1 6 3615
25 37 6 4 192
25 38 8 3 87
25 39 8 2 21
25 40 8 1 8
25 41 6 5 1448
25 42 2 3 16
25 43 3 4 255
25 44 4 5 1390
25 45 1 4 29
25 46 1 4 46
25 47 2 5 884
25 48 5 2 26
25 49 8 3 56
25 50 8 6 8396
25 51 3 4 128
25 52 5 3 34
25 53 7 3 118
25 54 4 3 59
25 55 6 2 21
25 56 4 3 70
25 57 10 3 74
25 58 10 1 13
25 59 10 4 1015
25 60 3 4 115
25 61 3 5 983
25 62 10 3 63
25 63 1 4 57
26 0 2 3 25
26 1 4 2 20
26 2 6 2 17
26 3 6 2 27
26 4 6 5 2733
26 5 8 2 30
26 6 7 3 95
26 7 7 3 73
26 8 6 4 303
26 9 2 5 500
26 10 5 5 688
26 11 3 5 404
26 12 6 2 26
26 13 3 6 3340
26 14 1 4 24
26 15 1 3 22
26 16 5 3 101
26 17 2 4 224
26 18 8 5 3746
26 19 3 4 85
26 20 7 3 93
26 21 1 4 39
26 22 2 6 3282
26 23 2 3 23
26 24 2 4 120
26 25 1 5 245
26 26 5 4 366
26 27 2 4 48
26 28 7 3 65
26 29 1 6 898
26 30 4 4 398
26 31 4 4 327
26 32 9 3 102
26 33 1 5 297
26 34 4 4 219
26 35 9 2 32
26 36 8 5 1059
26 37 6 2 25
26 38 5 4 181
26 39 4 5 2532
26 40 6 3 57
26 41 1 4 36
26 42 7 3 105
26 43 1 4 74
26 44 10 3 60
26 45 9 5 1414
26 46 5 3 35
26 47 9 3 111
26 48 10 4 1075
26 49 4 3 77
26 50 6 6 16589
26 51 5 5 814
26 52 9 2 37
26 53 8 4 853
26 54 2 3 32
26 55 10 3 89
26 56 6 4 210
26 57 4 3 52
26 58 7 6 7030
26 59 6 3 37
26 60 9 2 32
26 61 6 3 74
26 62 8 4 618
26 63 3 4 78
27 0 8 3 112
27 1 4 5 2039
27 2 2 3 38
27 3 6 5 1307
27 4 10 3 148
27 5 10 6 7212
27 6 5 6 5017
27 7 1 7 5576
27 8 5 3 104
27 9 1 4 58
27 10 9 3 138
27 11 2 3 31
27 12 10 2 31
27 13 7 2 18
27 14 6 4 665
27 15 7 4 245
27 16 3 4 283
27 17 7 2 28
27 18 7 3 49
27 19 5 3 64
27 20 1 5 266
27 21 2 4 211
27 22 3 4 97
27 23 1 7 28738
27 24 6 3 54
27 25 2 3 44
27 26 5 3 83
27 27 2 6 1867
27 28 2 3 24
27 29 5 4 192
27 30 7 2 23
27 31 7 3 69
27 32 9 2 37
27 33 9 1 5
27 34 9 2 21
27 35 7 3 91
27 36 6 2 17
27 37 4 5 1882
27 38 7 3 65
27 39 3 4 98
27 40 6 4 485
27 41 9 2 44
27 42 7 4 190
27 43 9 3 103
27 44 6 3 106
27 45 6 6 7540
27 46 1 4 111
27 47 8 5 913
27 48 6 3 41
27 49 8 2 36
27 50 3 3 51
27 51 9 2 24
27 52 8 3 54
27 53 5 2 23
27 54 8 3 137
27 55 8 2 22
27 56 7 5 2921
27 57 4 3 51
27 58 10 3 80
27 59 8 2 23
27 60 8 1 9
27 61 6 3 71
27 62 8 2 25
27 63 6 3 57
28 0 10 3 204
28 1 10 2 31
28 2 4 3 37
28 3 10 2 49
28 4 9 4 697
28 5 7 2 35
28 6 6 4 421
28 7 9 5 3277
28 8 2 4 123
28 9 5 4 275
28 10 3 3 48
28 11 1 3 11
28 12 10 3 165
28 13 5 5 1633
28 14 2 5 836
28 15 9 4 560
28 16 6 3 43
28 17 9 4 800
28 18 1 3 15
28 19 3 5 1081
28 20 10 3 90
28 21 5 2 20
28 22 2 3 25
28 23 1 7 10178
28 24 1 4 98
28 25 7 4 167
28 26 7 2 13
28 27 5 3 100
28 28 4 3 46
28 29 8 5 5242
28 30 3 5 361
28 31 4 4 227
28 32 9 3 55
28 33 8 4 244
28 34 10 2 20
28 35 3 4 171
28 36 9 2 35
28 37 4 3 31
28 38 2 4 107
28 39 9 2 21
28 40 9 4 324
28 41 9 3 169
28 42 9 2 40
28 43 8 3 84
28 44 7 3 73
28 45 4 3 25
28 46 7 1 12
28 47 7 3 46
28 48 2 5 697
28 49 2 4 146
28 50 6 5 2368
28 51 7 4 166
28 52 4 3 42
28 53 7 3 65
28 54 1 4 97
28 55 1 3 17
28 56 2 3 30
28 57 3 4 69
28 58 3 3 52
28 59 5 2 15
28 60 9 4 276
28 61 2 4 202
28 62 9 4 490
28 63 7 2 33
29 0 4 2 10
29 1 6 5 815
29 2 6 5 858
29 3 9 5 2861
29 4 9 1 3
29 5 10 4 274
29 6 1 4 24
29 7 2 4 165
29 8 1 3 19
29 9 2 3 20
29 10 7 2 24
29 11 6 3 35
29 12 6 2 13
29 13 10 4 932
29 14 7 4 157
29 15 8 5 1033
29 16 7 3 53
29 17 4 3 73
29 18 2 5 402
29 19 8 2 15
29 20 3 3 55
29 21 5 4 143
29 22 9 4 270
29 23 5 6 4069
29 24 8 4 375
29 25 3 3 56
29 26 1 5 355
29 27 5 3 43
29 28 1 4 54
29 29 3 6 4511
29 30 4 3 31
29 31 10 4 286
29 32 9 3 60
29 33 9 3 81
29 34 7 3 57
29 35 8 4 366
29 36 2 6 3363
29 37 8 2 31
29 38 1 5 235
29 39 7 1 10
29 40 3 3 40
29 41 6 4 230
29 42 8 2 28
29 43 4 3 22
29 44 1 4 35
29 45 2 7 43275
29 46 7 4 732
29 47 3 5 1511
29 48 10 4 256
29 49 2 5 326
29 50 9 5 1364
29 51 10 3 61
29 52 5 2 14
29 53 7 2 31
29 54 9 2 27
29 55 6 3 65
29 56 9 2 34
29 57 10 3 85
29 58 5 4 194
29 59 6 3 121
29 60 1 4 55
29 61 1 6 2250
29 62 7 2 23
29 63 7 5 1397
30 0 4 3 75
30 1 1 4 31
30 2 1 3 16
30 3 7 3 50
30 4 2 4 51
30 5 9 3 86
30 6 9 5 1081
30 7 5 3 68
30 8 3 2 10
30 9 1 5 419
30 10 3 3 42
30 11 1 3 17
30 12 7 2 37
30 13 10 2 31
30 14 3 4 96
30 15 5 6 3815
30 16 3 6 11547
30 17 10 1 10
30 18 7 2 20
30 19 8 2 23
30 20 8 3 118
30 21 1 4 39
30 22 2 5 284
30 23 2 5 1063
30 24 1 5 241
30 25 7 4 302
30 26 7 4 412
30 27 1 4 48
30 28 6 4 154
30 29 7 1 11
30 30 3 3 40
30 31 2 4 171
30 32 1 4 85
30 33 4 3 23
30 34 9 2 26
30 35 4 4 272
30 36 8 1 10
30 37 5 7 36185
30 38 5 4 171
30 39 4 6 5923
30 40 3 3 59
30 41 10 2 22
30 42 7 5 1114
30 43 5 3 58
30 44 9 3 164
30 45 6 3 88
30 46 8 2 31
30 47 6 2 30
30 48 1 4 28
30 49 7 4 239
30 50 1 4 84
30 51 5 3 82
30 52 6 3 32
30 53 4 3 27
30 54 6 4 202
30 55 8 6 6202
30 56 3 5 428
30 57 2 5 828
30 58 1 5 145
30 59 2 4 176
30 60 8 2 19
30 61 3 5 611
30 62 4 5 472
30 63 9 4 433
31 0 4 2 14
31 1 4 6 3623
31 2 8 4 267
31 3 7 3 52
31 4 3 4 96
31 5 2 4 56
31 6 5 3 100
31 7 8 2 24
31 8 10 2 21
31 9 3 3 31
31 10 4 4 90
31 11 6 2 19
31 12 2 5 276
31 13 7 3 44
31 14 10 5 1596
31 15 7 3 68
31 16 10 4 237
31 17 1 4 98
31 18 3 3 54
31 19 6 3 75
31 20 2 5 865
31 21 2 4 57
31 22 5 3 93
31 23 4 4 205
31 24 6 3 120
31 25 4 3 39
31 26 2 4 160
31 27 9 2 26
31 28 10 3 126
31 29 9 2 29
31 30 1 3 22
31 31 5 4 269
31 32 4 3 88
31 33 7 3 61
31 34 3 3 30
31 35 9 3 135
31 36 5 3 47
31 37 1 4 48
31 38 4 5 607
31 39 5 3 43
31 40 10 3 105
31 41 2 4 218
31 42 5 4 191
31 43 2 3 27
31 44 7 3 39
31 45 9 2 28
31 46 4 4 326
31 47 4 3 65
31 48 1 5 125
31 49 4 3 51
31 50 4 3 68
31 51 5 4 267
31 52 3 4 109
31 53 3 2 15
31 54 9 2 22
31 55 10 3 54
31 56 6 3 90
31 57 2 3 24
31 58 7 2 21
31 59 3 3 29
31 60 3 3 29
31 61 4 3 63
31 62 10 3 66
31 63 6 4 264
32 0 9 5 1274
32 1 5 4 141
32 2 2 5 542
32 3 10 2 50
32 4 5 2 21
32 5 10 2 47
32 6 6 3 72
32 7 6 2 15
32 8 8 3 112
32 9 1 4 102
32 10 6 3 51
32 11 5 5 611
32 12 9 4 287
32 13 5 4 213
32 14 7 3 94
32 15 4 3 66
32 16 7 3 116
32 17 10 5 1906
32 18 10 2 43
32 19 1 5 382
32 20 5 6 19590
32 21 4 3 24
32 22 5 3 63
32 23 9 4 543
32 24 7 2 27
32 25 10 2 46
32 26 6 3 78
32 27 2 5 466
32 28 6 6 10876
32 29 4 4 105
32 30 5 3 40
32 31 5 3 60
32 32 3 4 72
32 33 4 3 26
32 34 10 3 147
32 35 3 4 69
32 36 2 4 123
32 37 10 2 37
32 38 3 5 573
32 39 8 3 45
32 40 2 3 37
32 41 4 3 35
32 42 4 3 73
32 43 1 4 35
32 44 8 5 1012
32 45 8 2 32
32 46 9 3 48
32 47 8 5 1614
32 48 10 3 56
32 49 8 3 73
32 50 2 3 18
32 51 7 3 41
32 52 4 4 250
32 53 3 5 396
32 54 1 6 3266
32 55 7 4 173
32 56 10 3 55
32 57 1 3 13
32 58 3 5 428
32 59 2 3 24
32 60 1 7 6047
32 61 7 3 87
32 62 5 4 312
32 63 2 4 127
33 0 5 3 54
33 1 6 4 251
33 2 2 3 38
33 3 2 5 270
33 4 8 2 30
33 5 4 5 498
33 6 5 3 27
33 7 3 3 33
33 8 2 3 34
33 9 6 4 236
33 10 9 3 92
33 11 3 6 14199
33 12 6 5 1832
33 13 1 5 250
33 14 3 3 18
33 15 5 3 82
33 16 10 6 11129
33 17 2 5 905
33 18 1 4 28
33 19 6 4 473
33 20 3 4 91
33 21 4 3 28
33 22 4 4 366
33 23 10 2 32
33 24 10 1 14
33 25 5 4 250
33 26 2 5 324
33 27 3 3 52
33 28 5 3 48
33 29 6 4 316
33 30 6 4 504
33 31 1 5 125
33 32 9 2 30
33 33 2 5 819
33 34 5 4 281
33 35 5 3 40
33 36 3 7 24962
33 37 9 3 68
33 38 3 5 555
33 39 7 4 163
33 40 9 3 128
33 41 5 2 14
33 42 8 1 12
33 43 3 3 49
33 44 9 3 148
33 45 4 3 37
33 46 2 5 998
33 47 7 2 36
33 48 8 4 475
33 49 3 3 25
33 50 6 4 211
33 51 6 3 47
33 52 7 3 141
33 53 3 3 18
33 54 2 4 76
33 55 8 2 37
33 56 8 3 106
33 57 6 3 49
33 58 3 4 143
33 59 6 4 305
33 60 10 3 85
33 61 7 2 30
33 62 4 2 11
33 63 3 2 10
34 0 3 3 49
34 1 2 4 54
34 2 1 4 79
34 3 2 3 44
34 4 2 4 97
34 5 8 1 14
34 6 2 3 37
34 7 6 4 224
34 8 5 3 37
34 9 3 2 11
34 10 3 4 76
34 11 8 3 68
34 12 2 7 78748
34 13 8 5 1583
34 14 8 3 76
34 15 2 5 318
34 16 8 4 344
34 17 1 5 120
34 18 6 5 3357
34 19 10 4 567
34 20 9 4 1008
34 21 10 3 127
34 22 8 3 58
34 23 6 3 52
34 24 5 4 194
34 25 4 4 442
34 26 2 5 508
34 27 6 3 52
34 28 7 2 35
34 29 6 4 332
34 30 8 3 68
34 31 7 4 209
34 32 1 4 60
34 33 4 4 386
34 34 2 3 35
34 35 7 5 927
34 36 5 3 32
34 37 8 3 46
34 38 9 4 411
34 39 3 4 285
34 40 3 4 153
34 41 2 4 181
34 42 8 5 1769
34 43 4 4 141
34 44 8 3 90
34 45 1 5 197
34 46 8 3 134
34 47 10 3 96
34 48 1 6 712
34 49 3 3 35
34 50 4 3 42
34 51 1 3 10
34 52 2 5 379
34 53 1 5 168
34 54 7 2 26
34 55 8 3 54
34 56 4 3 79
34 57 2 4 83
34 58 9 3 52
34 59 10 4 395
34 60 10 4 745
34 61 5 5 1684
34 62 1 3 20
34 63 4 4 98
35 0 9 3 52
35 1 5 4 456
35 2 1 6 1231
35 3 4 6 5702
35 4 6 4 269
35 5 4 3 33
35 6 9 2 31
35 7 2 3 29
35 8 6 5 1081
35 9 2 5 428
35 10 5 4 132
35 11 1 6 2181
35 12 9 2 19
35 13 4 5 457
35 14 9 3 62
35 15 4 3 63
35 16 2 4 48
35 17 2 5 835
35 18 4 3 25
35 19 7 3 39
35 20 2 5 847
35 21 10 5 1948
35 22 3 4 171
35 23 8 3 61
35 24 10 3 64
35 25 1 5 184
35 26 8 4 188
35 27 5 3 29
35 28 1 5 201
35 29 9 3 106
35 30 3 5 1250
35 31 7 2 33
35 32 4 3 25
35 33 8 3 91
35 34 8 2 42
35 35 10 4 232
35 36 2 3 19
35 37 6 2 24
35 38 9 3 78
35 39 1 3 16
35 40 1 4 24
35 41 6 3 122
35 42 3 2 10
35 43 7 2 30
35 44 5 3 70
35 45 2 7 47900
35 46 2 4 104
35 47 3 3 23
35 48 1 4 54
35 49 1 6 3383
35 50 10 2 35
35 51 5 3 27
35 52 2 4 55
35 53 9 4 380
35 54 2 7 39337
35 55 10 2 46
35 56 7 2 14
35 57 4 4 149
35 58 9 6 28301
35 59 9 4 216
35 60 5 5 2310
35 61 1 3 21
35 62 6 3 38
35 63 5 3 46
36 0 4 4 294
36 1 9 3 71
36 2 1 4 101
36 3 10 4 311
36 4 7 3 137
36 5 1 6 3178
36 6 8 4 521
36 7 3 3 17
36 8 9 3 144
36 9 3 3 33
36 10 2 4 81
36 11 10 4 925
36 12 5 3 86
36 13 3 4 122
36 14 6 4 286
36 15 7 2 16
36 16 3 5 1598
36 17 4 4 428
36 18 10 4 705
36 19 8 4 717
36 20 8 2 28
36 21 6 3 81
36 22 2 5 436
36 23 7 3 150
36 24 2 5 282
36 25 2 6 6198
36 26 6 4 213
36 27 5 3 72
36 28 8 3 85
36 29 4 3 86
36 30 8 2 33
36 31 8 3 58
36 32 1 3 7
36 33 3 3 26
36 34 7 4 633
36 35 10 3 72
36 36 7 3 77
36 37 2 4 73
36 38 10 4 252
36 39 8 2 23
36 40 3 4 119
36 41 3 4 79
36 42 10 1 15
36 43 10 4 852
36 44 2 3 32
36 45 4 3 28
36 46 9 4 257
36 47 5 5 1452
36 48 8 3 84
36 49 7 3 75
36 50 9 2 37
36 51 3 6 9541
36 52 9 4 805
36 53 5 3 80
36 54 6 3 51
36 55 3 6 3145
36 56 10 2 31
36 57 5 4 536
36 58 9 2 45
36 59 7 5 1111
36 60 10 2 49
36 61 8 5 2357
36 62 8 2 31
36 63 9 3 172
37 0 1 5 358
37 1 8 3 121
37 2 10 2 48
37 3 5 3 45
37 4 7 4 611
37 5 2 3 17
37 6 2 4 203
37 7 9 5 1126
37 8 8 3 44
37 9 5 3 45
37 10 5 4 129
37 11 9 5 4041
37 12 10 4 425
37 13 4 3 52
37 14 7 4 433
37 15 8 4 347
37 16 2 5 375
37 17 4 4 205
37 18 8 2 41
37 19 10 3 109
37 20 10 3 78
37 21 9 5 4565
37 22 4 4 100
37 23 5 4 141
37 24 5 5 1026
37 25 4 4 116
37 26 1 4 51
37 27 5 4 488
37 28 1 3 22
37 29 8 2 36
37 30 7 2 25
37 31 5 3 33
37 32 10 2 42
37 33 2 6 3366
37 34 3 5 845
37 35 1 4 49
37 36 7 2 19
37 37 2 4 164
37 38 7 3 129
37 39 10 2 43
37 40 9 4 737
37 41 6 3 36
37 42 10 3 69
37 43 1 3 19
37 44 8 2 32
37 45 5 4 274
37 46 10 4 542
37 47 9 4 617
37 48 9 2 46
37 49 5 3 38
37 50 9 2 38
37 51 7 5 1272
37 52 5 3 35
37 53 6 3 98
37 54 9 4 726
37 55 6 1 9
37 56 3 3 32
37 57 1 4 96
37 58 1 4 112
37 59 9 4 722
37 60 7 4 521
37 61 8 3 61
37 62 1 4 65
37 63 2 3 22
38 0 2 4 85
38 1 9 4 707
38 2 1 5 162
38 3 9 4 1014
38 4 1 4 59
38 5 6 4 222
38 6 5 3 32
38 7 6 6 7062
38 8 7 3 51
38 9 1 4 84
38 10 9 4 233
38 11 3 4 194
38 12 8 5 1367
38 13 4 4 200
38 14 2 3 19
38 15 2 4 45
38 16 2 2 4
38 17 8 3 78
38 18 7 2 22
38 19 9 5 1130
38 20 2 2 10
38 21 4 4 108
38 22 6 4 172
38 23 6 1 10
38 24 3 3 23
38 25 10 2 51
38 26 3 4 78
38 27 6 3 32
38 28 1 3 13
38 29 5 4 111
38 30 4 4 94
38 31 1 8 146689
38 32 10 2 20
38 33 5 3 82
38 34 1 4 55
38 35 4 3 30
38 36 2 3 13
38 37 8 3 90
38 38 10 4 221
38 39 5 3 56
38 40 5 3 55
38 41 1 4 26
38 42 6 2 24
38 43 5 3 60
38 44 4 2 13
38 45 4 3 71
38 46 3 5 1117
38 47 7 3 51
38 48 10 3 78
38 49 7 5 1762
38 50 5 5 1034
38 51 5 5 821
38 52 8 2 42
38 53 10 3 86
38 54 9 4 333
38 55 5 3 72
38 56 9 1 13
38 57 2 5 338
38 58 3 4 82
38 59 5 4 148
38 60 6 5 863
38 61 1 3 22
38 62 7 4 332
38 63 7 4 657
39 0 3 4 123
39 1 2 3 25
39 2 1 5 221
39 3 1 5 162
39 4 5 2 23
39 5 9 3 49
39 6 4 3 47
39 7 1 4 62
39 8 2 3 43
39 9 9 4 201
39 10 6 4 317
39 11 2 5 599
39 12 5 3 32
39 13 9 3 69
39 14 1 5 176
39 15 9 1 13
39 16 7 3 47
39 17 4 3 38
39 18 5 4 165
39 19 9 1 13
39 20 4 5 2178
39 21 3 3 57
39 22 1 5 127
39 23 8 4 693
39 24 1 6 754
39 25 2 3 42
39 26 7 3 77
39 27 3 3 37
39 28 7 5 1362
39 29 7 1 10
39 30 10 3 57
39 31 2 4 157
39 32 6 2 13
39 33 8 3 120
39 34 2 4 160
39 35 4 4 161
39 36 7 3 65
39 37 9 2 41
39 38 4 4 342
39 39 4 3 53
39 40 6 4 175
39 41 6 2 24
39 42 10 3 55
39 43 1 6 945
39 44 4 2 13
39 45 1 4 98
39 46 10 3 147
39 47 10 3 76
39 48 3 5 639
39 49 4 3 76
39 50 9 4 703
39 51 5 4 452
39 52 2 5 356
39 53 6 3 55
39 54 6 2 27
39 55 4 4 111
39 56 3 4 76
39 57 1 4 32
39 58 7 4 333
39 59 1 5 203
39 60 10 2 26
39 61 4 5 1371
39 62 7 2 37
39 63 10 2 37
40 0 10 3 65
40 1 3 4 252
40 2 10 5 4108
40 3 5 2 21
40 4 10 2 39
40 5 2 3 36
40 6 7 2 23
40 7 4 4 134
40 8 1 5 296
40 9 4 4 185
40 10 2 3 42
40 11 3 3 20
40 12 4 2 9
40 13 1 4 27
40 14 6 5 1562
40 15 7 3 48
40 16 3 6 2222
40 17 6 3 46
40 18 10 4 268
40 19 3 3 49
40 20 10 1 9
40 21 5 4 466
40 22 4 3 51
40 23 8 1 8
40 24 8 2 42
40 25 3 3 24
40 26 6 3 96
40 27 4 4 181
40 28 2 5 949
40 29 2 4 92
40 30 7 3 92
40 31 9 2 35
40 32 5 4 161
40 33 5 3 49
40 34 6 3 55
40 35 5 3 41
40 36 7 5 3812
40 37 1 4 35
40 38 1 6 948
40 39 9 3 72
40 40 8 3 56
40 41 10 4 423
40 42 7 3 106
40 43 2 4 93
40 44 2 3 18
40 45 2 4 91
40 46 4 4 186
40 47 3 4 306
40 48 3 4 106
40 49 7 2 18
40 50 7 3 49
40 51 9 2 27
40 52 4 3 27
40 53 3 5 485
40 54 9 3 95
40 55 10 3 173
40 56 7 3 83
40 57 1 5 412
40 58 7 3 91
40 59 5 3 43
40 60 2 3 33
40 61 1 4 40
40 62 1 6 4346
40 63 4 5 1092
41 0 8 4 265
41 1 8 2 29
41 2 7 4 321
41 3 3 5 863
41 4 2 6 1509
41 5 7 5 2668
41 6 7 4 165
41 7 10 2 22
41 8 5 2 23
41 9 1 4 74
41 10 3 6 8683
41 11 6 4 267
41 12 6 3 78
41 13 5 5 2377
41 14 10 4 222
41 15 3 3 30
41 16 3 3 49
41 17 2 5 533
41 18 7 3 140
41 19 2 3 20
41 20 7 4 404
41 21 7 4 435
41 22 9 4 330
41 23 7 2 22
41 24 1 4 42
41 25 2 4 45
41 26 6 3 81
41 27 1 5 218
41 28 3 3 45
41 29 8 3 53
41 30 10 3 148
41 31 10 1 14
41 32 4 4 135
41 33 8 2 30
41 34 3 5 362
41 35 9 2 47
41 36 9 2 27
41 37 5 4 132
41 38 10 2 25
41 39 2 3 18
41 40 8 3 94
41 41 6 4 281
41 42 9 4 608
41 43 9 2 27
41 44 7 3 90
41 45 4 3 64
41 46 7 2 17
41 47 5 4 149
41 48 4 3 69
41 49 8 2 34
41 50 4 2 12
41 51 5 2 17
41 52 4 4 122
41 53 3 5 442
41 54 3 3 16
41 55 5 3 90
41 56 4 6 3078
41 57 8 2 24
41 58 6 1 8
41 59 6 3 132
41 60 2 5 240
41 61 7 3 85
41 62 10 3 184
41 63 7 3 88
42 0 3 4 118
42 1 9 2 39
42 2 8 1 13
42 3 6 5 1553
42 4 9 3 79
42 5 1 4 59
42 6 7 5 920
42 7 5 3 67
42 8 7 3 40
42 9 1 4 38
42 10 6 3 83
42 11 4 2 21
42 12 6 5 1141
42 13 8 2 26
42 14 9 2 20
42 15 9 4 575
42 16 10 2 44
42 17 2 5 442
42 18 2 4 68
42 19 6 3 53
42 20 6 3 95
42 21 2 4 60
42 22 7 3 113
42 23 4 5 2178
42 24 4 3 27
42 25 10 4 253
42 26 8 2 21
42 27 9 3 98
42 28 1 4 37
42 29 2 6 8901
42 30 8 3 72
42 31 9 6 19030
42 32 6 1 10
42 33 7 4 388
42 34 8 3 99
42 35 6 3 51
42 36 9 2 20
42 37 6 2 19
42 38 6 3 114
42 39 2 5 637
42 40 5 5 831
42 41 8 2 26
42 42 6 2 17
42 43 1 4 28
42 44 4 3 22
42 45 7 3 97
42 46 4 3 49
42 47 1 4 26
42 48 1 6 4741
42 49 7 2 35
42 50 10 1 10
42 51 4 4 152
42 52 3 4 256
42 53 7 3 66
42 54 10 2 24
42 55 8 2 18
42 56 2 4 146
42 57 3 3 27
42 58 4 5 594
42 59 10 3 137
42 60 5 4 209
42 61 5 6 3628
42 62 3 3 65
42 63 9 3 70
43 0 1 4 42
43 1 1 5 439
43 2 5 5 1326
43 3 1 5 608
43 4 7 3 40
43 5 4 3 71
43 6 10 2 42
43 7 1 4 24
43 8 6 3 67
43 9 9 2 19
43 10 6 3 88
43 11 10 2 21
43 12 10 3 207
43 13 6 5 2914
43 14 2 3 42
43 15 6 7 200048
43 16 3 4 250
43 17 6 3 58
43 18 9 3 74
43 19 2 5 359
43 20 6 2 25
43 21 1 5 552
43 22 6 3 53
43 23 7 3 138
43 24 6 3 50
43 25 3 4 244
43 26 5 5 573
43 27 3 5 1221
43 28 1 5 283
43 29 9 6 9169
43 30 2 5 795
43 31 9 8 434566
43 32 8 4 724
43 33 4 3 43
43 34 2 5 713
43 35 2 3 35
43 36 7 4 278
43 37 3 3 46
43 38 5 5 594
43 39 8 5 4286
43 40 8 4 201
43 41 8 3 76
43 42 7 5 4837
43 43 9 2 24
43 44 9 5 1110
43 45 1 4 31
43 46 10 2 48
43 47 4 4 210
43 48 9 4 623
43 49 7 4 254
43 50 3 6 14201
43 51 4 6 19060
43 52 10 3 54
43 53 10 3 97
43 54 8 1 9
43 55 7 3 86
43 56 4 5 637
43 57 10 2 28
43 58 6 4 159
43 59 1 4 38
43 60 3 3 46
43 61 4 5 1156
43 62 3 7 17506
43 63 6 6 24306
44 0 2 4 47
44 1 9 4 407
44 2 9 3 49
44 3 8 5 972
44 4 5 5 2710
44 5 10 2 25
44 6 2 5 605
44 7 10 3 87
44 8 4 3 22
44 9 2 3 23
44 10 6 5 1283
44 11 9 2 40
44 12 9 4 242
44 13 9 2 20
44 14 8 2 15
44 15 9 3 53
44 16 2 3 23
44 17 6 2 24
44 18 6 2 17
44 19 7 3 49
44 20 3 3 33
44 21 3 4 74
44 22 3 3 28
44 23 1 3 21
44 24 6 3 59
44 25 5 4 135
44 26 8 3 74
44 27 8 3 172
44 28 5 3 50
44 29 4 2 11
44 30 1 4 87
44 31 7 2 18
44 32 9 1 15
44 33 2 3 23
44 34 8 3 140
44 35 1 4 110
44 36 3 3 38
44 37 2 4 130
44 38 3 4 101
44 39 1 5 211
44 40 7 3 54
44 41 7 2 36
44 42 3 3 32
44 43 4 4 237
44 44 10 4 585
44 45 8 5 1948
44 46 9 3 125
44 47 2 3 32
44 48 2 5 1232
44 49 6 4 262
44 50 10 4 383
44 51 2 4 139
44 52 3 4 290
44 53 1 5 316
44 54 5 3 30
44 55 7 3 146
44 56 10 3 105
44 57 4 5 489
44 58 6 4 203
44 59 1 4 27
44 60 7 3 73
44 61 8 4 456
44 62 3 3 36
44 63 3 4 148
45 0 7 4 161
45 1 4 3 22
45 2 3 2 14
45 3 9 3 78
45 4 3 4 135
45 5 6 4 237
45 6 2 5 492
45 7 10 2 22
45 8 7 3 49
45 9 4 3 60
45 10 8 2 37
45 11 7 3 113
45 12 10 4 288
45 13 1 5 193
45 14 10 2 20
45 15 7 2 24
45 16 8 6 6022
45 17 6 3 39
45 18 2 3 13
45 19 10 4 626
45 20 7 2 18
45 21 8 4 650
45 22 7 2 25
45 23 1 3 19
45 24 5 3 81
45 25 4 3 38
45 26 6 3 39
45 27 7 3 39
45 28 3 3 65
45 29 4 3 79
45 30 5 3 70
45 31 7 5 1376
45 32 8 2 32
45 33 4 3 69
45 34 7 3 43
45 35 6 4 297
45 36 2 5 775
45 37 2 4 50
45 38 1 3 20
45 39 10 2 43
45 40 2 3 23
45 41 3 3 33
45 42 6 3 111
45 43 9 4 349
45 44 9 4 383
45 45 7 2 34
45 46 7 5 1051
45 47 8 4 863
45 48 6 4 152
45 49 4 3 40
45 50 5 2 24
45 51 7 7 53852
45 52 3 3 29
45 53 2 4 81
45 54 6 2 26
45 55 10 2 46
45 56 7 3 117
45 57 9 2 30
45 58 6 3 132
45 59 1 5 232
45 60 10 7 56075
45 61 3 5 400
45 62 5 3 55
45 63 1 5 638
46 0 9 4 227
46 1 7 3 87
46 2 8 3 90
46 3 1 4 86
46 4 4 3 55
46 5 8 3 154
46 6 6 4 144
46 7 10 2 52
46 8 4 4 280
46 9 3 6 9654
46 10 9 3 197
46 11 9 5 4206
46 12 6 2 27
46 13 4 2 21
46 14 3 6 4477
46 15 5 4 296
46 16 4 3 28
46 17 9 2 21
46 18 1 5 578
46 19 6 3 52
46 20 8 2 17
46 21 5 3 98
46 22 1 4 25
46 23 9 4 227
46 24 9 2 30
46 25 9 3 84
46 26 7 2 19
46 27 2 5 377
46 28 4 2 14
46 29 4 3 22
46 30 4 1 5
46 31 5 3 27
46 32 7 3 146
46 33 7 3 57
46 34 6 4 616
46 35 5 4 224
46 36 5 2 23
46 37 7 5 1897
46 38 9 3 114
46 39 9 3 173
46 40 7 5 2255
46 41 1 4 56
46 42 4 4 232
46 43 5 3 27
46 44 10 1 17
46 45 1 5 542
46 46 10 3 78
46 47 6 4 146
46 48 7 4 667
46 49 3 3 32
46 50 7 4 203
46 51 6 5 806
46 52 4 3 83
46 53 9 3 58
46 54 7 2 33
46 55 8 3 69
46 56 7 4 433
46 57 8 2 17
46 58 7 4 296
46 59 4 3 27
46 60 6 2 16
46 61 6 3 88
46 62 7 4 242
46 63 1 4 71
47 0 5 2 18
47 1 8 3 55
47 2 2 5 483
47 3 2 5 340
47 4 6 4 283
47 5 6 2 26
47 6 10 1 7
47 7 9 3 156
47 8 4 5 808
47 9 7 4 357
47 10 7 4 185
47 11 10 2 25
47 12 7 2 33
47 13 10 5 2174
47 14 4 4 149
47 15 3 5 1042
47 16 1 3 10
47 17 6 3 47
47 18 9 2 37
47 19 5 3 28
47 20 6 3 46
47 21 3 3 48
47 22 3 4 186
47 23 8 3 77
47 24 2 4 104
47 25 5 5 2876
47 26 8 3 60
47 27 9 2 22
47 28 7 5 2612
47 29 4 4 98
47 30 6 2 30
47 31 8 3 176
47 32 3 5 619
47 33 8 4 247
47 34 10 1 8
47 35 1 5 258
47 36 7 5 2004
47 37 7 5 1148
47 38 3 3 26
47 39 6 3 35
47 40 1 4 23
47 41 6 4 352
47 42 1 6 1687
47 43 9 3 139
47 44 3 3 29
47 45 6 3 94
47 46 2 3 18
47 47 2 5 436
47 48 6 3 40
47 49 6 4 193
47 50 8 3 129
47 51 7 2 30
47 52 2 5 913
47 53 2 4 123
47 54 5 3 95
47 55 1 5 192
47 56 3 4 140
47 57 4 3 33
47 58 7 1 10
47 59 9 3 144
47 60 3 3 25
47 61 7 4 166
47 62 8 2 20
47 63 4 4 358
48 0 6 2 20
48 1 3 5 390
48 2 10 2 25
48 3 2 4 208
48 4 7 2 28
48 5 1 6 763
48 6 7 4 283
48 7 2 4 104
48 8 5 3 66
48 9 10 2 49
48 10 10 2 24
48 11 8 3 68
48 12 1 6 761
48 13 9 2 34
48 14 7 4 188
48 15 10 5 3308
48 16 4 5 693
48 17 2 4 105
48 18 8 1 7
48 19 6 3 53
48 20 5 2 20
48 21 7 2 22
48 22 5 4 216
48 23 10 2 34
48 24 3 6 4131
48 25 5 5 644
48 26 3 4 75
48 27 7 2 25
48 28 2 5 680
48 29 1 4 41
48 30 6 3 39
48 31 6 5 929
48 32 9 4 304
48 33 4 3 25
48 34 3 5 479
48 35 3 6 2647
48 36 10 2 24
48 37 8 2 39
48 38 9 4 337
48 39 9 4 253
48 40 1 4 39
48 41 5 2 22
48 42 2 4 145
48 43 7 3 77
48 44 10 3 146
48 45 2 3 28
48 46 3 4 119
48 47 7 3 51
48 48 3 3 48
48 49 5 4 390
48 50 8 4 443
48 51 5 2 25
48 52 8 3 110
48 53 6 4 138
48 54 3 4 208
48 55 7 3 47
48 56 8 4 435
48 57 4 3 87
48 58 8 1 14
48 59 8 4 349
48 60 10 2 26
48 61 9 4 299
48 62 4 3 33
48 63 10 5 1164
49 0 3 3 51
49 1 3 5 450
49 2 7 2 33
49 3 2 3 22
49 4 5 4 383
49 5 3 3 33
49 6 9 3 71
49 7 7 3 77
49 8 4 3 70
49 9 1 5 165
49 10 5 2 15
49 11 6 3 112
49 12 4 2 11
49 13 4 4 175
49 14 2 5 252
49 15 2 3 22
49 16 3 3 45
49 17 6 4 359
49 18 7 7 63315
49 19 10 2 27
49 20 3 3 33
49 21 5 5 1853
49 22 6 5 877
49 23 5 3 27
49 24 5 3 96
49 25 9 4 943
49 26 2 6 1790
49 27 5 2 14
49 28 8 2 41
49 29 8 3 173
49 30 8 3 174
49 31 1 4 103
49 32 9 5 1895
49 33 7 2 21
49 34 4 6 3036
49 35 6 5 2667
49 36 8 3 66
49 37 10 1 6
49 38 3 4 327
49 39 1 5 387
49 40 4 3 22
49 41 5 3 30
49 42 1 6 951
49 43 3 3 19
49 44 2 4 110
49 45 8 3 49
49 46 7 4 405
49 47 10 4 226
49 48 7 5 3454
49 49 4 3 27
49 50 5 6 12422
49 51 9 6 6919
49 52 3 5 1545
49 53 9 5 1069
49 54 4 4 272
49 55 3 3 20
49 56 3 4 178
49 57 3 6 6689
49 58 8 4 197
49 59 9 6 11792
49 60 4 3 30
49 61 7 4 318
49 62 10 3 114
49 63 6 3 53
50 0 10 3 141
50 1 6 4 474
50 2 2 5 803
50 3 7 3 81
50 4 8 3 62
50 5 8 3 109
50 6 7 4 453
50 7 3 3 58
50 8 6 3 36
50 9 5 3 29
50 10 1 5 371
50 11 2 4 112
50 12 1 5 126
50 13 9 2 18
50 14 4 6 16635
50 15 7 4 419
50 16 3 4 216
50 17 8 3 58
50 18 2 4 48
50 19 3 4 88
50 20 4 3 26
50 21 1 5 295
50 22 1 4 33
50 23 7 2 27
50 24 5 3 38
50 25 8 3 87
50 26 4 3 28
50 27 6 4 376
50 28 10 2 25
50 29 1 4 47
50 30 10 1 9
50 31 10 3 58
50 32 9 2 31
50 33 5 5 2134
50 34 10 3 58
50 35 1 5 646
50 36 1 4 107
50 37 6 2 21
50 38 9 2 22
50 39 1 4 70
50 40 3 3 28
50 41 6 3 127
50 42 9 2 23
50 43 8 3 56
50 44 9 3 68
50 45 1 2 5
50 46 3 4 130
50 47 1 3 9
50 48 7 3 51
50 49 3 6 5362
50 50 9 3 58
50 51 5 4 181
50 52 7 3 55
50 53 5 3 31
50 54 9 2 34
50 55 8 1 14
50 56 5 3 54
50 57 9 2 19
50 58 8 3 119
50 59 8 5 1092
50 60 5 3 52
50 61 10 4 939
50 62 8 3 73
50 63 6 3 53
51 0 3 4 112
51 1 2 5 562
51 2 7 3 92
51 3 4 4 144
51 4 9 3 77
51 5 1 5 238
51 6 2 4 54
51 7 6 2 25
51 8 9 2 18
51 9 2 4 132
51 10 4 3 27
51 11 7 5 1423
51 12 8 4 186
51 13 8 4 187
51 14 4 3 64
51 15 6 3 73
51 16 9 2 37
51 17 8 4 458
51 18 9 4 421
51 19 5 3 57
51 20 3 4 68
51 21 1 5 238
51 22 5 3 105
51 23 5 4 234
51 24 7 4 174
51 25 7 3 82
51 26 3 5 491
51 27 3 3 42
51 28 10 2 35
51 29 1 4 91
51 30 7 5 3327
51 31 2 3 26
51 32 6 2 16
51 33 6 5 1064
51 34 9 3 80
51 35 10 3 142
51 36 9 2 41
51 37 5 3 52
51 38 9 3 53
51 39 4 3 32
51 40 2 3 32
51 41 7 4 327
51 42 10 2 21
51 43 7 4 370
51 44 4 3 38
51 45 9 3 64
51 46 6 3 44
51 47 3 3 53
51 48 9 3 152
51 49 8 3 92
51 50 10 5 1570
51 51 1 4 41
51 52 9 3 65
51 53 8 2 42
51 54 10 2 33
51 55 4 4 282
51 56 5 2 25
51 57 7 2 30
51 58 8 2 34
51 59 7 3 53
51 60 8 4 184
51 61 6 4 147
51 62 2 4 139
51 63 7 3 98
52 0 7 3 40
52 1 2 3 44
52 2 3 4 97
52 3 2 4 101
52 4 2 4 98
52 5 2 3 33
52 6 4 4 278
52 7 2 4 151
52 8 7 3 110
52 9 6 6 4472
52 10 8 4 236
52 11 2 4 56
52 12 6 3 76
52 13 8 2 40
52 14 2 5 535
52 15 9 3 107
52 16 8 3 138
52 17 1 4 44
52 18 5 3 57
52 19 5 4 226
52 20 5 4 267
52 21 6 3 41
52 22 4 4 124
52 23 4 5 487
52 24 2 3 20
52 25 10 2 52
52 26 1 4 37
52 27 6 3 71
52 28 2 5 563
52 29 3 4 246
52 30 4 2 21
52 31 10 4 945
52 32 6 4 189
52 33 3 5 985
52 34 7 3 51
52 35 4 4 367
52 36 3 3 38
52 37 8 3 100
52 38 3 4 98
52 39 10 2 42
52 40 10 2 38
52 41 4 3 70
52 42 4 4 187
52 43 8 1 13
52 44 8 2 37
52 45 8 4 677
52 46 8 5 1290
52 47 1 4 106
52 48 9 4 218
52 49 3 5 1160
52 50 5 4 189
52 51 3 3 28
52 52 1 4 40
52 53 8 3 91
52 54 10 1 6
52 55 5 3 34
52 56 6 6 5501
52 57 3 5 701
52 58 8 2 33
52 59 6 3 47
52 60 8 3 122
52 61 9 2 44
52 62 8 1 14
52 63 8 3 44
53 0 3 3 34
53 1 1 5 201
53 2 3 4 153
53 3 8 1 5
53 4 8 2 26
53 5 10 3 205
53 6 7 4 336
53 7 7 5 850
53 8 8 5 1359
53 9 7 4 210
53 10 8 4 259
53 11 9 2 26
53 12 6 3 94
53 13 3 5 933
53 14 3 5 741
53 15 10 2 22
53 16 10 3 123
53 17 6 2 23
53 18 3 4 285
53 19 9 4 626
53 20 7 3 69
53 21 6 2 13
53 22 3 5 700
53 23 7 2 21
53 24 3 3 50
53 25 10 4 708
53 26 6 4 400
53 27 3 3 55
53 28 10 3 62
53 29 4 3 22
53 30 7 4 629
53 31 4 3 71
53 32 4 3 73
53 33 6 2 24
53 34 4 2 13
53 35 8 2 30
53 36 10 2 28
53 37 9 2 42
53 38 4 3 65
53 39 8 1 13
53 40 10 4 310
53 41 9 2 22
53 42 8 3 71
53 43 6 3 82
53 44 6 3 71
53 45 8 4 234
53 46 3 3 26
53 47 9 4 516
53 48 5 2 15
53 49 3 5 978
53 50 6 2 18
53 51 2 3 19
53 52 8 3 45
53 53 9 2 25
53 54 1 5 230
53 55 9 1 10
53 56 5 4 152
53 57 10 3 106
53 58 10 6 39979
53 59 2 4 154
53 60 4 3 40
53 61 2 3 15
53 62 7 2 35
53 63 7 3 57
54 0 9 4 450
54 1 1 4 26
54 2 6 4 565
54 3 6 5 741
54 4 6 5 821
54 5 6 5 1412
54 6 6 3 33
54 7 1 4 56
54 8 10 4 305
54 9 3 1 5
54 10 1 4 61
54 11 2 5 469
54 12 5 3 75
54 13 10 2 21
54 14 9 3 176
54 15 5 4 239
54 16 9 3 53
54 17 6 5 1380
54 18 9 4 228
54 19 9 3 96
54 20 1 4 32
54 21 2 2 10
54 22 10 2 28
54 23 6 3 42
54 24 8 3 46
54 25 8 7 93128
54 26 4 3 81
54 27 10 2 35
54 28 7 4 164
54 29 4 3 50
54 30 8 2 31
54 31 8 2 21
54 32 2 4 78
54 33 10 2 39
54 34 4 3 31
54 35 10 2 53
54 36 7 3 70
54 37 3 3 46
54 38 9 4 350
54 39 1 4 68
54 40 6 1 7
54 41 5 5 2003
54 42 10 2 25
54 43 6 7 94493
54 44 1 5 129
54 45 4 4 135
54 46 4 3 29
54 47 9 2 29
54 48 2 4 81
54 49 6 5 777
54 50 6 3 61
54 51 7 2 34
54 52 2 5 312
54 53 2 3 11
54 54 1 4 49
54 55 9 3 54
54 56 9 4 369
54 57 10 1 16
54 58 7 4 169
54 59 8 3 85
54 60 3 3 65
54 61 8 5 1078
54 62 2 6 5491
54 63 10 2 32
55 0 10 3 56
55 1 7 3 120
55 2 7 3 48
55 3 4 2 11
55 4 2 6 3085
55 5 10 1 11
55 6 1 5 158
55 7 2 5 1237
55 8 2 5 484
55 9 4 4 415
55 10 7 2 33
55 11 1 4 45
55 12 2 4 98
55 13 1 6 3922
55 14 1 5 125
55 15 2 3 32
55 16 8 3 59
55 17 8 4 605
55 18 2 4 48
55 19 6 4 262
55 20 1 4 66
55 21 2 3 12
55 22 5 2 15
55 23 6 5 1058
55 24 8 3 103
55 25 6 3 45
55 26 5 5 1767
55 27 9 4 414
55 28 2 5 412
55 29 8 3 47
55 30 4 4 165
55 31 7 4 744
55 32 6 3 66
55 33 5 4 121
55 34 8 3 74
55 35 1 5 312
55 36 5 3 58
55 37 7 3 134
55 38 5 3 49
55 39 10 1 15
55 40 3 5 716
55 41 7 2 31
55 42 7 1 7
55 43 10 3 191
55 44 8 2 18
55 45 5 7 29604
55 46 8 6 12827
55 47 10 4 1018
55 48 2 4 59
55 49 8 6 18932
55 50 10 2 26
55 51 8 2 38
55 52 4 3 34
55 53 10 3 214
55 54 5 3 88
55 55 5 4 246
55 56 4 3 29
55 57 4 4 151
55 58 9 3 118
55 59 7 4 671
55 60 3 3 37
55 61 3 2 11
55 62 4 3 28
55 63 7 3 50
56 0 10 2 18
56 1 4 4 295
56 2 4 3 25
56 3 8 2 20
56 4 8 2 28
56 5 1 6 1554
56 6 6 3 92
56 7 7 2 32
56 8 6 1 9
56 9 6 3 69
56 10 2 3 25
56 11 5 4 122
56 12 6 4 217
56 13 10 4 241
56 14 3 3 30
56 15 4 3 46
56 16 5 3 29
56 17 5 3 33
56 18 9 1 15
56 19 8 3 63
56 20 5 4 502
56 21 1 3 13
56 22 7 3 72
56 23 9 2 23
56 24 3 4 152
56 25 4 4 277
56 26 5 4 123
56 27 10 3 187
56 28 7 3 59
56 29 2 3 26
56 30 7 4 359
56 31 9 5 3524
56 32 6 1 4
56 33 8 4 879
56 34 2 5 320
56 35 3 3 17
56 36 10 2 18
56 37 6 2 28
56 38 2 4 70
56 39 4 4 190
56 40 3 5 1053
56 41 1 4 28
56 42 4 4 119
56 43 6 4 268
56 44 1 4 101
56 45 9 3 124
56 46 8 3 62
56 47 1 4 79
56 48 8 5 1114
56 49 8 3 126
56 50 4 4 244
56 51 4 3 40
56 52 8 3 106
56 53 8 2 23
56 54 8 3 172
56 55 7 5 4064
56 56 5 3 46
56 57 10 2 28
56 58 1 4 24
56 59 4 3 38
56 60 9 3 149
56 61 2 4 193
56 62 4 3 22
56 63 8 2 28
57 0 7 2 21
57 1 8 4 270
57 2 6 3 74
57 3 3 4 336
57 4 3 4 228
57 5 8 5 1580
57 6 3 5 850
57 7 9 3 138
57 8 7 2 23
57 9 10 3 84
57 10 4 4 204
57 11 2 4 120
57 12 5 1 8
57 13 6 3 67
57 14 9 3 106
57 15 3 3 28
57 16 9 4 448
57 17 5 4 235
57 18 9 2 45
57 19 6 4 166
57 20 4 5 866
57 21 3 3 24
57 22 5 2 13
57 23 2 6 3991
57 24 5 5 772
57 25 6 3 78
57 26 9 4 634
57 27 6 4 213
57 28 1 6 701
57 29 7 6 6731
57 30 10 4 465
57 31 6 3 90
57 32 7 3 42
57 33 4 4 272
57 34 4 3 70
57 35 3 4 181
57 36 1 7 17660
57 37 10 4 222
57 38 2 3 27
57 39 6 3 96
57 40 1 4 43
57 41 6 3 78
57 42 8 2 25
57 43 2 4 59
57 44 7 3 49
57 45 7 2 31
57 46 4 3 23
57 47 8 3 83
57 48 6 5 3335
57 49 9 4 222
57 50 3 4 133
57 51 5 3 87
57 52 4 3 69
57 53 5 3 55
57 54 6 3 111
57 55 1 3 13
57 56 10 3 116
57 57 5 2 14
57 58 10 4 365
57 59 10 1 10
57 60 4 5 974
57 61 3 3 32
57 62 10 2 28
57 63 9 4 228
58 0 7 3 148
58 1 5 4 272
58 2 6 5 1472
58 3 5 5 992
58 4 4 4 105
58 5 3 3 34
58 6 5 3 43
58 7 4 4 141
58 8 1 4 34
58 9 8 5 3469
58 10 2 3 36
58 11 10 2 19
58 12 5 4 464
58 13 3 3 22
58 14 6 5 1134
58 15 4 3 24
58 16 8 4 189
58 17 3 6 9321
58 18 4 5 1463
58 19 3 4 133
58 20 10 3 69
58 21 7 3 65
58 22 7 2 28
58 23 5 3 46
58 24 8 3 79
58 25 3 4 223
58 26 6 4 250
58 27 9 4 560
58 28 8 3 43
58 29 1 4 46
58 30 10 4 645
58 31 7 4 436
58 32 3 3 52
58 33 7 3 68
58 34 1 6 983
58 35 7 5 2932
58 36 6 4 490
58 37 10 2 42
58 38 8 3 45
58 39 3 3 40
58 40 2 6 2425
58 41 8 4 529
58 42 4 3 37
58 43 8 3 105
58 44 3 3 46
58 45 1 4 103
58 46 1 4 43
58 47 3 3 55
58 48 6 3 111
58 49 5 3 66
58 50 1 4 31
58 51 3 3 32
58 52 9 4 325
58 53 8 4 213
58 54 1 4 90
58 55 8 2 21
58 56 5 7 184277
58 57 3 2 15
58 58 4 3 39
58 59 2 4 76
58 60 1 4 63
58 61 6 4 307
58 62 1 3 15
58 63 1 4 30
59 0 7 4 193
59 1 3 4 137
59 2 4 4 112
59 3 3 7 18034
59 4 3 4 84
59 5 7 2 31
59 6 1 4 31
59 7 6 5 3223
59 8 9 4 216
59 9 8 3 102
59 10 8 2 37
59 11 8 2 17
59 12 8 5 2778
59 13 4 4 226
59 14 10 1 16
59 15 5 3 59
59 16 5 5 1006
59 17 1 3 19
59 18 6 1 8
59 19 7 3 82
59 20 9 5 1375
59 21 8 6 8260
59 22 7 6 10782
59 23 9 2 18
59 24 7 3 85
59 25 1 4 43
59 26 3 3 55
59 27 5 3 35
59 28 3 3 38
59 29 3 4 160
59 30 7 2 35
59 31 1 4 26
59 32 3 3 46
59 33 9 4 215
59 34 8 2 40
59 35 2 4 49
59 36 7 2 18
59 37 6 3 73
59 38 3 3 66
59 39 3 3 27
59 40 4 3 84
59 41 9 3 89
59 42 7 2 13
59 43 6 2 30
59 44 4 3 68
59 45 2 5 410
59 46 9 3 124
59 47 10 2 24
59 48 4 3 53
59 49 7 3 118
59 50 1 3 12
59 51 7 2 18
59 52 2 5 928
59 53 4 5 1842
59 54 1 2 4
59 55 10 3 125
59 56 3 5 342
59 57 10 3 134
59 58 10 3 181
59 59 2 3 23
59 60 4 3 33
59 61 10 3 153
59 62 10 1 17
59 63 7 4 384
60 0 10 4 811
60 1 5 2 12
60 2 4 4 124
60 3 9 2 43
60 4 4 3 26
60 5 6 2 15
60 6 6 5 732
60 7 7 3 131
60 8 8 5 1165
60 9 9 2 24
60 10 4 4 101
60 11 10 4 644
60 12 10 2 46
60 13 1 4 81
60 14 10 2 25
60 15 4 4 113
60 16 7 2 25
60 17 7 4 461
60 18 6 3 113
60 19 4 3 72
60 20 5 3 58
60 21 6 4 448
60 22 2 4 47
60 23 10 2 28
60 24 7 3 148
60 25 4 4 253
60 26 8 4 295
60 27 7 4 249
60 28 3 4 105
60 29 9 7 56583
60 30 7 1 8
60 31 6 1 6
60 32 1 7 6286
60 33 8 3 120
60 34 3 3 53
60 35 1 5 555
60 36 2 4 169
60 37 3 3 27
60 38 7 3 54
60 39 10 1 11
60 40 10 3 140
60 41 4 3 40
60 42 3 3 25
60 43 8 2 27
60 44 1 5 153
60 45 9 6 25876
60 46 8 5 4626
60 47 5 6 12989
60 48 2 3 30
60 49 9 2 20
60 50 7 4 240
60 51 6 2 14
60 52 3 3 57
60 53 9 3 139
60 54 8 3 151
60 55 6 2 11
60 56 3 4 205
60 57 7 3 135
60 58 5 2 23
60 59 8 3 112
60 60 2 3 38
60 61 7 4 226
60 62 10 2 38
60 63 4 3 36
61 0 3 3 61
61 1 10 2 27
61 2 8 3 101
61 3 4 3 54
61 4 2 4 132
61 5 5 2 16
61 6 7 4 663
61 7 1 5 372
61 8 3 3 46
61 9 1 4 40
61 10 4 4 143
61 11 1 5 267
61 12 5 2 18
61 13 1 6 1573
61 14 7 3 92
61 15 10 2 26
61 16 5 4 152
61 17 9 4 524
61 18 1 4 77
61 19 4 4 155
61 20 7 5 1384
61 21 7 3 146
61 22 7 1 12
61 23 10 3 80
61 24 2 4 115
61 25 6 3 80
61 26 10 2 38
61 27 10 3 215
61 28 5 4 112
61 29 8 3 103
61 30 8 4 260
61 31 7 3 52
61 32 10 2 19
61 33 1 4 23
61 34 10 1 11
61 35 4 3 27
61 36 2 4 87
61 37 1 4 108
61 38 7 3 45
61 39 9 7 66015
61 40 7 2 17
61 41 8 5 2818
61 42 4 4 153
61 43 4 6 19425
61 44 6 4 606
61 45 8 4 674
61 46 1 5 273
61 47 6 6 5584
61 48 1 5 137
61 49 2 5 298
61 50 2 5 719
61 51 6 5 3144
61 52 2 2 6
61 53 4 3 53
61 54 5 3 27
61 55 7 5 888
61 56 10 5 4969
61 57 1 4 37
61 58 3 7 100221
61 59 7 4 653
61 60 3 6 4875
61 61 2 4 137
61 62 10 2 34
61 63 8 1 13
62 0 9 2 24
62 1 4 4 118
62 2 10 3 81
62 3 10 3 167
62 4 8 4 708
62 5 5 6 6091
62 6 8 2 41
62 7 6 5 1061
62 8 5 6 9097
62 9 8 2 16
62 10 4 4 104
62 11 3 3 23
62 12 8 3 91
62 13 1 5 121
62 14 4 4 402
62 15 4 4 417
62 16 10 3 70
62 17 9 2 30
62 18 1 4 29
62 19 4 4 207
62 20 5 6 14202
62 21 4 3 37
62 22 8 2 39
62 23 2 6 2051
62 24 9 2 38
62 25 1 5 512
62 26 4 5 630
62 27 7 2 19
62 28 6 3 110
62 29 5 3 42
62 30 5 3 32
62 31 8 3 107
62 32 1 5 267
62 33 6 4 253
62 34 10 2 35
62 35 5 4 180
62 36 10 2 21
62 37 9 4 329
62 38 9 1 10
62 39 6 2 17
62 40 5 3 76
62 41 9 4 258
62 42 5 5 1674
62 43 8 4 349
62 44 2 3 42
62 45 10 4 390
62 46 1 4 42
62 47 4 6 14393
62 48 3 5 1456
62 49 4 3 63
62 50 10 7 67854
62 51 4 4 135
62 52 8 3 83
62 53 6 2 22
62 54 3 2 9
62 55 1 4 38
62 56 6 4 437
62 57 4 3 27
62 58 3 5 392
62 59 5 2 19
62 60 4 4 257
62 61 6 3 61
62 62 6 3 55
62 63 5 3 77
63 0 6 4 622
63 1 2 6 1418
63 2 5 4 130
63 3 4 5 461
63 4 7 4 591
63 5 6 3 33
63 6 8 2 25
63 7 4 3 25
63 8 5 2 22
63 9 10 2 40
63 10 1 5 253
63 11 4 3 61
63 12 10 3 59
63 13 8 3 63
63 14 2 4 78
63 15 1 6 1455
63 16 6 2 29
63 17 6 4 341
63 18 3 3 37
63 19 2 3 29
63 20 10 3 94
63 21 10 2 32
63 22 5 3 88
63 23 1 5 166
63 24 6 3 35
63 25 10 2 38
63 26 5 4 474
63 27 10 5 3809
63 28 2 4 45
63 29 6 3 49
63 30 4 3 24
63 31 8 3 51
63 32 9 2 35
63 33 6 4 223
63 34 3 2 11
63 35 2 4 66
63 36 3 3 26
63 37 10 4 274
63 38 10 4 255
63 39 3 3 24
63 40 6 3 100
63 41 1 5 185
63 42 5 3 61
63 43 9 4 269
63 44 7 3 106
63 45 1 5 122
63 46 7 3 128
63 47 10 3 78
63 48 2 3 43
63 49 10 4 289
63 50 8 5 1579
63 51 7 7 106037
63 52 7 2 15
63 53 4 4 247
63 54 6 2 11
63 55 1 5 270
63 56 8 2 21
63 57 9 5 3921
63 58 9 3 91
63 59 6 2 29
63 60 5 4 519
63 61 3 4 335
63 62 4 2 16
63 63 9 2 42
