4227 1.2003970087468702e-08 
6431 6.131917740679282e-08 
5259 2.3094335731971283e-09 
8200 8.390733534798893e-06 
1016 4.145883174537946e-08 
6319 2.480677215563737e-06 
5022 4.123913366868772e-07 
960 1.4914378629249847e-07 
7651 4.934050067389312e-09 
4316 7.632766638567337e-09 
499 2.690718927831834e-08 
2443 9.480975413875834e-08 
6432 3.65692086091887e-07 
4818 2.4436921593937687e-07 
4041 1.234235978285112e-07 
7310 8.960546189765029e-07 
498 3.121875833569216e-07 
7693 2.4486045502247394e-06 
4778 1.4455666628998554e-09 
3116 6.862438944802377e-07 
1706 6.074939182341282e-09 
8640 1.8359728045028918e-06 
1177 1.3899693421590273e-07 
705 3.832130694800956e-09 
4517 2.663955914607532e-07 
1481 2.738587914601076e-09 
5714 8.082517988228233e-11 
7110 7.906116821774952e-07 
2442 9.71823827910258e-07 
6240 8.243876793104841e-07 
6112 9.419813909127797e-08 
1312 3.836748310351952e-08 
4744 1.6062079413790929e-07 
386 1.2870375172941086e-06 
1523 1.3553423798809304e-05 
8439 6.860393748632466e-08 
9057 2.0677263839821171e-07 
9650 1.9765605635928816e-07 
8338 1.9955791979624834e-07 
1810 4.32647691185392e-07 
7148 1.7637263212117013e-07 
2694 1.1206974591808122e-06 
3633 5.416627701980512e-08 
3263 1.4432571004822405e-07 
5375 5.914656990577553e-07 
4571 1.543652025019597e-08 
2606 2.8923568280020406e-09 
3020 2.9115749338630773e-08 
6462 1.2592019018102757e-07 
2348 1.617461606318038e-08 
9849 4.870137101875913e-07 
597 2.550813424684632e-07 
9836 9.112015016272202e-06 
5863 2.0515986505682972e-07 
3134 1.9957205751594336e-07 
5459 1.545337579135584e-08 
6263 4.3185684338594663e-07 
7385 5.651258431311687e-08 
8571 1.1483866137430778e-07 
3752 7.06410537920448e-08 
2848 3.24666529771811e-10 
1992 6.452326143963506e-08 
5998 4.3335086678862687e-08 
5183 3.821164425733069e-07 
6366 7.90217442781958e-08 
6800 1.669625621903933e-07 
3381 5.061323618984649e-07 
383 4.407667031570061e-08 
6083 1.857380943160933e-07 
8316 3.937229660713488e-08 
5519 9.378201721126948e-07 
6082 1.4789382751251724e-07 
2280 8.045219696334511e-08 
7896 4.670498093829746e-07 
5735 1.6321563207723536e-07 
4702 1.1350393584493425e-07 
8194 1.525469297889554e-07 
6611 2.4197078602884156e-07 
5123 3.672356066414085e-06 
1874 4.6317300860789987e-08 
2911 3.62941516429437e-07 
7364 3.701600445965428e-06 
7923 1.5188487278094831e-06 
1243 9.667696415828367e-07 
2237 1.3720646368847386e-08 
4149 4.093470356951456e-09 
7285 7.19750680484663e-07 
7746 1.0572813398951743e-07 
1701 3.421459307269864e-07 
7347 5.402380176891541e-09 
3879 1.7877309031434169e-06 
9751 3.168710472646258e-07 
6160 1.7316542591560083e-07 
1982 2.4810215841410826e-08 
8929 8.267203694462418e-06 
2769 9.722684671253923e-09 
8456 1.3727511689335325e-07 
2365 1.1028709192892187e-07 
608 2.614830546114033e-07 
9995 4.21388821492813e-09 
6713 7.980676184970661e-07 
3033 2.581756198591871e-07 
2451 3.8173445734172786e-07 
2202 6.098673288032269e-08 
569 5.1680216677299495e-09 
7344 1.8186681252879526e-08 
4270 1.4176533666486295e-08 
85 8.722037120137895e-07 
7671 2.9680038060174614e-08 
9499 2.2256999087397027e-08 
4828 4.36219539914616e-07 
5428 2.133571014361691e-07 
65 2.256926842429529e-06 
4191 1.8684630779725367e-07 
6878 1.2347361907885017e-07 
2875 1.7511786932633696e-07 
3126 9.074024345015029e-07 
17 1.0977371198126504e-07 
8343 7.074595151693695e-08 
6953 2.8555358078108384e-10 
2100 1.686249459310673e-06 
4819 9.042081597124252e-08 
4466 9.507557257469243e-07 
3743 2.0296514406117037e-08 
1951 1.130623482440292e-06 
5067 1.87416950612603e-07 
8087 8.44336595908976e-09 
5789 1.0117121162641035e-07 
2602 5.225591883519876e-07 
3884 4.6814563678893725e-07 
5921 1.477089515986862e-06 
8473 1.3373813071394726e-07 
4904 6.9546255568667115e-09 
6791 2.3382633298563507e-08 
4978 1.2111187404090923e-08 
2553 1.9276945222293973e-07 
7082 9.183261718948817e-06 
4011 1.3845647311991649e-06 
580 7.873082110505258e-07 
7767 2.0628007392502104e-07 
8835 1.1472082564944683e-08 
974 2.364523530504224e-05 
2144 7.473737090437976e-08 
689 1.924450335286657e-07 
7937 1.6834491198725217e-08 
5171 5.866541981646623e-07 
3930 8.408341127169377e-07 
662 2.0005071106393366e-08 
4502 2.1546687864145743e-08 
1167 1.0613976787099855e-07 
7355 3.0558476039032874e-07 
4798 1.1317689719431145e-09 
4084 1.7945678812732863e-07 
782 3.6516526942824337e-08 
1693 7.348350263350345e-09 
3751 1.7604720174837574e-07 
6555 1.3126370707678455e-06 
9562 6.749131923613431e-08 
9036 2.439001787861439e-09 
3898 1.0908062077819283e-06 
2343 2.1099413668962626e-05 
8527 7.820482919204981e-07 
6294 2.185926132203947e-08 
4047 8.10412199924902e-06 
8621 1.7036790566026222e-07 
9935 1.2689445278458294e-06 
1560 1.9483634751144702e-08 
3171 1.5050102853309162e-08 
1895 3.7786156413771414e-08 
7212 1.2518005293027306e-06 
5594 6.476506995441557e-08 
304 1.502974632203373e-05 
1542 1.8128698138692757e-07 
748 1.0663604871658778e-06 
2908 1.498531309615743e-06 
3323 4.150554828752067e-07 
2838 2.1206922999465784e-06 
3629 4.896774620419852e-07 
1238 3.442221009117608e-07 
8350 3.250442351474675e-09 
2630 1.759056295627334e-07 
8754 1.6990523457804322e-07 
9937 3.854883549132005e-06 
8138 4.075900346400818e-10 
5420 1.0804579453349561e-10 
9651 3.705865629557298e-09 
9010 2.5421989542917895e-06 
9621 1.0596096477775677e-06 
1841 2.048626477279812e-06 
2096 6.347581785751599e-08 
4996 1.239708370439061e-06 
1118 2.402345994215112e-07 
883 7.626192387224368e-09 
7290 3.200316611547062e-07 
7411 1.1448809426123569e-07 
4652 1.0347959243884224e-05 
3707 1.956123894125434e-08 
7553 2.1973471262191056e-07 
5093 3.427575922903856e-07 
2231 1.6701142407768176e-06 
4333 6.656573089540625e-06 
9361 2.0050259622408396e-08 
5351 8.506308490714273e-07 
4598 7.129733740353573e-06 
1200 9.003781779827122e-09 
1534 5.335548475831344e-07 
4635 5.233218225396204e-07 
711 4.415446140941225e-07 
6378 7.376636054296165e-08 
3780 2.468535077141277e-08 
2469 1.0353434810872475e-09 
358 3.908447068787644e-06 
9696 4.240523994447631e-09 
8716 1.3020339108206665e-07 
7942 1.933183684554129e-06 
8203 4.803817765883928e-09 
2250 9.696847979960566e-09 
3075 5.591348148370479e-10 
3560 2.6633142108542667e-06 
4444 9.399929496523924e-07 
9421 3.80781651832222e-07 
9082 6.011235335841086e-08 
1384 1.1488457433300476e-07 
8745 1.7171870036879905e-07 
4915 3.2182136337197766e-06 
626 3.4169948446418155e-07 
3891 1.9088712641807115e-09 
6257 8.836780973746361e-07 
9148 8.744654083527449e-08 
9604 7.251920739958403e-06 
506 1.2643948618429367e-07 
8270 6.871338199387206e-09 
985 1.1243170322940665e-06 
2539 7.770385943695448e-08 
3062 1.8335379077963972e-07 
4530 3.855289694388794e-08 
8896 4.346322586632945e-07 
8067 1.9109644645767115e-08 
8643 3.6643726760208696e-06 
1856 1.6741274094413266e-06 
4119 1.7687588264687381e-06 
7600 9.594501010399004e-07 
5366 1.0482627745116162e-05 
7091 2.10122779977889e-07 
4461 2.4371714469912514e-08 
9346 4.139689152738777e-07 
6590 8.063559739628773e-09 
4861 2.244326609973646e-09 
9513 2.718358316222691e-10 
5749 7.919546964115337e-07 
5278 3.2642985714871967e-08 
4700 2.9050009819583163e-07 
6367 7.105273367806955e-06 
7356 1.1913524050921997e-06 
8512 3.9607449668112304e-09 
39 1.336911704206676e-05 
9467 2.0105670948477632e-06 
9224 7.819224505075176e-09 
2891 8.882753975433615e-08 
5442 5.020020691777721e-08 
8446 1.339767302569703e-07 
1503 2.0323804574979833e-06 
5162 2.626827846388444e-07 
6736 2.2781483648755957e-08 
375 3.346664623833824e-08 
9774 2.499628439265678e-08 
6956 4.0319922033429673e-07 
9250 1.0433612826358032e-08 
6194 3.5965765231304753e-08 
640 1.3698329527253483e-06 
6816 7.627663818214657e-08 
1019 1.6451659058098042e-05 
6964 9.544054591775764e-10 
3498 1.9164270947828797e-07 
9726 2.908344187716353e-06 
1606 1.5935659987446268e-05 
4404 1.2352102384143352e-07 
3525 1.1538334870886402e-09 
4982 3.2091535156670126e-05 
1819 2.312349711632456e-08 
8865 3.4563210681852394e-06 
4175 1.238719200819915e-07 
7550 7.146707350585185e-07 
9865 9.678156319111245e-09 
4031 8.938282331146726e-06 
1264 2.74528359152414e-08 
2364 7.858047315276173e-09 
3764 5.7693334572727316e-08 
767 2.6610777591580336e-07 
4850 1.6880502175306332e-06 
7898 1.8708635416381334e-07 
551 1.1596304392712508e-05 
115 5.389858243217561e-07 
3226 4.036829161378798e-06 
3174 6.210497524170872e-07 
5740 1.3699160173387363e-06 
8627 1.1654170857522406e-09 
3582 9.088332866671752e-07 
3093 8.876250965562128e-07 
3461 1.585789235483085e-08 
9492 6.601841514625527e-07 
3769 2.0568123096932194e-07 
1021 5.397742211242528e-08 
1367 2.506309446543035e-08 
3232 3.4641800803793255e-09 
7026 1.7880536176417296e-07 
8944 1.2469894014691682e-07 
884 5.544276942485559e-08 
3299 3.649269559723601e-08 
253 3.82368026130564e-11 
5158 7.643834341799095e-08 
4675 1.1828404147861196e-08 
4930 1.5797075323553287e-07 
2883 1.0489565150307494e-07 
9593 6.692542268263411e-07 
198 1.0646627633812604e-07 
1785 3.548925726279755e-06 
9236 3.132852287052873e-09 
4346 1.2208535093895939e-08 
982 7.28309282685424e-08 
1634 2.1994960496701278e-07 
2392 4.654914909524863e-08 
4171 5.056141491871445e-06 
9285 9.780743670596598e-08 
777 9.767957408481315e-08 
6474 6.09539985190399e-08 
4361 4.7168585031478983e-07 
1058 1.7470024990326229e-06 
9558 2.900814548890092e-07 
8469 1.5815413870995496e-07 
3394 1.8830813556325397e-07 
1675 2.806739982695128e-07 
9153 1.91780096074623e-08 
7462 2.1508003235947343e-07 
680 2.207568110355182e-06 
4044 3.923642223282878e-08 
9967 3.3949759102071264e-09 
507 1.511815580036496e-07 
6032 2.0115987624767795e-08 
8383 5.1166926329275714e-08 
9563 4.488601613658605e-09 
5580 3.791279910674017e-09 
5113 1.9425909900962733e-08 
6908 2.39414836654643e-06 
3538 7.292226214742465e-08 
1749 3.367000145766642e-08 
6996 1.335250038412162e-08 
7259 7.009537199315102e-07 
2488 3.0562121578706775e-08 
1266 6.367812097305298e-07 
4025 3.3002407468557586e-07 
4986 9.888334761399371e-08 
1894 1.3513481301967293e-07 
9218 3.0976283508718505e-09 
5421 2.174973538230525e-06 
7624 6.728524951625254e-08 
622 9.804919296901227e-07 
5210 2.4785492390844014e-07 
7223 1.8517231330071214e-06 
4490 4.0163975079315835e-07 
4965 3.2471164605123e-08 
1967 1.610531969072071e-09 
9345 4.43651271275769e-09 
1254 2.926749527599592e-07 
9763 4.240577149844382e-09 
3119 3.148383171807127e-08 
8340 3.0462272643597132e-09 
6604 3.215141506865025e-08 
2148 2.683300049829466e-07 
6269 1.242688998012438e-07 
2673 2.5026702313977886e-06 
8685 5.771702734504955e-07 
1635 1.7721332746168837e-07 
7986 1.3053259115963778e-09 
2432 4.369187830223541e-08 
1410 1.8895479054813018e-07 
6140 4.299181619093348e-07 
7664 1.075190407162543e-07 
8389 3.1382593149588655e-07 
9741 2.2213242631912268e-07 
1181 8.254575490154736e-09 
8193 6.339251630865878e-07 
1952 1.1343422765455594e-07 
6237 1.4263530408870073e-09 
6358 4.902687666665698e-07 
2827 1.0182918721893231e-07 
598 2.5923276091513744e-06 
7000 1.5083818557520422e-07 
4859 2.009289966180272e-09 
797 8.746448288475908e-08 
1983 2.962168873158719e-07 
5256 2.0138925561907772e-09 
3113 1.1949723929130323e-07 
6487 1.0121942676383222e-09 
7023 7.31844989398185e-08 
673 2.439506094660261e-07 
5143 4.6212651061438605e-08 
5065 2.3126818917498803e-07 
5509 2.217160830211076e-06 
5387 1.112749500290118e-08 
9493 6.2932449675732815e-06 
8488 1.1617625525153384e-07 
2748 9.252189687601075e-06 
7786 1.3323621581018408e-09 
8813 2.3204400920919378e-07 
1128 7.838330029312501e-09 
6570 2.160703311699959e-06 
8274 2.6629300258092497e-08 
5283 4.528371836922318e-08 
1645 2.981058980418235e-06 
4841 1.0319747756641282e-08 
47 2.8748301503915845e-07 
2610 2.390273909254269e-07 
326 1.4016491894982441e-06 
4516 8.249506849006662e-06 
7900 4.465343175056019e-06 
4267 1.3184785901520363e-08 
9332 5.784956999240448e-06 
8222 8.191880108282534e-10 
8376 4.0294219015427936e-07 
1847 1.0026277374765082e-06 
9542 7.470444722025571e-09 
6561 3.671506378441361e-08 
8357 2.661680836504735e-08 
9910 3.489654660009999e-06 
3811 7.916742531655476e-08 
2745 6.398136257768051e-06 
5792 7.371245999125409e-07 
3038 3.4451208021972745e-06 
6318 2.2865014252300567e-06 
5747 4.917985721904187e-06 
9376 1.8636020917531422e-08 
5345 4.259237527085658e-06 
8680 8.243520086551525e-08 
7205 2.2461544915697296e-09 
1972 1.796537170203617e-07 
7418 1.3711369094721601e-07 
9434 2.890551093238461e-07 
6980 5.449151548167822e-07 
6680 1.6682444386177013e-07 
8663 1.1431977948048937e-07 
8388 7.937849254638363e-09 
2062 4.1538768374673723e-07 
5623 3.31436747325704e-08 
5046 1.967087376244115e-08 
7945 7.0481692864866885e-09 
262 2.3797646920641448e-07 
1465 7.813384659909978e-07 
4648 8.672337196256202e-08 
1471 3.0025963534362064e-07 
4178 9.04108136021068e-06 
4740 6.963733121793613e-07 
1825 2.1597355350411358e-08 
1314 5.735996159246439e-08 
6122 1.6809134368806833e-07 
6174 2.776221894099627e-07 
9883 1.7748297308894782e-06 
1538 4.761957150215684e-09 
4879 7.167620020784044e-08 
9179 7.095868510831327e-10 
8416 1.9879837283623934e-08 
703 8.789118496595281e-08 
1781 3.5750641802812124e-07 
306 4.813448315883131e-07 
9151 8.317464677083746e-07 
6178 1.9172252032489956e-09 
9158 2.060909671372697e-07 
8515 7.143811060560153e-07 
4619 1.728985569299235e-09 
8889 5.426740664265595e-08 
7707 3.611078932934126e-08 
6903 7.770880674659881e-07 
57 6.365633141487844e-08 
3526 4.777199245561969e-09 
7805 1.78936452034607e-08 
9203 5.761900901446977e-07 
4142 1.3682910147719449e-05 
8346 5.770110259959475e-07 
3409 2.3637450936007004e-07 
116 2.6647136657767436e-08 
6801 1.0731133244382476e-08 
9749 7.947895350074474e-08 
2990 3.746814057042289e-06 
7910 5.225388744731262e-08 
6155 1.4328542274627141e-07 
9134 1.9930982906014264e-07 
6011 3.554943129799315e-09 
4810 4.155535949125822e-07 
8009 1.0282192268408138e-08 
6490 6.727964375072629e-09 
1605 2.1373147502712125e-07 
8704 1.0761597531044908e-07 
7844 1.7213430680840247e-10 
9254 5.2413799982684146e-06 
9875 5.577352010931896e-08 
1143 4.491430306233918e-08 
5118 1.7573038387602399e-07 
3660 1.7721193716128372e-07 
2896 1.064482691023499e-06 
8590 7.727639924655491e-08 
2996 1.4652268816824142e-07 
5515 1.4922118285270146e-08 
5629 5.13055045606582e-08 
4968 2.0360310139569925e-08 
2561 7.029733749708972e-08 
8158 6.350765972339875e-07 
2268 4.9878258877040626e-08 
1218 7.199408402138534e-07 
6675 8.755700967415779e-08 
2201 1.9754388909387632e-08 
8106 5.522040033457383e-07 
1499 1.6368511858433354e-09 
7891 9.151091964381064e-07 
2852 2.8776818151523035e-07 
7058 9.095152843103388e-09 
3336 5.62438308547835e-07 
1077 4.54754735763137e-08 
5247 1.0584632587296245e-07 
4624 1.3845914210194703e-08 
3205 6.118361772956696e-08 
1432 3.7163750460822605e-08 
9237 9.915724375267332e-09 
9697 1.751521618541252e-08 
8102 2.75363829916166e-08 
1493 6.059200295178329e-08 
95 1.1911999671468951e-07 
4558 2.3282100576521082e-07 
6779 4.4105498497248445e-06 
7167 3.468217369237113e-07 
325 3.1696502527591184e-07 
9960 2.203384504213292e-08 
1559 1.161698364355885e-07 
459 4.7533127167854365e-08 
7835 1.72501885495956e-07 
3855 2.779450334819411e-09 
7033 2.8579665454749395e-08 
2543 2.0817532482790676e-07 
4226 1.1633601803890462e-05 
1231 2.8853011737749353e-08 
5788 1.9262562956533962e-07 
4836 2.4614943731759583e-06 
8613 1.953082633154076e-08 
659 8.161925520345149e-07 
3959 8.460813361268443e-07 
6994 1.5526969932662046e-08 
4759 1.436611792666933e-08 
4569 1.0943790033571068e-06 
393 2.0975251495095753e-07 
9284 1.341804549025627e-07 
4610 2.407375103950782e-09 
6192 7.043055007363878e-08 
5410 5.6369195154117816e-08 
7121 3.1565622350968124e-07 
1150 9.145524043152956e-09 
4933 2.2148269565700103e-08 
7320 3.9320320610602977e-10 
6093 9.931000638698916e-08 
1298 9.143249730944702e-07 
7008 6.885603420466249e-08 
2777 5.45598218233929e-06 
4052 5.5267578369724846e-09 
5675 1.1028925659930166e-07 
623 2.943217234166462e-09 
2035 6.7247434192020125e-06 
1824 1.789215139472595e-07 
4300 9.53514643856491e-08 
6360 2.3287657940706615e-05 
3621 6.7472825846480455e-09 
2422 5.304099407309345e-08 
6588 6.9823351541245e-08 
90 3.0852488265885943e-07 
9402 5.5991027035227816e-08 
4462 2.4642756145246066e-07 
2904 9.932312682595567e-08 
5324 1.332210403918677e-06 
5175 2.9488307192934975e-08 
4050 1.881006806503594e-07 
9792 5.551250508318423e-09 
6858 6.924394051167703e-07 
2714 3.903116511851795e-09 
9271 1.2960436656928461e-06 
6091 2.97522744523355e-08 
9969 1.0788051077459393e-09 
1750 1.0417351717938921e-06 
1772 1.5576079591734138e-07 
1144 5.72898035522797e-08 
7424 4.73852066287285e-08 
4993 2.6452103419564305e-08 
7262 1.630197908836315e-08 
6072 2.420870509264872e-09 
339 8.228908884413467e-08 
6552 5.518733145384175e-09 
3918 1.3321477072459918e-06 
7882 4.218923206015385e-09 
2628 2.904712519992414e-09 
6167 1.1176402653656243e-07 
1811 1.8263684188454916e-05 
2599 2.2134555912308796e-07 
6033 4.317280720021096e-06 
937 4.0206624377719125e-07 
3293 1.0269664632723402e-07 
6828 1.9166934949004334e-05 
998 5.276326668982034e-09 
6959 9.252039112779813e-08 
4627 5.381538270989192e-06 
5054 3.5995289239597154e-08 
8609 9.621652231244296e-09 
3423 1.102570029889702e-06 
4691 5.471052518380679e-07 
4695 1.4443447462347825e-09 
993 6.33409739201219e-08 
77 1.2463183263200506e-10 
5721 5.083610999356678e-07 
2608 1.0124278032639897e-06 
9101 3.7414024101691283e-07 
5845 2.0016092919416308e-07 
9270 1.5830462753922518e-08 
345 1.329894830360797e-07 
9602 1.0817290593767516e-07 
582 7.0572033112953e-08 
4761 4.882023919689368e-07 
695 3.906933205373355e-08 
3532 1.7552318653103575e-08 
1345 9.303928599768696e-10 
8510 2.1272743978290048e-07 
7199 1.8177912416977905e-06 
7506 1.7054401225870958e-08 
8115 1.3707697226690075e-07 
2282 8.850181813524324e-07 
1107 6.302532380513706e-07 
3987 1.2049060040290535e-07 
1060 1.736737450922822e-08 
4137 3.844971477662406e-07 
4057 8.466540628756338e-06 
7194 2.7809763328973114e-09 
4144 8.502217816721766e-09 
4769 9.453765588174649e-08 
1121 2.8954056972983115e-07 
2624 3.268430020462445e-08 
8589 8.614349367727994e-09 
7074 2.8056908141617723e-08 
1579 2.291061150776902e-08 
2551 2.3276065650328678e-07 
5646 3.6028551981116645e-08 
1055 3.130697751629782e-07 
55 6.671039948318379e-06 
553 4.673925967199795e-08 
5590 4.006590676732761e-08 
4665 1.7989685185889085e-07 
7260 3.861507241135348e-09 
1348 3.677928448217422e-07 
5063 1.2747323255960538e-06 
2066 3.148855612182793e-08 
1792 2.557865207377229e-07 
8248 1.4703703220610186e-07 
4949 2.611262215723072e-07 
2518 3.667693076331302e-09 
7257 6.843010604776906e-09 
86 2.556241614995813e-07 
2763 4.4129936324058174e-08 
3773 1.6213297070208077e-06 
1602 1.5453352931252544e-07 
2708 6.391224056168028e-07 
5347 1.380159183739368e-07 
912 7.122207313931678e-09 
9987 3.7140497625672616e-08 
9433 1.3186247312510686e-07 
8522 4.059532965290441e-08 
463 8.048109886860111e-10 
8018 2.033784799022832e-07 
2360 2.537623279666749e-08 
4892 6.866063877175588e-09 
4067 9.445924592073776e-06 
1628 2.085238724747196e-08 
8104 1.3752433104092208e-08 
5536 1.181722974966787e-07 
9335 5.020866147321945e-09 
4248 8.442244302526998e-07 
4091 3.5507994088592094e-07 
3457 4.384519418213807e-08 
6817 2.1657444014292686e-07 
2910 2.093973499467055e-07 
7136 1.3590767042341614e-05 
3723 2.673419543649994e-06 
8620 1.9418464928015103e-06 
6387 3.000494607568408e-07 
7245 1.011402173817233e-09 
8428 9.589520780393774e-07 
7388 2.5972927493954877e-08 
4319 8.350320712893918e-08 
6313 1.9570267585297674e-09 
6991 3.654736253845721e-08 
8126 1.6539112294988723e-08 
9845 2.0593479403604428e-06 
562 1.0573519290512072e-06 
3897 1.586096686292688e-08 
1923 6.047341104004761e-09 
7735 7.143609061428281e-08 
6834 2.1100286747986925e-08 
6519 2.1495108971404664e-08 
613 1.462818570418785e-07 
5403 9.987989310198309e-08 
1091 1.740406445541984e-07 
1031 6.943646065464559e-07 
300 2.961617496735359e-07 
752 6.1047818254549024e-09 
46 6.911365924011648e-11 
351 1.3377365444227037e-06 
5092 4.1281032718073774e-07 
9441 2.5732769544267814e-06 
6125 2.06660136728229e-06 
237 6.290768878012137e-07 
133 1.6129894740413617e-06 
1018 2.6152060126835575e-09 
7258 4.640211349382863e-07 
4152 3.847940757668129e-08 
3161 4.2219230195206237e-10 
5562 1.471035076693342e-05 
259 1.9209849642287758e-05 
6394 7.006522104662611e-08 
4630 6.330242770938364e-08 
8379 2.5220876269561746e-07 
9744 4.760629322054743e-07 
4481 1.1314481191051367e-07 
5201 5.431240829447624e-06 
139 4.0903628471561804e-08 
5315 3.3741581564362966e-09 
9958 2.0964980849171914e-06 
2228 1.288886636251711e-06 
2357 4.907006254887408e-09 
7915 9.523190025792624e-08 
7586 5.612209255683636e-08 
4826 3.023961613610789e-08 
6753 1.6264425710204276e-08 
6735 7.763766286994272e-06 
1659 1.6991210689408683e-07 
9512 7.065248714956075e-08 
3048 8.019451769314401e-11 
136 8.074602521898969e-08 
7464 2.3029434574606267e-09 
6090 1.2933727286542317e-08 
8049 3.944560920096288e-07 
7423 6.599916408745257e-09 
8604 7.38656701079819e-08 
8646 5.536420470632266e-08 
1581 6.3851852494167136e-06 
3954 5.1962353851166265e-09 
1883 5.914434483345221e-07 
5556 1.4890561798044054e-07 
5395 8.455521387822366e-06 
5418 3.2924169777157514e-07 
6251 6.705911551554045e-08 
8215 4.711823215579664e-07 
7614 2.670544339486436e-09 
7579 3.3608406378802646e-08 
591 2.0996280492013852e-08 
2590 2.703119823218084e-07 
9393 6.429604576727225e-07 
3027 2.9980482523319675e-08 
6916 3.906025906610462e-06 
4745 1.049176471367336e-06 
8645 1.026001142901095e-07 
7020 4.749571141270852e-08 
4298 1.158670503748245e-08 
5764 1.5224567240855837e-07 
5642 1.179172513215117e-06 
203 2.2443457188200955e-09 
6835 1.4802990014301702e-05 
7093 1.0103389072997108e-06 
2856 1.2611736868832762e-07 
6770 7.291355748340056e-10 
7678 9.827305212311251e-06 
6743 8.253116996051268e-07 
3265 2.858625958794176e-07 
5716 1.9163704321003856e-07 
7213 1.1525753700109183e-07 
2030 1.9589556435683857e-07 
7864 1.6777532752061046e-07 
633 4.1523639250114677e-07 
1957 6.489460320225878e-08 
5348 3.429573219576161e-06 
8625 6.578977709836842e-10 
839 1.8157791070749253e-08 
3375 1.2643370406292993e-07 
6158 1.7533878310798951e-07 
3658 2.9214467279999506e-07 
3636 3.7533854816333516e-07 
3114 7.01338790948941e-09 
8164 3.6415887961355198e-09 
2929 4.5196512633297796e-07 
768 5.225295138196419e-07 
3003 1.9207348326308153e-08 
7944 9.085885329512709e-07 
6812 4.0382276394546404e-08 
8753 1.5002310701035446e-07 
165 2.554955196920374e-06 
2031 1.2980564613564679e-05 
6740 1.4293740917887177e-07 
1446 4.311891166831796e-07 
972 5.291215794945451e-06 
7857 1.6290212328753289e-07 
5489 5.614751538055262e-07 
7353 7.769371024139715e-09 
8777 1.6326230821208927e-07 
5307 2.5828578842541916e-08 
2879 5.120921136355511e-09 
4426 2.319025809113489e-07 
3760 2.909698877152922e-08 
3059 5.370347702562256e-09 
6614 1.0437854293995213e-08 
5807 7.546219979574085e-07 
6272 9.509828619025384e-10 
3756 3.820984862683386e-06 
2215 1.2660826474676298e-08 
5356 1.8238117040908497e-09 
3902 5.31656123001266e-08 
9940 2.420976967459386e-07 
7504 3.790228943562285e-07 
642 1.9589919397735243e-05 
7384 1.0908392172970867e-07 
679 2.5726552260060495e-07 
4113 3.4276520806047426e-07 
3589 9.31381299025951e-06 
6198 1.0414209824366472e-09 
5405 1.4015880390647571e-08 
1315 1.7898343242867865e-06 
5798 1.215446441831609e-06 
1214 6.211979941724011e-09 
9823 2.4141323185303265e-09 
7642 1.7632832254136114e-07 
9211 6.898582771860715e-06 
307 5.620255223350955e-07 
8818 3.416113836101836e-07 
8177 1.4502116191944525e-09 
8130 1.9400723713517212e-08 
914 2.0765621376508253e-08 
1472 2.4186189757674677e-08 
8532 5.0273211656994e-09 
1780 4.447118432632785e-06 
5296 3.5928392895971737e-07 
1528 9.494033857693207e-10 
3456 6.852917186153532e-08 
3995 1.505479424186284e-08 
7749 1.3112324929615602e-06 
6036 8.686223689326547e-09 
6922 4.0391174629313153e-07 
1230 1.5793674223309022e-07 
3484 1.9032869519094845e-07 
3833 1.5103895580959904e-08 
4023 9.669115462701376e-08 
4638 7.367071444663973e-08 
4573 1.8195904910299238e-06 
6134 6.43422444999433e-08 
6799 1.0515389668066372e-07 
9979 1.2943699064820098e-07 
1136 7.342507477000062e-06 
2834 1.714868304212539e-07 
1378 1.3749797498491256e-09 
8672 4.916111379121195e-08 
1217 1.8616424708757095e-07 
7954 7.161138052079582e-07 
5745 1.1281230870268347e-06 
4239 1.2277617511633615e-08 
5316 6.946172728726583e-08 
3476 3.645714684828038e-07 
9422 3.7074919389959785e-08 
7548 2.104406248281345e-07 
9489 6.077466313070016e-07 
1733 4.325055266906838e-07 
4433 3.1452182836232594e-05 
1468 3.688163326510949e-07 
8981 2.21386512768958e-08 
5149 3.6590358363747884e-07 
2837 7.513767753022623e-08 
2431 8.236798941401098e-07 
8366 8.143274610389935e-08 
5992 2.450304199645703e-08 
8223 3.111704982639829e-07 
3253 1.895255202777335e-10 
760 1.6966628369446794e-07 
7959 1.0049924769827242e-06 
9086 3.3432217664088916e-08 
2340 4.800497575377868e-07 
5433 5.935423100458718e-07 
639 7.194251648405536e-09 
5277 1.2660692134591948e-05 
4465 1.7074653112960476e-07 
6637 1.0772450308735651e-08 
2594 4.785931746629921e-06 
2550 3.6099184301918188e-06 
5836 8.302510217822133e-07 
718 1.5149615478321195e-07 
5077 3.3069797067029286e-08 
9879 1.9301721063472166e-09 
2444 7.217486772654962e-08 
1509 6.078558108246757e-10 
5862 2.842603548575793e-07 
2513 4.844901616889163e-06 
3808 2.385484828778834e-08 
5214 5.2986221299103483e-08 
5389 5.689607948673099e-07 
6230 3.1915814379356033e-09 
762 8.817675207394493e-08 
780 8.008235438559763e-07 
9970 2.7475843243986543e-05 
2216 2.629193883441072e-09 
7982 3.4542621052306244e-07 
2105 4.91449532744097e-07 
7404 1.0554437770232629e-07 
9682 3.2695143662224707e-06 
1208 1.003062376214725e-09 
7791 1.575546927493933e-08 
4429 2.6628302313960652e-08 
2095 1.0858051414800243e-08 
804 1.0790646657072721e-07 
30 1.0729693620196285e-07 
9981 2.661314925253783e-08 
5997 8.109956393075046e-09 
5887 4.595775420244757e-08 
2304 2.9800632838858105e-08 
6420 1.9112379446334485e-06 
7173 2.1182942267243196e-08 
4370 2.7421347867178335e-08 
5453 1.7974410647814826e-08 
7252 1.21277057287921e-06 
2947 1.034814555449557e-07 
452 2.8524145279540825e-08 
3771 1.7425231171159204e-07 
6917 3.1834470771508264e-08 
2419 9.633237313828305e-08 
8743 1.4137813875183505e-07 
8626 1.2729777871387155e-07 
8407 1.1577776104815967e-07 
1536 6.241627980722399e-07 
2145 3.2866989112950717e-09 
213 1.512021907209047e-07 
7151 4.15057126996332e-07 
8125 6.757417767556365e-08 
5161 7.876403219312517e-09 
9578 2.116184916209235e-07 
6100 3.507383934946585e-08 
7175 3.7558901736455506e-08 
2089 3.4796757694645006e-08 
932 2.0259012713393608e-08 
3874 1.612931379603444e-09 
1926 2.2403062120709596e-05 
867 3.855831341660534e-08 
1880 1.4693427882351991e-05 
1431 1.0116334197934615e-06 
2313 5.047084109655297e-07 
4252 7.675160286840316e-07 
2380 1.665270554936614e-08 
1916 4.6646820525111845e-08 
6075 1.4003423265915042e-05 
2534 1.8352055220437723e-08 
9156 1.1150747082224697e-06 
5892 2.608922467309271e-07 
2302 4.5895112812564185e-06 
6410 5.169762088175481e-07 
5614 8.86122370315559e-09 
8599 4.306575471235696e-09 
3092 6.951300975598877e-08 
694 2.322363633416939e-07 
8180 1.934025538986013e-05 
8799 3.177482741980735e-07 
8373 1.4390987085032285e-07 
9123 1.3691488953369304e-07 
8128 8.668258988787751e-08 
6399 2.8709518838925408e-08 
1412 5.3153359521771956e-08 
5495 1.196407231272812e-07 
9033 9.174533819979245e-08 
2597 5.557583154268338e-07 
1079 4.225991778739058e-11 
4309 3.039168197819207e-06 
2739 2.8082455191282257e-08 
2531 1.19510577974052e-06 
5184 1.8208997649642015e-07 
7644 7.404572580083091e-10 
9293 1.3597311409874074e-05 
4790 1.4028802361649474e-08 
7818 5.233558566284441e-07 
1245 3.481888598305885e-07 
728 5.038326425401163e-07 
3080 3.2819060998432663e-07 
7324 4.77462305311792e-08 
6213 1.5728378120207463e-08 
9035 6.351907390258343e-09 
656 1.262300805162604e-06 
3471 6.188479669399106e-07 
8845 2.3737523314094685e-06 
2456 7.837028759685137e-07 
8811 1.336798270729599e-06 
5109 3.013644750415878e-10 
5871 1.283354771795838e-06 
1885 2.172471505218921e-08 
7480 3.099982642703865e-08 
1975 6.712027470644689e-07 
466 2.1985144924058968e-06 
5988 5.091093064033533e-07 
8677 1.6359519666641598e-05 
2912 4.587854786750498e-06 
7187 2.3792628310245756e-09 
4357 6.107156097099941e-07 
8946 7.649472964776916e-10 
8076 6.079417438621153e-07 
4774 7.577640588266546e-07 
734 1.3135199038909542e-08 
8390 4.6800348456988117e-07 
6210 1.4070506671031986e-07 
1744 1.0287788645968726e-07 
3991 4.217864150640609e-06 
7872 1.9759784841352768e-09 
199 1.406500977382374e-07 
4532 5.384686341340086e-08 
840 1.1244737649692531e-06 
5855 1.822807093452828e-06 
3521 4.5056711833746377e-10 
1387 1.6561262387512765e-09 
9286 1.3080685426699343e-07 
365 2.98707469827326e-08 
8097 1.9583334963101546e-07 
4450 3.4200257528651905e-08 
3797 6.4494833448527e-08 
381 3.5696225588583395e-08 
3091 9.44066279826593e-06 
962 1.766006760099692e-09 
9013 9.576006483450784e-08 
3668 1.4032309237609075e-07 
5571 1.687685346796376e-07 
7695 1.3375694638039295e-08 
2654 6.893016263738711e-07 
5289 1.2762398172885651e-08 
5717 6.709380398532911e-08 
4844 8.541571137670942e-09 
9786 6.228050095029062e-06 
1736 2.9709711148108876e-08 
2700 1.3651129571689256e-08 
1069 5.679274093503073e-08 
1893 5.347300669803557e-07 
1831 3.4928703792381783e-07 
6058 2.50531125722429e-08 
9714 6.303201879713505e-09 
1301 1.6778132304922712e-06 
5616 1.2673844876278251e-07 
5122 1.1874294366406943e-07 
111 1.2832846746134257e-07 
9126 2.9062360712428514e-09 
370 1.912291641877062e-09 
4768 3.7437054210799696e-07 
1557 2.4322228309586115e-06 
9227 8.7503417892619e-09 
2119 1.2418853734437463e-08 
297 2.497009124281246e-07 
5166 5.533053730613372e-07 
1094 1.7294269424517257e-07 
8519 6.805879991000194e-07 
6638 3.2166477745396334e-08 
3010 1.371868868504933e-10 
5337 2.558040231654459e-07 
7161 2.6326107174580617e-07 
8529 5.944102715680494e-09 
1293 4.529884529091109e-08 
710 3.6872285707394235e-08 
7080 9.906695829082731e-08 
6568 6.315708631670416e-07 
674 4.2775403087708553e-07 
8038 7.179651533860995e-08 
7359 3.1115232641416835e-07 
7235 1.2821238568113323e-05 
3520 6.552790569209637e-06 
6982 7.683899537055636e-07 
1617 5.289802403326085e-08 
6695 1.0745531565242716e-09 
8497 1.5098864571713548e-08 
7771 2.8483774366927506e-10 
4739 1.4456260866610687e-07 
8016 2.4842051768455235e-07 
4808 1.526711614996738e-05 
6166 3.279381734965165e-08 
4385 1.5106055925779606e-08 
7322 1.817262047819953e-08 
2935 2.5274502651746576e-07 
8844 5.446469664160958e-10 
2589 1.0646720476247631e-06 
589 2.029926734217737e-06 
476 2.6334561914280984e-08 
8920 4.10959210644349e-08 
301 1.2455200248082143e-07 
4054 6.53524635021653e-07 
2013 3.21046164175956e-09 
4445 1.7589630137951513e-08 
3218 3.0327997963053093e-07 
8725 1.553439732968412e-08 
4283 1.9202694407222618e-05 
3576 2.6122533433245443e-09 
2472 1.2963075334693857e-06 
2033 1.4308153620246067e-08 
8029 3.839449056581255e-08 
3945 2.2086437435897555e-09 
7877 6.278304436448459e-09 
7352 1.4757131805223102e-07 
8546 2.705866453533103e-07 
7493 4.583256383357964e-09 
5695 5.252315409421532e-09 
5475 2.1569226579505954e-08 
1207 3.711305193699298e-08 
2505 4.617273134579353e-09 
3511 2.3508252639640212e-07 
6495 7.799698677963857e-08 
1166 4.528835167993961e-09 
9354 2.6092270440851266e-07 
8934 5.335825613381889e-09 
4360 2.2098922687964517e-07 
4537 7.169268444681767e-06 
3832 2.170644747921652e-07 
4518 3.795687969661288e-09 
6507 1.7144170825068687e-08 
6558 4.313495063175063e-08 
36 4.771885959740889e-06 
4162 5.67929138569831e-09 
8082 1.8616761371077583e-06 
4901 1.1028476822744215e-08 
5770 1.544507004532539e-05 
2804 6.532235644841411e-06 
9820 6.443575260015912e-08 
5336 3.517184536411949e-08 
6355 1.34136850063179e-06 
2213 4.239818951671388e-07 
3469 5.520227217622065e-08 
1287 8.482684897892826e-08 
8484 2.3333751727680485e-09 
3275 1.921190081587837e-08 
9993 1.7251372153813925e-07 
6748 1.0777155243971956e-06 
5999 7.098715763760348e-06 
4111 6.873207681386967e-09 
771 2.0379306216958964e-08 
4631 8.476616537787944e-07 
9754 1.6967591100280433e-07 
9034 6.235198867854744e-09 
8249 1.1864247132257685e-08 
151 1.0676538825769855e-08 
3046 1.3881363938308619e-08 
458 3.737269577821144e-06 
7019 2.711019018487599e-08 
7826 1.4054876017846284e-06 
9577 2.1293296068318653e-08 
3031 6.14204039344412e-08 
7539 2.2748017871576214e-07 
8987 2.8159961784277043e-09 
9691 3.424017665376671e-06 
331 2.3978315076989692e-08 
8124 1.7802034143685197e-09 
5358 5.052722267622601e-07 
1083 1.6351442002054267e-08 
6526 2.048301441778363e-06 
9534 7.013908324445114e-08 
3284 1.8393176732991318e-08 
5169 4.788496797796717e-07 
6653 2.781711545031269e-07 
5176 7.0594109889340895e-09 
7113 5.017692889867989e-07 
9762 2.992913491269445e-07 
8641 4.747319208745877e-06 
5353 1.5991825128363942e-06 
7064 4.5021633433383994e-08 
1963 2.6290745431395424e-09 
432 5.084252915893306e-06 
4483 6.408954309868931e-08 
3302 4.893309622083786e-09 
8013 6.371601071574048e-08 
9547 1.1319601427229194e-05 
7584 1.750584675483391e-09 
4489 3.9197589863926085e-06 
1652 3.833793144059072e-10 
650 4.381217132963949e-06 
7431 1.3300445520463605e-06 
9567 1.9257273584941603e-07 
3935 7.646762683032873e-08 
5596 9.715913750624194e-10 
8253 1.61517792883007e-06 
7963 5.7680530674919864e-08 
5995 9.178912937609827e-08 
5030 6.758849864773227e-07 
9315 2.3245288495430536e-05 
2962 2.8142087226643324e-07 
8615 2.819059404863042e-07 
1806 7.17173959541989e-09 
9662 2.4826646319416263e-07 
6000 1.6557143156514798e-10 
769 5.893187536928782e-08 
6579 5.574230025470945e-08 
3401 6.355851796306872e-08 
2151 3.2813862004196645e-07 
7922 1.8584507226734017e-05 
2824 3.4657153683351205e-09 
2731 2.2190620879991845e-07 
1958 2.6779084526239465e-07 
4534 4.417211954702306e-07 
9640 5.208294342939272e-08 
8119 4.221671935644711e-10 
8457 4.3453730876430075e-07 
8790 3.890588755827394e-08 
8471 2.9994466088126927e-07 
1375 4.92159739256329e-07 
4881 8.121158175902442e-07 
1401 2.4467203681990956e-05 
9119 1.2419603915713069e-08 
3888 3.253198030224303e-07 
5833 1.1129279592621578e-06 
9478 1.6643283919020033e-06 
1758 3.1274205997806025e-08 
1279 7.511710876989364e-07 
1964 9.010789856888496e-09 
2641 3.2731264024989624e-08 
8108 3.734666831882059e-08 
6967 2.1127508955287762e-07 
2157 1.5450826422111485e-08 
8207 1.11558858238142e-07 
6796 3.1138724141390676e-07 
9417 9.455397188701535e-08 
9480 1.9649853100559e-08 
3339 1.7154686724339898e-06 
887 9.930434391740468e-08 
9776 1.5749343231691618e-07 
106 6.183934560168719e-09 
2189 4.034439748376367e-08 
5586 1.5671289333381885e-07 
7620 2.5396611717676442e-06 
103 7.362317232678638e-07 
9425 2.0801461558242126e-08 
7978 1.2279013288753614e-06 
9851 5.95633449750868e-08 
6337 2.766606498637086e-07 
1816 1.746380508629332e-08 
995 8.485241060132709e-09 
9173 5.566183218761215e-07 
3925 5.24515298913088e-08 
4908 2.789036742970608e-07 
4066 8.419317383076704e-08 
8603 1.1433777164871015e-07 
873 2.6106859085049116e-06 
2185 2.036118677615924e-06 
6837 2.643268681186547e-08 
130 1.4047977946597505e-08 
4167 3.147898466058282e-08 
1979 1.2131876644125641e-08 
6479 1.34828608421185e-08 
9117 9.888054016424577e-09 
493 6.222240686129294e-08 
2593 1.8737601953597327e-07 
7124 1.151170694606949e-06 
2325 3.1089322084380176e-07 
8691 2.444243346972165e-06 
8478 9.863749694846178e-07 
3364 6.867140342221162e-08 
9075 2.2033216220728656e-07 
5743 8.636051008462011e-08 
2435 2.2356377658638371e-07 
7122 3.844930755591644e-07 
6741 7.239169999779041e-09 
7747 1.7879426960674765e-07 
900 7.894155673658469e-08 
267 3.982566589011416e-09 
4276 1.6541465409396965e-06 
4208 3.5369356423070006e-07 
4301 5.510397108125483e-08 
1766 2.046202094680929e-07 
9626 2.5419092573592938e-08 
32 1.6214674716573212e-07 
4944 3.9517176770236206e-07 
221 1.6829229895179605e-08 
2466 4.8411612315355044e-08 
6464 1.610510684210177e-08 
2286 3.283174981882908e-10 
1470 8.585707745017296e-09 
3066 1.4249594830918061e-08 
5160 7.256347053759754e-07 
9916 2.8146928825452416e-06 
8592 4.986832876843891e-08 
5262 3.6939172554095734e-10 
8829 4.157033026781689e-08 
4114 1.8915710933362084e-09 
8651 5.240320682161487e-09 
1286 7.697851220488076e-07 
8919 4.880198448912326e-09 
9597 3.2072895311818783e-09 
7676 3.5363536442042e-07 
4071 1.911133328811644e-07 
3547 7.984270209996573e-08 
9147 7.091166404071814e-10 
8531 6.9455857228119596e-06 
5530 5.814047835799594e-08 
5762 2.2218413850102963e-06 
3052 1.3311820164078371e-08 
2698 4.33215196187456e-07 
2198 1.7448003052498886e-07 
1548 1.8882358512038212e-07 
1615 2.443450295685549e-07 
9481 4.521846618313059e-07 
8206 7.87110567540662e-06 
1082 1.4424164117906191e-07 
4479 2.4540480905062363e-06 
1285 3.160674968993339e-08 
7588 5.835736642140469e-07 
4873 1.3608025869929043e-05 
7783 3.045288626303544e-09 
8548 9.71263283363645e-09 
6767 1.0019398156198983e-08 
9892 7.84912709671599e-07 
176 1.104662222806141e-09 
3431 1.669348713407258e-08 
2499 2.0158605070634322e-07 
3568 2.8678492179979497e-07 
2094 1.0517668925398018e-07 
6434 1.8256045814447257e-07 
1924 1.1085236372385674e-07 
7141 9.127852826449484e-09 
1651 4.787665571718419e-09 
6974 8.893304183157122e-08 
4145 1.0732591448053271e-06 
6231 5.401548220217308e-08 
1516 6.101947854116052e-09 
9918 3.020693162470627e-08 
8874 7.43254405938254e-10 
7111 1.2528158628967532e-07 
4955 7.143630146097481e-06 
2117 1.986021611458526e-06 
460 6.044095572220898e-08 
5564 2.4076458156590402e-08 
403 5.282547223350544e-07 
9343 1.2508415843167243e-06 
8218 2.3363869591829303e-08 
7876 2.5573831223067164e-07 
691 9.2230736687852e-08 
4328 3.971317467025692e-06 
227 1.4313454992292539e-06 
2890 9.599166709025911e-07 
6299 5.049009351577088e-07 
7392 5.397424618696117e-06 
6331 6.489972316117423e-07 
5173 4.6032327702973097e-07 
4484 1.664134117302079e-08 
7841 5.157574140184714e-07 
4738 1.7964345085498892e-08 
2015 5.472504573774118e-06 
2903 9.812134232103616e-08 
3570 1.9247313448990735e-08 
209 1.541432040168267e-08 
5681 1.6303646894071956e-07 
7999 6.736529311067495e-07 
8321 5.51711401140147e-08 
7298 1.5297842172958093e-06 
4410 1.20132567724707e-07 
9941 3.9952890069818846e-08 
5956 4.806069687027925e-07 
4767 1.9402352517921932e-08 
9350 2.3574119490965437e-07 
1179 2.948010105776716e-07 
3782 1.346999519205843e-08 
4535 2.1575148495723617e-05 
6678 1.9713666027890993e-07 
9012 2.0914118010648234e-07 
596 2.562331110773084e-07 
2473 2.0865794026875647e-07 
9090 1.5005726262521432e-07 
2060 8.142855871003237e-08 
3904 1.4526943251783378e-07 
6932 1.792178623560034e-07 
7646 8.457015566304665e-08 
1216 2.6977111236298895e-08 
6872 1.0301607964672416e-08 
8226 4.6997181041641894e-07 
5984 2.982720451006761e-07 
9724 8.076670925819027e-07 
2873 1.2361150194032354e-08 
9922 2.813084226800883e-07 
5815 1.3081810009709337e-08 
6127 1.6112307281042067e-07 
9081 1.120904330165727e-07 
2315 4.517875535074885e-08 
8396 1.393569034290721e-07 
1050 1.3941700244463303e-06 
4205 5.992914783373962e-08 
2387 1.1237405239412218e-08 
2819 5.342224832779541e-08 
2476 1.8442947169461377e-10 
2284 5.701746787225156e-07 
7084 6.877764226456778e-07 
6585 9.004446753859991e-08 
4576 8.057970426727831e-07 
8118 1.9339693480500129e-07 
2655 1.80166980861228e-08 
8676 3.509078023712338e-08 
6168 8.429370325428428e-08 
6827 3.6007348957188025e-08 
7373 5.0921348804949546e-08 
485 9.166659274581447e-08 
6929 1.0946487599174104e-08 
1145 4.433396918204985e-08 
4496 1.1469349132589777e-06 
2347 1.0368820381471868e-07 
2978 4.107445344618103e-06 
9702 2.426866815565757e-07 
3321 3.5723845999424686e-09 
5542 1.2222916242105074e-07 
7224 9.24568878650548e-07 
1093 4.995214933701576e-07 
2126 6.867620143124522e-07 
5102 1.533541025449444e-08 
1232 1.1629609421207654e-06 
2300 6.303033407923167e-09 
2991 2.6822422411303657e-07 
8154 1.951534464734848e-07 
5759 2.9445003440695117e-09 
3600 4.451417713789863e-06 
2291 2.0035168064916727e-06 
6560 1.1591064392225687e-07 
8160 1.3064898140343478e-08 
5565 4.3260387001158376e-08 
7483 5.249762766828889e-07 
886 3.412623538037095e-07 
1977 1.1186736170612586e-07 
3586 3.0218027127662354e-07 
2928 2.0550905963133084e-07 
7027 1.520446215871272e-07 
5915 1.8091343741347805e-07 
6306 8.769212958019868e-08 
9500 7.504425877422474e-07 
5270 1.7943139006235695e-07 
6382 1.6740104762449914e-09 
1595 3.66175288598323e-08 
4814 3.314229658698013e-08 
4931 4.008041495191187e-08 
8573 9.218714371071302e-07 
4322 7.787859720192916e-08 
7060 1.210788914921153e-07 
3670 2.57896052169998e-09 
2595 1.2800734844620656e-06 
6826 2.474047541131734e-07 
2651 1.113413392720491e-06 
9541 4.249361086351147e-08 
8462 2.993827441134534e-07 
3528 3.594633786929615e-08 
6491 7.41779975528946e-08 
3069 1.1542234946716181e-07 
7156 2.8500313524124077e-09 
4104 1.0586483942292202e-07 
2522 3.2941648280687685e-09 
6821 2.779507723852173e-08 
8803 7.814796617331213e-09 
1171 5.7929992665562346e-08 
6219 1.4349056400117955e-07 
9438 6.750746614058584e-09 
2811 1.2582542596706846e-08 
6104 5.250276293149864e-09 
9759 1.090344207282934e-09 
4865 4.298188218710134e-07 
3972 5.257463473969128e-06 
7526 2.295105422552013e-09 
6636 3.2226310048002823e-06 
5096 3.1391677273802296e-06 
9800 1.2480012364946566e-07 
8524 7.04209222138802e-06 
7233 1.1196487974372108e-05 
2796 8.81750518766974e-08 
318 6.016694453195524e-06 
3004 9.844554082572097e-08 
4961 3.39343510930602e-07 
1601 1.2281233325388253e-07 
7394 1.1325584012289447e-09 
6809 2.006855712537227e-07 
1837 2.418954414911488e-05 
5250 1.0216192474236593e-08 
3184 1.0467886973897222e-09 
9515 5.690580917281416e-07 
9731 5.9565486015822344e-09 
1413 2.3823053303174448e-08 
6374 4.405466219958592e-06 
7694 3.1195565715102694e-07 
8186 7.656905520866605e-09 
3199 9.843695434295918e-09 
7745 1.876744026136322e-08 
4958 4.383803364937257e-06 
2509 9.003711415295863e-08 
9905 7.997897028339187e-06 
5464 4.4091138267765545e-07 
5021 3.589674075825752e-07 
3639 1.195871709126624e-05 
4158 8.126318588283802e-08 
3224 4.7181077958050017e-07 
6985 2.0198139187663916e-08 
4663 3.645649100817851e-07 
8875 2.8388784292093794e-09 
3030 1.7335171185760875e-07 
8283 9.543769123092024e-08 
1109 2.2545889049426697e-07 
1851 9.768481854777167e-08 
137 2.371788352523163e-09 
9617 1.0268830168859597e-06 
7930 1.7202547433463968e-06 
23 1.0595231396476574e-06 
113 1.2312857660540244e-09 
3713 4.0509457262109024e-08 
9635 3.639450812646135e-07 
1636 1.4309819956794326e-06 
9665 2.107767124363498e-06 
7503 8.383922438741755e-08 
1869 2.6759873483772623e-10 
2468 3.023425998073542e-07 
8748 3.8175961921471993e-07 
4311 7.814820724161365e-07 
1757 1.3787142143664816e-06 
128 6.01875917280222e-06 
7157 1.8202546734317907e-07 
3803 3.692657178032535e-06 
6 6.693691069890764e-08 
5383 2.6056457149649803e-06 
4255 3.139408812433001e-08 
6842 1.1155422320084208e-06 
6128 1.4093993520726405e-06 
4475 4.2052763301182565e-07 
624 9.124052933245788e-06 
4928 8.269475855704434e-08 
8331 1.6574745572308475e-07 
5346 1.418178946421204e-07 
6607 1.6460266196935414e-09 
1698 4.380716230501132e-08 
539 5.6892656664746244e-08 
5829 9.394742276990333e-08 
4899 7.550846938811015e-09 
8552 6.516379465540401e-09 
1906 5.455918144295165e-07 
3417 4.0941256400519834e-07 
6745 1.758077440940954e-08 
3753 1.4371474912899806e-09 
7390 2.1067558547233035e-07 
5167 6.398348426076201e-08 
5931 9.530264860512969e-08 
4757 3.1278182569556e-07 
8968 4.976402572879073e-08 
224 1.1430141157112794e-06 
7552 3.995532725005078e-08 
6777 1.8771762904734937e-08 
9122 1.2666539027000108e-07 
3876 2.0828783194406543e-08 
2012 1.9278657799842822e-07 
6409 2.8732023220259112e-08 
7286 2.5693399152801766e-07 
6528 3.922425516333927e-09 
9419 7.122472906643008e-07 
8243 1.9126616555822029e-07 
7490 6.74109007264194e-08 
5828 8.276407011185995e-07 
881 4.315251857667929e-09 
9694 2.6161666582414777e-07 
9246 6.289822529568362e-09 
8399 5.8232599634857034e-08 
7372 5.577225696119269e-07 
7499 5.2210684542029415e-08 
9842 6.703296213365631e-06 
8582 1.796341380582258e-07 
9137 2.3234554448247898e-05 
5297 4.233999901049246e-06 
2450 3.161536503513279e-09 
9964 4.1830022695242466e-07 
3619 2.7568612186623827e-08 
9986 3.734476622185108e-08 
8136 2.5878493619927335e-07 
9268 1.6228874491442877e-08 
2558 8.24056901395075e-06 
930 5.240657936637135e-08 
9239 4.52142348210277e-06 
5370 1.0088016958896204e-08 
9327 9.411216291737093e-08 
7887 1.236189742584437e-09 
2560 3.5258107176049103e-09 
9903 1.580712079187873e-08 
5813 2.0063636365352246e-07 
6758 2.218628253014899e-05 
500 4.798911299591646e-09 
6968 1.0850928383251968e-08 
5226 2.268990326266781e-06 
6564 7.870760253584578e-08 
2660 1.5378138601316846e-06 
5989 7.983955130049306e-09 
635 1.0225833103347957e-06 
8267 3.558739994835843e-07 
125 1.0522016376463342e-08 
5237 1.0110836458563861e-06 
6751 1.719123261161113e-08 
1473 1.9169145340286117e-08 
9473 1.3271560773831371e-07 
2860 8.15482639532003e-09 
8549 1.845328087253864e-08 
3824 9.216917266195773e-07 
1437 2.8014796008642085e-06 
9334 5.303264136263718e-06 
4456 4.26228895720912e-07 
