1 5 6386 5433 2678.988816871699
1 9 4843 918 4744.507450486822
1 10 8333 5855 7625.264737208882
1 18 8298 3021 10205.277816002119
1 19 614 463 622.2246903776457
1 30 8073 140 8075.042498294629
1 48 5047 4834 2306.360680417997
1 113 7122 5823 7039.455407929411
1 136 1162 389 1681.6525828061979
1 151 5527 3394 2824.469547710571
1 157 8147 3566 8874.022811042678
1 167 3631 90 4390.876452797967
1 216 8589 3895 12761.4659458461
1 257 5819 2410 7170.833264349973
1 260 7037 5175 5675.8209097964545
1 266 6262 1919 9755.50440672714
1 275 2374 1255 2296.170148152758
1 322 53 48 93.11225135190033
1 353 6630 6250 5886.012992596931
1 416 5307 4283 8995.29962364906
1 553 2488 692 2513.7897971465713
1 619 5764 4300 5123.783252445917
1 647 9521 2119 3920.0846917466088
1 671 4155 1756 3722.1536983033984
1 675 7029 1011 6214.103877077767
1 680 5028 1244 4978.709554737279
1 705 3229 1697 1107.1344131700837
1 844 6917 3686 7006.70293421123
1 903 457 251 379.9536468848926
1 918 858 720 471.6974272755527
1 937 1762 214 1811.2173254046597
1 3 9352 675 9352.295237506134
1 13 8160 1539 10334.742431286111
1 81 6471 5272 6495.919934274288
1 121 404 262 394.82702742929513
1 130 2808 2117 3139.2218134955892
1 249 8353 7212 9122.350672107712
1 258 4321 2178 1201.7870080946177
1 291 8641 4395 10539.551877803915
1 323 1622 1442 1662.1081673907638
1 341 2139 2137 2421.053199441655
1 481 9266 518 9280.227971292827
1 518 2742 2303 2352.1380348593125
1 519 6027 657 6032.118854381313
1 722 3219 2378 3533.953944029613
1 773 6817 1599 3811.044277449979
1 805 1216 24 1215.920859354168
1 835 748 635 229.45664821726814
1 919 7176 5403 6351.32775183734
2 8 5034 808 2005.236792232959
2 16 4885 3067 6214.1088302996295
2 31 1020 293 1020.1335513342801
2 38 2588 2586 331.2890094906301
2 71 6771 4605 7251.350234499883
2 83 4088 2960 4613.1936902765965
2 136 6577 3822 10255.99382700665
2 229 5961 2152 6947.093494515418
2 293 561 354 468.5522434639571
2 358 4148 3247 4455.66689780001
2 482 555 482 839.4807428800034
2 536 70 39 112.5583112086955
2 566 4649 4421 2504.7242891484198
2 645 6047 5554 8206.292968155045
2 706 3134 564 3213.018833948739
2 769 4062 1562 3985.8989316930724
2 826 4108 74 3607.473813825707
2 921 6426 5636 5040.795404808547
2 9 8854 5427 12409.708591340812
2 21 1846 1697 2579.957055091929
2 30 7334 419 11162.119881444565
2 39 8345 6802 11971.389882487669
2 44 7901 5641 13870.373122297835
2 65 4723 93 4721.19625903276
2 72 3464 2322 3162.403400737616
2 113 9373 4049 5893.832315013179
2 129 1180 909 857.4352271389018
2 146 7460 1343 7998.261268674202
2 149 937 469 1007.5152928021051
2 211 918 727 96.17119209573065
2 257 1024 215 1018.6109585045036
2 265 788 661 969.3314407602437
2 513 6687 3441 11198.668741841675
2 523 2103 213 3306.9649921693995
2 673 1572 1404 2757.1073864685727
2 774 380 206 116.98278049133192
2 785 5766 5527 9098.284712715591
3 4 35 9 28.266399584810895
3 9 2316 1102 2431.2800726585315
3 49 8345 6682 3330.696471668844
3 133 3016 2613 2938.0367324929675
3 168 2703 1978 4281.223903961642
3 261 1112 892 1149.178350166711
3 268 4218 3089 6589.843581039156
3 329 6651 6002 4242.642745262002
3 524 7340 1082 6022.577387998222
3 827 8787 6541 12393.974046413432
3 34 7618 4363 7240.754823314011
3 38 2972 555 2356.6897553407184
3 68 962 943 1622.5607954382501
3 90 1955 1219 2478.6984244903
3 142 651 168 567.1449630118655
3 146 7952 2948 4032.4081457792095
3 386 3910 2272 6317.94491935548
3 438 2611 677 2654.920537475018
3 547 5814 4551 6938.9940364967615
3 593 9788 4126 2482.7718591335843
3 711 5191 852 3385.385448430927
3 853 9998 1328 6376.672611290504
3 913 435 344 599.9146181859659
4 25 1083 522 1397.9932044854552
4 132 8123 4551 10020.455274165397
4 273 6911 5275 4383.427872619412
4 278 8741 2352 2527.054956488555
4 531 950 545 904.5188628783526
4 593 3419 627 5537.3586589735705
4 653 5249 1541 4605.595413440801
4 818 1063 533 991.3824906679757
4 7 1516 292 784.3012953936864
4 34 7651 3813 8228.395210685165
4 40 700 56 264.2043523787761
4 61 9620 5142 6930.313816924943
4 106 1430 963 475.02703157761096
4 108 4411 558 5488.987336922502
4 113 7762 6312 6136.815495744667
4 199 8412 7717 3342.5146118193697
4 359 819 113 510.3556751536549
4 489 4599 3392 5391.597228040122
4 518 324 169 330.6293980800914
4 628 8548 7047 2375.4740904294895
4 657 4592 2589 5676.164492806238
4 666 9412 8799 10667.738532058893
5 5 110 50 69.6659408432447
5 16 1304 516 495.64854826225667
5 25 9119 3041 14000.970785711703
5 51 8336 6775 7374.025993684956
5 61 238 231 414.9573044282484
5 65 5500 3438 2160.918355426672
5 249 2426 2243 2547.982622099036
5 285 7437 3316 9806.820408857346
5 294 5320 2802 4499.898216596387
5 369 9867 3460 9312.535336331723
5 518 921 223 1429.624089537583
5 577 8904 295 3298.9936876741635
5 684 7833 1312 7849.22818150866
5 775 2786 1751 2155.905862132693
5 804 3811 3719 2073.581798982939
5 809 4653 925 5710.485946681887
5 50 7568 7095 12196.721374748402
5 90 5707 1720 6089.537594955924
5 189 3741 3435 5149.555165955807
5 212 7829 6082 10018.94729166941
5 257 1502 943 2672.0990525117195
5 265 3937 1055 2181.246886065333
5 276 1833 557 1384.0079780359092
5 322 6753 954 6825.992758492294
5 396 994 538 693.986709326219
5 515 8341 6946 8553.137743026691
5 547 4211 4115 2993.628202299943
5 552 1410 632 1965.2344276035494
5 555 1618 1230 1828.0736991707777
5 567 4126 3780 3308.721996109487
5 593 9976 6116 7677.977789280035
5 641 9207 2064 11510.394883770543
5 646 8338 1708 1749.6436870920766
5 650 3858 1267 4049.8243582912473
5 901 2907 783 2848.7348139277847
6 19 7720 6166 6811.872238764787
6 217 7060 5598 5119.206182532507
6 585 303 209 405.03055142957083
6 888 2890 1116 2895.7155640037895
6 30 602 548 782.8574975677546
6 58 8860 4714 10460.694456987116
6 61 8095 4523 8039.022624737742
6 186 5346 2632 1713.6700637275637
6 233 8021 1879 9324.542303310507
6 257 5033 4744 5576.2044325240695
6 385 7433 4457 5021.696581388969
6 513 4613 3454 3622.8478854645314
6 514 6204 1870 6498.537216167157
6 534 7589 4236 8928.234906813894
6 577 3469 2860 4673.664039018826
6 626 278 136 120.81729885160837
6 912 9660 4785 12625.200895607648
7 149 1968 1841 1504.4644544480004
7 213 9017 725 8288.332020249656
7 260 2001 1170 2496.8506539622354
7 268 7195 4321 7942.717190642822
7 269 6109 964 6117.528160970229
7 467 2667 1581 2209.747796549204
7 513 2598 125 1189.417786169348
7 799 3737 37 3737.708063476539
7 1003 7314 4240 11449.332181323278
7 103 7639 6660 7850.781926554074
7 133 9539 854 5244.49073151803
7 205 5960 4754 5895.500858299061
7 305 7512 3638 7406.809117214026
7 326 7813 6931 7497.538288215579
7 385 7316 3724 3263.1133901569374
7 397 2743 1109 2660.0968314951338
7 413 5257 4542 3838.1639360405347
7 474 6447 400 7365.249846430075
7 535 6569 2157 4288.721790079185
7 545 9555 85 4617.407151538147
7 558 2525 2470 1394.744330198295
7 641 7164 5315 7555.5774004509885
7 682 7071 1565 7192.503400914343
7 695 7527 3936 8180.891607191196
7 778 1573 550 1776.4152856170601
7 871 4487 2037 6848.666309070343
8 82 3722 2807 3482.8247639826955
8 111 2649 1321 2921.6267827228958
8 238 9875 3610 9909.805237637413
8 716 5479 2701 3601.5482081483988
8 20 2111 1245 2868.2269915025563
8 260 3877 1867 1579.1180787090857
8 293 2345 1149 2310.0883559682998
8 420 7304 4394 9622.66165549262
8 721 5354 274 5356.01004430013
9 20 7332 1353 1891.2379276196475
9 33 1005 451 1143.3240038871213
9 43 2547 2411 1769.2922958659706
9 59 8536 6996 10571.028426317474
9 203 9807 5122 9064.77595635392
9 273 5060 589 5054.906588425185
9 274 6117 5810 7613.1785747331905
9 387 2686 2241 638.018678664414
9 394 2291 748 699.5358931526804
9 487 6425 5693 11292.507299554592
9 553 1033 892 949.0647527542457
9 643 8388 1263 6204.159933712454
9 657 2487 1144 2566.027853615081
9 736 3563 1855 3459.9825491525075
9 851 6372 5502 6369.407494880742
9 903 3692 2724 4076.8264875309446
9 73 5013 1845 897.723526123107
9 169 1370 421 1624.2911829976474
9 173 3484 3406 873.4130680403188
9 194 1614 1051 1624.7623630888243
9 262 1448 1099 1470.450438170374
9 278 3288 2206 5926.762979308214
9 305 9404 5869 2172.0081856650645
9 331 3228 866 5125.982988748635
9 392 6225 662 8825.156117273344
9 431 8462 6137 9123.988149127483
9 518 4753 560 4749.3370052011605
9 627 9822 6237 11917.953515048428
9 775 6715 2137 7046.728014299284
9 923 3611 3084 2678.201487686993
10 40 4177 2865 5993.433200744233
10 44 7952 936 8852.510140741046
10 275 1109 136 987.0581959519709
10 417 5566 3835 3785.5659339560775
10 527 9433 6663 9390.955296079328
10 573 1250 25 1249.9546150177346
10 824 490 380 423.46213769470535
10 908 6514 692 6506.16415522909
10 17 2957 603 2867.110391015195
10 25 870 79 1085.071966847603
10 41 5054 2688 3387.6146232141064
10 51 9771 8990 10895.311117684787
10 231 260 207 495.92699164885113
10 400 1210 398 323.5429695426244
10 455 7460 4240 3519.7322150993914
10 521 5749 4832 6742.178664670055
10 801 4141 4027 4675.178323513402
10 874 718 66 1285.7240118409243
10 949 2374 262 2371.731183540146
10 501 8506 8288 10228.843189016905
11 14 2081 1647 2564.999313319771
11 41 91 84 110.1951707552908
11 76 7305 3501 7284.179853519112
11 85 6083 2445 4296.126781301868
11 161 3904 3183 1305.8540000824742
11 177 3860 2646 3829.9558124849705
11 209 6616 5549 5214.342686551706
11 519 6138 2363 5329.951623257032
11 524 5601 250 5599.01448281857
11 585 7631 2593 9253.822049120727
11 600 6707 1669 8475.508110018376
11 681 7489 5187 12701.67735973244
11 779 9720 3005 9868.040677512256
11 21 4128 850 4115.5299837578505
11 45 8316 4541 9242.224590290618
11 129 2782 615 472.37189467489117
11 130 2653 988 2223.250609616436
11 401 1637 620 2015.1824170996535
11 529 4201 23 4201.540337985282
11 536 1059 14 1058.7386634960976
11 537 94 3 110.17823136343115
11 562 828 649 1098.951794413355
11 659 86 61 111.27612434486923
11 912 2908 216 2907.550985952825
11 930 6993 1953 5821.518698246996
12 205 7503 4421 3182.2975315077233
12 587 6809 5687 6664.740922856644
12 753 9324 2066 11085.156410499296
12 780 4877 1342 4281.402809181771
12 203 5948 2835 7024.723292335032
12 267 2706 1349 3335.5298150685653
12 306 6251 5800 3371.153507284378
12 327 8901 6285 7331.470041590028
12 347 851 24 1270.3668957203238
12 348 7394 5641 3098.1927990630584
12 515 9802 6352 14770.715666437442
12 533 6615 491 4847.373998413149
12 597 1666 549 1544.4659169304773
13 25 4112 2249 5177.732694767467
13 56 8971 2517 10005.614518716111
13 66 6938 3947 6799.452413033241
13 117 1608 1516 1191.4095384456687
13 129 240 230 220.01328720791983
13 270 4096 3262 4493.822217049957
13 367 7914 1374 13764.75516063676
13 635 1011 765 414.1040678197714
13 782 4225 3808 3567.0298591311084
13 37 8031 4977 7809.8816824602245
13 45 1897 1238 1063.4781505892931
13 112 279 274 377.4005344032756
13 209 5352 5211 7913.668364512043
13 269 2615 982 2559.053850800894
13 287 1825 1562 2004.9216645138963
13 350 1778 620 1800.6323523367073
13 692 6905 4068 9089.691666823297
13 906 2016 912 2128.93470509783
14 67 8779 8493 6871.7355698748615
14 193 4355 3071 6014.7084923031925
14 225 6187 1428 9541.103464855623
14 321 3423 1676 2917.2050662567813
14 781 9339 7381 7222.571098117149
14 38 6804 3463 8867.927019250972
15 128 5639 1837 5929.797289173685
15 153 8955 27 11757.956411182595
15 211 3017 1914 4002.001981165418
15 322 2486 1472 3178.6890129504955
15 377 1876 58 1877.2946075412449
15 585 3224 391 3423.5292710147082
15 617 474 195 319.3935784514322
15 99 3919 527 3925.1511931024515
15 209 5681 3121 6965.738107563442
15 683 9119 8931 4365.113980705491
15 781 2321 389 2463.609618538999
16 353 9067 6763 7661.380853252677
16 486 4298 198 3926.495663014517
16 660 1999 405 1822.9057583134781
16 855 9408 5730 7909.386584642151
16 343 9503 5 9502.95657698055
16 558 8643 2850 8783.112139106302
17 25 9746 3003 3709.173115437934
17 65 258 43 259.1880038208791
17 97 266 171 191.2082535943025
17 133 253 84 355.22875878412276
17 149 5963 3250 3709.1194362098367
17 199 8527 3126 12509.081482826903
17 517 1641 789 1567.057643544904
17 644 8220 2065 1895.012958725953
17 807 6002 5706 7714.473817788877
17 33 9261 9121 10010.8859491186
17 68 4098 2304 4380.4835824722
17 276 9279 5546 4248.302859394656
17 325 4716 449 4709.83582759381
17 327 9635 4530 18521.918545284956
17 402 226 66 90.3246013763387
17 419 2372 890 3377.9270329909377
17 530 4412 722 6947.1864974738955
17 641 4836 4385 4847.873353896985
17 665 491 368 139.8328019761567
17 781 9966 7749 4530.307307088694
17 793 4662 1269 5171.964499936612
17 833 4427 1623 2889.52582636807
18 49 8207 3508 10284.217835068299
18 130 1262 1149 1687.160450118814
18 259 5861 1749 7891.795467034486
18 50 3386 2526 3019.3295162086874
18 133 9655 4206 16610.169995536453
18 707 9292 6527 5175.642962798256
18 811 7127 6959 6265.354917305428
19 52 1242 321 1293.8437246128374
19 204 5126 4770 5556.605667807968
19 216 685 484 898.5970394660501
19 291 3264 2579 3655.475943920274
19 642 524 246 871.2548137736317
19 646 7172 4571 10635.892962078471
19 98 1150 2 1065.9415739985945
19 145 7177 2912 7787.214632647964
19 241 6907 4034 7690.156081367649
19 280 2725 721 3906.8098549321912
19 337 1512 1395 1439.4004774482346
19 561 9 2 14.488652738021402
19 575 2387 603 2340.157571187982
19 633 2435 1078 2056.424892583721
19 701 2641 587 3005.442280069481
19 817 6995 1684 9197.211134492014
20 25 6326 536 4411.945709407026
20 658 7985 2469 8472.764258067766
20 710 2693 950 4004.3074213182435
20 181 7284 1959 11812.863602834208
20 293 7504 5887 6550.464428553709
20 577 4972 1054 4296.995017316347
20 712 3572 12 3572.046706825371
21 29 1096 653 1886.3186102962957
21 37 682 397 1056.5649363812665
21 70 481 155 470.3361459228011
21 177 3080 3043 2316.161625790319
21 195 3164 2382 728.9642801201217
21 324 7885 3109 3288.921468386409
21 787 521 391 490.8463396718936
21 27 6227 3782 6099.893562903234
21 41 4905 2924 4914.851891309675
21 68 8624 743 3557.655595700929
21 91 3507 2978 1269.2704677771264
21 96 5106 3667 2595.089664965874
21 150 8307 552 8301.187307379563
21 404 8814 128 3822.1211346577124
21 412 7931 5658 7467.166498900487
21 531 3834 1845 5655.705364315397
21 564 9579 1693 9454.659460778874
21 681 7159 2348 4606.528675072824
21 725 6471 3864 4538.812930129205
22 117 1454 1446 911.9417762666673
22 259 8533 5326 5114.835438859643
22 309 1389 587 2054.221264250658
22 31 7825 4564 1167.4259687943288
22 137 4193 2526 5072.989398386194
22 162 15 10 17.139800703958997
22 401 174 2 139.93691802639574
22 442 6158 4264 5512.477345738586
22 545 6171 2419 2513.6896547622428
22 833 1403 708 950.0492765133469
22 840 9228 8510 3672.236991393756
23 25 3413 1007 3416.2171043155527
23 69 118 118 107.81182636632076
23 98 4662 131 4662.172480700807
23 108 6332 5571 12544.714295306521
23 134 9113 1069 9111.449999030361
23 282 30 19 47.49894951534715
23 321 3943 3161 2792.202917619996
23 332 6214 3710 6204.145636055047
23 566 5270 3908 5247.097746139501
23 27 9622 2512 9959.104481958506
23 955 5831 4753 7876.369960275437
23 978 6018 1067 8181.247386159646
24 329 3193 2653 2822.480529241184
24 771 2806 1466 2087.156714914439
24 887 7599 3532 2293.5028788655227
24 46 7338 1678 7133.188185187042
24 134 8363 2894 1792.2672481430359
24 865 2360 1067 902.0133068174001
25 534 2343 1716 2065.363626528394
25 782 9777 9181 6762.967377744512
25 787 4805 340 4807.116670463438
25 849 9470 8192 7553.151745832576
25 945 5045 19 5573.660364194561
25 123 7566 4746 12883.00578142077
25 149 7016 908 9044.76510556537
25 259 1862 1554 1998.466324353369
25 434 4705 527 4707.5550504668145
25 545 5260 3476 3540.5422727424
25 611 2440 527 2550.939007382311
25 632 3858 452 3728.5980806450752
25 737 5047 3251 7944.691975090039
25 817 6275 1768 10400.988275601554
26 524 2899 145 3762.680720573087
26 593 2006 1972 1841.2821295481012
26 66 188 71 188.25038210681706
26 170 7260 5518 7453.054814595948
26 355 8417 2605 7634.3014105540515
26 646 2313 790 1374.9320031972136
26 738 7729 6872 7518.074845814373
26 789 3826 2721 5456.764784712886
27 110 788 648 1075.9394095403784
27 802 8026 3008 4347.630225036311
27 34 471 249 601.1610561571755
27 65 7804 2963 6039.75286047865
27 105 823 784 874.1907212185351
27 154 4136 3401 3389.846403637865
27 579 4298 2928 2105.0444271631886
27 659 2537 1589 2583.291051180543
28 131 7268 4981 6752.470911685485
28 211 9653 1158 10562.907570895133
28 548 8237 1733 8238.378414647443
28 550 7526 6947 6486.3297436197145
28 278 2099 1967 656.9396340907575
28 295 1202 1043 1067.396483290766
29 43 7017 5816 4277.19603926903
29 73 3714 1001 4980.647018312269
29 147 7089 4912 2936.5889864896258
29 193 251 238 214.2228594803866
29 204 3573 3561 3740.404601588916
29 625 6064 1911 5632.470505981703
29 648 4958 2119 6144.051769402434
29 105 2864 1060 2681.5141324809792
29 113 9683 5758 17042.591909022845
29 194 8570 8081 15481.288570502576
29 565 5552 2609 8601.2600255197
29 610 2160 2132 2820.49473453359
30 328 2690 730 2876.9824675017126
30 533 1100 514 1777.1560945980355
30 810 2684 1463 2719.394065838745
30 301 2048 119 2046.2662674022533
30 321 4406 1985 3330.228157992851
30 967 1150 835 1025.140419430143
31 53 1106 459 412.93471024863476
31 130 1913 1409 2292.7594996547737
31 589 9728 462 14454.906826763057
31 355 3524 901 3527.968037293066
31 833 8176 2768 12944.37143969013
32 78 2674 905 3187.3975772374824
32 562 5372 4233 8421.26077314161
32 34 3103 2350 3177.6362119289965
32 86 3016 1741 4124.712018907283
33 34 1223 1011 2231.2507833776235
33 43 8911 7643 6864.6303681378995
33 73 2496 541 2496.841810970615
33 186 6324 506 6327.128636177755
33 197 7856 7111 3009.952460890734
33 205 8533 4996 6289.14883984302
33 212 1518 1447 904.2421920268932
33 220 6327 2803 6269.85109895038
33 277 5580 4207 9986.982328186908
33 389 6711 5036 7704.574403681919
33 415 1888 1385 1835.5278449739135
33 515 4680 734 4763.54780695228
33 613 8047 4609 7678.722732744875
33 642 8864 421 13626.685466966808
33 722 275 219 170.7244938415431
33 760 4190 2310 3643.723022660473
33 804 4047 376 4053.199025132775
33 849 2538 1448 2285.8345495001763
33 961 1651 1213 1671.0647912059146
33 97 8149 6403 12326.534067828867
33 173 9249 6548 8906.3367467835
33 177 5491 1711 5824.236967365466
33 229 7 3 4.9038011562495445
33 263 7260 2167 7073.5482251390395
33 292 2786 1019 2895.6641718455157
33 327 2254 1887 1675.5203035635457
33 346 6342 4645 6618.595512392469
33 421 3098 1613 2001.0671108430317
33 429 7517 4009 10454.830667151233
33 561 3984 1729 1437.4163244846482
33 755 9066 6476 6593.172644310279
33 773 2417 380 2420.251044657438
33 835 7734 1440 10202.401675218181
33 842 211 181 231.5954750518404
33 873 4352 1602 4308.16507208943
34 65 2165 1926 3418.526974594152
34 277 1572 1397 2362.8351082750114
34 278 546 236 857.8636519735109
34 321 2089 406 599.297198155552
34 545 2863 2651 3249.565551009096
34 786 2309 577 3190.915240290549
34 899 266 62 260.9660543136075
34 946 5862 2794 9771.940940507211
34 58 134 40 125.00050102488122
34 61 2130 1898 1061.8016732051997
34 117 6355 229 6354.381214606014
34 245 9602 6247 9594.294500603999
34 339 4895 4718 2631.3806834520246
34 517 3584 3225 2137.185884330845
34 529 1858 623 2776.040053369759
34 597 1634 635 1587.4415592461803
34 682 7142 3976 9797.7731969642
34 925 5184 3478 6370.955984278699
35 145 7888 915 2676.2135260252403
35 293 215 49 148.76220509083626
35 325 6585 1226 3226.141615881829
35 562 899 324 1712.5433106966934
35 664 4399 1517 5300.229165434769
35 721 9116 4024 10057.706315010715
35 801 1074 1066 437.0184607811059
35 37 6233 5649 3485.778729645862
35 96 7222 4519 730.6915706222285
35 161 1322 1220 1037.5614958432946
35 165 1258 947 789.3688625650457
35 213 7851 7822 8929.034046305835
35 259 7980 2703 8100.760425369048
35 269 3641 1935 3732.909809930186
35 306 7691 6505 8196.570043816482
35 363 850 225 744.1127883027376
35 518 3587 2133 3450.804397858914
35 702 2460 871 2704.3226969985144
35 705 3619 1743 838.1016848760123
35 770 5939 1772 4122.826656720377
35 802 4344 1990 1522.0571222339272
35 978 5012 33 5011.107977487659
36 66 3853 2018 2754.0690040410636
36 267 3277 547 3645.92534517633
36 552 1926 245 1925.323135647942
36 690 4060 810 5155.3162567185045
36 227 5862 2083 3447.47107436701
36 284 1630 375 3033.439225172365
36 330 8000 1272 7880.9537328480155
36 713 9177 3631 6746.015443244527
36 991 4782 478 6346.111800078685
37 49 5621 3701 1259.9625077193987
37 258 1499 973 1667.5835497335765
37 267 169 75 239.89525121372924
37 289 3730 867 2932.4680397906964
37 321 9874 5104 12836.76533409973
37 449 125 92 158.75098377071492
37 556 8801 4848 13640.803582326156
37 706 257 207 57.076051193281685
37 859 2527 1789 2079.8466815686306
37 259 2983 1881 2880.069955352256
37 281 6720 5261 12714.003256112786
37 290 9282 3226 11652.491560980197
37 307 2762 639 2960.132590577753
37 513 2005 1255 614.3423331065414
37 515 5457 5132 6415.764198103276
37 528 6955 4691 7551.6420796569555
37 529 8922 2307 7209.047992456044
37 551 7873 5830 6691.492307092899
37 554 6801 740 6787.799981367245
37 573 8627 4527 3564.636642131044
37 661 7140 5318 8659.128363239965
37 997 1571 1186 2584.2246409543877
37 1012 5367 313 5369.865953501799
38 365 6294 3902 3036.1103113901117
38 521 1499 42 1498.586514558914
38 595 9292 9001 11231.21334174162
38 641 7880 1191 12925.616877334543
38 674 2594 460 2599.358949839438
38 68 6594 4704 2276.520083557511
38 73 2541 603 2757.719077898033
38 130 9921 3803 15574.444620204187
38 534 5131 310 6483.504813604867
38 953 2992 2946 1578.0341108525809
39 181 4371 2035 1708.7915773170366
39 205 5427 2645 6647.232304867224
39 545 4100 1884 3067.151913010976
39 93 9353 3408 12521.452055792523
39 165 1845 1127 2715.810541475688
39 393 6306 3406 5451.650244798461
39 877 6598 2152 6611.210480184495
40 49 5448 4221 5886.688219738403
40 521 7431 2293 7246.804741395561
40 983 2246 1611 4208.841065527505
40 41 1431 219 1411.511320694101
40 74 7975 1770 8635.987474708905
40 130 3883 1561 7439.445142738972
40 137 7279 6271 12182.856607614245
40 202 7589 5400 4491.631473074954
40 681 3845 1971 3974.509707576825
40 898 8249 4782 12409.891484094038
41 66 2521 765 2445.5235773614345
41 257 1336 963 521.230820388485
41 513 2511 849 2439.187963128795
41 529 8189 1631 4764.294395358397
41 606 9437 1920 9470.860176353923
41 646 571 400 662.3200600227556
41 673 723 447 1103.0944195434395
41 757 8547 4246 8795.400737683987
41 762 1178 787 1708.7960910274294
41 841 9092 5949 5757.744686183503
41 981 9787 277 9786.984175016225
41 162 1769 1130 1795.0438759319954
41 552 666 388 257.34014043061075
41 761 1057 182 1036.4585735449295
42 97 1044 962 1084.3348316807792
42 264 3198 2385 1050.926538773032
42 277 8836 7329 14579.016178434804
42 322 5886 5587 4463.101251394645
42 514 9268 7281 10387.90265057668
42 988 6897 3070 8573.350940174647
42 65 6473 4316 7332.494778276386
42 273 5393 460 920.9759229016097
42 519 5017 2699 7419.703119751869
43 43 9791 9687 7674.64006730715
43 141 6928 2131 12462.756168915577
43 330 6232 3689 7738.629658341463
43 412 3091 1467 3545.2583283543418
43 779 6829 2694 268.56197774842644
43 840 4863 4713 2899.151022534353
43 186 7819 5714 6130.287788234657
43 305 6832 3027 7003.528792837175
43 340 5178 1333 2000.9175603604958
43 514 5637 3470 5789.711322318069
43 858 4485 12 6892.658538968109
43 883 8405 1950 11534.851869306432
44 547 1743 852 2634.598378164737
44 193 2973 2740 1758.9869614047363
44 807 8830 7955 11898.13509966182
44 833 4405 419 7398.880774354072
45 48 3621 2030 4868.197039674399
45 431 7576 512 9348.913902076352
45 525 8307 2395 3673.36230732755
45 795 9754 5531 13958.804945777125
45 311 8300 6021 6503.181724648026
45 567 8306 5627 8735.866856425799
45 726 2889 385 3160.5310364874335
46 51 4479 3748 3545.073298730588
46 75 4698 1393 1582.6463823712497
46 267 7112 5760 4677.768136865465
46 616 2741 2651 4180.843945417075
46 809 7990 7738 11961.681436790801
46 845 8573 2503 7752.352847476289
46 329 8151 3269 8832.895764837795
46 742 3028 319 2999.202325867998
46 786 3926 708 4519.968876869795
46 801 8090 2857 5598.054755372406
47 58 7467 1530 7467.874476128073
47 53 8708 3679 6182.186661890736
47 251 2131 1638 2934.2559859121056
48 81 3183 3064 3062.5928319597474
48 1023 5312 2369 8163.362903663616
48 274 2307 132 2584.622037917083
48 289 1170 427 1146.0914356376272
48 514 890 756 738.4158591494617
49 68 9361 7208 5977.811664446824
49 169 3839 3120 1927.8067925376843
49 177 1308 7 618.9710713100526
49 194 9190 3242 9224.935461457995
49 199 2049 780 3037.5785141769047
49 227 4027 2026 873.5040589102155
49 647 7769 5074 5358.723303976413
49 709 5781 1731 4934.545813990961
49 790 2151 1745 1413.4336931248795
49 844 7584 1385 7401.2930379515055
49 933 4777 1569 3923.7596903571716
49 98 4540 3249 896.0236408096206
49 105 8348 4925 5100.122562049744
49 453 4834 1580 4022.2152518210755
49 577 3879 59 3878.586188326863
49 645 9547 6543 11806.832543317727
49 650 9692 5676 13079.157439000714
49 776 9882 5768 14957.5523496719
50 311 7671 3442 11566.201606528548
50 314 1104 160 1102.1978913242342
50 517 5997 5929 4407.894495046351
50 94 519 82 241.24381850843807
50 369 1686 1450 2176.4133497375537
51 114 8006 3390 12223.006287441474
51 529 6066 2912 4061.4151714402133
51 289 6868 5903 11200.717757762586
51 873 8853 2765 7054.794941383718
52 71 4964 3405 3624.7672098262856
52 378 8913 1217 7594.627138113104
52 517 7138 1006 8539.31131960645
52 81 4817 748 2709.007649354963
52 969 2132 240 1560.320540209399
53 189 8423 7232 2444.975888164191
53 257 3033 1700 4946.312002803658
53 286 732 297 1313.122647005738
53 391 8140 6431 3274.9086012350176
53 900 9849 2553 6405.83635227233
53 169 1044 348 900.9905815032707
53 193 7467 3379 1759.6498787073683
53 417 4260 212 1264.7407552746924
53 513 3523 740 3577.1242574386
53 556 2585 2097 1773.6186816412821
53 661 5901 4393 5811.3221254329055
53 677 337 214 450.0671442721741
53 794 5806 4237 8397.72950000036
54 147 4325 4129 940.5546340292681
54 246 3779 128 3779.95104444213
55 113 1724 1675 1370.5614927263846
55 719 3889 3159 1862.1086629488195
55 157 9674 6158 9465.320874160916
56 279 8998 1326 11151.992259087625
56 210 4407 4332 5689.871073177065
57 90 2487 1161 1057.7462011697608
57 268 3667 3273 3931.908086398469
57 473 6761 2468 7338.514349232343
57 545 791 603 614.8827921889941
57 561 509 311 645.8065170987364
57 267 8614 4631 8199.457372817753
57 878 9804 1995 9791.610466323784
58 129 4367 2255 4748.553523136525
58 449 9123 5836 12639.865956246362
58 297 4917 3901 7566.452547077248
59 114 7022 6509 6939.160144547857
59 471 2310 513 2192.3559487316534
59 60 5213 512 5198.326374061352
59 129 9593 1729 86.96343580284787
59 402 5064 1420 2740.118677256184
59 467 3209 2219 2909.1353617065115
59 596 8250 1784 7679.604394993207
59 255 8417 7024 4611.11209406009
60 293 2113 1956 2114.862107704572
60 454 9665 4002 14263.904607701794
60 584 4192 580 7264.592568103467
61 113 3543 256 3538.7141876558126
61 949 697 419 624.9591970150193
61 290 7131 5490 7817.705132844176
62 645 1417 108 1338.0874639482333
62 649 5129 4651 5817.225664813774
62 66 6587 724 12634.229251102972
62 198 24 9 27.109569529622007
63 522 9431 1282 12753.634264798648
63 613 8288 1649 7093.7558794054385
63 420 9045 3629 14242.35800075363
64 305 7707 4342 4806.238681880562
64 746 5563 1169 7015.849358342712
65 193 9333 931 16064.021441985235
65 195 8888 2816 8993.917161863334
65 198 2279 196 2279.384936480934
65 204 3931 3646 2496.1720667224836
65 273 589 220 609.9264256990858
65 371 3976 1608 2651.437145251101
65 466 7285 5422 12143.845863299588
65 482 8025 3482 11857.152002364723
65 515 1567 800 2729.8327571619643
65 687 6809 4211 4515.846882319653
65 757 8112 900 8097.653369917774
65 772 8405 476 8637.70394221966
65 781 6770 6633 8292.693828514424
65 791 877 77 864.1735498578329
65 85 6631 1548 6003.688868350944
65 105 6910 3756 10524.022868985017
65 214 4297 1447 4048.148464834032
65 247 7742 617 7739.8978921807275
65 387 6129 3993 4256.9517844443935
65 483 9414 3633 8158.510206811106
65 490 2468 513 2637.172094231219
65 573 4918 1089 6028.2802901766445
65 581 8472 8045 7092.3675130257
65 586 1734 1490 1301.989934368248
65 587 2652 2055 2825.4990511048713
65 673 3190 1032 3166.7547666694595
65 738 8627 5301 9875.826415140682
65 853 5009 4463 6414.599038088425
65 929 4406 3635 4237.421508323396
65 860 5688 2355 1351.6612402871062
66 97 8387 2213 7970.137409448211
66 105 2932 1705 2735.740676251103
66 119 2822 958 3306.746307590176
66 219 3384 1983 5848.507738440849
66 242 2367 1703 2593.45507896277
66 266 7603 6331 4855.60384244941
66 275 5456 5243 5412.714881178557
66 422 8490 7476 9202.89266537712
66 516 6352 6159 5308.173677032877
66 572 7322 4097 1131.3801883379451
66 615 6866 3882 5725.845789213072
66 73 2631 1768 1934.6904170264309
66 86 5135 1433 5081.236397773872
66 233 4726 850 4746.4178020388845
66 513 9879 361 8582.440987032425
66 514 4545 2315 7566.6648222556205
66 726 3826 3228 6713.495733656046
67 141 5895 4779 4752.5995905042555
67 546 4660 3148 5848.818761336125
67 217 5326 1658 5250.69450834791
67 241 4001 1377 3288.6989500792356
67 409 8541 1432 6077.186842434807
67 410 9255 5940 8585.006234659453
67 519 5689 2382 8408.784132049372
67 667 2508 482 2175.4370000459858
67 190 4443 2174 3595.7952908972443
68 74 9707 7191 10994.03347124806
68 454 3547 745 3530.016346168172
68 483 9637 504 9535.379691533291
68 841 5566 4300 3050.6076969980068
68 135 4711 133 5694.104031783693
68 146 8920 854 8965.26766282021
68 169 3798 2746 5845.869872169712
68 262 5752 5746 5592.9760713669175
68 771 3091 291 2580.4427244151548
68 835 6507 187 4168.799114924589
69 154 8355 4219 7507.3095212451635
69 193 6049 4453 8064.04619389729
69 227 319 293 288.8518538241097
69 285 3855 3816 5037.334210339644
69 323 5168 4712 4630.4496198371535
69 577 3673 1979 3233.5875429372854
69 115 9738 5960 2463.231164758263
69 145 758 147 625.5006014721819
69 169 857 182 711.4151439741969
69 257 156 42 161.1273444210412
69 403 7296 4067 8814.03426641448
69 431 3932 1013 3003.976954135715
69 550 2645 1816 1551.0361374569948
69 601 7546 2754 11200.964436566412
69 769 8936 2071 8373.99113039498
69 871 4104 965 7055.73122279532
70 139 2753 671 2959.77848640705
70 277 3360 1437 1156.878403939278
70 467 959 131 1632.0726473300424
70 530 3254 1020 3281.5804707765046
70 573 9503 1299 5434.271218858199
70 769 9503 358 9506.29465050211
70 147 3575 1043 3686.225695606833
70 213 5157 2446 6954.880397872375
70 257 9514 8062 10616.007408472657
70 517 7781 5050 7965.7515714726715
70 661 8668 6990 8645.728991557822
70 820 4910 4869 5127.775616689431
70 493 6783 3497 2797.9451749501573
71 110 8625 6276 7874.919891111357
71 213 8399 7146 12257.42764545967
71 432 551 460 430.9783022644757
71 609 8709 1993 6024.56632928098
71 643 5954 85 5932.250403258905
71 647 9280 5207 11500.794263631678
71 649 4695 2154 7787.977434261201
71 673 559 299 182.96203943698262
71 102 1468 522 2295.750482110444
71 619 7405 3321 6897.985821267399
72 265 1803 337 2542.4342229745694
72 410 2332 293 2290.202427046152
72 701 4204 3045 5356.856565616584
73 281 9768 3746 10878.47196029327
73 438 1496 142 1162.9833485056135
73 534 2821 2477 4226.066469496481
73 962 522 510 678.7098860363922
73 141 1964 802 1580.1807538865899
73 170 2825 422 2829.810778692372
73 193 8916 5366 10549.038887759074
73 262 3248 2851 3457.0905709635454
73 517 5732 2296 5686.8738487569235
73 578 2597 1423 1887.1411070501938
73 853 9127 3643 6343.105441953342
74 641 412 370 357.064872988614
74 871 4435 1670 7059.047039545795
74 1000 1426 1034 1817.940793277387
74 271 5235 4484 5801.559557043041
74 387 9081 1992 9106.745457747675
74 638 2008 1395 2280.424003190138
74 644 6943 6941 4921.155047318621
74 801 5532 2109 1892.3145817860932
74 816 8187 5358 2378.79502517858
74 936 6244 5974 1172.995960390047
74 980 697 569 284.15334676402074
75 513 4148 3954 1275.6913686359412
75 549 3092 2212 4396.545974613735
75 601 5481 275 3553.180102056378
75 769 5081 3983 6697.834481918773
75 1013 1283 1047 1115.4054314951964
75 85 9726 9647 9864.485391840806
75 326 8985 6181 7417.106954319414
75 539 8223 5119 12890.564654760867
76 260 2043 113 1776.7931876707796
76 577 9069 909 9081.15498554143
76 299 7688 5499 8405.070121711775
76 386 162 141 151.12574822580316
77 77 7349 5515 8780.818018350772
77 85 2554 856 1879.4291590642304
77 134 5179 1605 2054.266644821788
77 263 2597 1306 2834.021036679711
77 587 4181 3962 3191.3340400542093
77 856 7611 4377 9702.789859451908
77 90 7399 1621 7681.125813178569
77 121 7120 4721 11308.008303028668
77 577 9425 1265 9443.013380974695
77 620 5394 3569 5045.188276187589
77 629 81 41 112.34846026626481
77 649 7265 1649 10342.39332434688
77 705 9589 335 9587.260951664563
78 257 4075 2698 1373.5820667807254
78 268 8030 5717 8493.551610363505
78 451 6567 6099 10547.253847814534
78 457 1106 775 736.923105137866
78 310 8986 1465 10962.997370985666
78 376 3876 3528 3048.472291892821
79 289 5530 3874 7214.442806632148
79 518 1655 1627 2021.8659126293876
79 785 2868 153 2866.663686523947
79 920 9278 2339 1741.1227549190767
79 103 2770 1140 3156.3420758476627
79 131 2296 1274 2017.9350561425942
79 300 3188 2681 4955.558560285007
80 166 9458 975 10546.91662970437
80 387 3391 1204 2740.696182837587
80 658 2699 2696 3707.620524727948
81 83 2608 60 2946.894360897303
81 133 3010 2537 5451.080682372928
81 212 8802 907 8806.37104720398
81 529 271 162 84.92407048921308
81 678 703 403 753.133684938111
81 921 5794 2404 3580.5299686860526
81 97 6343 6004 5240.633594178267
81 123 3622 2495 4129.50248835261
81 207 4220 2648 3101.34749578755
81 233 1098 1008 1267.853982106204
81 323 1090 490 1337.9371252470512
81 395 1418 1282 528.7608823158081
81 403 3514 3398 2068.2368346230855
81 580 3473 1286 6582.969839239733
81 606 9592 3783 17188.944417402818
81 690 806 142 914.3755853601908
82 808 6632 2119 7114.598983083871
82 853 7423 2129 5494.885987057927
82 137 8142 5119 3754.8385555083037
82 161 530 147 846.8739069326849
82 197 5843 1575 4842.305630380192
82 522 3271 3152 4388.926195197041
82 617 8089 6944 8209.992368919153
83 281 30 7 43.02428071345596
83 284 5603 3720 6326.149140511727
83 723 5000 1539 4383.090154880804
83 654 5046 867 5035.803161784134
84 116 2558 1464 786.473146573203
84 125 7936 2470 12824.587514833784
84 305 3071 2529 1416.32786214973
84 618 6811 5528 4978.956058377193
84 785 6359 5985 9681.889238787082
84 336 473 358 817.8994963262213
85 217 773 313 566.9591699639225
85 491 6390 4780 5446.479730841822
85 113 8206 4417 8462.952196840284
85 135 8836 5822 13792.259344788372
85 297 8185 5314 7054.173655430903
85 539 9763 9574 10915.577519964581
85 778 6578 4071 2135.409204828799
86 661 6065 5372 9069.994933024263
86 913 3208 2263 2510.9303579691796
87 235 9130 2465 8056.75896120394
87 525 6857 2703 6546.590436821637
87 219 6929 3152 6064.108582295294
87 531 1223 670 1433.6275239127806
87 837 6509 2306 7701.964293756023
88 354 1695 1617 1452.3788423439782
88 463 7482 1331 7229.220596660281
88 513 903 320 768.0083639140723
88 516 7245 783 6979.490504319474
88 140 1279 205 1001.5619199043665
88 165 8649 125 8649.409578428897
89 331 9198 4223 9455.222467635225
89 783 492 288 767.2145986729653
89 130 3511 3349 4195.36175257384
89 209 1417 480 908.0423475853768
90 347 92 11 92.23532918926821
90 552 3339 2408 1448.974783285281
91 275 4059 4054 641.0658173352872
91 844 3322 2458 1392.926127002846
91 978 7107 6113 9182.629436577066
91 989 4252 3463 5898.907931820483
91 849 9701 2904 10637.791488020179
92 155 2185 1051 952.8125812326653
92 653 3161 2801 3999.9906284592316
92 952 6540 3061 7858.799139988145
92 93 8107 5045 10963.245206517178
92 238 3263 2392 2879.2886873533794
92 597 6308 3199 10476.234977086822
92 476 6592 4887 3912.40639197686
93 449 6630 6367 9488.480960740564
93 600 6429 3894 5298.905971600747
94 135 4682 4661 1929.2016039567814
94 670 8709 5185 8407.025267058336
94 516 3773 515 3767.0955878908308
94 500 3737 1399 3114.8765992111903
95 870 9872 4365 8852.436634669346
95 955 7770 582 7916.173048462677
95 133 4338 4291 7789.237845955947
95 146 5510 3284 6933.164357146165
95 521 5017 4187 8179.99069664846
95 935 9715 1491 9728.168000124822
97 104 6157 823 4898.935887853657
97 149 1767 1024 2075.5340582822705
97 209 8985 4505 11554.340858815318
97 221 462 125 472.2449827831272
97 277 3419 494 2056.8559756248883
97 305 7741 1176 4773.929066970625
97 322 9310 6904 8897.546329352332
97 357 8912 2646 8427.585684746187
97 548 3581 2827 4304.023452166543
97 777 3867 3651 2218.044783265673
97 821 8045 464 11734.982678091543
97 513 3365 1468 3604.8401632389746
97 561 5372 2677 4553.165148344246
97 579 1613 238 2372.2780683339165
97 841 3129 927 786.825242061773
98 131 9023 5735 8125.11989769871
98 145 8787 5152 3448.3726768818574
98 168 2849 1093 4907.561741122068
98 196 8188 5707 7839.952202063901
98 287 5862 2470 9050.283760450802
98 474 7866 3055 11649.569510990941
98 526 1822 544 1944.838001729292
98 182 1713 1129 718.4616756560231
98 257 5196 3987 4187.265135449681
98 529 8370 4350 3427.928104418834
98 550 7933 3961 9688.349104140376
98 743 2462 878 1769.5777655425761
98 801 627 492 545.0453728874239
99 353 6075 3768 4568.972693489846
99 402 1048 147 1033.929550616065
99 672 4845 3134 5827.061766799324
99 929 2605 1538 2584.2834720746296
99 169 5725 842 9517.23375749492
99 202 1435 57 1435.4172587267162
99 275 3159 1920 3199.4282457621125
99 404 5796 296 6080.618576746053
99 649 3581 2927 2682.5219881726775
99 717 5586 3224 5547.395766264612
100 118 2335 2159 595.3191322964033
100 135 3496 311 544.8377356653137
100 250 5804 4203 7640.4512325381575
100 538 4262 3896 2623.8822137996426
101 129 5062 3463 7349.752038232181
101 295 3253 2109 4052.295300466089
101 753 1407 87 1425.3652379027187
101 769 2047 748 2026.3617034098447
101 902 7371 5915 7405.869952987145
101 179 9818 7261 18891.950754978676
101 198 2514 1665 2602.7005744583203
101 260 1394 116 1395.1584617447452
101 337 882 652 166.7242464579755
101 514 8288 5337 12675.20766666138
101 572 2190 1871 3612.5138324500194
101 723 3062 804 4334.9815376234865
102 125 69 64 75.12851999253638
102 162 9556 3678 9570.464492004852
102 170 876 213 558.6839061324863
102 393 9037 1311 14690.438682897315
102 600 1840 486 2213.3664937574495
102 282 5862 18 5862.014460449723
102 416 8882 6018 8795.815831698783
102 459 5877 5184 5561.703093821486
102 777 4554 393 6256.299670859878
103 167 2988 486 2028.4327972769179
103 265 3389 1403 5003.674136832727
103 152 5159 13 5396.123313597595
103 554 2537 808 1668.5680915368425
104 705 9169 201 9169.47549830113
105 133 9400 7758 8555.150709692003
105 314 5117 2830 6324.5092511155335
105 513 879 383 818.9706258688401
105 674 9265 1074 9578.923669232661
105 159 5390 376 3937.0179647713853
105 168 595 592 527.3823649577355
105 286 1720 1030 1544.985776612273
105 561 9399 8506 13282.305468372075
105 627 8211 4423 7190.372236409883
105 722 4625 2375 4668.847923476537
105 723 9635 8385 13096.572355952288
105 805 3626 2386 5883.646078885279
105 835 5534 2475 6559.686559482447
106 297 4146 2378 4089.8106516904227
106 780 6554 5588 9865.395451534816
106 410 1159 926 1555.5772271960439
106 457 7736 6800 5080.8882740466415
106 566 9213 4171 9992.444357651817
106 681 9458 2747 6721.181506471772
107 517 5289 5203 4263.590780852694
107 653 433 209 302.29231918271427
107 118 8634 4675 8177.834161694565
107 305 7188 6226 5348.121971101453
107 325 5673 1451 5703.682971964992
107 341 2733 1662 1335.137287184483
107 841 9308 361 9311.546009882513
108 130 6283 1293 3780.2391987664073
108 113 6798 4705 1192.0219960501452
109 134 8442 991 8432.353110721495
109 515 1330 81 1322.1735203095668
109 826 2204 2021 2511.4633173781485
109 651 3175 2821 3047.439130592411
109 709 3323 1800 2909.647858684324
110 708 1008 127 1470.7620977375761
110 315 442 383 509.3659744429552
111 691 9645 1021 4197.809695322316
113 166 8101 6057 10971.648798412245
113 777 6056 5902 11221.905607517123
113 213 8508 697 8506.87139717618
113 372 973 492 855.1585628630787
113 492 2594 1155 1853.1925289178043
113 514 305 212 316.36292108050117
113 905 5144 4131 8563.27707358965
115 417 4536 2840 2020.7044619629469
115 453 8080 2991 6315.606038079707
115 498 6268 4719 2577.274161135097
115 873 3739 3702 2260.503246895704
115 421 3768 663 3877.5992641638927
115 627 8636 5061 2690.290343195649
116 601 9924 6584 15876.060685682949
116 898 1136 1019 552.8075166494602
117 144 3805 2699 3636.5238169522995
117 276 3879 219 3878.0280024995745
117 327 6586 4757 7336.161361224828
118 804 7307 1042 10377.242995902625
119 566 2092 1135 1945.211048007014
120 447 9777 6134 1944.9845046780747
120 837 9045 421 9038.342182695173
121 194 4991 2042 6176.124472793726
121 579 5810 2023 7634.855376539874
122 537 1543 330 1760.9809230888025
122 523 8507 8140 7969.092017271245
122 678 4096 3721 5850.298872946584
123 186 9061 8594 11355.3359317299
123 295 4687 771 7786.460239137915
124 601 1308 263 1129.5668259180086
125 305 4163 2030 3809.84950812875
125 349 214 133 80.35051563568898
125 745 4707 2784 7892.11747434137
126 269 5684 4801 8040.397582801155
126 612 7526 1172 5355.668513495202
128 999 5839 1539 6121.2882960478555
129 135 2063 1263 2669.697772865103
129 201 2388 1694 3777.8783137934624
129 209 6345 2485 4845.366658330636
129 321 9174 9107 4576.405419758346
129 363 7659 997 8322.486106510418
129 376 606 103 490.5548007112194
129 377 9995 4594 17854.967095887507
129 434 2473 1948 3015.204272688909
129 454 1450 1286 1861.6218584057565
129 629 82 10 57.68353650259355
129 771 5616 4387 1729.855230728337
129 807 2266 259 1956.3147888897433
129 178 6636 908 8833.857319372553
129 278 6315 5744 4964.204132521702
129 349 1832 684 2389.052161001569
129 772 6052 2981 6935.023180096908
130 164 2957 2482 3932.6305747951956
130 585 6861 3734 5573.885496089521
130 708 8839 983 14518.267052971616
130 584 2550 1858 2981.775876950051
130 655 8236 7302 8955.018427929172
130 673 2647 1778 1848.221036910151
130 913 9074 3731 8657.217636179827
130 1005 3272 417 1738.5793968988173
131 273 8299 5376 12985.563483246124
131 274 9602 8942 5620.809476067614
131 369 6460 6064 8763.797609227928
131 521 7948 3861 3847.4295392804706
131 529 4873 4316 3195.845873253571
131 533 2821 2403 5136.682862214161
131 541 9100 7123 14845.363754216116
131 676 2899 2336 4411.541952582527
131 773 8033 174 4627.5258828350925
131 981 5668 47 917.832852895565
131 149 1113 564 1446.388599799388
131 233 3753 1918 3614.6007708742777
131 760 1877 1042 1581.507867136023
131 863 7976 5972 10745.72135910356
131 964 6741 1751 1952.31189558111
132 582 4843 510 3312.6671069356844
132 194 6445 3055 5623.5768589333975
132 261 2837 2722 2413.4381524180576
132 297 2040 1635 3057.4922045052117
132 522 5693 1846 6298.702893638214
132 903 8917 3159 3950.824243583177
132 962 1444 303 1600.462266353257
133 138 4584 1268 6819.198503751784
133 373 8080 5333 11089.179271450748
133 517 4267 2053 5486.8903633593145
133 714 8633 6897 7164.706365621948
133 917 6410 1992 2738.897070177435
133 958 9595 3592 8960.919254541683
133 152 6953 1189 8802.135734336589
133 289 2527 2246 3603.572010005263
133 398 132 52 224.96555235297564
133 518 7770 1482 7013.320839935685
133 531 4005 3823 4766.683636132691
133 567 2760 2262 3185.0841539208704
133 843 5395 2561 4997.214541656993
134 139 2605 2003 4760.006547409563
134 615 2696 337 2454.4931013339574
134 157 2191 405 1994.665334087586
134 276 8922 6525 1285.8603646089146
134 577 4904 2969 5243.27466400895
134 801 6741 1928 3008.385463160845
135 209 8235 6749 6841.969790885162
135 225 6307 307 6308.378206063699
135 378 2193 395 3302.5628498462556
135 391 9508 8363 2699.5968063423907
135 517 7094 4845 6151.402367853618
135 769 4042 3403 2411.7867945068792
135 263 3167 1398 3050.3988106541346
135 293 816 333 756.2360918361163
135 356 4463 69 4462.1366844174345
135 486 3085 2482 2575.5352934103075
135 526 4356 3070 5848.996398561293
135 533 335 23 338.50871183633194
135 807 7103 6435 9116.05850067853
136 259 2641 1462 4518.162357371043
136 545 9612 8269 10510.91344491385
136 141 7883 4773 8458.481208811825
136 705 4721 3986 2812.2946110886755
137 161 2909 1994 4175.847290988271
137 483 318 102 453.4004479059801
137 611 3937 2868 5785.578476229511
137 658 5986 3579 7161.7201718742135
137 685 3559 1652 3106.418406967695
137 832 4017 71 3960.3888254363196
137 283 649 323 407.7207753005038
137 453 7575 129 6900.200611462417
137 553 22 8 17.968422158905753
137 579 6791 149 6791.020061765662
137 580 5230 2023 5402.687627610895
138 149 329 11 328.93116206745066
138 257 3711 2889 780.4462519424893
138 260 7811 6981 6550.978407338706
138 326 9822 6478 14138.867316933502
138 679 2427 2297 2564.2899024098956
138 779 8843 2530 15781.23396466002
138 177 678 368 801.2372456515432
138 555 3892 3668 3079.0985742155135
138 907 8804 733 4838.552395668451
139 267 4097 994 5985.767895140385
139 416 4105 3182 7176.249628816594
139 591 9189 5478 8114.732368089303
139 903 6845 189 6846.795469330065
139 217 8168 6454 8382.992874710406
139 259 2519 1838 1997.7702962728013
139 354 4537 1944 2307.3029454663256
139 538 9479 5291 12129.352258824307
140 427 8571 6306 8564.572389257854
140 866 7740 2505 8559.743902203505
140 149 9796 2650 5493.460419423148
141 144 7532 3162 7988.101150149691
141 169 4596 1361 3361.4082403240977
141 465 654 221 473.91218945593073
141 725 4326 2695 3026.2866197819453
141 777 6924 6034 8758.54072238712
141 202 6392 3113 8270.653849122778
141 301 6763 1223 2055.398214522937
141 620 3690 710 3267.254015363356
142 522 8969 7695 10767.334495562303
142 955 7145 347 7148.320047277294
142 151 1922 1703 2271.2948739447183
142 166 7189 2405 4740.75042567762
142 185 7546 2611 4334.124754474067
142 549 4868 1429 5700.143853265976
142 713 3738 2396 2840.385905293405
143 642 3830 3620 4773.107425459525
143 724 7869 5604 11496.875715439102
143 787 8898 6009 11187.285702927215
143 480 1830 851 1993.2132700632285
144 145 8400 2218 8027.777269362633
144 188 4512 4241 3243.9904630014607
144 287 2485 1320 1648.3740205460922
144 643 5827 1507 5814.8548517288655
145 249 9503 638 9503.636134635892
145 258 5059 1848 6282.505500541388
145 419 1823 706 1917.9514798503963
145 434 6076 2544 9836.287463393826
145 521 3290 2141 4861.913411728303
145 801 8292 5931 2165.908926010985
145 161 9078 7061 10658.706343799297
145 172 835 787 985.2573205406148
145 179 1154 1106 988.694964950002
145 401 6392 1366 6383.699999653156
145 529 7119 6301 4342.452512965691
145 721 8777 5978 9651.957569006378
146 185 831 617 628.2157089294975
146 217 5786 1762 5738.760060215451
146 274 1037 953 506.86441007851835
146 393 3120 1160 3636.115911081706
146 514 7795 3607 8149.105288447565
146 577 5883 5291 6963.775739233446
146 326 1391 684 390.05944505868996
147 147 7258 1090 7269.860057682534
147 397 8548 8080 9025.9899075961
147 911 6957 6720 5833.891066256254
147 149 1698 1506 1586.7352167431727
147 201 293 55 144.9786020105218
147 443 812 260 810.6634083910702
147 550 6863 630 6856.880931850821
147 723 7296 3056 6152.623725500907
148 514 9644 1411 9602.327422675766
148 523 6947 5415 9481.993857911706
148 388 1082 311 1443.1994913345814
148 592 5335 1158 5348.4070987653295
148 834 5686 3420 4798.595253508382
149 279 7254 5168 5114.940270974966
149 465 7933 7583 2835.422524278797
149 516 5010 4507 4844.199649899457
149 913 5703 3274 5677.047424311241
149 530 5982 3684 5527.555185870603
149 593 5813 3827 5700.386628235548
149 835 7306 3230 248.45573290613595
149 910 3362 897 3206.7882658878334
150 634 2778 918 2126.8866710695447
150 650 9897 4979 4275.140389644819
150 348 8086 2084 8122.357451855062
151 161 1773 1112 260.3147374646363
151 657 2197 860 371.1797033437523
152 208 6549 3308 4058.9858057898255
152 251 5240 5097 9389.339411243096
152 154 9891 604 9887.886572728336
152 545 1842 320 1839.697326806497
153 181 2159 542 2215.50435778112
154 172 4596 3650 6343.293712176252
154 593 6506 6352 8684.150879761904
154 599 851 667 994.4715700768894
154 834 4004 1201 2504.8751188109404
154 962 4593 3198 3935.8044760895373
154 513 7284 1527 6113.01603671597
155 597 921 48 921.9621781941727
156 777 1723 1001 1329.4222298746643
156 440 6411 4936 3506.216959372411
157 522 5838 4264 2729.72060881481
157 815 8143 5349 12261.196769971612
157 243 2695 496 2332.404884410659
157 258 6968 2313 13434.450400232728
157 290 8830 88 17072.775075731064
157 315 6810 2590 8016.551795290983
157 385 4581 1613 5790.540425318662
157 529 3723 1206 4593.665446782927
157 683 4716 3768 4731.37243635686
158 405 4258 3430 6469.692807927651
158 227 6860 4696 8908.920854509723
158 516 5308 3803 4918.171719608018
159 387 3621 569 3620.594967393416
160 527 5002 3653 4230.443789580811
160 525 6254 4194 6241.597619554381
161 453 8871 1034 8872.725406236506
161 645 5267 3902 4434.63100974732
161 802 6995 1316 5419.030976710888
161 163 5446 2628 5392.474430790606
161 257 320 14 319.9410913709497
161 339 3283 2207 2101.915481546147
161 387 3769 3023 2389.5216891341233
161 406 3560 1385 5475.106711945947
161 515 9892 590 9889.851805879673
161 545 2512 1928 3310.009491485653
161 641 9574 4888 6465.540807065176
162 327 599 331 878.2031445366498
162 377 4818 4545 3958.678144350426
162 525 4523 437 4529.2846406736
162 577 80 8 79.86861326574478
162 718 3567 1836 5106.222322786002
162 899 835 761 1500.543972490803
162 185 8018 7811 8329.262571255862
162 426 6647 6331 10368.095559740603
162 639 8632 1365 8650.496821507746
162 707 1924 1119 2007.2492609381818
162 815 4836 1685 4851.269628310481
163 291 1643 1032 985.6595537348888
163 307 1299 411 1742.009964668905
163 518 2240 522 1190.7678759415833
163 194 4090 1009 7477.662129841705
163 273 792 753 618.3692027489645
163 293 3707 1872 472.79673760433354
163 364 3991 162 3989.3913921674407
163 563 5631 2601 5253.61063127344
163 901 2622 1826 1530.0906583306553
164 228 415 276 641.5078361123269
164 362 7670 5202 7012.955900516091
164 602 3926 2026 2875.3571589321273
164 306 9714 1089 9520.655116641195
164 669 9830 2977 9562.077785019052
165 218 2570 135 2570.557332752918
165 265 7750 6718 9629.12948029986
165 281 7847 6187 13472.275216726179
165 330 6949 6708 8275.734747589404
165 482 3938 2976 4499.31344771598
165 637 1226 817 1556.3861165650487
165 647 6835 2147 6265.150744911787
165 521 684 374 185.74398336084582
165 876 5003 3737 6360.745400042
166 398 3425 249 3429.02047656463
166 260 3015 2520 3216.431467927647
166 873 5605 1331 2850.00660597344
166 945 3391 2818 3227.7190829900696
167 687 9096 5800 9360.81217595388
168 290 5618 5312 8133.554022045804
168 385 1624 152 1624.0868948622235
168 457 9444 5558 10326.351352563759
168 713 6277 863 6233.999647176799
168 298 7329 4297 3754.7453761865027
168 325 6384 5625 5171.491183000242
169 481 8946 3276 4396.654679491859
169 343 7457 158 7459.266977567391
169 359 7900 4715 549.2321509273877
169 385 1122 240 898.5486901142366
169 561 2325 352 2067.0748994809533
170 352 5296 663 6249.3032828037185
170 515 6567 5732 5730.543075828318
170 339 8460 180 11683.291793200922
170 517 963 212 953.5833185437776
170 549 4383 1123 3772.2343456344724
171 613 986 517 1462.8061781911356
171 722 1217 1181 1895.568328525744
172 811 5708 3848 9518.453342031047
172 529 9492 6461 11703.336199633566
173 570 2099 2037 2359.969993523778
173 665 922 313 1008.4881405488501
173 577 1479 772 2219.4604091736282
174 262 6957 4185 4834.128526754692
174 513 8980 4875 9710.132273500765
174 525 5118 3432 7758.790610312404
175 494 1821 1182 1011.5802565916073
175 583 497 62 567.3475004778187
176 864 6867 783 10220.13479051287
177 271 3742 405 6876.960016792029
177 274 2342 102 2338.385193971763
177 825 9749 9424 18037.882799920164
177 865 9914 4530 8682.192167808593
177 917 5564 1372 8508.214177314405
177 933 7697 7167 2174.105912076469
177 221 2564 2436 3721.890745443967
177 600 2045 917 2148.1107015649764
177 609 5237 1235 4400.725418168743
178 281 2315 1978 1923.8092469995909
178 561 2208 531 3315.8179422887774
178 612 1561 758 2158.560008314583
178 745 4647 3149 6076.9358456250275
178 193 5371 127 4568.638162023545
178 269 7986 4087 5818.684766168128
178 518 2692 424 2217.575572653529
179 581 3714 2253 4019.5365084506675
179 798 6823 2211 2979.0997015649405
180 430 7296 6415 13143.903255826743
180 325 2273 2102 1964.9258036349281
180 999 1914 1554 3048.7726019908405
181 601 4989 4189 5111.664186214083
181 974 2791 1248 3008.4944581649465
181 971 3383 1188 3542.696039422579
182 332 7326 1938 3738.5802442003524
182 769 65 27 99.06590503354478
182 965 3737 1734 3648.931162604733
182 641 2643 904 255.5222837315132
183 301 4567 1607 5714.464772248639
183 673 4432 2825 5276.527993114449
183 729 5467 100 5083.238576902933
185 665 4769 739 6781.289196669605
186 392 4376 1847 5470.256232171254
186 609 120 22 120.22159722881356
187 273 960 458 1244.4298260857945
187 583 6815 6268 7671.794357637938
188 801 9205 3408 9063.371266523991
189 200 5571 2893 7538.127172308236
189 345 8236 586 10471.24425483037
189 849 6015 2106 4929.95339200697
193 389 7555 7068 7032.054576905762
193 393 6964 1293 9714.830501918412
193 525 8623 1166 7025.37463696623
193 537 7423 5738 7187.063413368578
193 714 1487 550 2110.509150681058
193 899 8480 3927 9942.48605684379
193 905 8326 5652 14922.289902785757
193 1000 5949 4095 5410.528352503629
193 269 5932 5695 3650.331248317279
193 326 5305 3829 8662.193872758102
193 642 4780 2867 1531.197844548032
193 967 1459 869 1628.1337915672157
194 376 8705 1638 8706.159862988463
194 423 6331 3357 8511.074576918885
194 719 2399 885 2459.39847531305
194 776 6149 5082 901.2766051996861
194 263 3412 2991 2566.980275204864
194 377 4010 1786 2731.168111292079
194 577 909 236 1470.170363742445
194 781 7950 7033 15253.26466112848
194 1010 6253 457 6256.624008136348
195 322 810 784 955.5091279717097
195 593 9454 3364 10420.846253568378
195 678 8028 6217 3611.013069345305
195 429 4804 1645 7580.276515785854
195 907 5787 5269 2963.1814883598217
196 646 4962 28 5514.45107931032
196 852 1934 245 1964.8476397805418
197 287 546 115 184.70246988006312
197 378 8262 2320 3894.9858250711045
197 199 8623 5164 8428.76640224877
197 323 7872 6674 6106.912087470032
197 906 1705 1146 1760.9626039065492
197 925 2800 1730 2509.771873486316
198 298 2558 1098 3410.689262349743
198 593 2126 2060 1218.4078431899954
198 612 2896 2074 3863.4283958216647
198 770 3636 1604 4416.413688395555
198 359 7846 4737 9303.759093614924
198 434 7625 3017 13772.941552217733
198 461 665 597 647.3661008705017
198 967 2301 2025 2323.54801377409
199 813 5828 4379 5283.753871388644
200 788 5412 5372 10318.129467129034
201 446 2242 2116 2494.196070525486
201 578 2251 756 3166.851540471555
201 925 2258 1965 2090.3575965973655
201 325 1863 1531 679.8410304231705
201 728 6674 647 8159.863813499255
201 778 2951 1005 2062.655363112856
201 843 5868 1431 5794.524521446145
201 921 6313 1825 6313.140767768205
202 658 2248 1892 1861.7477294778594
204 655 1853 578 3437.379160265428
204 431 8666 2988 10037.496021865572
205 521 914 877 821.4015869273107
205 331 8750 4336 6489.177829928284
206 458 2688 2241 3518.7809327426703
206 453 8318 6762 8993.886225910624
206 665 8514 6363 5855.217317210235
206 947 4961 2699 4958.234579910564
206 976 6576 2693 6153.240676121534
207 531 6948 3445 6371.926003764295
207 242 7845 3711 13664.863227883186
207 387 9712 3031 12297.670689994064
209 535 4081 1362 5414.666389109272
209 273 7076 3464 6396.340552643466
209 483 8266 3517 8670.413477287055
209 586 1310 544 1195.4894303865408
210 514 4515 125 4514.427111735839
210 565 9203 9046 9328.496457691974
210 405 4112 185 3214.6184915532635
210 546 8565 713 8543.291813711585
211 883 3380 1835 2676.9921070126643
211 610 3774 1909 3707.881263549181
211 649 7362 3111 4267.536265674932
211 907 6896 2040 5822.670008521893
212 395 7587 5153 7531.820938416827
212 468 9255 4366 11762.176064904801
212 771 3381 2130 2080.229432512743
212 823 6416 2250 5075.412104531143
213 263 1463 1219 1573.238307233025
213 286 7258 2545 9502.0359590148
213 674 2955 1016 3142.437942336077
213 234 7102 3296 3674.6342385750177
213 257 3699 640 3702.8874194204964
213 305 8206 1320 8213.463175141782
214 386 6240 4384 3118.998550702208
214 184 4881 1687 8956.218759805086
215 370 1426 67 2209.3681828960766
215 586 5625 2435 4427.569678172245
215 386 8702 6884 12963.297523302303
217 793 7673 5579 12549.447172114256
217 651 30 9 16.340846891257428
217 915 5140 1643 5884.883834092227
218 924 5626 3904 1624.9670636722203
218 586 4361 1369 4362.450071034667
220 390 5173 1049 4925.865391618001
221 659 129 96 137.18277337621552
221 761 961 25 510.75715738665986
223 533 3394 542 3178.1558427480018
223 853 5283 1704 4595.382099550385
223 578 4072 727 4323.482557389563
223 782 7580 4684 13868.133209298601
223 571 7430 2326 11594.735705885547
225 289 9432 3933 15856.311744559132
226 258 6569 715 4528.311869340963
226 317 7933 6402 12372.219941374533
226 949 4207 1115 4260.43548757968
226 273 8241 4159 3378.9388951865435
226 610 4517 1054 4472.266925515445
227 260 4690 919 4715.734217997087
227 473 81 70 113.40723561870756
227 546 9838 7307 9946.604089705956
227 659 9371 3497 7515.764331010894
227 769 9536 2675 9574.71397363283
227 783 6238 503 6232.0453513108905
228 337 9405 9292 9513.298661836112
228 593 8594 3843 12556.232323386717
228 839 3887 585 3732.8612947252027
228 729 8417 2909 5844.288980995116
229 295 8322 7879 8889.508856599277
229 577 7515 422 7543.961841939958
230 522 5746 1928 5792.524217026138
230 701 1985 1313 2437.0788709876674
231 932 8409 2160 15454.07065673024
232 262 2694 1496 3894.633654910709
232 291 3511 2213 2742.611549471483
232 297 4401 375 4405.600617676702
232 620 1583 1431 1794.5824781940541
232 905 389 191 433.25220738371814
232 990 5950 215 6302.266555068898
233 481 4276 4129 6959.878272899468
233 807 4188 643 3273.2824586767597
234 913 3266 2589 3449.983057740862
234 974 9638 4096 11393.468133189328
234 518 7683 4106 5869.311332186187
235 849 9055 3494 6802.416661111472
235 918 6820 820 7483.55841852746
235 273 8466 1547 11049.302174154518
235 523 7471 3886 10367.939732628935
236 282 3518 636 1149.8111771090942
236 646 180 161 171.51027866919358
236 741 1654 92 907.0791016728326
237 578 637 197 840.2919427044316
237 822 3753 2902 1038.5195005676792
238 679 5437 3613 3754.2176369592294
239 621 1639 793 1100.840102864128
239 643 1268 682 1276.8916901928396
240 371 6618 1414 8059.976475229518
240 561 6620 6247 11440.061753959231
241 800 8013 1197 10589.898172054778
241 915 7191 1740 4125.558714693571
241 448 4594 2423 5327.931428180784
242 246 5999 36 6655.970785042226
243 267 4821 732 4862.50758073645
244 257 4857 3901 3100.6565719238074
245 357 1634 1008 1651.110515821473
245 933 2276 1114 2269.398962113911
245 537 5609 4526 8233.876074797112
245 662 2027 114 2026.9110959504455
246 706 4280 2791 4299.864017728967
247 641 3869 719 3874.963871989078
248 627 3823 3452 1878.806833524704
249 291 8332 5317 14987.287842247766
249 558 6759 450 6703.571644859944
249 903 8740 1473 8727.47890394069
249 906 346 286 167.15433968913572
254 637 4138 2247 5849.872240011886
254 819 1938 1675 2213.3300410011975
254 792 8501 3836 14167.510828147071
257 263 9656 1952 305.26246424020695
257 313 3369 2391 3056.436381724855
257 345 411 209 438.06234402793183
257 417 8271 1677 3981.044668750473
257 513 5044 2664 6613.022217932782
257 523 1017 801 743.5164192926138
257 617 2531 921 2706.304526064946
257 706 630 369 970.8784647547756
257 765 8543 5798 3006.3546185696814
257 773 4844 2164 1603.6165703985735
257 805 5426 4988 319.0776279946924
257 905 3257 943 5140.1361777515895
257 964 8173 2414 8528.925463615493
257 993 492 181 770.472831052067
257 261 6009 1042 4464.673002421373
257 294 7256 4819 10026.981121461471
257 473 9867 97 9867.233962491222
257 541 1753 1182 1259.0801662574631
257 771 8855 8552 6624.9559643472985
257 857 2662 2331 2373.9050633491534
258 269 7126 5476 7351.676898018931
258 273 7500 3124 8394.927686552244
258 545 3436 354 3433.0793580748154
258 681 5605 2665 8090.04009344735
258 807 9763 8780 9363.983191376412
258 913 9328 2848 7767.873668996844
258 921 3315 1949 5535.092081481862
258 946 5586 3931 2788.130713330927
258 538 8960 3274 7906.20786183438
258 573 7888 3690 9128.579691747744
258 653 3926 3142 6091.940966753685
258 676 9016 4174 907.0367606885081
258 761 7596 645 11309.943669703684
258 786 3601 682 4018.5946167798593
258 930 4877 238 4872.914524799738
259 266 2115 786 1004.8968119249776
259 674 4235 38 4235.55766359836
259 811 2522 1458 2635.1439199744677
259 881 4558 1591 6424.299952541563
259 279 5914 2439 3243.8231688949672
259 291 4008 231 5878.470028351367
259 305 9257 2745 6426.90743584684
259 330 2171 1750 3207.6185066936196
259 641 5986 2027 4144.236564830536
259 723 1458 109 1531.780430480193
259 879 7609 7433 10619.86828339936
259 272 4338 3932 6452.613578998707
260 269 13 8 10.480335040570544
260 328 1571 1242 2546.386903384934
260 533 873 1 873.0102068740204
260 273 5306 836 5308.6196267744135
260 657 3682 1559 3858.6027370195998
260 675 9932 1476 13952.651400003037
261 296 7833 4286 12687.870078889628
261 523 8189 5930 8176.764353623983
261 546 4463 4353 2024.3343362758237
261 679 1465 287 1959.5674479000375
261 979 9991 787 14451.827354188148
261 297 7820 2368 8606.802971278295
261 530 1796 29 1795.6514439968926
261 666 3940 54 2011.8797046838044
261 693 6650 1790 6604.934050437942
261 742 1537 343 756.7389625056459
261 867 5015 4778 3121.2034361944316
261 1001 1200 145 1334.5036839102277
262 357 4225 256 4223.360873893863
262 673 4999 2386 5270.558794861159
262 996 3088 2521 2110.5651538034954
262 426 5066 1863 6293.066473834546
262 626 6141 446 6069.436663239254
262 753 191 125 294.8792550706551
262 939 2921 12 2920.950485291758
263 907 3418 2607 1174.5988930073704
263 1014 5537 1411 5343.877862993102
263 322 1837 1552 802.4554021168639
264 547 3945 369 3725.885229810016
265 297 9303 5791 7646.119638444009
265 321 8441 2275 3032.2967468612187
265 569 4416 3326 4044.76007929294
265 266 1541 1352 2247.9885805699887
265 815 4470 2256 6459.586100251085
265 836 6171 939 6225.311671860733
265 872 474 298 745.1478097567223
266 340 4579 4218 3675.8140544817097
266 633 8321 3917 7435.521858622758
266 335 6460 222 6459.584776084493
266 465 7332 7044 12787.387522020868
266 548 9369 2201 1931.2850459529552
266 615 8181 2829 12948.756181071338
267 273 7463 2026 5189.810351265143
267 327 7108 4166 6880.522462736216
267 337 3854 265 2251.073116743497
267 505 2472 743 2462.838014212097
267 362 9353 2089 9965.796870098045
267 513 1293 1139 1628.3462319217815
267 253 865 17 864.8315419071085
268 524 8350 88 6948.218117681824
268 582 6571 621 6311.66539429605
268 505 6663 2518 6866.806045707682
269 513 9393 7232 12604.598033298176
269 525 5718 5352 5807.277190063159
269 578 9592 5703 3221.6740076966094
269 986 4471 2450 3390.277196804044
270 445 9052 5593 4923.360887531255
270 641 7261 3523 6622.043709711231
270 489 1326 378 2009.7792000810418
271 533 4003 2141 4947.9482399344215
271 643 6479 2738 11340.266177251713
273 281 9336 3095 12077.625470686593
273 379 8285 5538 12978.32175936785
273 521 1683 128 1806.8075278317194
273 555 7452 5732 8195.61033452502
273 641 3139 2645 3359.4679818402565
273 685 6113 3082 3748.680188666211
273 900 7253 3902 7326.448773828067
273 323 2363 109 1789.5520323641997
273 343 1735 1144 2519.2963295618374
273 922 5550 3678 5225.196861463091
274 582 7612 4450 5903.114015731044
274 694 5343 3829 9499.554891701988
274 810 1849 1699 2256.1669473711218
274 904 4047 2517 5920.692244256614
274 516 7646 6180 5796.883139873932
275 335 6538 3917 8145.713057629799
275 302 4457 3047 4382.504182283419
275 793 2034 1456 1784.7528884893052
275 933 5488 215 5486.469678164398
276 402 2829 1014 3795.085990046607
276 486 7996 307 13341.835633309442
276 513 8342 59 5181.48408289828
276 387 6046 5917 7851.572884857422
277 289 3454 2913 3929.466147210261
277 393 5990 5038 9576.996868019507
277 395 8064 4384 7184.776171729261
277 539 6253 5581 4998.217665148701
277 629 7922 3526 8860.356059294088
277 662 4260 875 4473.402833796345
277 484 1684 1031 1489.8109919907295
277 591 1483 1477 2641.9931715948
277 908 1258 872 1131.5824807888282
278 386 8860 6997 6846.630158567423
278 402 1792 162 1785.7096352055962
278 770 3946 2782 4584.090739362518
279 531 202 8 202.0720857309873
279 657 7234 2799 7747.889439795131
279 684 2164 1130 975.8775201849483
280 902 2779 2151 3552.628222363065
280 417 3735 2950 1665.8891618946102
280 510 9447 3699 9545.235303280264
281 601 4176 3902 5069.66158306278
281 675 4119 3123 3731.957030608389
281 327 9113 742 9119.727056058457
281 745 7448 6771 11319.903009699443
281 252 6099 1024 8314.276591613168
282 518 3680 12 4203.658299982812
282 607 5304 4160 1612.9919895575931
282 833 5376 5252 3659.2772868780203
283 577 6103 2119 6127.7443780735875
283 718 9869 1138 8246.319708445471
283 788 1391 666 1277.1973303757395
284 515 7369 5785 1334.9022547102966
284 713 3957 224 2274.803338666863
285 836 7018 1610 7020.742734288103
285 402 3046 2147 775.5334952983636
286 483 3730 2099 5409.37492671847
287 625 2763 177 5504.487411248217
287 833 7570 294 7568.1762847942055
287 1002 4765 911 4932.830254109718
287 890 1542 300 805.8959815198419
288 449 8958 6626 9277.13780567994
288 803 249 67 276.91500177594116
288 814 5932 1871 8892.845296099385
289 293 6748 6321 1657.8062126598165
289 342 3557 37 3556.9452647044004
289 546 545 317 672.6750582037065
289 777 1286 982 1369.9713138711884
289 297 8786 8738 7662.247852782257
289 335 3783 1150 6001.884629989426
289 355 3398 2587 6053.061473060867
289 421 6486 3277 7082.943092286922
289 482 9153 6995 5920.2184049781035
289 550 6073 1124 4570.421259207474
289 608 1461 1011 2426.8298838353367
289 675 308 120 391.3238305768365
289 738 5375 807 6847.618989055383
290 346 6937 2120 8430.986062041276
290 469 2905 998 2858.568225206376
290 473 4426 39 4425.683562239851
290 649 1701 1175 2000.742903419368
290 754 5610 602 5615.051746375142
290 789 228 18 188.48964945807367
290 647 753 492 816.3498187289063
291 329 3521 1870 2770.267815159624
291 389 9581 9235 6168.865985710065
291 652 1164 623 916.8155751308633
292 611 8509 6040 12549.082790612078
292 769 9293 692 18137.517862910314
292 968 7264 1340 9497.43858656041
292 300 671 640 771.1375150157813
292 962 1171 926 1702.3426720318503
293 525 7984 2906 9771.489837985351
293 594 7475 5038 8172.419099669451
293 304 2872 2240 2322.1178964955475
293 305 4095 3212 850.3600040547643
293 417 9243 4600 8737.441419255205
293 533 3800 2725 3257.6526253874326
293 578 4681 1234 7847.286475690222
293 705 9191 1011 3840.5433307102307
294 961 4630 283 5255.279329005492
294 622 5205 4826 4521.323167887433
295 743 2020 178 2020.8043741962376
295 865 9913 4471 3706.5914752133845
295 713 6706 1682 8004.593467468986
297 337 1612 1467 2085.704875600279
297 410 5235 3480 4731.843753510671
297 517 2658 1599 1384.2740110798848
297 348 4876 3946 1294.0728410861664
297 521 3813 2890 4780.876258933053
297 555 8371 4011 12033.428611450783
298 326 6352 1425 4351.262189517131
298 390 1354 21 1687.933506770636
298 545 4341 3851 4589.914573146214
298 743 4893 1193 4224.312699074106
298 388 7909 863 6132.374588130448
299 801 8824 2906 8791.467781147809
299 405 4441 3911 4370.724921683568
300 496 257 70 249.45769436901477
300 631 7396 5807 1974.5976152575709
301 468 9481 5088 12580.125740724612
301 591 7181 4082 7009.40913194688
301 761 9107 6658 11275.65425212488
302 778 8287 5955 9266.872211073261
302 649 3404 1885 4120.714224024256
303 809 9198 7435 9651.083496554751
305 514 8711 7928 9938.947373199588
305 833 8130 3872 4141.973563952679
306 577 4992 2278 3011.125842747916
306 398 2224 544 2751.147583857259
307 551 3178 1924 2153.1716175754764
307 919 4427 3330 4791.47953863688
308 515 6145 616 7409.403602836654
309 584 3013 1328 2789.5357076748496
309 641 7220 829 7315.919765437463
309 693 2830 1713 4302.975255265928
309 833 4412 1319 4864.54816488067
309 849 827 777 533.1578513716687
309 851 4869 2744 2385.121837051855
310 775 3707 1909 4001.513355164532
310 703 6569 3780 5686.505693899057
311 937 2167 752 2604.922593439414
313 515 7246 4583 6746.68257780455
313 385 7846 1880 7250.62930286714
313 802 1520 1513 1817.5457978948511
314 348 4101 1787 4262.266320572569
314 849 7844 5247 7900.243834675601
314 901 4339 3554 853.9544769778621
314 970 6844 957 6792.678624077728
315 377 4231 3249 3336.102824766298
315 519 8096 6428 9416.109309627294
316 740 136 86 133.38203268864072
316 321 7147 2295 8483.381413147665
316 514 6153 1239 4801.715284688492
317 453 8422 2659 9792.094236108562
317 362 5192 344 5191.849779244452
317 930 7511 2021 12244.448760823647
317 939 7263 4393 4626.013633736429
317 1014 8889 6294 14274.937571713257
319 533 6164 2046 8623.13920620047
319 915 654 146 598.4665788392323
319 778 4682 231 4199.790017124793
321 408 4201 1731 4088.315624927613
321 429 3741 2832 6601.649698144341
321 469 6170 708 6186.478681252542
321 642 4313 4217 7088.004587019217
321 721 2840 1631 2879.330337907388
321 922 2589 1590 2721.951574632806
321 928 8347 2674 7644.957139864811
322 338 5832 2520 11046.879545706654
322 769 7351 1074 7347.709904007506
322 835 3192 3038 3038.7698334478305
322 1009 8742 1140 14710.861495852945
322 450 5961 2088 8152.819128116539
322 977 8576 6804 6402.440540212132
323 417 2758 1481 3068.358502038227
323 900 5692 3887 2006.126476881378
323 903 7170 338 7166.780154776962
323 593 8526 4457 8526.818963202342
323 727 1389 330 1420.8087471886067
324 361 5976 3 8615.756099295435
324 516 6439 2354 9512.978477954915
324 722 4048 3623 1318.889912667005
325 514 1526 910 1490.6025134222034
325 531 7839 1297 7836.373593126998
325 789 3812 83 5587.178707683045
325 985 2003 1846 1006.8047002621577
326 615 547 405 40.14492685781192
326 721 8971 4726 10299.764887524578
326 531 3790 1821 5706.72233395117
326 577 9510 1017 9507.154315538613
326 710 8821 4970 11908.74355953573
327 444 8366 6027 4948.700065068849
327 769 2632 1688 2740.0218432446336
327 807 5855 2574 5975.304994726629
328 676 2384 295 1472.9341628296174
328 699 6251 5907 11075.18543600803
329 854 1346 1167 2032.9256476210774
329 521 5451 2680 6998.1458020911705
329 833 3185 1485 3136.3107773148636
329 907 13 6 1.7545710603563516
330 837 7666 1754 9268.28019892467
331 779 9472 1401 9517.89709912628
331 897 6659 2320 6315.588849865833
332 513 882 536 394.1898262810133
333 457 3151 1683 2117.006459295026
333 644 1984 212 1990.0029182907276
333 385 4067 2299 2922.2651669736715
333 389 2218 1656 962.936801092406
333 506 299 266 288.47231652631535
333 731 9732 5336 10831.937519877938
333 789 1743 198 1732.7859715137959
333 869 2916 1409 2883.140416727652
334 380 4808 3010 5450.467448380572
334 962 429 225 409.33049566022976
334 256 2685 2144 2821.2135957101577
335 489 949 691 1793.1881819042642
336 392 7090 5492 7146.567244625908
336 602 6955 3974 6640.33162978598
337 577 1361 593 1346.4994255650142
337 633 5527 2003 6072.557490800946
337 393 4889 3859 2333.447111662229
337 899 9203 7769 7569.144948797926
338 353 5263 357 8062.125906233667
338 769 1491 1149 734.3685178692132
338 834 7634 7086 6973.499564592105
338 805 1442 515 691.0790081333655
340 381 4614 3484 2498.7044045530224
340 717 7631 1484 7327.438958815576
340 904 3346 1787 2118.1650462770804
340 992 1779 1104 2243.7131401453153
341 705 4421 2426 4265.394854834489
341 764 673 184 404.6522393182688
341 514 4816 3297 6773.676860563509
341 884 2250 551 2852.339807374187
342 577 4198 1203 6616.049157668344
343 537 5252 2905 8366.147578428214
345 677 6736 3550 9422.135076548737
345 529 4983 2878 4882.906837150076
345 542 4522 2071 5142.199203469551
346 729 958 751 595.6659829964631
346 993 5760 3525 5066.643778807622
349 396 2711 1062 3816.556079097064
350 943 4100 976 5164.123957339665
351 729 2078 453 2034.9581380741474
351 770 9201 6271 10930.868213298027
353 410 7172 4078 10803.78972554774
353 420 3174 670 4507.32414246943
353 515 5798 3699 8871.239292275468
353 681 3447 2562 1309.5332418390662
353 795 3898 2045 4467.746357291168
353 861 5158 1725 5911.5611938182
353 373 5903 1574 5317.239576244131
353 969 190 176 199.42051425493318
354 390 2694 2345 2972.184752903855
354 685 3600 89 3624.5080659605123
355 837 939 668 793.5752434514483
355 970 6428 2428 6632.138243928191
355 561 547 506 416.9151929610452
355 586 8079 5906 4648.527937655976
355 710 2071 1733 2114.5185318787408
356 635 8129 715 8120.331201671709
357 801 5291 4802 2954.142424591361
357 831 7693 2814 6706.116024278432
358 434 1226 89 1257.1869230199704
358 642 2217 719 3061.5275133423715
358 691 8887 4137 1552.9022849032544
358 517 9111 8468 12465.468124175664
359 961 3373 416 3291.1344462848174
359 1019 2591 2299 1875.2781038524492
361 515 1109 663 541.4471439824086
361 556 9628 7639 14417.801415786711
361 733 5468 3247 5839.357122628772
361 785 2940 1750 2959.541472675872
361 811 1670 590 2364.299386500324
361 875 8150 6589 11339.016101338038
361 969 4194 3100 1539.1458023116706
364 425 6765 289 6762.327394580524
365 741 9140 1292 10622.530525316388
367 658 6608 1830 3553.768664434912
367 989 5703 5475 8216.291470194996
368 457 1578 943 2046.1872094854805
369 739 2935 2192 1380.308790941773
369 926 7682 2732 3339.482813269673
369 454 5286 1270 5062.198129768765
370 641 4209 4190 3724.229197043024
370 649 5157 1910 5715.5069116786335
371 558 4336 462 4815.248959262268
371 573 5021 2504 2077.9072238117637
371 657 2281 2254 2434.961646962608
371 705 8237 3095 11018.144780028597
371 842 5889 1472 8628.670610039166
372 706 1617 83 1617.2089826597107
372 773 7016 182 3897.958662959151
372 577 4841 3890 3149.0357624409357
372 1021 3351 1132 3326.3423415614693
375 618 1355 883 641.0428898483971
375 663 6959 3045 6991.139245393808
377 457 9113 4713 10668.608093410974
382 532 906 763 1640.3334485580594
382 758 568 211 315.57382099269256
383 563 3801 2318 2278.1348854804396
385 424 7126 1041 7013.800122678373
385 458 5918 892 3144.612922274611
385 482 8032 4055 7610.049891791138
385 532 9866 7144 11619.292674096769
385 572 3852 3504 2658.447954565057
385 598 4014 1047 1460.370771447099
385 693 6375 4021 1743.6105784875322
385 842 5472 178 6968.082726792671
385 963 5447 3620 2243.249718788495
385 656 3892 1149 323.3259754644286
385 929 6263 5925 10919.139076482097
386 514 3870 624 3552.0364603735657
386 564 2687 2092 626.5643121169134
386 517 2946 217 1715.452020522374
386 570 8384 5355 8501.404882879238
386 597 183 85 146.35275030890116
386 689 3540 3279 918.7770290653089
386 1021 784 768 1061.3905242557994
387 682 5086 2792 2785.0852695774124
387 847 2785 1465 3355.0863079437945
387 850 6271 6242 2486.032802440612
387 913 7876 1491 7356.938042406217
387 747 4066 996 2848.2760837743813
388 546 8119 1647 10837.328177730056
388 1017 3795 3662 3567.221469927592
388 598 4141 2201 1095.6785684682566
388 645 4832 2450 4280.923709283799
388 806 6743 6718 9599.314985687011
389 647 1108 168 1046.3927372360042
389 837 7099 1639 8350.457148532198
389 913 9863 2659 14976.358240251619
390 597 7586 4452 14240.196994078731
390 586 459 198 509.1941890805228
390 590 5678 2317 3475.7456357595324
390 779 5144 2428 5331.2528283852325
391 567 8423 1802 3825.6405267053506
392 462 6242 4458 6238.982821405779
392 801 711 134 563.188019201525
392 849 9552 6745 9562.033058960824
392 1006 1850 475 727.610563738535
393 554 9695 843 9461.65079062228
393 675 1566 1467 2704.816652557144
393 825 6512 3520 6667.5822418720445
393 836 2050 938 1935.1832014006857
393 895 5227 4766 7610.410424850388
394 462 1310 599 826.2260383390824
394 578 6803 1139 5503.894032184304
394 608 9894 257 15482.021119669158
394 723 2386 1927 1111.9896951764001
395 591 8101 1106 12077.343407005486
395 811 9281 9034 11704.908780785474
396 559 3952 232 3955.8309057800316
396 648 7549 3686 6560.838021380683
397 455 3747 2066 1587.5101797931854
397 537 125 111 121.67507149913914
397 547 9477 2639 11700.884273887155
397 778 3796 2525 3494.1285160449847
397 916 8438 3002 7946.894711380124
397 961 7342 5387 13493.849919317952
398 519 1181 465 1559.3249814154472
398 694 2549 1235 3074.2841002506525
399 944 8891 3887 7196.886787321985
399 434 3236 1082 4014.3987291802628
399 723 5248 192 5250.45168496536
400 828 4561 3791 4969.98911583336
401 713 6168 492 6169.565518356337
401 422 5860 3711 7609.188929515092
401 558 4701 3579 2629.8300126013605
401 320 5108 862 7243.285794854477
402 674 2482 1824 2547.0432268391232
402 933 2023 382 2753.851997442621
402 515 9709 9187 9265.721666748343
402 545 253 239 240.6408340335221
402 578 7976 1847 14913.92124935578
402 675 2946 2274 3164.946429578522
403 770 5579 4815 6916.734257450883
406 409 7625 7341 9725.800761035054
406 783 3097 621 2471.2159831347426
407 678 6579 5096 12025.414063923994
407 929 4218 1390 4134.997352833898
407 529 2569 1235 2641.094645994057
408 592 8004 1479 8015.087767173624
409 577 701 696 970.1002180303245
410 418 2764 1901 1534.0076868930455
410 889 8304 3208 11576.96162982905
410 557 6385 2257 7371.569152572825
411 521 9092 3558 12220.360900144384
411 564 867 607 1141.77248646804
413 537 4323 2344 3556.3500514436996
414 641 2130 2040 497.13638402087594
415 933 6515 3038 8548.127997957645
417 532 2256 623 2277.8856941637073
417 833 3672 3415 3638.20987165234
417 482 1149 844 836.0259645292048
417 545 424 249 211.1077390352174
417 811 5511 5042 3713.295895761025
418 578 5614 5540 4880.214837142409
419 556 7210 6938 7447.5111539261225
419 628 405 52 546.6257002557758
420 845 8887 7533 7533.215021519438
421 425 5324 2994 7726.8520658157795
421 539 8198 5267 8452.910304870544
421 546 1632 1489 1202.886288576614
421 513 2371 2285 542.0478580745634
421 903 1116 308 1122.2597281035676
422 641 8547 1749 8546.810806926855
423 737 332 183 640.5062252586548
423 796 627 575 950.6674799685702
424 652 1684 1222 1220.8182109956617
424 530 3548 1322 4607.054192913007
425 482 886 526 1737.9687636894346
425 984 7824 3858 3044.1151715075293
426 747 6346 165 6344.102327550983
426 777 3474 2747 2229.750653689721
426 470 216 99 279.2974102398168
426 535 5203 1166 5377.795319327849
427 645 3146 598 4195.5161358027435
427 687 1655 104 1655.649511442637
428 581 6333 1296 5689.759560995017
428 548 4305 555 4302.223174063949
428 833 3566 1138 4508.875423767669
429 621 9010 8099 6447.508639038905
429 881 7073 944 822.5197914413557
430 545 4193 842 4325.649273191686
430 594 1986 1063 1940.207176452393
432 602 1898 1270 3029.2673648056866
432 916 125 69 48.29898662424793
433 585 7145 2149 12157.109245605905
433 1015 5013 225 6534.185094333797
434 497 9087 778 9769.587543022668
434 800 6987 5843 12436.05904697392
434 805 8037 4116 3206.2237758626247
436 762 1965 856 1956.5738017049443
437 598 1616 437 875.1498443040261
437 642 4661 1128 7871.90848662314
437 521 9657 8490 7058.673912142712
438 455 8229 2099 9565.300682837893
439 513 2033 986 2226.386819107983
443 692 3547 1075 3180.676078652328
443 517 7921 4135 10393.86434241365
445 770 7728 2428 10497.272510562827
445 802 6331 3095 4611.428098065821
445 562 5309 22 5309.275961423501
446 1018 3467 1735 2624.2545256472167
447 630 6283 5038 6634.242438998743
449 514 5713 494 4276.787311365105
449 656 9910 4737 11684.05896533907
449 374 8994 1485 10755.586529569859
451 451 7074 5568 8637.138984148567
451 522 9533 610 9533.824092407645
451 617 5092 3390 6914.252951181136
451 681 8655 8176 9112.09365470787
453 489 2737 1602 2434.888308386475
453 513 6278 4798 6540.040063085814
453 514 6723 4747 7501.758090353835
453 515 4412 1458 2436.191554684244
454 662 9936 2136 8281.854484077166
454 513 7558 5677 10213.059152501073
455 635 536 382 105.03215318413044
455 783 2994 647 3135.4162515054295
456 641 6066 3092 11276.09462027528
457 775 4903 3539 4037.840506500803
457 909 2335 199 730.0056431019232
457 946 9920 3677 13374.33246627973
458 907 1383 1134 1698.5569792554782
458 572 8458 3046 8058.569307554609
459 744 3256 2275 1620.491269610462
461 463 41 20 40.957677028278205
461 567 7665 7260 9056.379906185924
461 707 8638 5009 4880.933254835367
462 626 8169 4898 8607.956766820056
462 902 7132 5544 1849.3980636064741
463 517 8139 5592 5602.257373096751
463 642 346 322 192.48005069435254
464 917 4534 3023 5256.298103258438
465 929 6240 4929 7582.646315131524
465 669 3933 41 3933.7317154875404
465 723 4111 2854 1940.8309704190322
466 532 4278 3570 4153.523348421985
466 762 8590 7948 12693.565285034325
466 903 2958 1449 2971.957316480951
467 441 9560 6457 5581.112581662374
468 641 7499 52 7498.715505956317
471 714 7940 4324 5047.579334829343
471 676 6251 4517 5942.502853358018
473 802 2864 1795 2325.0446551703753
473 962 5733 341 5737.304963920082
474 601 453 334 874.9282221505699
474 801 1515 851 2126.2810970276946
477 776 7823 1816 7851.6536893478615
479 538 5082 3402 3601.7330624712818
479 460 5869 2177 6471.641540577565
481 666 7990 5926 6093.1168012539265
481 732 64 17 92.3085971119009
481 929 964 309 1133.0232060838998
481 603 8295 5701 9302.65739651801
481 807 6148 211 9032.007980470797
482 541 8436 6478 10083.358233007008
482 962 2218 159 1700.3584922977325
483 513 1652 620 2578.9907534540766
484 556 6213 4397 4215.996773319077
484 985 8685 2181 2023.7776388174002
484 812 6681 2169 8811.213191801044
485 842 428 4 740.4619170518342
486 837 8212 947 13903.513043195266
489 566 2420 1889 3365.04882283888
495 753 2192 1506 2751.9119142580735
497 979 3575 56 4525.1275272605135
497 782 5648 1967 6403.724239850535
497 312 9399 2262 9401.979927270684
499 794 9097 4286 7603.682422743973
502 520 9893 6607 10838.265901919529
503 769 7839 6151 4755.923052935587
507 707 874 692 323.4633732840065
507 752 220 103 232.26338040611643
507 768 4672 528 4674.322324503232
508 581 4780 3682 3932.138273862189
513 515 2493 1092 1060.5362157120276
513 523 8952 6068 10613.439901763928
513 686 9290 4123 1447.6335366168212
513 937 7600 479 7618.763413538087
513 529 2696 2171 1348.515659610117
513 549 6082 2841 7848.618768740472
513 558 7718 5545 6901.103284336731
513 643 6964 171 5130.197365131931
513 649 9204 339 9167.041533480367
513 720 410 387 421.11126103358
513 804 7740 377 8470.006834781283
513 941 9814 623 5790.7330986808465
514 549 7819 5188 5579.617042547834
514 641 8040 5627 6457.822927012045
514 645 8144 7097 10452.54264470624
514 766 2739 123 2826.901384936909
515 523 2245 2155 2649.26821317323
515 573 7516 7455 2650.8559147549818
515 781 8018 1007 8019.202856990009
515 673 9059 160 4743.886106555819
515 705 7736 4880 8597.602389825095
515 785 7558 231 7558.922210153033
516 599 8609 4552 6999.109566252009
516 671 2309 1113 2287.8368574399965
516 771 5797 349 5797.9256196979195
517 556 3231 196 5010.201461079251
517 583 1910 10 1910.2274662705925
517 606 9584 8050 10853.142733581131
517 780 3430 1774 4450.977448359309
517 786 480 369 728.6120969696069
517 864 5660 641 4825.302167901627
517 929 7978 1905 2637.791655260222
518 526 387 91 362.2310549238532
518 535 7808 1249 7438.3436651613265
518 673 294 253 396.5851828324155
518 677 4889 432 4719.78816894929
518 769 9174 8295 8223.903945727156
518 519 9119 8107 5194.111966496142
518 520 1152 635 1705.2719830029152
518 530 454 416 439.2840493436285
518 696 1517 607 1384.881252256469
519 833 177 1 225.9206675048328
519 929 623 368 486.4014096965635
520 945 6114 2228 5631.297409060697
520 968 9395 2852 3161.4949712010493
520 848 2183 692 1937.129881093299
521 786 9600 5209 1662.0164220885945
521 813 4143 2137 4501.787255247657
521 897 1567 1089 2537.0980000198747
521 525 4331 617 4562.550609427522
521 530 9194 8141 1859.7849099674627
521 546 3719 843 5646.451316545252
521 591 8833 7538 10067.396568532044
521 767 2950 1734 2809.369299801512
522 547 1256 689 1240.9133304131988
522 555 4417 856 4102.8624122554265
522 561 8080 3983 6530.961185909298
522 610 7338 3745 6364.102267590912
522 562 4522 1890 4062.144413509515
522 787 8691 1007 6420.435709013697
523 550 8430 732 9002.093063160133
523 653 6772 2939 4732.787609829957
523 531 948 502 1446.4603243767597
523 570 7939 7636 6036.1843719761
523 609 6189 3515 5422.64332377589
523 694 5208 378 6344.665049392957
523 749 3509 1592 1855.6805878128923
524 651 5147 1965 8640.663286854005
524 815 9860 7782 10105.344872282922
524 898 258 159 188.9100089975666
524 893 4608 4329 7433.266036820845
526 821 2825 890 804.6881262977049
526 577 3123 2035 1186.2595588657052
526 641 9138 1884 9149.297497006444
527 549 9085 8608 12868.490038832975
527 777 8587 2587 8460.939297912244
527 610 5451 4679 5275.95312516459
527 809 5082 1739 5990.441140089421
528 714 3175 7 4066.916575622209
529 581 7206 5265 7861.527655039284
529 583 9225 7171 2518.7992887878286
529 612 1667 1433 3042.1112313334716
529 721 1683 1403 2130.321316714632
529 802 5623 330 5013.805035885935
529 593 7627 6751 6580.664602288713
529 627 3188 1997 2909.890546066506
529 630 9939 8621 5109.358583518381
530 738 8670 8621 6568.660004233297
530 837 258 48 262.18511204487424
531 697 5 3 5.863360999898932
531 550 86 63 113.9597563959009
531 587 4173 2779 4055.4853109909936
531 626 7825 5923 6574.722945656473
533 551 6909 4979 6025.641507717882
533 854 1046 491 1103.153380372098
534 788 4392 3234 6587.834683798653
534 575 1608 508 2296.6880606845284
535 787 8284 6962 12799.115324983892
535 929 498 264 562.2046156913271
535 933 4634 2023 7186.529041601537
535 613 9910 5552 18115.904718532744
537 688 1194 457 1103.70392437734
537 903 8443 4245 3256.3910083011738
537 545 5344 4047 5883.816424404048
537 747 1203 1113 328.7288064361906
537 478 6481 464 6463.723193920815
538 900 2097 1443 1794.9564410318085
539 821 7040 1559 7929.811021720967
539 820 5092 4642 2443.554013095314
540 665 1169 924 969.7274380921682
540 778 5554 916 5554.554791299783
540 366 7407 3449 9007.205564813401
541 681 3459 10 4534.008004448662
541 793 1439 639 1633.1521907014833
541 906 6520 5584 10398.937119058224
542 794 4005 3897 1548.0463383251727
543 545 8541 8488 10228.338771829336
545 552 4470 2044 5247.305157066848
545 598 5434 4149 6000.037995653217
545 719 2287 857 3328.0938805775777
546 744 3533 3303 2591.6002467955577
546 915 8216 1075 13415.511808005751
546 841 8243 4399 6693.033633751045
547 613 5858 1169 5947.9173979772695
547 651 9669 684 5079.272586372337
547 759 8380 6016 12042.24211274645
547 901 1367 1204 1774.4185748218213
547 636 1739 1343 1123.080885624391
547 318 2652 2620 1694.9838493126992
548 578 3558 2121 3025.910215393445
548 577 3760 2829 2444.6503058347566
548 931 5618 4197 3776.4905725276344
549 578 165 12 165.11385652899085
549 587 9745 8421 8890.16119039809
549 646 4095 2446 5085.955747389397
549 833 9926 1658 9963.788807716466
550 648 8812 8177 3898.587964418553
550 785 599 371 575.361177754975
550 978 6004 3097 7201.880445016294
551 650 6884 5679 7183.84987155244
551 801 9330 2163 10119.98251457514
553 641 9214 2337 8481.433342984703
553 657 1347 295 828.560050610388
553 933 3322 7 5578.274814760539
553 781 4963 4051 7785.722499747026
553 905 2090 1117 3543.3487952806413
553 939 5378 5014 3847.7046199599563
554 934 9368 2988 4108.446269598812
555 579 1702 1234 2107.5814219334566
555 778 3367 2253 4475.38960725821
556 967 4172 1785 4455.914068017559
557 680 9352 6571 6859.684833283587
558 558 2944 1116 3654.7693918660743
558 771 3594 30 3593.555736156713
558 939 4152 132 4152.203644188288
558 560 6249 2567 1642.1786769163928
558 596 3093 858 2885.5549296649724
561 918 4122 2052 5327.1566353926555
562 787 5775 4698 9183.192350986055
562 994 7518 5266 6141.723571654065
562 846 4031 721 5152.549909760323
563 978 9955 1654 9965.476383055593
563 993 7732 3352 1419.3142223519544
563 601 3349 1588 1000.3342393489276
563 643 7338 150 7339.190640720548
565 657 2738 1224 3785.6827239250765
565 660 2586 2269 1753.5526342146106
566 655 9888 6050 1550.6318787857329
567 593 4517 732 4476.778079869975
567 972 2293 1408 1077.7795438192272
568 794 4165 842 5026.467951307406
569 948 815 810 912.93066261888
570 600 7020 6685 5921.00616259882
570 785 4619 911 4611.999135130754
573 778 4580 3848 4631.621821115211
573 579 7672 5859 10474.004793463413
573 906 5345 733 5750.651947646301
574 798 6450 5622 6252.499267639831
574 887 5174 3415 5898.298530175257
574 601 3031 576 3001.2436222771003
575 697 9452 1965 9489.25489473806
576 579 6110 2087 9274.7987585702
576 601 1951 1422 836.6795287339971
577 608 1527 986 1497.1427403244484
577 609 4542 4334 4749.822207755089
577 787 7984 1029 2226.4083864592785
578 578 5025 12 5025.1056824920115
578 662 7935 1070 8513.510025118088
578 998 8654 1264 8889.932366015344
579 730 3427 1417 2557.9480459317265
579 982 1190 997 1123.6835285179309
580 622 7475 3062 12192.569103938822
580 790 417 227 395.208619810859
580 625 564 443 108.79420637364255
581 599 1634 1068 1630.8424940278137
582 646 3909 1881 3018.700665466305
583 634 6567 4865 6512.403264616018
584 836 6311 3735 10301.584270831614
585 834 4276 3829 3864.269245967424
585 641 955 440 893.1211843799708
585 722 3496 1201 4225.7389723298
585 845 6374 6363 8977.164816008328
586 593 8377 2893 9374.270546644693
586 696 975 474 766.238496165643
587 659 9039 3358 7855.041889155215
587 777 4720 878 4727.0731554969525
588 609 1171 643 1645.4726204575638
588 668 2799 1455 3148.168927662624
589 785 9265 3164 10920.622656628788
591 789 9478 551 6416.240423430098
592 883 3083 958 3069.3225790625866
593 857 6722 4632 5255.032268421788
593 802 3257 853 3821.6522684200377
593 829 734 133 730.890241756012
594 687 6221 4896 2159.4103976318675
594 714 2337 1932 2858.369631974523
595 653 4293 3461 4317.0290733849415
595 793 7511 3940 3490.473515187482
597 706 9543 1333 7246.1511490401745
597 725 2160 1316 1776.0779050328206
602 886 3485 3085 2377.3279150457533
602 544 3248 317 4058.2996308361703
605 914 1761 971 1379.9649441181418
605 1007 9716 8077 10490.964252043288
605 785 9908 3276 5082.707055796315
605 797 8361 2772 13679.966080171216
607 808 2793 1342 2387.60300060685
609 649 1241 51 356.6174454448626
609 627 6950 3100 6934.248811805182
609 662 2864 267 344.43919373731836
609 673 9713 8293 10795.079676658002
609 769 2975 1533 4854.165959390006
609 778 83 1 83.01228061574973
610 769 165 161 121.13747443649953
610 825 7879 1380 5855.429350193118
611 738 2877 2616 3566.8727106224014
612 881 9686 2024 11006.798624199779
614 841 6766 6095 4078.4536855764127
615 937 9463 1015 9868.170705610808
615 911 3490 1273 4133.945200610381
617 807 7313 5794 5595.144067403349
618 909 3869 3578 5661.581686034657
619 1005 7033 5973 6939.948697426154
624 1001 1251 664 1351.1739018503552
625 846 7791 260 7796.646322157941
625 472 4468 2545 4866.362133335711
628 770 3236 2691 3350.144032605389
628 978 5804 1816 6217.463122176807
629 794 7786 7410 8058.803808266497
634 813 290 26 390.70367752944617
635 785 5377 3008 5695.763186623163
641 660 664 424 1154.593805386466
641 733 6863 3490 3761.723611850325
641 939 8879 6690 7527.042627697517
641 953 5745 4949 8860.435308289461
641 659 8639 8032 10757.986587644184
641 770 8708 3260 9716.220445496154
642 678 8533 6195 7967.788134616975
642 778 6714 512 5404.457307370164
643 725 5067 4380 8624.518860655298
643 802 2283 12 2283.0642264941366
644 776 1430 469 2370.628728285305
644 1022 1469 1202 1203.2900465429116
645 661 929 408 1117.6924959234411
645 757 4774 2254 2535.693179853218
645 770 1133 274 1193.5091107904734
645 710 484 184 513.4217336740747
646 964 2348 1746 2122.4174466081913
649 695 1650 664 1154.8767105278803
649 770 2599 2028 1978.208333464441
649 661 251 11 251.268311991858
650 717 6089 2503 7060.76454879745
651 954 5690 4240 4747.890362480301
651 488 8869 2032 5811.83461602972
653 1003 4709 4289 5628.476032494244
656 762 6065 278 6066.667183218418
656 995 7475 5679 13463.572226932654
657 834 678 130 801.5284093517052
657 674 352 56 351.60384709403996
658 932 6966 4440 5351.3804222939
658 934 1642 109 1850.1002815003537
661 803 8854 6869 16784.603888172966
661 452 982 110 1744.9564273539722
662 796 1293 831 711.6991504816547
663 956 5219 2047 5180.364121059878
664 771 8051 552 11029.304806415525
665 782 3166 526 4880.950146146744
667 769 6608 5080 10815.954782683382
669 750 6339 1748 6069.631666032199
669 764 1601 311 1601.4965136732565
670 915 414 267 641.8673643276264
673 718 1619 81 1860.5679077785292
673 675 8100 4909 7644.083546264538
674 705 3396 1312 4631.296980985764
682 855 6630 4258 6926.073557972399
685 1009 35 2 34.993170059041745
685 1004 4650 2115 5836.92078284261
693 915 540 488 646.7832969599546
695 769 1946 994 1985.6638849846847
695 932 7370 2011 8415.111855278845
695 977 3558 3033 5131.171666038813
697 886 5565 4162 10421.18929331247
698 711 7979 4773 9558.42669595865
698 777 4120 1838 2598.780716014013
700 899 6497 738 5898.848435354202
700 1016 7252 5254 9755.914711377985
701 865 5240 4850 2106.973061453085
702 942 923 191 1191.764753362867
706 855 1798 486 1619.4476851912357
707 733 5707 3268 4782.668180382248
708 779 6146 4124 7714.462310085693
708 781 1519 141 1519.6216944239836
710 844 9649 2165 12020.89620697553
713 863 5179 1941 2491.645769297917
713 729 3934 1448 4787.046888669474
714 838 5242 1656 5997.995086107949
717 843 5393 4122 4925.734496896297
717 973 1955 173 1957.517136497303
721 804 8425 6198 2881.7585594854
721 931 2940 1585 2656.2316091326143
729 512 3194 1146 4195.534635335862
730 975 1572 1325 1023.6610553083657
731 127 5337 1285 2079.9099198848016
733 835 2187 1621 1150.294305719853
737 769 6334 3910 8268.065795253973
737 900 9097 5591 5496.820267098807
739 971 857 546 927.6920905817653
739 769 6088 3079 7315.599718814639
741 779 3716 813 2914.6581269991225
741 802 3303 2504 4358.387906035839
741 1011 2348 1651 3512.5769668134726
742 623 29 29 28.585158445330674
743 917 6998 5302 5794.321824953359
744 788 4395 565 4405.731586193165
745 763 9321 3865 10204.662854505204
753 787 8614 5382 11655.184686689858
753 896 1950 1868 1804.3807488862228
757 945 6161 4760 1225.3377488599226
769 927 5458 2712 3061.1192324117756
770 774 2067 1457 1190.1358842928694
770 803 7124 4772 4105.281657066637
770 970 8803 2078 5455.53664646015
772 794 4307 1116 4371.245125246056
772 801 6030 844 5255.311831837378
772 942 3545 272 3546.5731948017547
773 987 3485 2633 4037.6000003254726
775 937 5210 3586 9333.7592305554
776 922 7171 2769 3455.1338960757816
777 799 8008 6452 12560.37255572418
777 851 955 182 1526.8043971838765
777 915 2883 393 3958.847061910565
778 809 6409 2781 9603.368902932998
778 917 331 205 321.6867658157596
778 360 1274 312 1147.400724331171
779 813 7344 5420 6998.940081639909
779 883 405 82 456.2511346172029
780 805 3610 3402 3247.011736419847
780 977 5597 5258 8803.820120172564
781 902 4792 3696 4366.195236477974
782 806 4532 2693 2603.9209137406124
784 933 3476 2660 3242.4615263768906
784 891 4983 1530 7606.182960661086
785 842 779 707 1253.9958038230147
785 818 3929 735 4464.060222527504
785 923 2213 1798 3888.3103634175777
786 839 5265 2427 5010.868689282529
786 511 3129 2840 3648.2939030335447
787 915 339 209 475.46064370087794
787 865 8024 5004 12123.314783273192
791 504 7306 3747 7448.299022905699
791 951 3961 2767 2617.338129484166
793 850 9912 5333 13381.798388569208
794 894 2802 1244 4197.384636167217
795 751 9178 627 9301.543484709253
801 825 1792 1361 1917.5538621345993
801 841 2005 168 2776.7583446064823
803 885 8693 7762 8481.56753797049
806 192 8557 7860 2280.593554847443
809 938 5820 3827 6623.330113990258
809 946 1635 149 1542.146261257039
815 906 2426 2224 2488.197037509157
817 735 5668 70 5300.705687442006
818 979 5509 4350 3522.5214969912076
819 952 2896 950 2941.633252770648
825 979 1421 452 1136.9986653462377
825 853 2329 1656 3469.4865416041353
834 1000 9286 5023 11138.512854933684
835 913 6014 5031 7772.679241565776
837 997 1199 464 710.1051929218173
844 940 8140 2204 8334.855478138008
845 959 5386 1743 5287.441210817065
845 892 6678 335 6674.683466665666
847 957 7575 76 7574.78150491415
849 900 5109 4402 2975.5883812207862
849 1008 3602 3008 2609.187129240256
850 1019 913 476 925.6113460653422
850 475 4224 1854 4194.385461321486
857 867 8539 4219 7396.264640385712
868 999 3854 1604 1488.3082643239538
869 897 4057 2261 6509.577348961732
873 704 9994 3309 9107.190657029738
881 862 3447 1523 5917.7221744528115
885 640 745 115 665.281153831293
889 905 4725 4394 5391.061485315088
889 384 7947 6067 9505.713325418956
897 912 8228 2779 6431.211593742342
898 1003 1835 320 1633.6582195312674
898 960 671 549 1105.2590700322562
900 509 6930 6925 1886.0014409950911
905 930 1631 281 1641.9121623706046
906 954 5610 5273 6545.286628119046
907 756 9003 6382 13822.945209112195
912 222 4972 4235 4220.585778887222
913 918 1617 151 1619.1439012198723
913 1003 5456 4519 6972.295235343915
914 830 7591 1077 5839.726454834797
915 969 6015 1704 7238.567290238448
920 748 5359 4939 5046.701733450347
933 950 3490 594 1292.4668580125467
938 966 7446 4470 7226.762685312733
961 715 5297 3144 530.3028668871864
963 988 7022 4981 13528.013471769613
964 880 2945 397 2621.5792010022583
979 882 5069 3526 3603.268550112158
1003 734 6676 6629 7492.243097210697
1012 224 4492 693 7799.733297907101
1019 1020 2587 305 1885.125134517916
928 191 3206 1154 3307.9937027003766
476 344 6315 2000 7899.653245698984
735 435 9134 234 9134.54010070162
896 604 610 367 1097.6840255071722
