1 2 10 1 6
1 47 6 4 152
2 31 4 3 41
2 35 6 3 70
2 406 3 5 573
3 4 10 5 4469
3 5 9 3 166
3 26 9 4 959
5 57 6 2 16
15 16 8 3 61
15 36 5 2 19
16 25 7 4 192
17 18 8 3 124
17 36 3 3 20
18 33 9 5 1876
19 20 9 4 321
19 21 6 3 114
20 142 4 5 621
20 148 10 4 326
21 22 2 7 30582
22 23 10 4 499
23 24 6 5 1518
24 25 1 6 702
24 28 1 6 2944
26 27 1 7 31095
27 29 1 5 409
27 30 10 5 2047
28 29 7 4 244
31 33 3 3 26
32 33 2 3 34
32 34 6 3 82
32 69 10 1 11
34 35 6 5 2699
34 73 2 4 104
36 37 3 2 10
36 75 5 3 62
37 52 4 3 24
37 43 5 5 676
46 47 9 4 870
47 448 2 5 517
52 67 7 9 6723856
53 54 3 5 383
53 59 5 7 27061
53 418 3 7 42671
54 163 4 7 29742
55 56 4 5 502
55 59 9 6 9991
56 57 10 5 1182
56 66 6 4 248
58 59 1 5 552
58 60 2 5 450
58 199 4 3 79
58 458 1 6 896
60 63 8 8 2440183
63 225 1 5 135
64 65 6 5 873
64 66 1 5 549
65 67 1 6 1286
69 70 5 4 138
70 71 2 8 106482
71 101 1 4 107
72 73 4 4 181
72 101 1 7 19399
73 76 5 4 123
73 77 8 3 80
96 97 3 5 1095
96 111 10 4 854
97 101 10 4 338
98 99 8 5 3839
98 100 5 5 1768
99 138 10 7 208819
100 116 2 6 4490
105 106 9 4 514
105 111 4 6 3081
106 107 3 4 328
107 108 4 6 15335
111 114 1 6 4716
113 114 7 5 2729
113 116 1 3 16
115 116 8 3 92
115 409 5 4 122
118 119 9 4 346
119 138 8 6 10385
120 121 1 7 5084
120 122 6 4 551
120 304 10 7 103028
121 296 4 5 2713
122 123 4 5 1499
122 124 9 1 5
124 125 4 8 161167
134 135 10 6 13328
134 332 8 3 146
135 136 9 4 487
135 137 9 4 956
137 139 9 5 1380
139 140 8 2 26
139 141 10 2 41
139 399 8 3 78
141 400 5 4 528
154 155 2 5 228
154 156 4 4 328
154 172 7 1 3
155 168 6 7 47093
156 157 5 3 59
156 171 5 4 267
157 158 3 6 3583
158 159 1 6 938
158 177 2 6 1732
159 160 1 6 1420
159 161 9 3 176
159 196 2 4 132
161 162 8 4 396
161 197 4 5 479
163 164 8 5 2786
164 165 8 1 11
165 166 7 4 157
165 104 3 5 661
166 167 5 5 972
167 168 10 7 57494
169 170 7 1 9
169 171 10 4 508
169 174 3 4 234
170 172 7 3 39
170 173 5 6 6832
170 419 2 6 2253
171 178 4 3 87
173 174 10 4 837
174 179 9 4 265
175 176 3 4 136
176 214 7 5 3550
177 178 9 2 19
177 191 4 8 453243
178 421 3 5 451
179 192 2 4 105
180 181 7 3 93
180 208 2 6 2355
181 192 8 2 24
182 183 7 7 45961
182 184 10 3 75
184 185 2 4 103
184 208 9 3 50
185 186 4 5 1241
185 207 1 6 1652
186 187 10 4 993
186 230 9 1 13
187 188 6 4 309
187 193 3 5 511
188 189 10 4 239
188 191 9 5 1817
189 190 9 3 84
189 191 2 4 218
193 194 10 5 1802
193 217 6 5 1758
194 195 8 1 10
194 217 5 6 6649
195 196 1 5 624
195 216 10 5 2035
196 197 9 6 13323
196 476 5 5 778
197 216 7 5 1965
198 199 2 3 20
198 221 7 3 57
199 200 6 5 1490
200 10 2 8 86972
201 202 1 3 9
201 203 5 4 183
201 351 7 4 206
202 213 3 5 1347
203 204 5 4 226
203 205 3 4 84
205 206 1 6 963
205 231 3 5 923
205 360 10 2 36
206 207 8 2 37
206 232 10 4 374
207 233 3 5 464
208 209 8 7 102023
210 211 2 10 955791561
210 212 2 5 563
211 215 2 5 1230
212 213 2 4 81
212 342 5 5 770
213 340 9 5 2695
214 215 9 5 1040
216 219 2 6 3466
217 218 10 2 41
218 222 8 5 4450
219 220 9 2 46
220 221 6 6 8805
220 222 6 3 76
222 226 6 5 722
223 224 8 3 67
223 225 10 4 769
223 7 6 1 10
224 229 8 4 219
227 228 1 6 703
227 229 3 4 109
227 272 10 3 173
228 230 5 6 3532
229 401 3 5 648
231 281 10 2 45
232 265 9 5 1729
233 264 5 4 492
233 150 9 5 5925
234 235 4 5 2348
234 278 4 3 83
236 237 4 5 479
236 280 6 6 16930
237 238 7 4 560
237 239 6 3 87
239 240 6 4 432
240 241 6 3 123
241 243 6 5 1483
241 442 6 5 1031
242 243 1 4 105
242 244 1 5 245
242 314 9 3 113
242 80 4 3 75
243 293 3 5 2054
244 247 3 5 673
245 246 3 5 629
245 247 5 5 1199
247 248 3 5 432
248 249 7 4 589
249 250 6 1 6
249 312 8 4 247
250 251 7 3 119
250 321 9 4 580
251 252 2 5 643
252 253 10 6 16208
252 327 1 6 1269
252 301 6 5 1995
253 254 8 2 38
253 277 4 7 22504
253 266 5 3 38
254 255 9 4 203
254 256 6 2 23
256 257 2 4 91
257 258 4 6 6799
257 259 6 5 759
260 261 4 3 25
260 262 5 5 1544
260 263 3 6 2205
263 264 8 5 1554
263 479 4 4 109
266 267 10 3 150
267 268 8 4 187
267 299 2 6 1800
268 269 3 5 713
269 270 2 7 59066
269 294 2 4 214
270 271 4 4 107
271 295 10 3 193
271 133 8 3 128
272 273 4 3 38
272 274 7 6 8959
274 275 8 6 8539
275 276 4 6 7988
275 277 10 6 13955
275 291 9 4 353
278 279 10 4 266
278 282 2 7 14693
279 280 7 3 133
280 287 10 4 243
281 289 10 3 123
282 288 3 4 117
283 284 3 4 312
283 285 7 5 1466
283 305 8 5 1368
284 290 7 3 73
284 365 2 3 32
285 286 3 2 15
285 306 2 6 1527
286 287 5 4 218
286 306 10 3 149
286 452 7 6 10911
287 293 10 2 31
288 289 2 4 72
289 290 3 4 82
291 292 7 5 915
297 298 5 4 161
297 454 1 5 353
298 299 3 6 2755
300 301 6 2 19
300 302 9 3 102
302 303 7 3 65
302 304 2 3 20
302 330 2 5 664
305 306 7 5 2950
305 308 6 5 811
306 308 9 4 478
307 308 9 2 27
307 309 5 5 1242
309 310 5 3 105
309 338 5 6 10766
309 379 3 5 1096
310 311 7 7 118518
310 85 8 5 2676
311 312 1 3 16
313 314 6 6 4382
315 316 1 4 79
315 317 9 4 374
315 499 8 1 12
316 334 1 4 66
316 398 9 2 29
317 318 5 4 301
317 503 7 5 3608
318 319 7 4 330
318 502 5 3 38
318 510 7 8 428260
319 320 4 2 18
320 333 3 3 41
321 322 8 4 225
322 323 3 3 55
322 325 1 8 212560
322 333 6 3 117
323 324 7 2 21
325 326 4 5 610
326 328 8 4 207
327 328 8 4 469
328 329 7 5 3566
328 495 3 4 114
329 330 1 6 1109
329 331 2 8 186474
331 332 9 7 123657
331 489 8 3 53
332 481 9 2 26
333 493 4 5 2337
334 335 2 3 38
336 337 1 6 4397
336 500 8 6 30859
337 338 9 5 1301
337 382 4 5 1033
338 339 3 3 38
338 377 3 5 915
340 341 2 4 112
340 349 5 3 32
340 354 7 4 373
341 343 9 2 38
342 343 3 3 34
344 345 2 4 167
344 346 6 6 25114
344 385 3 6 3478
346 347 6 4 215
347 348 4 3 27
347 387 3 3 65
348 349 10 4 858
348 386 7 2 18
350 351 1 5 523
350 359 2 3 12
350 13 4 4 426
351 352 2 4 108
352 353 4 4 211
352 356 6 4 148
353 354 8 5 1039
354 355 7 5 806
355 356 7 5 921
356 357 1 5 124
358 359 8 5 2990
358 361 2 5 343
358 362 9 2 33
358 360 3 9 4356555
358 92 6 3 75
360 413 6 5 1333
361 388 9 4 753
362 367 4 5 545
363 364 3 3 19
363 365 3 4 188
363 370 1 5 202
364 395 4 3 79
365 366 4 4 277
365 371 2 5 944
366 144 2 6 8637
367 368 10 1 17
367 369 10 4 706
370 380 3 5 359
371 372 7 4 579
371 373 2 3 18
371 374 8 1 14
375 376 6 4 537
375 383 2 4 134
376 384 5 5 684
377 378 4 4 138
377 381 1 3 21
378 384 8 7 52279
381 383 7 2 18
382 496 5 3 52
383 384 6 6 16374
388 389 3 4 168
388 392 1 6 1937
389 390 4 9 4285632
390 391 5 4 151
392 393 2 5 1389
392 394 7 4 281
395 396 5 3 31
399 411 8 4 512
400 405 1 5 196
404 405 1 5 587
404 412 7 5 821
405 89 9 3 59
408 409 4 3 39
411 412 4 2 17
411 415 2 6 1512
411 482 8 2 33
412 415 5 8 554462
415 427 8 6 6399
415 487 3 4 96
427 428 2 4 95
427 431 4 3 81
427 487 2 10 12793143
427 424 7 4 358
428 429 10 4 468
428 432 9 3 110
481 482 5 4 272
482 488 7 8 422275
483 484 2 10 9963181
483 485 9 4 585
484 492 7 6 8094
485 486 3 2 11
486 487 1 6 3860
489 490 10 3 106
490 491 4 7 20942
490 492 9 5 2350
493 508 3 4 173
494 495 3 3 25
494 507 5 7 40909
496 497 9 4 218
496 62 6 5 760
497 498 9 2 36
497 499 3 4 74
499 501 5 5 701
501 447 9 6 26923
502 511 9 6 8928
503 450 4 3 22
504 505 1 4 105
504 506 5 5 2728
505 508 6 8 701112
505 509 6 4 220
506 507 8 3 130
509 510 5 6 22648
509 511 4 4 147
7 8 6 5 2332
7 6 4 6 5900
10 9 4 3 44
10 11 3 4 218
13 12 7 7 65874
12 14 4 5 2320
144 38 6 4 503
144 145 8 1 7
38 39 10 4 244
89 68 2 5 820
89 88 6 4 379
68 40 4 5 1419
68 102 7 4 485
40 41 10 3 60
40 81 4 6 17068
102 50 7 6 6015
50 51 3 7 84270
41 95 4 6 8355
81 146 3 4 170
95 456 5 4 185
95 143 9 3 171
95 146 8 5 2504
146 410 6 5 2593
43 42 2 3 32
133 130 1 6 3089
128 117 1 7 9118
128 132 8 5 1907
117 129 9 5 1099
117 110 1 8 284120
132 130 2 2 5
129 127 2 3 13
127 44 2 6 7064
130 131 3 5 411
44 45 9 9 4318653
110 109 2 7 26774
110 126 5 4 190
109 112 6 4 660
62 49 10 6 23915
62 61 5 4 206
48 49 6 3 33
75 74 4 5 1132
77 78 1 5 284
80 79 1 6 2016
92 90 4 7 49440
82 83 5 7 31602
83 91 9 7 65560
91 90 5 4 327
90 93 3 5 855
93 94 7 6 20603
85 84 1 5 131
84 86 3 6 2560
84 87 6 3 38
86 87 9 2 41
104 103 4 6 6946
148 147 1 6 2516
147 149 9 4 486
150 153 6 3 82
150 151 5 5 2230
152 153 10 5 1596
398 397 6 8 873887
401 402 6 4 426
401 403 8 5 3473
406 407 2 2 8
416 407 4 4 168
413 434 10 2 19
413 414 4 4 248
433 434 1 6 3221
418 417 10 4 532
419 420 7 5 1184
419 430 4 4 146
421 422 2 3 32
421 423 8 3 137
424 425 8 3 59
424 426 10 2 22
424 438 8 3 112
438 437 1 5 153
437 439 3 4 157
454 453 8 5 1182
454 435 3 5 812
453 455 1 4 23
455 460 9 2 34
435 436 5 6 4150
460 463 7 6 14932
463 462 8 3 47
461 462 9 4 297
461 464 5 4 240
464 466 10 3 65
466 467 1 5 348
452 451 3 4 95
452 440 8 3 58
451 459 9 4 323
459 473 5 5 817
440 441 1 6 1511
473 472 5 4 114
442 443 9 2 19
448 444 10 4 544
444 445 5 3 62
465 445 5 3 30
465 468 7 6 6023
468 469 3 4 217
469 470 5 5 2037
470 471 10 1 10
447 446 8 3 48
450 449 3 4 244
458 457 8 4 829
476 474 9 2 36
476 477 6 6 5747
474 475 6 5 803
477 478 8 2 36
479 480 10 4 748
284 177 10 3 211
391 291 6 4 211
397 161 4 5 670
376 187 10 3 63
322 42 2 6 5844
399 318 1 5 509
463 89 5 3 70
343 194 10 6 13464
437 265 1 6 1336
239 53 2 4 93
411 475 7 4 391
21 372 1 8 104854
508 449 10 3 126
24 51 5 4 457
54 280 5 5 3304
261 73 8 4 885
2 307 4 5 1556
476 36 6 3 83
374 231 3 4 106
483 72 4 4 304
188 248 7 4 325
326 346 9 4 229
458 449 2 3 28
435 58 9 5 2817
225 130 7 5 1270
484 174 10 2 48
322 33 6 3 91
369 191 6 5 3382
330 20 5 4 343
324 21 10 5 2107
18 385 6 6 14685
252 297 9 4 901
7 178 3 2 6
30 43 7 5 1247
397 191 7 2 15
450 80 4 4 221
458 335 1 4 40
171 48 8 5 1632
485 267 1 4 57
104 136 6 4 177
47 507 10 6 28532
302 429 3 6 5320
424 132 5 3 50
55 69 7 4 295
81 28 4 3 83
346 114 1 8 169273
84 284 3 4 140
57 44 1 5 130
112 358 2 4 64
103 252 3 3 30
202 401 9 4 943
106 343 8 3 122
297 285 7 3 40
47 27 9 4 245
391 38 8 6 7856
292 297 8 4 216
292 334 1 7 9810
149 56 10 6 18929
56 464 9 5 1486
252 487 1 5 290
491 427 10 6 16586
112 439 6 4 134
62 365 1 5 180
315 75 1 7 16153
445 373 9 2 31
373 228 9 1 9
459 103 3 4 84
5 34 3 5 1823
357 412 2 4 51
195 208 8 3 56
362 282 8 3 127
282 132 5 5 2053
292 358 8 4 569
130 16 4 5 1376
354 48 2 5 344
329 398 7 6 10581
107 143 9 5 1557
302 8 3 3 36
437 468 3 5 1115
391 24 8 4 244
70 453 9 4 455
428 250 10 2 38
427 93 3 6 2273
235 500 10 4 803
476 259 4 4 187
140 144 2 3 39
373 167 3 4 289
413 463 7 2 22
100 419 1 4 106
67 49 8 4 667
148 127 4 4 257
227 117 6 3 56
147 283 9 5 2855
464 193 8 2 42
281 305 9 5 5511
168 300 1 3 20
456 265 3 6 11687
74 34 5 2 16
228 497 2 7 14714
84 178 5 4 328
47 339 9 5 1875
137 364 9 7 50607
419 487 10 2 46
497 260 4 2 19
432 171 2 5 227
104 329 10 4 269
16 90 9 4 256
14 244 8 3 114
56 483 4 7 31903
175 2 8 1 14
151 442 9 5 1586
372 443 10 5 2504
460 285 8 4 317
372 171 9 2 33
267 357 4 6 4553
336 274 9 3 51
235 63 5 4 155
279 71 1 5 165
251 475 4 3 33
440 88 5 4 152
169 453 3 2 10
172 264 9 3 124
51 471 10 1 10
503 172 5 6 4098
175 199 4 7 39881
230 291 7 7 110554
16 205 3 5 632
339 82 9 5 1302
449 137 5 2 24
119 372 2 4 100
499 126 3 5 353
485 290 4 6 11399
181 127 6 3 130
505 298 7 2 25
290 489 3 2 13
34 249 3 4 112
179 277 10 4 767
440 73 9 4 249
343 395 5 2 22
87 478 9 4 404
316 6 7 4 718
307 144 8 4 241
308 435 2 2 6
233 510 9 4 399
126 354 8 5 1400
272 162 7 4 232
135 122 3 3 27
365 389 9 6 20949
235 479 8 2 33
125 110 6 6 5726
289 302 5 5 2540
13 387 2 4 115
345 228 9 2 19
10 105 5 5 1759
311 286 6 3 130
126 229 7 4 574
286 221 8 1 14
171 11 9 2 20
172 342 6 5 2684
245 407 9 7 89719
63 188 3 5 1181
253 232 6 3 36
435 104 2 5 298
87 138 3 5 382
30 432 4 3 26
476 53 4 4 140
107 103 4 3 60
409 12 5 3 81
344 183 5 4 264
440 85 6 2 23
210 133 4 2 8
45 192 2 4 114
352 234 5 4 283
354 440 6 5 1017
28 170 5 5 714
281 2 10 6 7529
361 251 5 8 563890
35 364 4 3 62
433 81 10 4 297
281 159 5 4 360
495 148 4 7 28245
316 239 9 3 80
143 130 3 5 1122
26 136 9 5 1177
424 419 9 6 10349
395 202 8 4 231
136 352 2 5 514
380 360 4 5 815
146 72 1 6 4660
424 450 4 6 6165
147 425 5 3 58
451 285 6 3 86
195 101 8 1 7
457 177 8 5 1007
81 208 5 3 81
182 200 7 3 69
436 509 10 4 676
29 18 2 6 1765
149 453 1 7 7148
330 473 5 5 950
73 53 10 4 533
340 196 6 4 213
256 444 1 5 125
270 428 8 5 4577
407 87 6 8 426599
346 295 5 6 10609
78 410 9 3 69
87 205 3 3 58
331 59 10 5 5495
45 83 7 2 14
411 217 8 3 96
262 497 5 5 978
267 226 5 4 254
456 426 2 4 88
321 505 1 3 8
479 424 7 5 905
488 420 9 1 6
236 272 1 6 4386
507 217 9 4 408
366 165 9 3 108
227 338 3 4 90
228 346 7 4 358
488 324 10 4 379
116 214 5 3 29
499 343 8 4 415
155 118 7 5 1734
480 256 9 3 193
176 478 6 2 16
375 389 8 7 134922
139 438 1 5 195
366 395 2 4 91
42 36 10 4 1067
470 372 10 5 1255
127 490 7 3 131
407 209 7 3 61
455 68 4 7 32411
222 99 8 1 8
351 55 2 3 34
418 87 2 5 805
254 89 8 4 552
256 83 1 4 54
225 147 4 5 593
73 89 8 4 373
376 270 6 2 20
415 507 6 6 7516
414 382 2 4 177
319 321 4 5 745
257 29 5 4 160
312 374 3 5 541
43 150 9 4 361
82 423 2 5 1384
226 280 9 7 44619
125 299 9 3 104
202 220 5 7 27801
290 116 10 3 133
130 118 2 5 321
358 76 10 5 3134
243 500 2 6 1998
163 155 2 4 205
445 227 8 5 1048
240 177 6 5 3382
299 246 5 3 103
347 136 5 3 51
211 323 10 2 23
318 227 7 4 401
174 222 8 9 7826158
35 492 8 5 1806
441 58 7 1 6
196 346 3 4 102
511 236 5 5 632
485 390 7 3 120
104 59 9 4 670
479 450 6 4 328
138 5 9 4 314
37 172 7 1 6
138 363 8 3 53
242 4 3 6 5869
482 154 5 5 2202
149 188 2 5 1379
99 460 10 5 1411
425 450 8 4 453
357 26 2 4 169
161 115 6 5 3182
381 37 5 4 471
132 19 8 5 932
187 142 9 3 95
491 238 7 7 83848
159 315 8 4 216
210 320 2 5 231
412 304 3 2 8
455 221 8 5 4274
206 67 5 6 15116
49 231 8 3 139
148 56 2 9 3627497
418 274 6 5 1261
101 374 1 9 727958
262 368 3 5 378
508 424 6 4 381
337 46 2 3 44
509 305 5 5 2787
204 60 3 6 13912
96 195 5 5 1467
339 139 4 8 441216
437 348 1 7 6116
121 269 3 3 55
246 328 1 4 29
484 17 10 3 162
69 250 9 7 137267
402 7 2 5 572
129 389 10 4 313
119 123 1 8 64594
197 210 3 8 334024
363 165 6 4 196
87 5 10 5 1355
221 486 2 3 28
247 221 7 7 277200
413 265 5 1 6
111 499 5 2 24
448 258 5 2 9
49 166 6 5 2139
110 115 4 7 28272
26 425 8 5 974
72 204 6 5 946
315 355 5 2 19
189 99 5 5 2307
509 155 2 5 384
483 167 5 4 280
82 471 4 2 19
145 45 5 7 40453
297 442 5 3 29
55 250 5 5 3276
288 110 6 3 105
445 503 8 3 145
503 235 7 4 355
332 103 10 4 453
489 487 9 5 3479
127 123 9 3 124
358 357 4 8 652638
330 332 7 1 8
501 372 5 5 903
253 133 10 1 17
78 174 7 4 424
337 445 5 5 3439
85 334 7 4 250
498 277 4 4 193
210 80 2 8 101082
42 223 6 6 5140
168 27 5 4 121
160 87 3 5 397
55 270 3 2 9
36 223 2 6 9784
314 10 6 2 15
410 213 9 1 14
484 485 6 1 8
309 28 9 3 177
10 219 8 4 219
69 297 2 6 2347
18 402 6 5 1813
457 206 3 6 7782
319 504 7 8 456389
401 246 2 6 2224
422 501 4 4 294
26 11 2 3 32
245 501 4 5 1550
211 451 4 3 62
7 275 8 2 15
293 502 3 4 168
340 55 8 3 143
385 449 4 6 17530
474 142 5 3 58
186 407 2 4 107
116 149 10 3 56
83 372 6 4 533
228 281 2 7 63190
265 65 7 6 12139
230 241 1 6 836
435 123 10 4 902
288 386 6 6 5434
497 427 2 4 124
452 23 6 8 652945
256 360 3 5 1182
227 132 9 4 260
352 378 5 4 278
294 84 8 1 9
434 225 7 6 26222
26 289 1 8 184336
415 461 8 4 689
231 103 10 4 352
58 371 8 3 156
109 176 7 3 58
445 329 10 2 50
255 165 1 3 7
219 451 8 5 1109
162 205 6 5 1707
491 62 9 4 276
7 308 5 3 50
18 332 2 3 42
76 390 6 5 759
197 166 1 4 29
235 507 9 6 19331
116 328 2 3 13
197 207 4 8 1225798
109 115 10 5 1638
412 293 3 5 948
350 270 3 7 16392
112 330 8 3 147
94 410 4 3 58
244 108 6 2 26
430 322 1 8 255263
38 287 8 5 1541
413 145 6 4 421
132 195 4 5 728
366 374 8 4 198
276 123 7 3 132
72 257 2 4 97
83 370 10 4 642
94 1 2 5 440
125 184 7 6 7073
322 156 7 2 34
427 192 5 4 184
107 214 5 4 188
399 122 9 2 27
121 386 3 5 590
219 414 1 5 502
430 401 9 7 356459
363 468 6 4 235
209 498 10 3 160
481 116 4 4 150
123 216 5 5 912
377 330 4 4 189
450 12 3 5 643
432 20 3 5 848
470 270 5 6 5732
337 139 4 2 16
301 389 4 3 54
135 200 2 5 1266
159 50 5 5 2571
359 397 8 3 119
33 149 8 4 236
136 288 9 8 584733
413 16 5 4 352
463 182 1 2 5
198 105 4 8 840216
49 140 2 5 324
33 261 6 6 10516
305 456 1 4 67
349 1 6 5 1518
504 327 8 5 957
286 335 6 6 9196
283 48 2 4 67
60 394 9 4 291
227 316 8 5 3142
436 460 9 2 32
88 61 10 4 1038
100 508 7 4 696
477 260 2 4 130
153 235 8 3 69
315 224 2 3 15
418 362 1 5 226
349 509 7 5 828
35 59 4 4 430
77 252 3 7 33964
461 97 1 4 98
411 182 1 5 568
509 70 5 6 4524
184 381 1 7 8635
316 475 9 3 125
199 51 2 5 430
239 85 1 3 18
495 137 4 4 378
178 75 7 5 1562
49 269 7 4 179
473 106 7 3 110
276 111 8 5 1289
441 332 1 6 1284
205 450 9 5 1694
65 173 3 3 22
154 383 4 2 20
63 404 10 2 52
171 161 3 6 2583
118 224 3 3 27
435 190 2 5 940
108 470 3 7 111271
463 209 3 6 7607
147 93 7 1 12
120 408 2 4 80
370 455 9 6 25288
238 401 9 3 67
376 455 4 3 29
468 266 10 2 21
282 469 1 7 6127
200 118 2 4 144
239 435 8 3 73
29 477 1 5 124
183 3 4 3 48
232 241 8 7 60399
160 491 9 6 7238
384 176 1 7 16176
303 407 10 4 331
244 2 8 4 286
90 477 5 3 52
269 160 7 7 57286
9 255 6 6 5092
500 323 4 6 6489
226 17 4 9 3952516
162 100 1 5 578
442 354 6 5 692
254 56 6 4 267
177 70 9 8 781693
283 413 7 6 5936
467 303 1 4 30
506 52 7 4 690
402 315 5 7 31964
44 66 5 9 2614069
205 376 2 7 14265
78 375 6 7 45001
45 468 4 4 402
300 11 2 6 6525
288 143 3 4 234
238 91 4 6 4930
423 101 10 3 95
159 455 8 3 76
46 77 3 5 478
438 456 7 5 1311
168 438 1 4 91
228 205 5 9 2345354
60 109 2 7 70437
97 31 6 2 24
56 135 1 9 1643546
215 138 6 6 6084
305 446 9 2 44
195 390 6 5 1037
181 508 1 3 19
511 454 7 3 146
388 279 8 2 16
13 343 2 8 373538
132 121 5 4 379
420 165 1 4 110
279 398 9 7 91303
334 466 7 4 372
76 96 6 2 22
397 429 5 4 291
271 172 5 5 1491
297 357 2 7 27542
398 305 1 5 694
266 449 3 4 141
380 322 1 5 167
511 252 4 3 45
412 136 3 5 375
273 453 4 5 613
440 111 5 5 967
88 261 2 4 204
40 321 10 4 429
221 370 5 6 11550
200 348 5 5 1213
141 425 9 7 169042
461 442 8 3 88
496 325 5 1 7
504 467 6 4 231
148 320 9 4 760
274 53 2 3 28
133 312 9 3 156
166 318 9 4 200
326 491 7 4 589
131 60 2 5 1321
336 448 3 5 600
392 136 10 4 558
64 75 2 8 304210
211 433 7 6 5546
405 393 8 4 328
415 14 5 6 7012
475 69 3 5 1225
125 335 8 4 397
481 214 4 6 16515
125 1 5 4 484
345 352 6 1 10
511 191 3 2 10
398 405 9 4 205
204 231 2 3 22
61 220 5 5 3029
359 498 3 4 150
413 159 6 5 852
4 62 1 6 792
458 351 4 6 8443
218 325 2 4 82
184 488 1 9 588025
131 327 1 6 2638
29 210 4 3 54
74 138 10 7 342566
48 333 4 4 89
110 339 3 6 6093
408 186 9 2 20
340 441 7 4 158
251 446 3 5 470
31 254 7 6 22656
336 79 8 4 354
111 375 7 5 3078
199 351 3 5 1906
258 429 10 3 166
503 484 10 2 47
152 452 5 9 8299796
247 166 5 4 150
460 442 3 5 1468
81 489 10 4 690
91 476 5 3 86
202 449 1 3 20
137 230 7 5 892
147 127 9 3 112
229 424 5 5 589
462 27 4 5 1086
387 140 10 5 3330
322 160 1 4 64
177 218 4 3 52
53 275 4 4 137
268 37 5 5 1033
330 88 1 3 19
107 462 5 5 1013
508 252 3 2 13
343 78 5 5 580
385 88 2 5 287
403 66 2 4 69
424 490 8 6 18007
266 293 7 5 3558
177 182 2 3 11
149 4 6 3 49
423 324 10 7 78145
504 180 10 5 2934
457 115 9 4 293
493 85 6 4 137
257 240 6 3 76
470 36 6 8 1568003
179 507 9 5 1241
473 504 3 4 83
125 304 6 3 132
363 434 6 5 1453
175 87 3 6 4130
183 464 9 2 22
186 482 6 8 649503
146 458 6 3 54
51 209 10 4 371
413 464 4 5 1174
331 130 1 7 5264
194 161 4 4 266
345 204 4 3 52
342 194 8 3 159
10 115 1 6 986
160 432 1 6 1283
215 229 6 4 632
484 191 2 4 116
41 250 7 3 57
339 86 9 5 1025
244 91 8 7 308756
61 236 9 5 1877
190 394 2 4 59
125 6 5 4 390
508 205 8 4 196
248 408 8 3 52
411 280 6 3 37
262 392 3 3 29
400 392 2 5 1312
386 265 7 3 78
174 34 9 3 180
96 121 5 4 143
263 96 7 4 173
410 447 6 4 176
306 460 7 4 202
191 279 7 5 3258
35 83 3 2 11
192 242 2 4 138
369 247 3 8 172127
350 153 5 6 4907
479 274 2 7 24774
26 418 1 6 1204
301 269 6 2 25
390 181 8 5 2570
316 65 8 2 39
85 146 2 3 12
356 361 4 5 591
241 163 10 3 164
284 239 1 5 116
364 384 9 5 1816
70 284 4 5 931
248 479 10 5 2053
483 142 4 1 5
38 189 3 5 1752
407 298 5 2 13
285 240 1 4 108
22 131 4 3 60
427 98 6 5 3765
293 274 4 5 636
119 489 3 4 134
332 489 10 3 213
283 245 4 3 57
358 491 10 1 8
283 272 4 3 62
162 72 8 5 2197
207 259 10 2 22
246 89 3 6 2751
359 59 2 5 1334
71 492 10 4 733
39 234 9 9 7474541
297 212 9 6 29849
256 326 4 5 1424
400 423 1 8 95478
418 165 9 5 2213
461 334 7 4 161
451 500 3 3 60
63 480 9 5 3564
276 339 1 4 70
141 172 5 4 550
299 64 9 6 6627
93 402 6 5 687
90 165 1 4 30
433 169 8 4 683
445 468 2 5 670
367 36 5 4 226
375 508 1 4 37
225 288 9 3 123
82 296 3 6 12974
156 481 10 2 18
366 8 9 3 172
100 420 1 5 115
264 109 4 4 404
92 14 10 3 157
134 35 6 6 7364
414 441 1 3 19
187 57 5 6 12081
42 133 3 2 10
473 266 1 4 38
458 119 10 7 190137
192 360 8 3 77
94 81 3 6 3678
216 13 5 3 43
76 173 10 2 36
120 454 7 3 56
343 60 1 6 809
192 460 7 7 145980
184 465 7 4 477
69 61 2 4 201
487 247 10 2 32
266 308 4 4 185
423 257 5 5 748
421 192 9 4 841
143 98 10 7 94455
89 380 2 3 20
228 398 7 3 68
312 208 10 5 2578
51 506 3 3 17
373 53 7 4 238
494 121 1 7 6281
329 228 9 2 28
86 229 5 3 33
476 119 6 4 176
76 148 4 3 38
58 21 9 4 299
443 33 5 6 5745
233 353 3 7 30078
141 25 9 3 112
195 58 6 3 111
287 178 7 3 137
181 421 6 4 227
419 33 8 2 25
386 116 9 3 173
163 39 3 4 267
185 33 9 2 25
185 471 6 5 3757
186 5 3 7 112282
452 308 6 2 11
382 35 1 7 8563
172 211 2 3 37
260 59 3 6 7716
333 111 10 7 73498
57 59 10 5 1516
202 115 7 3 139
141 195 9 1 12
510 426 9 4 738
444 365 2 6 2508
39 406 10 4 266
115 421 6 3 123
317 45 3 3 62
161 54 5 5 939
459 283 3 5 1731
299 249 7 4 678
3 507 9 1 11
229 428 10 4 286
29 73 2 5 308
330 30 9 4 205
398 118 1 4 88
223 402 3 9 1896788
158 29 5 7 24990
235 346 5 4 217
361 212 1 5 538
112 326 4 3 35
345 235 7 5 846
358 223 1 5 191
86 283 2 3 13
467 161 3 3 28
473 223 2 6 1518
29 209 6 4 191
376 243 1 5 586
72 50 6 3 90
349 439 8 3 114
308 170 4 2 14
140 271 6 6 16244
279 3 3 5 1028
207 34 10 5 1739
32 332 3 4 133
149 170 9 3 59
183 54 1 5 134
325 171 5 3 82
91 163 2 3 42
40 473 2 4 186
363 384 8 2 30
268 451 1 4 98
399 15 3 7 43907
356 368 2 5 286
486 70 6 4 439
105 340 6 4 616
435 24 8 3 93
508 242 9 2 33
417 254 4 5 2636
386 441 3 4 129
89 423 2 3 31
390 24 10 5 4697
504 122 8 4 763
186 208 6 5 1148
70 485 1 3 14
165 337 8 3 161
18 30 10 6 21177
169 36 10 3 198
212 392 8 2 20
248 453 1 4 27
169 310 4 5 644
495 378 1 6 4244
241 469 4 6 16871
179 231 3 4 188
119 322 2 5 766
411 311 3 5 823
227 258 4 5 969
160 45 8 4 465
463 202 5 4 148
208 153 4 4 270
140 420 2 6 8217
198 185 7 2 37
154 510 8 5 1017
314 121 6 2 12
251 401 9 4 626
100 409 7 5 2109
112 412 3 3 20
28 505 4 5 562
296 137 5 2 12
495 323 7 6 6627
43 180 4 4 121
159 171 2 5 624
109 281 1 5 393
232 145 6 3 55
381 27 6 6 29020
140 401 5 5 1394
103 320 2 5 786
86 459 3 3 28
489 382 2 5 298
185 52 6 5 1372
127 172 1 4 47
456 357 3 3 24
355 326 9 4 312
9 219 9 8 627824
160 508 4 5 469
303 177 6 5 2281
463 456 6 5 903
163 224 7 5 1146
233 28 2 2 10
142 354 9 3 100
269 336 4 4 151
258 44 2 5 273
341 396 3 4 157
436 81 2 4 59
232 130 4 6 3439
60 340 1 4 25
145 318 9 4 228
487 498 6 8 621736
165 470 8 4 363
123 193 6 2 30
128 495 10 5 1399
465 349 6 6 14323
146 365 4 7 51446
425 335 5 4 189
425 197 7 3 50
9 241 1 5 142
128 424 9 7 78527
140 125 2 4 212
143 503 6 3 33
109 200 3 4 74
100 10 3 5 713
358 496 10 5 1419
42 454 9 4 777
463 107 6 3 65
239 177 10 4 664
511 267 8 3 73
498 163 10 4 222
281 392 4 4 416
436 508 8 7 137919
270 121 8 4 582
289 495 9 4 669
327 260 5 3 35
288 510 7 5 1988
13 86 5 4 240
484 104 7 4 741
76 320 10 6 11679
34 270 7 4 633
417 262 5 5 835
339 117 8 4 776
310 380 10 5 5101
112 259 5 5 723
26 406 5 3 86
255 223 3 6 2191
45 291 2 4 58
225 344 9 5 1840
440 106 9 4 425
143 484 2 4 178
354 419 1 4 98
419 206 3 4 235
119 339 9 5 1052
226 436 9 3 148
439 497 6 4 324
194 26 6 2 28
100 262 2 4 80
77 56 10 3 70
391 338 4 5 2014
197 35 6 6 9624
505 417 2 6 2264
508 260 5 3 67
134 480 2 4 51
209 492 10 3 64
463 286 4 4 321
121 55 1 5 137
94 58 7 3 97
174 474 3 4 121
131 54 4 4 137
164 145 10 3 192
288 487 10 3 88
310 363 3 3 55
79 402 9 2 18
178 332 10 5 1997
3 218 8 5 1334
70 382 7 2 31
331 321 9 7 172637
357 509 8 4 231
187 274 3 3 66
179 105 10 4 967
292 415 6 5 1685
153 385 7 3 88
98 383 6 5 1523
250 191 4 10 21381651
80 417 7 4 471
165 178 4 4 147
296 247 5 2 9
66 366 4 5 1415
185 205 10 8 677486
39 301 2 8 80562
495 509 9 4 365
324 396 4 4 357
484 215 5 3 107
461 40 8 7 260599
468 365 6 4 154
421 91 2 6 3606
478 225 7 4 250
259 305 5 5 782
64 82 10 5 1614
357 475 6 2 21
89 270 2 5 1355
296 90 3 7 39800
428 311 10 4 707
473 126 9 3 159
348 165 2 5 321
245 192 2 5 390
53 264 10 4 720
252 453 3 3 40
13 167 6 3 75
245 367 10 3 77
65 488 3 5 1207
178 501 3 3 55
55 321 6 3 39
217 504 5 4 267
280 176 5 7 116544
472 426 1 4 41
260 434 8 4 276
54 13 8 6 6425
118 10 7 3 128
164 315 2 6 3738
203 425 10 5 2710
460 428 1 4 105
106 164 6 5 2202
342 261 10 4 1133
343 26 7 3 107
188 194 6 5 1259
501 128 5 4 438
265 301 3 4 318
106 340 4 3 42
449 100 3 5 1891
25 280 7 3 42
