0 0 9 2 21
0 1 1 6 2772
0 2 9 2 18
0 3 3 4 92
0 4 4 3 22
0 5 2 4 106
0 6 8 5 1342
0 7 4 6 5913
0 8 9 3 59
0 9 1 4 106
0 10 9 2 42
0 11 2 5 792
0 12 7 7 117620
0 13 6 5 2341
0 14 8 4 193
0 15 9 2 35
0 16 10 5 1722
0 17 2 4 157
0 18 8 5 2769
0 19 5 4 184
0 20 10 3 62
0 21 7 4 668
0 22 8 3 73
0 23 6 3 47
0 24 3 3 54
0 25 4 5 1103
0 26 8 4 231
0 27 10 2 26
0 28 5 3 38
0 29 7 2 26
0 30 10 3 97
0 31 9 6 12165
0 32 8 4 210
0 33 9 2 31
0 34 4 3 79
0 35 9 4 450
0 36 4 4 93
0 37 7 6 7403
0 38 8 4 286
0 39 10 3 87
0 40 1 4 43
0 41 3 5 1073
0 42 10 4 733
0 43 6 6 6258
0 44 7 3 86
0 45 10 2 46
0 46 9 2 38
0 47 7 6 5176
0 48 4 2 20
0 49 4 3 75
0 50 6 4 188
0 51 3 4 100
0 52 9 3 54
0 53 6 2 26
0 54 6 6 12776
0 55 4 4 113
0 56 2 5 353
0 57 1 6 1725
0 58 5 3 49
0 59 4 5 1488
0 60 9 2 29
0 61 9 3 121
0 62 1 4 59
0 63 8 2 21
1 0 7 4 424
1 1 2 3 41
1 2 6 3 46
1 3 5 4 185
1 4 9 4 355
1 5 3 5 729
1 6 9 4 842
1 7 7 4 419
1 8 6 4 594
1 9 3 3 30
1 10 8 2 34
1 11 10 4 252
1 12 6 4 165
1 13 1 5 141
1 14 8 4 206
1 15 5 4 548
1 16 4 4 145
1 17 2 4 113
1 18 3 4 76
1 19 8 2 42
1 20 5 4 230
1 21 4 4 114
1 22 8 4 746
1 23 6 3 119
1 24 9 2 27
1 25 5 3 87
1 26 6 5 800
1 27 7 3 121
1 28 3 3 38
1 29 10 5 1392
1 30 5 3 104
1 31 8 2 27
1 32 3 4 163
1 33 6 3 106
1 34 5 5 1450
1 35 10 3 55
1 36 1 5 229
1 37 6 3 74
1 38 1 5 660
1 39 7 5 1299
1 40 4 5 1796
1 41 5 4 178
1 42 8 4 552
1 43 5 3 44
1 44 8 6 7420
1 45 10 3 205
1 46 3 4 197
1 47 2 4 124
1 48 6 3 66
1 49 9 3 169
1 50 4 3 71
1 51 5 6 4330
1 52 4 5 2323
1 53 3 5 1040
1 54 2 5 261
1 55 4 7 38477
1 56 2 4 81
1 57 8 4 177
1 58 7 3 56
1 59 5 4 133
1 60 8 3 149
1 61 8 4 470
1 62 3 3 45
1 63 9 3 58
2 0 5 3 88
2 1 7 2 13
2 2 6 4 375
2 3 10 3 54
2 4 10 2 40
2 5 4 7 77969
2 6 10 3 95
2 7 6 5 1605
2 8 5 4 445
2 9 10 2 37
2 10 2 3 11
2 11 9 5 3366
2 12 3 4 159
2 13 1 6 2268
2 14 8 4 180
2 15 6 3 114
2 16 2 4 86
2 17 7 3 75
2 18 6 4 442
2 19 5 3 81
2 20 6 3 132
2 21 4 4 180
2 22 3 7 33561
2 23 6 4 348
2 24 1 5 153
2 25 9 4 208
2 26 9 3 64
2 27 9 3 126
2 28 8 2 35
2 29 2 4 205
2 30 5 4 410
2 31 8 3 65
2 32 3 2 10
2 33 7 4 319
2 34 7 3 43
2 35 3 4 81
2 36 1 6 2555
2 37 10 4 236
2 38 1 4 53
2 39 8 4 233
2 40 7 3 53
2 41 8 3 88
2 42 7 5 1763
2 43 1 5 170
2 44 1 4 79
2 45 9 3 102
2 46 10 4 309
2 47 3 4 155
2 48 8 3 51
2 49 7 3 133
2 50 7 4 417
2 51 9 3 191
2 52 9 3 80
2 53 9 2 28
2 54 8 5 4117
2 55 4 5 1566
2 56 9 3 99
2 57 3 4 120
2 58 4 3 26
2 59 8 3 142
2 60 9 3 58
2 61 6 4 140
2 62 6 2 29
2 63 2 3 27
3 0 8 3 111
3 1 8 2 32
3 2 3 3 26
3 3 6 5 1375
3 4 9 3 52
3 5 6 3 35
3 6 3 3 27
3 7 7 4 435
3 8 2 3 22
3 9 9 2 42
3 10 9 4 241
3 11 2 4 134
3 12 7 4 173
3 13 1 5 227
3 14 3 3 45
3 15 1 4 61
3 16 6 4 599
3 17 3 3 53
3 18 8 3 73
3 19 6 4 301
3 20 5 6 6000
3 21 5 3 29
3 22 9 4 546
3 23 1 4 43
3 24 5 3 68
3 25 9 4 224
3 26 3 3 20
3 27 3 3 18
3 28 8 4 185
3 29 10 4 273
3 30 6 4 240
3 31 8 3 63
3 32 8 5 2487
3 33 3 3 50
3 34 10 4 1058
3 35 4 3 63
3 36 7 7 94645
3 37 4 5 1444
3 38 4 4 113
3 39 7 3 40
3 40 4 3 55
3 41 1 5 301
3 42 5 4 126
3 43 10 3 90
3 44 4 3 85
3 45 10 4 985
3 46 7 3 44
3 47 4 5 1319
3 48 1 5 248
3 49 8 2 20
3 50 1 6 1166
3 51 9 3 114
3 52 10 3 187
3 53 4 4 340
3 54 5 3 44
3 55 9 2 28
3 56 9 2 41
3 57 9 4 231
3 58 8 4 705
3 59 2 6 2793
3 60 3 1 5
3 61 3 3 61
3 62 3 4 241
3 63 9 3 68
4 0 8 4 177
4 1 10 1 8
4 2 7 4 555
4 3 4 3 23
4 4 4 3 34
4 5 9 3 74
4 6 7 3 86
4 7 9 3 53
4 8 2 3 29
4 9 4 2 14
4 10 6 3 50
4 11 9 4 983
4 12 8 4 673
4 13 1 4 34
4 14 4 3 33
4 15 1 3 20
4 16 8 3 152
4 17 5 3 58
4 18 3 4 257
4 19 6 3 88
4 20 10 2 42
4 21 3 3 62
4 22 10 3 77
4 23 8 5 1087
4 24 4 3 64
4 25 8 3 57
4 26 10 4 257
4 27 4 4 237
4 28 9 5 3935
4 29 2 7 11631
4 30 8 4 512
4 31 10 2 36
4 32 4 5 1839
4 33 9 3 78
4 34 6 6 15309
4 35 9 3 168
4 36 3 2 9
4 37 7 5 2210
4 38 4 3 28
4 39 1 4 40
4 40 5 3 64
4 41 5 4 130
4 42 9 5 3055
4 43 7 2 21
4 44 3 4 242
4 45 2 5 850
4 46 2 6 2211
4 47 8 2 42
4 48 9 5 1169
4 49 2 3 38
4 50 1 5 232
4 51 5 2 22
4 52 8 4 361
4 53 2 3 11
4 54 1 4 78
4 55 6 3 67
4 56 1 4 79
4 57 9 4 815
4 58 7 5 1106
4 59 7 3 48
4 60 1 4 26
4 61 10 3 131
4 62 4 5 1535
4 63 7 4 183
5 0 6 3 115
5 1 10 5 3604
5 2 2 4 53
5 3 6 5 1955
5 4 8 2 26
5 5 4 3 57
5 6 10 4 462
5 7 8 4 464
5 8 8 4 307
5 9 8 3 61
5 10 9 4 229
5 11 7 3 129
5 12 5 3 46
5 13 4 3 50
5 14 3 3 50
5 15 3 4 87
5 16 2 3 43
5 17 8 3 143
5 18 7 3 65
5 19 1 5 230
5 20 5 3 89
5 21 6 4 169
5 22 4 3 62
5 23 7 2 37
5 24 6 3 72
5 25 6 3 70
5 26 7 3 53
5 27 9 3 187
5 28 2 8 336248
5 29 5 3 69
5 30 1 4 50
5 31 7 4 198
5 32 4 5 1271
5 33 9 3 50
5 34 10 3 106
5 35 5 5 685
5 36 3 4 254
5 37 5 5 641
5 38 3 6 6533
5 39 9 3 91
5 40 6 2 22
5 41 4 7 112555
5 42 10 2 50
5 43 4 4 316
5 44 10 3 136
5 45 9 3 117
5 46 3 4 117
5 47 4 4 165
5 48 9 2 34
5 49 4 5 1414
5 50 10 3 131
5 51 4 3 28
5 52 1 5 455
5 53 8 3 60
5 54 7 6 10935
5 55 1 4 58
5 56 6 4 260
5 57 1 6 2409
5 58 6 4 189
5 59 1 5 247
5 60 7 3 54
5 61 10 3 187
5 62 10 3 60
5 63 4 4 348
6 0 9 2 20
6 1 3 5 1925
6 2 10 4 336
6 3 6 3 40
6 4 7 3 97
6 5 6 3 127
6 6 10 4 741
6 7 9 1 13
6 8 7 6 6263
6 9 3 3 46
6 10 6 2 25
6 11 9 5 2561
6 12 4 5 773
6 13 3 5 549
6 14 10 6 9962
6 15 4 3 63
6 16 5 3 68
6 17 9 3 127
6 18 6 4 235
6 19 2 4 104
6 20 8 2 42
6 21 3 4 129
6 22 3 4 115
6 23 5 2 24
6 24 3 5 1788
6 25 7 3 39
6 26 2 5 906
6 27 6 3 80
6 28 6 4 331
6 29 10 3 220
6 30 3 4 78
6 31 4 1 5
6 32 10 3 89
6 33 3 4 222
6 34 5 5 1056
6 35 9 2 24
6 36 2 3 33
6 37 10 5 1441
6 38 2 3 23
6 39 9 4 715
6 40 2 3 22
6 41 4 5 493
6 42 7 3 55
6 43 3 5 352
6 44 6 3 45
6 45 2 4 104
6 46 3 3 38
6 47 1 3 21
6 48 2 4 59
6 49 6 4 304
6 50 6 5 2724
6 51 8 4 405
6 52 3 3 59
6 53 4 5 1259
6 54 6 3 33
6 55 6 3 33
6 56 3 3 29
6 57 3 3 34
6 58 6 3 57
6 59 9 3 157
6 60 4 4 204
6 61 10 3 117
6 62 5 2 26
6 63 8 4 286
7 0 10 3 57
7 1 2 4 105
7 2 1 5 186
7 3 5 6 6733
7 4 7 2 16
7 5 7 2 32
7 6 2 6 1693
7 7 10 3 106
7 8 1 5 191
7 9 1 5 221
7 10 8 5 2445
7 11 6 6 15393
7 12 9 3 68
7 13 10 1 13
7 14 4 3 42
7 15 5 5 640
7 16 7 4 318
7 17 9 3 93
7 18 1 7 13995
7 19 8 6 5944
7 20 9 3 140
7 21 2 4 190
7 22 5 4 131
7 23 5 2 24
7 24 3 6 2349
7 25 6 3 74
7 26 5 6 4190
7 27 5 3 105
7 28 1 4 111
7 29 7 6 8278
7 30 1 5 443
7 31 6 4 589
7 32 8 4 182
7 33 3 3 48
7 34 2 8 99278
7 35 6 5 3947
7 36 3 5 531
7 37 6 4 235
7 38 3 3 24
7 39 2 6 7161
7 40 8 3 66
7 41 5 3 75
7 42 4 6 4935
7 43 10 3 198
7 44 6 6 8259
7 45 5 3 47
7 46 2 5 384
7 47 6 5 1184
7 48 6 5 1566
7 49 7 2 22
7 50 4 3 72
7 51 7 5 2806
7 52 3 5 399
7 53 9 4 339
7 54 3 4 215
7 55 4 3 65
7 56 5 2 26
7 57 4 4 179
7 58 5 4 131
7 59 7 2 26
7 60 3 4 71
7 61 2 3 36
7 62 9 4 556
7 63 4 3 36
8 0 9 3 73
8 1 7 5 2095
8 2 3 3 58
8 3 10 3 121
8 4 9 4 224
8 5 6 4 280
8 6 10 2 27
8 7 5 3 77
8 8 10 4 291
8 9 5 4 484
8 10 10 3 109
8 11 9 3 122
8 12 1 4 95
8 13 3 4 215
8 14 6 2 20
8 15 9 3 68
8 16 2 4 158
8 17 5 2 24
8 18 8 4 688
8 19 4 4 347
8 20 9 3 135
8 21 7 5 2069
8 22 7 5 839
8 23 9 3 178
8 24 2 5 255
8 25 6 2 23
8 26 6 2 13
8 27 6 3 77
8 28 5 4 190
8 29 2 6 3697
8 30 3 4 67
8 31 1 4 72
8 32 10 2 39
8 33 5 3 43
8 34 8 6 19245
8 35 6 4 238
8 36 6 6 19724
8 37 1 8 44643
8 38 8 4 180
8 39 1 4 29
8 40 7 4 463
8 41 4 4 156
8 42 8 4 186
8 43 4 3 38
8 44 6 2 27
8 45 1 4 95
8 46 5 4 356
8 47 5 3 89
8 48 4 3 37
8 49 3 3 43
8 50 7 4 524
8 51 10 3 131
8 52 4 4 93
8 53 8 6 14892
8 54 8 2 40
8 55 10 4 255
8 56 1 7 13290
8 57 10 2 21
8 58 6 3 108
8 59 6 4 598
8 60 9 2 20
8 61 2 4 197
8 62 10 4 380
8 63 7 4 260
9 0 9 3 90
9 1 2 4 107
9 2 6 1 7
9 3 9 4 233
9 4 10 2 47
9 5 2 4 201
9 6 3 6 3263
9 7 10 3 208
9 8 1 5 141
9 9 3 3 31
9 10 10 2 26
9 11 8 3 144
9 12 1 4 41
9 13 4 3 51
9 14 9 4 214
9 15 7 3 60
9 16 9 5 2163
9 17 9 2 37
9 18 4 3 34
9 19 5 4 182
9 20 5 3 35
9 21 6 2 20
9 22 7 5 835
9 23 5 6 17951
9 24 4 4 347
9 25 3 3 39
9 26 6 4 318
9 27 8 2 34
9 28 3 4 68
9 29 4 4 95
9 30 5 4 224
9 31 2 5 1004
9 32 6 3 39
9 33 1 6 885
9 34 7 5 1836
9 35 7 3 95
9 36 4 6 6436
9 37 2 3 25
9 38 1 6 1184
9 39 1 4 40
9 40 5 3 28
9 41 9 5 1687
9 42 4 3 27
9 43 8 3 46
9 44 7 7 39907
9 45 4 4 244
9 46 6 5 2104
9 47 6 4 262
9 48 7 4 392
9 49 6 2 22
9 50 9 2 37
9 51 1 4 97
9 52 7 4 166
9 53 8 4 228
9 54 6 4 304
9 55 10 4 425
9 56 3 5 1043
9 57 7 3 126
9 58 8 2 16
9 59 8 4 687
9 60 7 3 42
9 61 7 3 38
9 62 5 4 112
9 63 8 5 935
10 0 7 5 1009
10 1 2 3 15
10 2 8 5 4169
10 3 1 5 154
10 4 1 4 36
10 5 7 2 20
10 6 8 3 68
10 7 1 5 153
10 8 6 4 161
10 9 2 4 54
10 10 2 3 24
10 11 1 4 109
10 12 4 3 46
10 13 3 3 27
10 14 8 3 110
10 15 6 4 249
10 16 2 4 96
10 17 7 3 92
10 18 1 4 34
10 19 10 4 429
10 20 1 6 825
10 21 5 3 108
10 22 6 5 786
10 23 10 3 104
10 24 5 4 260
10 25 3 3 63
10 26 8 5 1286
10 27 6 5 3069
10 28 10 4 230
10 29 10 3 192
10 30 7 4 476
10 31 1 5 131
10 32 8 3 150
10 33 10 6 18373
10 34 6 3 44
10 35 8 4 317
10 36 10 2 28
10 37 5 4 162
10 38 1 4 111
10 39 5 5 836
10 40 8 2 21
10 41 2 6 3089
10 42 2 5 678
10 43 9 6 16373
10 44 8 3 169
10 45 5 5 2444
10 46 10 3 104
10 47 10 3 93
10 48 10 2 21
10 49 9 3 171
10 50 2 4 56
10 51 1 4 32
10 52 8 5 2236
10 53 10 1 12
10 54 1 4 41
10 55 10 4 540
10 56 1 5 159
10 57 3 4 118
10 58 7 3 93
10 59 3 4 170
10 60 10 5 1954
10 61 10 4 752
10 62 10 3 106
10 63 9 2 30
11 0 3 3 21
11 1 6 3 42
11 2 9 3 56
11 3 7 5 2320
11 4 1 7 6369
11 5 2 3 15
11 6 2 6 4202
11 7 5 5 1330
11 8 3 4 272
11 9 7 3 124
11 10 3 5 430
11 11 8 3 84
11 12 4 4 211
11 13 8 6 21139
11 14 1 5 557
11 15 9 1 11
11 16 5 4 209
11 17 9 4 253
11 18 7 2 24
11 19 4 3 25
11 20 6 4 421
11 21 10 4 269
11 22 10 4 260
11 23 8 4 184
11 24 6 3 60
11 25 6 3 70
11 26 5 3 28
11 27 7 2 22
11 28 3 5 453
11 29 3 4 288
11 30 8 6 16092
11 31 6 6 5640
11 32 2 4 204
11 33 5 4 338
11 34 9 6 10838
11 35 7 5 1497
11 36 2 4 47
11 37 7 4 355
11 38 1 5 237
11 39 8 3 60
11 40 2 4 107
11 41 8 3 66
11 42 6 4 223
11 43 4 3 32
11 44 7 3 152
11 45 5 5 1532
11 46 1 6 2205
11 47 5 6 12004
11 48 3 4 102
11 49 2 5 603
11 50 9 3 76
11 51 10 5 5735
11 52 4 3 48
11 53 8 4 188
11 54 1 4 61
11 55 8 4 400
11 56 10 2 49
11 57 2 4 88
11 58 7 3 69
11 59 8 3 141
11 60 8 4 493
11 61 6 3 45
11 62 4 2 9
11 63 2 7 23148
12 0 10 3 100
12 1 4 4 102
12 2 10 3 127
12 3 1 4 42
12 4 8 3 69
12 5 6 4 442
12 6 8 4 235
12 7 4 3 26
12 8 2 5 685
12 9 5 3 87
12 10 1 5 287
12 11 2 4 147
12 12 1 5 339
12 13 1 8 127654
12 14 8 3 123
12 15 6 4 157
12 16 2 4 79
12 17 1 7 29212
12 18 1 4 55
12 19 5 4 235
12 20 1 5 235
12 21 7 4 743
12 22 8 3 91
12 23 1 5 202
12 24 4 4 96
12 25 9 4 202
12 26 4 4 104
12 27 5 4 162
12 28 4 4 243
12 29 7 2 22
12 30 5 4 321
12 31 8 5 1036
12 32 4 5 736
12 33 4 5 1218
12 34 6 3 39
12 35 9 3 108
12 36 5 3 88
12 37 8 2 25
12 38 3 3 49
12 39 7 5 2130
12 40 2 5 324
12 41 4 5 1906
12 42 6 3 46
12 43 7 2 28
12 44 8 3 82
12 45 3 5 1466
12 46 7 6 18747
12 47 4 3 61
12 48 1 3 15
12 49 3 5 761
12 50 10 5 1671
12 51 2 7 63505
12 52 6 3 40
12 53 2 6 2865
12 54 1 5 603
12 55 8 3 50
12 56 6 2 26
12 57 8 5 4768
12 58 5 3 90
12 59 10 3 97
12 60 5 3 70
12 61 10 3 111
12 62 5 2 20
12 63 9 5 3414
13 0 8 6 18561
13 1 4 4 319
13 2 10 2 50
13 3 3 6 7568
13 4 2 5 250
13 5 10 4 755
13 6 10 2 37
13 7 2 6 2040
13 8 7 3 148
13 9 6 4 144
13 10 10 4 461
13 11 9 6 9418
13 12 7 3 113
13 13 2 6 1470
13 14 5 3 33
13 15 3 4 130
13 16 3 5 679
13 17 5 4 127
13 18 3 4 153
13 19 5 2 17
13 20 6 5 809
13 21 2 5 742
13 22 6 4 269
13 23 4 4 137
13 24 1 4 99
13 25 2 6 3431
13 26 1 4 108
13 27 5 3 48
13 28 3 3 46
13 29 10 2 34
13 30 2 5 324
13 31 4 4 234
13 32 8 6 8839
13 33 5 3 101
13 34 8 2 32
13 35 8 5 2958
13 36 2 5 358
13 37 5 5 968
13 38 4 3 27
13 39 1 5 449
13 40 8 6 22977
13 41 2 4 222
13 42 6 4 561
13 43 9 2 37
13 44 9 2 43
13 45 2 4 135
13 46 1 4 38
13 47 7 2 23
13 48 2 3 26
13 49 10 4 504
13 50 7 3 73
13 51 4 2 20
13 52 2 6 1465
13 53 5 3 81
13 54 10 4 412
13 55 5 3 52
13 56 9 2 44
13 57 4 4 335
13 58 10 5 6456
13 59 5 3 106
13 60 5 3 88
13 61 4 4 168
13 62 8 3 120
13 63 4 4 117
14 0 5 5 728
14 1 10 4 579
14 2 5 6 7221
14 3 7 5 1489
14 4 3 3 47
14 5 1 4 81
14 6 7 3 65
14 7 3 6 3837
14 8 3 3 48
14 9 6 3 71
14 10 4 2 19
14 11 9 3 107
14 12 6 5 2689
14 13 1 5 362
14 14 3 6 2905
14 15 6 3 63
14 16 2 5 706
14 17 4 4 123
14 18 2 4 208
14 19 9 3 117
14 20 3 5 844
14 21 5 4 160
14 22 10 5 1444
14 23 6 5 1315
14 24 5 4 183
14 25 9 4 572
14 26 2 5 397
14 27 1 7 6012
14 28 1 6 718
14 29 7 4 185
14 30 7 2 36
14 31 9 3 53
14 32 6 2 18
14 33 5 4 189
14 34 4 5 640
14 35 6 3 103
14 36 4 3 38
14 37 4 3 50
14 38 10 2 53
14 39 4 7 29859
14 40 6 3 47
14 41 8 3 67
14 42 6 3 103
14 43 3 4 170
14 44 10 2 33
14 45 2 4 79
14 46 4 4 100
14 47 8 3 117
14 48 5 3 69
14 49 4 4 129
14 50 2 3 35
14 51 10 3 146
14 52 9 3 86
14 53 4 3 25
14 54 5 3 59
14 55 3 4 111
14 56 3 6 2540
14 57 9 3 54
14 58 5 3 45
14 59 7 4 270
14 60 1 6 718
14 61 8 4 376
14 62 5 3 47
14 63 2 4 98
15 0 4 4 153
15 1 7 4 224
15 2 9 6 8640
15 3 7 5 2370
15 4 2 4 47
15 5 3 4 238
15 6 6 3 75
15 7 8 3 123
15 8 5 5 3371
15 9 3 5 495
15 10 10 5 1233
15 11 3 4 209
15 12 1 6 3804
15 13 3 3 48
15 14 10 3 103
15 15 8 5 1467
15 16 5 4 507
15 17 7 3 46
15 18 1 4 98
15 19 6 4 325
15 20 9 5 2537
15 21 3 6 3770
15 22 6 5 1427
15 23 9 3 184
15 24 9 3 69
15 25 9 3 168
15 26 6 2 15
15 27 1 4 35
15 28 6 5 1107
15 29 7 4 188
15 30 2 4 67
15 31 8 3 158
15 32 5 3 86
15 33 6 4 370
15 34 9 3 156
15 35 10 3 203
15 36 3 4 71
15 37 8 3 58
15 38 3 6 2384
15 39 6 4 517
15 40 3 3 56
15 41 1 4 70
15 42 4 4 115
15 43 3 4 225
15 44 8 5 5311
15 45 9 2 34
15 46 7 4 410
15 47 9 3 53
15 48 6 6 5992
15 49 2 4 49
15 50 4 5 1663
15 51 6 2 21
15 52 8 4 491
15 53 3 5 950
15 54 10 3 73
15 55 2 6 3857
15 56 2 4 90
15 57 7 3 56
15 58 2 3 25
15 59 6 6 5160
15 60 8 3 84
15 61 4 5 1349
15 62 8 4 263
15 63 10 6 9243
16 0 7 3 54
16 1 6 5 2593
16 2 4 5 1438
16 3 5 3 87
16 4 7 3 108
16 5 2 6 1430
16 6 10 2 35
16 7 7 4 182
16 8 4 3 87
16 9 5 5 2599
16 10 7 4 227
16 11 1 5 460
16 12 5 4 177
16 13 9 3 56
16 14 2 4 69
16 15 6 3 89
16 16 3 5 386
16 17 8 3 104
16 18 9 2 40
16 19 9 4 662
16 20 10 2 21
16 21 4 3 34
16 22 4 5 566
16 23 7 4 773
16 24 1 4 44
16 25 5 4 230
16 26 5 3 59
16 27 8 4 291
16 28 1 3 21
16 29 5 3 109
16 30 6 5 1412
16 31 5 2 13
16 32 4 6 12951
16 33 3 4 314
16 34 4 3 49
16 35 1 5 551
16 36 8 2 36
16 37 5 5 1496
16 38 5 4 178
16 39 9 5 1163
16 40 5 4 483
16 41 5 4 391
16 42 5 3 41
16 43 9 3 59
16 44 3 5 540
16 45 9 4 345
16 46 7 3 45
16 47 8 5 1454
16 48 2 6 4611
16 49 8 3 114
16 50 4 3 32
16 51 8 5 1160
16 52 8 2 38
16 53 9 5 1217
16 54 3 3 55
16 55 3 4 316
16 56 10 4 329
16 57 6 1 10
16 58 5 3 27
16 59 7 3 64
16 60 4 7 43331
16 61 1 4 94
16 62 8 4 746
16 63 3 4 235
17 0 9 3 70
17 1 10 6 8124
17 2 10 3 124
17 3 1 4 36
17 4 8 2 25
17 5 8 4 197
17 6 8 3 114
17 7 4 3 42
17 8 5 3 33
17 9 8 2 26
17 10 5 3 38
17 11 5 7 25527
17 12 6 4 334
17 13 7 4 159
17 14 5 3 29
17 15 2 6 2805
17 16 10 4 391
17 17 8 4 303
17 18 4 3 63
17 19 10 4 247
17 20 4 5 927
17 21 5 6 9543
17 22 4 3 26
17 23 5 4 219
17 24 1 6 1090
17 25 4 4 202
17 26 8 5 1951
17 27 4 4 327
17 28 1 4 47
17 29 9 4 201
17 30 4 6 9283
17 31 1 4 44
17 32 4 4 270
17 33 9 5 1083
17 34 3 4 70
17 35 5 3 84
17 36 4 3 79
17 37 4 3 22
17 38 4 3 34
17 39 6 4 398
17 40 4 3 44
17 41 6 5 3883
17 42 3 3 52
17 43 3 4 191
17 44 9 2 47
17 45 8 3 156
17 46 9 3 114
17 47 6 4 169
17 48 3 4 333
17 49 3 3 20
17 50 1 4 89
17 51 5 4 175
17 52 4 4 112
17 53 2 4 94
17 54 2 4 218
17 55 9 3 70
17 56 10 4 556
17 57 3 5 605
17 58 5 3 43
17 59 3 4 246
17 60 10 4 314
17 61 7 4 402
17 62 2 4 46
17 63 7 5 3187
18 0 9 2 26
18 1 4 4 139
18 2 2 4 96
18 3 4 3 54
18 4 2 5 296
18 5 4 5 1637
18 6 2 4 168
18 7 10 4 334
18 8 7 2 29
18 9 7 2 27
18 10 1 3 19
18 11 8 2 35
18 12 5 4 271
18 13 5 4 207
18 14 6 3 73
18 15 4 5 708
18 16 3 7 98333
18 17 9 3 127
18 18 4 4 245
18 19 10 2 21
18 20 6 4 297
18 21 4 4 333
18 22 6 3 69
18 23 4 4 405
18 24 10 4 974
18 25 9 7 45376
18 26 7 5 1561
18 27 10 2 41
18 28 6 3 91
18 29 1 5 121
18 30 5 4 186
18 31 1 4 89
18 32 4 3 30
18 33 9 3 87
18 34 8 5 971
18 35 7 2 34
18 36 2 5 664
18 37 4 5 948
18 38 7 2 35
18 39 8 3 134
18 40 2 4 46
18 41 1 5 139
18 42 10 3 131
18 43 8 3 52
18 44 8 4 199
18 45 4 3 59
18 46 7 5 2271
18 47 9 5 1173
18 48 2 6 1757
18 49 10 3 163
18 50 2 4 106
18 51 3 3 64
18 52 10 2 24
18 53 3 3 44
18 54 8 5 3198
18 55 3 6 4881
18 56 7 4 686
18 57 6 3 54
18 58 6 5 997
18 59 8 5 2825
18 60 10 3 67
18 61 3 4 151
18 62 3 3 23
18 63 8 6 10707
19 0 9 3 66
19 1 10 3 63
19 2 3 4 236
19 3 6 5 811
19 4 3 7 22308
19 5 8 1 11
19 6 8 3 53
19 7 5 3 107
19 8 2 4 62
19 9 4 2 19
19 10 8 5 1137
19 11 7 3 87
19 12 2 6 6363
19 13 9 6 9241
19 14 5 5 980
19 15 4 4 335
19 16 3 3 35
19 17 4 3 47
19 18 8 4 210
19 19 6 6 4750
19 20 9 3 54
19 21 7 3 44
19 22 8 5 2527
19 23 5 2 25
19 24 9 2 32
19 25 4 3 60
19 26 5 4 202
19 27 2 3 26
19 28 7 4 156
19 29 2 4 69
19 30 3 4 177
19 31 6 3 43
19 32 2 4 144
19 33 8 4 223
19 34 7 3 80
19 35 2 3 25
19 36 6 6 4750
19 37 8 3 53
19 38 1 7 9516
19 39 4 3 33
19 40 4 4 335
19 41 2 4 65
19 42 5 2 23
19 43 10 5 2636
19 44 4 5 1016
19 45 7 3 40
19 46 3 4 284
19 47 6 5 772
19 48 5 1 8
19 49 6 2 27
19 50 3 4 224
19 51 3 5 1936
19 52 6 5 2006
19 53 1 5 219
19 54 4 6 3864
19 55 2 5 242
19 56 10 3 139
19 57 6 4 148
19 58 2 6 6114
19 59 8 3 69
19 60 3 4 274
19 61 4 3 27
19 62 10 3 100
19 63 2 5 374
20 0 6 3 48
20 1 10 2 31
20 2 2 3 23
20 3 3 3 28
20 4 4 4 194
20 5 4 4 260
20 6 9 4 220
20 7 5 5 682
20 8 4 5 713
20 9 8 6 5964
20 10 3 5 856
20 11 2 3 28
20 12 3 5 447
20 13 7 4 233
20 14 3 6 7808
20 15 10 1 11
20 16 5 4 404
20 17 8 2 31
20 18 8 4 294
20 19 2 3 44
20 20 6 4 296
20 21 2 5 240
20 22 8 3 88
20 23 6 2 21
20 24 10 3 94
20 25 2 3 33
20 26 1 3 19
20 27 9 5 5195
20 28 4 4 235
20 29 9 3 98
20 30 9 3 51
20 31 3 5 517
20 32 10 5 2112
20 33 6 4 347
20 34 1 3 18
20 35 2 4 172
20 36 4 3 37
20 37 3 4 218
20 38 7 4 519
20 39 4 3 47
20 40 10 4 639
20 41 9 5 3271
20 42 6 5 1063
20 43 6 4 198
20 44 4 4 99
20 45 7 3 39
20 46 8 5 3292
20 47 1 4 108
20 48 4 5 649
20 49 2 4 70
20 50 8 3 68
20 51 5 3 58
20 52 3 4 308
20 53 4 3 69
20 54 6 3 70
20 55 4 4 161
20 56 1 4 58
20 57 2 4 64
20 58 5 4 254
20 59 9 5 1293
20 60 7 3 127
20 61 2 4 70
20 62 8 2 39
20 63 10 2 47
21 0 3 3 62
21 1 5 3 65
21 2 3 6 2984
21 3 5 3 39
21 4 6 2 14
21 5 1 5 641
21 6 4 3 56
21 7 8 2 41
21 8 4 4 403
21 9 3 5 1111
21 10 2 5 880
21 11 4 4 345
21 12 6 3 48
21 13 1 5 127
21 14 10 1 11
21 15 8 4 594
21 16 7 3 69
21 17 1 4 58
21 18 7 4 177
21 19 7 5 3164
21 20 6 4 402
21 21 10 2 49
21 22 3 4 162
21 23 7 5 1144
21 24 9 3 139
21 25 10 3 116
21 26 2 5 961
21 27 8 5 912
21 28 7 5 1937
21 29 5 4 306
21 30 6 5 1049
21 31 6 3 39
21 32 5 5 1907
21 33 9 3 141
21 34 6 2 29
21 35 4 3 62
21 36 10 3 99
21 37 6 4 266
21 38 9 2 43
21 39 6 4 185
21 40 4 4 372
21 41 1 5 157
21 42 10 4 620
21 43 7 2 26
21 44 6 4 434
21 45 1 4 53
21 46 1 4 31
21 47 9 4 783
21 48 9 1 10
21 49 7 4 627
21 50 5 5 1526
21 51 3 3 21
21 52 3 5 383
21 53 8 3 171
21 54 1 5 490
21 55 10 4 1067
21 56 8 3 110
21 57 1 5 190
21 58 6 5 744
21 59 1 6 786
21 60 2 5 282
21 61 10 1 10
21 62 9 4 633
21 63 6 4 297
22 0 5 5 725
22 1 2 3 23
22 2 10 3 169
22 3 8 3 99
22 4 9 4 336
22 5 2 4 180
22 6 5 4 292
22 7 5 5 802
22 8 5 5 1927
22 9 10 3 140
22 10 8 3 59
22 11 3 6 10192
22 12 4 4 321
22 13 5 5 2095
22 14 6 2 29
22 15 6 3 49
22 16 5 4 199
22 17 5 5 1213
22 18 10 3 144
22 19 10 3 92
22 20 7 3 94
22 21 8 3 142
22 22 5 4 157
22 23 1 6 2720
22 24 4 4 109
22 25 4 4 158
22 26 6 4 158
22 27 10 4 558
22 28 1 5 450
22 29 1 4 109
22 30 8 3 139
22 31 9 3 196
22 32 7 3 88
22 33 6 3 68
22 34 3 4 253
22 35 7 6 21585
22 36 1 5 328
22 37 9 2 45
22 38 5 4 261
22 39 1 5 561
22 40 7 1 5
22 41 4 3 60
22 42 4 5 641
22 43 8 4 205
22 44 8 3 79
22 45 5 5 941
22 46 8 3 125
22 47 10 3 73
22 48 5 5 1173
22 49 7 4 183
22 50 4 2 19
22 51 8 5 3636
22 52 9 3 183
22 53 9 2 25
22 54 2 7 10147
22 55 9 6 14630
22 56 3 3 59
22 57 9 2 18
22 58 7 3 90
22 59 2 5 236
22 60 6 2 25
22 61 10 4 640
22 62 6 3 38
22 63 3 3 41
23 0 2 6 5126
23 1 5 4 148
23 2 8 3 84
23 3 8 3 100
23 4 5 4 148
23 5 4 3 45
23 6 3 5 358
23 7 5 6 17327
23 8 8 4 851
23 9 10 3 58
23 10 4 4 439
23 11 8 3 100
23 12 2 4 134
23 13 2 4 66
23 14 4 6 16465
23 15 7 4 441
23 16 5 3 99
23 17 6 6 6187
23 18 5 4 318
23 19 8 2 38
23 20 4 4 266
23 21 7 4 165
23 22 5 4 153
23 23 5 6 5497
23 24 2 5 289
23 25 2 4 58
23 26 1 5 336
23 27 8 3 162
23 28 1 5 556
23 29 7 5 1595
23 30 4 5 1629
23 31 7 3 113
23 32 2 4 57
23 33 8 3 92
23 34 9 3 79
23 35 9 4 1000
23 36 2 5 855
23 37 5 4 269
23 38 5 3 43
23 39 4 4 306
23 40 2 4 85
23 41 5 4 200
23 42 6 5 750
23 43 7 3 58
23 44 4 6 10551
23 45 10 3 64
23 46 3 6 9674
23 47 8 5 4746
23 48 2 4 46
23 49 4 3 64
23 50 4 4 248
23 51 1 5 197
23 52 10 6 7129
23 53 2 6 1908
23 54 1 4 66
23 55 8 3 166
23 56 7 4 332
23 57 8 4 340
23 58 9 3 144
23 59 7 4 298
23 60 2 5 282
23 61 8 4 365
23 62 8 5 3138
23 63 6 3 102
24 0 6 2 28
24 1 4 4 411
24 2 8 2 32
24 3 2 3 15
24 4 4 2 20
24 5 6 4 338
24 6 8 3 111
24 7 2 3 20
24 8 3 5 1183
24 9 3 3 26
24 10 7 5 4304
24 11 5 4 197
24 12 5 2 17
24 13 1 4 97
24 14 9 4 702
24 15 1 5 196
24 16 10 5 1410
24 17 1 9 1792429
24 18 8 5 1894
24 19 7 4 159
24 20 4 6 5819
24 21 4 4 436
24 22 10 3 100
24 23 3 4 99
24 24 9 2 43
24 25 7 3 42
24 26 1 4 66
24 27 5 3 82
24 28 4 4 354
24 29 7 3 49
24 30 8 3 111
24 31 2 4 207
24 32 6 4 268
24 33 8 3 69
24 34 9 2 34
24 35 2 4 200
24 36 9 2 33
24 37 5 5 1016
24 38 7 3 141
24 39 4 4 113
24 40 8 2 28
24 41 5 4 230
24 42 4 2 20
24 43 5 2 17
24 44 7 4 366
24 45 8 4 792
24 46 5 5 1860
24 47 10 3 90
24 48 4 5 1333
24 49 9 4 257
24 50 6 4 281
24 51 2 4 48
24 52 6 5 972
24 53 8 5 1269
24 54 5 3 47
24 55 4 2 21
24 56 1 6 1351
24 57 5 3 55
24 58 5 3 77
24 59 5 3 87
24 60 5 4 401
24 61 6 5 1602
24 62 2 5 630
24 63 3 5 805
25 0 6 2 19
25 1 7 3 81
25 2 7 2 35
25 3 4 4 113
25 4 8 5 1710
25 5 8 5 952
25 6 8 4 330
25 7 10 4 316
25 8 5 3 106
25 9 3 3 41
25 10 4 4 241
25 11 6 4 204
25 12 10 3 131
25 13 8 2 31
25 14 6 4 267
25 15 5 2 20
25 16 7 4 281
25 17 10 4 671
25 18 2 4 92
25 19 9 3 104
25 20 1 6 1371
25 21 5 5 1387
25 22 2 5 300
25 23 8 2 22
25 24 10 5 1368
25 25 2 4 169
25 26 6 3 40
25 27 2 6 3389
25 28 4 5 1223
25 29 10 3 56
25 30 6 3 46
25 31 9 2 36
25 32 7 3 75
25 33 7 5 3798
25 34 10 4 547
25 35 4 5 488
25 36 4 4 243
25 37 2 3 21
25 38 1 6 2887
25 39 1 6 923
25 40 7 3 48
25 41 9 3 110
25 42 4 5 2519
25 43 8 4 256
25 44 9 4 259
25 45 10 4 236
25 46 2 3 31
25 47 4 4 356
25 48 6 3 40
25 49 7 3 66
25 50 9 3 163
25 51 6 3 96
25 52 5 3 70
25 53 3 5 531
25 54 2 4 63
25 55 8 4 361
25 56 9 3 57
25 57 5 4 116
25 58 7 3 88
25 59 7 4 474
25 60 3 5 499
25 61 9 4 613
25 62 9 3 60
25 63 7 3 54
26 0 2 3 12
26 1 3 3 16
26 2 7 1 8
26 3 8 3 96
26 4 2 3 21
26 5 2 4 127
26 6 7 3 131
26 7 3 4 240
26 8 4 4 275
26 9 10 6 14698
26 10 3 6 2535
26 11 6 4 141
26 12 3 3 19
26 13 2 5 231
26 14 9 2 30
26 15 4 4 362
26 16 3 3 51
26 17 9 3 116
26 18 3 4 160
26 19 1 4 56
26 20 3 4 281
26 21 6 4 209
26 22 1 5 198
26 23 5 6 15073
26 24 4 3 66
26 25 8 3 155
26 26 5 4 260
26 27 6 4 133
26 28 4 5 471
26 29 5 4 416
26 30 4 3 46
26 31 2 5 292
26 32 8 4 367
26 33 3 4 115
26 34 10 3 93
26 35 3 3 42
26 36 9 3 195
26 37 3 3 31
26 38 8 4 323
26 39 7 5 1542
26 40 3 3 56
26 41 2 3 39
26 42 8 4 318
26 43 8 4 222
26 44 3 5 894
26 45 6 4 219
26 46 2 4 107
26 47 8 4 253
26 48 7 4 737
26 49 2 5 289
26 50 8 6 6047
26 51 3 4 221
26 52 8 4 231
26 53 4 5 1737
26 54 2 4 63
26 55 5 3 98
26 56 4 4 347
26 57 2 4 46
26 58 9 4 819
26 59 9 3 102
26 60 10 4 491
26 61 6 3 70
26 62 10 3 112
26 63 4 3 84
27 0 6 3 66
27 1 8 3 100
27 2 6 2 30
27 3 2 9 720669
27 4 2 5 305
27 5 7 5 4764
27 6 8 4 230
27 7 7 4 366
27 8 10 2 37
27 9 2 3 27
27 10 7 3 96
27 11 7 3 63
27 12 1 4 86
27 13 5 3 45
27 14 5 5 2452
27 15 7 3 125
27 16 6 4 201
27 17 5 3 45
27 18 3 3 41
27 19 8 1 13
27 20 8 4 592
27 21 1 5 218
27 22 3 5 385
27 23 5 4 231
27 24 5 3 48
27 25 4 5 704
27 26 4 3 36
27 27 8 3 162
27 28 9 5 2362
27 29 4 4 279
27 30 8 2 21
27 31 8 5 3740
27 32 5 2 14
27 33 7 4 386
27 34 8 4 225
27 35 3 2 15
27 36 2 3 19
27 37 9 2 33
27 38 5 3 51
27 39 3 5 1187
27 40 6 4 478
27 41 10 3 119
27 42 5 3 30
27 43 4 4 370
27 44 4 3 66
27 45 7 3 54
27 46 2 3 20
27 47 1 5 659
27 48 6 3 75
27 49 8 3 125
27 50 2 7 38773
27 51 7 5 2135
27 52 1 4 39
27 53 6 2 30
27 54 3 5 1056
27 55 9 6 8372
27 56 7 5 1010
27 57 5 3 39
27 58 2 4 208
27 59 7 2 35
27 60 8 3 172
27 61 5 3 46
27 62 4 6 10046
27 63 5 4 428
28 0 9 3 143
28 1 7 3 44
28 2 7 2 21
28 3 10 2 45
28 4 9 2 33
28 5 1 6 1798
28 6 10 5 3410
28 7 7 4 159
28 8 2 4 156
28 9 3 5 364
28 10 1 4 73
28 11 9 5 1094
28 12 2 3 33
28 13 7 3 46
28 14 9 4 513
28 15 7 2 22
28 16 5 3 43
28 17 6 5 883
28 18 1 4 53
28 19 3 5 1627
28 20 7 3 94
28 21 6 4 235
28 22 8 2 26
28 23 10 5 5435
28 24 5 3 67
28 25 9 3 196
28 26 8 3 90
28 27 7 3 60
28 28 3 3 47
28 29 10 3 133
28 30 10 3 57
28 31 6 4 322
28 32 6 2 17
28 33 1 7 7990
28 34 8 3 56
28 35 9 3 65
28 36 10 3 107
28 37 1 6 891
28 38 6 2 31
28 39 5 3 53
28 40 8 4 221
28 41 7 4 433
28 42 2 3 32
28 43 3 5 1310
28 44 2 5 893
28 45 9 4 226
28 46 7 4 182
28 47 1 7 22457
28 48 5 5 2728
28 49 10 2 28
28 50 1 4 53
28 51 9 5 2685
28 52 10 3 55
28 53 1 4 98
28 54 2 5 441
28 55 2 4 46
28 56 7 3 124
28 57 2 3 31
28 58 1 4 66
28 59 3 5 442
28 60 2 5 341
28 61 10 3 92
28 62 6 3 62
28 63 2 4 57
29 0 9 2 47
29 1 1 8 40519
29 2 4 4 91
29 3 4 5 2366
29 4 2 4 188
29 5 4 5 1998
29 6 3 5 458
29 7 7 3 84
29 8 2 3 21
29 9 3 4 236
29 10 6 2 25
29 11 7 4 379
29 12 4 3 33
29 13 7 3 124
29 14 4 2 20
29 15 8 4 622
29 16 6 4 274
29 17 4 5 878
29 18 4 4 165
29 19 1 5 123
29 20 5 3 34
29 21 6 3 94
29 22 4 3 35
29 23 5 5 2925
29 24 8 5 2161
29 25 1 5 685
29 26 8 3 56
29 27 9 3 92
29 28 10 3 153
29 29 6 4 599
29 30 6 4 251
29 31 3 4 192
29 32 5 4 140
29 33 9 4 497
29 34 3 5 569
29 35 5 4 144
29 36 8 3 75
29 37 3 5 1531
29 38 9 4 772
29 39 4 3 75
29 40 3 4 201
29 41 10 5 1148
29 42 8 2 30
29 43 5 3 40
29 44 8 3 119
29 45 2 4 85
29 46 4 4 113
29 47 9 3 144
29 48 3 4 77
29 49 3 4 310
29 50 5 5 1686
29 51 9 4 663
29 52 5 3 38
29 53 8 2 18
29 54 5 2 25
29 55 3 5 451
29 56 5 3 45
29 57 1 6 718
29 58 5 4 301
29 59 3 4 172
29 60 3 4 123
29 61 8 4 258
29 62 3 3 31
29 63 7 4 179
30 0 6 3 89
30 1 5 6 3533
30 2 7 3 42
30 3 9 5 5426
30 4 2 4 158
30 5 8 3 75
30 6 9 5 5015
30 7 4 3 57
30 8 9 5 3381
30 9 7 4 191
30 10 2 6 4086
30 11 4 4 278
30 12 9 2 36
30 13 7 3 53
30 14 1 6 819
30 15 6 3 102
30 16 4 5 1338
30 17 3 3 27
30 18 9 2 23
30 19 5 4 135
30 20 4 6 6338
30 21 3 3 32
30 22 9 4 260
30 23 1 6 1604
30 24 6 3 37
30 25 1 5 153
30 26 7 4 418
30 27 1 6 1822
30 28 9 4 201
30 29 4 3 57
30 30 9 3 149
30 31 3 3 31
30 32 1 6 1025
30 33 3 5 501
30 34 8 2 27
30 35 5 5 3135
30 36 9 2 37
30 37 10 3 110
30 38 10 4 326
30 39 9 4 556
30 40 8 3 117
30 41 5 5 1007
30 42 10 1 15
30 43 3 4 123
30 44 8 3 53
30 45 4 3 71
30 46 1 5 436
30 47 8 2 27
30 48 8 3 117
30 49 8 3 44
30 50 10 3 149
30 51 7 4 703
30 52 3 4 120
30 53 8 4 180
30 54 4 2 20
30 55 10 4 428
30 56 9 2 29
30 57 9 2 32
30 58 9 4 379
30 59 1 5 308
30 60 8 3 73
30 61 7 3 122
30 62 4 4 317
30 63 6 6 4321
31 0 1 5 136
31 1 9 1 7
31 2 9 3 167
31 3 7 3 136
31 4 7 2 30
31 5 5 4 117
31 6 1 3 14
31 7 6 4 175
31 8 10 3 90
31 9 1 5 194
31 10 7 5 1223
31 11 7 2 13
31 12 2 4 50
31 13 1 4 29
31 14 3 5 698
31 15 1 4 31
31 16 6 3 119
31 17 3 3 37
31 18 10 3 113
31 19 10 3 106
31 20 8 3 152
31 21 3 6 2347
31 22 3 3 43
31 23 5 5 1324
31 24 10 5 3236
31 25 10 3 78
31 26 5 3 56
31 27 4 2 20
31 28 1 4 37
31 29 9 3 99
31 30 2 4 131
31 31 3 4 111
31 32 8 2 33
31 33 4 7 103343
31 34 7 3 121
31 35 2 4 222
31 36 2 4 63
31 37 6 4 254
31 38 9 4 981
31 39 6 2 23
31 40 1 5 566
31 41 3 4 296
31 42 4 4 266
31 43 3 3 30
31 44 8 5 1643
31 45 7 4 481
31 46 2 5 537
31 47 7 3 125
31 48 9 4 256
31 49 1 5 193
31 50 10 2 31
31 51 5 3 46
31 52 5 5 722
31 53 10 2 37
31 54 9 2 31
31 55 8 3 140
31 56 9 3 72
31 57 9 3 69
31 58 8 5 1516
31 59 10 5 4258
31 60 8 5 1246
31 61 1 6 1877
31 62 5 3 49
31 63 5 5 1358
32 0 4 5 632
32 1 4 4 104
32 2 4 5 1230
32 3 10 2 29
32 4 9 4 308
32 5 3 5 420
32 6 9 5 1154
32 7 5 3 44
32 8 8 2 38
32 9 6 4 156
32 10 4 5 766
32 11 1 4 33
32 12 4 3 32
32 13 2 4 105
32 14 8 6 6820
32 15 5 4 455
32 16 5 4 162
32 17 9 3 123
32 18 3 3 50
32 19 2 3 41
32 20 10 2 41
32 21 5 3 60
32 22 1 5 179
32 23 9 3 187
32 24 5 3 76
32 25 1 4 66
32 26 2 5 445
32 27 7 4 265
32 28 9 3 67
32 29 6 3 33
32 30 2 4 90
32 31 4 3 35
32 32 10 2 18
32 33 4 3 41
32 34 3 4 69
32 35 6 3 68
32 36 5 4 293
32 37 4 3 78
32 38 5 5 2444
32 39 8 3 66
32 40 8 3 119
32 41 9 3 75
32 42 9 6 26159
32 43 7 2 31
32 44 9 5 2999
32 45 5 3 29
32 46 7 3 39
32 47 2 6 3071
32 48 2 4 117
32 49 8 5 2227
32 50 4 3 25
32 51 1 5 133
32 52 7 3 131
32 53 4 5 1178
32 54 3 6 3838
32 55 2 4 143
32 56 10 4 311
32 57 8 2 18
32 58 3 5 866
32 59 9 3 97
32 60 2 3 28
32 61 5 4 190
32 62 6 5 806
32 63 5 6 17426
33 0 6 3 80
33 1 1 6 758
33 2 8 3 44
33 3 4 4 161
33 4 8 3 109
33 5 10 4 429
33 6 6 2 24
33 7 8 3 63
33 8 6 3 62
33 9 2 4 128
33 10 5 4 209
33 11 5 4 276
33 12 2 4 56
33 13 8 5 1343
33 14 9 4 350
33 15 1 5 350
33 16 1 5 169
33 17 7 4 510
33 18 4 3 87
33 19 6 4 426
33 20 9 5 5283
33 21 10 3 70
33 22 9 3 151
33 23 9 4 332
33 24 1 4 40
33 25 2 4 147
33 26 4 5 774
33 27 8 3 45
33 28 4 3 62
33 29 4 3 71
33 30 5 2 11
33 31 2 5 346
33 32 2 4 119
33 33 1 5 211
33 34 10 4 432
33 35 8 3 84
33 36 9 6 31690
33 37 1 4 111
33 38 8 3 168
33 39 5 4 182
33 40 1 5 225
33 41 2 4 48
33 42 5 4 170
33 43 8 3 64
33 44 8 4 530
33 45 2 3 43
33 46 9 3 197
33 47 7 3 47
33 48 1 5 163
33 49 8 3 67
33 50 8 4 292
33 51 1 5 347
33 52 1 5 241
33 53 9 2 40
33 54 3 4 123
33 55 9 4 278
33 56 5 5 954
33 57 1 5 225
33 58 3 4 212
33 59 3 5 652
33 60 2 4 53
33 61 5 3 44
33 62 5 4 362
33 63 6 3 54
34 0 2 4 89
34 1 10 4 1048
34 2 8 4 228
34 3 8 2 34
34 4 6 3 65
34 5 1 3 11
34 6 5 3 110
34 7 2 6 5101
34 8 6 3 51
34 9 10 2 33
34 10 10 4 326
34 11 2 4 45
34 12 7 4 212
34 13 10 3 166
34 14 3 3 33
34 15 3 4 89
34 16 1 5 224
34 17 7 4 314
34 18 3 4 225
34 19 4 4 160
34 20 9 5 2853
34 21 5 5 752
34 22 8 5 2382
34 23 4 4 196
34 24 1 5 268
34 25 10 4 765
34 26 8 3 108
34 27 9 4 237
34 28 9 3 81
34 29 1 6 724
34 30 2 4 69
34 31 8 3 163
34 32 5 4 358
34 33 1 6 812
34 34 8 2 31
34 35 6 5 1466
34 36 2 4 66
34 37 5 2 20
34 38 10 4 1059
34 39 2 4 210
34 40 2 5 928
34 41 1 4 53
34 42 3 5 867
34 43 5 2 16
34 44 2 4 52
34 45 6 2 15
34 46 7 3 67
34 47 3 3 25
34 48 5 4 126
34 49 4 4 243
34 50 7 1 12
34 51 3 3 41
34 52 7 5 3874
34 53 7 3 131
34 54 2 4 74
34 55 8 4 187
34 56 2 3 32
34 57 1 4 82
34 58 9 2 31
34 59 6 4 293
34 60 10 4 536
34 61 8 2 24
34 62 2 3 20
34 63 4 4 90
35 0 9 2 41
35 1 8 5 2708
35 2 3 5 665
35 3 5 4 382
35 4 7 4 690
35 5 1 5 121
35 6 6 4 332
35 7 6 3 45
35 8 10 5 2070
35 9 7 6 17915
35 10 2 5 746
35 11 1 4 53
35 12 5 3 57
35 13 2 3 18
35 14 10 4 254
35 15 4 5 497
35 16 9 5 1108
35 17 10 5 1985
35 18 5 3 94
35 19 5 3 73
35 20 4 3 41
35 21 8 4 314
35 22 2 4 147
35 23 9 3 169
35 24 1 3 19
35 25 4 5 2645
35 26 5 3 64
35 27 7 2 30
35 28 8 5 1042
35 29 9 3 62
35 30 4 4 233
35 31 8 4 330
35 32 9 4 246
35 33 4 5 642
35 34 4 4 249
35 35 3 4 264
35 36 7 2 23
35 37 10 2 52
35 38 8 3 47
35 39 4 2 20
35 40 10 2 49
35 41 9 3 137
35 42 1 5 523
35 43 2 3 13
35 44 6 3 120
35 45 4 3 63
35 46 2 4 86
35 47 9 3 48
35 48 2 7 36237
35 49 6 6 4399
35 50 5 3 70
35 51 8 2 27
35 52 8 2 17
35 53 6 4 464
35 54 10 2 44
35 55 8 3 157
35 56 7 3 74
35 57 5 3 109
35 58 10 3 76
35 59 10 5 3853
35 60 6 3 73
35 61 10 4 1056
35 62 7 4 173
35 63 7 3 54
36 0 5 4 217
36 1 7 4 457
36 2 2 3 26
36 3 6 3 46
36 4 8 3 149
36 5 7 4 603
36 6 6 2 26
36 7 5 3 38
36 8 4 5 686
36 9 10 2 50
36 10 4 3 72
36 11 3 3 49
36 12 4 4 95
36 13 3 3 63
36 14 4 3 83
36 15 4 4 167
36 16 10 4 1078
36 17 2 4 121
36 18 1 5 504
36 19 9 3 184
36 20 8 3 85
36 21 1 7 15544
36 22 5 3 86
36 23 6 5 1031
36 24 1 4 78
36 25 8 6 6963
36 26 6 3 79
36 27 2 4 84
36 28 3 4 129
36 29 5 3 78
36 30 1 4 40
36 31 4 4 451
36 32 5 5 868
36 33 8 2 33
36 34 3 4 273
36 35 10 3 163
36 36 10 7 73478
36 37 7 3 131
36 38 1 5 143
36 39 2 4 49
36 40 6 4 269
36 41 5 3 65
36 42 3 3 62
36 43 5 5 1604
36 44 2 4 196
36 45 2 3 31
36 46 1 6 773
36 47 2 5 232
36 48 5 4 181
36 49 10 3 68
36 50 3 3 50
36 51 1 5 203
36 52 3 4 332
36 53 3 4 96
36 54 9 4 863
36 55 7 3 43
36 56 8 4 560
36 57 6 5 1798
36 58 10 4 531
36 59 10 4 408
36 60 9 3 143
36 61 3 5 518
36 62 7 3 88
36 63 9 5 2276
37 0 5 4 218
37 1 6 3 50
37 2 7 3 116
37 3 7 3 48
37 4 1 4 77
37 5 8 5 951
37 6 3 4 229
37 7 5 4 332
37 8 2 6 5228
37 9 3 3 43
37 10 1 7 7693
37 11 3 6 14004
37 12 4 5 1014
37 13 8 2 24
37 14 3 5 501
37 15 1 5 146
37 16 4 5 458
37 17 3 4 134
37 18 3 5 621
37 19 8 3 76
37 20 2 7 11987
37 21 6 3 91
37 22 2 5 521
37 23 6 6 7429
37 24 5 5 1309
37 25 9 3 134
37 26 9 3 59
37 27 8 4 347
37 28 10 5 1471
37 29 5 3 32
37 30 5 3 56
37 31 6 5 1212
37 32 5 4 268
37 33 3 1 3
37 34 6 3 94
37 35 4 4 429
37 36 2 3 24
37 37 1 5 342
37 38 5 3 84
37 39 3 3 50
37 40 5 3 102
37 41 1 4 28
37 42 1 3 13
37 43 7 3 55
37 44 8 4 394
37 45 1 4 96
37 46 4 3 61
37 47 9 5 4742
37 48 1 6 4031
37 49 4 3 71
37 50 1 4 52
37 51 4 4 99
37 52 6 5 3783
37 53 10 5 1163
37 54 10 2 47
37 55 3 4 193
37 56 9 3 49
37 57 5 4 157
37 58 1 5 295
37 59 6 4 560
37 60 3 5 789
37 61 3 4 69
37 62 7 4 161
37 63 6 3 36
38 0 10 3 89
38 1 6 4 453
38 2 6 3 101
38 3 5 4 376
38 4 3 4 163
38 5 9 4 229
38 6 7 3 66
38 7 5 6 11305
38 8 3 4 100
38 9 5 4 270
38 10 3 4 156
38 11 3 4 216
38 12 9 3 81
38 13 3 3 34
38 14 4 4 235
38 15 1 4 26
38 16 1 6 4055
38 17 9 4 407
38 18 9 3 68
38 19 2 5 954
38 20 2 4 45
38 21 9 4 301
38 22 7 5 1066
38 23 9 3 48
38 24 8 4 258
38 25 4 4 159
38 26 6 3 114
38 27 5 3 33
38 28 5 3 44
38 29 5 4 392
38 30 6 4 488
38 31 1 8 325954
38 32 6 3 108
38 33 3 3 42
38 34 10 3 197
38 35 8 3 48
38 36 3 4 153
38 37 6 4 481
38 38 1 4 46
38 39 10 3 122
38 40 8 3 129
38 41 6 3 34
38 42 3 3 61
38 43 2 4 137
38 44 7 2 33
38 45 6 5 1585
38 46 9 3 172
38 47 3 4 111
38 48 2 4 209
38 49 2 3 21
38 50 7 3 46
38 51 1 7 10955
38 52 1 5 235
38 53 9 3 189
38 54 7 5 828
38 55 8 2 37
38 56 8 3 80
38 57 9 3 128
38 58 2 4 164
38 59 1 5 158
38 60 7 3 72
38 61 2 3 25
38 62 4 6 2956
38 63 9 6 16334
39 0 8 2 30
39 1 2 3 11
39 2 5 4 542
39 3 6 2 25
39 4 7 2 24
39 5 5 2 22
39 6 6 4 290
39 7 9 4 219
39 8 8 3 62
39 9 8 3 171
39 10 5 5 3134
39 11 6 3 98
39 12 2 4 165
39 13 7 3 74
39 14 6 4 147
39 15 4 5 1797
39 16 3 4 225
39 17 1 5 514
39 18 7 3 114
39 19 7 3 45
39 20 3 3 31
39 21 10 5 3509
39 22 4 2 13
39 23 1 6 2968
39 24 5 5 739
39 25 7 5 957
39 26 4 5 1287
39 27 9 5 1955
39 28 7 2 36
39 29 5 4 190
39 30 2 3 34
39 31 9 4 462
39 32 3 3 19
39 33 10 3 110
39 34 1 5 443
39 35 10 3 95
39 36 1 5 119
39 37 2 5 509
39 38 1 4 52
39 39 10 4 321
39 40 4 3 30
39 41 9 6 15610
39 42 6 3 78
39 43 6 2 30
39 44 3 4 304
39 45 7 3 106
39 46 5 4 276
39 47 2 4 94
39 48 4 3 81
39 49 5 3 54
39 50 1 6 1065
39 51 5 4 457
39 52 7 3 40
39 53 9 3 91
39 54 4 3 39
39 55 2 5 285
39 56 6 4 250
39 57 5 3 63
39 58 1 5 262
39 59 10 3 160
39 60 3 3 47
39 61 10 4 506
39 62 10 2 46
39 63 3 4 337
40 0 9 5 1571
40 1 8 5 4537
40 2 9 3 69
40 3 1 4 31
40 4 1 6 1913
40 5 1 5 262
40 6 6 2 15
40 7 4 7 109795
40 8 6 4 244
40 9 1 10 8092603
40 10 1 4 25
40 11 7 3 95
40 12 2 4 197
40 13 2 4 65
40 14 6 2 25
40 15 6 3 55
40 16 5 3 76
40 17 6 4 453
40 18 10 5 2705
40 19 6 4 373
40 20 3 4 324
40 21 6 4 201
40 22 4 4 136
40 23 5 2 17
40 24 10 3 137
40 25 6 3 109
40 26 3 4 68
40 27 4 4 93
40 28 10 3 68
40 29 1 4 61
40 30 6 3 94
40 31 1 7 20092
40 32 8 3 121
40 33 7 2 26
40 34 10 3 196
40 35 3 3 38
40 36 3 4 199
40 37 7 3 81
40 38 3 5 598
40 39 8 3 49
40 40 10 3 191
40 41 5 4 289
40 42 9 3 101
40 43 5 3 37
40 44 5 3 33
40 45 8 4 801
40 46 1 6 1221
40 47 5 4 388
40 48 6 4 227
40 49 1 5 495
40 50 8 4 313
40 51 9 4 677
40 52 8 2 39
40 53 5 3 46
40 54 9 2 44
40 55 7 3 135
40 56 5 5 2092
40 57 5 5 722
40 58 6 4 608
40 59 10 3 58
40 60 4 3 48
40 61 2 4 90
40 62 2 5 992
40 63 10 5 1373
41 0 8 4 635
41 1 6 3 98
41 2 1 6 3759
41 3 5 4 312
41 4 4 3 42
41 5 7 3 84
41 6 9 4 694
41 7 5 4 196
41 8 10 4 443
41 9 7 3 67
41 10 4 4 133
41 11 8 3 85
41 12 2 5 548
41 13 9 5 1380
41 14 9 3 95
41 15 3 3 36
41 16 6 4 356
41 17 2 4 95
41 18 1 5 149
41 19 8 3 54
41 20 5 5 1452
41 21 2 6 1436
41 22 1 5 162
41 23 1 5 242
41 24 10 3 54
41 25 4 3 74
41 26 2 4 208
41 27 4 2 16
41 28 1 4 86
41 29 5 4 393
41 30 5 3 110
41 31 7 4 227
41 32 1 4 74
41 33 4 3 46
41 34 2 5 285
41 35 2 4 122
41 36 6 3 91
41 37 10 5 2176
41 38 8 3 104
41 39 9 3 125
41 40 1 5 651
41 41 10 4 225
41 42 8 3 110
41 43 1 4 25
41 44 7 3 138
41 45 8 2 19
41 46 7 2 16
41 47 3 4 340
41 48 1 5 138
41 49 2 4 48
41 50 1 4 47
41 51 10 2 47
41 52 6 4 543
41 53 2 4 87
41 54 2 4 47
41 55 7 4 346
41 56 9 3 60
41 57 1 5 203
41 58 2 4 172
41 59 3 5 500
41 60 9 4 741
41 61 5 8 426314
41 62 3 5 736
41 63 7 3 105
42 0 3 5 463
42 1 10 3 73
42 2 5 4 205
42 3 6 4 495
42 4 9 3 94
42 5 8 3 140
42 6 7 3 41
42 7 8 4 559
42 8 6 3 91
42 9 10 5 5167
42 10 2 4 103
42 11 7 3 62
42 12 7 3 77
42 13 10 3 109
42 14 3 4 69
42 15 9 4 440
42 16 4 4 140
42 17 4 3 74
42 18 2 4 59
42 19 7 3 71
42 20 8 3 60
42 21 8 2 32
42 22 4 3 45
42 23 5 5 2620
42 24 3 3 59
42 25 9 3 72
42 26 5 4 310
42 27 6 4 163
42 28 5 4 197
42 29 5 3 98
42 30 3 4 233
42 31 4 5 547
42 32 8 3 139
42 33 7 4 688
42 34 8 4 197
42 35 1 6 1334
42 36 5 5 1209
42 37 10 2 24
42 38 7 3 143
42 39 6 4 133
42 40 8 5 2758
42 41 8 3 119
42 42 2 4 72
42 43 8 3 104
42 44 10 2 47
42 45 4 5 1106
42 46 3 5 772
42 47 3 4 246
42 48 1 4 42
42 49 8 3 122
42 50 10 2 37
42 51 3 4 83
42 52 6 4 599
42 53 9 3 112
42 54 3 3 57
42 55 1 4 65
42 56 2 5 244
42 57 6 2 31
42 58 7 3 129
42 59 8 3 84
42 60 9 4 562
42 61 1 6 1789
42 62 7 3 122
42 63 1 5 258
43 0 1 4 37
43 1 9 3 69
43 2 6 4 317
43 3 10 4 226
43 4 4 4 122
43 5 5 3 34
43 6 2 3 14
43 7 8 3 49
43 8 4 5 822
43 9 7 5 1743
43 10 5 3 36
43 11 4 3 35
43 12 4 4 439
43 13 1 5 304
43 14 3 5 570
43 15 3 6 5885
43 16 2 4 100
43 17 2 4 57
43 18 1 4 32
43 19 3 6 11945
43 20 10 3 56
43 21 3 3 37
43 22 6 4 189
43 23 6 4 425
43 24 5 5 2316
43 25 4 6 9669
43 26 1 7 8255
43 27 9 4 558
43 28 2 5 908
43 29 4 5 794
43 30 7 3 114
43 31 4 4 119
43 32 4 4 151
43 33 10 2 48
43 34 1 4 28
43 35 10 3 58
43 36 8 3 92
43 37 4 3 26
43 38 7 3 73
43 39 10 2 32
43 40 3 4 133
43 41 3 5 787
43 42 2 4 76
43 43 3 4 74
43 44 3 5 1955
43 45 8 3 65
43 46 4 4 89
43 47 2 5 1296
43 48 10 3 56
43 49 5 2 20
43 50 1 4 77
43 51 10 4 262
43 52 10 4 335
43 53 5 5 605
43 54 7 4 235
43 55 6 3 125
43 56 8 5 2762
43 57 9 4 226
43 58 2 4 110
43 59 4 6 6423
43 60 5 3 34
43 61 9 2 34
43 62 10 3 59
43 63 1 4 69
44 0 10 3 133
44 1 8 3 71
44 2 10 5 2479
44 3 5 4 191
44 4 5 3 102
44 5 10 5 1149
44 6 6 6 4413
44 7 7 1 8
44 8 8 3 101
44 9 10 5 2613
44 10 8 4 304
44 11 1 5 642
44 12 4 6 4441
44 13 9 5 1122
44 14 6 2 26
44 15 9 2 37
44 16 3 3 65
44 17 3 3 39
44 18 2 3 18
44 19 2 5 509
44 20 6 3 113
44 21 2 5 1075
44 22 6 3 42
44 23 7 2 30
44 24 10 5 4158
44 25 10 5 1954
44 26 10 2 44
44 27 4 4 102
44 28 9 2 23
44 29 7 6 5399
44 30 1 6 1687
44 31 4 3 29
44 32 4 4 200
44 33 4 2 8
44 34 1 4 102
44 35 3 4 141
44 36 4 3 84
44 37 7 4 259
44 38 4 3 58
44 39 1 6 1522
44 40 2 4 52
44 41 3 3 40
44 42 3 5 993
44 43 3 5 998
44 44 3 6 6677
44 45 4 5 849
44 46 3 6 6327
44 47 7 4 391
44 48 6 4 250
44 49 1 4 70
44 50 5 4 546
44 51 2 4 157
44 52 2 5 589
44 53 5 3 88
44 54 10 4 282
44 55 7 3 85
44 56 6 3 102
44 57 7 3 53
44 58 3 4 111
44 59 2 3 34
44 60 10 4 1094
44 61 5 3 45
44 62 8 3 68
44 63 6 4 234
45 0 10 2 44
45 1 10 1 16
45 2 5 4 315
45 3 5 4 265
45 4 3 4 173
45 5 4 4 115
45 6 8 4 558
45 7 2 5 292
45 8 2 5 278
45 9 10 3 82
45 10 7 4 207
45 11 5 4 160
45 12 7 4 209
45 13 1 5 213
45 14 9 3 85
45 15 10 3 163
45 16 7 2 37
45 17 4 4 178
45 18 8 4 253
45 19 8 4 190
45 20 1 4 47
45 21 10 5 1245
45 22 8 4 691
45 23 5 3 28
45 24 5 3 58
45 25 10 3 173
45 26 1 4 59
45 27 4 4 286
45 28 5 6 5500
45 29 3 5 713
45 30 1 5 188
45 31 9 4 691
45 32 7 4 262
45 33 9 3 148
45 34 4 3 44
45 35 7 4 216
45 36 7 3 112
45 37 2 4 153
45 38 10 2 27
45 39 3 4 151
45 40 9 3 96
45 41 2 4 132
45 42 8 3 69
45 43 2 4 174
45 44 10 3 174
45 45 4 3 57
45 46 5 3 78
45 47 8 5 2486
45 48 2 4 69
45 49 1 5 228
45 50 2 4 78
45 51 8 6 9419
45 52 4 6 4589
45 53 5 4 479
45 54 8 1 8
45 55 10 3 63
45 56 1 5 116
45 57 7 5 1710
45 58 9 6 30974
45 59 3 5 917
45 60 2 5 754
45 61 7 3 66
45 62 5 4 185
45 63 7 4 182
46 0 3 4 325
46 1 8 3 138
46 2 5 4 266
46 3 5 3 29
46 4 8 3 99
46 5 6 4 147
46 6 3 6 11871
46 7 7 4 293
46 8 8 4 369
46 9 6 3 120
46 10 6 4 161
46 11 8 4 494
46 12 10 4 449
46 13 10 5 4243
46 14 6 4 484
46 15 1 6 1007
46 16 9 3 164
46 17 5 2 14
46 18 3 3 28
46 19 4 3 88
46 20 10 1 13
46 21 4 5 724
46 22 2 3 37
46 23 3 6 3629
46 24 1 4 70
46 25 7 3 93
46 26 4 3 58
46 27 7 4 575
46 28 8 3 79
46 29 4 7 64769
46 30 9 2 37
46 31 1 4 108
46 32 1 5 621
46 33 10 4 856
46 34 3 4 88
46 35 3 4 121
46 36 3 4 101
46 37 5 5 2195
46 38 5 4 392
46 39 10 5 1848
46 40 9 5 1050
46 41 4 3 57
46 42 4 4 131
46 43 2 5 351
46 44 4 3 60
46 45 8 3 104
46 46 6 4 235
46 47 6 3 48
46 48 6 3 90
46 49 10 3 98
46 50 5 6 4023
46 51 9 3 54
46 52 4 6 13162
46 53 7 2 37
46 54 3 4 200
46 55 4 6 3663
46 56 10 6 9744
46 57 5 5 1344
46 58 3 4 68
46 59 6 5 709
46 60 2 3 23
46 61 3 4 161
46 62 6 2 28
46 63 10 2 35
47 0 3 3 21
47 1 10 2 49
47 2 8 4 267
47 3 6 4 187
47 4 4 4 333
47 5 1 7 6514
47 6 8 4 468
47 7 4 4 96
47 8 9 5 5642
47 9 5 5 673
47 10 8 2 30
47 11 5 6 4642
47 12 3 2 13
47 13 7 5 3238
47 14 5 5 2346
47 15 6 2 20
47 16 4 2 15
47 17 6 7 66543
47 18 9 3 60
47 19 3 4 276
47 20 8 3 89
47 21 4 5 1125
47 22 2 5 988
47 23 9 3 138
47 24 9 4 266
47 25 1 5 256
47 26 2 4 52
47 27 3 4 94
47 28 7 3 39
47 29 5 4 231
47 30 3 4 207
47 31 9 4 454
47 32 1 5 349
47 33 9 5 1339
47 34 2 4 180
47 35 5 6 4027
47 36 7 4 415
47 37 7 2 25
47 38 7 3 121
47 39 8 4 788
47 40 4 3 26
47 41 4 2 21
47 42 1 4 41
47 43 2 3 32
47 44 2 3 32
47 45 10 3 70
47 46 4 3 74
47 47 1 4 111
47 48 6 3 57
47 49 7 4 439
47 50 5 4 208
47 51 9 3 94
47 52 5 3 45
47 53 2 4 46
47 54 9 3 189
47 55 8 3 143
47 56 4 3 50
47 57 9 3 137
47 58 2 4 96
47 59 6 3 47
47 60 8 3 133
47 61 9 3 183
47 62 6 3 66
47 63 9 5 2493
48 0 4 2 16
48 1 7 3 121
48 2 1 4 50
48 3 10 2 40
48 4 8 4 179
48 5 2 5 834
48 6 4 2 12
48 7 6 3 101
48 8 3 4 76
48 9 2 4 91
48 10 6 3 54
48 11 10 2 40
48 12 4 3 87
48 13 10 3 174
48 14 5 3 47
48 15 8 5 3739
48 16 6 3 45
48 17 9 3 58
48 18 5 3 70
48 19 9 3 73
48 20 5 2 10
48 21 7 2 37
48 22 5 4 218
48 23 5 2 14
48 24 7 4 247
48 25 1 4 28
48 26 2 4 74
48 27 5 3 89
48 28 6 3 104
48 29 7 3 132
48 30 6 3 101
48 31 9 5 4443
48 32 5 4 181
48 33 4 3 76
48 34 1 3 11
48 35 4 3 64
48 36 2 4 153
48 37 5 4 113
48 38 8 5 1048
48 39 6 3 40
48 40 7 2 32
48 41 2 6 7534
48 42 4 3 38
48 43 5 5 2834
48 44 9 2 30
48 45 1 6 2626
48 46 7 3 62
48 47 7 4 211
48 48 2 5 242
48 49 7 3 128
48 50 8 5 3694
48 51 6 3 90
48 52 10 4 275
48 53 7 5 1125
48 54 9 2 41
48 55 1 4 56
48 56 3 5 725
48 57 8 4 232
48 58 7 3 54
48 59 2 4 146
48 60 9 4 764
48 61 5 3 77
48 62 9 3 65
48 63 1 5 209
49 0 1 5 225
49 1 6 4 319
49 2 6 5 886
49 3 5 2 11
49 4 1 3 11
49 5 9 4 256
49 6 8 3 46
49 7 2 5 311
49 8 8 3 57
49 9 10 5 1871
49 10 7 2 13
49 11 1 4 69
49 12 1 4 61
49 13 3 6 2790
49 14 1 4 40
49 15 3 3 39
49 16 4 4 321
49 17 2 5 932
49 18 3 5 823
49 19 5 3 58
49 20 10 5 1614
49 21 2 6 5811
49 22 4 5 829
49 23 4 4 183
49 24 3 3 35
49 25 10 3 163
49 26 5 5 1070
49 27 8 4 341
49 28 8 6 9291
49 29 6 5 905
49 30 1 4 70
49 31 5 4 285
49 32 5 5 673
49 33 4 6 5729
49 34 6 3 84
49 35 4 4 444
49 36 3 4 90
49 37 9 3 57
49 38 7 3 91
49 39 7 3 111
49 40 8 3 43
49 41 2 4 52
49 42 4 5 552
49 43 6 3 39
49 44 4 3 80
49 45 5 4 218
49 46 3 5 446
49 47 10 5 1428
49 48 5 6 8602
49 49 5 4 184
49 50 10 4 740
49 51 1 6 929
49 52 5 2 12
49 53 1 4 57
49 54 8 2 17
49 55 1 4 50
49 56 4 4 102
49 57 4 4 115
49 58 10 2 39
49 59 8 4 452
49 60 7 3 39
49 61 8 4 235
49 62 8 5 1578
49 63 9 3 97
50 0 7 2 24
50 1 4 4 156
50 2 4 3 55
50 3 7 4 252
50 4 4 5 1619
50 5 4 2 8
50 6 5 3 64
50 7 5 3 85
50 8 8 6 12328
50 9 4 3 65
50 10 3 4 105
50 11 5 3 35
50 12 8 4 279
50 13 10 3 89
50 14 9 4 353
50 15 10 4 977
50 16 5 6 3514
50 17 10 4 550
50 18 4 3 27
50 19 3 4 212
50 20 5 3 68
50 21 6 4 424
50 22 8 2 30
50 23 3 4 166
50 24 6 4 134
50 25 5 4 256
50 26 7 3 113
50 27 9 4 639
50 28 2 4 73
50 29 1 4 58
50 30 9 2 22
50 31 1 4 40
50 32 4 4 99
50 33 9 5 3147
50 34 9 3 93
50 35 9 5 1903
50 36 4 3 75
50 37 6 3 55
50 38 4 4 102
50 39 2 5 380
50 40 4 4 137
50 41 4 3 53
50 42 1 4 57
50 43 1 7 30733
50 44 6 3 129
50 45 2 3 42
50 46 7 5 2456
50 47 5 3 88
50 48 4 3 39
50 49 3 4 124
50 50 10 3 179
50 51 3 4 171
50 52 6 4 380
50 53 2 4 77
50 54 6 2 28
50 55 6 5 3826
50 56 9 3 92
50 57 5 4 175
50 58 2 5 363
50 59 3 4 100
50 60 4 4 443
50 61 7 5 2486
50 62 2 4 92
50 63 7 3 72
51 0 2 4 64
51 1 3 5 354
51 2 4 3 61
51 3 5 3 52
51 4 1 6 833
51 5 10 3 104
51 6 5 2 19
51 7 9 2 29
51 8 4 6 2800
51 9 9 3 181
51 10 7 4 187
51 11 7 4 307
51 12 7 4 167
51 13 5 4 156
51 14 9 6 26676
51 15 4 7 28945
51 16 4 3 47
51 17 2 5 1045
51 18 4 3 40
51 19 5 4 410
51 20 10 3 65
51 21 4 3 50
51 22 2 4 90
51 23 7 3 51
51 24 2 6 1510
51 25 8 3 175
51 26 5 3 90
51 27 9 3 83
51 28 2 3 24
51 29 7 3 89
51 30 2 5 691
51 31 9 3 110
51 32 4 3 30
51 33 10 2 48
51 34 5 5 1160
51 35 7 4 212
51 36 5 3 109
51 37 9 4 817
51 38 3 4 251
51 39 1 4 44
51 40 10 2 40
51 41 8 3 57
51 42 8 2 40
51 43 6 5 3282
51 44 2 4 45
51 45 1 4 45
51 46 2 6 1660
51 47 3 6 4804
51 48 5 4 253
51 49 6 2 18
51 50 2 7 19822
51 51 10 3 174
51 52 3 3 51
51 53 3 3 31
51 54 9 2 30
51 55 1 5 125
51 56 4 3 87
51 57 5 5 763
51 58 3 3 53
51 59 8 4 682
51 60 1 7 6318
51 61 7 2 19
51 62 2 5 454
51 63 5 3 93
52 0 6 5 3943
52 1 10 3 61
52 2 4 3 51
52 3 9 3 196
52 4 8 4 783
52 5 10 3 75
52 6 5 3 91
52 7 2 5 235
52 8 1 4 104
52 9 4 3 77
52 10 3 4 121
52 11 10 3 216
52 12 4 5 1920
52 13 9 3 156
52 14 10 4 267
52 15 6 4 229
52 16 9 5 1781
52 17 8 3 166
52 18 3 4 138
52 19 3 5 378
52 20 1 4 84
52 21 6 3 45
52 22 6 3 90
52 23 1 6 1575
52 24 6 3 87
52 25 5 4 220
52 26 6 3 61
52 27 6 3 93
52 28 3 4 149
52 29 5 5 717
52 30 4 4 92
52 31 2 5 730
52 32 6 6 4178
52 33 5 5 1255
52 34 9 2 22
52 35 4 4 112
52 36 2 5 446
52 37 6 3 34
52 38 2 7 27567
52 39 6 2 24
52 40 7 2 33
52 41 6 3 122
52 42 3 4 188
52 43 4 3 57
52 44 3 5 1822
52 45 6 4 156
52 46 3 4 148
52 47 1 5 181
52 48 6 4 135
52 49 9 3 52
52 50 3 4 73
52 51 10 5 2316
52 52 8 2 35
52 53 4 3 52
52 54 1 5 159
52 55 7 3 77
52 56 3 4 95
52 57 9 3 98
52 58 9 2 38
52 59 6 3 64
52 60 8 4 506
52 61 5 3 63
52 62 6 4 192
52 63 2 4 52
53 0 2 4 51
53 1 7 4 339
53 2 10 4 870
53 3 7 2 25
53 4 8 3 62
53 5 8 3 146
53 6 3 4 130
53 7 2 3 18
53 8 3 5 1415
53 9 3 3 60
53 10 9 5 1763
53 11 1 4 26
53 12 1 4 31
53 13 7 4 452
53 14 5 5 2976
53 15 9 4 342
53 16 7 3 150
53 17 5 3 51
53 18 6 4 678
53 19 5 3 52
53 20 5 5 2510
53 21 5 6 18296
53 22 8 3 114
53 23 7 3 42
53 24 8 3 78
53 25 3 4 106
53 26 8 3 44
53 27 1 4 32
53 28 10 3 128
53 29 9 3 121
53 30 3 5 410
53 31 7 6 11014
53 32 4 5 683
53 33 10 5 1435
53 34 5 3 28
53 35 2 4 76
53 36 4 3 39
53 37 9 2 45
53 38 1 4 23
53 39 3 3 29
53 40 6 4 282
53 41 5 3 76
53 42 2 4 66
53 43 3 6 3613
53 44 10 4 519
53 45 5 4 231
53 46 10 4 223
53 47 3 4 112
53 48 6 3 49
53 49 6 3 43
53 50 8 3 87
53 51 2 4 117
53 52 8 4 244
53 53 8 3 129
53 54 2 4 105
53 55 9 3 133
53 56 4 3 38
53 57 7 6 10907
53 58 9 5 2346
53 59 5 4 251
53 60 1 5 593
53 61 2 5 524
53 62 5 3 41
53 63 2 4 139
54 0 1 5 287
54 1 10 4 594
54 2 2 5 455
54 3 5 5 853
54 4 6 4 208
54 5 5 3 106
54 6 1 4 68
54 7 10 3 101
54 8 6 4 237
54 9 7 4 564
54 10 9 1 12
54 11 9 4 398
54 12 5 5 1321
54 13 8 4 773
54 14 7 4 186
54 15 2 5 254
54 16 7 3 150
54 17 5 4 270
54 18 8 6 18914
54 19 8 3 72
54 20 6 5 867
54 21 9 5 1927
54 22 4 4 212
54 23 4 4 157
54 24 4 5 1164
54 25 2 5 478
54 26 2 4 64
54 27 2 4 178
54 28 2 5 755
54 29 4 3 57
54 30 4 4 130
54 31 9 3 111
54 32 6 4 252
54 33 10 3 135
54 34 3 5 344
54 35 1 4 53
54 36 2 5 388
54 37 5 3 88
54 38 8 4 241
54 39 2 5 724
54 40 1 5 123
54 41 8 3 92
54 42 2 4 52
54 43 7 5 914
54 44 9 4 467
54 45 8 2 39
54 46 5 3 100
54 47 9 3 118
54 48 1 5 147
54 49 3 5 484
54 50 1 6 1239
54 51 1 5 121
54 52 9 5 1709
54 53 7 4 247
54 54 1 5 211
54 55 4 5 552
54 56 8 5 1430
54 57 4 3 24
54 58 2 4 212
54 59 8 4 535
54 60 1 5 174
54 61 10 4 291
54 62 2 4 81
54 63 1 6 4312
55 0 1 4 37
55 1 10 3 55
55 2 8 5 1900
55 3 3 4 152
55 4 5 1 8
55 5 6 4 223
55 6 9 4 204
55 7 8 5 1377
55 8 6 4 360
55 9 4 6 3316
55 10 10 4 506
55 11 7 2 26
55 12 6 2 17
55 13 6 3 48
55 14 6 3 131
55 15 3 5 1497
55 16 1 6 1273
55 17 8 6 10269
55 18 7 3 46
55 19 3 4 148
55 20 8 3 142
55 21 9 3 84
55 22 2 4 122
55 23 8 5 1045
55 24 3 4 237
55 25 10 4 397
55 26 4 4 91
55 27 5 2 24
55 28 8 3 109
55 29 10 2 33
55 30 2 3 36
55 31 4 3 44
55 32 6 4 174
55 33 5 5 662
55 34 8 5 2247
55 35 3 4 140
55 36 1 4 46
55 37 1 6 1287
55 38 3 3 42
55 39 10 2 47
55 40 10 3 95
55 41 4 3 82
55 42 5 3 30
55 43 5 3 90
55 44 2 3 35
55 45 5 7 75434
55 46 10 5 2870
55 47 5 4 165
55 48 3 4 171
55 49 5 3 104
55 50 9 4 609
55 51 10 2 37
55 52 5 3 28
55 53 10 3 108
55 54 1 6 2074
55 55 6 3 87
55 56 1 4 75
55 57 5 3 87
55 58 8 4 222
55 59 7 3 61
55 60 2 3 33
55 61 6 2 28
55 62 4 3 29
55 63 3 4 112
56 0 10 5 2815
56 1 9 4 214
56 2 8 4 333
56 3 5 3 30
56 4 7 3 69
56 5 1 6 1938
56 6 10 6 7460
56 7 7 5 1565
56 8 9 3 71
56 9 7 4 425
56 10 4 2 18
56 11 10 5 1360
56 12 6 4 180
56 13 10 4 371
56 14 7 2 35
56 15 8 3 74
56 16 10 3 208
56 17 6 4 302
56 18 7 3 109
56 19 2 5 792
56 20 5 5 992
56 21 4 5 2530
56 22 7 3 39
56 23 2 4 63
56 24 8 3 127
56 25 8 3 134
56 26 4 5 2015
56 27 10 1 7
56 28 4 4 148
56 29 8 3 63
56 30 10 3 76
56 31 6 4 309
56 32 3 3 36
56 33 9 4 422
56 34 4 5 1799
56 35 8 2 29
56 36 9 2 17
56 37 7 3 152
56 38 5 4 383
56 39 9 3 64
56 40 3 3 52
56 41 3 3 27
56 42 5 4 133
56 43 4 4 170
56 44 10 5 3168
56 45 1 5 172
56 46 7 5 2523
56 47 2 4 134
56 48 3 4 188
56 49 6 4 503
56 50 1 5 276
56 51 2 4 47
56 52 7 4 171
56 53 2 6 2459
56 54 1 4 54
56 55 9 5 1177
56 56 8 2 39
56 57 7 4 323
56 58 8 2 18
56 59 8 3 76
56 60 3 3 52
56 61 3 3 44
56 62 6 3 63
56 63 10 3 147
57 0 6 4 135
57 1 7 5 966
57 2 3 3 64
57 3 7 2 23
57 4 9 5 2375
57 5 10 6 11395
57 6 3 4 166
57 7 5 4 192
57 8 6 4 229
57 9 10 3 62
57 10 4 5 483
57 11 3 4 194
57 12 1 4 110
57 13 9 2 47
57 14 8 4 280
57 15 1 4 63
57 16 1 5 134
57 17 9 3 78
57 18 5 2 26
57 19 4 3 68
57 20 6 4 585
57 21 3 5 1147
57 22 3 3 33
57 23 10 5 1235
57 24 8 4 259
57 25 8 3 88
57 26 10 6 8841
57 27 1 5 241
57 28 6 3 38
57 29 9 5 4801
57 30 10 4 306
57 31 8 4 275
57 32 6 3 47
57 33 9 4 396
57 34 6 3 75
57 35 5 4 153
57 36 2 4 103
57 37 9 4 943
57 38 5 4 292
57 39 6 4 174
57 40 5 5 728
57 41 8 4 332
57 42 5 4 279
57 43 10 3 107
57 44 9 5 1591
57 45 1 4 78
57 46 8 3 176
57 47 2 5 767
57 48 5 4 290
57 49 7 4 272
57 50 5 4 397
57 51 10 3 216
57 52 3 3 40
57 53 4 4 91
57 54 8 3 85
57 55 10 3 206
57 56 9 4 247
57 57 1 6 2163
57 58 9 3 75
57 59 5 3 36
57 60 9 4 381
57 61 1 4 111
57 62 8 5 939
57 63 6 3 47
58 0 8 4 846
58 1 5 4 518
58 2 1 5 395
58 3 5 5 3341
58 4 4 4 150
58 5 3 3 43
58 6 5 3 87
58 7 1 5 237
58 8 1 5 168
58 9 7 5 2179
58 10 2 3 23
58 11 10 1 14
58 12 5 5 1323
58 13 5 3 96
58 14 9 5 4234
58 15 3 4 323
58 16 8 6 34141
58 17 5 3 105
58 18 3 5 813
58 19 5 4 297
58 20 9 4 202
58 21 10 4 544
58 22 7 2 28
58 23 10 1 8
58 24 6 5 1561
58 25 4 4 211
58 26 10 2 48
58 27 10 4 228
58 28 4 4 124
58 29 10 3 80
58 30 2 4 138
58 31 2 5 879
58 32 8 3 130
58 33 7 4 765
58 34 6 5 740
58 35 4 6 7461
58 36 4 5 581
58 37 10 2 36
58 38 10 5 1283
58 39 10 3 109
58 40 2 7 17436
58 41 10 2 31
58 42 3 5 479
58 43 6 3 35
58 44 3 4 194
58 45 2 5 238
58 46 3 4 88
58 47 9 3 129
58 48 6 2 19
58 49 4 3 45
58 50 10 3 65
58 51 8 3 82
58 52 2 4 194
58 53 6 3 63
58 54 2 4 53
58 55 1 5 418
58 56 9 5 1499
58 57 3 6 2545
58 58 1 4 76
58 59 8 2 29
58 60 8 4 190
58 61 6 5 3828
58 62 6 4 410
58 63 5 4 419
59 0 1 5 422
59 1 10 4 352
59 2 1 4 34
59 3 7 4 166
59 4 3 4 98
59 5 9 2 36
59 6 6 5 938
59 7 1 4 106
59 8 8 4 219
59 9 4 4 143
59 10 2 4 182
59 11 7 2 33
59 12 1 4 23
59 13 8 4 555
59 14 8 2 27
59 15 10 5 1219
59 16 2 4 58
59 17 1 3 18
59 18 7 3 41
59 19 7 3 88
59 20 4 4 179
59 21 3 6 2271
59 22 8 5 2669
59 23 5 5 630
59 24 1 7 36992
59 25 4 3 32
59 26 10 2 32
59 27 8 2 30
59 28 1 5 136
59 29 1 5 194
59 30 1 5 119
59 31 7 4 363
59 32 1 4 111
59 33 10 4 276
59 34 10 4 1105
59 35 9 3 54
59 36 3 6 3839
59 37 10 3 73
59 38 10 3 201
59 39 7 2 30
59 40 4 6 2818
59 41 2 4 76
59 42 5 3 109
59 43 5 3 28
59 44 3 3 60
59 45 2 6 1600
59 46 2 5 308
59 47 7 4 296
59 48 2 5 344
59 49 1 4 81
59 50 9 2 35
59 51 4 2 19
59 52 5 3 29
59 53 2 5 409
59 54 5 5 760
59 55 9 4 471
59 56 2 4 55
59 57 4 6 13075
59 58 3 5 1473
59 59 8 2 23
59 60 1 4 63
59 61 9 3 132
59 62 10 2 27
59 63 3 5 552
60 0 2 5 376
60 1 4 4 172
60 2 1 7 7392
60 3 3 5 546
60 4 6 3 43
60 5 8 3 43
60 6 1 6 2342
60 7 1 5 265
60 8 6 2 20
60 9 8 2 24
60 10 1 4 39
60 11 1 6 975
60 12 1 4 58
60 13 7 3 72
60 14 1 5 160
60 15 10 4 303
60 16 4 6 8240
60 17 2 4 160
60 18 4 3 56
60 19 7 4 350
60 20 2 5 390
60 21 8 3 118
60 22 4 3 28
60 23 5 3 65
60 24 6 4 273
60 25 9 4 206
60 26 1 5 424
60 27 7 2 20
60 28 5 3 56
60 29 1 5 127
60 30 6 3 49
60 31 10 4 675
60 32 2 6 1961
60 33 6 4 375
60 34 9 2 42
60 35 9 4 252
60 36 6 3 35
60 37 7 3 144
60 38 8 3 59
60 39 7 2 33
60 40 3 4 108
60 41 9 4 494
60 42 7 3 69
60 43 2 5 611
60 44 3 4 155
60 45 9 2 34
60 46 3 3 51
60 47 6 4 134
60 48 8 3 82
60 49 5 3 58
60 50 1 5 232
60 51 6 3 59
60 52 7 2 24
60 53 5 3 98
60 54 5 5 1921
60 55 1 4 41
60 56 7 5 2118
60 57 6 3 51
60 58 1 4 42
60 59 5 4 116
60 60 5 3 71
60 61 8 5 1463
60 62 4 4 112
60 63 2 6 4773
61 0 8 3 46
61 1 6 2 19
61 2 6 3 90
61 3 1 8 48621
61 4 3 3 32
61 5 5 3 55
61 6 4 3 68
61 7 8 6 14694
61 8 1 5 114
61 9 8 3 48
61 10 6 4 151
61 11 8 5 1214
61 12 6 3 40
61 13 1 6 4852
61 14 7 3 71
61 15 6 3 85
61 16 7 3 61
61 17 8 4 310
61 18 4 3 82
61 19 10 3 206
61 20 4 3 77
61 21 6 5 814
61 22 9 2 40
61 23 6 4 551
61 24 3 4 229
61 25 8 4 221
61 26 3 3 62
61 27 3 4 90
61 28 9 6 24314
61 29 10 2 53
61 30 7 4 614
61 31 7 5 2391
61 32 4 5 624
61 33 7 4 164
61 34 5 3 103
61 35 5 3 43
61 36 8 2 40
61 37 3 5 1423
61 38 2 4 132
61 39 8 3 52
61 40 4 3 81
61 41 4 7 31454
61 42 10 5 2067
61 43 5 4 234
61 44 4 5 2589
61 45 3 4 69
61 46 4 7 26255
61 47 3 6 2341
61 48 6 3 49
61 49 4 4 217
61 50 8 3 124
61 51 3 3 43
61 52 8 3 167
61 53 4 2 13
61 54 7 3 82
61 55 3 5 1546
61 56 3 3 49
61 57 1 4 72
61 58 2 4 196
61 59 1 5 212
61 60 8 3 137
61 61 4 4 330
61 62 2 5 398
61 63 10 3 57
62 0 5 3 108
62 1 2 4 147
62 2 7 4 257
62 3 6 3 39
62 4 7 4 467
62 5 3 5 612
62 6 1 4 86
62 7 6 5 814
62 8 10 4 257
62 9 9 2 29
62 10 9 3 78
62 11 8 2 42
62 12 7 3 123
62 13 6 5 1452
62 14 5 5 995
62 15 3 3 21
62 16 2 3 37
62 17 1 4 55
62 18 3 5 1271
62 19 5 3 78
62 20 1 7 24589
62 21 3 4 167
62 22 3 3 39
62 23 2 6 1942
62 24 1 5 244
62 25 9 5 2142
62 26 1 4 99
62 27 10 2 40
62 28 6 4 480
62 29 2 4 72
62 30 2 4 114
62 31 6 4 563
62 32 10 3 135
62 33 6 4 148
62 34 4 3 61
62 35 2 5 259
62 36 7 4 161
62 37 10 3 72
62 38 6 3 46
62 39 5 4 512
62 40 6 4 401
62 41 10 2 48
62 42 10 5 1146
62 43 10 4 1007
62 44 7 4 419
62 45 1 5 155
62 46 2 4 76
62 47 2 4 166
62 48 5 5 1789
62 49 1 4 83
62 50 10 4 421
62 51 7 3 125
62 52 6 3 74
62 53 8 2 33
62 54 2 3 17
62 55 8 3 76
62 56 4 3 76
62 57 3 3 35
62 58 3 4 288
62 59 8 5 3437
62 60 8 4 279
62 61 6 5 2023
62 62 5 4 181
62 63 4 3 40
63 0 9 5 1055
63 1 3 5 1977
63 2 10 4 563
63 3 1 4 83
63 4 9 5 4639
63 5 8 3 88
63 6 10 1 14
63 7 9 3 127
63 8 7 4 163
63 9 9 4 998
63 10 1 6 1092
63 11 10 4 396
63 12 8 4 311
63 13 4 4 433
63 14 2 4 150
63 15 2 6 4889
63 16 7 3 83
63 17 10 3 101
63 18 4 4 104
63 19 6 3 37
63 20 9 5 1182
63 21 8 5 1308
63 22 4 3 54
63 23 2 4 179
63 24 3 5 383
63 25 1 5 402
63 26 4 5 1301
63 27 8 6 8294
63 28 10 3 129
63 29 10 3 66
63 30 7 4 229
63 31 1 5 363
63 32 2 5 296
63 33 7 3 94
63 34 9 3 106
63 35 3 5 1740
63 36 3 5 922
63 37 7 3 65
63 38 8 4 332
63 39 2 5 454
63 40 4 4 94
63 41 1 4 84
63 42 8 2 27
63 43 10 6 24270
63 44 2 4 170
63 45 6 5 1642
63 46 8 4 272
63 47 9 4 930
63 48 7 4 243
63 49 1 5 276
63 50 7 5 2243
63 51 9 5 2569
63 52 5 7 30058
63 53 3 4 127
63 54 2 4 64
63 55 5 4 462
63 56 3 6 2116
63 57 9 3 146
63 58 7 3 108
63 59 6 3 36
63 60 8 3 96
63 61 7 4 427
63 62 9 5 4933
63 63 6 3 58
