6183 1.046391266874914e-08 
8340 2.0730238128852628e-10 
8878 2.936902863915833e-11 
7640 2.439220700423128e-12 
3866 1.8015680521834762e-10 
7443 9.732856457415426e-10 
2407 1.0938393657895584e-08 
3875 5.5689183773490574e-09 
3405 3.540816747452153e-07 
9454 1.4858332202578623e-09 
3790 4.221363240603297e-09 
7042 1.039928853208312e-10 
9588 1.0870585861825208e-09 
1159 1.5094986957728817e-07 
8149 3.372597552280153e-09 
7876 1.1819677695840692e-09 
823 1.609909393093128e-10 
8423 1.580759147714973e-08 
9500 8.304968913029106e-09 
569 6.84771685427292e-11 
4635 1.7034544765300998e-09 
5930 2.907494670031734e-10 
9757 5.269295411930488e-07 
9766 3.0896839831705953e-09 
3425 1.6953486271092943e-10 
978 1.9220275443701826e-09 
8832 7.576104402823321e-09 
6887 2.808551892851495e-09 
8862 1.6282685449180655e-09 
4117 1.3017952175504938e-08 
5608 4.899506474614006e-10 
9361 9.05173863177699e-10 
153 3.1661333644910847e-09 
1874 1.1388377295884795e-09 
4742 1.6664958229412445e-09 
7101 4.911158927732973e-07 
3778 2.409256953485382e-10 
9555 1.836955594607005e-09 
8395 2.5423079917932117e-08 
8096 1.2758494435080915e-08 
92 3.0553252995350544e-09 
8734 4.8453972785359574e-09 
2166 9.207823743478251e-09 
5684 6.562972303346647e-09 
5041 3.039375053178438e-10 
1267 1.5731758873838066e-10 
5602 3.203967380052162e-09 
9212 1.5401821169557607e-08 
3668 3.89151335190672e-09 
2276 3.759614303376351e-07 
5862 7.553180759357129e-09 
9687 1.3386233770392648e-09 
8240 5.805152524309861e-09 
8624 4.878526284058615e-09 
2291 3.584330381509944e-07 
5549 1.246473195316909e-10 
6341 2.466377490486591e-08 
1311 3.178892698396627e-08 
7468 5.173484336597683e-10 
7671 7.56341348878448e-10 
4446 1.8109492589042228e-08 
764 2.0416057090302987e-09 
559 8.802426127406393e-12 
2488 9.812434904595078e-11 
8288 2.4008481156910164e-10 
3088 2.7706811237811277e-08 
103 1.246276107432905e-08 
5939 1.003715555649246e-07 
2674 5.713288056306229e-10 
8860 1.2675835133849534e-08 
6344 1.6927376120358237e-08 
4745 2.2542921805131706e-08 
83 3.3083550789095724e-08 
6678 5.0652951438100586e-09 
2971 4.487031155566692e-10 
2294 1.7206360919820829e-09 
7360 1.1000998580785928e-10 
5062 3.060824157073578e-09 
8156 2.2231961647409067e-08 
2033 2.3117997678667995e-10 
4382 1.80642383046469e-08 
7638 1.9175891336689734e-08 
909 3.5461643827349416e-08 
1699 2.7259633924086483e-07 
5360 2.501464844278177e-09 
9008 1.3203451358504217e-10 
1200 3.265386257254117e-10 
5909 1.8948443183432195e-11 
9253 5.417519741765921e-10 
3191 1.5476310105620706e-09 
4248 2.0918894320358676e-08 
556 1.727909803594386e-09 
5563 2.4392802445483765e-07 
2862 1.3217040017722594e-09 
1908 2.157092857896738e-07 
4414 5.006047981374461e-10 
5328 6.607803584752833e-08 
8130 4.308709785580964e-10 
8059 1.655388231006083e-10 
5244 1.2916205519156377e-09 
5009 2.0209403827329848e-09 
1516 1.9124800409374117e-10 
4851 1.7981873145855127e-10 
4832 1.1887320045412403e-10 
1540 4.710429388508352e-09 
5038 4.2709910081658404e-10 
3115 4.069757357891724e-10 
7945 2.6324483482539473e-10 
968 7.845495520603096e-12 
7052 3.2722212285434243e-09 
7423 1.165231331562433e-10 
6705 7.179439334703552e-12 
1809 4.008347250613524e-10 
4036 1.0608487707425325e-09 
1937 1.1445902198584622e-10 
485 3.8415625743433784e-08 
8988 3.0843976894158526e-09 
3860 6.504700256074539e-11 
7374 1.8165149642905937e-08 
415 2.128898429206794e-10 
9521 2.210359640410003e-10 
5209 1.8466818443981786e-07 
7854 5.828704585010032e-10 
1997 6.43864367204372e-12 
551 1.1460657272230034e-07 
3231 2.6076451361510985e-09 
6042 2.7648371807835895e-08 
162 5.461382217673155e-10 
3064 3.431910166234628e-09 
5336 2.1741529930563441e-10 
7010 1.2654085218568798e-08 
2830 9.690292677951029e-08 
9441 9.141049224410956e-08 
886 4.450599353153201e-09 
2970 4.394452853893625e-08 
6709 8.821123474983422e-08 
8403 4.792492447508489e-10 
889 1.1506397521407153e-08 
8396 6.651657299030952e-09 
6012 2.3339369639029856e-09 
1426 3.517669965870575e-08 
4262 2.15041826835368e-09 
1689 2.55347552568695e-09 
2729 1.942656937399586e-09 
8849 7.350728177781327e-10 
1734 1.7378582427861387e-09 
5722 5.396613110457461e-07 
6351 5.588473064640901e-10 
7380 8.646672440633434e-10 
5567 2.7054385254909846e-08 
2930 1.4762203951988329e-08 
5275 1.4369802988373046e-07 
7333 3.386843958986801e-07 
533 3.143356590360053e-08 
9508 3.1262435344358937e-09 
8529 2.2382507440754608e-10 
6607 3.027188729179918e-11 
6397 5.3264515216137935e-09 
5748 2.3318961137188754e-10 
9867 2.8964496276727378e-09 
1002 3.1568032760657522e-09 
2728 2.688754434219224e-09 
2994 2.3216637143656995e-08 
3379 2.584876594853418e-09 
1885 4.2647893808194165e-10 
3294 1.8541658431374807e-08 
4916 6.657610755210811e-10 
8771 1.7175033848629585e-09 
9462 7.451392128740112e-09 
3298 1.6268038981984468e-07 
780 1.8473894645795624e-08 
9377 9.55339770508136e-11 
2541 2.9158789098537863e-12 
3018 2.8734926872837907e-11 
7848 9.999400856145597e-10 
6562 6.207622334383147e-09 
623 9.921543553631333e-11 
959 9.1928418552493e-09 
369 6.711187626526875e-10 
922 6.125699928889586e-07 
4705 6.779128242394755e-10 
8565 1.5443960487171185e-07 
1935 1.7390239231923437e-09 
1018 6.615649448074058e-11 
3661 8.933904371997271e-09 
5921 2.8995988415041393e-08 
1735 4.74757301663215e-10 
9089 4.2406284075078605e-10 
8009 1.5296375596691265e-10 
5281 2.937786501947133e-09 
2892 5.288159884216537e-10 
5526 1.558902975257503e-08 
1812 8.716697209951857e-11 
7027 1.8933377549530617e-09 
6947 1.5750957451563e-08 
9880 1.2608386752867686e-10 
9250 1.934826087527145e-10 
1962 2.3828748978334258e-11 
4284 1.2506124290779336e-07 
7836 1.7824829518630205e-08 
1295 1.9751102234996667e-09 
8954 5.973718362725958e-10 
5648 9.503054662968386e-10 
1279 7.931542127285616e-08 
8816 7.117666424647081e-10 
166 5.0885735702150756e-11 
8008 3.1600560235345734e-09 
9518 8.945864813941344e-09 
27 4.814341755872481e-09 
6400 2.8211897657816228e-09 
8961 1.2472640535710381e-09 
1822 6.308440828890733e-10 
4893 3.8029146200763387e-07 
4014 1.2806082633834697e-09 
3007 2.4339348344187532e-09 
7320 7.128288627769597e-12 
4558 5.257764984552211e-09 
3904 5.018682305947835e-09 
7737 5.817559186455531e-09 
3759 7.004197203936709e-10 
8327 6.320903417876253e-09 
4303 9.673480757368188e-10 
8759 1.0872543242509031e-08 
9075 2.853959721427613e-08 
2920 4.208016433618055e-08 
2091 2.7539869854948306e-10 
8522 4.233530546542688e-09 
3493 3.83162837234428e-09 
6637 1.8065738516286805e-10 
3608 1.8011149134328599e-09 
1265 5.790031274748984e-07 
1118 3.443963762624591e-09 
8375 1.8166892003321916e-10 
9241 5.545086847001245e-10 
5261 5.040891706276775e-07 
3309 2.70178071938306e-09 
5595 1.4082984473959512e-09 
1221 6.535394832138284e-08 
6145 2.638945152284573e-10 
1557 1.1704673541665023e-07 
8003 1.643025538554369e-09 
7251 3.1102588528166625e-09 
2462 3.161875776635661e-08 
2301 9.301510456043209e-10 
7527 9.90392706116685e-10 
4180 1.58561775600479e-10 
1766 4.901194825201984e-09 
2614 6.596912067193947e-09 
9397 4.682473552578444e-09 
126 5.139822466714406e-07 
679 1.0289143617716722e-07 
4138 3.877093569245658e-08 
2177 1.7324722090641712e-08 
4403 1.5980402965155282e-09 
8295 4.6493512138130397e-11 
2275 4.3735060830114966e-10 
9047 9.170243318973553e-10 
1663 1.5363682411491215e-09 
2584 2.769975125363662e-10 
861 4.500941203366727e-09 
9996 3.6355285998996255e-10 
9153 1.2764016081058538e-10 
5980 2.3198606316066395e-09 
4035 9.273731169925567e-11 
5607 2.8616841100736123e-08 
2315 3.1588681614170633e-10 
9501 7.040142496356792e-07 
6359 1.0010900528684141e-11 
4827 3.0905391374826376e-07 
9030 3.530295358982665e-09 
6939 3.6924188939836575e-07 
8348 5.306613492691677e-09 
183 3.69446962795857e-07 
7389 3.5586062481475056e-07 
8303 9.673264596909082e-09 
2173 4.2055160253152697e-10 
458 9.038413670155391e-08 
7525 5.562292268764361e-08 
4852 4.1934873513143995e-08 
9275 2.9252772089144365e-10 
762 1.4237005697148868e-09 
591 6.064054570664815e-10 
2435 1.65785964078597e-08 
639 1.3601161308465304e-10 
4104 6.037293393111479e-10 
5135 1.829649155627171e-08 
4586 6.26117380379861e-10 
5513 1.2403766862305356e-09 
2769 1.565060192920231e-10 
7557 1.3206902736506793e-07 
4606 3.856278412819756e-07 
5961 8.811533398415586e-08 
8025 3.813548716719349e-09 
3812 6.606144873246413e-10 
1911 6.280466814133682e-10 
985 8.592521543166874e-08 
2417 1.769194158126042e-08 
5844 1.0081495509274131e-08 
2057 1.4547124332725425e-09 
7492 9.180973208935251e-10 
8312 2.2161780662145622e-07 
7980 5.479302245524594e-07 
6973 8.605212139659075e-09 
5250 4.486876405865954e-10 
8313 6.291213926020085e-10 
6831 5.395124298095117e-10 
6579 1.0292789517975603e-09 
1424 6.129119491889075e-10 
9765 1.3337491606590883e-09 
9237 3.035225781987589e-10 
8275 2.330040893741396e-10 
8527 1.995448209933216e-08 
4109 1.4019631375955521e-11 
8145 8.739618605289865e-08 
6379 4.761496416334082e-11 
5808 4.927101766938674e-09 
3600 1.3564629172384314e-08 
7143 2.4398917298295698e-09 
4946 3.4580249438062874e-09 
2689 1.6646677351866588e-10 
2274 3.674032660157065e-08 
6576 1.0478231993280452e-10 
5240 8.181892218922434e-08 
8772 7.511340225836225e-09 
3303 3.163643420754051e-10 
9064 3.433666611061216e-08 
3948 3.796903430227684e-11 
47 4.698681373365045e-09 
7981 6.642857009635846e-11 
5807 3.9662174293565206e-08 
9143 1.2490612330832141e-09 
7062 6.792392379384712e-08 
3861 3.6916935487578146e-10 
9680 8.256543650733805e-09 
5830 1.3267045251563849e-08 
9225 3.8470555233316656e-10 
5155 6.096372183521338e-10 
6416 5.469480406608454e-10 
4883 5.374865578110753e-11 
5565 9.131337624596281e-10 
9394 8.517140648030313e-09 
4524 1.1293476584740566e-08 
4728 7.56108307324506e-07 
4962 5.071050545625566e-11 
5306 8.287836641296019e-07 
7690 1.0344462228741524e-09 
8448 6.84386034407913e-10 
1193 3.5350514846877484e-09 
3109 3.8329240431930365e-10 
5090 2.0801963827063776e-08 
3378 2.0214919614015715e-08 
7614 5.843221680167446e-11 
6578 3.5343367816902935e-07 
4713 2.6233676476527645e-10 
6677 1.443210709037484e-08 
7720 3.027233936085984e-09 
7681 5.685425619373117e-09 
4259 1.0077979284946617e-08 
5465 8.019036823458947e-13 
9850 2.2169099720092573e-09 
5182 1.1906376733606013e-10 
677 4.7355354311278894e-11 
7611 6.299434537084648e-10 
8960 2.2907872052056946e-09 
4370 1.296590680975536e-09 
911 7.96226338849312e-11 
1117 4.065505693190809e-10 
6434 3.4690133928820286e-09 
1787 3.289288715045917e-07 
2257 1.3616057061931531e-08 
2001 1.221905390502848e-07 
1830 1.2049424346664096e-09 
4936 6.934740551914928e-10 
5780 1.807175535648479e-08 
7796 4.749672571255445e-09 
9023 4.272461936528389e-09 
2993 1.4318580376976615e-07 
5148 1.7345114198588348e-09 
1337 4.139779047023115e-09 
2433 1.635991199972537e-09 
8397 1.022196807436821e-09 
4669 3.9185989614840336e-10 
1435 1.6442174903913174e-09 
4536 8.003514313879887e-08 
2671 5.428360874468618e-07 
9168 2.201582363883423e-10 
5401 1.3346356468382499e-09 
4575 1.6624010623479976e-08 
7163 9.910083922205573e-08 
4317 4.430634784296887e-11 
1612 4.3124406652396926e-09 
319 4.1895859694433065e-10 
9513 1.2385229560679667e-11 
6511 8.928133136160035e-10 
9743 1.1385782597901073e-08 
7478 9.833831151553078e-08 
7750 8.276424209441195e-09 
4774 2.0287420851528088e-08 
7404 1.564543693532721e-09 
8823 1.7547778207643968e-08 
6308 1.887534266966733e-08 
4304 8.727340412328959e-08 
1764 2.194292140770735e-10 
707 1.196354780993731e-08 
4813 2.3958980193760815e-08 
3389 4.005216528477995e-10 
6875 6.894229200656195e-11 
6919 3.878052732110144e-09 
5484 2.991260047275311e-11 
7315 4.995403594984217e-10 
6962 9.683220036021557e-10 
3180 2.2640860087895754e-09 
5979 1.9672393548110906e-09 
5335 2.867414390237506e-08 
2924 3.1859669042855406e-09 
6608 7.967484528040303e-12 
3010 2.8743331499658797e-12 
3536 3.3395342952241016e-10 
388 1.1335315142050383e-08 
2246 4.959557179749173e-09 
4651 8.90280123927445e-12 
3250 3.557758477506069e-10 
7066 1.0764439502804085e-09 
3458 1.0130308968254748e-10 
5904 8.537612746237176e-08 
8894 7.100959878154726e-11 
9762 9.580851874513846e-09 
9580 4.499701302630606e-08 
9565 2.0096546140302326e-07 
8495 8.416765135078557e-07 
6209 8.377220171713567e-08 
8285 1.9398982649693e-09 
2756 1.0866038066071129e-10 
1574 1.8791419752708136e-08 
1454 5.4403123639295e-09 
8774 4.081452091140474e-10 
2211 1.1870291244896452e-10 
3457 2.572968437953696e-09 
9004 3.586440075121566e-08 
680 8.894151064075705e-09 
2280 2.238293614917174e-09 
5221 8.224298802907008e-09 
1930 2.824459376845061e-10 
3141 7.659423718370259e-09 
9290 2.852579921109677e-08 
6910 5.324938874013292e-09 
3714 1.3911839913804817e-09 
1215 1.3127093982538263e-08 
5113 6.173216593805117e-10 
8342 1.9601314862247716e-08 
5753 1.3255374247108788e-09 
8638 4.7031535052111453e-11 
942 2.4415752848147324e-09 
4516 3.00210235933263e-07 
6423 3.100536685840043e-08 
1900 1.9620393368901863e-09 
3958 1.1741351276489873e-08 
939 3.9147303082013476e-09 
8709 2.9142586166665133e-10 
7036 1.7272501727912072e-10 
5893 1.1964442577651511e-09 
8315 3.3386054249998376e-09 
7213 4.883967414546731e-09 
5555 6.9394409923234646e-12 
4899 1.5670739860374101e-10 
3280 9.846587604095434e-09 
2594 2.930363965018693e-07 
2634 3.699356733487605e-11 
7306 3.776440739424983e-09 
8791 8.971789857607514e-08 
2325 1.6029674390215586e-08 
7679 1.5022714852975608e-09 
6797 8.347918625594351e-09 
4979 3.2866488593931583e-10 
6950 1.4764028236522952e-07 
516 2.236728665442624e-10 
666 1.1466521560727144e-09 
902 1.3294215917035375e-09 
8689 3.7137276691513614e-09 
8483 5.251476293820456e-08 
7286 1.3630410749842007e-09 
4062 2.1050647794626924e-09 
7991 1.7995276885177268e-09 
6966 1.0005525827501573e-09 
4659 1.2976019173252185e-09 
916 3.006642849891227e-09 
8119 7.853929637723078e-12 
6088 1.8445662078125604e-09 
6599 1.3740710432403594e-10 
7704 7.98519046702308e-11 
5068 2.248527285159267e-09 
2112 1.2882367559106547e-08 
2162 5.883629233811407e-09 
5224 6.429088253828065e-08 
4274 1.4683156884593283e-09 
6572 9.17163600029633e-10 
2133 1.4962330852386518e-08 
4647 3.245712025360632e-09 
8834 8.364728529380083e-09 
6956 2.982322948410347e-09 
1445 6.334389637795021e-10 
6740 4.912408772363878e-09 
7246 2.360472804521152e-09 
7290 1.0998113816316161e-08 
1810 7.93548694258328e-09 
1847 1.5703246403381373e-08 
8556 5.158928929106685e-10 
8744 4.4110240945768203e-10 
5672 1.139225657488325e-09 
9787 8.724241858828907e-09 
3775 6.989384091677598e-08 
7379 3.5089928148470247e-09 
2945 3.885845589006143e-07 
5101 1.065761610540155e-09 
5652 8.921899065232823e-09 
1416 5.780007280632195e-11 
6525 8.806069292124635e-09 
9209 3.392245823061462e-10 
9378 4.2028388645896334e-10 
4757 7.046044140053559e-09 
4561 1.472960345134297e-07 
7205 2.5819576945224076e-11 
5519 5.1989922391787214e-09 
4298 2.417162980392746e-10 
5552 1.6518336847223732e-09 
3570 1.710131487849399e-10 
6234 1.1044523910881676e-11 
9883 9.022418970926174e-09 
783 8.995537024925266e-10 
5735 6.351029380848646e-10 
9735 9.449287079101048e-10 
5737 2.815870025383852e-09 
2055 6.5430435647166855e-09 
5296 4.5817965062617545e-08 
324 9.920361652266467e-09 
453 7.87790192318223e-08 
6779 2.699272122977361e-07 
2762 1.4614314738550766e-09 
9876 1.8595904218329809e-07 
7183 1.1198931830131074e-08 
5277 2.672637301258315e-07 
3046 4.1092535120077975e-10 
6569 3.323932800655889e-08 
9803 3.485595994234987e-11 
9922 1.0615413994536703e-08 
770 2.5319408876908158e-08 
6699 8.332327611847943e-10 
8084 2.7438623787878257e-07 
274 5.994312351107161e-10 
3487 2.1857349903533357e-10 
2225 5.4924025625556894e-08 
8874 1.7325906497261262e-11 
1776 1.536656368363551e-08 
6702 5.352344330676591e-07 
7289 1.8855771475044568e-10 
6413 7.177528481000704e-09 
6280 6.1241451775186826e-09 
8377 4.193320500844877e-10 
4949 6.479908756222571e-09 
5307 1.45500764004759e-10 
8233 4.412504301701226e-09 
5669 8.70265968721067e-09 
3189 2.3198327484200203e-07 
4663 1.4147108553938473e-08 
8922 7.436092651484993e-09 
622 3.53103027626344e-08 
2495 2.2210823442627608e-10 
3521 4.329521116619439e-12 
8067 4.669066388231994e-10 
1111 4.881522514091656e-10 
5920 8.649924222479613e-10 
6561 2.467276532013202e-09 
7758 4.8371628010571215e-09 
5888 8.121154276342782e-08 
5745 1.210332636793751e-08 
9541 7.194719882679183e-10 
6366 1.3176013047396846e-09 
7739 3.2587378888776604e-08 
2515 1.971837961738269e-08 
5505 4.2318436740863915e-07 
5747 2.1799489929632557e-07 
6298 1.4022839462442234e-08 
2408 8.314419217354043e-10 
3735 3.7293907739616963e-10 
7618 1.9127539130938383e-08 
761 1.5237141479658057e-09 
4289 6.798207661841941e-09 
3132 6.895607861364468e-10 
1021 1.310680758083564e-09 
6296 5.010548399797532e-12 
5436 7.845033582986032e-10 
2598 2.455222851445528e-09 
1206 4.746188056346725e-09 
4717 2.5282889025979847e-10 
2300 1.4325944410923741e-10 
1284 2.020026213511333e-09 
9862 8.125313500031894e-08 
6419 5.056877260447723e-09 
2866 2.9670292649352134e-08 
7168 1.5003858895803124e-07 
2450 5.884520511655316e-11 
7631 1.8445622613827211e-10 
2273 7.015895862485638e-09 
8353 2.798612979951722e-08 
347 5.233885373712166e-12 
31 1.6138916050599918e-10 
7543 1.015087724177277e-08 
1640 1.5960181802442393e-09 
4483 2.4367534656512686e-09 
8512 3.5116663917034163e-11 
1619 7.813932207217913e-09 
4206 3.756574874412458e-08 
6485 1.3745730516822284e-10 
3474 4.034672187445715e-10 
6371 1.1585854490080301e-09 
8491 2.694804486098857e-10 
4157 1.6652774755273217e-09 
5201 1.3068294115342517e-07 
5346 8.091316661837688e-09 
6835 1.7625171571565627e-07 
4079 1.2313441851956138e-08 
907 1.0558899443344284e-09 
1509 3.321640987437313e-11 
6917 5.212036521333961e-10 
6518 1.1391729570727805e-09 
1683 7.936091620586641e-09 
8473 3.194362081318033e-09 
5289 3.198431100455727e-10 
8644 2.754748227861987e-10 
1272 1.2747001913206157e-11 
6771 1.8615665455221686e-07 
4377 2.7683368269325543e-10 
558 3.300145674305214e-08 
7779 7.005298096586794e-09 
9869 2.8324688975582893e-10 
283 5.920943905524459e-11 
8100 2.1931571266375788e-09 
234 1.82751670476614e-09 
5580 5.1621857830030926e-11 
136 1.1555988841602656e-09 
1936 6.559466452032876e-08 
425 1.3301097285916397e-09 
8317 1.752795185194119e-09 
521 1.1600076843233881e-10 
5847 3.2751801496357807e-10 
5313 3.3830948903749033e-09 
1320 4.283466291154297e-09 
2248 1.881763761082771e-09 
9451 1.9358728325525832e-07 
8260 2.359878889252997e-10 
3440 7.517417185006921e-08 
9197 5.39729330022512e-11 
1306 9.709147018679857e-09 
8435 1.1205422984944703e-09 
1738 7.980040528391629e-09 
598 3.9009886618520756e-08 
8037 2.4764474332406058e-09 
4140 1.0060865705986966e-08 
6631 1.8549302886151708e-09 
6053 1.4799242777610819e-09 
8585 7.133523340680946e-10 
2509 3.0847510309203827e-09 
4978 1.7906591402667765e-10 
6294 5.519060557486054e-10 
7271 4.0180340309816336e-07 
8002 1.2169178155881329e-07 
6498 3.0069830987765747e-09 
5040 6.154085921417085e-12 
4719 1.9824937206336422e-08 
7664 1.0909366473940834e-09 
88 3.178681606673951e-08 
4534 2.122028255346482e-08 
9642 4.73481448818279e-11 
4046 3.7487530453168914e-10 
174 5.24058722705278e-08 
2242 6.374061585987436e-09 
3408 1.9271218738601253e-09 
1471 1.9570453767858142e-08 
5982 5.252726103876322e-10 
2806 5.1206145253905946e-11 
6476 1.0875675022629263e-08 
1427 2.39457658488386e-10 
5503 1.3933042324241026e-09 
3572 7.187568982103699e-11 
4453 4.213587418807127e-09 
3343 1.1902211981702207e-10 
1491 2.645485036516964e-07 
6396 8.776008832644638e-09 
1115 4.396593331449961e-08 
544 4.3445858482238295e-09 
3760 6.74015298518258e-10 
3009 2.5050690465631843e-08 
5693 4.146000673311244e-11 
187 8.636236286047071e-08 
9149 9.204863801257819e-10 
8932 7.987569291624739e-09 
5122 1.3037700676535893e-09 
7212 1.2079070497252546e-08 
5179 1.0037983960650709e-08 
3995 1.1410171571956621e-10 
4167 2.617553350244971e-10 
7347 6.835943167050277e-10 
8916 8.35988490245469e-10 
2740 2.175392619562511e-09 
5825 2.596218382632456e-08 
4149 7.658930614555266e-11 
9986 1.2151731677107966e-10 
9636 4.642872263288766e-10 
8464 7.759172706065355e-10 
4608 3.434253532905585e-09 
5547 1.8659997344223998e-10 
7904 5.09311324704347e-08 
9216 1.3333379958850193e-09 
5649 4.1597178371770684e-10 
8398 1.7911578442637117e-10 
6633 2.1860347047277144e-09 
2841 2.2874845023929043e-09 
7765 8.30288007382851e-09 
4205 1.2210053458071403e-08 
3271 3.320216352657049e-08 
669 2.927535400305333e-08 
8441 1.640883906337245e-07 
6306 1.7773084519081533e-09 
9573 5.7433516414030235e-09 
7798 4.593658407631851e-09 
1519 2.7067161120470017e-09 
4299 5.0297840574070194e-09 
2587 1.7554382751104093e-08 
6404 4.559853935341934e-10 
8779 5.142154331834882e-10 
5228 8.66434632767979e-08 
3947 2.198530304307301e-09 
5863 1.1723171687403358e-09 
6346 5.139488787820527e-09 
346 4.604957165769767e-08 
7233 7.693532915639002e-08 
2499 7.406705503055617e-09 
361 1.5225720350875349e-09 
4590 2.937809262051498e-09 
3006 9.280967788651362e-10 
7577 1.1593514553578384e-09 
2602 1.1331764368951911e-08 
7708 9.409970002471669e-09 
2837 2.0683948072256435e-09 
6721 8.44052677458838e-10 
4322 2.408308221210102e-09 
876 2.740622092670662e-10 
9309 1.0415132780739259e-10 
7615 7.1792498614914995e-09 
7912 2.3690329909172394e-10 
3687 1.1925183063254963e-13 
9772 4.0867924935640225e-09 
7696 9.221874407749172e-08 
5488 3.452502010545472e-10 
7570 1.4595739597007178e-10 
7486 8.643390510208038e-10 
5687 7.131189805907655e-10 
5079 1.0012992822036604e-11 
1840 2.9207502302168812e-09 
845 1.10982291882082e-09 
5383 4.276159723085071e-08 
3911 3.483352096394267e-09 
4480 7.665632332024315e-09 
3157 5.607709143807887e-10 
3367 1.0323094189577358e-08 
3317 8.880640496524046e-11 
5896 4.0997406776941206e-11 
7020 1.282236010038009e-09 
8147 1.3678293080775076e-09 
7770 9.034645154196879e-10 
6068 6.495264701583812e-08 
2349 1.7538593525923884e-08 
2348 8.332545051744597e-10 
4047 3.4321947655901684e-07 
1846 5.4051747167265735e-09 
4435 3.098236503244441e-08 
4597 6.951972484467217e-10 
7120 1.3160944670230837e-10 
3959 8.440059865568401e-09 
5469 1.4914488867574393e-07 
8549 2.1509394233857866e-10 
2423 1.756824793597666e-09 
7654 3.224541916608452e-10 
9606 7.400633744911472e-09 
61 2.511728734411323e-08 
6220 1.4087049631658758e-08 
399 5.881493642806435e-12 
7668 6.749985417173708e-10 
6738 3.1080927101682453e-09 
8539 7.180635745024627e-11 
2134 8.261349070115553e-12 
9450 9.472727462722595e-10 
1228 1.7498338473943307e-08 
8611 5.826777982906404e-11 
2875 9.724294171606674e-10 
3160 8.02515713145094e-08 
9927 4.5615733948776256e-10 
8197 6.528301817673856e-10 
4323 2.629209992877787e-09 
8136 3.9334928807118483e-10 
7456 1.11307932569559e-09 
731 1.1713914792065274e-09 
2563 8.39093902150061e-09 
1414 5.525406521211806e-13 
6563 2.8264007721542256e-09 
6360 1.0764725648638928e-07 
1125 9.417445475628413e-10 
8174 8.953065302341355e-10 
1048 5.885151022392846e-09 
7489 1.6938210238565251e-10 
8515 4.21971614331993e-09 
2878 3.58356305203134e-08 
6589 9.18895312498681e-09 
4549 2.626547907016471e-09 
9475 2.3099862086627294e-10 
9542 1.2912906083761746e-10 
6737 4.1356222036753555e-09 
5189 1.8107843459172172e-08 
1483 3.31442690329082e-09 
3151 1.3018386124381721e-08 
1940 1.1503030930614132e-07 
9821 7.665036228616477e-11 
1296 7.577316164827447e-09 
5923 1.375850293834116e-07 
7431 5.0627649330836914e-08 
6169 5.623534459301103e-09 
2712 3.6069248082241264e-08 
7588 2.1668011617416972e-09 
1290 1.752875239664875e-07 
6428 1.2749392377848122e-07 
3254 6.98219502287412e-10 
6323 6.409398660177323e-09 
8698 1.7255746306447955e-08 
482 1.9236130342098975e-09 
500 3.8758877232919833e-10 
3182 1.2384233535314617e-10 
86 2.2487285106553075e-09 
2039 9.689742128773724e-09 
7094 5.246424222226178e-08 
4300 5.601466215980717e-09 
1034 3.2941169379054743e-09 
7687 2.1267611306899142e-10 
3656 3.2122185537493635e-09 
7369 9.042929388328625e-10 
1813 1.6445231411181798e-10 
7470 4.773099258609827e-09 
3286 9.559854001167358e-10 
6746 9.173866317972479e-10 
9211 1.911287780910697e-07 
9509 3.3490133260723805e-09 
2111 7.039386697789592e-11 
3428 1.684560405064943e-09 
6036 1.4230019289643292e-10 
6575 1.2236510783628245e-08 
771 2.5190872413890066e-10 
5676 5.349075102442496e-08 
363 3.8739519489565605e-10 
5619 5.987520909539043e-08 
1700 1.8729247563660859e-10 
4005 2.6101080128715288e-09 
7721 1.3917078462149114e-09 
1756 2.9451017108570607e-07 
8876 3.421859579373534e-10 
6680 1.395403272755673e-09 
2823 5.248461179010143e-11 
609 6.358152326631767e-07 
8405 8.975158192467197e-10 
5373 1.4310560904822823e-10 
5195 5.350378454627332e-11 
952 1.9206821025670002e-09 
2434 1.0084455684316392e-09 
7988 3.3245359210193618e-09 
2341 3.097750018738604e-11 
373 2.267016923577364e-11 
9439 7.358408627702265e-10 
8135 1.183493230852298e-10 
6905 4.2730384212342825e-09 
3719 1.6065961535244672e-07 
8818 8.633036723300274e-09 
1951 4.356369072215887e-08 
3811 1.8548697514313167e-09 
6742 5.4546255679083085e-09 
676 1.7857611157653735e-08 
3977 1.3336590728335154e-09 
1842 1.5335510248072176e-09 
116 4.486238210653674e-10 
21 1.0210690101273746e-08 
466 3.445740287638606e-08 
5226 5.690916817584244e-08 
6008 3.873641990345913e-09 
2512 2.0758010007747615e-09 
9939 1.0367103054773947e-08 
4582 8.41058579207582e-09 
7999 2.9188646411794435e-08 
8973 4.5734230682062393e-10 
1701 2.581674703943246e-09 
2071 1.3200483758778352e-09 
1218 1.5153350249905533e-08 
6942 1.2807084278835298e-07 
4243 7.97653281234024e-09 
955 2.132679073197633e-09 
5698 3.032530144593461e-10 
1737 7.682560092022714e-10 
6168 1.0548943953983062e-09 
6187 2.2717391765750706e-10 
7597 1.9817397426031853e-10 
2631 1.3466819918017355e-08 
900 1.389748562852732e-09 
8561 1.6458122569170453e-08 
9386 1.4407253995258812e-09 
6777 2.2774848349729152e-10 
2475 3.365793115849274e-09 
892 3.9938394471187034e-09 
2642 1.4724412552950816e-11 
5386 7.153028107965341e-10 
7549 5.896950795491383e-10 
7734 1.4806585822570541e-09 
9284 8.160915452073315e-09 
5219 2.871523705902585e-10 
1916 1.2955227608455982e-09 
9941 8.582705333977104e-10 
6460 1.845388464289236e-08 
4056 1.0704814176528498e-08 
4573 1.0353301142154304e-08 
1229 2.6204381180260013e-09 
4010 4.2664200304299314e-09 
9398 2.393175447982324e-08 
5506 3.990089691075153e-09 
7634 1.2885380731910821e-08 
5929 8.882031511648313e-11 
3516 5.886744537824843e-10 
2858 5.953594335905004e-08 
4617 1.1757890496379482e-08 
2721 7.086903731449301e-10 
9445 2.691707127509135e-07 
2511 5.362033182574358e-09 
6248 2.629293921685396e-09 
6295 2.794046770004618e-10 
5699 2.303568837108037e-09 
1126 3.3850773649668183e-10 
3272 3.387466051868379e-09 
935 9.661508753220461e-10 
3377 1.2840360775318992e-08 
9217 7.237304013514746e-10 
167 1.6358717998922922e-08 
3332 4.4460134442851455e-10 
1879 1.6064523451119473e-09 
7000 5.207809274280304e-09 
788 3.8410192983789004e-10 
436 4.1589257828006094e-10 
3595 1.217163182282259e-07 
483 2.491612007691948e-10 
3837 4.820310054362282e-10 
4951 3.125378920983547e-10 
5754 3.741818220425008e-09 
3318 2.2345668224181504e-10 
1386 5.3096161101220414e-08 
7652 5.193321811545852e-11 
1541 1.2670028881632459e-08 
8036 3.267193029694317e-07 
2004 3.366219115687977e-10 
8474 1.3456544356452507e-09 
8153 1.9988625645216704e-10 
2370 2.026160905239535e-09 
5618 9.432428534301166e-08 
5299 3.591275147814092e-11 
8115 3.9382615299053594e-10 
6 1.2190008712161408e-09 
8413 5.246524602331443e-09 
8089 1.3539105713921438e-08 
2480 2.0611934275810602e-10 
2193 1.0675225911780582e-07 
2644 2.6143204066064834e-08 
5348 1.2507686312676484e-07 
6967 2.9525990439270373e-09 
4107 9.649947876693292e-09 
4442 8.762276493300743e-11 
3159 3.2531565200387825e-10 
6955 2.3875574548895572e-09 
759 6.82596492350418e-12 
9185 3.5718120662145045e-08 
3847 1.2537045486233234e-10 
2121 2.99184588335348e-09 
2206 1.1814905899064278e-10 
6022 5.3815724766869e-10 
6409 5.3654398290255294e-09 
9885 2.3327637894107692e-08 
2814 8.699977349705005e-09 
8799 4.3610020696221905e-08 
9899 3.6165657171768866e-08 
2035 2.0729010792827825e-07 
1545 1.3446012469324006e-08 
1948 3.050867577103052e-08 
9351 2.851097996121292e-09 
6662 1.3721356157693169e-07 
9438 1.5137212632036464e-10 
2716 2.7684366316545532e-09 
3214 9.287667616899502e-10 
5633 4.3413028548563645e-10 
1398 7.79669697261737e-09 
1713 2.995212394588402e-10 
7262 3.597847912505819e-10 
3022 1.8904910123025694e-07 
2217 8.653391670433811e-10 
5099 3.6932905355963747e-11 
8322 9.482172523385252e-09 
3908 1.3112484277518794e-07 
2198 7.724717623874736e-09 
8726 3.38757346071868e-08 
5750 6.981593909826393e-09 
6649 4.196519335171013e-09 
9447 6.406808861648267e-11 
509 1.8682625004060992e-10 
2486 1.156481335730917e-10 
3197 6.618353323814816e-09 
2086 2.5071481416502377e-09 
7592 7.027564263081586e-09 
4112 6.905221259169717e-09 
9985 2.4029389205694213e-10 
4011 8.845221457387489e-08 
1385 6.442424783637615e-09 
2361 6.314096367748397e-09 
9220 2.5106891960890788e-09 
3551 8.763410291657864e-10 
790 9.073537200789249e-07 
2157 4.938346582179852e-10 
6162 4.93681478050136e-08 
8349 6.780859457748256e-10 
6724 6.779608205025403e-10 
8681 9.694460491804172e-11 
9476 1.548581162797878e-10 
1302 1.2434980016536438e-08 
7071 1.245502018181751e-09 
4797 2.497309399331645e-07 
3349 5.789236660723321e-10 
491 3.5526867023596715e-10 
9796 1.2538175910044975e-09 
9633 1.6370467632085564e-07 
7039 1.5944810448953085e-08 
8259 5.077362463028234e-09 
4461 3.120674044934516e-10 
3366 2.1654559459099646e-09 
1252 9.947701840364923e-10 
9658 5.234297534860305e-08 
8211 6.710119176042826e-07 
746 9.974378439507849e-09 
1262 5.359881128874192e-09 
9150 5.82680369721732e-10 
449 1.065524574958935e-09 
4502 4.636209612087481e-10 
555 4.706160192844997e-07 
3341 1.181523868634068e-09 
9753 3.212862755789386e-11 
9962 2.17008328554048e-09 
6433 1.067628942667805e-09 
8031 1.4479615785187566e-10 
1241 2.771804813599707e-10 
6585 1.9159357881017197e-09 
4288 1.4451321228834475e-08 
9194 1.9524484664558723e-08 
7921 1.4329982469197977e-07 
9672 5.455376691701616e-10 
2761 4.620428507853759e-09 
2012 1.979224185939997e-09 
2747 1.0185589577538563e-08 
4051 5.7632644480012965e-08 
4993 1.4233850700387383e-09 
8872 1.2819419184737398e-08 
5392 2.745843247396675e-10 
643 3.340684382667114e-08 
8928 6.178595762841158e-07 
9046 8.323335944082633e-12 
1844 1.9271921352596172e-11 
619 1.227384880055167e-08 
6245 7.762090267684086e-10 
4143 3.6448424803211366e-09 
4347 4.631091886856568e-09 
2744 1.0889790893279033e-09 
2075 1.4819304637240766e-08 
99 5.8546689561368344e-09 
6795 4.474780086395999e-09 
3407 2.6170797846273696e-10 
4156 1.9032941982271187e-09 
5037 4.4636191925831266e-08 
884 2.0308536020995496e-09 
9706 3.992465190060099e-08 
5051 1.7627601627964935e-09 
4084 1.7908300039579792e-08 
2801 3.4523178857760045e-11 
5504 2.5514926532593297e-10 
7278 4.096936876438483e-08 
4985 7.965544395686485e-11 
5782 4.397145016732745e-09 
613 3.707613007107136e-08 
5225 2.229773741687947e-09 
2386 1.9139015036774066e-09 
4699 1.170477538676995e-11 
1643 1.9672047456585412e-10 
3061 3.1133073793359664e-07 
4247 3.295998672390554e-10 
4057 8.183952604934721e-08 
173 3.0509429055444414e-09 
7419 1.6049581286249203e-07 
4753 2.5489975039559576e-11 
1658 2.2714096228892977e-12 
6581 2.73776797612361e-10 
7474 1.0337192137832963e-08 
5319 5.796896450528118e-10 
923 4.3150139360093546e-08 
5546 1.542371821118432e-08 
2548 9.919735887743697e-11 
7318 6.312141718447568e-10 
8477 1.1127744799778293e-09 
1271 6.246807192192733e-10 
8414 2.0130865449949483e-10 
5214 2.5324862944763793e-09 
7666 8.202043166087365e-09 
5736 2.662406645837224e-08 
6265 5.065858925329273e-09 
6898 4.515670762550533e-08 
3655 2.330020598812785e-07 
3351 6.534521856486081e-09 
5031 2.509967772545955e-09 
4094 9.524904506239614e-10 
7266 1.2122673798313982e-09 
8753 6.599375788692946e-09 
7665 4.461000404333827e-09 
7923 1.0336977176051792e-08 
4704 1.923968248778178e-08 
1390 4.7551535322986303e-07 
2090 3.654816028357455e-09 
1220 7.207841648129573e-09 
6357 9.865104779551258e-09 
837 2.624927671294878e-10 
3043 2.5665436926408833e-08 
5654 3.94647424615199e-07 
2059 5.269858476350691e-09 
8210 9.179064341027966e-08 
147 7.339565959102363e-09 
6628 4.575755755531537e-09 
3221 2.9415704503558005e-10 
9665 5.821811026069173e-09 
3261 1.8632370838918114e-07 
8214 5.104088469388144e-10 
8630 3.622079530156381e-08 
1827 1.1675398552501954e-09 
4817 1.3055759055820484e-08 
5998 6.913546269149483e-10 
5942 2.2714880227681176e-10 
7300 2.612667223299148e-09 
8850 2.833104360451499e-09 
4415 3.209837690781869e-11 
5703 4.961953034847823e-08 
8625 4.642132574064588e-11 
8826 4.184337664540689e-09 
6739 1.2082662999870998e-10 
8365 1.5044822799857477e-09 
2901 2.1862548287404887e-09 
4467 5.888108179799764e-09 
7149 4.7166978975919824e-08 
9978 9.186705917645378e-08 
6747 6.22750085326851e-08 
1592 5.756973650693778e-10 
8134 5.090086974494461e-09 
1485 2.0838588336990026e-09 
9183 1.4958765655196174e-10 
7326 1.083577249104673e-09 
6103 2.5779616343122452e-11 
3077 2.5670039347771267e-09 
6365 1.872474212890962e-09 
6812 9.097299223386932e-09 
6501 6.820004180088117e-09 
5257 1.4766787163571549e-09 
925 2.0441847385499643e-09 
5582 1.7949147851869454e-08 
7807 2.919282776491903e-09 
8887 4.161230845239005e-09 
3454 2.880011699501854e-11 
1195 5.369450327072367e-12 
9359 1.839202033267046e-09 
7897 3.241800787611719e-09 
5337 3.710199283765254e-09 
193 5.669837470074872e-11 
7382 3.6988822982720986e-10 
4738 7.960940946344114e-10 
2603 1.7831340991567935e-10 
7500 1.5814392800318688e-09 
1079 2.537726973006471e-13 
1641 7.149890060434774e-11 
186 1.5742941100586362e-10 
642 8.650822479650803e-08 
3896 2.8379725030010855e-09 
1179 1.4990701149060758e-09 
6263 1.817800625927259e-08 
9492 7.087214128207646e-09 
4619 3.322863094705128e-11 
5880 3.03487328765403e-08 
5869 3.563479064635424e-09 
6383 3.030875201761652e-10 
2454 9.40881674697302e-09 
8471 3.4707566698521373e-09 
678 1.3258541199418451e-09 
665 1.0224105412517866e-08 
7484 7.943091125934628e-09 
3786 1.3741559405471343e-08 
1362 2.9526680821177797e-09 
3252 4.332371501749189e-10 
312 5.927416205586488e-10 
6878 5.1431306344680474e-09 
3167 3.8977806804615103e-08 
1334 2.8824026142439372e-08 
8703 7.808137537228562e-09 
4309 4.598284139682395e-08 
1155 4.816817564844616e-10 
7927 2.630186112465439e-09 
4341 1.502711414707431e-10 
7018 3.7696939992948865e-09 
2905 6.2621952355781e-10 
6414 1.3777623205970052e-09 
4019 2.6121409103594354e-09 
792 1.635821656157851e-07 
6435 3.2231432436316807e-09 
4050 1.93863428799985e-08 
3200 5.132058503717148e-10 
9231 2.1308360769393858e-09 
601 2.664466000435004e-10 
3188 9.855348441088936e-11 
7077 4.876447649992372e-08 
5120 3.503022680515801e-10 
8412 6.027709663456406e-09 
7060 1.0793713725823725e-09 
391 2.4286941670292623e-10 
7692 6.467459152448946e-08 
9781 6.3778379449000044e-09 
3333 1.2129829978378063e-09 
1068 1.8048986233734408e-08 
1517 7.609412066266337e-10 
3745 1.0108050769506665e-08 
28 3.470387386920603e-07 
9740 9.8643003243774e-11 
6315 1.2406439391107553e-09 
5523 2.911530058080317e-09 
2108 5.8089341313991836e-09 
7148 9.248133345481827e-09 
8124 3.9335474927206654e-11 
8251 9.907008294759416e-08 
4908 4.217429773773754e-08 
3397 7.308263266477336e-11 
2533 6.524054275298625e-08 
4449 1.6699654805316574e-09 
4000 1.3187195603903538e-09 
9371 7.089496468773779e-10 
7922 7.065151392150166e-08 
8523 1.4283234476222223e-09 
9273 3.4530513186953605e-08 
9348 9.08317126483045e-11 
2099 5.297401251228274e-07 
1537 3.6441576090545413e-08 
7237 2.3706714823689603e-08 
7537 2.176152948812057e-09 
7125 2.067868513137496e-09 
9733 1.968057956848019e-09 
5516 4.601817096447461e-10 
2824 1.4081233707128942e-10 
4823 5.388051815694364e-11 
1795 4.970098535202541e-11 
3954 7.872789433446912e-11 
7023 6.4175772011755916e-09 
6140 6.502438716666333e-09 
236 7.282725857130278e-07 
8880 1.2545311331533805e-09 
3632 2.388998437472599e-07 
6895 1.9495206786063684e-09 
9012 1.6270962368966356e-09 
6630 7.46239366117686e-09 
8369 1.8101413209602353e-10 
995 9.077349812027131e-11 
7140 4.331415795762292e-10 
3930 5.6287058745440694e-08 
7084 1.380074295998132e-08 
7711 4.976053857158602e-12 
9357 2.738744436390981e-07 
8462 7.190814993282968e-09 
3660 3.6569982370732295e-09 
3718 2.2370066056191778e-09 
2784 2.585567086396128e-09 
6391 2.9436085002477165e-09 
1094 3.0777160101729434e-09 
7919 4.71226385954369e-08 
8088 4.1581896971731895e-08 
3277 6.583731686234361e-10 
5364 1.51310720321264e-10 
9297 2.8840579520406106e-08 
4686 1.1152508162093396e-09 
6946 3.1987561661340406e-09 
9362 1.9139374000762916e-08 
6425 4.80573722039151e-09 
786 1.192998448182104e-07 
3899 8.168491611706368e-09 
6679 2.6839593583826194e-08 
4675 8.024758002723201e-10 
4497 1.4227240335818424e-10 
895 2.1203246447529884e-09 
949 3.075620156878223e-10 
7416 1.273010786107363e-08 
9375 1.7589788604615783e-10 
9537 1.2746156160119651e-08 
6128 1.2681441148803272e-08 
9218 1.2164628240265637e-10 
503 1.6005447503106545e-10 
8051 4.006687240017473e-11 
717 1.376276977912094e-08 
530 6.706182006374617e-09 
7354 2.6412490837942235e-09 
1642 1.481753117944352e-09 
1576 6.844394117493189e-11 
637 3.2108543622370425e-09 
3433 2.0219679279225565e-07 
2176 7.749621532245277e-10 
1399 4.342817909620952e-10 
8693 4.048168636331501e-09 
2425 2.016644072395646e-07 
7063 5.502560586961604e-09 
5065 1.98275564118178e-08 
6667 3.773294622874331e-09 
9227 1.4737403463381538e-10 
7304 4.575314590406899e-09 
779 2.0228648965476088e-09 
5928 3.964759943964058e-12 
6868 1.7752415169216307e-08 
2468 9.12261863776005e-10 
3313 1.1500009248947374e-09 
5441 9.305029914065006e-10 
7108 1.7340231549559806e-09 
7370 2.7660535506402306e-09 
3654 7.717307815792828e-09 
7264 5.8866216727646375e-08 
8526 8.315003914185603e-10 
7858 3.4872669852426735e-08 
142 4.368160753899161e-11 
9860 9.422496646588254e-11 
1013 1.5540193477410114e-08 
6556 5.446755616961296e-10 
7996 8.42692902096402e-09 
6716 6.147287038671227e-11 
1038 1.106151628627039e-12 
4801 1.3325612232661096e-08 
825 3.374559755503026e-08 
7426 4.713165057870496e-10 
8311 6.515715297815737e-08 
3068 3.267997505356712e-08 
8407 7.579147738563174e-09 
1796 8.120051110450736e-09 
7009 2.836732300951701e-09 
9034 1.3889286116765482e-10 
4890 1.6569189738466106e-09 
340 9.538962217674085e-09 
822 2.0357599563027913e-08 
7960 2.621941338479507e-09 
5604 1.5461168387514036e-10 
738 1.5702387833540445e-08 
1594 5.120260526977709e-10 
3112 1.6840536078210545e-08 
5636 1.0544153072817428e-09 
9145 1.795896595604618e-08 
2802 1.5056515975268641e-10 
7731 7.519595141752198e-10 
6117 3.556718290148948e-08 
4577 1.2536420323047635e-08 
3113 1.7154125118183277e-08 
1712 3.021968990317556e-08 
3194 4.903790958690665e-10 
5380 4.884586350338267e-10 
8758 5.355785284125343e-11 
7041 1.1006389677790438e-09 
7969 5.578692127930864e-08 
5827 3.454699784825306e-09 
5202 6.583017831362608e-10 
2531 4.816200032639825e-09 
5794 7.894046915170143e-11 
1888 1.8793003882123523e-08 
2895 1.1850529924830887e-07 
6744 7.805933374191395e-09 
5312 2.9350480531641105e-09 
7756 6.341710671680344e-11 
1401 8.495513695169718e-08 
7542 8.501429171944299e-10 
5885 4.904086086331659e-11 
11 1.440542309671433e-09 
4275 1.596508378176229e-10 
7735 1.3915120550827843e-09 
7788 9.8602082146846e-09 
8567 3.12234485276119e-10 
131 7.844387034792224e-10 
6616 1.4402834662901676e-10 
6170 2.2725987633637548e-10 
3247 1.0573867048492338e-09 
9203 7.158813072370703e-08 
298 8.164943923519431e-08 
3630 1.1289033160790282e-09 
5338 6.562459112908169e-11 
5532 3.154012801257454e-11 
1011 5.3568608689823e-08 
2424 1.9481011294459385e-09 
7207 1.4591860836630057e-10 
2719 1.1062024579612024e-09 
840 2.8560471511611633e-08 
4880 5.48756063826047e-09 
350 5.4328627940814986e-11 
442 4.4181159644868656e-07 
5889 2.8231796035165988e-09 
4028 1.8903716027750994e-08 
8939 5.017353848823265e-09 
5734 2.828567149384606e-11 
1256 9.007187357079616e-12 
5086 1.1779212805169208e-09 
1652 8.332955636278228e-12 
6741 5.059671293592728e-11 
5177 2.5786897446678763e-07 
9557 5.184222851940352e-09 
4500 9.806400739657145e-09 
5712 4.4450440965615825e-10 
7438 1.8789756186840738e-08 
9135 1.5322036848007546e-08 
5622 5.543792992773251e-10 
372 2.0026997808761683e-09 
6515 7.398181406600583e-10 
3825 1.3438828432780874e-10 
8607 9.929813104836573e-10 
5570 2.0014395552597664e-08 
4316 1.3165687419121937e-10 
9602 2.973009528991176e-10 
9647 1.5005893915251238e-09 
1627 1.0364712713583583e-10 
4607 4.122072537735596e-10 
7109 7.620744780797205e-09 
1603 5.4927699096092586e-08 
3609 2.0029721371078724e-11 
2113 1.355886045394149e-10 
1994 6.737426562408383e-09 
4491 1.4509355537252436e-09 
8592 3.7111920535600184e-09 
2201 3.9045570290587245e-10 
7865 2.131001441142023e-09 
4863 1.5882841986059049e-09 
5121 5.132465813791022e-09 
5824 1.582419158273167e-10 
5030 9.909827254050137e-09 
5527 7.233059626651678e-08 
2849 1.0084752492453813e-10 
7983 2.6967897095902763e-07 
987 6.39856336689553e-09 
2870 3.457280800989175e-09 
1611 2.0550903947955946e-07 
9725 1.823477428835461e-08 
6310 2.0306669670917154e-07 
46 6.693327099169255e-12 
427 1.5095666519554152e-09 
2126 4.6067750427142866e-07 
3242 1.9830235193583337e-10 
4826 2.6540889963821076e-09 
7685 7.70141049050892e-11 
2154 1.5255110636173613e-08 
3834 1.1384511164413163e-09 
6782 3.186425732128712e-09 
1208 3.068163835517369e-11 
5367 7.720157365190203e-08 
2260 1.2225748182778995e-09 
718 4.182988426762107e-09 
4747 6.531138729461748e-09 
4677 1.586686610930247e-07 
653 5.44747530459883e-08 
5415 2.099504624503257e-09 
8732 1.6683301949831908e-09 
398 2.2929516665962025e-09 
9373 1.1302230403847566e-09 
6374 9.365390241072002e-07 
8983 3.480753107380915e-10 
7642 1.6149041757051007e-09 
6535 9.167712533603368e-09 
5661 4.363867457155771e-09 
4218 5.8913641594546205e-09 
8767 2.1845441031022662e-07 
9809 8.687389074641932e-09 
8935 1.4208860465574373e-10 
4896 5.275896917102471e-10 
6846 2.2063016845885915e-10 
7717 5.254633343172065e-08 
2164 3.258802210600223e-09 
9134 2.49599847474552e-09 
4327 9.172445513329015e-09 
6401 2.462373124423385e-09 
2887 5.014168261155817e-09 
4829 1.4846025250754612e-10 
7643 1.1660778334581458e-09 
7390 2.715593769068344e-09 
6676 6.295277087268286e-09 
9252 2.392418821176413e-09 
3267 4.589267268789658e-09 
2738 8.156249965570707e-08 
3256 4.231014089939522e-08 
865 3.472478457765781e-10 
1056 1.1714228747630853e-08 
5161 1.451129737138862e-10 
6915 4.330232484704103e-10 
7295 1.4227756427589116e-09 
2371 3.8473983414941e-09 
7975 5.84290713234796e-10 
3698 4.238302320390343e-10 
4360 1.7378433638951728e-09 
9826 1.8560972756394712e-08 
4310 4.805624016355269e-08 
6713 7.320866906602028e-09 
6185 7.053484749247797e-10 
4444 4.0429454815013464e-08 
9907 1.2648259945234911e-10 
5716 1.3794525489155726e-09 
9002 8.175974464221983e-10 
7466 2.0936139185216457e-09 
4042 1.009305167087255e-09 
7211 3.782329940095639e-09 
878 8.098992889024099e-09 
1601 1.340360507138455e-08 
7371 6.223753599108012e-09 
4722 4.035375882676285e-09 
3126 5.69274788065132e-09 
5818 7.628212388877218e-08 
1989 4.4671759957503544e-08 
9077 1.8194412870851245e-10 
8364 6.7206706779593395e-12 
7905 1.505666150253644e-07 
998 5.334198740402024e-10 
3704 1.707516270325558e-09 
2922 1.0272875152592137e-08 
1580 4.470729756994758e-11 
2378 2.580897006933215e-10 
6155 2.7938966721050645e-09 
5587 1.21950752806471e-09 
9609 5.05806880098686e-09 
5623 8.087038810201166e-10 
4833 2.0676138935429058e-08 
806 2.2951927602521884e-09 
3346 7.177251315401475e-09 
3391 8.020077456018454e-10 
3438 4.3590216496675104e-09 
4396 6.251366468693636e-09 
2256 1.7440639309542014e-10 
8706 2.192837185754726e-07 
4795 6.70635046415863e-10 
9604 2.5261488422827466e-09 
1637 9.61952234356775e-10 
8234 8.748533984836944e-10 
3643 7.094218519197914e-07 
2825 6.899882273677283e-10 
912 1.8218192890806783e-09 
1821 9.114642918845258e-10 
8406 3.7456496237986414e-13 
2482 1.0593042201578715e-08 
5191 1.4136386288984837e-11 
9961 1.0008506871851067e-10 
1710 1.602387818480813e-08 
4505 5.591775489088757e-08 
7069 7.603279385658308e-09 
9272 1.4370191483363935e-07 
9959 1.598224395708836e-11 
9998 6.168663830983779e-07 
7971 1.1404377294601983e-07 
7661 4.221844048970508e-09 
9440 8.693138078489461e-08 
7458 1.313776096180898e-09 
4950 5.637084917691218e-09 
1559 1.5093377374152326e-09 
1533 1.613287213170808e-10 
8157 7.637926962551593e-10 
6540 6.358111067299986e-09 
2988 1.1841393882352689e-09 
8866 2.1053465051781416e-10 
7078 1.931250921247856e-09 
3727 1.9697559496252924e-08 
2221 6.954899626379888e-09 
641 7.97899596121706e-08 
9294 4.313602105718295e-10 
3692 4.19751545533472e-11 
625 2.8986155778951746e-09 
7273 1.1094719223094073e-08 
5718 2.7443832163963255e-09 
1175 1.0634840311400472e-07 
8725 1.0052472124262785e-09 
8627 2.7032922829493128e-11 
4365 3.5233262363050027e-09 
496 3.423341474955037e-07 
2911 4.203740514125612e-09 
4943 2.0561674479337008e-08 
8166 3.615618137935042e-10 
5671 8.465655251514188e-10 
3756 4.539304327944829e-08 
2986 2.8165301256834175e-10 
8110 1.0349819257013634e-09 
767 3.0825763322710396e-09 
3120 6.006242250263308e-09 
