1 2 8 2 16
1 47 4 5 631
2 31 7 4 163
2 35 5 3 80
2 406 10 3 101
3 4 4 4 97
3 5 6 3 50
3 26 5 4 519
5 57 1 5 177
15 16 8 3 66
15 36 8 4 754
16 25 3 2 15
17 18 6 5 1045
17 36 9 5 1303
18 33 3 5 1722
19 20 8 3 84
19 21 8 4 251
20 142 6 4 570
20 148 5 4 153
21 22 1 5 490
22 23 2 5 523
23 24 4 3 28
24 25 6 4 147
24 28 2 5 472
26 27 5 5 1223
27 29 1 4 105
27 30 6 4 136
28 29 1 5 596
31 33 3 6 2669
32 33 10 5 1776
32 34 9 4 247
32 69 10 3 128
34 35 10 5 2058
34 73 2 4 138
36 37 3 4 106
36 75 3 2 9
37 52 10 4 737
37 43 6 5 832
46 47 5 5 1740
47 448 3 4 148
52 67 5 2 18
53 54 7 3 60
53 59 6 4 537
53 418 8 2 26
54 163 2 7 27177
55 56 4 4 140
55 59 6 2 15
56 57 10 3 191
56 66 2 5 786
58 59 6 3 61
58 60 4 4 178
58 199 3 3 22
58 458 4 4 271
60 63 2 5 252
63 225 1 7 11987
64 65 4 5 605
64 66 2 3 21
65 67 3 4 110
69 70 3 5 973
70 71 9 6 8046
71 101 9 4 199
72 73 4 3 86
72 101 1 3 16
73 76 7 4 370
73 77 10 4 265
96 97 5 5 637
96 111 6 7 46437
97 101 7 3 109
98 99 2 6 1604
98 100 9 5 1097
99 138 3 4 74
100 116 1 5 152
105 106 5 3 108
105 111 2 4 183
106 107 3 4 251
107 108 3 5 431
111 114 6 3 62
113 114 3 7 108092
113 116 6 5 1518
115 116 3 4 127
115 409 1 6 3481
118 119 9 4 239
119 138 3 4 290
120 121 4 4 401
120 122 7 4 756
120 304 9 2 17
121 296 3 4 258
122 123 10 3 94
122 124 2 6 5854
124 125 9 4 331
134 135 4 4 99
134 332 5 2 15
135 136 2 3 44
135 137 8 5 1829
137 139 10 4 278
139 140 4 3 77
139 141 2 4 86
139 399 5 4 153
141 400 9 2 31
154 155 6 4 406
154 156 10 3 160
154 172 1 4 35
155 168 9 4 247
156 157 1 5 157
156 171 5 4 142
157 158 7 2 29
158 159 5 4 258
158 177 8 6 5780
159 160 10 5 3092
159 161 5 4 278
159 196 2 3 23
161 162 6 4 530
161 197 10 4 224
163 164 4 3 31
164 165 10 3 83
165 166 2 4 51
165 104 2 3 23
166 167 8 2 33
167 168 8 3 99
169 170 9 3 53
169 171 1 5 116
169 174 4 3 86
170 172 5 5 621
170 173 2 4 139
170 419 7 4 163
171 178 8 3 102
173 174 4 4 206
174 179 5 3 78
175 176 8 4 706
176 214 4 4 357
177 178 5 4 144
177 191 8 2 23
178 421 4 4 445
179 192 5 4 524
180 181 10 6 30176
180 208 4 3 28
181 192 3 3 26
182 183 9 2 47
182 184 2 4 131
184 185 8 4 222
184 208 5 5 1922
185 186 4 4 131
185 207 2 4 196
186 187 1 5 317
186 230 3 4 132
187 188 7 3 100
187 193 1 8 57383
188 189 5 3 61
188 191 10 5 3502
189 190 5 6 5104
189 191 3 5 975
193 194 4 4 348
193 217 4 4 179
194 195 1 4 74
194 217 4 6 5740
195 196 1 6 2977
195 216 7 4 668
196 197 10 3 113
196 476 7 3 55
197 216 1 6 2077
198 199 1 6 752
198 221 2 5 385
199 200 1 4 36
200 10 10 3 77
201 202 5 4 499
201 203 6 4 420
201 351 1 6 1086
202 213 2 4 84
203 204 10 2 35
203 205 5 2 25
205 206 9 3 194
205 231 5 3 39
205 360 1 6 1113
206 207 6 3 63
206 232 6 4 141
207 233 9 4 317
208 209 6 5 1650
210 211 8 3 63
210 212 9 4 201
211 215 7 4 417
212 213 3 3 32
212 342 4 4 92
213 340 7 3 150
214 215 1 3 13
216 219 8 3 154
217 218 8 3 54
218 222 8 4 499
219 220 7 4 399
220 221 8 4 189
220 222 7 3 40
222 226 9 3 54
223 224 5 3 75
223 225 7 4 224
223 7 1 4 80
224 229 4 4 129
227 228 4 4 118
227 229 6 3 124
227 272 3 4 189
228 230 4 5 1038
229 401 7 5 2671
231 281 10 3 189
232 265 9 4 524
233 264 2 5 236
233 150 9 3 55
234 235 8 4 271
234 278 4 4 233
236 237 8 3 55
236 280 2 3 28
237 238 1 5 138
237 239 9 4 402
239 240 8 2 15
240 241 9 4 219
241 243 8 5 1149
241 442 1 3 21
242 243 9 2 19
242 244 10 3 141
242 314 9 3 132
242 80 10 3 87
243 293 9 5 4110
244 247 1 5 282
245 246 7 4 337
245 247 9 3 65
247 248 3 4 215
248 249 4 3 30
249 250 3 6 2142
249 312 4 6 5119
250 251 4 5 498
250 321 10 3 102
251 252 5 4 171
252 253 6 3 104
252 327 7 3 118
252 301 2 4 52
253 254 8 3 114
253 277 7 5 3458
253 266 7 3 118
254 255 7 2 30
254 256 6 5 2729
256 257 1 4 25
257 258 4 5 1041
257 259 9 6 7792
260 261 9 5 4876
260 262 6 6 5574
260 263 5 1 7
263 264 1 5 278
263 479 10 5 1650
266 267 4 5 1319
267 268 4 2 20
267 299 10 4 798
268 269 7 3 107
269 270 7 6 9421
269 294 6 3 106
270 271 2 5 317
271 295 7 6 7320
271 133 9 3 148
272 273 7 4 449
272 274 3 5 594
274 275 2 4 85
275 276 4 4 218
275 277 4 2 20
275 291 10 4 352
278 279 2 4 80
278 282 3 3 20
279 280 9 2 21
280 287 7 3 44
281 289 3 4 104
282 288 5 4 360
283 284 5 3 40
283 285 2 3 11
283 305 8 3 48
284 290 1 5 146
284 365 5 3 29
285 286 6 4 239
285 306 1 4 87
286 287 10 4 386
286 306 4 5 2682
286 452 3 7 22266
287 293 2 5 679
288 289 6 4 315
289 290 7 4 503
291 292 3 3 40
297 298 1 4 35
297 454 7 3 133
298 299 4 4 132
300 301 5 4 190
300 302 6 2 15
302 303 4 4 114
302 304 4 4 224
302 330 1 4 88
305 306 5 3 98
305 308 8 2 37
306 308 2 6 7253
307 308 5 6 16131
307 309 6 3 118
309 310 10 1 17
309 338 3 3 29
309 379 4 2 19
310 311 2 6 3305
310 85 2 3 12
311 312 10 5 3873
313 314 2 3 35
315 316 5 4 210
315 317 9 3 105
315 499 10 4 386
316 334 7 4 519
316 398 2 4 76
317 318 7 4 180
317 503 7 2 22
318 319 9 6 9360
318 502 3 4 207
318 510 7 3 53
319 320 4 2 16
320 333 8 2 24
321 322 8 4 208
322 323 3 4 181
322 325 2 5 414
322 333 7 2 19
323 324 9 4 247
325 326 9 4 213
326 328 6 3 98
327 328 6 6 10819
328 329 4 4 347
328 495 10 2 34
329 330 9 3 106
329 331 2 5 562
331 332 8 4 470
331 489 6 3 103
332 481 1 5 272
333 493 2 4 50
334 335 10 4 468
336 337 7 4 199
336 500 3 4 165
337 338 5 4 138
337 382 6 4 161
338 339 3 5 458
338 377 6 4 214
340 341 4 4 224
340 349 7 3 58
340 354 1 4 55
341 343 1 5 225
342 343 4 5 869
344 345 5 3 96
344 346 6 3 39
344 385 10 4 356
346 347 4 4 406
347 348 7 6 5999
347 387 1 3 10
348 349 4 3 22
348 386 1 5 514
350 351 4 5 924
350 359 10 2 36
350 13 9 4 263
351 352 1 5 222
352 353 2 7 30577
352 356 8 3 119
353 354 3 3 23
354 355 7 3 115
355 356 8 4 325
356 357 2 3 13
358 359 6 6 10115
358 361 5 3 97
358 362 5 2 21
358 360 1 5 169
358 92 10 5 1627
360 413 10 4 851
361 388 9 3 125
362 367 10 4 333
363 364 6 5 740
363 365 1 4 111
363 370 6 3 74
364 395 7 4 175
365 366 7 4 244
365 371 8 3 102
366 144 7 3 86
367 368 2 4 173
367 369 7 3 78
370 380 10 4 278
371 372 7 3 77
371 373 5 4 342
371 374 9 3 115
375 376 9 3 87
375 383 6 5 1542
376 384 2 4 106
377 378 5 3 80
377 381 6 4 176
378 384 10 4 425
381 383 1 7 28173
382 496 9 3 125
383 384 1 5 657
388 389 6 4 467
388 392 8 3 69
389 390 4 4 414
390 391 1 4 60
392 393 10 3 123
392 394 1 6 889
395 396 5 3 105
399 411 5 4 445
400 405 1 6 1169
404 405 5 7 32827
404 412 3 6 2867
405 89 1 5 335
408 409 1 5 350
411 412 5 5 1476
411 415 9 3 142
411 482 7 3 83
412 415 2 4 131
415 427 1 7 9066
415 487 3 7 38496
427 428 1 6 3573
427 431 1 5 164
427 487 8 5 4497
427 424 6 3 131
428 429 6 3 82
428 432 9 4 565
481 482 5 4 132
482 488 1 6 1759
483 484 3 3 48
483 485 5 4 111
484 492 9 5 3611
485 486 6 6 11392
486 487 1 5 192
489 490 10 3 76
490 491 9 4 461
490 492 8 3 89
493 508 1 4 83
494 495 8 3 149
494 507 9 3 142
496 497 3 4 304
496 62 9 3 112
497 498 5 4 542
497 499 6 3 32
499 501 4 4 218
501 447 6 3 53
502 511 3 3 24
503 450 6 4 279
504 505 10 4 989
504 506 7 4 397
505 508 9 4 548
505 509 8 3 136
506 507 4 4 142
509 510 3 3 50
509 511 1 4 58
7 8 6 6 11300
7 6 4 3 51
10 9 4 3 42
10 11 9 3 79
13 12 3 6 3197
12 14 2 4 50
144 38 7 5 811
144 145 4 5 619
38 39 7 4 262
89 68 4 6 8002
89 88 3 5 999
68 40 3 3 51
68 102 9 4 551
40 41 7 5 1522
40 81 5 4 264
102 50 4 4 140
50 51 1 6 1766
41 95 9 2 39
81 146 6 4 184
95 456 3 3 17
95 143 9 4 294
95 146 7 5 1006
146 410 1 4 52
43 42 7 5 1663
133 130 2 5 689
128 117 10 2 27
128 132 6 3 112
117 129 6 4 235
117 110 10 3 115
132 130 10 3 179
129 127 8 3 71
127 44 5 3 79
130 131 10 5 1411
44 45 10 2 43
110 109 10 4 316
110 126 1 5 230
109 112 4 4 149
62 49 7 3 146
62 61 6 2 22
48 49 4 4 255
75 74 10 3 62
77 78 6 3 50
80 79 4 5 495
92 90 8 5 2037
82 83 2 4 164
83 91 7 4 236
91 90 2 4 210
90 93 5 4 155
93 94 10 4 375
85 84 6 4 257
84 86 1 7 5011
84 87 10 3 126
86 87 3 6 2110
104 103 5 4 253
148 147 3 4 103
147 149 10 3 89
150 153 10 5 3066
150 151 4 2 15
152 153 1 5 264
398 397 10 4 248
401 402 10 3 120
401 403 8 7 87836
406 407 4 4 269
416 407 4 3 33
413 434 10 5 3981
413 414 10 4 967
433 434 2 5 1055
418 417 5 4 387
419 420 5 5 951
419 430 8 7 105145
421 422 9 2 29
421 423 4 5 1083
424 425 9 2 19
424 426 2 4 115
424 438 10 3 126
438 437 1 5 166
437 439 7 3 73
454 453 9 2 25
454 435 3 4 334
453 455 9 1 3
455 460 7 7 103811
435 436 4 4 162
460 463 7 4 212
463 462 3 4 96
461 462 4 1 7
461 464 8 4 225
464 466 9 4 218
466 467 2 4 94
452 451 9 3 145
452 440 7 4 553
451 459 6 2 28
459 473 9 4 892
440 441 4 3 22
473 472 3 4 203
442 443 5 4 514
448 444 7 2 19
444 445 5 5 1727
465 445 5 2 15
465 468 10 6 8587
468 469 5 5 979
469 470 6 3 122
470 471 7 4 368
447 446 4 4 245
450 449 1 6 1030
458 457 10 3 130
476 474 4 3 86
476 477 1 5 330
474 475 7 4 523
477 478 9 4 698
479 480 2 4 67
284 177 7 4 384
391 291 4 6 14573
397 161 5 4 248
376 187 4 5 2449
322 42 6 5 1638
399 318 10 4 269
463 89 6 3 33
343 194 1 5 542
437 265 7 3 133
239 53 7 3 97
411 475 2 4 143
21 372 3 4 196
508 449 2 5 291
24 51 10 3 168
54 280 9 5 1294
261 73 4 3 47
2 307 2 4 130
476 36 7 3 147
374 231 5 4 122
483 72 9 3 100
188 248 4 4 229
326 346 6 4 412
458 449 7 5 1257
435 58 5 2 16
225 130 8 4 194
484 174 4 4 169
322 33 6 5 1042
369 191 3 4 252
330 20 3 4 71
324 21 9 4 447
18 385 10 1 17
252 297 2 3 29
7 178 7 4 294
30 43 6 3 132
397 191 7 4 590
450 80 8 4 252
458 335 9 6 25514
171 48 9 4 307
485 267 2 4 69
104 136 9 3 139
47 507 1 6 737
302 429 5 6 8333
424 132 7 3 100
55 69 4 6 3087
81 28 6 4 265
346 114 8 4 222
84 284 3 4 85
57 44 3 3 18
112 358 3 4 186
103 252 2 5 297
202 401 8 3 172
106 343 1 5 228
297 285 2 4 59
47 27 9 4 606
391 38 3 5 1564
292 297 9 4 256
292 334 5 5 3179
149 56 7 4 165
56 464 6 4 137
252 487 9 2 18
491 427 8 3 157
112 439 1 3 16
62 365 6 4 299
315 75 1 4 28
445 373 6 5 3855
373 228 10 3 166
459 103 4 2 15
5 34 2 3 16
357 412 7 5 1317
195 208 3 3 42
362 282 9 3 69
282 132 5 4 494
292 358 8 2 26
130 16 6 3 129
354 48 7 3 154
329 398 8 4 189
107 143 8 3 136
302 8 7 6 15127
437 468 5 5 960
391 24 4 4 168
70 453 10 2 29
428 250 1 5 440
427 93 6 4 372
235 500 1 5 261
476 259 5 7 25158
140 144 9 3 63
373 167 9 3 70
413 463 6 2 11
100 419 9 3 153
67 49 3 3 58
148 127 9 3 137
227 117 5 4 412
147 283 3 4 331
464 193 6 4 400
281 305 2 4 106
168 300 8 5 1780
456 265 4 4 213
74 34 4 4 326
228 497 6 4 354
84 178 9 4 971
47 339 1 4 80
137 364 10 4 267
419 487 3 5 353
497 260 1 4 40
432 171 4 3 27
104 329 2 6 3686
16 90 3 8 170697
14 244 7 3 63
56 483 7 4 393
175 2 6 4 322
151 442 8 4 467
372 443 1 4 33
460 285 3 4 123
372 171 9 2 37
267 357 7 5 1117
336 274 3 6 6488
235 63 8 4 177
279 71 10 4 650
251 475 4 3 75
440 88 5 7 40908
169 453 5 5 793
172 264 4 3 30
51 471 4 3 79
503 172 5 6 3849
175 199 4 3 35
230 291 3 5 651
16 205 6 4 150
339 82 9 3 102
449 137 7 4 357
119 372 3 4 151
499 126 2 3 42
485 290 1 5 358
181 127 4 4 384
505 298 7 4 487
290 489 4 3 53
34 249 10 4 736
179 277 2 3 18
440 73 2 5 228
343 395 7 4 211
87 478 10 4 249
316 6 8 6 9067
307 144 6 3 33
308 435 3 4 289
233 510 4 3 56
126 354 8 3 110
272 162 3 4 87
135 122 10 1 6
365 389 4 4 206
235 479 9 4 358
125 110 8 4 208
289 302 2 3 39
13 387 2 4 164
345 228 7 3 99
10 105 4 4 150
311 286 8 4 750
126 229 2 3 31
286 221 4 5 568
171 11 8 3 43
172 342 2 5 774
245 407 1 5 336
63 188 8 4 294
253 232 9 4 264
435 104 5 3 86
87 138 7 4 193
30 432 6 3 91
476 53 10 3 202
107 103 9 4 245
409 12 7 4 422
344 183 4 3 52
440 85 4 7 28589
210 133 5 2 21
45 192 2 6 5278
352 234 4 4 261
354 440 4 3 76
28 170 6 4 263
281 2 5 4 498
361 251 2 5 946
35 364 7 3 51
433 81 5 4 272
281 159 8 3 146
495 148 9 3 145
316 239 5 4 162
143 130 4 5 800
26 136 4 4 306
424 419 6 3 107
395 202 10 5 3452
136 352 3 4 157
380 360 5 2 25
146 72 5 4 458
424 450 7 5 972
147 425 10 3 142
451 285 8 5 3806
195 101 5 3 55
457 177 3 3 27
81 208 9 7 62136
182 200 3 4 251
436 509 1 4 66
29 18 9 4 473
149 453 3 6 3419
330 473 6 5 1720
73 53 6 4 164
340 196 2 5 485
256 444 3 5 484
270 428 10 1 7
407 87 1 5 141
346 295 5 3 52
78 410 9 4 367
87 205 10 4 262
331 59 9 3 122
45 83 7 3 78
411 217 7 5 2909
262 497 2 4 59
267 226 9 3 171
456 426 5 4 386
321 505 9 4 643
479 424 3 5 1011
488 420 8 5 1895
236 272 3 4 69
507 217 10 3 188
366 165 10 4 239
227 338 3 1 5
228 346 9 4 423
488 324 3 5 518
116 214 8 4 402
499 343 6 3 118
155 118 7 4 261
480 256 4 5 1912
176 478 9 2 19
375 389 3 6 2376
139 438 4 6 3334
366 395 3 3 65
42 36 6 4 427
470 372 8 2 29
127 490 2 4 100
407 209 4 4 100
455 68 9 1 12
222 99 6 5 723
351 55 4 4 212
418 87 7 4 230
254 89 9 4 234
256 83 10 5 3507
225 147 6 1 10
73 89 4 5 627
376 270 10 3 97
415 507 1 5 125
414 382 10 5 2079
319 321 10 4 1011
257 29 3 5 611
312 374 4 5 1221
43 150 1 5 286
82 423 8 7 70808
226 280 7 5 3655
125 299 8 3 112
202 220 8 3 58
290 116 10 4 263
130 118 3 3 23
358 76 2 5 522
243 500 1 5 194
163 155 2 4 170
445 227 3 4 276
240 177 2 4 162
299 246 2 4 151
347 136 2 4 45
211 323 7 3 102
318 227 4 3 56
174 222 1 4 61
35 492 1 5 317
441 58 5 4 429
196 346 4 4 274
511 236 1 4 32
485 390 8 3 70
104 59 10 4 468
479 450 9 5 2367
138 5 7 5 799
37 172 5 3 33
138 363 9 3 79
242 4 3 3 20
482 154 7 5 1662
149 188 9 4 231
99 460 1 5 154
425 450 7 4 257
357 26 2 6 2566
161 115 2 5 710
381 37 2 4 95
132 19 8 3 76
187 142 1 4 25
491 238 1 5 572
159 315 7 3 78
210 320 9 4 316
412 304 1 4 56
455 221 8 2 31
206 67 8 6 16452
49 231 10 4 533
148 56 1 4 55
418 274 1 5 139
101 374 5 5 2210
262 368 10 2 46
508 424 2 4 142
337 46 8 2 23
509 305 6 4 197
204 60 10 3 199
96 195 3 3 35
339 139 6 3 65
437 348 5 4 137
121 269 3 5 617
246 328 1 4 32
484 17 8 4 884
69 250 1 3 17
402 7 10 2 26
129 389 10 3 150
119 123 9 4 274
197 210 7 4 405
363 165 3 4 243
87 5 10 2 36
221 486 3 4 323
247 221 6 4 172
413 265 5 4 376
111 499 10 3 197
448 258 10 5 1445
49 166 8 3 141
110 115 3 3 29
26 425 5 4 481
72 204 2 4 130
315 355 7 3 125
189 99 9 1 13
509 155 5 3 27
483 167 4 3 59
82 471 7 4 543
145 45 3 5 352
297 442 10 4 609
55 250 1 4 87
288 110 8 3 62
445 503 3 4 331
503 235 8 7 162492
332 103 4 4 107
489 487 6 2 29
127 123 5 3 75
358 357 10 5 1957
330 332 3 4 87
501 372 1 6 756
253 133 4 3 65
78 174 6 7 127952
337 445 5 3 88
85 334 3 5 981
498 277 3 4 151
210 80 6 5 1082
42 223 10 4 380
168 27 9 3 136
160 87 10 3 100
55 270 3 4 104
36 223 10 1 7
314 10 3 4 196
410 213 5 3 94
484 485 7 4 610
309 28 4 4 162
10 219 5 3 100
69 297 1 4 111
18 402 6 6 6713
457 206 2 3 28
319 504 5 4 126
401 246 2 4 192
422 501 7 5 2670
26 11 3 6 3169
245 501 4 4 123
211 451 1 5 205
7 275 1 5 326
293 502 2 4 125
340 55 2 5 718
385 449 3 5 1169
474 142 9 3 52
186 407 2 4 47
116 149 8 2 15
83 372 9 4 759
228 281 3 6 2443
265 65 7 4 362
230 241 3 3 29
435 123 5 3 34
288 386 9 4 239
497 427 10 4 376
452 23 6 5 880
256 360 10 2 38
227 132 5 4 192
352 378 10 3 153
294 84 1 6 2763
434 225 1 5 284
26 289 6 4 528
415 461 9 4 282
231 103 9 3 82
58 371 1 5 175
109 176 8 4 369
445 329 6 5 1267
255 165 8 3 95
219 451 9 3 124
162 205 6 4 348
491 62 2 4 104
7 308 1 5 172
18 332 4 5 1218
76 390 5 5 665
197 166 4 4 116
235 507 1 4 46
116 328 6 4 352
197 207 2 5 318
109 115 4 3 36
412 293 1 5 423
350 270 4 6 6544
112 330 8 4 354
94 410 2 6 3780
244 108 3 3 64
430 322 6 4 268
38 287 3 4 131
413 145 8 4 284
132 195 10 3 171
366 374 9 3 74
276 123 2 4 110
72 257 1 6 2724
83 370 4 4 248
94 1 9 4 500
125 184 2 6 1760
322 156 6 6 7614
427 192 7 4 431
107 214 1 7 8468
399 122 4 5 529
121 386 10 5 1697
219 414 7 4 227
430 401 10 5 3796
363 468 10 4 953
209 498 1 4 91
481 116 8 4 423
123 216 9 4 532
377 330 4 3 85
450 12 7 3 64
432 20 8 4 401
470 270 8 5 4941
337 139 4 4 156
301 389 4 4 172
135 200 1 6 1535
159 50 8 3 60
359 397 2 5 993
33 149 3 5 1180
136 288 3 5 482
413 16 9 6 7766
463 182 4 4 179
198 105 1 6 974
49 140 1 5 133
33 261 5 3 27
305 456 6 3 128
349 1 8 4 552
504 327 9 2 46
286 335 1 4 111
283 48 5 6 5577
60 394 5 4 188
227 316 1 4 64
436 460 6 5 1185
88 61 9 3 51
100 508 4 4 105
477 260 6 4 207
153 235 5 4 211
315 224 1 5 555
418 362 10 3 137
349 509 3 4 143
35 59 4 5 699
77 252 9 4 445
461 97 1 6 1854
411 182 8 3 68
509 70 1 5 175
184 381 5 4 264
316 475 5 3 47
199 51 9 5 2922
239 85 6 3 44
495 137 10 1 17
178 75 2 5 494
49 269 3 5 479
473 106 4 4 160
276 111 4 4 96
441 332 7 3 63
205 450 6 3 67
65 173 2 3 16
154 383 1 4 57
63 404 8 3 90
171 161 5 3 63
118 224 10 4 471
435 190 5 5 816
108 470 8 4 218
463 209 8 5 1899
147 93 10 3 68
120 408 1 5 235
370 455 6 3 120
238 401 2 5 453
376 455 7 3 89
468 266 2 3 12
282 469 3 5 1062
200 118 2 4 209
239 435 9 4 201
29 477 3 5 1719
183 3 5 4 113
232 241 2 7 23073
160 491 4 4 157
384 176 6 3 94
303 407 5 4 122
244 2 7 4 534
90 477 2 4 76
269 160 5 4 326
9 255 9 4 266
500 323 1 6 2369
226 17 2 4 59
162 100 7 3 138
442 354 7 4 635
254 56 8 4 260
177 70 6 4 152
283 413 2 6 1537
467 303 4 4 106
506 52 6 3 123
402 315 10 4 968
44 66 7 1 7
205 376 5 5 1428
78 375 4 4 174
45 468 6 6 13562
300 11 7 3 52
288 143 3 5 2072
238 91 1 6 1113
423 101 5 4 204
159 455 6 4 163
46 77 6 3 90
438 456 7 3 111
168 438 3 4 101
228 205 2 6 5996
60 109 6 4 227
97 31 4 5 531
56 135 9 2 23
215 138 5 3 87
305 446 6 4 140
195 390 8 4 492
181 508 4 6 4520
511 454 1 4 57
388 279 10 4 430
13 343 2 3 38
132 121 1 4 63
420 165 3 4 67
279 398 7 3 108
334 466 7 4 461
76 96 9 2 16
397 429 7 1 8
271 172 9 5 2115
297 357 6 4 633
398 305 2 6 2392
266 449 5 5 1067
380 322 9 4 1007
511 252 8 4 390
412 136 8 3 66
273 453 2 4 61
440 111 8 4 197
88 261 8 4 193
40 321 3 5 578
221 370 6 4 160
200 348 10 5 2608
141 425 6 3 96
461 442 10 4 638
496 325 1 5 260
504 467 6 4 154
148 320 6 3 104
274 53 9 4 219
133 312 3 5 797
166 318 9 4 726
326 491 5 2 11
131 60 3 4 72
336 448 4 4 288
392 136 8 3 104
64 75 1 5 675
211 433 1 6 843
405 393 4 4 448
415 14 2 5 513
475 69 9 5 2014
125 335 10 2 23
481 214 10 4 264
125 1 8 5 2203
345 352 7 2 29
511 191 8 4 303
398 405 7 2 13
204 231 10 4 287
61 220 2 4 195
359 498 4 5 2226
413 159 5 5 882
4 62 6 3 54
458 351 8 3 111
218 325 3 4 93
184 488 4 4 91
131 327 8 5 1767
29 210 5 3 76
74 138 8 4 313
48 333 2 4 91
110 339 2 5 237
408 186 6 4 208
340 441 8 3 157
251 446 6 5 3820
31 254 6 4 186
336 79 4 6 3799
111 375 1 5 301
199 351 2 6 2481
258 429 8 3 147
503 484 3 3 54
152 452 10 3 63
247 166 1 4 38
460 442 3 4 130
81 489 6 4 205
91 476 1 5 221
202 449 6 4 229
137 230 10 4 615
147 127 5 3 93
229 424 7 2 15
462 27 9 5 1332
387 140 10 4 674
322 160 3 4 70
177 218 6 3 48
53 275 3 4 116
268 37 8 4 244
330 88 2 4 135
107 462 3 5 1614
508 252 4 5 477
343 78 10 4 422
385 88 1 3 19
403 66 5 6 5337
424 490 8 3 154
266 293 10 3 192
177 182 1 6 1248
149 4 6 3 91
423 324 10 4 732
504 180 4 4 218
457 115 5 2 15
493 85 5 6 7792
257 240 7 5 4332
470 36 9 4 794
179 507 2 6 5249
473 504 8 4 225
125 304 4 5 1388
363 434 6 5 766
175 87 7 4 233
183 464 2 5 666
186 482 8 4 530
146 458 5 2 10
51 209 7 4 481
413 464 9 3 160
331 130 8 3 52
194 161 7 3 65
345 204 9 5 1786
342 194 3 6 2997
10 115 5 6 4792
160 432 4 2 14
215 229 7 4 299
484 191 4 3 30
41 250 5 4 269
339 86 9 2 40
244 91 9 2 43
61 236 10 3 197
190 394 8 5 3222
125 6 10 4 563
508 205 5 3 44
248 408 8 3 50
411 280 5 2 11
262 392 3 2 15
400 392 2 5 1128
386 265 5 4 452
174 34 8 7 145414
96 121 1 5 416
263 96 5 4 135
410 447 5 4 161
306 460 5 3 76
191 279 3 3 61
35 83 2 3 29
192 242 3 3 17
369 247 9 4 729
350 153 2 6 3699
479 274 10 3 193
26 418 3 4 143
301 269 2 4 76
390 181 7 4 158
316 65 6 3 54
85 146 8 4 858
356 361 10 4 313
241 163 2 5 771
284 239 6 4 307
364 384 4 6 6657
70 284 6 4 251
248 479 3 6 4088
483 142 9 2 38
38 189 1 4 81
407 298 9 3 186
285 240 2 5 342
22 131 10 3 73
427 98 1 4 48
293 274 2 4 104
119 489 3 5 607
332 489 8 5 3250
283 245 7 2 29
358 491 4 4 165
283 272 8 3 123
162 72 4 4 217
207 259 7 3 123
246 89 6 4 315
359 59 7 3 119
71 492 8 2 15
39 234 7 2 17
297 212 6 4 525
256 326 6 4 269
400 423 3 5 1231
418 165 5 3 82
461 334 8 3 65
451 500 6 4 465
63 480 10 4 445
276 339 8 4 518
141 172 10 4 612
299 64 1 4 63
93 402 2 3 19
90 165 6 5 773
433 169 1 4 57
445 468 7 2 15
367 36 1 5 201
375 508 1 6 1093
225 288 8 5 1587
82 296 3 4 113
156 481 5 4 183
366 8 10 3 140
100 420 9 4 281
264 109 7 4 157
92 14 6 4 200
134 35 1 6 2962
414 441 6 3 62
187 57 3 3 52
42 133 4 4 245
473 266 10 5 6103
458 119 2 5 693
192 360 5 5 2283
94 81 8 4 301
216 13 7 6 15551
76 173 7 4 406
120 454 10 3 146
343 60 5 6 3684
192 460 8 4 376
184 465 2 3 20
69 61 4 4 109
487 247 10 4 257
266 308 9 3 67
423 257 7 4 319
421 192 4 5 614
143 98 6 5 1302
89 380 7 3 128
228 398 1 3 18
312 208 10 3 114
51 506 7 4 254
373 53 7 3 81
494 121 8 2 34
329 228 5 5 936
86 229 3 6 2296
476 119 4 3 59
76 148 3 4 130
58 21 4 4 252
443 33 4 5 763
233 353 4 3 66
141 25 10 4 256
195 58 8 3 101
287 178 1 5 615
181 421 3 4 230
419 33 6 4 349
386 116 7 5 2346
163 39 2 5 904
185 33 9 2 26
185 471 2 5 389
186 5 8 2 15
452 308 8 6 9379
382 35 9 3 94
172 211 8 2 31
260 59 4 5 530
333 111 6 4 161
57 59 8 2 24
202 115 10 3 116
141 195 2 4 82
510 426 6 2 21
444 365 2 4 171
39 406 2 6 8862
115 421 2 5 457
317 45 5 4 173
161 54 5 4 324
459 283 2 5 618
299 249 7 4 185
3 507 7 1 7
229 428 9 5 4050
29 73 6 3 92
330 30 7 5 2282
398 118 10 4 337
223 402 2 4 58
158 29 10 5 2311
235 346 3 3 44
361 212 8 3 131
112 326 7 2 33
345 235 5 3 85
358 223 5 4 560
86 283 2 4 124
467 161 8 3 157
473 223 7 2 28
29 209 7 2 23
376 243 9 5 1776
72 50 8 2 39
349 439 10 1 9
308 170 9 4 868
140 271 10 1 16
279 3 4 5 1898
207 34 10 4 409
32 332 3 4 256
149 170 9 4 261
183 54 2 4 165
325 171 8 3 173
91 163 4 4 300
40 473 6 4 678
363 384 5 5 1450
268 451 2 6 5320
399 15 6 2 29
356 368 9 3 176
486 70 8 3 164
105 340 4 3 78
435 24 6 3 55
508 242 2 7 10755
417 254 7 3 142
386 441 3 5 561
89 423 4 4 207
390 24 7 2 30
504 122 1 4 31
186 208 6 3 71
70 485 1 7 16666
165 337 5 5 1121
18 30 9 3 108
169 36 2 4 192
212 392 3 3 39
248 453 4 4 101
169 310 8 5 978
495 378 7 5 1120
241 469 10 3 141
179 231 1 5 282
119 322 4 4 239
411 311 9 3 147
227 258 6 7 68341
160 45 7 3 130
463 202 6 4 261
208 153 9 4 537
140 420 8 3 73
198 185 2 4 112
154 510 7 5 1587
314 121 9 4 204
251 401 7 6 13587
100 409 7 4 659
112 412 2 5 754
28 505 9 4 215
296 137 2 4 69
495 323 4 5 959
43 180 7 3 74
159 171 9 3 48
109 281 6 4 144
232 145 10 5 2928
381 27 3 4 107
140 401 5 5 658
103 320 7 2 13
86 459 9 3 181
489 382 4 4 97
185 52 9 4 230
127 172 6 4 199
456 357 4 3 26
355 326 4 5 1357
9 219 3 4 224
160 508 10 3 55
303 177 6 4 199
463 456 9 3 78
163 224 10 1 14
233 28 10 2 20
142 354 7 7 148853
269 336 7 3 125
258 44 6 4 428
341 396 10 3 131
436 81 6 4 236
232 130 1 5 126
60 340 4 4 143
145 318 1 4 84
487 498 6 4 177
165 470 6 6 4487
123 193 5 4 193
128 495 9 3 157
465 349 7 6 8585
146 365 9 4 298
425 335 8 4 850
425 197 5 3 41
9 241 7 5 1315
128 424 9 4 233
140 125 8 4 679
143 503 1 5 356
109 200 9 3 60
100 10 7 3 138
358 496 6 4 385
42 454 1 5 484
463 107 10 3 61
239 177 10 5 6275
511 267 8 3 90
498 163 6 5 692
281 392 7 2 17
436 508 6 3 77
270 121 10 4 1015
289 495 8 4 242
327 260 3 3 42
288 510 6 2 30
13 86 10 3 130
484 104 6 4 139
76 320 9 2 21
34 270 2 4 58
417 262 9 2 21
339 117 2 4 49
310 380 5 5 3026
112 259 6 4 228
26 406 1 6 874
255 223 8 3 57
45 291 8 3 67
225 344 5 4 207
440 106 9 4 286
143 484 9 5 6098
354 419 6 4 245
419 206 7 3 66
119 339 8 3 44
226 436 7 4 322
439 497 10 3 149
194 26 8 3 76
100 262 2 6 2667
77 56 5 6 5636
391 338 9 3 57
197 35 6 5 1281
505 417 9 4 875
508 260 7 4 311
134 480 3 5 462
209 492 1 7 13470
463 286 7 5 2398
121 55 2 4 65
94 58 5 4 189
174 474 7 4 694
131 54 4 3 53
164 145 3 5 376
288 487 1 3 18
310 363 4 4 136
79 402 3 4 158
178 332 7 4 360
3 218 8 4 223
70 382 1 4 54
331 321 9 4 274
357 509 5 5 1842
187 274 4 3 49
179 105 2 5 427
292 415 5 6 3765
153 385 8 3 118
98 383 7 3 129
250 191 6 4 328
80 417 7 3 150
165 178 7 4 419
296 247 3 4 251
66 366 2 3 39
185 205 1 4 71
39 301 2 4 60
495 509 9 4 199
324 396 4 1 6
484 215 6 3 105
461 40 6 5 2552
468 365 7 3 125
421 91 2 5 253
478 225 4 4 116
259 305 7 3 42
64 82 10 4 287
357 475 2 6 8894
89 270 8 4 191
296 90 9 5 5248
428 311 7 4 484
473 126 2 7 25679
348 165 8 2 21
245 192 5 4 326
53 264 2 5 317
252 453 10 3 74
13 167 6 3 75
245 367 9 4 460
65 488 7 3 65
178 501 9 4 358
55 321 1 5 685
217 504 8 4 648
280 176 6 5 692
472 426 3 5 1227
260 434 8 5 4283
54 13 9 4 306
118 10 9 4 309
164 315 2 5 455
203 425 1 7 9591
460 428 10 3 180
106 164 3 4 136
342 261 5 5 911
343 26 3 4 174
188 194 9 2 17
501 128 10 4 272
265 301 4 4 361
106 340 10 1 4
449 100 8 1 11
25 280 1 5 157
