738 1.6889344101548776e-06 
7739 9.289491281610091e-07 
2926 1.0977519070078281e-05 
677 1.3264582182759155e-05 
9397 1.7308591970847329e-06 
6692 9.130736891409475e-06 
1997 1.0477852088824168e-05 
5282 2.8756823974538536e-06 
7340 4.050476857429539e-06 
4009 1.196130850561689e-07 
7894 1.0450399590013933e-06 
7605 1.684067700954116e-05 
9963 6.210217061099932e-06 
8504 1.8394606294149286e-06 
6017 7.856879381007329e-06 
4470 4.513768291230461e-06 
1447 2.5983978604823995e-06 
3525 2.8294443939140654e-07 
2038 4.836038510953351e-06 
7713 8.518445224661462e-06 
3086 2.774317442816079e-06 
4885 1.763072626444138e-06 
593 5.107038676181095e-06 
8500 4.097323478401012e-06 
2161 3.830667907487803e-08 
7506 1.6264081625522983e-05 
4332 1.0999222002674417e-07 
8086 1.0379203203272385e-05 
4056 2.4851254206174553e-08 
7999 3.4999330803607673e-07 
5711 2.67279122383102e-06 
3729 3.4312621996741377e-07 
1003 3.2533138203901836e-08 
4444 5.030409035665608e-06 
1141 3.594027894619008e-07 
2398 4.844881217040136e-06 
308 4.806888445440299e-07 
4557 1.6690103081949312e-07 
2979 1.0942667993788103e-06 
380 3.333773573277975e-07 
6313 2.277502250332463e-06 
9379 1.2947848970453708e-05 
8316 1.4418389103633045e-06 
3411 5.726519057758671e-06 
8492 3.364269094596075e-06 
3523 1.758618461176217e-06 
1669 7.578540024224016e-07 
7417 2.4802780855770706e-06 
7923 2.8444027457999535e-06 
9234 9.131555901598951e-06 
8073 1.3678527626534096e-05 
8367 6.05869879920359e-08 
9258 3.9071072223369814e-07 
1991 6.342334533571039e-07 
4508 5.676909648977777e-06 
4666 2.589496668031311e-06 
5309 8.522168051567925e-07 
2184 6.100745373435783e-06 
2606 3.514303158046674e-07 
3236 3.2877348850490924e-07 
5515 2.065283149725422e-06 
9626 6.439358759377858e-06 
4337 7.237540496993217e-07 
3328 1.0954025381218292e-05 
5304 5.785715816261123e-07 
3230 5.46999425223703e-07 
2117 5.24336579746364e-07 
9097 1.5547246125864785e-07 
8982 7.087480513687672e-08 
4003 7.335301887134093e-06 
4122 4.909980456067451e-06 
8976 6.539286170181815e-06 
1520 4.859366212919854e-07 
3325 3.3780964933855243e-06 
2367 4.405643781279882e-08 
4077 4.90817398242911e-06 
7963 1.0961344806218604e-08 
6419 7.117870299334464e-07 
5745 2.1734765677501957e-07 
5815 1.3410854593666607e-07 
919 4.625118360777089e-07 
7645 2.946813192656485e-06 
1173 1.827569513821554e-07 
4954 7.056685843096069e-07 
2591 6.351614980450835e-07 
7209 9.023269727108204e-06 
7817 8.645200021033366e-06 
2555 1.6090666267814246e-06 
8928 3.412887650953149e-06 
1201 1.3153308666952377e-06 
6205 2.890642293645673e-07 
8133 3.898871727537308e-06 
6170 6.813449552648014e-07 
5369 5.7787920402130495e-08 
5548 5.3920771750871405e-06 
5132 1.6542334469853396e-06 
4551 4.9354723977892e-07 
2120 4.0359656707281664e-08 
9114 3.3046391735556936e-06 
4941 4.6346396690650795e-06 
4487 1.2956505963344698e-05 
793 3.874890595846267e-08 
8743 1.4034448567514487e-06 
9830 3.738742618012911e-07 
1736 5.075748892635271e-07 
7197 1.580279526832394e-08 
4736 4.2727167621285205e-07 
567 6.8056795495803185e-06 
5425 4.560179771992487e-06 
4960 5.602188906350162e-07 
6095 4.936750584970054e-06 
3666 5.400934012822135e-06 
7537 3.3501315592212807e-07 
3472 3.31722267345199e-06 
7270 5.555091210925921e-07 
4900 2.254075344324725e-06 
9730 5.435199305112712e-06 
1343 8.465400350076097e-07 
5992 3.9774243631337836e-06 
8261 2.298547633744961e-06 
8264 2.756283682620778e-06 
2689 6.052533073501098e-06 
9158 6.509668731321352e-06 
945 1.3390584330095654e-07 
8390 1.3876059505486104e-06 
2290 5.87926505209884e-06 
3264 4.787851610088458e-08 
1166 4.0609115416071276e-08 
1940 1.2294581213327932e-05 
5736 1.2342631978905336e-07 
9058 6.670705707581976e-06 
6035 1.0508566070836235e-05 
9699 5.457430746896863e-09 
6233 9.602932107895545e-06 
9517 2.3695616044476834e-07 
163 7.478275979569126e-06 
3475 7.589575731408658e-07 
7857 1.0442969544922397e-05 
8708 5.6029546391208494e-06 
3429 3.7375739528048286e-06 
117 2.371748582035667e-06 
1492 1.5671558631894953e-07 
9301 1.8224771127341513e-08 
5169 4.338223288411877e-06 
6866 1.032954559999671e-06 
6061 4.577059110210152e-06 
2605 3.523143853159975e-07 
6249 1.4509903845319545e-06 
1034 1.1673301913636691e-08 
7214 4.0690395336173105e-07 
2871 9.309921744113207e-07 
111 2.9775789612277726e-06 
5772 4.813143595800187e-06 
801 5.123609298022434e-06 
7080 1.21732335045695e-07 
5658 4.043408252413661e-08 
2739 1.1286074150674424e-07 
8998 3.4683282565395324e-09 
687 3.944228204910026e-06 
2475 5.810141685954478e-06 
2089 8.407049289476176e-07 
2536 6.563007865466319e-09 
1097 4.2709664736600116e-08 
3179 1.9976353765488474e-07 
6221 4.967906711386455e-07 
1713 1.9766882824179808e-07 
5731 9.675464081378532e-06 
6978 5.4479418584979715e-06 
868 4.480207046413649e-06 
8321 1.044566129225934e-05 
2616 3.5274256872676395e-06 
5905 1.1915834292303452e-06 
7437 5.287342553867561e-07 
1988 4.198148970981346e-08 
8836 3.7827811559792285e-08 
6904 5.009778386212174e-06 
7164 1.3723773911085232e-06 
266 6.408764639525698e-07 
1675 1.3022202201091928e-06 
2572 4.4149940612747983e-07 
5987 5.426368540270565e-09 
5869 3.818751210664215e-06 
4371 3.1067242354613706e-06 
3651 2.282655836940463e-08 
1407 4.873887347996272e-06 
7561 3.851162462497337e-06 
8611 5.345843694190509e-06 
6852 5.448870136757195e-07 
971 4.1928427955550686e-07 
5625 5.643657009444695e-06 
7593 1.5114122103473243e-05 
3574 2.0676524955717954e-06 
7925 1.11000800074609e-06 
5897 5.41270676124045e-06 
8360 2.9568521404568337e-07 
3417 5.335965419716426e-06 
3620 6.60521733307342e-06 
2075 1.5433347837071046e-05 
1151 2.8850543281681005e-07 
9266 4.210341828396499e-06 
8118 2.815956928755702e-06 
6627 4.757375406109827e-06 
5824 3.95061185213977e-06 
6075 7.899022171938127e-08 
0 6.599784343493412e-06 
2150 3.4310490231104695e-07 
6819 5.493188939347344e-06 
4524 3.372654998915583e-06 
2680 8.858197776944604e-08 
7892 6.253164047533049e-06 
7606 1.37786274047243e-07 
134 8.897009825354736e-07 
9778 7.757917195892004e-06 
3351 4.937787503738262e-06 
9180 2.990021992304269e-08 
4876 8.531696876756811e-10 
5844 6.448370132684902e-06 
1208 7.550273898984162e-07 
3885 7.264401257564776e-07 
1748 7.247627946998402e-06 
5819 1.2190179729019987e-06 
8726 7.142485620676308e-06 
2718 4.59288589068702e-07 
6666 3.138586286285851e-06 
2346 6.411538277649059e-06 
1744 4.5736241754839445e-06 
2110 2.4170060033563702e-06 
9375 4.396121771744003e-06 
7738 5.50391815174142e-06 
4450 1.1478445113320755e-07 
7517 1.424641547600504e-07 
2335 2.3771632966977999e-07 
1666 1.1372067400712763e-06 
8766 7.881575125472192e-06 
4644 3.336893733953215e-08 
6801 8.078929432441207e-07 
1009 2.030477534969637e-06 
1984 5.6639033308662e-06 
4173 1.8695273243281245e-06 
2474 7.786376027045801e-07 
8537 1.8184640469831332e-07 
4786 3.7741712490187563e-06 
5099 8.958816780503087e-07 
6555 1.1299779052920205e-06 
9049 1.2898838931017394e-05 
37 6.999995893149541e-07 
7803 4.571832295219484e-06 
498 5.200039221366258e-06 
1090 5.349981166332583e-06 
870 3.8115605164950658e-06 
8047 7.76562473295214e-06 
2517 2.8389447194996937e-07 
5626 1.1028971338938192e-05 
2267 2.076864580100055e-06 
4374 4.095982709758843e-06 
5522 4.125688711162107e-08 
9650 1.5368016243470957e-06 
9698 5.777148342699693e-06 
8201 8.094047144408935e-07 
9422 1.3599992416407269e-06 
1485 5.137132081894383e-06 
5670 6.691793369044768e-06 
9287 1.8953367580470137e-06 
2870 1.3503556504194782e-05 
3206 5.538660044973132e-08 
8323 3.7264142611404656e-06 
1559 5.662744167988342e-06 
9809 1.3250492201466418e-05 
1116 1.0759526209971264e-06 
3640 2.1315251327980286e-07 
4027 1.082327403830358e-05 
9906 3.4484792953316643e-06 
3302 1.4881216721590593e-06 
8193 2.9681040211397635e-06 
7436 5.590172879551878e-06 
5546 2.2167319044485946e-07 
8859 7.715979771514823e-06 
9126 6.769036127343795e-07 
9839 2.5946512674843185e-06 
700 2.8378642718943403e-05 
4017 3.1994527301479206e-07 
1971 1.3481196866342586e-06 
3294 1.728726064992386e-05 
8455 6.788078243360457e-07 
8818 9.476842364583687e-07 
1315 9.581118261065683e-07 
6099 1.1343168516114423e-06 
8444 1.3373142449520958e-06 
15 1.883621578472958e-06 
8987 2.970201531356642e-06 
6752 2.4196014289136633e-06 
7049 6.662954152997225e-08 
8929 2.260724964423463e-06 
9321 3.424783227420013e-07 
7461 2.1800582277486957e-07 
4117 7.091552845079608e-06 
8107 9.651008596285177e-06 
5982 2.2896853166057827e-07 
3109 3.510951263547768e-06 
6602 5.346029399635327e-08 
9122 7.170411299117978e-06 
321 7.896609014227361e-08 
2946 4.591953702742156e-07 
6846 3.0463268097491703e-06 
1047 4.1101148348797454e-06 
4636 1.5914713001144464e-07 
4226 2.7932799914580517e-06 
8740 3.1773924035296327e-07 
9766 9.759041898221464e-08 
3809 5.91311853292923e-06 
5779 5.581941490824755e-07 
1207 1.005286337739686e-05 
2060 4.7130241282366744e-08 
5678 4.78006626173505e-08 
5163 1.1743598644927254e-05 
5717 3.274189126558513e-07 
9065 1.677934681810002e-06 
4839 2.7998820269362686e-07 
2537 1.2734196546282524e-05 
6905 4.824094502298482e-06 
7192 1.0968823093511e-06 
4986 1.371703687409677e-07 
836 2.397360177259824e-06 
1910 2.9613961800357052e-06 
8646 3.8991293137109685e-07 
8559 7.023729065542018e-07 
2959 1.8077384020631622e-06 
1530 7.754863075590197e-07 
4322 5.738466510889673e-06 
5657 6.634722938412061e-07 
9385 3.338016895990826e-06 
4848 5.506679777523161e-06 
9642 5.93735775119135e-07 
4405 8.109527351860688e-06 
1381 3.0756953699677484e-06 
5056 9.978744696608075e-07 
3168 3.464363681213514e-08 
7216 2.655679424380781e-06 
6340 1.2547151029377501e-06 
447 3.677073357556465e-07 
1030 1.2074541239054876e-05 
1402 2.823829889473002e-08 
2526 2.2199532444016542e-05 
590 9.991104724441761e-06 
7657 3.525161097106706e-06 
7456 5.31895505633566e-06 
4138 3.505461183726906e-06 
4617 4.3173270728373125e-07 
8196 7.604146788910715e-07 
9577 8.770720564891817e-07 
9494 1.917132224012869e-06 
7965 5.012617731482705e-09 
8729 1.00421554410618e-06 
5775 1.1435434502666358e-06 
4314 2.0543124029732763e-06 
8077 1.1234532910541595e-05 
6389 2.4888420946129336e-08 
6952 2.2119065274129874e-07 
4476 1.3157446786173782e-08 
4442 8.480325744219088e-08 
3330 1.0584092924824633e-07 
1562 1.7059948310084685e-06 
4998 1.6972619732279423e-06 
5852 7.328389483764463e-07 
8406 7.803487996780741e-07 
4430 2.2730480481117557e-06 
1080 1.1914062825529563e-05 
1968 5.018894658992594e-06 
9644 1.9025352502695028e-06 
8499 6.341026986727075e-06 
187 2.7127142854626777e-06 
2057 5.9521967285162864e-06 
4064 1.6501693744022e-06 
5931 4.657723448388314e-06 
4519 2.7243312521828115e-07 
7294 1.878710592296862e-07 
5913 3.999906323210127e-06 
9251 4.877603720383736e-06 
1919 2.1069297500569696e-06 
554 1.2486332477809595e-06 
3463 1.0168489953641421e-06 
5097 7.213549435142321e-07 
1341 1.0337391180906064e-05 
4272 2.0610521655204175e-07 
8464 1.907498723049126e-07 
3653 5.001134884449268e-06 
8250 1.4633687746480216e-07 
8156 4.806479850759382e-08 
6420 4.307145636301211e-06 
3114 4.509246428172574e-06 
7121 1.4213345758437575e-06 
2105 1.507832957524062e-06 
368 8.680449654646259e-07 
1812 2.8144280032054586e-07 
7405 1.379070566449922e-06 
1071 2.552738736937601e-07 
9311 4.5441383002254275e-08 
8951 1.9269063655753674e-05 
5177 5.044104356061974e-07 
7055 1.8125125774100489e-06 
1684 5.033930651040977e-07 
297 5.195061765969505e-06 
6550 2.405337900753847e-08 
7366 6.580164632577314e-07 
1225 1.391638691670082e-07 
5521 1.1042119217227213e-05 
1067 5.988834758300573e-06 
6046 2.2736432645650395e-06 
5069 9.87860867695759e-06 
2376 4.949750401089272e-07 
3632 4.0518299492206665e-06 
2271 3.439799616694152e-06 
5325 8.271985794530137e-06 
9382 7.267657593525119e-06 
7928 2.211014060119615e-08 
9679 1.928521689744517e-07 
3028 1.0837064412297088e-07 
7843 3.1643859562673863e-06 
5133 4.336160332378017e-06 
3639 1.8543015550368697e-06 
1873 2.281774071667957e-07 
8543 1.869320408906396e-06 
3538 5.35213939853411e-06 
3822 6.249364787335502e-06 
6582 5.95368717967986e-07 
3661 6.350887372343749e-06 
8144 4.27119347861998e-08 
3161 2.0645744956731634e-06 
8147 1.960018916782103e-06 
8793 4.8784866236579416e-06 
3660 1.0631312364893077e-05 
6683 8.928817625193482e-07 
1725 1.7510562232345953e-07 
325 9.81731831175768e-07 
6002 2.760928903386238e-06 
3323 1.0686403674477731e-05 
6500 7.66078092080673e-07 
9297 7.739542650751525e-06 
1345 2.554044340553679e-07 
9392 5.223675847910531e-06 
977 8.885115167533954e-06 
8603 2.878176613788368e-07 
1022 8.127114511472677e-07 
4792 2.6566199615734786e-06 
9373 1.143984651559623e-05 
852 1.0628981661791237e-06 
6811 2.8529299265938495e-06 
9737 5.784553164878728e-06 
1681 2.7533227113647615e-06 
9025 4.330505781031824e-07 
4625 1.2527287980586337e-05 
609 2.048862719283102e-07 
317 1.3295916685532868e-06 
3579 8.60032815653296e-06 
4828 2.4550512198258078e-06 
3551 5.988064791125194e-06 
43 4.281369348062319e-06 
505 1.2171714704917035e-05 
3530 1.0498454205858966e-06 
5198 9.528921749883202e-08 
4183 5.926193945886732e-06 
412 2.0261899910348478e-06 
4627 9.297934901347974e-06 
749 1.140213153380911e-07 
4500 4.50007580779207e-06 
4572 6.677608504512177e-07 
3587 1.8885701134739195e-07 
1727 1.6746892203309719e-06 
1196 5.542677502551429e-06 
3767 1.0710618466159874e-06 
3598 4.430858267599067e-06 
5312 1.5540877576177712e-06 
7748 6.313468411960778e-06 
2912 9.928224075953393e-07 
387 1.5576518955700896e-07 
3115 7.013140918099081e-06 
903 2.7442777641526e-06 
5218 5.8436218663775706e-08 
5744 2.1567909756211854e-06 
6682 3.4574495666671813e-06 
8710 9.913230778863943e-06 
7012 2.346167245211623e-06 
7840 1.8783570592516025e-07 
3348 4.985875120818583e-06 
1564 1.6845301377612244e-06 
4703 3.5491596210774516e-06 
3737 3.6267225018459e-06 
9560 2.260499750938437e-06 
8597 6.823278400201503e-06 
9581 5.611743588471136e-07 
3240 9.853070722911768e-07 
8311 2.7742056787057513e-06 
767 8.338838234180947e-08 
932 5.106207068370644e-08 
7827 1.4789230714691713e-05 
5167 8.104969957436333e-06 
1415 2.9390198200654194e-06 
8450 8.293156596298757e-07 
5355 2.389896998952458e-07 
3146 4.131386100249147e-06 
2056 1.2961971223843118e-05 
5627 3.097992882308513e-06 
4058 6.4403779342245205e-06 
1140 5.6439163603067e-09 
3584 1.4038034533921828e-06 
401 6.723104964363518e-08 
9483 2.6769342286489524e-06 
6699 9.618508409264309e-06 
3723 3.165680414229016e-07 
5352 3.734083803859874e-06 
6143 6.11036977699736e-09 
1529 9.784415464398222e-08 
8955 6.834489891859659e-07 
1580 6.2551257091967145e-06 
7352 4.196146064181785e-07 
3866 1.001433747996768e-06 
495 2.5542586593278504e-06 
7075 1.607316142241983e-07 
4120 2.147372954365448e-07 
9995 6.7315415462393855e-06 
3476 4.598059730186997e-06 
1949 2.4732738204630077e-06 
9134 2.1928839927107735e-07 
6348 6.300460308386721e-07 
2960 5.986079220699804e-08 
8467 1.5096550845283116e-06 
5700 1.5634084726988405e-05 
7815 1.9102026332915348e-07 
5194 1.245973047720502e-07 
6898 9.485714344182082e-07 
9769 3.391985170975338e-08 
3623 2.1610273018292037e-06 
5366 1.0668677167100077e-06 
965 8.7517891043947e-07 
7243 1.5655110313357033e-06 
9356 8.811179196086417e-08 
22 3.721887405709664e-06 
2509 1.3608048784451978e-06 
7239 3.8139418228188944e-06 
2914 7.560625614076646e-07 
8226 4.75943808071556e-06 
5688 8.985582429225569e-06 
5841 5.112557380255102e-06 
3454 4.671352917504631e-06 
4763 2.432738395316482e-07 
8170 5.430579708310077e-07 
5918 7.017065184656066e-06 
2481 1.567452541405434e-05 
7356 9.303390448625717e-07 
7142 9.638572496090409e-07 
7074 1.472127965350822e-06 
7622 2.3875206683898753e-07 
631 7.16982810654201e-07 
9980 3.638920138391918e-06 
5184 5.588023497843809e-08 
2283 1.491438604046965e-07 
2861 4.74680563299868e-06 
1775 7.268804001002199e-06 
9488 1.4167974073457827e-06 
2551 3.911767267315868e-07 
3624 4.713888725971745e-06 
108 5.8188601235152626e-08 
4241 3.950631560695111e-06 
3051 2.692431188733172e-06 
1368 9.534556213287099e-06 
8217 1.6545673508849357e-07 
1555 7.252161274277737e-07 
4115 1.580070215659457e-06 
3893 5.0397310542026065e-06 
790 6.266662821943215e-06 
7042 1.1875080066787905e-05 
2385 9.669491290837441e-06 
4013 4.996835112694442e-08 
3136 3.293024527724521e-07 
1819 1.6197110074541822e-06 
3811 3.413445015890272e-06 
9518 7.13722627630464e-06 
9991 4.256401634812415e-06 
1182 2.0756766633865425e-05 
5033 5.307574927321376e-07 
4029 3.1917042850535524e-07 
6437 3.481971347618607e-07 
2223 5.887145354543932e-10 
5461 2.6938330085981076e-06 
5322 7.161367644636736e-06 
8056 2.3848362689653714e-06 
4083 1.0571142264673218e-06 
1417 8.455466829368442e-08 
8164 5.6562520555271575e-06 
2746 2.9184090299675076e-06 
1327 7.525900626542507e-08 
4407 1.6819842750514725e-05 
7850 1.5674468993507447e-05 
2284 2.469523121098166e-06 
665 5.354735286985192e-07 
2600 5.34947265025851e-07 
39 2.3133730502252134e-06 
5232 5.775347863845197e-07 
1804 5.6986109535680035e-06 
717 9.920103676189744e-07 
4635 8.357445014780314e-06 
3853 3.816412975188045e-06 
7672 2.3415680507115006e-07 
4145 4.708510337464496e-06 
5621 7.5682699781306686e-06 
4458 7.896769071980003e-10 
8683 9.377332685466525e-07 
7063 5.386198498314159e-08 
3156 2.3302262606683023e-06 
3023 2.1554081551640404e-07 
1585 7.811289825828928e-07 
6712 6.936060522634262e-06 
5399 1.0635727181935773e-05 
7835 4.775597527332349e-07 
9964 1.3693241347361007e-06 
8745 5.94999339234765e-08 
7044 2.2623551278422244e-06 
5732 1.4331161560216616e-07 
2599 1.7904164223428174e-06 
142 5.083146510041519e-06 
7718 3.6067187791340194e-06 
3727 1.793748894932004e-07 
7643 2.6841283453738016e-07 
6912 4.249053319501953e-06 
8198 3.486286593111493e-07 
5376 4.400647410706681e-07 
2945 1.5224613308923276e-07 
5654 6.680195620891458e-08 
5738 7.758556711159556e-06 
2546 1.110301139870369e-06 
2631 5.437455579237735e-06 
443 5.613543404307595e-06 
7181 2.4992631267392194e-07 
8281 1.3006876549035677e-06 
9742 1.0611109510592215e-08 
7826 1.095540242659245e-06 
2112 8.18775725583367e-06 
4641 7.001994837839464e-07 
1791 2.0066508338714754e-06 
2315 8.204573364499696e-08 
