1 2 5 6 3849
1 47 8 5 1074
2 31 2 5 642
2 35 3 1 5
2 406 2 5 345
3 4 9 1 4
3 5 7 2 28
3 26 3 3 22
5 57 9 1 5
15 16 7 1 9
15 36 8 4 378
16 25 8 3 78
17 18 5 2 18
17 36 10 1 11
18 33 6 4 140
19 20 5 5 676
19 21 8 3 54
20 142 8 1 4
20 148 5 1 4
21 22 1 3 7
22 23 2 3 19
23 24 8 4 747
24 25 5 2 19
24 28 8 3 61
26 27 9 2 19
27 29 9 1 4
27 30 8 1 4
28 29 8 1 7
31 33 6 6 16542
32 33 1 3 21
32 34 7 7 58859
32 69 1 3 9
34 35 5 3 40
34 73 7 3 109
36 37 3 1 5
36 75 2 3 29
37 52 10 5 1674
37 43 2 3 17
46 47 6 6 23834
47 448 7 2 29
52 67 9 4 443
53 54 4 3 23
53 59 8 4 318
53 418 8 1 11
54 163 9 2 23
55 56 10 1 6
55 59 9 2 29
56 57 7 7 247184
56 66 7 5 2228
58 59 1 2 5
58 60 7 3 50
58 199 10 1 5
58 458 4 5 1538
60 63 5 7 44918
63 225 4 4 222
64 65 4 2 15
64 66 8 1 11
65 67 2 4 91
69 70 7 4 255
70 71 7 1 4
71 101 4 1 4
72 73 6 1 10
72 101 4 3 50
73 76 9 5 1238
73 77 1 8 88660
96 97 2 5 272
96 111 2 10 7966107299
97 101 8 1 6
98 99 10 1 4
98 100 7 5 2637
99 138 9 5 3779
100 116 1 3 19
105 106 1 2 5
105 111 1 3 17
106 107 1 3 6
107 108 5 2 9
111 114 6 4 575
113 114 3 4 253
113 116 10 2 23
115 116 6 5 2505
115 409 4 4 103
118 119 5 2 21
119 138 9 8 561806
120 121 3 7 29392
120 122 6 1 6
120 304 5 5 2627
121 296 10 1 4
122 123 8 1 5
122 124 4 2 12
124 125 2 2 8
134 135 7 4 307
134 332 5 8 1205559
135 136 9 1 4
135 137 8 1 11
137 139 2 2 5
139 140 6 4 519
139 141 4 6 9666
139 399 10 1 7
141 400 5 2 9
154 155 6 2 20
154 156 6 1 4
154 172 10 3 59
155 168 2 3 20
156 157 8 3 79
156 171 5 1 5
157 158 8 8 403258
158 159 7 1 11
158 177 4 3 86
159 160 2 4 86
159 161 4 1 4
159 196 5 7 69094
161 162 10 3 106
161 197 5 4 191
163 164 1 5 226
164 165 6 4 145
165 166 2 3 32
165 104 3 5 463
166 167 2 2 4
167 168 10 1 9
169 170 3 1 4
169 171 10 5 1214
169 174 5 3 52
170 172 9 3 114
170 173 8 3 58
170 419 6 4 233
171 178 3 3 21
173 174 9 4 422
174 179 3 3 43
175 176 10 4 1052
176 214 1 5 313
177 178 2 2 7
177 191 7 1 6
178 421 9 1 10
179 192 2 2 4
180 181 6 2 25
180 208 7 2 16
181 192 7 1 4
182 183 3 3 46
182 184 9 1 6
184 185 10 1 4
184 208 7 6 8985
185 186 10 4 578
185 207 6 1 10
186 187 4 5 882
186 230 7 1 4
187 188 4 1 7
187 193 8 3 66
188 189 1 5 500
188 191 6 4 217
189 190 2 3 29
189 191 9 1 4
193 194 1 3 16
193 217 7 1 8
194 195 7 2 13
194 217 2 5 500
195 196 5 1 4
195 216 1 5 214
196 197 5 2 26
196 476 3 1 5
197 216 1 4 80
198 199 10 6 13873
198 221 1 2 4
199 200 6 4 285
200 10 10 1 7
201 202 9 3 155
201 203 5 4 436
201 351 9 2 40
202 213 3 3 34
203 204 6 2 17
203 205 5 3 36
205 206 6 3 43
205 231 2 4 71
205 360 9 4 665
206 207 1 5 252
206 232 3 4 257
207 233 6 5 802
208 209 5 4 152
210 211 9 1 13
210 212 8 1 5
211 215 2 7 23331
212 213 3 4 210
212 342 6 6 6446
213 340 6 1 5
214 215 3 6 2130
216 219 7 1 6
217 218 5 5 1169
218 222 2 7 11244
219 220 4 6 8855
220 221 2 2 8
220 222 10 6 15261
222 226 5 2 17
223 224 1 6 1965
223 225 7 2 37
223 7 1 2 5
224 229 1 6 2187
227 228 2 2 7
227 229 10 5 1556
227 272 10 1 10
228 230 1 7 25635
229 401 8 7 91364
231 281 10 2 23
232 265 6 2 15
233 264 10 3 187
233 150 3 5 1089
234 235 3 1 5
234 278 10 5 4188
236 237 3 6 2410
236 280 2 4 221
237 238 10 5 2701
237 239 6 2 11
239 240 1 2 5
240 241 3 1 4
241 243 4 4 414
241 442 8 8 344664
242 243 5 3 110
242 244 7 1 11
242 314 6 2 16
242 80 8 2 19
243 293 8 1 4
244 247 3 6 3226
245 246 10 2 40
245 247 3 3 18
247 248 8 3 97
248 249 2 5 378
249 250 4 3 59
249 312 6 2 15
250 251 3 3 56
250 321 2 2 5
251 252 3 3 26
252 253 9 2 18
252 327 1 4 29
252 301 2 3 13
253 254 2 4 121
253 277 9 1 11
253 266 6 7 145811
254 255 9 4 429
254 256 9 1 15
256 257 5 3 73
257 258 8 2 24
257 259 2 2 10
260 261 3 6 14100
260 262 5 1 5
260 263 5 3 29
263 264 2 3 43
263 479 8 4 772
266 267 8 1 7
267 268 6 7 46578
267 299 3 1 4
268 269 4 3 51
269 270 6 1 10
269 294 9 3 107
270 271 3 1 4
271 295 5 1 7
271 133 5 5 1726
272 273 8 3 176
272 274 1 5 419
274 275 6 3 38
275 276 4 6 4171
275 277 10 1 4
275 291 7 1 4
278 279 5 1 7
278 282 5 4 249
279 280 2 2 4
280 287 9 2 26
281 289 4 1 4
282 288 6 4 541
283 284 10 5 1809
283 285 4 3 39
283 305 4 4 209
284 290 9 3 106
284 365 9 3 137
285 286 8 3 51
285 306 10 3 59
286 287 9 3 85
286 306 5 3 105
286 452 1 2 5
287 293 6 3 50
288 289 6 1 10
289 290 6 3 37
291 292 1 4 96
297 298 2 4 60
297 454 1 3 11
298 299 5 3 27
300 301 6 2 13
300 302 4 5 769
302 303 10 5 2690
302 304 6 3 33
302 330 8 1 14
305 306 3 3 18
305 308 9 3 81
306 308 6 2 15
307 308 3 2 11
307 309 1 2 4
309 310 2 2 4
309 338 1 5 573
309 379 9 1 4
310 311 7 3 40
310 85 3 6 2290
311 312 6 6 13937
313 314 5 1 4
315 316 6 1 4
315 317 3 1 4
315 499 5 2 23
316 334 5 2 25
316 398 7 1 4
317 318 3 1 4
317 503 8 1 8
318 319 5 2 25
318 502 7 1 4
318 510 3 2 12
319 320 7 1 4
320 333 8 3 122
321 322 7 4 626
322 323 1 5 171
322 325 6 6 4174
322 333 5 3 40
323 324 1 4 70
325 326 2 5 433
326 328 8 3 86
327 328 4 5 594
328 329 1 2 4
328 495 6 1 4
329 330 6 5 838
329 331 6 5 3158
331 332 8 5 1122
331 489 8 4 777
332 481 7 5 2727
333 493 1 7 10598
334 335 3 4 115
336 337 2 5 282
336 500 8 2 19
337 338 5 4 113
337 382 6 4 175
338 339 7 3 103
338 377 5 1 7
340 341 6 8 362983
340 349 8 3 87
340 354 6 2 21
341 343 7 1 4
342 343 5 5 3080
344 345 8 3 143
344 346 8 7 40820
344 385 7 3 45
346 347 9 1 7
347 348 4 3 45
347 387 4 8 272247
348 349 7 6 5737
348 386 7 1 4
350 351 2 2 5
350 359 7 3 47
350 13 7 3 47
351 352 6 4 445
352 353 9 1 8
352 356 8 4 595
353 354 7 4 403
354 355 5 1 5
355 356 3 6 2787
356 357 6 2 16
358 359 1 2 4
358 361 1 5 125
358 362 10 2 26
358 360 3 2 8
358 92 4 6 4466
360 413 8 6 5828
361 388 6 1 6
362 367 5 3 40
363 364 5 2 10
363 365 1 3 6
363 370 9 2 29
364 395 10 2 20
365 366 3 6 2769
365 371 4 1 4
366 144 1 4 44
367 368 6 1 5
367 369 3 6 3263
370 380 9 1 11
371 372 2 2 6
371 373 2 5 712
371 374 5 4 159
375 376 10 2 29
375 383 9 1 6
376 384 4 3 26
377 378 8 5 2365
377 381 9 1 4
378 384 9 7 106702
381 383 5 5 1906
382 496 8 5 1623
383 384 5 5 756
388 389 1 4 55
388 392 9 4 720
389 390 7 3 151
390 391 7 1 5
392 393 4 3 26
392 394 1 3 8
395 396 4 3 36
399 411 3 3 40
400 405 2 5 928
404 405 5 2 18
404 412 7 6 9240
405 89 7 1 4
408 409 10 2 34
411 412 7 1 4
411 415 4 5 511
411 482 8 3 62
412 415 10 1 11
415 427 7 1 5
415 487 9 2 25
427 428 2 4 128
427 431 4 3 87
427 487 2 2 5
427 424 3 2 10
428 429 5 3 40
428 432 5 2 9
481 482 8 3 93
482 488 5 3 57
483 484 9 2 20
483 485 6 1 4
484 492 4 4 249
485 486 4 2 12
486 487 8 2 24
489 490 1 9 846522
490 491 1 3 7
490 492 4 3 60
493 508 9 2 26
494 495 8 1 4
494 507 9 2 34
496 497 4 2 8
496 62 8 4 404
497 498 6 3 35
497 499 10 1 12
499 501 6 3 57
501 447 7 5 4148
502 511 2 6 8989
503 450 7 9 6436525
504 505 5 4 118
504 506 5 2 18
505 508 4 1 4
505 509 8 3 44
506 507 8 1 4
509 510 6 7 49112
509 511 10 1 13
7 8 2 3 30
7 6 5 1 7
10 9 7 4 580
10 11 4 4 159
13 12 8 1 4
12 14 6 5 711
144 38 6 3 84
144 145 9 1 6
38 39 4 1 4
89 68 9 1 5
89 88 2 2 4
68 40 6 7 112267
68 102 5 5 2396
40 41 2 3 40
40 81 7 1 9
102 50 1 5 152
50 51 2 7 11060
41 95 10 2 22
81 146 8 4 369
95 456 8 2 16
95 143 9 1 5
95 146 1 2 4
146 410 6 1 4
43 42 3 5 438
133 130 10 1 7
128 117 4 1 6
128 132 6 1 6
117 129 4 2 21
117 110 3 6 4239
132 130 9 3 117
129 127 1 4 31
127 44 3 6 11969
130 131 5 2 23
44 45 6 1 10
110 109 3 5 532
110 126 10 1 5
109 112 5 3 64
62 49 9 1 4
62 61 5 4 368
48 49 2 5 1010
75 74 1 2 4
77 78 10 2 24
80 79 7 1 8
92 90 3 2 9
82 83 3 3 59
83 91 7 3 49
91 90 2 6 2107
90 93 6 3 118
93 94 5 1 8
85 84 7 3 71
84 86 2 3 24
84 87 2 4 86
86 87 1 6 1914
104 103 8 1 6
148 147 9 3 56
147 149 3 5 659
150 153 10 2 22
150 151 3 3 42
152 153 4 1 5
398 397 8 2 18
401 402 2 4 218
401 403 2 4 97
406 407 4 5 1348
416 407 6 5 3357
413 434 10 3 61
413 414 4 3 42
433 434 6 1 7
418 417 5 1 7
419 420 2 2 4
419 430 7 4 370
421 422 6 4 141
421 423 5 4 112
424 425 5 3 110
424 426 1 3 11
424 438 9 3 59
438 437 10 6 7048
437 439 4 5 1682
454 453 5 2 19
454 435 6 4 284
453 455 5 1 4
455 460 10 2 48
435 436 7 1 4
460 463 10 2 36
463 462 5 3 62
461 462 10 1 5
461 464 5 5 620
464 466 10 3 56
466 467 5 2 12
452 451 7 4 258
452 440 3 3 17
451 459 2 7 78528
459 473 1 4 33
440 441 10 2 27
473 472 9 2 29
442 443 2 3 42
448 444 7 6 29701
444 445 3 2 13
465 445 5 2 25
465 468 2 4 70
468 469 6 1 7
469 470 2 5 697
470 471 7 3 109
447 446 7 1 12
450 449 8 2 28
458 457 1 3 15
476 474 1 6 1123
476 477 8 2 20
474 475 3 4 72
477 478 10 3 122
479 480 10 2 52
284 177 5 1 5
391 291 6 1 4
397 161 7 4 345
376 187 6 4 257
322 42 2 2 7
399 318 5 5 1235
463 89 6 6 13442
343 194 3 6 7573
437 265 7 1 7
239 53 4 2 21
411 475 8 4 196
21 372 9 3 107
508 449 8 3 81
24 51 1 2 5
54 280 6 1 9
261 73 5 2 19
2 307 6 4 402
476 36 9 1 11
374 231 2 3 39
483 72 9 2 18
188 248 10 4 707
326 346 3 2 6
458 449 6 4 289
435 58 5 1 4
225 130 9 1 6
484 174 1 6 1835
322 33 2 7 51933
369 191 6 3 39
330 20 9 1 7
324 21 6 3 118
18 385 9 2 27
252 297 9 1 4
7 178 4 7 27072
30 43 6 1 9
397 191 4 3 68
450 80 5 4 115
458 335 1 3 7
171 48 9 2 43
485 267 8 1 4
104 136 1 3 19
47 507 10 3 62
302 429 3 2 7
424 132 2 5 712
55 69 8 4 344
81 28 1 3 7
346 114 10 1 5
84 284 8 2 17
57 44 8 2 38
112 358 1 3 8
103 252 4 1 4
202 401 2 3 20
106 343 6 1 7
297 285 6 4 459
47 27 3 3 35
391 38 4 3 36
292 297 5 1 4
292 334 6 3 37
149 56 5 1 4
56 464 7 1 7
252 487 4 2 8
491 427 10 2 26
112 439 6 1 4
62 365 5 1 5
315 75 5 3 62
445 373 10 6 42939
373 228 9 4 244
459 103 6 2 14
5 34 8 5 2583
357 412 7 6 23761
195 208 1 4 57
362 282 6 3 43
282 132 9 3 81
292 358 6 1 10
130 16 5 4 127
354 48 1 4 64
329 398 5 2 18
107 143 1 2 4
302 8 10 3 70
437 468 7 1 7
391 24 9 1 4
70 453 8 1 4
428 250 6 6 7047
427 93 3 5 527
235 500 2 2 7
476 259 1 2 4
140 144 9 3 60
373 167 7 1 4
413 463 2 2 7
100 419 6 1 8
67 49 9 3 192
148 127 6 1 10
227 117 6 2 22
147 283 10 4 700
464 193 5 3 83
281 305 1 4 25
168 300 6 3 35
456 265 2 5 488
74 34 6 4 544
228 497 7 1 5
84 178 9 1 4
47 339 3 2 10
137 364 6 2 31
419 487 3 5 1896
497 260 6 1 4
432 171 9 3 64
104 329 9 7 185300
16 90 9 1 4
14 244 2 2 4
56 483 5 1 8
175 2 3 5 1649
151 442 4 2 8
372 443 8 1 4
460 285 1 8 45281
372 171 6 7 33372
267 357 8 3 48
336 274 3 3 32
235 63 3 3 18
279 71 2 8 86430
251 475 10 1 4
440 88 5 1 4
169 453 1 4 29
172 264 3 3 38
51 471 1 9 691068
503 172 9 4 314
175 199 7 5 1523
230 291 8 2 39
16 205 2 3 11
339 82 3 6 5401
449 137 9 2 46
119 372 3 4 101
499 126 9 1 5
485 290 6 4 666
181 127 2 3 18
505 298 3 3 63
290 489 7 5 844
34 249 4 1 4
179 277 8 7 123193
440 73 6 2 27
343 395 2 4 175
87 478 5 6 8124
316 6 1 3 21
307 144 4 1 5
308 435 4 5 551
233 510 1 6 3899
126 354 1 2 4
272 162 1 3 7
135 122 8 2 29
365 389 1 5 116
235 479 10 1 11
125 110 6 1 8
289 302 3 5 1821
13 387 4 3 26
345 228 6 4 428
10 105 2 2 6
311 286 7 1 10
126 229 4 1 4
286 221 10 1 14
171 11 10 2 21
172 342 8 2 17
245 407 5 3 91
63 188 3 5 428
253 232 6 4 448
435 104 5 1 5
87 138 6 5 4146
30 432 3 1 5
476 53 8 2 26
107 103 1 4 32
409 12 3 6 3755
344 183 1 2 4
440 85 7 2 16
210 133 1 3 9
45 192 5 4 253
352 234 6 4 425
354 440 2 5 606
28 170 7 2 22
281 2 2 2 4
361 251 7 2 28
35 364 7 3 87
433 81 6 4 452
281 159 6 4 405
495 148 3 4 89
316 239 7 5 3487
143 130 3 6 2450
26 136 8 2 17
424 419 1 3 6
395 202 8 6 21912
136 352 2 2 4
380 360 2 4 107
146 72 2 8 133529
424 450 1 4 93
147 425 2 3 13
451 285 1 3 10
195 101 5 1 7
457 177 2 3 41
81 208 9 1 6
182 200 9 1 4
436 509 2 4 86
29 18 5 1 6
149 453 6 1 4
330 473 5 2 14
73 53 5 1 4
340 196 5 4 373
256 444 10 1 8
270 428 5 2 12
407 87 5 1 7
346 295 8 6 20240
78 410 10 1 7
87 205 1 3 13
331 59 6 2 14
45 83 1 4 58
411 217 8 1 6
262 497 2 6 1837
267 226 5 4 420
456 426 2 3 22
321 505 3 8 164716
479 424 6 1 4
488 420 3 1 4
236 272 3 2 9
507 217 6 4 580
366 165 9 3 187
227 338 6 4 177
228 346 8 1 14
488 324 7 1 11
116 214 1 3 8
499 343 1 4 35
155 118 8 2 40
480 256 8 5 5270
176 478 1 6 3173
375 389 3 3 25
139 438 1 5 455
366 395 2 2 4
42 36 1 2 4
470 372 5 5 1365
127 490 1 6 1777
407 209 7 2 13
455 68 8 4 850
222 99 8 5 2495
351 55 2 6 6044
418 87 6 4 607
254 89 9 2 37
256 83 6 3 86
225 147 5 1 5
73 89 5 4 159
376 270 8 1 8
415 507 4 3 29
414 382 9 6 6927
319 321 2 8 331171
257 29 9 1 5
312 374 1 5 164
43 150 5 6 4659
82 423 6 5 997
226 280 2 3 12
125 299 7 1 11
202 220 2 5 492
290 116 7 1 4
130 118 9 4 282
358 76 2 7 17718
243 500 6 4 133
163 155 2 6 2258
445 227 1 3 22
240 177 5 2 13
299 246 9 5 1924
347 136 3 4 278
211 323 3 2 8
318 227 4 5 888
174 222 5 2 10
35 492 2 2 4
441 58 5 3 36
196 346 1 2 4
511 236 4 6 3902
485 390 10 2 20
104 59 8 2 39
479 450 5 2 26
138 5 3 2 14
37 172 4 1 4
138 363 4 4 141
242 4 2 2 4
482 154 6 2 12
149 188 1 2 4
99 460 4 7 25848
425 450 4 1 7
357 26 3 5 896
161 115 6 1 10
381 37 7 3 130
132 19 5 1 5
187 142 8 1 8
491 238 6 4 149
159 315 7 4 740
210 320 10 4 282
412 304 3 2 7
455 221 6 4 548
206 67 5 1 8
49 231 9 2 31
148 56 7 3 61
418 274 3 1 4
101 374 9 4 966
262 368 6 2 11
508 424 6 1 4
337 46 3 3 17
509 305 7 2 15
204 60 2 3 12
96 195 8 1 6
339 139 2 2 8
437 348 8 4 313
121 269 4 2 11
246 328 10 4 265
484 17 4 3 32
69 250 6 3 67
402 7 9 2 28
129 389 5 7 55563
119 123 7 1 5
197 210 5 3 35
363 165 10 1 6
87 5 9 2 27
221 486 9 1 4
247 221 5 5 740
413 265 1 5 210
111 499 8 7 318388
448 258 3 3 40
49 166 9 4 493
110 115 5 1 4
26 425 5 2 26
72 204 7 7 56333
315 355 9 2 20
189 99 7 1 4
509 155 7 1 4
483 167 4 2 8
82 471 1 2 4
145 45 3 5 646
297 442 6 1 5
55 250 7 3 78
288 110 2 5 576
445 503 2 2 7
503 235 1 3 6
332 103 2 4 206
489 487 3 7 40925
127 123 4 1 4
358 357 9 2 19
330 332 10 3 103
501 372 9 3 80
253 133 4 2 13
78 174 2 4 117
337 445 4 4 286
85 334 7 4 695
498 277 2 4 72
210 80 9 5 6120
42 223 6 5 3751
168 27 8 5 4869
160 87 5 7 129857
55 270 8 1 12
36 223 9 7 89675
314 10 3 1 4
410 213 1 4 28
484 485 7 1 10
309 28 10 1 10
10 219 4 4 260
69 297 4 1 4
18 402 9 3 51
457 206 8 3 163
319 504 9 4 482
401 246 4 1 7
422 501 9 5 2291
26 11 10 1 7
245 501 8 3 141
211 451 10 3 179
7 275 5 2 9
293 502 2 2 7
340 55 10 4 280
385 449 2 2 4
474 142 7 3 39
186 407 5 2 13
116 149 5 1 7
83 372 7 1 9
228 281 1 5 391
265 65 2 3 20
230 241 7 1 8
435 123 5 3 86
288 386 1 2 4
497 427 6 4 555
452 23 2 2 8
256 360 1 5 317
227 132 10 1 5
352 378 1 8 44667
294 84 3 2 6
434 225 6 4 498
26 289 10 4 259
415 461 1 6 3182
231 103 2 4 151
58 371 3 5 1771
109 176 6 4 140
445 329 9 1 6
255 165 2 2 8
219 451 7 3 55
162 205 3 6 2566
491 62 9 1 5
7 308 9 1 15
18 332 3 1 4
76 390 2 5 700
197 166 1 5 131
235 507 8 3 46
116 328 4 6 2909
197 207 1 3 11
109 115 9 1 4
412 293 10 1 6
350 270 9 2 17
112 330 8 1 13
94 410 5 3 40
244 108 2 2 6
430 322 7 1 7
38 287 1 6 1430
413 145 5 4 194
132 195 3 3 17
366 374 4 1 5
276 123 9 1 5
72 257 5 3 60
83 370 6 3 47
94 1 2 5 636
125 184 7 3 103
322 156 1 3 9
427 192 2 2 4
107 214 8 2 31
399 122 10 1 16
121 386 10 4 629
219 414 5 5 1803
430 401 8 2 26
363 468 3 4 262
209 498 9 1 5
481 116 9 5 1247
123 216 10 4 299
377 330 2 2 4
450 12 7 3 71
432 20 8 1 4
470 270 5 2 25
337 139 6 6 4762
301 389 5 3 88
135 200 2 3 15
159 50 2 3 38
359 397 7 9 15052933
33 149 5 1 4
136 288 1 6 1685
413 16 8 1 7
463 182 9 1 4
198 105 2 5 674
49 140 3 3 56
33 261 6 1 5
305 456 10 3 57
349 1 7 1 4
504 327 2 2 5
286 335 6 3 56
283 48 8 3 87
60 394 9 1 4
227 316 7 2 22
436 460 5 2 23
88 61 3 1 4
100 508 4 2 8
477 260 5 5 2779
153 235 5 4 228
315 224 3 2 9
418 362 4 1 5
349 509 1 2 4
35 59 6 2 16
77 252 3 1 4
461 97 5 2 17
411 182 4 4 442
509 70 7 1 3
184 381 5 2 15
316 475 8 4 502
199 51 2 2 4
239 85 8 1 11
495 137 9 2 24
178 75 5 2 23
49 269 1 4 57
473 106 5 2 9
276 111 5 1 6
441 332 9 5 1643
205 450 10 2 19
65 173 8 1 7
154 383 1 2 4
63 404 6 1 6
171 161 1 2 4
118 224 10 1 5
435 190 3 4 71
108 470 4 3 25
463 209 1 2 4
147 93 4 3 48
120 408 3 4 92
370 455 3 5 476
238 401 4 5 626
376 455 4 5 1811
468 266 7 2 23
282 469 10 1 5
200 118 2 5 484
239 435 5 4 376
29 477 5 4 192
183 3 2 3 37
232 241 7 2 18
160 491 1 2 4
384 176 6 2 18
303 407 6 1 7
244 2 2 4 46
90 477 10 4 507
269 160 7 2 13
9 255 9 2 24
500 323 10 2 22
226 17 5 3 48
162 100 7 3 51
442 354 3 2 13
254 56 7 1 10
177 70 2 2 5
283 413 6 7 37371
467 303 1 2 4
506 52 6 2 23
402 315 8 3 50
44 66 3 1 4
205 376 7 5 3324
78 375 10 5 2552
45 468 9 4 963
300 11 4 1 4
288 143 3 6 7879
238 91 8 4 330
423 101 5 6 9279
159 455 10 4 450
46 77 8 3 97
438 456 1 6 1316
168 438 9 2 37
228 205 4 4 335
60 109 6 4 185
97 31 1 3 20
56 135 3 5 822
215 138 4 1 4
305 446 3 5 609
195 390 10 5 4226
181 508 7 2 29
511 454 1 3 8
388 279 10 4 985
13 343 1 3 10
132 121 8 5 1434
420 165 2 6 9327
279 398 4 5 589
334 466 5 2 17
76 96 9 2 16
397 429 3 4 276
271 172 2 3 16
297 357 1 4 82
398 305 9 1 9
266 449 10 1 4
380 322 2 6 1725
511 252 3 3 16
412 136 10 3 80
273 453 7 4 614
440 111 7 2 14
88 261 3 6 2099
40 321 1 6 1102
221 370 7 2 30
200 348 8 1 4
141 425 7 2 32
461 442 4 1 5
496 325 9 1 5
504 467 7 1 9
148 320 2 3 11
274 53 1 8 41245
133 312 5 1 5
166 318 1 4 47
326 491 2 2 5
131 60 1 5 136
336 448 2 2 5
392 136 9 3 93
64 75 8 2 21
211 433 6 4 153
405 393 4 4 215
415 14 3 3 66
475 69 4 4 339
125 335 6 3 50
481 214 1 5 319
125 1 5 4 350
345 352 10 5 2846
511 191 1 6 1770
398 405 6 3 43
204 231 6 1 9
61 220 6 1 9
359 498 5 2 13
413 159 1 3 8
4 62 9 3 72
458 351 8 3 141
218 325 4 2 8
184 488 3 4 118
131 327 10 1 7
29 210 3 2 15
74 138 3 2 7
48 333 10 1 12
110 339 7 1 9
408 186 8 4 360
340 441 7 8 335441
251 446 9 2 28
31 254 6 6 26016
336 79 8 5 2451
111 375 7 1 4
199 351 1 4 69
258 429 2 5 1170
503 484 1 3 9
152 452 2 5 786
247 166 3 1 5
460 442 4 3 25
81 489 6 3 53
91 476 6 3 120
202 449 10 6 9713
137 230 5 2 19
147 127 5 3 71
229 424 1 5 438
462 27 2 3 15
387 140 1 3 8
322 160 7 2 15
177 218 2 3 38
53 275 3 1 4
268 37 9 3 159
330 88 6 1 9
107 462 7 1 5
508 252 8 1 4
343 78 7 1 4
385 88 8 7 85474
403 66 6 1 4
424 490 2 5 438
266 293 7 1 4
177 182 8 5 1063
149 4 6 3 84
423 324 1 3 20
504 180 10 3 77
457 115 7 2 24
493 85 9 1 4
257 240 2 4 131
470 36 7 1 6
179 507 10 1 5
473 504 4 3 56
125 304 6 2 21
363 434 2 6 8732
175 87 9 4 199
183 464 4 3 40
186 482 3 1 4
146 458 4 1 5
51 209 6 2 26
413 464 4 4 187
331 130 10 3 67
194 161 5 4 282
345 204 3 5 624
342 194 1 3 15
10 115 2 3 44
160 432 9 1 9
215 229 8 6 15500
484 191 2 5 354
41 250 8 5 1933
339 86 4 2 12
244 91 6 3 93
61 236 3 5 1055
190 394 10 4 552
125 6 7 1 7
508 205 9 4 428
248 408 1 5 267
411 280 7 4 172
262 392 4 3 62
400 392 9 5 1636
386 265 4 1 4
174 34 6 2 18
96 121 7 2 17
263 96 10 3 93
410 447 1 3 10
306 460 1 4 35
191 279 4 3 36
35 83 2 5 416
192 242 1 5 321
369 247 10 1 6
350 153 8 1 9
479 274 5 1 6
26 418 4 3 32
301 269 5 1 4
390 181 4 5 850
316 65 4 1 4
85 146 10 2 30
356 361 3 2 8
241 163 5 1 4
284 239 9 1 4
364 384 8 1 11
70 284 2 6 1974
248 479 10 4 266
483 142 8 4 210
38 189 8 4 238
407 298 9 5 5020
285 240 1 4 28
22 131 5 1 5
427 98 1 7 29386
293 274 8 2 19
119 489 9 1 4
332 489 9 1 5
283 245 10 4 583
358 491 8 3 94
283 272 7 4 247
162 72 2 7 73038
207 259 3 3 63
246 89 6 3 93
359 59 3 6 6356
71 492 10 4 430
39 234 2 2 5
297 212 1 5 411
256 326 4 1 6
400 423 6 5 1981
418 165 1 4 37
461 334 8 7 103122
451 500 7 1 4
63 480 7 4 336
276 339 9 6 7916
141 172 4 3 22
299 64 2 4 88
93 402 2 3 34
90 165 7 1 4
433 169 7 1 9
445 468 6 1 4
367 36 7 5 4530
375 508 9 1 8
225 288 7 1 5
82 296 8 4 204
156 481 9 3 61
366 8 10 5 2899
100 420 9 2 29
264 109 2 3 30
92 14 2 5 735
134 35 6 2 29
414 441 4 4 103
187 57 7 1 8
42 133 5 5 1567
473 266 4 1 4
458 119 4 1 4
192 360 5 3 30
94 81 7 1 4
216 13 8 2 16
76 173 4 1 5
120 454 1 4 112
343 60 5 3 47
192 460 9 1 10
184 465 10 2 32
69 61 6 1 5
487 247 2 5 283
266 308 8 4 218
423 257 1 4 51
421 192 2 7 35455
143 98 10 4 1071
89 380 1 4 52
228 398 6 1 4
312 208 1 3 16
51 506 8 1 7
373 53 2 3 29
494 121 7 6 7765
329 228 4 2 13
86 229 7 2 20
476 119 9 2 21
76 148 5 5 766
58 21 2 5 308
443 33 1 3 7
233 353 6 5 1331
141 25 2 2 4
195 58 4 2 13
287 178 5 1 4
181 421 3 3 34
419 33 2 2 6
386 116 1 4 92
163 39 10 5 3982
185 33 3 2 6
185 471 7 5 3177
186 5 2 3 11
452 308 6 4 141
382 35 8 3 130
172 211 6 1 5
260 59 1 6 982
333 111 9 2 33
57 59 4 1 4
202 115 3 1 5
141 195 1 3 16
510 426 1 2 4
444 365 5 7 91226
39 406 4 6 8401
115 421 4 5 965
317 45 1 4 102
161 54 8 1 7
459 283 6 1 8
299 249 10 2 23
3 507 2 6 1475
229 428 8 4 497
29 73 7 1 6
330 30 9 5 1572
398 118 6 4 374
223 402 4 4 371
158 29 8 1 4
235 346 2 3 29
361 212 9 3 156
112 326 4 1 5
345 235 9 4 662
358 223 7 3 139
86 283 6 4 167
467 161 2 3 28
473 223 6 3 102
29 209 7 3 140
376 243 6 4 168
72 50 4 4 386
349 439 7 3 54
308 170 5 9 2114824
140 271 10 1 5
279 3 2 3 31
207 34 10 1 16
32 332 3 7 54237
149 170 9 2 25
183 54 9 1 6
325 171 6 2 15
91 163 4 2 13
40 473 9 1 5
363 384 4 3 39
268 451 5 2 14
399 15 5 2 16
356 368 10 1 9
486 70 8 1 7
105 340 4 3 32
435 24 9 1 4
508 242 9 1 4
417 254 4 2 15
386 441 7 1 4
89 423 4 7 30141
390 24 5 4 118
504 122 3 4 161
186 208 3 3 18
70 485 4 3 23
165 337 3 7 17236
18 30 3 2 8
169 36 3 1 5
212 392 6 6 11811
248 453 3 3 23
169 310 10 1 8
495 378 9 5 5023
241 469 8 3 97
179 231 5 2 12
119 322 1 6 849
411 311 7 2 35
227 258 3 7 55578
160 45 1 5 470
463 202 3 5 407
208 153 4 1 5
140 420 4 1 4
198 185 3 2 11
154 510 5 1 6
314 121 9 7 46605
251 401 9 1 8
100 409 8 1 11
112 412 2 4 99
28 505 2 2 4
296 137 8 2 22
495 323 8 3 151
43 180 3 9 2332713
159 171 2 4 90
109 281 5 2 26
232 145 9 4 377
381 27 8 1 5
140 401 3 1 4
103 320 9 2 28
86 459 4 1 5
489 382 8 5 4948
185 52 6 2 26
127 172 9 1 12
456 357 7 1 8
355 326 8 5 2737
9 219 3 5 475
160 508 6 1 7
303 177 10 2 38
463 456 3 1 4
163 224 8 4 440
233 28 10 5 2787
142 354 9 1 10
269 336 2 3 31
258 44 9 4 642
341 396 7 1 4
436 81 10 5 1983
232 130 5 6 3537
60 340 9 1 11
145 318 2 3 16
487 498 9 3 175
165 470 2 3 16
123 193 8 1 10
128 495 4 1 5
465 349 9 2 21
146 365 4 6 11887
425 335 7 4 556
425 197 2 3 40
9 241 6 1 4
128 424 10 1 7
140 125 6 1 6
143 503 1 4 62
109 200 5 2 22
100 10 4 4 236
358 496 2 4 60
42 454 6 4 219
463 107 1 3 14
239 177 4 5 831
511 267 3 2 7
498 163 8 2 19
281 392 10 6 14364
436 508 6 2 26
270 121 10 3 184
289 495 1 4 31
327 260 8 1 6
288 510 6 3 43
13 86 3 1 4
484 104 8 4 200
76 320 7 3 48
34 270 2 2 7
417 262 6 3 91
339 117 4 2 17
310 380 7 6 10599
112 259 10 2 23
26 406 4 2 13
255 223 3 3 60
45 291 9 2 29
225 344 3 2 8
440 106 6 5 784
143 484 5 1 5
354 419 1 4 70
419 206 3 3 40
119 339 4 1 4
226 436 4 1 4
439 497 9 8 1031832
194 26 8 3 45
100 262 10 5 4284
77 56 6 2 11
391 338 1 5 443
197 35 2 4 52
505 417 5 10 21521793
508 260 2 2 6
134 480 2 2 4
209 492 9 2 20
463 286 6 5 938
121 55 2 2 6
94 58 4 2 11
174 474 7 1 7
131 54 4 6 17808
164 145 8 5 2477
288 487 9 1 9
310 363 4 3 29
79 402 10 4 230
178 332 1 2 4
3 218 8 2 15
70 382 10 5 5938
331 321 3 1 5
357 509 10 1 6
187 274 4 3 35
179 105 3 2 6
292 415 1 3 10
153 385 9 2 22
98 383 10 1 4
250 191 10 4 579
80 417 8 2 26
165 178 4 2 11
296 247 6 2 12
66 366 6 4 344
185 205 3 1 5
39 301 6 1 10
495 509 3 3 16
324 396 1 4 95
484 215 5 3 28
461 40 10 4 697
468 365 3 4 172
421 91 9 1 5
478 225 9 3 158
259 305 6 2 23
64 82 7 2 14
357 475 9 2 18
89 270 3 3 47
296 90 9 3 65
428 311 6 4 292
473 126 3 5 1456
348 165 5 4 160
245 192 9 2 31
53 264 9 3 166
252 453 8 6 26365
13 167 6 2 17
245 367 2 4 141
65 488 2 3 14
178 501 6 3 80
55 321 2 7 20949
217 504 8 2 34
280 176 5 1 7
472 426 8 2 35
260 434 1 3 7
54 13 8 3 79
118 10 1 4 38
164 315 7 5 2282
203 425 10 1 8
460 428 6 3 83
106 164 8 1 10
342 261 1 6 2217
343 26 9 1 6
188 194 8 4 340
501 128 9 1 4
265 301 6 2 16
106 340 7 2 14
449 100 1 2 4
25 280 10 3 146
