5840 3.8380823519368334e-10 
6570 3.745743444583116e-09 
7092 1.9536881418202867e-09 
5307 9.147005853270274e-09 
661 5.932911523176543e-10 
2519 1.7166253349354399e-09 
9789 5.589037047407097e-09 
188 2.7580349115652325e-10 
3333 3.974348874308253e-09 
6890 3.978208422406038e-09 
1458 4.0004511057956105e-09 
8585 3.254264357988035e-10 
3121 7.641375310285525e-10 
8671 4.3159443501722405e-09 
6502 1.370128017985639e-09 
4808 1.923760040156708e-10 
600 9.704709204652606e-09 
3212 2.262409596470727e-09 
7355 3.100428365302235e-08 
6739 4.325461570296209e-07 
9289 3.4021456415955775e-09 
2107 9.048470066969072e-09 
3550 1.4731327963035667e-09 
5564 1.3176608910621737e-07 
6587 3.793210807999728e-08 
5327 4.925936880617598e-10 
3971 1.8631966868659644e-08 
2506 1.8434691854626872e-08 
5830 3.588679569482833e-08 
2166 4.465816327847705e-10 
3289 7.469719565111888e-10 
8143 3.556273730359605e-09 
8820 3.6315135690245803e-09 
9730 0.0002241978034039178 
8484 3.693535849040412e-06 
5040 2.0175534820934815e-08 
3160 1.745128424320702e-08 
4034 4.920792396820306e-09 
2379 1.1177492265090905e-09 
2334 3.967314858577264e-09 
