0 0 8 4 370
0 1 8 5 5531
0 2 1 3 8
0 3 10 3 74
0 4 3 6 4797
0 5 8 5 1980
0 6 1 4 27
0 7 5 6 18761
0 8 8 1 8
0 9 8 3 43
0 10 4 3 33
0 11 10 5 3609
0 12 4 10 1795269721
0 13 6 4 370
0 14 8 5 5243
0 15 7 4 226
0 16 4 3 23
0 17 8 3 93
0 18 10 6 14328
0 19 4 4 220
0 20 4 5 2554
0 21 7 4 402
0 22 2 5 264
0 23 8 3 118
0 24 8 4 816
0 25 7 2 23
0 26 9 3 124
0 27 6 3 79
0 28 6 3 39
0 29 1 9 982386
0 30 4 7 26003
0 31 6 8 621959
0 32 7 5 2093
0 33 10 1 12
0 34 7 4 770
0 35 8 5 3967
0 36 9 5 5528
0 37 6 3 39
0 38 2 4 83
0 39 10 6 11952
0 40 8 4 548
0 41 2 6 1993
0 42 10 5 1370
0 43 9 5 2643
0 44 2 4 126
0 45 7 4 233
0 46 6 3 105
0 47 9 3 95
0 48 6 2 19
0 49 3 2 13
0 50 1 7 12000
0 51 4 6 7889
0 52 9 4 835
0 53 2 6 9106
0 54 4 6 10490
0 55 2 5 270
0 56 1 6 4411
0 57 8 5 914
0 58 8 4 182
0 59 4 2 17
0 60 5 5 722
0 61 6 2 29
0 62 8 4 287
0 63 4 1 6
1 0 4 4 167
1 1 6 6 8271
1 2 6 6 10239
1 3 9 3 105
1 4 8 2 27
1 5 2 2 7
1 6 7 7 61860
1 7 9 2 21
1 8 7 5 881
1 9 6 4 499
1 10 1 5 180
1 11 7 4 482
1 12 3 3 26
1 13 2 3 24
1 14 8 6 12941
1 15 1 3 11
1 16 2 6 4971
1 17 2 4 67
1 18 10 5 5073
1 19 6 3 90
1 20 8 4 228
1 21 5 2 24
1 22 6 6 4262
1 23 3 3 48
1 24 7 7 40578
1 25 3 4 257
1 26 8 4 196
1 27 1 6 1307
1 28 2 3 18
1 29 9 5 3155
1 30 5 2 13
1 31 5 3 44
1 32 4 2 18
1 33 6 5 688
1 34 8 6 9761
1 35 5 3 60
1 36 6 3 117
1 37 1 5 168
1 38 7 7 188120
1 39 1 3 14
1 40 4 4 256
1 41 1 4 85
1 42 6 5 2185
1 43 9 5 2619
1 44 9 5 1170
1 45 7 7 91805
1 46 3 5 1101
1 47 7 2 17
1 48 3 5 652
1 49 2 4 105
1 50 8 3 85
1 51 3 4 196
1 52 8 4 737
1 53 2 7 76684
1 54 1 5 206
1 55 4 4 111
1 56 10 2 50
1 57 6 5 1854
1 58 8 2 20
1 59 2 7 66200
1 60 10 5 2693
1 61 6 8 1031142
1 62 8 3 52
1 63 2 5 362
2 0 6 6 22987
2 1 6 8 1544632
2 2 1 5 224
2 3 5 2 19
2 4 3 2 10
2 5 1 4 34
2 6 6 6 7125
2 7 6 3 34
2 8 8 4 262
2 9 2 4 79
2 10 6 3 91
2 11 8 10 31514969
2 12 6 5 3925
2 13 3 2 8
2 14 4 5 1432
2 15 8 3 58
2 16 5 4 196
2 17 5 5 1168
2 18 5 4 253
2 19 4 4 148
2 20 10 4 841
2 21 8 3 66
2 22 1 4 29
2 23 2 5 261
2 24 9 4 408
2 25 9 3 82
2 26 10 4 784
2 27 7 3 44
2 28 2 4 196
2 29 8 1 8
2 30 2 5 834
2 31 6 3 122
2 32 5 3 84
2 33 7 1 8
2 34 4 3 24
2 35 10 2 22
2 36 6 3 39
2 37 3 6 14610
2 38 10 4 597
2 39 3 4 68
2 40 1 6 1111
2 41 3 4 79
2 42 7 6 27704
2 43 5 8 319439
2 44 3 4 70
2 45 10 1 12
2 46 2 3 12
2 47 7 5 4275
2 48 8 2 33
2 49 5 6 6207
2 50 4 4 228
2 51 1 4 34
2 52 6 6 11763
2 53 3 3 24
2 54 4 2 16
2 55 7 1 5
2 56 10 2 43
2 57 10 2 19
2 58 10 6 16171
2 59 4 4 366
2 60 3 3 24
2 61 7 6 5474
2 62 9 3 180
2 63 5 2 24
3 0 2 4 126
3 1 10 2 38
3 2 4 5 848
3 3 2 3 27
3 4 2 8 89227
3 5 9 4 688
3 6 5 8 753481
3 7 6 4 287
3 8 10 5 2101
3 9 7 4 195
3 10 3 3 27
3 11 6 6 15657
3 12 4 2 12
3 13 10 2 38
3 14 1 5 342
3 15 2 5 875
3 16 3 6 2790
3 17 10 3 85
3 18 7 5 2072
3 19 7 3 98
3 20 5 4 426
3 21 10 1 9
3 22 2 4 99
3 23 10 3 65
3 24 7 2 31
3 25 3 3 22
3 26 8 1 10
3 27 1 4 29
3 28 2 4 45
3 29 2 4 47
3 30 5 2 18
3 31 6 3 84
3 32 9 4 983
3 33 5 5 1002
3 34 4 2 18
3 35 2 4 99
3 36 7 6 31682
3 37 1 10 338197859
3 38 6 5 913
3 39 1 5 584
3 40 10 4 434
3 41 7 4 166
3 42 6 8 470349
3 43 2 9 3393857
3 44 6 5 1358
3 45 4 5 1570
3 46 2 2 8
3 47 6 4 260
3 48 8 4 331
3 49 2 7 10682
3 50 4 3 44
3 51 8 4 463
3 52 8 4 194
3 53 2 6 6356
3 54 4 8 1031558
3 55 6 3 59
3 56 5 2 10
3 57 5 5 689
3 58 10 6 8066
3 59 7 1 7
3 60 4 3 50
3 61 4 3 23
3 62 9 4 622
3 63 10 4 373
4 0 4 5 2238
4 1 9 4 295
4 2 6 5 3415
4 3 3 5 614
4 4 7 4 364
4 5 1 5 145
4 6 1 3 20
4 7 9 4 996
4 8 2 3 15
4 9 6 3 82
4 10 4 4 185
4 11 9 2 41
4 12 10 3 174
4 13 4 4 192
4 14 7 7 72682
4 15 2 6 3594
4 16 4 5 646
4 17 7 6 8018
4 18 3 3 33
4 19 10 4 373
4 20 8 6 8679
4 21 1 5 237
4 22 4 4 136
4 23 7 5 1778
4 24 2 3 19
4 25 8 3 81
4 26 6 4 276
4 27 8 3 87
4 28 10 7 71248
4 29 6 1 7
4 30 5 7 31134
4 31 1 5 562
4 32 4 2 17
4 33 2 4 202
4 34 2 4 152
4 35 7 2 19
4 36 8 3 62
4 37 4 4 257
4 38 4 4 164
4 39 1 4 35
4 40 4 4 133
4 41 10 3 189
4 42 6 2 11
4 43 4 5 500
4 44 9 8 774678
4 45 1 8 174349
4 46 2 8 591896
4 47 5 4 259
4 48 3 4 308
4 49 2 5 465
4 50 1 3 21
4 51 9 1 12
4 52 8 3 77
4 53 4 5 1800
4 54 6 3 45
4 55 9 2 42
4 56 4 4 103
4 57 8 4 200
4 58 3 3 21
4 59 9 4 213
4 60 5 5 3416
4 61 7 5 1164
4 62 1 4 28
4 63 5 2 21
5 0 8 3 160
5 1 6 1 8
5 2 5 6 4988
5 3 6 7 74305
5 4 2 5 795
5 5 8 4 235
5 6 3 6 10100
5 7 3 5 533
5 8 2 3 22
5 9 1 5 151
5 10 8 5 4949
5 11 9 3 91
5 12 6 6 11571
5 13 8 2 36
5 14 1 4 78
5 15 1 5 182
5 16 4 4 236
5 17 4 3 32
5 18 6 4 226
5 19 1 7 8934
5 20 1 4 27
5 21 5 3 30
5 22 4 4 115
5 23 3 5 399
5 24 7 2 30
5 25 1 4 83
5 26 3 5 1126
5 27 9 5 1444
5 28 4 4 168
5 29 8 5 1401
5 30 3 4 196
5 31 3 4 104
5 32 9 3 94
5 33 8 3 59
5 34 3 4 74
5 35 9 4 454
5 36 5 7 49193
5 37 3 5 1521
5 38 10 2 25
5 39 3 4 194
5 40 2 5 561
5 41 4 1 6
5 42 1 5 348
5 43 4 2 14
5 44 9 4 1011
5 45 3 3 24
5 46 3 3 59
5 47 10 1 15
5 48 6 3 121
5 49 9 6 25963
5 50 8 3 101
5 51 8 5 1433
5 52 3 7 16217
5 53 5 4 318
5 54 7 3 74
5 55 1 4 59
5 56 5 6 10732
5 57 9 3 52
5 58 10 4 345
5 59 10 5 1264
5 60 7 3 71
5 61 4 7 113043
5 62 1 4 45
5 63 8 7 60669
6 0 2 3 17
6 1 6 9 6862659
6 2 6 6 7035
6 3 9 5 2234
6 4 7 6 17251
6 5 7 2 29
6 6 10 2 47
6 7 9 6 14485
6 8 1 4 56
6 9 2 2 6
6 10 4 3 37
6 11 5 6 11257
6 12 9 3 70
6 13 8 6 11220
6 14 9 2 21
6 15 6 4 200
6 16 3 4 230
6 17 1 4 61
6 18 3 4 321
6 19 10 2 41
6 20 1 6 945
6 21 10 1 5
6 22 3 4 223
6 23 8 3 93
6 24 8 6 23886
6 25 5 4 272
6 26 10 2 45
6 27 8 7 53682
6 28 10 4 452
6 29 8 3 69
6 30 10 4 502
6 31 2 9 1807140
6 32 5 2 24
6 33 9 2 21
6 34 10 5 1906
6 35 10 5 3471
6 36 3 4 146
6 37 3 5 1714
6 38 2 5 276
6 39 2 8 87102
6 40 9 3 143
6 41 8 1 11
6 42 8 2 16
6 43 6 3 46
6 44 5 6 3486
6 45 4 6 4053
6 46 10 3 68
6 47 7 4 690
6 48 7 3 67
6 49 1 8 81259
6 50 5 8 447386
6 51 4 5 794
6 52 5 4 199
6 53 5 3 62
6 54 5 3 94
6 55 5 5 2095
6 56 4 5 462
6 57 4 4 348
6 58 1 4 28
6 59 7 2 14
6 60 10 6 10548
6 61 2 5 1194
6 62 9 2 37
6 63 8 1 11
7 0 10 2 19
7 1 7 4 262
7 2 2 3 24
7 3 6 4 315
7 4 7 3 150
7 5 9 3 198
7 6 2 7 16294
7 7 7 6 5453
7 8 2 7 58673
7 9 1 3 10
7 10 8 5 5554
7 11 7 2 14
7 12 9 1 4
7 13 8 2 28
7 14 7 5 1227
7 15 8 4 199
7 16 5 4 427
7 17 2 7 19672
7 18 1 7 6779
7 19 1 4 59
7 20 3 3 22
7 21 5 4 118
7 22 2 6 6200
7 23 5 4 361
7 24 1 3 20
7 25 4 3 72
7 26 7 6 9357
7 27 6 8 854820
7 28 4 5 1642
7 29 1 3 11
7 30 4 4 305
7 31 7 5 981
7 32 2 3 13
7 33 7 5 1294
7 34 9 2 40
7 35 5 3 36
7 36 7 1 7
7 37 4 5 1624
7 38 3 6 3433
7 39 10 2 48
7 40 2 4 94
7 41 8 2 30
7 42 5 2 9
7 43 1 6 725
7 44 7 5 1401
7 45 6 4 227
7 46 6 2 25
7 47 8 2 15
7 48 6 7 54377
7 49 7 4 376
7 50 6 8 250917
7 51 9 7 58584
7 52 8 4 182
7 53 8 2 26
7 54 1 4 61
7 55 9 1 6
7 56 8 4 400
7 57 6 4 321
7 58 5 8 217170
7 59 4 4 106
7 60 9 2 37
7 61 4 4 145
7 62 6 2 17
7 63 7 6 5855
8 0 9 2 22
8 1 2 7 13698
8 2 9 5 3344
8 3 6 2 16
8 4 4 4 361
8 5 5 1 7
8 6 6 2 22
8 7 8 3 172
8 8 4 6 2979
8 9 4 3 42
8 10 5 3 52
8 11 5 6 23175
8 12 6 4 286
8 13 3 3 26
8 14 3 5 632
8 15 6 2 23
8 16 4 3 64
8 17 4 5 2665
8 18 9 4 521
8 19 9 4 546
8 20 4 5 1431
8 21 10 8 829564
8 22 10 3 65
8 23 7 2 19
8 24 7 4 239
8 25 1 5 474
8 26 4 3 33
8 27 6 3 50
8 28 6 3 66
8 29 7 6 7230
8 30 9 3 56
8 31 1 3 10
8 32 9 4 948
8 33 6 5 688
8 34 1 6 745
8 35 2 2 10
8 36 8 1 8
8 37 1 4 24
8 38 6 4 214
8 39 2 6 1573
8 40 9 3 130
8 41 5 7 30100
8 42 3 3 32
8 43 5 5 2313
8 44 3 4 133
8 45 7 3 58
8 46 9 4 929
8 47 6 4 484
8 48 4 4 222
8 49 8 4 375
8 50 8 5 1222
8 51 7 2 13
8 52 8 2 17
8 53 5 3 68
8 54 2 5 377
8 55 3 5 635
8 56 9 3 114
8 57 4 2 8
8 58 1 4 40
8 59 8 3 103
8 60 2 6 1588
8 61 3 3 43
8 62 9 2 31
8 63 4 2 16
9 0 7 4 180
9 1 7 8 553811
9 2 1 7 7637
9 3 3 2 10
9 4 9 6 39924
9 5 8 4 447
9 6 6 3 47
9 7 4 7 63332
9 8 2 2 6
9 9 4 5 1707
9 10 3 4 283
9 11 6 3 107
9 12 9 3 81
9 13 6 4 231
9 14 8 4 489
9 15 7 7 94209
9 16 1 6 1350
9 17 10 4 589
9 18 1 5 341
9 19 2 2 9
9 20 9 3 115
9 21 9 2 30
9 22 7 3 115
9 23 9 3 64
9 24 7 2 35
9 25 2 5 462
9 26 3 4 98
9 27 1 4 56
9 28 1 4 31
9 29 9 2 28
9 30 6 4 268
9 31 2 2 7
9 32 10 2 36
9 33 1 4 77
9 34 8 4 187
9 35 6 4 222
9 36 5 5 1945
9 37 1 4 52
9 38 6 5 1162
9 39 4 4 413
9 40 1 8 145564
9 41 3 3 25
9 42 5 5 2771
9 43 1 6 1901
9 44 2 3 11
9 45 5 3 48
9 46 1 4 31
9 47 9 1 6
9 48 6 7 91261
9 49 6 6 5189
9 50 1 4 24
9 51 6 3 64
9 52 10 5 2748
9 53 10 8 734212
9 54 9 4 348
9 55 2 4 95
9 56 6 3 92
9 57 6 5 1959
9 58 8 1 12
9 59 6 2 29
9 60 10 7 378484
9 61 7 3 136
9 62 3 4 195
9 63 8 5 3610
10 0 7 1 12
10 1 8 2 22
10 2 5 3 85
10 3 1 7 10036
10 4 3 5 482
10 5 10 1 7
10 6 4 4 92
10 7 10 3 148
10 8 9 3 95
10 9 3 5 548
10 10 4 4 239
10 11 3 7 80031
10 12 9 7 51746
10 13 9 2 19
10 14 10 6 24207
10 15 9 1 5
10 16 9 2 18
10 17 6 4 155
10 18 4 6 5253
10 19 1 5 504
10 20 8 6 11796
10 21 3 5 606
10 22 8 1 8
10 23 9 4 346
10 24 3 6 5050
10 25 5 5 2225
10 26 1 5 190
10 27 2 3 19
10 28 10 1 7
10 29 10 1 16
10 30 10 2 19
10 31 7 4 489
10 32 1 8 348031
10 33 7 3 149
10 34 1 8 96430
10 35 1 5 126
10 36 3 4 90
10 37 6 3 59
10 38 1 7 6807
10 39 8 4 300
10 40 3 5 2063
10 41 6 3 53
10 42 2 3 32
10 43 10 6 29665
10 44 8 4 724
10 45 1 6 1482
10 46 9 1 9
10 47 6 1 10
10 48 2 4 166
10 49 7 6 8165
10 50 9 2 31
10 51 3 4 189
10 52 4 5 692
10 53 3 2 11
10 54 7 5 940
10 55 3 5 798
10 56 9 5 5884
10 57 1 7 17756
10 58 4 1 4
10 59 8 6 5937
10 60 8 5 3193
10 61 4 6 8510
10 62 3 2 10
10 63 9 3 97
11 0 2 5 408
11 1 4 3 43
11 2 1 5 676
11 3 8 5 1508
11 4 2 6 2504
11 5 10 4 256
11 6 5 3 62
11 7 5 4 441
11 8 10 5 3464
11 9 3 3 31
11 10 3 5 633
11 11 4 6 10950
11 12 5 9 16203394
11 13 10 1 6
11 14 9 5 2042
11 15 3 8 423042
11 16 3 4 339
11 17 10 3 73
11 18 5 4 334
11 19 5 4 311
11 20 2 4 167
11 21 10 5 1720
11 22 8 8 838987
11 23 8 3 143
11 24 10 4 460
11 25 3 4 149
11 26 3 4 80
11 27 4 5 769
11 28 4 4 311
11 29 6 6 14056
11 30 8 4 205
11 31 9 2 30
11 32 4 3 35
11 33 3 3 33
11 34 6 5 1400
11 35 5 3 69
11 36 2 6 5536
11 37 2 4 177
11 38 1 5 120
11 39 8 1 11
11 40 8 4 379
11 41 7 7 47192
11 42 3 4 281
11 43 8 4 214
11 44 2 3 44
11 45 2 3 35
11 46 8 3 49
11 47 4 9 1821203
11 48 7 7 38919
11 49 2 5 649
11 50 4 5 1185
11 51 4 3 52
11 52 1 5 197
11 53 6 7 45931
11 54 4 3 52
11 55 8 6 30533
11 56 3 4 181
11 57 4 5 1292
11 58 1 5 500
11 59 7 4 267
11 60 7 4 690
11 61 1 4 46
11 62 9 1 7
11 63 8 1 11
12 0 1 5 280
12 1 5 6 3768
12 2 1 3 17
12 3 5 3 68
12 4 4 5 1026
12 5 3 3 58
12 6 8 6 5707
12 7 9 4 763
12 8 1 3 18
12 9 5 4 304
12 10 10 5 3433
12 11 9 4 973
12 12 8 3 75
12 13 1 4 112
12 14 7 3 86
12 15 6 4 401
12 16 2 5 271
12 17 10 6 7442
12 18 5 4 157
12 19 4 7 76794
12 20 5 7 80193
12 21 10 4 680
12 22 1 5 219
12 23 8 4 197
12 24 1 3 7
12 25 9 3 87
12 26 10 5 3298
12 27 1 3 15
12 28 8 4 655
12 29 5 4 113
12 30 2 4 95
12 31 8 3 44
12 32 2 6 1489
12 33 3 4 145
12 34 10 3 65
12 35 2 5 1219
12 36 10 3 140
12 37 8 3 77
12 38 9 4 655
12 39 5 4 426
12 40 1 6 1934
12 41 5 5 1580
12 42 2 5 706
12 43 5 2 23
12 44 2 7 12921
12 45 4 2 9
12 46 6 4 228
12 47 2 3 25
12 48 6 3 66
12 49 4 4 136
12 50 3 5 1139
12 51 7 6 7486
12 52 7 4 241
12 53 2 8 510179
12 54 2 5 815
12 55 1 7 9331
12 56 7 4 393
12 57 8 8 414440
12 58 4 3 77
12 59 10 3 115
12 60 9 3 93
12 61 7 4 182
12 62 8 1 11
12 63 1 5 202
13 0 2 2 8
13 1 4 2 10
13 2 4 2 19
13 3 10 2 39
13 4 6 1 7
13 5 1 4 24
13 6 6 3 61
13 7 3 1 4
13 8 4 5 2077
13 9 4 8 873729
13 10 3 3 50
13 11 1 4 76
13 12 8 5 2044
13 13 3 5 594
13 14 6 1 9
13 15 5 5 1041
13 16 3 2 14
13 17 5 3 49
13 18 1 3 16
13 19 10 2 36
13 20 3 3 55
13 21 9 6 7672
13 22 6 2 25
13 23 7 4 312
13 24 8 2 30
13 25 6 2 27
13 26 7 3 43
13 27 8 4 693
13 28 8 3 92
13 29 6 3 122
13 30 7 4 356
13 31 8 5 987
13 32 9 5 5265
13 33 3 4 262
13 34 10 4 811
13 35 6 5 805
13 36 3 6 5674
13 37 1 5 452
13 38 9 3 71
13 39 5 4 378
13 40 1 5 345
13 41 7 4 278
13 42 8 3 61
13 43 7 3 78
13 44 1 6 1573
13 45 7 5 956
13 46 10 4 280
13 47 7 1 11
13 48 3 5 604
13 49 6 6 9497
13 50 10 5 5196
13 51 3 5 630
13 52 2 4 78
13 53 5 3 30
13 54 8 5 4109
13 55 10 2 51
13 56 7 3 70
13 57 8 4 518
13 58 8 2 23
13 59 6 5 2421
13 60 9 1 7
13 61 9 4 580
13 62 1 5 385
13 63 7 6 23007
14 0 8 2 22
14 1 3 4 75
14 2 8 1 11
14 3 8 5 2744
14 4 6 7 68076
14 5 2 6 2447
14 6 10 4 257
14 7 4 3 54
14 8 7 4 444
14 9 4 2 14
14 10 8 4 303
14 11 1 4 27
14 12 6 5 846
14 13 8 4 501
14 14 10 2 31
14 15 5 5 591
14 16 10 2 43
14 17 7 5 4191
14 18 4 4 204
14 19 5 7 34965
14 20 4 4 236
14 21 1 4 52
14 22 2 5 760
14 23 7 4 419
14 24 1 5 221
14 25 5 1 7
14 26 9 2 24
14 27 4 8 233138
14 28 2 4 63
14 29 5 6 9061
14 30 7 4 622
14 31 2 4 49
14 32 5 3 72
14 33 4 3 82
14 34 5 3 35
14 35 4 2 17
14 36 8 4 845
14 37 1 9 1067645
14 38 3 5 355
14 39 5 5 819
14 40 2 6 1604
14 41 6 5 3146
14 42 7 3 50
14 43 10 5 1291
14 44 6 4 174
14 45 6 5 2848
14 46 4 6 3920
14 47 2 5 858
14 48 8 2 36
14 49 3 8 286952
14 50 9 3 61
14 51 9 2 42
14 52 5 4 211
14 53 10 3 183
14 54 9 2 30
14 55 10 2 23
14 56 3 6 3602
14 57 8 5 1177
14 58 4 4 346
14 59 6 3 69
14 60 3 3 61
14 61 10 2 22
14 62 4 6 4772
14 63 7 6 17916
15 0 1 6 3973
15 1 9 6 30419
15 2 3 3 47
15 3 10 6 9876
15 4 10 2 31
15 5 7 4 181
15 6 5 4 264
15 7 3 5 1813
15 8 7 6 6564
15 9 3 2 11
15 10 8 5 2679
15 11 4 2 8
15 12 8 1 6
15 13 3 6 3504
15 14 2 4 53
15 15 6 5 726
15 16 1 7 8142
15 17 4 4 146
15 18 9 3 92
15 19 2 6 5802
15 20 7 4 367
15 21 9 4 374
15 22 2 3 38
15 23 10 4 321
15 24 9 6 19486
15 25 8 5 987
15 26 4 3 22
15 27 2 2 4
15 28 6 4 335
15 29 3 8 142031
15 30 10 4 616
15 31 4 5 2744
15 32 10 3 55
15 33 5 3 60
15 34 9 4 693
15 35 6 4 159
15 36 5 4 328
15 37 7 5 832
15 38 9 6 9267
15 39 2 5 383
15 40 3 4 333
15 41 3 4 317
15 42 1 3 6
15 43 1 6 1995
15 44 8 6 6509
15 45 7 4 315
15 46 5 1 7
15 47 6 4 211
15 48 2 2 7
15 49 7 3 42
15 50 1 5 135
15 51 1 3 9
15 52 3 6 8589
15 53 10 5 2093
15 54 10 3 151
15 55 5 4 447
15 56 4 5 1112
15 57 8 3 93
15 58 9 3 79
15 59 3 3 32
15 60 3 3 27
15 61 5 2 10
15 62 3 7 51326
15 63 5 4 133
16 0 2 3 35
16 1 1 2 4
16 2 2 8 185613
16 3 7 4 302
16 4 9 6 6862
16 5 1 5 484
16 6 10 2 45
16 7 1 6 932
16 8 5 4 133
16 9 6 5 904
16 10 7 7 62528
16 11 4 9 2818819
16 12 4 4 133
16 13 10 2 18
16 14 1 6 788
16 15 10 1 12
16 16 5 6 6643
16 17 7 5 3784
16 18 7 5 4816
16 19 7 2 23
16 20 6 2 19
16 21 8 5 4047
16 22 10 7 62699
16 23 3 4 165
16 24 10 1 4
16 25 1 3 9
16 26 10 3 118
16 27 2 7 11269
16 28 6 3 122
16 29 3 5 352
16 30 1 4 42
16 31 5 3 50
16 32 2 7 53423
16 33 1 4 75
16 34 8 4 402
16 35 8 6 11238
16 36 8 3 79
16 37 8 6 30597
16 38 4 5 726
16 39 5 4 269
16 40 5 4 127
16 41 7 4 426
16 42 5 3 99
16 43 8 5 1063
16 44 5 8 355782
16 45 10 1 14
16 46 4 4 188
16 47 1 5 536
16 48 10 4 696
16 49 5 6 5744
16 50 3 4 116
16 51 2 4 185
16 52 2 3 23
16 53 10 8 1476610
16 54 1 6 1503
16 55 2 3 20
16 56 7 2 17
16 57 7 5 2212
16 58 3 3 32
16 59 6 3 108
16 60 6 7 76018
16 61 7 4 780
16 62 6 6 5155
16 63 1 9 2631900
17 0 1 2 5
17 1 9 2 23
17 2 1 7 14691
17 3 7 5 4315
17 4 9 5 1725
17 5 6 4 498
17 6 2 6 9711
17 7 2 6 1469
17 8 4 5 1465
17 9 7 3 102
17 10 7 6 16039
17 11 9 2 26
17 12 10 5 1175
17 13 5 4 131
17 14 7 2 35
17 15 2 5 441
17 16 9 5 3643
17 17 9 6 11704
17 18 5 5 901
17 19 4 3 43
17 20 2 4 54
17 21 1 5 631
17 22 9 6 7488
17 23 2 5 269
17 24 8 4 179
17 25 9 3 56
17 26 7 4 675
17 27 10 2 31
17 28 4 4 92
17 29 6 3 90
17 30 5 3 96
17 31 9 4 351
17 32 9 3 53
17 33 5 3 77
17 34 4 3 47
17 35 10 2 22
17 36 5 3 70
17 37 5 1 6
17 38 7 4 233
17 39 7 7 243267
17 40 4 4 221
17 41 10 5 1391
17 42 4 4 394
17 43 2 3 13
17 44 2 6 1760
17 45 2 5 728
17 46 2 5 232
17 47 9 4 926
17 48 9 4 577
17 49 4 4 114
17 50 3 3 47
17 51 1 3 15
17 52 1 3 15
17 53 9 6 13901
17 54 6 3 80
17 55 5 7 34113
17 56 8 3 141
17 57 7 5 1302
17 58 9 6 17097
17 59 10 3 167
17 60 5 6 10273
17 61 8 4 178
17 62 1 3 7
17 63 8 3 84
18 0 7 5 1094
18 1 10 5 6154
18 2 2 2 8
18 3 7 4 257
18 4 3 2 9
18 5 9 5 1142
18 6 1 5 253
18 7 10 4 819
18 8 9 3 107
18 9 9 4 216
18 10 9 3 72
18 11 1 4 32
18 12 10 3 82
18 13 3 7 86066
18 14 6 8 359408
18 15 7 4 292
18 16 2 5 927
18 17 10 1 12
18 18 3 3 61
18 19 3 4 333
18 20 8 1 5
18 21 7 3 153
18 22 5 5 2278
18 23 9 4 649
18 24 10 6 7301
18 25 6 2 30
18 26 4 7 52129
18 27 4 5 702
18 28 7 3 56
18 29 7 6 6421
18 30 1 3 9
18 31 2 5 397
18 32 7 2 30
18 33 9 3 102
18 34 5 6 3529
18 35 8 1 8
18 36 7 4 196
18 37 2 4 128
18 38 10 3 161
18 39 6 1 8
18 40 7 2 25
18 41 6 5 1840
18 42 6 7 43943
18 43 4 2 12
18 44 10 5 2527
18 45 2 5 915
18 46 5 6 23598
18 47 10 2 51
18 48 8 5 2332
18 49 4 3 39
18 50 1 5 114
18 51 4 3 35
18 52 10 4 1103
18 53 7 4 458
18 54 4 4 126
18 55 6 8 865237
18 56 6 6 6424
18 57 8 4 270
18 58 3 4 107
18 59 8 5 5214
18 60 9 5 1907
18 61 10 4 903
18 62 1 4 40
18 63 7 4 234
19 0 1 4 30
19 1 6 7 227215
19 2 4 3 29
19 3 2 4 55
19 4 1 6 721
19 5 9 7 172113
19 6 10 4 645
19 7 3 5 722
19 8 2 5 307
19 9 6 7 92782
19 10 5 4 534
19 11 4 4 168
19 12 5 5 2434
19 13 5 8 320864
19 14 10 2 51
19 15 4 4 136
19 16 3 3 54
19 17 7 2 35
19 18 3 7 35424
19 19 2 6 5524
19 20 4 7 139873
19 21 8 2 26
19 22 4 8 1055763
19 23 9 3 195
19 24 1 5 165
19 25 5 6 13492
19 26 8 4 475
19 27 1 5 376
19 28 3 10 35537554
19 29 5 4 116
19 30 8 3 101
19 31 4 5 1919
19 32 9 4 309
19 33 4 5 1027
19 34 1 7 29933
19 35 1 4 65
19 36 9 3 108
19 37 1 5 404
19 38 7 5 3986
19 39 3 3 22
19 40 7 3 73
19 41 4 3 43
19 42 10 4 474
19 43 8 7 71516
19 44 4 4 214
19 45 1 6 991
19 46 6 4 162
19 47 10 4 249
19 48 10 4 773
19 49 7 4 344
19 50 6 3 42
19 51 3 1 3
19 52 10 2 34
19 53 7 4 227
19 54 8 1 5
19 55 10 1 5
19 56 5 3 66
19 57 7 5 3983
19 58 7 4 169
19 59 2 3 22
19 60 6 7 32626
19 61 5 3 72
19 62 1 4 69
19 63 8 4 428
20 0 10 4 508
20 1 2 6 6736
20 2 9 3 76
20 3 2 4 48
20 4 6 5 3104
20 5 6 1 6
20 6 7 3 90
20 7 9 1 6
20 8 9 1 8
20 9 5 2 18
20 10 9 5 1800
20 11 5 3 49
20 12 4 4 302
20 13 10 3 183
20 14 7 5 4557
20 15 5 7 144729
20 16 10 5 1484
20 17 10 5 3318
20 18 9 6 6365
20 19 1 6 4786
20 20 7 4 315
20 21 10 5 5269
20 22 2 6 8676
20 23 10 5 3183
20 24 8 4 903
20 25 6 4 136
20 26 10 4 1037
20 27 6 4 202
20 28 7 4 350
20 29 8 3 63
20 30 7 3 104
20 31 8 4 292
20 32 6 5 1818
20 33 9 3 180
20 34 5 2 15
20 35 8 1 10
20 36 2 2 7
20 37 5 2 22
20 38 7 3 78
20 39 9 6 7690
20 40 10 6 34625
20 41 8 5 2237
20 42 9 1 7
20 43 7 4 733
20 44 9 3 63
20 45 8 5 4338
20 46 7 4 561
20 47 2 5 864
20 48 10 2 21
20 49 4 6 14331
20 50 8 3 172
20 51 6 4 345
20 52 10 5 2906
20 53 10 4 619
20 54 6 2 23
20 55 2 6 5813
20 56 5 4 168
20 57 7 2 19
20 58 7 3 52
20 59 4 6 16888
20 60 7 5 3407
20 61 2 6 5813
20 62 5 5 1345
20 63 5 4 170
21 0 9 4 798
21 1 8 3 139
21 2 5 4 435
21 3 10 4 230
21 4 5 7 87496
21 5 1 9 610106
21 6 1 3 13
21 7 9 3 100
21 8 1 5 389
21 9 9 3 98
21 10 5 8 1250444
21 11 10 4 769
21 12 2 5 520
21 13 8 4 277
21 14 8 5 2152
21 15 2 7 30104
21 16 7 3 77
21 17 1 4 36
21 18 1 5 388
21 19 10 3 187
21 20 8 6 11185
21 21 5 5 1327
21 22 4 5 783
21 23 4 6 16699
21 24 9 1 9
21 25 2 4 140
21 26 4 5 1950
21 27 6 1 4
21 28 6 3 119
21 29 4 3 43
21 30 5 6 5491
21 31 3 5 1440
21 32 3 4 218
21 33 1 4 105
21 34 10 2 18
21 35 3 4 238
21 36 1 7 23325
21 37 4 3 31
21 38 6 3 32
21 39 4 5 1182
21 40 6 4 166
21 41 6 5 991
21 42 6 3 33
21 43 1 3 11
21 44 9 2 23
21 45 6 3 68
21 46 1 6 1521
21 47 10 3 117
21 48 6 4 219
21 49 9 5 5391
21 50 1 3 15
21 51 2 3 36
21 52 9 2 18
21 53 6 2 13
21 54 3 4 278
21 55 4 5 1967
21 56 2 3 22
21 57 6 4 284
21 58 1 7 18755
21 59 1 4 46
21 60 2 6 4401
21 61 4 3 26
21 62 2 4 61
21 63 10 5 1294
22 0 8 3 169
22 1 10 2 40
22 2 3 3 56
22 3 6 1 7
22 4 8 5 1652
22 5 2 4 192
22 6 7 4 456
22 7 6 3 109
22 8 10 1 16
22 9 7 4 263
22 10 2 4 186
22 11 5 6 8145
22 12 5 6 5042
22 13 10 5 3104
22 14 5 2 21
22 15 1 6 827
22 16 5 5 2406
22 17 7 5 1476
22 18 2 4 174
22 19 3 4 264
22 20 7 2 34
22 21 5 5 1403
22 22 4 5 2684
22 23 3 5 728
22 24 10 5 6578
22 25 8 4 305
22 26 3 5 457
22 27 2 6 5094
22 28 5 6 3545
22 29 8 9 12670214
22 30 6 7 49126
22 31 3 7 45464
22 32 1 6 1146
22 33 6 4 149
22 34 7 4 216
22 35 1 4 44
22 36 3 5 571
22 37 3 4 133
22 38 9 3 132
22 39 10 4 320
22 40 6 1 8
22 41 7 4 291
22 42 2 5 268
22 43 3 7 28963
22 44 1 5 150
22 45 1 5 638
22 46 3 6 4370
22 47 2 4 53
22 48 1 5 209
22 49 3 4 171
22 50 10 3 139
22 51 6 3 102
22 52 10 3 205
22 53 8 6 11736
22 54 9 4 237
22 55 8 5 1757
22 56 2 5 757
22 57 5 3 70
22 58 9 1 13
22 59 8 4 434
22 60 6 2 19
22 61 3 5 607
22 62 2 3 18
22 63 1 3 12
23 0 1 5 357
23 1 1 3 9
23 2 7 5 935
23 3 8 6 13410
23 4 7 1 10
23 5 5 4 252
23 6 2 4 68
23 7 7 3 46
23 8 3 4 299
23 9 5 1 6
23 10 10 2 36
23 11 7 2 16
23 12 3 5 508
23 13 6 6 9318
23 14 1 5 369
23 15 7 3 74
23 16 2 2 10
23 17 9 4 720
23 18 10 4 521
23 19 8 1 12
23 20 3 8 583024
23 21 4 3 44
23 22 2 3 21
23 23 3 3 16
23 24 3 5 570
23 25 8 5 1216
23 26 2 5 464
23 27 9 5 1473
23 28 9 2 22
23 29 6 5 1712
23 30 7 5 2346
23 31 8 2 23
23 32 4 3 34
23 33 5 3 43
23 34 9 4 462
23 35 10 2 43
23 36 10 2 40
23 37 6 7 100825
23 38 4 4 206
23 39 6 1 9
23 40 3 2 13
23 41 6 4 273
23 42 6 4 506
23 43 1 5 364
23 44 10 2 23
23 45 8 5 1343
23 46 4 6 13625
23 47 7 3 137
23 48 10 4 600
23 49 7 4 530
23 50 1 6 1844
23 51 9 3 67
23 52 8 2 36
23 53 5 3 51
23 54 10 5 3916
23 55 4 6 3362
23 56 8 2 21
23 57 10 3 54
23 58 6 5 834
23 59 3 4 120
23 60 7 6 8820
23 61 8 5 2112
23 62 10 4 947
23 63 4 5 2682
24 0 3 5 499
24 1 9 5 1688
24 2 2 6 1681
24 3 10 3 185
24 4 9 5 2290
24 5 2 5 1174
24 6 5 2 22
24 7 8 3 120
24 8 2 5 627
24 9 3 4 329
24 10 2 5 1190
24 11 6 3 38
24 12 8 2 24
24 13 4 7 125357
24 14 8 4 505
24 15 4 4 400
24 16 5 4 175
24 17 9 4 395
24 18 5 4 111
24 19 10 4 295
24 20 9 5 2073
24 21 3 2 12
24 22 4 3 66
24 23 1 7 5825
24 24 8 7 50511
24 25 5 6 13830
24 26 3 6 3807
24 27 4 4 139
24 28 1 4 113
24 29 6 7 46725
24 30 9 5 5109
24 31 5 3 54
24 32 10 5 1326
24 33 9 4 257
24 34 7 4 755
24 35 2 5 588
24 36 7 6 29159
24 37 5 6 3951
24 38 7 2 14
24 39 4 2 14
24 40 5 3 47
24 41 10 5 2161
24 42 8 4 648
24 43 5 4 211
24 44 5 2 19
24 45 6 3 123
24 46 2 5 251
24 47 3 4 173
24 48 1 5 289
24 49 4 5 502
24 50 6 5 3981
24 51 2 5 631
24 52 6 6 6462
24 53 5 4 258
24 54 4 5 456
24 55 6 2 17
24 56 6 5 1903
24 57 2 4 48
24 58 6 3 72
24 59 8 6 21447
24 60 3 6 2881
24 61 4 4 144
24 62 1 4 72
24 63 1 4 105
25 0 3 5 759
25 1 4 3 78
25 2 1 7 11938
25 3 7 4 209
25 4 1 5 199
25 5 9 5 1171
25 6 1 4 24
25 7 9 4 417
25 8 2 7 71988
25 9 10 4 235
25 10 7 6 12262
25 11 7 4 176
25 12 2 2 10
25 13 5 3 40
25 14 1 4 32
25 15 4 4 153
25 16 10 4 497
25 17 6 1 6
25 18 7 3 140
25 19 3 5 1345
25 20 1 5 452
25 21 4 7 108976
25 22 6 4 528
25 23 9 4 541
25 24 6 1 4
25 25 8 5 1634
25 26 3 2 8
25 27 10 3 188
25 28 4 4 206
25 29 10 4 420
25 30 6 4 189
25 31 9 4 593
25 32 1 4 90
25 33 10 5 1330
25 34 1 3 7
25 35 1 7 21442
25 36 4 7 48246
25 37 6 1 8
25 38 10 7 103117
25 39 7 4 496
25 40 10 1 11
25 41 4 6 3861
25 42 3 4 241
25 43 5 4 131
25 44 8 1 7
25 45 6 5 869
25 46 8 3 157
25 47 2 4 136
25 48 7 3 126
25 49 4 3 69
25 50 6 2 20
25 51 4 5 1501
25 52 10 2 32
25 53 1 5 477
25 54 9 3 106
25 55 1 4 58
25 56 4 4 113
25 57 5 3 42
25 58 6 4 296
25 59 6 3 63
25 60 9 3 83
25 61 9 3 66
25 62 7 2 17
25 63 3 3 50
26 0 2 5 493
26 1 7 1 10
26 2 6 3 97
26 3 10 4 429
26 4 8 4 485
26 5 2 3 39
26 6 1 3 19
26 7 6 2 22
26 8 10 5 1885
26 9 3 6 11477
26 10 1 4 58
26 11 3 5 550
26 12 4 4 228
26 13 4 4 279
26 14 3 6 2118
26 15 6 5 4037
26 16 8 2 28
26 17 9 5 1945
26 18 3 4 328
26 19 3 2 10
26 20 1 4 30
26 21 7 3 91
26 22 10 3 202
26 23 2 5 233
26 24 10 4 713
26 25 4 2 18
26 26 7 3 70
26 27 8 4 300
26 28 3 3 25
26 29 6 3 94
26 30 10 4 890
26 31 10 5 1270
26 32 6 3 73
26 33 6 2 11
26 34 2 6 2150
26 35 6 2 25
26 36 10 3 77
26 37 1 5 246
26 38 6 4 142
26 39 7 7 169987
26 40 5 5 1593
26 41 1 4 34
26 42 4 4 160
26 43 3 4 182
26 44 5 5 1406
26 45 2 6 2550
26 46 1 4 41
26 47 6 6 14916
26 48 9 4 231
26 49 4 3 61
26 50 4 6 5623
26 51 3 4 202
26 52 3 5 565
26 53 5 3 30
26 54 2 6 1641
26 55 5 7 198093
26 56 5 4 297
26 57 1 6 702
26 58 9 3 50
26 59 2 5 589
26 60 4 1 6
26 61 9 6 11600
26 62 8 6 9120
26 63 10 4 846
27 0 5 5 3214
27 1 9 2 27
27 2 3 3 41
27 3 8 3 79
27 4 8 1 6
27 5 8 3 103
27 6 7 9 7582048
27 7 2 5 453
27 8 3 3 62
27 9 5 5 1300
27 10 8 2 18
27 11 9 7 157398
27 12 4 6 8920
27 13 6 4 254
27 14 2 9 1107783
27 15 5 6 14761
27 16 5 2 10
27 17 4 5 572
27 18 5 5 934
27 19 5 4 246
27 20 6 3 119
27 21 3 3 47
27 22 4 4 409
27 23 8 2 39
27 24 1 6 1547
27 25 3 5 1359
27 26 4 4 115
27 27 7 3 55
27 28 1 6 2131
27 29 6 3 100
27 30 7 3 38
27 31 7 3 89
27 32 9 5 5279
27 33 1 4 25
27 34 6 2 29
27 35 8 3 164
27 36 7 5 2432
27 37 10 1 15
27 38 4 6 5599
27 39 10 3 131
27 40 1 5 347
27 41 10 4 949
27 42 10 3 59
27 43 9 1 9
27 44 9 2 28
27 45 5 3 32
27 46 4 4 99
27 47 9 1 7
27 48 10 4 415
27 49 1 4 27
27 50 2 9 1029831
27 51 5 6 3912
27 52 1 7 7739
27 53 5 3 75
27 54 6 3 87
27 55 6 4 301
27 56 8 4 543
27 57 7 2 22
27 58 3 7 46412
27 59 2 6 1810
27 60 1 7 28648
27 61 9 2 18
27 62 3 5 1206
27 63 6 7 189826
28 0 1 5 436
28 1 7 2 22
28 2 4 6 19269
28 3 2 4 141
28 4 8 3 132
28 5 4 4 122
28 6 8 1 11
28 7 5 4 125
28 8 4 4 156
28 9 10 1 17
28 10 6 2 11
28 11 8 3 93
28 12 7 4 163
28 13 2 3 25
28 14 2 6 6473
28 15 4 4 258
28 16 1 4 96
28 17 4 6 5871
28 18 6 1 8
28 19 2 3 12
28 20 1 7 5184
28 21 8 2 18
28 22 4 5 611
28 23 5 2 21
28 24 1 6 940
28 25 4 3 34
28 26 3 5 731
28 27 2 4 108
28 28 10 3 85
28 29 2 4 74
28 30 5 6 24019
28 31 5 3 30
28 32 4 4 324
28 33 7 4 597
28 34 7 3 66
28 35 7 6 7210
28 36 4 3 48
28 37 9 6 16284
28 38 2 6 6187
28 39 5 4 422
28 40 1 4 85
28 41 3 6 2289
28 42 2 5 419
28 43 6 6 19543
28 44 10 3 64
28 45 10 6 10330
28 46 7 6 20014
28 47 7 2 18
28 48 4 4 89
28 49 6 4 200
28 50 3 3 59
28 51 10 3 123
28 52 6 3 121
28 53 10 7 78359
28 54 4 2 20
28 55 3 4 104
28 56 9 7 50642
28 57 6 3 128
28 58 8 2 42
28 59 10 3 98
28 60 10 7 165011
28 61 2 4 145
28 62 10 7 148684
28 63 5 4 122
29 0 10 1 15
29 1 8 6 9581
29 2 7 5 1410
29 3 1 3 16
29 4 9 8 2597831
29 5 2 6 2677
29 6 8 5 2811
29 7 1 6 4045
29 8 6 5 738
29 9 10 3 126
29 10 3 3 53
29 11 5 6 7205
29 12 7 4 190
29 13 2 4 60
29 14 8 4 288
29 15 1 3 6
29 16 8 5 2144
29 17 8 8 384644
29 18 8 4 250
29 19 5 7 82446
29 20 4 4 98
29 21 2 5 243
29 22 5 5 1332
29 23 6 3 38
29 24 1 6 1587
29 25 7 2 24
29 26 2 4 73
29 27 8 4 222
29 28 1 6 2820
29 29 9 1 15
29 30 4 5 552
29 31 6 6 11343
29 32 7 6 29078
29 33 2 2 9
29 34 2 3 38
29 35 6 7 66030
29 36 3 7 15231
29 37 6 7 40764
29 38 9 4 460
29 39 10 2 28
29 40 7 6 13452
29 41 9 3 84
29 42 9 4 217
29 43 6 5 3193
29 44 9 3 113
29 45 1 5 283
29 46 9 4 989
29 47 6 5 3614
29 48 1 4 100
29 49 2 5 531
29 50 3 5 819
29 51 6 3 45
29 52 7 2 15
29 53 9 2 19
29 54 8 2 22
29 55 2 3 36
29 56 4 4 146
29 57 6 5 4158
29 58 5 4 206
29 59 8 5 979
29 60 10 3 134
29 61 8 5 5201
29 62 10 2 53
29 63 5 3 64
30 0 7 4 326
30 1 6 5 1750
30 2 1 5 242
30 3 5 4 236
30 4 3 3 51
30 5 8 2 39
30 6 8 6 11134
30 7 5 3 45
30 8 7 6 9990
30 9 3 3 43
30 10 2 9 1752193
30 11 7 2 17
30 12 4 3 39
30 13 6 4 417
30 14 5 4 147
30 15 4 3 26
30 16 8 4 400
30 17 6 4 184
30 18 8 2 35
30 19 7 3 141
30 20 8 2 34
30 21 3 6 10363
30 22 6 5 1696
30 23 6 4 309
30 24 7 2 26
30 25 4 4 294
30 26 9 5 3804
30 27 5 3 47
30 28 3 6 2091
30 29 3 5 580
30 30 3 3 21
30 31 3 5 413
30 32 2 7 18285
30 33 3 2 10
30 34 4 5 891
30 35 3 6 3336
30 36 2 3 35
30 37 6 5 1834
30 38 4 5 2559
30 39 8 3 53
30 40 9 1 4
30 41 1 6 923
30 42 5 4 239
30 43 9 5 5145
30 44 5 5 1086
30 45 7 3 55
30 46 6 5 2286
30 47 5 2 18
30 48 8 3 159
30 49 2 7 17191
30 50 8 3 142
30 51 8 4 271
30 52 5 2 16
30 53 5 7 84536
30 54 5 3 83
30 55 2 6 2513
30 56 7 2 34
30 57 7 7 122847
30 58 10 6 9595
30 59 3 3 63
30 60 8 5 1846
30 61 7 3 69
30 62 8 5 2013
30 63 7 4 704
31 0 5 7 46628
31 1 10 7 228233
31 2 8 6 15011
31 3 3 6 5006
31 4 7 5 1168
31 5 2 2 10
31 6 9 2 19
31 7 9 3 124
31 8 5 3 102
31 9 7 4 398
31 10 8 2 22
31 11 9 2 47
31 12 5 2 24
31 13 3 6 2397
31 14 9 3 82
31 15 7 2 24
31 16 1 3 11
31 17 7 4 180
31 18 7 3 81
31 19 6 6 11196
31 20 7 3 39
31 21 8 7 115315
31 22 6 6 18386
31 23 6 2 27
31 24 6 4 435
31 25 4 7 41035
31 26 10 3 103
31 27 6 5 1715
31 28 6 5 780
31 29 2 5 329
31 30 5 4 188
31 31 6 5 738
31 32 10 2 53
31 33 1 7 19987
31 34 1 3 10
31 35 3 6 5113
31 36 8 7 91504
31 37 6 3 129
31 38 10 1 9
31 39 7 2 32
31 40 9 5 4203
31 41 1 6 1725
31 42 10 6 39495
31 43 1 5 335
31 44 3 5 1110
31 45 1 6 1178
31 46 8 6 12009
31 47 3 4 176
31 48 10 4 723
31 49 5 6 4946
31 50 8 3 53
31 51 6 5 748
31 52 2 3 44
31 53 2 4 56
31 54 1 5 252
31 55 6 5 1072
31 56 2 5 1101
31 57 10 4 585
31 58 7 3 92
31 59 9 4 371
31 60 9 4 379
31 61 10 3 68
31 62 3 5 1756
31 63 5 4 232
32 0 7 3 63
32 1 10 3 81
32 2 1 5 252
32 3 3 5 466
32 4 5 5 2601
32 5 2 5 759
32 6 2 3 22
32 7 9 4 278
32 8 2 4 95
32 9 2 4 125
32 10 1 4 96
32 11 8 4 880
32 12 4 3 40
32 13 4 8 606999
32 14 6 6 9144
32 15 8 4 600
32 16 6 6 16218
32 17 1 4 82
32 18 10 5 1664
32 19 2 5 1207
32 20 1 8 148592
32 21 2 5 865
32 22 1 7 4966
32 23 5 4 332
32 24 9 6 38341
32 25 7 5 1763
32 26 6 4 357
32 27 3 5 1914
32 28 6 2 13
32 29 10 2 26
32 30 6 4 523
32 31 2 6 9660
32 32 2 2 10
32 33 6 1 8
32 34 3 4 71
32 35 9 5 2375
32 36 7 3 47
32 37 1 4 76
32 38 2 4 97
32 39 9 2 23
32 40 3 4 133
32 41 5 1 8
32 42 1 4 63
32 43 7 3 77
32 44 3 4 246
32 45 4 4 104
32 46 10 6 23798
32 47 3 5 456
32 48 8 4 565
32 49 9 6 10937
32 50 7 3 135
32 51 9 3 98
32 52 7 2 30
32 53 6 4 603
32 54 9 7 221512
32 55 4 4 325
32 56 10 2 23
32 57 7 4 449
32 58 10 5 1819
32 59 3 5 842
32 60 6 2 31
32 61 6 3 47
32 62 3 4 81
32 63 8 1 10
33 0 4 3 24
33 1 8 4 442
33 2 1 5 136
33 3 7 4 192
33 4 6 3 125
33 5 6 6 9605
33 6 1 5 137
33 7 3 4 235
33 8 5 4 223
33 9 1 6 894
33 10 6 4 512
33 11 6 2 23
33 12 3 3 41
33 13 8 4 272
33 14 3 2 13
33 15 4 2 19
33 16 3 4 85
33 17 10 7 228175
33 18 10 4 368
33 19 4 5 677
33 20 6 3 89
33 21 7 6 18983
33 22 5 3 104
33 23 3 5 759
33 24 9 2 34
33 25 10 3 145
33 26 9 4 257
33 27 4 7 30663
33 28 5 5 689
33 29 2 4 188
33 30 3 4 69
33 31 9 3 86
33 32 4 5 543
33 33 9 3 57
33 34 7 4 254
33 35 7 4 219
33 36 5 4 321
33 37 1 5 210
33 38 5 3 107
33 39 1 4 23
33 40 10 6 47484
33 41 5 3 50
33 42 4 5 1986
33 43 5 6 4774
33 44 1 7 6185
33 45 2 7 12918
33 46 6 4 478
33 47 3 3 31
33 48 9 3 156
33 49 6 5 2591
33 50 10 3 200
33 51 2 5 736
33 52 4 3 53
33 53 6 1 9
33 54 9 3 167
33 55 8 2 28
33 56 6 5 3992
33 57 5 7 111124
33 58 7 3 136
33 59 1 5 266
33 60 1 5 123
33 61 5 4 432
33 62 2 4 159
33 63 4 3 61
34 0 2 5 280
34 1 9 2 16
34 2 2 7 50568
34 3 8 3 145
34 4 5 1 5
34 5 2 5 329
34 6 7 3 103
34 7 5 3 107
34 8 8 2 37
34 9 4 1 5
34 10 7 1 8
34 11 5 2 20
34 12 6 7 96511
34 13 7 4 691
34 14 7 4 648
34 15 3 5 802
34 16 10 6 14098
34 17 6 5 1107
34 18 6 7 82274
34 19 3 5 1221
34 20 9 6 14097
34 21 2 6 1960
34 22 6 5 1316
34 23 7 1 11
34 24 6 4 375
34 25 2 2 9
34 26 4 4 172
34 27 4 6 4974
34 28 1 5 248
34 29 5 4 159
34 30 4 6 16788
34 31 1 4 24
34 32 10 5 2914
34 33 5 2 18
34 34 9 7 69634
34 35 10 4 295
34 36 2 3 20
34 37 3 5 627
34 38 6 5 1373
34 39 8 7 85143
34 40 10 3 104
34 41 10 4 389
34 42 8 2 33
34 43 3 7 44434
34 44 10 7 354219
34 45 7 5 958
34 46 7 4 411
34 47 7 4 234
34 48 10 3 158
34 49 9 3 62
34 50 9 3 191
34 51 3 4 161
34 52 10 2 29
34 53 10 2 27
34 54 10 4 363
34 55 5 9 17389099
34 56 7 4 713
34 57 5 3 103
34 58 5 2 17
34 59 10 1 12
34 60 10 5 4524
34 61 7 2 37
34 62 1 4 107
34 63 3 3 19
35 0 4 5 618
35 1 4 3 55
35 2 7 5 2075
35 3 6 4 164
35 4 10 4 445
35 5 9 5 1858
35 6 2 3 32
35 7 7 3 118
35 8 10 5 3555
35 9 2 4 61
35 10 6 5 1508
35 11 4 3 23
35 12 4 4 256
35 13 3 4 120
35 14 4 8 896185
35 15 1 3 20
35 16 10 6 12127
35 17 2 3 24
35 18 6 3 34
35 19 5 5 1304
35 20 8 3 93
35 21 7 5 1040
35 22 7 5 1328
35 23 4 4 271
35 24 8 3 62
35 25 7 3 93
35 26 5 5 3202
35 27 2 3 17
35 28 3 9 4490361
35 29 3 7 34892
35 30 4 5 966
35 31 5 5 644
35 32 3 4 101
35 33 8 1 14
35 34 10 7 53027
35 35 8 5 1765
35 36 6 4 410
35 37 3 3 45
35 38 5 2 22
35 39 6 3 131
35 40 10 4 284
35 41 4 3 22
35 42 1 6 2006
35 43 2 4 108
35 44 5 3 38
35 45 4 4 263
35 46 3 6 3986
35 47 3 7 26638
35 48 10 8 1075115
35 49 6 4 384
35 50 3 2 15
35 51 5 4 326
35 52 3 4 240
35 53 10 2 50
35 54 2 10 77329495
35 55 8 2 16
35 56 6 4 539
35 57 3 5 383
35 58 2 7 19518
35 59 4 5 1919
35 60 2 5 581
35 61 3 3 37
35 62 7 2 26
35 63 5 2 19
36 0 9 2 45
36 1 10 3 59
36 2 10 2 35
36 3 3 6 4208
36 4 9 3 147
36 5 5 4 219
36 6 3 5 662
36 7 1 7 7651
36 8 4 6 12714
36 9 7 6 13372
36 10 1 6 1302
36 11 5 1 8
36 12 2 4 116
36 13 5 6 19165
36 14 6 4 344
36 15 1 4 91
36 16 3 3 18
36 17 4 6 8687
36 18 1 4 41
36 19 7 6 22834
36 20 10 2 49
36 21 7 3 58
36 22 9 3 63
36 23 10 3 128
36 24 9 3 89
36 25 7 6 6977
36 26 1 4 47
36 27 4 3 77
36 28 10 6 22025
36 29 10 4 673
36 30 3 5 861
36 31 1 6 704
36 32 9 2 18
36 33 2 6 2763
36 34 10 6 10231
36 35 4 5 1351
36 36 10 4 351
36 37 10 4 711
36 38 5 5 2425
36 39 6 3 112
36 40 2 6 3732
36 41 2 4 198
36 42 9 5 1892
36 43 7 5 3961
36 44 8 3 63
36 45 2 4 64
36 46 3 5 1910
36 47 4 6 11163
36 48 9 4 202
36 49 4 5 544
36 50 9 6 22212
36 51 8 4 364
36 52 4 3 46
36 53 5 4 115
36 54 2 4 56
36 55 1 3 7
36 56 8 5 1358
36 57 2 6 5020
36 58 5 2 10
36 59 6 1 9
36 60 7 4 171
36 61 6 7 138417
36 62 6 3 100
36 63 8 6 30043
37 0 4 3 35
37 1 8 2 31
37 2 7 4 570
37 3 9 3 65
37 4 3 4 89
37 5 3 6 5422
37 6 10 5 3049
37 7 8 7 53078
37 8 7 6 8303
37 9 6 5 1160
37 10 5 4 368
37 11 2 6 5578
37 12 2 5 395
37 13 3 5 1234
37 14 4 4 426
37 15 5 6 21447
37 16 1 4 25
37 17 2 6 8758
37 18 2 6 7005
37 19 3 4 105
37 20 9 3 96
37 21 10 4 581
37 22 8 2 39
37 23 3 4 112
37 24 1 5 366
37 25 1 4 24
37 26 5 4 111
37 27 6 2 16
37 28 8 3 113
37 29 4 5 712
37 30 10 5 1845
37 31 3 6 5360
37 32 9 5 4008
37 33 4 3 60
37 34 8 6 8962
37 35 1 6 1459
37 36 7 4 458
37 37 7 5 1145
37 38 3 7 106847
37 39 6 2 17
37 40 5 4 262
37 41 8 4 181
37 42 2 5 239
37 43 5 4 454
37 44 4 4 120
37 45 9 4 398
37 46 2 5 292
37 47 2 5 423
37 48 3 3 23
37 49 10 2 49
37 50 6 5 1226
37 51 4 4 330
37 52 4 10 822190002
37 53 9 3 59
37 54 10 5 3337
37 55 8 5 2767
37 56 1 5 317
37 57 6 7 33124
37 58 7 4 300
37 59 9 5 1232
37 60 4 4 326
37 61 5 3 47
37 62 2 5 1369
37 63 7 2 32
38 0 3 3 47
38 1 7 6 28385
38 2 7 5 3895
38 3 3 6 4244
38 4 4 6 4015
38 5 6 7 158163
38 6 2 3 43
38 7 7 4 439
38 8 7 7 79080
38 9 7 10 29386337
38 10 10 3 118
38 11 6 6 5260
38 12 7 3 105
38 13 8 3 114
38 14 10 3 70
38 15 1 6 3373
38 16 2 9 2960090
38 17 6 6 24841
38 18 6 5 915
38 19 3 6 5087
38 20 6 3 73
38 21 3 3 32
38 22 8 3 109
38 23 2 7 67695
38 24 6 3 32
38 25 1 4 77
38 26 3 3 45
38 27 5 3 60
38 28 3 4 234
38 29 10 5 3510
38 30 7 10 47680700
38 31 2 8 183088
38 32 6 2 20
38 33 4 5 492
38 34 3 3 23
38 35 6 1 5
38 36 3 4 115
38 37 2 3 13
38 38 5 5 1287
38 39 3 4 200
38 40 2 4 136
38 41 1 7 17375
38 42 2 4 57
38 43 10 3 63
38 44 8 4 208
38 45 9 3 143
38 46 2 3 24
38 47 1 4 45
38 48 5 8 405002
38 49 4 5 1102
38 50 9 4 323
38 51 10 5 1295
38 52 10 5 6869
38 53 2 2 5
38 54 3 4 264
38 55 1 5 423
38 56 9 4 462
38 57 10 5 1185
38 58 1 3 8
38 59 7 4 438
38 60 4 3 78
38 61 1 4 113
38 62 5 2 10
38 63 9 5 2476
39 0 8 4 240
39 1 6 7 34347
39 2 1 4 23
39 3 8 5 3339
39 4 2 5 864
39 5 1 4 30
39 6 5 3 44
39 7 8 3 86
39 8 10 5 2776
39 9 8 4 674
39 10 4 5 787
39 11 2 4 117
39 12 1 6 1008
39 13 10 2 27
39 14 4 6 9591
39 15 5 4 112
39 16 10 5 4218
39 17 6 4 325
39 18 5 4 556
39 19 5 5 1516
39 20 3 6 3413
39 21 10 6 46555
39 22 3 5 1470
39 23 5 5 2545
39 24 10 6 41761
39 25 6 2 25
39 26 4 5 789
39 27 9 4 900
39 28 9 1 9
39 29 3 4 266
39 30 8 4 183
39 31 4 6 9210
39 32 9 4 547
39 33 3 8 150395
39 34 9 5 3413
39 35 5 4 125
39 36 5 7 48107
39 37 6 4 175
39 38 5 3 57
39 39 4 4 198
39 40 4 5 2268
39 41 9 6 8394
39 42 3 5 955
39 43 10 5 2069
39 44 7 2 28
39 45 4 3 53
39 46 9 6 8036
39 47 6 4 385
39 48 8 5 1490
39 49 1 5 301
39 50 3 7 17743
39 51 8 3 112
39 52 4 3 36
39 53 5 5 3139
39 54 4 3 35
39 55 8 2 37
39 56 3 4 254
39 57 10 4 239
39 58 6 4 261
39 59 4 2 21
39 60 9 4 784
39 61 2 5 247
39 62 1 5 574
39 63 7 4 739
40 0 5 4 168
40 1 3 5 1674
40 2 6 2 16
40 3 9 3 97
40 4 3 8 284883
40 5 4 5 539
40 6 8 1 8
40 7 7 7 36021
40 8 8 5 3028
40 9 1 4 92
40 10 8 4 679
40 11 1 10 27147677
40 12 7 4 230
40 13 1 7 7247
40 14 3 5 1885
40 15 6 5 953
40 16 9 4 323
40 17 10 5 3160
40 18 6 4 175
40 19 1 5 170
40 20 9 4 665
40 21 9 3 103
40 22 8 3 76
40 23 4 5 667
40 24 4 4 143
40 25 9 2 46
40 26 2 3 11
40 27 7 4 419
40 28 10 7 93066
40 29 7 3 130
40 30 7 3 126
40 31 8 2 31
40 32 4 1 6
40 33 5 4 210
40 34 9 3 187
40 35 7 2 16
40 36 2 6 3035
40 37 10 4 305
40 38 9 3 191
40 39 5 2 22
40 40 10 6 25771
40 41 7 6 16502
40 42 6 5 2620
40 43 8 5 1036
40 44 9 9 5364671
40 45 4 3 76
40 46 6 5 1300
40 47 7 6 25088
40 48 3 4 242
40 49 7 5 2991
40 50 9 7 76943
40 51 6 4 186
40 52 9 4 407
40 53 9 5 3877
40 54 10 3 155
40 55 5 3 46
40 56 8 5 2604
40 57 3 6 14761
40 58 9 5 1659
40 59 3 5 416
40 60 3 5 513
40 61 2 7 36104
40 62 6 4 679
40 63 2 6 3203
41 0 5 3 35
41 1 2 7 10540
41 2 6 6 13146
41 3 8 4 209
41 4 4 2 15
41 5 2 4 101
41 6 8 6 5764
41 7 4 6 2786
41 8 2 4 72
41 9 8 2 15
41 10 1 4 80
41 11 9 3 111
41 12 8 5 4543
41 13 6 2 17
41 14 3 4 86
41 15 4 4 279
41 16 1 8 167135
41 17 9 1 12
41 18 2 3 35
41 19 9 5 1685
41 20 10 2 31
41 21 8 3 85
41 22 1 5 120
41 23 4 4 251
41 24 9 3 49
41 25 1 4 46
41 26 10 2 35
41 27 2 4 126
41 28 5 4 181
41 29 4 4 129
41 30 7 5 4539
41 31 8 3 58
41 32 1 7 18344
41 33 10 5 3245
41 34 5 4 435
41 35 8 5 1063
41 36 7 5 811
41 37 5 2 9
41 38 7 4 658
41 39 8 3 114
41 40 7 4 197
41 41 7 2 32
41 42 10 4 835
41 43 6 2 18
41 44 6 4 257
41 45 8 5 1674
41 46 3 3 16
41 47 2 8 349327
41 48 7 3 94
41 49 10 2 35
41 50 9 4 423
41 51 4 2 21
41 52 5 4 150
41 53 9 6 13899
41 54 1 4 34
41 55 5 3 48
41 56 5 4 144
41 57 2 3 21
41 58 3 4 180
41 59 7 4 174
41 60 5 4 479
41 61 2 3 14
41 62 3 6 3101
41 63 10 1 9
42 0 7 1 9
42 1 9 3 135
42 2 10 3 204
42 3 3 2 12
42 4 9 6 23642
42 5 8 4 895
42 6 3 2 7
42 7 10 3 133
42 8 7 5 943
42 9 8 3 160
42 10 7 5 857
42 11 1 6 826
42 12 8 4 194
42 13 4 5 506
42 14 2 5 817
42 15 8 2 17
42 16 1 6 1970
42 17 2 6 3294
42 18 10 4 805
42 19 5 3 32
42 20 8 2 23
42 21 8 8 1449806
42 22 9 4 502
42 23 3 8 232761
42 24 3 6 4079
42 25 10 3 138
42 26 6 4 435
42 27 4 5 1522
42 28 1 4 58
42 29 1 5 191
42 30 4 3 70
42 31 9 2 22
42 32 10 4 754
42 33 9 4 206
42 34 2 3 35
42 35 9 4 245
42 36 6 3 46
42 37 4 3 70
42 38 1 6 814
42 39 10 5 3362
42 40 8 1 11
42 41 3 3 30
42 42 7 4 172
42 43 10 1 17
42 44 10 5 6929
42 45 6 3 50
42 46 5 3 106
42 47 2 5 1382
42 48 9 3 51
42 49 3 6 6736
42 50 1 4 29
42 51 7 8 596339
42 52 9 5 3661
42 53 10 3 138
42 54 4 2 14
42 55 1 3 9
42 56 6 2 25
42 57 6 3 67
42 58 5 3 28
42 59 6 4 642
42 60 1 4 38
42 61 10 3 127
42 62 8 7 47146
42 63 9 6 7754
43 0 7 5 2368
43 1 7 3 84
43 2 2 3 21
43 3 4 5 1654
43 4 10 6 8041
43 5 2 6 3386
43 6 10 3 190
43 7 4 3 60
43 8 7 2 36
43 9 2 5 605
43 10 8 3 63
43 11 9 3 127
43 12 7 5 1381
43 13 8 4 219
43 14 2 8 231472
43 15 3 2 11
43 16 10 1 9
43 17 10 3 147
43 18 2 3 19
43 19 8 4 182
43 20 4 4 125
43 21 8 4 177
43 22 4 6 6967
43 23 3 4 112
43 24 4 6 5224
43 25 6 7 35446
43 26 6 3 60
43 27 9 4 533
43 28 8 5 1501
43 29 2 3 16
43 30 1 6 1017
43 31 10 1 8
43 32 1 4 49
43 33 10 4 443
43 34 5 7 28470
43 35 6 6 16059
43 36 8 4 265
43 37 1 5 126
43 38 5 7 41381
43 39 1 3 6
43 40 5 3 42
43 41 8 2 16
43 42 7 7 191113
43 43 5 3 32
43 44 7 2 31
43 45 9 2 21
43 46 2 7 57635
43 47 10 6 34892
43 48 2 8 522204
43 49 6 5 3005
43 50 6 3 39
43 51 6 7 190625
43 52 10 5 1398
43 53 5 6 5980
43 54 9 5 3926
43 55 7 5 2163
43 56 9 3 68
43 57 9 3 143
43 58 1 6 1242
43 59 1 3 10
43 60 4 3 65
43 61 8 5 1460
43 62 5 4 420
43 63 3 5 783
44 0 1 4 50
44 1 7 4 278
44 2 9 3 87
44 3 3 4 256
44 4 8 1 5
44 5 3 5 360
44 6 7 5 3877
44 7 5 5 1207
44 8 10 6 8264
44 9 8 3 47
44 10 4 4 155
44 11 9 6 9697
44 12 10 4 247
44 13 5 2 19
44 14 5 4 395
44 15 1 6 2427
44 16 2 4 52
44 17 5 5 1188
44 18 9 6 37096
44 19 3 5 575
44 20 2 4 119
44 21 6 4 153
44 22 1 6 1499
44 23 5 4 201
44 24 2 6 6149
44 25 8 5 1761
44 26 5 4 204
44 27 5 3 42
44 28 7 6 8991
44 29 1 4 57
44 30 7 4 301
44 31 3 5 467
44 32 6 3 122
44 33 6 4 218
44 34 1 6 782
44 35 3 3 52
44 36 9 3 158
44 37 8 4 177
44 38 8 3 43
44 39 3 2 8
44 40 5 3 45
44 41 2 7 46361
44 42 10 4 939
44 43 3 4 113
44 44 10 2 38
44 45 4 7 114898
44 46 2 6 2120
44 47 8 5 1703
44 48 8 6 15770
44 49 4 4 181
44 50 8 4 587
44 51 5 4 222
44 52 2 4 132
44 53 10 7 355072
44 54 6 2 30
44 55 9 4 222
44 56 7 5 3699
44 57 7 5 2717
44 58 8 4 187
44 59 8 5 1764
44 60 6 5 1474
44 61 6 3 103
44 62 1 3 16
44 63 3 3 39
45 0 1 5 208
45 1 2 5 1275
45 2 3 4 99
45 3 5 5 2305
45 4 1 5 529
45 5 4 3 30
45 6 5 2 12
45 7 7 3 118
45 8 7 5 2367
45 9 9 5 2395
45 10 1 4 48
45 11 3 4 141
45 12 10 2 36
45 13 2 7 39960
45 14 10 4 428
45 15 10 8 780275
45 16 2 6 9678
45 17 1 5 453
45 18 10 3 191
45 19 9 4 489
45 20 10 4 758
45 21 8 5 2088
45 22 7 6 9272
45 23 2 5 1331
45 24 3 2 7
45 25 7 4 240
45 26 6 5 682
45 27 8 2 22
45 28 8 3 43
45 29 10 4 233
45 30 8 8 567671
45 31 6 4 292
45 32 3 4 338
45 33 5 5 992
45 34 3 2 10
45 35 3 5 1697
45 36 5 2 21
45 37 8 7 76125
45 38 2 3 19
45 39 6 7 32409
45 40 10 3 69
45 41 7 4 702
45 42 9 2 26
45 43 7 2 22
45 44 4 5 1131
45 45 2 4 158
45 46 2 7 69356
45 47 9 7 226791
45 48 8 3 67
45 49 8 4 672
45 50 10 3 205
45 51 6 5 2327
45 52 5 6 13466
45 53 6 2 16
45 54 5 6 18283
45 55 1 4 88
45 56 3 5 1121
45 57 5 4 411
45 58 6 3 129
45 59 3 5 1342
45 60 7 5 3544
45 61 7 3 126
45 62 7 4 434
45 63 2 3 18
46 0 9 5 4914
46 1 10 4 511
46 2 9 3 61
46 3 5 4 126
46 4 1 6 2332
46 5 4 3 41
46 6 6 4 235
46 7 5 6 14706
46 8 8 7 216538
46 9 10 2 52
46 10 10 6 9410
46 11 5 4 532
46 12 3 5 868
46 13 4 4 195
46 14 10 1 8
46 15 4 4 143
46 16 9 2 38
46 17 6 5 818
46 18 3 3 23
46 19 9 4 604
46 20 10 6 11488
46 21 9 2 20
46 22 8 4 215
46 23 1 6 1552
46 24 9 4 407
46 25 9 4 391
46 26 7 2 25
46 27 10 6 31319
46 28 6 3 109
46 29 10 3 93
46 30 1 6 4239
46 31 4 5 1013
46 32 4 5 924
46 33 10 7 169945
46 34 5 3 28
46 35 4 4 376
46 36 8 6 26688
46 37 1 3 17
46 38 6 4 337
46 39 3 8 268211
46 40 3 3 66
46 41 9 5 1525
46 42 5 3 69
46 43 2 4 110
46 44 6 3 37
46 45 2 4 51
46 46 9 5 1071
46 47 6 5 795
46 48 10 4 479
46 49 3 6 2928
46 50 7 6 34177
46 51 10 2 23
46 52 4 2 14
46 53 4 3 44
46 54 7 3 53
46 55 10 5 3052
46 56 3 3 28
46 57 3 5 2072
46 58 8 3 96
46 59 4 4 268
46 60 8 4 547
46 61 5 5 807
46 62 7 3 38
46 63 3 4 259
47 0 3 7 40283
47 1 1 4 85
47 2 4 6 9758
47 3 8 3 45
47 4 10 4 877
47 5 7 3 76
47 6 7 1 10
47 7 7 1 10
47 8 9 9 11225620
47 9 5 6 14361
47 10 4 7 59033
47 11 9 3 90
47 12 10 2 53
47 13 4 3 26
47 14 3 6 6272
47 15 5 5 2294
47 16 9 2 25
47 17 8 3 109
47 18 5 8 520125
47 19 1 3 19
47 20 10 6 12394
47 21 1 8 112766
47 22 7 3 59
47 23 4 5 1339
47 24 5 4 236
47 25 2 7 37355
47 26 3 5 707
47 27 6 3 111
47 28 8 3 92
47 29 4 5 1705
47 30 3 4 100
47 31 7 6 31865
47 32 9 7 232606
47 33 6 2 16
47 34 3 6 2575
47 35 1 6 1435
47 36 6 3 125
47 37 6 5 2168
47 38 1 6 2411
47 39 3 6 6858
47 40 4 4 388
47 41 6 4 196
47 42 4 5 888
47 43 5 4 241
47 44 9 5 3616
47 45 6 3 34
47 46 8 1 10
47 47 3 2 9
47 48 1 6 1271
47 49 9 3 81
47 50 5 6 17074
47 51 1 5 218
47 52 10 2 49
47 53 4 6 2946
47 54 8 3 71
47 55 9 4 334
47 56 1 3 11
47 57 10 4 694
47 58 7 4 587
47 59 8 2 15
47 60 8 3 126
47 61 10 2 25
47 62 3 3 65
47 63 9 4 341
48 0 9 2 20
48 1 3 1 5
48 2 1 3 7
48 3 7 5 2222
48 4 6 4 306
48 5 4 6 3073
48 6 8 5 2906
48 7 10 3 161
48 8 5 3 34
48 9 9 1 5
48 10 7 4 343
48 11 10 4 269
48 12 10 4 222
48 13 4 6 5620
48 14 3 8 194857
48 15 4 8 403338
48 16 6 5 2902
48 17 6 4 264
48 18 7 3 43
48 19 10 5 4468
48 20 2 4 85
48 21 6 4 609
48 22 8 6 5632
48 23 1 5 175
48 24 10 3 119
48 25 1 5 292
48 26 9 3 80
48 27 7 2 21
48 28 5 5 801
48 29 3 4 129
48 30 4 5 1090
48 31 4 6 4589
48 32 7 5 1602
48 33 1 4 34
48 34 2 3 30
48 35 7 2 14
48 36 1 4 66
48 37 9 4 429
48 38 8 7 78151
48 39 2 4 87
48 40 9 7 55307
48 41 1 4 42
48 42 1 8 295772
48 43 1 6 1578
48 44 7 5 1562
48 45 9 2 41
48 46 7 3 64
48 47 6 4 230
48 48 8 1 12
48 49 4 1 7
48 50 2 5 438
48 51 9 3 124
48 52 10 5 1982
48 53 2 4 57
48 54 10 4 1003
48 55 6 4 370
48 56 3 4 257
48 57 1 6 1585
48 58 6 2 27
48 59 3 8 196158
48 60 3 6 6134
48 61 3 5 899
48 62 5 6 5541
48 63 3 3 31
49 0 6 5 4035
49 1 3 3 34
49 2 6 3 34
49 3 7 3 46
49 4 7 4 194
49 5 8 1 5
49 6 8 4 498
49 7 6 6 5304
49 8 9 2 18
49 9 1 3 8
49 10 2 3 40
49 11 2 5 332
49 12 7 3 54
49 13 6 7 50314
49 14 5 3 65
49 15 10 2 37
49 16 8 5 2378
49 17 6 4 196
49 18 10 5 1840
49 19 5 5 786
49 20 7 6 6166
49 21 4 7 139591
49 22 3 4 79
49 23 8 2 33
49 24 5 1 5
49 25 6 4 537
49 26 3 5 397
49 27 6 6 4435
49 28 7 1 11
49 29 7 4 440
49 30 6 4 149
49 31 6 5 3463
49 32 1 6 4260
49 33 9 7 101113
49 34 10 4 780
49 35 8 3 80
49 36 4 1 6
49 37 2 7 16370
49 38 9 4 234
49 39 10 1 7
49 40 7 3 57
49 41 4 6 2838
49 42 2 5 278
49 43 6 4 144
49 44 6 6 4371
49 45 10 1 11
49 46 5 7 33247
49 47 1 3 18
49 48 7 1 4
49 49 3 7 26423
49 50 9 4 791
49 51 9 5 2764
49 52 2 4 64
49 53 9 2 37
49 54 4 5 701
49 55 1 5 234
49 56 5 4 274
49 57 4 2 18
49 58 3 2 8
49 59 9 5 1810
49 60 4 2 18
49 61 7 5 1657
49 62 6 2 28
49 63 7 1 5
50 0 5 9 4737433
50 1 3 6 4933
50 2 2 3 32
50 3 8 5 2377
50 4 5 4 312
50 5 3 5 1908
50 6 3 4 127
50 7 9 1 10
50 8 10 4 476
50 9 9 2 29
50 10 6 4 182
50 11 5 3 67
50 12 4 3 69
50 13 10 3 199
50 14 2 5 665
50 15 1 5 128
50 16 8 4 408
50 17 8 5 2256
50 18 4 8 208736
50 19 8 5 1100
50 20 3 4 169
50 21 9 4 267
50 22 8 3 125
50 23 7 6 11510
50 24 2 7 23567
50 25 7 9 4680580
50 26 5 5 2661
50 27 7 3 103
50 28 4 4 222
50 29 7 2 20
50 30 9 4 354
50 31 6 6 7035
50 32 1 5 120
50 33 2 4 166
50 34 3 2 8
50 35 9 4 637
50 36 7 2 33
50 37 1 5 158
50 38 8 3 48
50 39 5 5 1509
50 40 4 3 25
50 41 2 3 26
50 42 3 4 154
50 43 8 2 19
50 44 1 7 9356
50 45 5 2 19
50 46 1 4 106
50 47 2 3 25
50 48 10 4 418
50 49 4 3 74
50 50 4 5 1029
50 51 6 4 195
50 52 1 3 13
50 53 8 3 105
50 54 4 4 200
50 55 3 5 535
50 56 9 1 9
50 57 9 3 123
50 58 8 3 135
50 59 5 7 26877
50 60 6 2 12
50 61 6 3 60
50 62 1 3 9
50 63 3 3 17
51 0 10 1 12
51 1 7 2 30
51 2 10 2 41
51 3 9 2 17
51 4 7 5 923
51 5 7 4 181
51 6 3 5 622
51 7 3 5 548
51 8 2 7 79234
51 9 5 5 624
51 10 10 5 5070
51 11 8 6 23817
51 12 9 5 1577
51 13 9 3 94
51 14 7 2 30
51 15 4 2 9
51 16 6 4 290
51 17 6 3 45
51 18 6 6 18514
51 19 9 4 610
51 20 1 7 7302
51 21 5 4 312
51 22 4 3 71
51 23 9 2 29
51 24 1 3 17
51 25 7 2 19
51 26 6 6 17507
51 27 1 5 238
51 28 6 4 204
51 29 3 3 51
51 30 3 3 27
51 31 6 2 29
51 32 8 2 31
51 33 7 4 249
51 34 2 6 2553
51 35 10 5 5298
51 36 10 4 991
51 37 8 2 32
51 38 8 4 229
51 39 2 5 458
51 40 4 6 9646
51 41 1 4 25
51 42 2 3 24
51 43 3 7 75328
51 44 5 6 7562
51 45 5 2 19
51 46 1 4 68
51 47 1 6 4690
51 48 1 3 22
51 49 5 4 327
51 50 5 4 178
51 51 5 2 21
51 52 8 5 3386
51 53 8 4 720
51 54 6 3 100
51 55 10 4 1086
51 56 10 3 140
51 57 6 3 107
51 58 10 4 392
51 59 8 2 19
51 60 10 4 297
51 61 5 6 4857
51 62 2 3 17
51 63 4 6 3085
52 0 6 4 209
52 1 1 6 1277
52 2 4 4 92
52 3 4 6 5160
52 4 8 6 8240
52 5 2 3 31
52 6 8 4 449
52 7 8 5 1060
52 8 4 4 267
52 9 6 3 47
52 10 10 5 2827
52 11 8 4 214
52 12 2 4 100
52 13 8 4 389
52 14 7 3 98
52 15 4 5 2531
52 16 1 4 23
52 17 10 1 13
52 18 3 4 149
52 19 2 4 156
52 20 4 4 101
52 21 2 3 14
52 22 2 5 391
52 23 10 4 893
52 24 3 5 787
52 25 8 5 4527
52 26 8 3 91
52 27 5 3 32
52 28 7 6 5363
52 29 3 6 2485
52 30 3 3 64
52 31 7 2 32
52 32 2 3 34
52 33 8 5 4518
52 34 1 9 497619
52 35 1 4 57
52 36 10 5 2199
52 37 7 5 2468
52 38 6 6 11877
52 39 5 4 349
52 40 2 4 109
52 41 9 3 65
52 42 5 5 765
52 43 7 6 8180
52 44 10 6 22279
52 45 8 4 247
52 46 9 6 35746
52 47 4 6 9694
52 48 3 4 109
52 49 1 4 81
52 50 6 3 34
52 51 4 4 142
52 52 6 4 148
52 53 7 5 2470
52 54 6 2 18
52 55 5 6 4300
52 56 6 2 27
52 57 1 4 80
52 58 9 5 1266
52 59 5 4 345
52 60 6 3 49
52 61 2 5 323
52 62 5 6 12880
52 63 7 10 34961871
53 0 3 5 989
53 1 1 4 82
53 2 5 3 30
53 3 7 3 96
53 4 1 3 12
53 5 10 4 760
53 6 4 3 63
53 7 1 5 476
53 8 7 3 47
53 9 3 4 205
53 10 3 3 56
53 11 6 3 91
53 12 9 2 35
53 13 7 4 396
53 14 1 7 9951
53 15 8 3 89
53 16 6 4 631
53 17 2 5 961
53 18 9 5 1763
53 19 10 6 9851
53 20 9 7 102049
53 21 1 5 147
53 22 6 5 844
53 23 6 4 314
53 24 1 6 2084
53 25 9 6 18979
53 26 10 4 1117
53 27 7 3 45
53 28 5 3 51
53 29 1 6 2037
53 30 4 6 6221
53 31 3 5 1181
53 32 2 7 34074
53 33 9 2 18
53 34 6 2 16
53 35 10 2 23
53 36 9 3 139
53 37 7 5 822
53 38 2 4 168
53 39 7 4 168
53 40 2 5 544
53 41 8 8 555150
53 42 3 5 346
53 43 8 8 2348166
53 44 8 3 158
53 45 6 3 117
53 46 6 4 279
53 47 7 7 72235
53 48 3 2 13
53 49 4 4 217
53 50 9 3 135
53 51 7 5 1939
53 52 1 3 21
53 53 7 3 42
53 54 8 3 43
53 55 2 6 3850
53 56 5 5 1145
53 57 6 3 68
53 58 2 7 12896
53 59 2 3 15
53 60 6 5 3685
53 61 10 1 14
53 62 9 6 37627
53 63 3 3 40
54 0 2 2 10
54 1 2 3 17
54 2 7 2 21
54 3 7 5 1778
54 4 4 1 4
54 5 6 4 294
54 6 5 4 279
54 7 2 5 388
54 8 3 5 1405
54 9 1 9 1170055
54 10 4 5 541
54 11 1 3 15
54 12 2 7 78082
54 13 6 3 57
54 14 10 1 12
54 15 3 3 21
54 16 6 3 103
54 17 4 1 5
54 18 3 4 108
54 19 7 6 31540
54 20 8 4 560
54 21 2 5 247
54 22 7 6 10414
54 23 3 8 143195
54 24 5 4 218
54 25 7 1 12
54 26 3 4 128
54 27 1 6 2912
54 28 2 3 29
54 29 6 3 48
54 30 1 6 4620
54 31 6 2 23
54 32 10 7 227388
54 33 10 6 10192
54 34 7 8 950109
54 35 4 2 9
54 36 10 5 1315
54 37 6 3 115
54 38 3 2 7
54 39 7 3 67
54 40 7 5 1010
54 41 2 7 17369
54 42 7 3 67
54 43 5 1 4
54 44 1 4 30
54 45 6 2 21
54 46 3 5 503
54 47 6 5 2178
54 48 3 5 394
54 49 4 3 44
54 50 8 5 5424
54 51 2 4 146
54 52 9 6 7696
54 53 9 2 33
54 54 1 4 102
54 55 2 4 62
54 56 10 5 2322
54 57 7 1 7
54 58 8 2 26
54 59 5 3 35
54 60 7 2 18
54 61 3 2 14
54 62 9 3 104
54 63 3 6 9329
55 0 1 4 93
55 1 3 2 13
55 2 4 4 201
55 3 2 6 2546
55 4 3 3 23
55 5 8 2 36
55 6 1 7 18932
55 7 4 3 73
55 8 1 6 1585
55 9 8 3 60
55 10 1 6 1198
55 11 7 4 297
55 12 8 1 8
55 13 8 3 85
55 14 8 7 198413
55 15 5 3 55
55 16 1 7 11425
55 17 3 2 12
55 18 2 4 54
55 19 5 2 18
55 20 6 2 29
55 21 2 4 109
55 22 6 2 24
55 23 4 6 7916
55 24 1 5 202
55 25 6 2 15
55 26 7 8 2302674
55 27 10 4 297
55 28 7 6 21418
55 29 7 4 294
55 30 2 3 30
55 31 8 6 11380
55 32 3 5 1667
55 33 4 5 846
55 34 7 5 1278
55 35 7 1 6
55 36 8 3 70
55 37 10 2 42
55 38 2 4 176
55 39 2 3 34
55 40 6 4 639
55 41 5 4 122
55 42 5 6 14039
55 43 5 6 16456
55 44 2 4 61
55 45 9 5 1393
55 46 1 6 4106
55 47 2 5 639
55 48 9 4 199
55 49 2 5 760
55 50 9 4 363
55 51 7 4 196
55 52 10 3 205
55 53 5 5 1744
55 54 10 4 304
55 55 6 4 288
55 56 7 7 50339
55 57 5 5 3048
55 58 5 6 13325
55 59 8 4 323
55 60 8 2 29
55 61 8 4 238
55 62 8 8 334649
55 63 10 3 54
56 0 4 4 431
56 1 5 4 323
56 2 9 1 7
56 3 7 5 2373
56 4 5 5 710
56 5 4 2 11
56 6 7 5 794
56 7 10 2 25
56 8 8 4 187
56 9 1 6 1017
56 10 2 3 32
56 11 5 6 9817
56 12 9 6 7816
56 13 7 4 217
56 14 6 2 30
56 15 6 5 1041
56 16 3 6 2281
56 17 8 2 18
56 18 6 4 221
56 19 9 4 299
56 20 2 2 6
56 21 2 8 180155
56 22 6 4 134
56 23 9 1 8
56 24 7 3 44
56 25 6 4 284
56 26 2 5 573
56 27 9 5 1231
56 28 4 7 28422
56 29 1 6 1284
56 30 7 6 7543
56 31 7 6 8467
56 32 10 4 531
56 33 6 2 26
56 34 6 5 948
56 35 7 2 17
56 36 2 3 11
56 37 10 3 128
56 38 6 5 757
56 39 10 2 31
56 40 9 4 246
56 41 10 2 49
56 42 7 3 123
56 43 1 4 54
56 44 1 7 16868
56 45 1 4 59
56 46 7 3 126
56 47 4 6 6201
56 48 7 3 133
56 49 10 7 55062
56 50 8 3 132
56 51 10 3 55
56 52 4 4 168
56 53 4 3 28
56 54 9 4 361
56 55 4 7 33671
56 56 6 3 40
56 57 9 6 12510
56 58 10 4 727
56 59 9 1 9
56 60 4 4 95
56 61 7 4 656
56 62 5 2 25
56 63 3 4 145
57 0 9 2 17
57 1 5 6 8760
57 2 10 2 21
57 3 6 2 30
57 4 3 4 175
57 5 5 1 4
57 6 5 5 1789
57 7 4 4 106
57 8 1 5 215
57 9 7 3 86
57 10 4 4 133
57 11 4 3 26
57 12 4 3 69
57 13 8 2 23
57 14 8 3 136
57 15 6 4 441
57 16 8 5 3592
57 17 3 4 169
57 18 5 4 156
57 19 2 5 553
57 20 6 4 281
57 21 6 3 78
57 22 5 4 193
57 23 4 2 9
57 24 7 7 137460
57 25 6 4 175
57 26 1 4 56
57 27 7 4 788
57 28 7 5 1581
57 29 2 3 29
57 30 10 4 288
57 31 1 3 22
57 32 1 6 778
57 33 2 4 121
57 34 3 7 63719
57 35 8 4 179
57 36 7 4 278
57 37 2 7 19950
57 38 6 4 259
57 39 9 4 432
57 40 10 5 6414
57 41 1 3 16
57 42 7 4 379
57 43 8 6 14145
57 44 8 4 804
57 45 9 5 6197
57 46 8 1 11
57 47 10 2 44
57 48 7 5 1421
57 49 2 4 78
57 50 8 3 43
57 51 3 2 6
57 52 8 6 9376
57 53 8 3 106
57 54 6 5 1164
57 55 4 2 10
57 56 5 2 15
57 57 5 3 33
57 58 6 5 730
57 59 2 4 60
57 60 8 5 2592
57 61 3 6 10323
57 62 7 3 92
57 63 4 5 503
58 0 3 3 23
58 1 1 5 310
58 2 2 2 8
58 3 1 3 21
58 4 1 5 369
58 5 8 3 56
58 6 2 6 6065
58 7 7 5 1079
58 8 3 7 34753
58 9 10 2 49
58 10 6 2 22
58 11 3 3 35
58 12 1 4 23
58 13 7 5 3128
58 14 7 3 46
58 15 3 6 3147
58 16 4 8 846420
58 17 10 7 62493
58 18 7 4 302
58 19 2 4 64
58 20 1 6 1146
58 21 9 7 191667
58 22 7 7 37526
58 23 10 4 237
58 24 5 3 65
58 25 1 7 22157
58 26 6 3 65
58 27 3 4 76
58 28 8 3 52
58 29 8 4 177
58 30 2 4 116
58 31 4 4 101
58 32 5 3 76
58 33 1 5 359
58 34 4 3 22
58 35 2 5 558
58 36 8 4 341
58 37 5 3 65
58 38 6 3 41
58 39 5 4 117
58 40 3 3 28
58 41 5 4 132
58 42 5 1 6
58 43 5 1 5
58 44 10 4 990
58 45 4 3 46
58 46 2 4 179
58 47 8 4 424
58 48 4 2 11
58 49 5 3 59
58 50 6 4 190
58 51 8 3 60
58 52 7 5 1622
58 53 10 5 2301
58 54 10 8 1227920
58 55 10 4 240
58 56 2 5 728
58 57 9 3 48
58 58 7 5 1097
58 59 1 6 944
58 60 3 9 8055789
58 61 5 3 59
58 62 1 7 5361
58 63 8 4 566
59 0 1 4 93
59 1 2 4 82
59 2 2 3 23
59 3 9 5 1117
59 4 9 4 590
59 5 5 2 25
59 6 2 4 63
59 7 6 4 563
59 8 7 5 1144
59 9 7 4 476
59 10 8 5 4678
59 11 9 2 21
59 12 7 7 39727
59 13 5 6 5890
59 14 1 3 14
59 15 8 4 668
59 16 7 5 2940
59 17 2 4 96
59 18 7 1 11
59 19 5 1 7
59 20 3 4 305
59 21 4 4 253
59 22 10 4 358
59 23 2 6 6166
59 24 9 5 1670
59 25 8 2 17
59 26 10 1 10
59 27 2 3 21
59 28 9 10 51749980
59 29 1 6 3645
59 30 6 3 114
59 31 2 2 8
59 32 10 4 328
59 33 3 3 20
59 34 9 3 155
59 35 4 5 1426
59 36 5 3 42
59 37 7 5 2916
59 38 5 4 136
59 39 1 4 27
59 40 9 3 135
59 41 2 5 494
59 42 4 2 18
59 43 9 3 154
59 44 4 4 233
59 45 2 8 257817
59 46 6 6 9297
59 47 4 6 17784
59 48 6 2 12
59 49 4 7 41922
59 50 9 2 17
59 51 10 2 32
59 52 3 3 42
59 53 2 7 39130
59 54 10 1 9
59 55 3 4 249
59 56 5 6 6451
59 57 9 3 147
59 58 4 4 138
59 59 2 4 167
59 60 7 7 175859
59 61 7 5 2854
59 62 8 2 31
59 63 2 4 225
60 0 6 8 1365646
60 1 3 7 106714
60 2 6 9 11034713
60 3 2 4 50
60 4 9 5 4484
60 5 8 5 1036
60 6 9 2 46
60 7 10 3 99
60 8 7 6 14379
60 9 4 3 83
60 10 5 4 343
60 11 7 4 361
60 12 3 6 2179
60 13 9 4 303
60 14 3 3 48
60 15 2 2 10
60 16 4 5 866
60 17 1 6 4254
60 18 6 8 1117808
60 19 5 4 124
60 20 7 4 241
60 21 2 6 1618
60 22 6 5 692
60 23 4 4 104
60 24 5 2 18
60 25 7 1 11
60 26 8 8 2324273
60 27 8 2 20
60 28 9 3 169
60 29 4 3 54
60 30 9 4 315
60 31 5 3 73
60 32 2 5 588
60 33 2 5 303
60 34 5 2 25
60 35 7 2 25
60 36 9 3 70
60 37 7 2 23
60 38 5 3 59
60 39 10 3 64
60 40 6 7 166331
60 41 3 3 41
60 42 10 3 65
60 43 9 5 5129
60 44 3 3 23
60 45 1 4 105
60 46 7 5 2138
60 47 2 6 4796
60 48 4 6 3423
60 49 10 3 70
60 50 4 5 1769
60 51 4 4 169
60 52 2 5 516
60 53 5 3 77
60 54 1 5 613
60 55 7 3 60
60 56 7 4 502
60 57 3 5 1164
60 58 1 5 277
60 59 9 4 440
60 60 9 4 756
60 61 6 4 292
60 62 10 3 182
60 63 3 5 752
61 0 1 5 501
61 1 3 4 209
61 2 2 6 9657
61 3 3 3 22
61 4 10 5 6020
61 5 6 6 5552
61 6 1 5 250
61 7 7 1 6
61 8 9 4 779
61 9 7 2 30
61 10 8 4 318
61 11 8 4 226
61 12 5 3 99
61 13 4 4 146
61 14 9 3 120
61 15 6 3 76
61 16 2 3 38
61 17 9 2 22
61 18 5 3 67
61 19 5 6 6659
61 20 10 5 1363
61 21 6 5 2260
61 22 7 7 155445
61 23 8 4 192
61 24 6 1 10
61 25 4 3 64
61 26 2 6 3057
61 27 10 9 4539331
61 28 4 1 7
61 29 4 3 74
61 30 6 3 35
61 31 5 4 121
61 32 5 5 1592
61 33 7 5 2087
61 34 3 4 134
61 35 7 4 190
61 36 8 5 1111
61 37 6 6 5643
61 38 5 3 50
61 39 6 5 712
61 40 7 8 323188
61 41 9 4 367
61 42 6 4 190
61 43 4 7 44607
61 44 7 4 377
61 45 3 4 85
61 46 2 6 2695
61 47 5 7 60789
61 48 4 4 192
61 49 1 7 20409
61 50 1 5 447
61 51 4 6 3184
61 52 2 6 2526
61 53 9 4 726
61 54 8 3 70
61 55 3 1 5
61 56 6 6 24846
61 57 4 5 1986
61 58 3 4 113
61 59 1 4 24
61 60 1 7 6297
61 61 10 7 60554
61 62 1 4 87
61 63 8 3 99
62 0 9 1 7
62 1 10 2 48
62 2 2 4 166
62 3 5 3 45
62 4 7 4 245
62 5 10 3 116
62 6 10 7 102929
62 7 4 6 4809
62 8 1 4 75
62 9 6 2 31
62 10 2 4 101
62 11 1 6 3489
62 12 9 4 401
62 13 2 4 100
62 14 6 4 513
62 15 4 6 18663
62 16 9 3 151
62 17 1 7 7552
62 18 5 4 229
62 19 3 5 566
62 20 5 7 32759
62 21 5 4 214
62 22 4 4 235
62 23 7 3 78
62 24 6 5 1512
62 25 2 7 19624
62 26 9 3 137
62 27 2 7 65444
62 28 10 2 50
62 29 1 7 14307
62 30 9 3 195
62 31 5 4 317
62 32 8 6 9411
62 33 6 4 247
62 34 9 3 60
62 35 5 5 1536
62 36 1 4 62
62 37 7 3 154
62 38 9 5 3979
62 39 5 7 26753
62 40 3 4 171
62 41 9 4 596
62 42 7 5 1484
62 43 5 4 185
62 44 5 3 28
62 45 3 6 13585
62 46 2 4 148
62 47 1 10 4917310
62 48 2 7 13868
62 49 5 3 70
62 50 1 7 14944
62 51 2 6 5921
62 52 9 5 1804
62 53 9 4 396
62 54 7 1 11
62 55 4 9 3919280
62 56 8 5 2156
62 57 8 3 95
62 58 10 4 310
62 59 5 4 272
62 60 6 7 201986
62 61 8 4 215
62 62 5 6 13093
62 63 4 4 207
63 0 10 4 416
63 1 6 1 4
63 2 2 7 53646
63 3 1 6 1093
63 4 1 2 5
63 5 10 3 56
63 6 4 2 14
63 7 8 5 1622
63 8 10 3 58
63 9 9 7 59720
63 10 9 1 14
63 11 10 4 323
63 12 3 7 32708
63 13 1 5 151
63 14 2 5 387
63 15 6 8 241582
63 16 6 4 472
63 17 1 4 28
63 18 7 2 28
63 19 5 3 75
63 20 7 3 40
63 21 3 8 571250
63 22 9 5 1936
63 23 3 4 179
63 24 7 4 204
63 25 2 5 268
63 26 5 9 2455992
63 27 7 4 303
63 28 5 4 453
63 29 8 2 19
63 30 8 3 125
63 31 4 6 5919
63 32 3 5 1402
63 33 6 4 316
63 34 5 3 84
63 35 6 4 257
63 36 9 3 70
63 37 6 6 4886
63 38 3 4 157
63 39 3 4 192
63 40 6 2 21
63 41 4 2 11
63 42 3 4 213
63 43 4 7 21897
63 44 1 5 510
63 45 6 5 813
63 46 3 4 278
63 47 4 5 592
63 48 7 3 129
63 49 2 3 36
63 50 10 4 1121
63 51 3 7 19552
63 52 2 4 225
63 53 2 3 19
63 54 3 2 11
63 55 6 5 983
63 56 1 4 88
63 57 2 2 4
63 58 2 3 42
63 59 8 3 165
63 60 1 4 104
63 61 3 4 228
63 62 9 5 1422
63 63 2 5 339
