9987 1.3109573565595056e-09 
7117 4.20344599589206e-07 
1272 9.982237259009707e-12 
4038 5.824135340670722e-10 
6860 6.534977420313837e-10 
9123 1.3339465643191772e-09 
5018 4.947908333052808e-10 
5234 9.809829405391102e-09 
9328 1.7053746852180307e-09 
4883 9.407452594700771e-11 
2580 3.2579505175253654e-08 
5495 6.114257572464865e-10 
908 2.58292020410833e-09 
9021 6.797009381546981e-09 
3868 9.535483513900544e-12 
5708 1.9300096729124583e-09 
9226 5.693844241580481e-09 
2883 3.1657957193231834e-09 
4295 1.130861432274699e-09 
1627 1.7436446730911825e-10 
1248 4.4378450914095424e-10 
7787 5.564400745727838e-10 
314 1.7015278110099619e-09 
7614 1.0323214505447709e-10 
6577 2.9411275567770012e-09 
9153 1.0268480510333688e-10 
3554 4.407049470148139e-09 
4858 2.9886317945600205e-08 
8791 2.0063402666917023e-07 
5210 8.933304347993887e-09 
7503 1.9530038142256956e-09 
1155 6.116509382314561e-10 
4751 7.446709915370775e-11 
8550 3.3541958099903013e-10 
7046 1.8200186427397291e-09 
8344 2.3286536102173905e-09 
4541 1.5944833370307165e-09 
489 8.26500534678587e-10 
1973 0.00014648403680812816 
4128 1.4320544750034969e-11 
8726 2.0920408258040882e-07 
1718 1.1558058329863563e-09 
709 3.5581226819070277e-09 
689 1.8489281113087674e-09 
1102 6.650691108944784e-11 
6208 3.822097462439708e-08 
821 1.8644357598594785e-08 
9662 5.168789101589466e-09 
536 7.743630459078332e-10 
2084 6.983191386256138e-10 
3768 1.2684398600915081e-09 
1062 4.60704016255753e-09 
3416 1.89792092805674e-09 
2424 1.8548071030466406e-09 
3517 1.7966784064681355e-06 
7301 2.3635229884355624e-10 
832 2.630033409806165e-09 
4674 3.63788443813462e-10 
4965 5.149730364362171e-10 
8928 1.376885685124181e-07 
8554 5.619721164112912e-09 
7477 6.342393277236624e-11 
5389 6.223667010571421e-09 
9424 2.2606264117597252e-09 
865 3.2734706612025377e-10 
8181 1.0912704143106744e-09 
4682 6.384104078716035e-10 
7778 7.656119488386182e-10 
9010 1.99359027283091e-05 
605 2.4927610755079432e-08 
2347 3.180815022832406e-09 
9640 4.8668441499089e-10 
6189 4.096570860312454e-10 
7869 7.98290322734374e-11 
9495 5.874478681278106e-11 
6060 1.633093105191108e-10 
6745 4.829185384913615e-10 
5891 2.1060346938606145e-09 
5539 2.19211815366549e-10 
6325 2.0858856308869633e-10 
2995 4.6276119047838904e-10 
1145 1.180164216352253e-09 
1206 4.902664546904689e-09 
6766 1.1047054690287161e-08 
1511 1.8093927224571704e-09 
1385 2.9279736100951137e-09 
5957 2.874717085470796e-08 
8952 9.023892744153272e-12 
1519 4.0880905483736685e-09 
166 9.575207293721633e-11 
9480 5.649935519436156e-10 
480 3.6278979820281165e-11 
56 1.8601355592992586e-08 
96 5.729731616249678e-09 
3325 7.413920596367751e-09 
2525 3.7057873436552313e-10 
1883 4.200062629286516e-09 
6176 8.781407198621416e-10 
3695 6.243872086031388e-10 
9781 3.4313269205166197e-09 
5595 7.85590474616793e-10 
6048 1.3159388231875901e-09 
1011 3.774827474561319e-07 
8135 1.9563184405768652e-10 
5318 2.1211440451307517e-09 
6930 1.532143301119504e-10 
5144 7.442523194955974e-10 
1214 1.451476161484777e-10 
7940 2.460618561423572e-08 
1499 5.072120501381505e-11 
6679 9.810493026849235e-08 
4039 5.1338335058798146e-09 
80 5.416933568369586e-11 
2545 1.8505128158985418e-09 
9818 1.1271887543143344e-08 
2805 7.73111220875311e-10 
9332 1.3330873761428427e-07 
20 5.182618242546844e-09 
1912 2.1303790257928834e-08 
6662 2.947480638086728e-07 
9828 4.983391477253463e-10 
1673 1.7352441566975685e-09 
3880 2.8256064155129934e-11 
6119 2.3921417624528374e-10 
70 3.699175016649847e-09 
2832 3.1599805213732707e-07 
7796 7.905481103943901e-09 
2693 1.78644028016664e-08 
7948 1.384109400617145e-08 
7230 2.656533253792004e-09 
8698 6.155597689558312e-09 
6138 1.0376198303352346e-09 
7368 3.681853155690362e-10 
7414 1.1823039769431887e-09 
6147 3.471338650556932e-09 
220 8.178393814603502e-09 
8762 6.123622533701911e-07 
7692 2.3680489610010402e-08 
1176 6.320123729919302e-10 
9242 2.347887152059913e-09 
1192 4.726174451796794e-10 
8231 9.102176373732007e-10 
7703 2.074068510687921e-09 
7407 5.303375702134239e-09 
8697 2.7002788165197966e-09 
2401 5.277167206690914e-09 
3094 4.463115998304401e-09 
7379 4.587595274149758e-09 
7758 4.840806923714358e-09 
763 1.8319245287390373e-09 
7498 1.4259482691847403e-09 
6157 7.30421944455939e-09 
1976 3.624745172764454e-08 
8845 9.88827433007905e-08 
1239 6.876277464096248e-10 
2329 1.1643083164258883e-09 
4178 5.894382628841583e-07 
139 1.1809636393800282e-09 
9129 0.00017390544836673574 
264 9.975488698965584e-10 
