1 2 4 3 62
1 47 8 1 13
2 31 8 1 4
2 35 2 4 202
2 406 6 6 26526
3 4 3 7 34908
3 5 1 2 4
3 26 3 1 4
5 57 6 3 55
15 16 4 2 8
15 36 6 8 391533
16 25 5 2 26
17 18 4 1 6
17 36 8 6 9915
18 33 8 3 56
19 20 5 6 4172
19 21 6 1 7
20 142 2 4 54
20 148 3 1 4
21 22 2 2 8
22 23 4 3 57
23 24 3 3 47
24 25 1 3 10
24 28 4 2 10
26 27 8 2 17
27 29 9 3 50
27 30 2 2 4
28 29 1 4 70
31 33 6 3 49
32 33 10 1 4
32 34 10 1 14
32 69 9 4 881
34 35 5 5 2048
34 73 10 1 5
36 37 8 1 4
36 75 8 3 58
37 52 3 4 112
37 43 10 3 94
46 47 9 1 4
47 448 3 1 4
52 67 6 1 8
53 54 8 1 6
53 59 3 4 158
53 418 1 2 4
54 163 8 3 58
55 56 8 2 21
55 59 10 1 16
56 57 6 2 20
56 66 10 1 10
58 59 1 2 4
58 60 8 1 4
58 199 3 3 18
58 458 10 1 6
60 63 3 2 6
63 225 7 2 13
64 65 5 1 7
64 66 9 1 4
65 67 9 1 4
69 70 2 7 22196
70 71 6 1 4
71 101 1 6 1235
72 73 5 4 506
72 101 1 3 22
73 76 4 7 35875
73 77 4 6 10889
96 97 9 5 1147
96 111 8 1 4
97 101 4 4 392
98 99 3 2 13
98 100 5 1 7
99 138 9 3 123
100 116 9 5 1872
105 106 5 2 15
105 111 2 5 1279
106 107 8 1 4
107 108 2 2 7
111 114 2 2 4
113 114 4 1 6
113 116 3 5 1060
115 116 8 7 291618
115 409 4 1 7
118 119 1 6 1654
119 138 9 1 4
120 121 7 2 18
120 122 2 3 23
120 304 8 4 664
121 296 1 2 4
122 123 8 4 356
122 124 6 4 184
124 125 10 6 22755
134 135 5 1 4
134 332 5 2 18
135 136 9 1 4
135 137 4 1 4
137 139 2 3 22
139 140 8 1 10
139 141 10 1 6
139 399 10 1 4
141 400 9 1 10
154 155 6 2 14
154 156 10 1 5
154 172 10 2 24
155 168 4 4 135
156 157 3 1 4
156 171 8 2 34
157 158 4 5 498
158 159 4 1 4
158 177 6 2 22
159 160 3 1 4
159 161 9 3 64
159 196 4 1 4
161 162 7 3 149
161 197 7 1 4
163 164 4 1 4
164 165 1 2 4
165 166 7 4 197
165 104 4 3 23
166 167 8 1 13
167 168 4 4 334
169 170 1 3 10
169 171 5 2 14
169 174 10 1 15
170 172 2 3 37
170 173 8 2 19
170 419 4 5 1081
171 178 7 1 4
173 174 2 4 222
174 179 1 2 4
175 176 6 1 4
176 214 4 1 4
177 178 2 2 4
177 191 9 3 62
178 421 9 6 17625
179 192 1 6 1707
180 181 2 3 26
180 208 8 1 4
181 192 9 1 9
182 183 10 1 6
182 184 10 5 4024
184 185 7 3 152
184 208 2 7 73004
185 186 8 1 8
185 207 5 7 142254
186 187 1 5 311
186 230 1 2 4
187 188 8 5 1998
187 193 8 1 12
188 189 2 5 399
188 191 10 6 18205
189 190 3 6 3224
189 191 8 3 92
193 194 7 1 9
193 217 3 6 2515
194 195 8 1 4
194 217 7 4 353
195 196 2 3 11
195 216 5 3 40
196 197 5 3 29
196 476 2 2 4
197 216 1 4 36
198 199 6 2 21
198 221 8 5 1523
199 200 5 2 15
200 10 2 2 8
201 202 9 2 33
201 203 1 3 16
201 351 8 8 354364
202 213 8 3 73
203 204 4 1 4
203 205 4 7 22417
205 206 2 2 6
205 231 4 5 472
205 360 6 4 244
206 207 7 3 131
206 232 2 2 6
207 233 8 3 76
208 209 10 5 5852
210 211 7 1 5
210 212 4 1 6
211 215 4 5 1915
212 213 2 7 41479
212 342 2 3 36
213 340 6 2 24
214 215 4 1 4
216 219 3 1 5
217 218 8 1 4
218 222 9 2 26
219 220 8 4 203
220 221 7 1 4
220 222 4 4 180
222 226 7 1 4
223 224 3 8 310479
223 225 7 2 26
223 7 9 1 12
224 229 9 1 11
227 228 10 5 2982
227 229 7 1 4
227 272 8 3 74
228 230 8 1 4
229 401 6 2 11
231 281 6 7 61773
232 265 8 4 277
233 264 7 1 4
233 150 2 2 4
234 235 7 1 8
234 278 8 1 9
236 237 8 4 457
236 280 3 3 16
237 238 5 1 5
237 239 8 3 154
239 240 10 1 4
240 241 5 1 6
241 243 5 1 4
241 442 3 2 13
242 243 2 4 96
242 244 9 1 6
242 314 5 4 163
242 80 1 4 98
243 293 9 1 5
244 247 5 3 41
245 246 9 2 34
245 247 10 1 4
247 248 10 3 111
248 249 7 1 8
249 250 2 2 4
249 312 5 4 514
250 251 4 1 4
250 321 9 1 4
251 252 9 1 4
252 253 4 4 97
252 327 3 4 313
252 301 5 7 99933
253 254 5 4 121
253 277 1 2 4
253 266 1 2 4
254 255 4 2 14
254 256 3 1 5
256 257 7 1 4
257 258 7 1 4
257 259 9 6 12038
260 261 6 1 4
260 262 5 2 10
260 263 10 1 4
263 264 8 1 9
263 479 9 2 22
266 267 5 1 4
267 268 5 4 155
267 299 8 1 9
268 269 10 3 89
269 270 6 7 60902
269 294 1 4 86
270 271 7 5 1622
271 295 3 1 4
271 133 10 1 7
272 273 8 6 38855
272 274 8 1 7
274 275 6 1 6
275 276 5 1 5
275 277 8 1 5
275 291 5 1 4
278 279 6 1 4
278 282 9 1 15
279 280 2 2 4
280 287 5 1 5
281 289 10 1 6
282 288 6 4 611
283 284 10 1 4
283 285 3 4 174
283 305 5 4 229
284 290 9 1 6
284 365 4 4 165
285 286 1 5 260
285 306 2 8 110611
286 287 4 2 15
286 306 1 6 4484
286 452 7 3 46
287 293 4 5 717
288 289 6 3 37
289 290 10 1 6
291 292 7 4 253
297 298 1 4 52
297 454 10 3 113
298 299 1 4 74
300 301 10 1 9
300 302 2 3 17
302 303 5 1 4
302 304 2 3 31
302 330 9 1 4
305 306 5 3 53
305 308 4 3 32
306 308 8 4 890
307 308 4 1 4
307 309 7 1 9
309 310 6 3 48
309 338 8 1 4
309 379 8 2 17
310 311 1 3 8
310 85 1 2 5
311 312 1 4 25
313 314 2 2 4
315 316 10 1 4
315 317 6 1 4
315 499 1 7 15822
316 334 5 9 4735145
316 398 7 7 93342
317 318 6 1 6
317 503 2 3 34
318 319 3 1 5
318 502 8 1 10
318 510 3 8 823250
319 320 8 1 7
320 333 4 2 15
321 322 2 4 99
322 323 10 3 127
322 325 9 2 35
322 333 5 3 45
323 324 4 8 200866
325 326 9 1 10
326 328 9 1 4
327 328 10 1 15
328 329 6 4 140
328 495 10 5 1844
329 330 10 1 4
329 331 9 2 31
331 332 6 1 5
331 489 8 1 14
332 481 7 6 5020
333 493 9 8 602655
334 335 6 2 26
336 337 3 3 18
336 500 3 6 10055
337 338 6 4 283
337 382 4 6 9081
338 339 3 2 12
338 377 3 4 276
340 341 6 5 1285
340 349 8 1 4
340 354 7 1 10
341 343 7 2 17
342 343 4 3 45
344 345 5 5 1176
344 346 10 1 6
344 385 5 4 548
346 347 4 1 4
347 348 6 2 31
347 387 10 5 4706
348 349 5 1 6
348 386 9 5 2629
350 351 7 1 4
350 359 1 2 4
350 13 6 1 4
351 352 10 1 4
352 353 9 3 59
352 356 1 2 4
353 354 4 1 7
354 355 2 2 6
355 356 1 6 3946
356 357 7 1 5
358 359 7 8 1810865
358 361 2 2 4
358 362 6 2 29
358 360 5 1 6
358 92 6 5 2726
360 413 5 4 208
361 388 2 2 10
362 367 1 5 211
363 364 5 6 9271
363 365 7 1 4
363 370 4 2 18
364 395 8 2 34
365 366 3 5 723
365 371 4 10 57815869
366 144 8 5 2306
367 368 3 3 26
367 369 6 1 4
370 380 4 1 5
371 372 1 2 4
371 373 4 1 4
371 374 9 3 101
375 376 4 3 22
375 383 10 1 4
376 384 4 1 4
377 378 7 1 10
377 381 6 3 40
378 384 3 1 4
381 383 5 3 27
382 496 5 1 4
383 384 1 2 4
388 389 4 5 1082
388 392 3 6 2937
389 390 7 2 32
390 391 1 2 4
392 393 1 4 63
392 394 2 2 4
395 396 1 3 8
399 411 6 1 4
400 405 9 1 4
404 405 8 5 3177
404 412 8 1 13
405 89 7 6 4977
408 409 7 5 1835
411 412 2 2 4
411 415 3 1 4
411 482 1 2 4
412 415 7 2 17
415 427 7 1 6
415 487 1 2 4
427 428 2 2 4
427 431 9 3 74
427 487 8 4 371
427 424 6 7 172233
428 429 8 1 4
428 432 5 9 4748406
481 482 2 7 19252
482 488 8 4 576
483 484 7 1 5
483 485 6 5 1387
484 492 1 3 8
485 486 1 4 39
486 487 6 3 70
489 490 8 1 9
490 491 5 2 10
490 492 5 5 663
493 508 4 2 12
494 495 2 2 4
494 507 5 1 7
496 497 3 1 5
496 62 4 6 8330
497 498 6 5 1585
497 499 7 1 4
499 501 1 3 11
501 447 5 7 117624
502 511 3 7 23600
503 450 3 1 4
504 505 5 2 24
504 506 4 1 5
505 508 6 2 26
505 509 3 3 57
506 507 2 2 7
509 510 2 4 62
509 511 6 5 3828
7 8 4 2 11
7 6 9 1 6
10 9 3 1 4
10 11 2 2 5
13 12 4 1 4
12 14 6 1 4
144 38 9 1 4
144 145 10 3 95
38 39 7 1 8
89 68 7 1 4
89 88 7 1 5
68 40 6 2 30
68 102 4 1 4
40 41 5 5 932
40 81 4 3 31
102 50 6 4 141
50 51 7 1 4
41 95 5 3 37
81 146 10 3 89
95 456 6 1 4
95 143 2 5 711
95 146 7 5 1671
146 410 6 1 6
43 42 8 1 4
133 130 9 3 67
128 117 3 3 33
128 132 6 2 15
117 129 2 2 4
117 110 10 6 21383
132 130 4 5 842
129 127 3 3 22
127 44 9 1 5
130 131 9 1 4
44 45 9 4 344
110 109 9 3 89
110 126 4 1 4
109 112 9 1 4
62 49 3 3 34
62 61 10 3 79
48 49 10 1 17
75 74 3 1 4
77 78 5 4 250
80 79 3 4 95
92 90 3 6 3273
82 83 6 1 4
83 91 1 8 51325
91 90 6 7 66312
90 93 10 3 218
93 94 9 2 24
85 84 8 3 81
84 86 10 1 4
84 87 8 3 111
86 87 5 1 4
104 103 9 1 10
148 147 3 5 1478
147 149 7 6 5449
150 153 4 1 4
150 151 5 1 5
152 153 6 1 10
398 397 10 2 21
401 402 9 1 4
401 403 4 1 7
406 407 4 5 646
416 407 1 3 20
413 434 6 1 4
413 414 4 3 35
433 434 10 1 4
418 417 10 9 4731784
419 420 3 8 200741
419 430 6 3 106
421 422 8 3 132
421 423 10 1 16
424 425 2 2 4
424 426 5 1 5
424 438 8 1 8
438 437 7 3 128
437 439 6 6 13563
454 453 10 4 1044
454 435 9 2 45
453 455 4 1 7
455 460 5 4 188
435 436 3 3 17
460 463 10 5 2429
463 462 5 1 6
461 462 10 1 5
461 464 9 1 4
464 466 10 1 14
466 467 3 7 47267
452 451 2 5 611
452 440 5 3 108
451 459 4 4 252
459 473 7 5 2911
440 441 8 1 10
473 472 4 3 49
442 443 4 1 4
448 444 10 2 53
444 445 3 1 4
465 445 9 7 48788
465 468 3 4 102
468 469 4 1 5
469 470 10 4 560
470 471 4 1 5
447 446 3 4 310
450 449 10 1 4
458 457 6 2 15
476 474 2 5 313
476 477 1 4 85
474 475 5 3 95
477 478 9 3 176
479 480 1 5 226
284 177 7 1 6
391 291 9 1 4
397 161 4 2 8
376 187 6 1 9
322 42 2 4 69
399 318 9 9 13981247
463 89 1 3 11
343 194 10 2 47
437 265 9 1 8
239 53 7 3 91
411 475 3 3 34
21 372 6 1 4
508 449 4 1 4
24 51 3 3 20
54 280 2 5 431
261 73 8 2 33
2 307 3 1 4
476 36 1 2 5
374 231 8 8 394694
483 72 7 1 4
188 248 2 5 285
326 346 9 5 2016
458 449 1 2 5
435 58 10 1 5
225 130 6 1 8
484 174 2 2 4
322 33 9 1 9
369 191 4 6 12488
330 20 2 4 53
324 21 5 1 4
18 385 2 3 18
252 297 10 3 62
7 178 9 1 7
30 43 6 9 12491985
397 191 7 2 20
450 80 1 4 62
458 335 5 2 18
171 48 6 4 680
485 267 3 1 4
104 136 6 2 15
47 507 4 6 4717
302 429 6 1 4
424 132 3 1 4
55 69 3 2 7
81 28 9 1 4
346 114 10 1 4
84 284 7 6 15811
57 44 5 1 6
112 358 3 1 4
103 252 8 3 120
202 401 7 1 8
106 343 8 2 26
297 285 7 5 3093
47 27 10 1 4
391 38 8 2 17
292 297 6 2 12
292 334 2 2 4
149 56 3 3 20
56 464 1 4 67
252 487 1 2 4
491 427 9 1 4
112 439 10 3 87
62 365 5 1 4
315 75 3 1 4
445 373 8 1 11
373 228 1 3 11
459 103 3 1 4
5 34 4 3 85
357 412 6 2 24
195 208 2 4 57
362 282 9 1 4
282 132 5 5 737
292 358 9 1 4
130 16 1 2 4
354 48 4 2 14
329 398 9 1 12
107 143 2 2 6
302 8 7 1 4
437 468 6 6 12202
391 24 10 5 2924
70 453 8 7 157950
428 250 6 3 40
427 93 1 7 7210
235 500 7 2 20
476 259 10 1 13
140 144 6 1 5
373 167 3 2 8
413 463 5 7 126169
100 419 1 6 1373
67 49 9 1 9
148 127 5 3 55
227 117 9 1 4
147 283 10 2 21
464 193 3 2 6
281 305 9 1 14
168 300 8 4 574
456 265 4 6 10637
74 34 1 4 28
228 497 3 1 4
84 178 9 2 16
47 339 7 3 141
137 364 1 3 21
419 487 3 1 4
497 260 2 2 4
432 171 9 1 4
104 329 3 5 437
16 90 10 2 18
14 244 4 5 1938
56 483 3 1 4
175 2 4 2 16
151 442 4 2 21
372 443 4 2 12
460 285 9 1 5
372 171 2 2 5
267 357 4 6 8363
336 274 9 5 6087
235 63 5 1 4
279 71 3 4 132
251 475 9 2 36
440 88 7 1 5
169 453 5 4 120
172 264 7 6 18854
51 471 5 7 132371
503 172 10 3 207
175 199 1 2 4
230 291 4 4 160
16 205 8 2 18
339 82 9 3 183
449 137 2 2 5
119 372 10 5 1154
499 126 1 5 485
485 290 1 9 1621621
181 127 6 1 4
505 298 4 5 720
290 489 3 1 4
34 249 5 1 4
179 277 7 1 5
440 73 8 1 5
343 395 4 1 7
87 478 3 3 43
316 6 1 2 4
307 144 1 7 15809
308 435 3 1 4
233 510 4 1 4
126 354 4 6 13411
272 162 9 1 4
135 122 10 4 247
365 389 4 7 46927
235 479 6 5 3430
125 110 9 3 57
289 302 8 2 21
13 387 2 4 195
345 228 6 4 253
10 105 10 2 30
311 286 6 2 24
126 229 6 3 86
286 221 9 5 4593
171 11 3 2 10
172 342 3 1 5
245 407 1 2 4
63 188 5 3 59
253 232 8 3 68
435 104 8 6 24925
87 138 10 1 4
30 432 6 2 14
476 53 9 3 170
107 103 3 4 71
409 12 3 2 6
344 183 10 1 4
440 85 7 3 64
210 133 4 4 122
45 192 2 7 51913
352 234 8 4 362
354 440 8 1 9
28 170 10 2 20
281 2 1 4 24
361 251 10 1 5
35 364 10 1 8
433 81 6 1 5
281 159 10 3 134
495 148 9 2 40
316 239 4 5 1227
143 130 4 1 4
26 136 7 1 4
424 419 4 6 12142
395 202 10 1 8
136 352 2 2 9
380 360 4 3 24
146 72 10 1 9
424 450 9 1 12
147 425 7 1 4
451 285 2 6 2644
195 101 10 3 79
457 177 1 4 41
81 208 6 1 4
182 200 10 1 6
436 509 3 3 18
29 18 2 2 4
149 453 5 1 5
330 473 5 1 5
73 53 2 6 5640
340 196 8 5 1225
256 444 6 2 11
270 428 8 1 4
407 87 1 6 1132
346 295 6 1 8
78 410 5 4 529
87 205 2 2 4
331 59 1 4 48
45 83 7 1 4
411 217 4 1 4
262 497 1 2 4
267 226 9 5 1890
456 426 10 1 15
321 505 5 2 9
479 424 7 3 137
488 420 5 1 5
236 272 3 4 70
507 217 5 1 8
366 165 5 3 77
227 338 4 2 11
228 346 3 1 5
488 324 9 5 1721
116 214 5 1 6
499 343 1 2 4
155 118 2 4 94
480 256 10 1 4
176 478 3 1 4
375 389 3 3 25
139 438 5 6 7102
366 395 6 1 6
42 36 7 1 8
470 372 9 2 21
127 490 6 1 4
407 209 7 2 26
455 68 1 4 50
222 99 6 3 49
351 55 5 1 4
418 87 5 4 126
254 89 5 5 2068
256 83 8 2 24
225 147 7 2 35
73 89 6 1 4
376 270 5 2 16
415 507 2 3 13
414 382 7 6 6281
319 321 9 4 409
257 29 1 2 4
312 374 3 3 17
43 150 8 1 5
82 423 10 2 24
226 280 3 7 17938
125 299 7 1 4
202 220 6 2 16
290 116 9 1 9
130 118 2 3 18
358 76 1 5 191
243 500 8 2 26
163 155 2 4 169
445 227 6 2 12
240 177 4 3 84
299 246 5 4 163
347 136 9 1 4
211 323 2 2 4
318 227 1 3 20
174 222 9 3 121
35 492 4 2 16
441 58 5 2 13
196 346 7 1 10
511 236 7 1 4
485 390 8 2 18
104 59 10 1 7
479 450 5 4 302
138 5 2 3 16
37 172 5 5 1354
138 363 1 7 12407
242 4 9 1 4
482 154 5 5 577
149 188 6 7 41281
99 460 7 2 15
425 450 8 1 4
357 26 1 3 10
161 115 7 3 153
381 37 2 3 17
132 19 1 3 16
187 142 4 2 11
491 238 9 1 9
159 315 8 1 4
210 320 1 6 1187
412 304 10 1 4
455 221 8 1 6
206 67 5 1 4
49 231 1 5 137
148 56 5 2 16
418 274 2 2 4
101 374 4 5 689
262 368 5 1 4
508 424 5 6 4927
337 46 4 3 88
509 305 8 1 4
204 60 10 1 6
96 195 4 8 1137935
339 139 2 6 1618
437 348 9 2 21
121 269 8 1 5
246 328 2 4 52
484 17 9 1 5
69 250 10 6 26103
402 7 10 1 5
129 389 6 7 136625
119 123 8 3 130
197 210 10 2 29
363 165 2 2 8
87 5 4 2 13
221 486 3 4 76
247 221 5 1 4
413 265 2 4 83
111 499 6 3 70
448 258 10 3 170
49 166 10 2 41
110 115 10 1 4
26 425 9 1 5
72 204 3 3 33
315 355 1 7 5424
189 99 8 2 35
509 155 2 2 4
483 167 2 6 2129
82 471 10 5 4787
145 45 9 3 67
297 442 9 1 12
55 250 5 1 3
288 110 9 7 252874
445 503 10 1 4
503 235 4 2 21
332 103 9 2 36
489 487 7 1 6
127 123 5 1 5
358 357 7 3 77
330 332 7 3 119
501 372 5 3 29
253 133 9 5 1038
78 174 10 1 12
337 445 5 7 144796
85 334 4 4 92
498 277 5 5 769
210 80 2 5 333
42 223 8 6 17997
168 27 10 6 18474
160 87 9 4 433
55 270 6 1 8
36 223 9 1 5
314 10 9 1 6
410 213 1 2 4
484 485 4 1 4
309 28 4 3 33
10 219 4 1 5
69 297 2 4 162
18 402 7 6 6574
457 206 3 2 7
319 504 10 6 19330
401 246 10 1 8
422 501 1 3 22
26 11 6 8 369469
245 501 4 6 3050
211 451 8 1 4
7 275 9 1 4
293 502 3 1 4
340 55 9 1 9
385 449 6 1 4
474 142 7 1 4
186 407 9 3 85
116 149 3 2 9
83 372 6 1 4
228 281 7 1 4
265 65 4 4 115
230 241 5 1 4
435 123 8 1 4
288 386 3 2 14
497 427 7 1 5
452 23 10 8 1958874
256 360 9 6 6790
227 132 4 3 31
352 378 9 1 9
294 84 9 1 4
434 225 10 1 4
26 289 10 3 125
415 461 1 2 4
231 103 7 2 14
58 371 8 3 93
109 176 10 1 4
445 329 1 2 4
255 165 5 5 2366
219 451 1 5 140
162 205 8 5 5075
491 62 9 1 4
7 308 8 1 4
18 332 6 1 4
76 390 10 1 4
197 166 6 5 3768
235 507 9 2 44
116 328 5 1 4
197 207 6 1 4
109 115 8 6 19029
412 293 4 2 20
350 270 7 4 781
112 330 6 1 4
94 410 4 1 5
244 108 6 2 15
430 322 2 3 16
38 287 7 4 156
413 145 5 4 237
132 195 4 2 11
366 374 7 2 36
276 123 9 3 84
72 257 9 3 73
83 370 7 2 17
94 1 3 3 27
125 184 3 2 14
322 156 8 1 8
427 192 3 1 4
107 214 2 2 4
399 122 10 2 33
121 386 5 1 4
219 414 3 5 1948
430 401 9 1 4
363 468 1 3 7
209 498 7 1 6
481 116 6 3 68
123 216 1 3 15
377 330 3 1 4
450 12 2 4 90
432 20 9 1 4
470 270 9 5 5346
337 139 2 3 12
301 389 1 3 16
135 200 1 2 5
159 50 7 5 1177
359 397 6 4 296
33 149 1 5 582
136 288 9 1 4
413 16 3 7 31300
463 182 2 3 24
198 105 3 4 254
49 140 9 1 4
33 261 5 1 4
305 456 4 6 19409
349 1 8 1 4
504 327 10 1 4
286 335 3 1 4
283 48 6 5 842
60 394 4 1 4
227 316 10 1 12
436 460 4 3 28
88 61 5 1 7
100 508 10 2 24
477 260 3 1 4
153 235 6 3 43
315 224 6 1 4
418 362 5 3 106
349 509 8 1 10
35 59 9 4 487
77 252 10 1 4
461 97 9 9 4289994
411 182 1 4 57
509 70 5 1 4
184 381 3 1 4
316 475 4 2 10
199 51 5 4 275
239 85 3 7 17053
495 137 1 8 88473
178 75 2 2 8
49 269 7 1 4
473 106 1 7 6469
276 111 9 2 27
441 332 1 4 47
205 450 3 3 17
65 173 4 1 4
154 383 10 1 4
63 404 1 3 14
171 161 3 7 27949
118 224 5 4 175
435 190 3 4 82
108 470 5 5 2120
463 209 10 8 404330
147 93 8 1 14
120 408 5 2 18
370 455 7 3 54
238 401 5 2 11
376 455 3 2 9
468 266 3 8 202739
282 469 9 2 20
200 118 9 1 4
239 435 3 1 5
29 477 3 1 4
183 3 5 2 10
232 241 8 1 4
160 491 3 1 4
384 176 9 1 4
303 407 1 3 11
244 2 4 3 40
90 477 4 3 36
269 160 8 3 97
9 255 10 2 32
500 323 6 1 4
226 17 3 2 6
162 100 10 1 4
442 354 10 2 24
254 56 9 1 6
177 70 4 4 204
283 413 10 2 39
467 303 9 5 3836
506 52 6 6 11105
402 315 4 1 4
44 66 2 2 4
205 376 10 4 262
78 375 9 5 1106
45 468 2 2 5
300 11 10 1 4
288 143 3 2 7
238 91 2 9 2187311
423 101 10 3 119
159 455 2 3 17
46 77 6 1 5
438 456 7 1 4
168 438 3 3 61
228 205 3 2 11
60 109 9 1 6
97 31 8 1 5
56 135 9 5 2227
215 138 1 2 5
305 446 6 1 10
195 390 6 2 27
181 508 3 4 97
511 454 3 1 4
388 279 8 1 5
13 343 2 3 19
132 121 2 6 6542
420 165 3 1 4
279 398 8 2 16
334 466 3 1 4
76 96 4 2 13
397 429 7 2 13
271 172 2 3 17
297 357 4 1 4
398 305 5 2 26
266 449 6 2 11
380 322 3 1 4
511 252 9 1 6
412 136 10 5 6630
273 453 1 5 219
440 111 7 3 122
88 261 8 1 12
40 321 7 5 2157
221 370 9 9 10360665
200 348 2 3 29
141 425 1 3 10
461 442 1 5 208
496 325 9 1 4
504 467 9 1 4
148 320 2 2 4
274 53 8 1 5
133 312 1 10 8752865
166 318 8 2 29
326 491 5 1 4
131 60 3 7 27017
336 448 7 3 80
392 136 1 4 34
64 75 1 3 6
211 433 5 6 5429
405 393 7 7 98313
415 14 10 1 13
475 69 8 1 4
125 335 7 3 105
481 214 4 2 14
125 1 6 7 119745
345 352 5 1 4
511 191 7 7 42686
398 405 3 1 5
204 231 10 2 36
61 220 8 1 13
359 498 3 2 11
413 159 5 1 5
4 62 5 4 217
458 351 7 1 12
218 325 6 1 4
184 488 5 2 18
131 327 4 8 298203
29 210 3 1 5
74 138 3 2 6
48 333 7 4 496
110 339 5 5 620
408 186 4 6 4580
340 441 5 1 8
251 446 1 3 8
31 254 6 2 17
336 79 6 3 74
111 375 2 5 331
199 351 6 1 5
258 429 1 3 20
503 484 2 2 4
152 452 9 5 2107
247 166 2 2 4
460 442 5 2 14
81 489 2 3 30
91 476 3 1 4
202 449 4 3 66
137 230 1 2 4
147 127 6 4 482
229 424 6 1 4
462 27 2 2 4
387 140 3 1 4
322 160 10 4 308
177 218 7 2 32
53 275 1 2 4
268 37 10 2 37
330 88 2 2 5
107 462 3 4 308
508 252 2 3 15
343 78 8 4 249
385 88 8 1 4
403 66 10 6 14527
424 490 9 1 4
266 293 3 3 63
177 182 6 7 87756
149 4 9 3 167
423 324 1 5 240
504 180 5 1 5
457 115 1 2 5
493 85 7 6 11866
257 240 6 3 123
470 36 6 3 76
179 507 7 1 11
473 504 8 1 8
125 304 2 7 17030
363 434 7 7 81222
175 87 3 2 10
183 464 9 4 232
186 482 8 1 4
146 458 4 4 161
51 209 3 2 13
413 464 8 1 11
331 130 8 3 110
194 161 3 1 4
345 204 1 3 20
342 194 9 1 4
10 115 9 2 17
160 432 7 2 14
215 229 4 3 39
484 191 8 1 6
41 250 10 6 35520
339 86 9 3 165
244 91 5 1 6
61 236 7 3 139
190 394 3 4 168
125 6 3 2 11
508 205 7 1 5
248 408 9 2 16
411 280 6 4 586
262 392 2 2 6
400 392 9 2 27
386 265 4 1 7
174 34 6 1 4
96 121 2 2 5
263 96 4 1 5
410 447 1 3 6
306 460 5 2 23
191 279 4 1 4
35 83 8 2 16
192 242 1 3 7
369 247 7 3 70
350 153 4 3 23
479 274 1 3 9
26 418 4 5 518
301 269 9 3 85
390 181 3 1 5
316 65 7 4 175
85 146 8 4 354
356 361 3 5 1535
241 163 2 2 10
284 239 1 3 22
364 384 10 5 3440
70 284 2 2 4
248 479 7 1 4
483 142 7 1 5
38 189 8 1 6
407 298 3 2 6
285 240 10 5 1280
22 131 5 1 7
427 98 3 1 4
293 274 2 2 8
119 489 6 1 8
332 489 4 5 761
283 245 6 1 4
358 491 9 6 19409
283 272 7 6 4945
162 72 5 1 5
207 259 2 2 4
246 89 1 2 4
359 59 3 3 19
71 492 7 1 12
39 234 6 1 4
297 212 4 3 24
256 326 4 2 10
400 423 7 1 11
418 165 1 5 391
461 334 3 2 8
451 500 3 2 8
63 480 1 6 804
276 339 8 1 6
141 172 8 1 4
299 64 4 1 4
93 402 8 1 4
90 165 1 2 4
433 169 10 4 604
445 468 4 6 3159
367 36 3 2 8
375 508 6 6 9235
225 288 7 1 4
82 296 10 1 4
156 481 7 6 19931
366 8 2 4 172
100 420 2 5 548
264 109 7 1 10
92 14 2 4 59
134 35 9 1 5
414 441 9 1 13
187 57 8 3 134
42 133 1 2 4
473 266 4 1 4
458 119 3 3 27
192 360 7 7 44282
94 81 5 6 18347
216 13 9 4 506
76 173 2 3 16
120 454 10 1 13
343 60 8 3 113
192 460 9 4 275
184 465 6 4 294
69 61 10 1 15
487 247 8 1 4
266 308 1 3 14
423 257 5 1 4
421 192 3 1 4
143 98 1 4 28
89 380 8 1 7
228 398 6 1 4
312 208 7 8 364160
51 506 10 1 4
373 53 10 1 4
494 121 2 6 7838
329 228 6 3 67
86 229 9 1 7
476 119 2 6 4916
76 148 2 2 5
58 21 1 2 5
443 33 3 1 4
233 353 1 3 16
141 25 8 1 9
195 58 9 3 95
287 178 7 1 6
181 421 9 2 34
419 33 5 2 20
386 116 1 2 4
163 39 7 2 31
185 33 10 5 2528
185 471 7 1 4
186 5 4 4 117
452 308 5 1 5
382 35 10 2 32
172 211 8 1 4
260 59 2 2 4
333 111 4 3 26
57 59 5 2 18
202 115 8 4 621
141 195 10 1 6
510 426 2 4 101
444 365 7 1 9
39 406 7 4 314
115 421 3 2 7
317 45 2 4 68
161 54 1 4 45
459 283 3 5 1138
299 249 10 1 12
3 507 2 3 32
229 428 2 4 69
29 73 2 3 14
330 30 2 5 381
398 118 3 3 21
223 402 10 1 8
158 29 6 1 4
235 346 4 1 4
361 212 2 2 8
112 326 2 3 13
345 235 8 1 4
358 223 9 4 843
86 283 8 3 86
467 161 3 1 4
473 223 1 4 33
29 209 5 1 7
376 243 1 3 12
72 50 7 1 5
349 439 5 1 5
308 170 2 2 8
140 271 3 4 163
279 3 1 5 684
207 34 5 5 709
32 332 8 1 4
149 170 5 8 967503
183 54 4 2 10
325 171 6 1 4
91 163 5 1 4
40 473 2 3 27
363 384 6 3 81
268 451 6 1 4
399 15 8 1 4
356 368 3 5 1119
486 70 1 3 10
105 340 6 8 1947421
435 24 7 3 42
508 242 8 2 30
417 254 10 4 322
386 441 4 4 285
89 423 2 2 4
390 24 6 2 20
504 122 10 3 73
186 208 4 1 4
70 485 7 2 36
165 337 4 1 5
18 30 7 5 4136
169 36 6 4 137
212 392 7 1 4
248 453 9 4 255
169 310 7 1 4
495 378 7 1 4
241 469 5 1 4
179 231 9 1 5
119 322 10 4 462
411 311 9 4 297
227 258 4 3 34
160 45 3 3 35
463 202 3 2 11
208 153 8 1 4
140 420 4 1 4
198 185 3 1 5
154 510 10 1 14
314 121 6 2 30
251 401 10 1 5
100 409 6 1 4
112 412 5 3 33
28 505 7 2 31
296 137 3 4 255
495 323 7 1 4
43 180 4 2 15
159 171 8 3 133
109 281 4 3 25
232 145 2 7 25997
381 27 2 4 109
140 401 8 3 76
103 320 8 2 27
86 459 4 1 6
489 382 3 2 6
185 52 5 1 5
127 172 9 4 404
456 357 5 2 16
355 326 2 8 360131
9 219 4 1 4
160 508 10 2 18
303 177 9 3 167
463 456 4 4 125
163 224 6 1 4
233 28 4 6 4896
142 354 1 4 39
269 336 8 2 16
258 44 4 2 20
341 396 10 3 122
436 81 1 6 1031
232 130 5 3 65
60 340 6 5 1173
145 318 6 1 4
487 498 6 4 680
165 470 8 5 3526
123 193 3 1 4
128 495 1 5 114
465 349 9 6 10933
146 365 4 1 4
425 335 10 2 20
425 197 6 4 211
9 241 2 5 310
128 424 8 1 11
140 125 7 1 4
143 503 7 1 7
109 200 6 3 100
100 10 6 1 6
358 496 3 5 1538
42 454 1 5 442
463 107 9 2 41
239 177 8 1 4
511 267 6 4 155
498 163 3 3 33
281 392 1 2 4
436 508 6 2 23
270 121 3 1 4
289 495 5 6 4370
327 260 8 5 1643
288 510 9 1 4
13 86 3 1 4
484 104 4 4 140
76 320 8 1 5
34 270 7 1 4
417 262 5 1 4
339 117 2 3 30
310 380 3 5 681
112 259 2 3 11
26 406 2 3 22
255 223 7 4 318
45 291 10 4 615
225 344 5 2 16
440 106 4 2 9
143 484 4 1 4
354 419 4 3 25
419 206 3 5 1187
119 339 10 2 42
226 436 4 2 9
439 497 1 4 80
194 26 8 1 8
100 262 10 1 4
77 56 4 3 35
391 338 10 1 6
197 35 9 1 9
505 417 9 2 37
508 260 10 3 113
134 480 7 2 22
209 492 9 7 146297
463 286 5 1 4
121 55 2 5 806
94 58 8 1 4
174 474 3 1 4
131 54 7 5 1289
164 145 3 1 4
288 487 10 3 119
310 363 10 3 132
79 402 3 6 3012
178 332 3 4 201
3 218 10 1 8
70 382 1 5 196
331 321 5 2 22
357 509 8 3 46
187 274 8 1 5
179 105 3 7 60331
292 415 9 1 4
153 385 3 1 4
98 383 3 5 608
250 191 2 4 179
80 417 5 3 59
165 178 1 2 4
296 247 6 7 158220
66 366 5 2 17
185 205 5 4 305
39 301 7 1 9
495 509 5 3 48
324 396 7 1 5
484 215 10 1 14
461 40 10 1 5
468 365 4 1 4
421 91 6 1 5
478 225 9 1 11
259 305 2 2 5
64 82 2 2 5
357 475 7 1 4
89 270 10 5 1916
296 90 6 1 4
428 311 6 2 16
473 126 6 5 3378
348 165 5 1 4
245 192 4 1 6
53 264 4 6 2952
252 453 6 5 787
13 167 8 2 24
245 367 9 1 5
65 488 4 4 224
178 501 6 4 203
55 321 7 1 5
217 504 5 5 2867
280 176 5 2 9
472 426 7 1 4
260 434 6 2 22
54 13 7 1 4
118 10 7 2 14
164 315 6 2 13
203 425 8 1 6
460 428 5 1 4
106 164 7 8 388670
342 261 5 2 9
343 26 10 3 58
188 194 9 1 5
501 128 6 6 21387
265 301 4 9 7340579
106 340 2 5 800
449 100 4 7 31805
25 280 6 7 75443
