1199 1.734723475976807e-18 
9260 5.551115123125783e-17 
6350 2.7755575615628914e-17 
3972 -1.1102230246251565e-16 
4331 0.0006391147056448625 
9847 0.0 
2535 0.0 
2241 3.552713678800501e-15 
4708 -4.440892098500626e-16 
696 0.0 
1615 -7.105427357601002e-15 
8239 3.469446951953614e-18 
9169 0.0 
5271 5.204170427930421e-18 
1967 0.0 
1276 3.469446951953614e-18 
466 -1.1102230246251565e-16 
559 1.3877787807814457e-17 
629 -4.440892098500626e-16 
7895 1.3877787807814457e-17 
6513 5.551115123125783e-17 
8943 -2.7755575615628914e-17 
3867 -1.3877787807814457e-17 
2653 8.326672684688674e-17 
8038 2.6020852139652106e-18 
1659 0.0 
3767 -1.3877787807814457e-17 
6259 0.0 
4729 0.0 
4808 5.551115123125783e-17 
4511 0.0 
6469 3.469446951953614e-18 
1420 1.734723475976807e-18 
3328 0.0 
4145 0.0 
4367 0.0 
7434 8.881784197001252e-16 
5617 0.0 
9819 3.469446951953614e-18 
8799 0.0 
2008 0.0 
8399 -3.469446951953614e-18 
102 1.734723475976807e-18 
9711 8.881784197001252e-16 
2940 -6.938893903907228e-18 
8070 0.0 
9812 6.938893903907228e-18 
66 6.938893903907228e-18 
50 0.0 
3169 0.0 
2381 3.469446951953614e-18 
3685 -3.552713678800501e-15 
2666 0.0 
4565 -3.552713678800501e-15 
2077 0.0 
9906 0.0 
9561 6.661338147750939e-16 
2958 0.0 
532 1.734723475976807e-18 
2162 0.0 
2391 4.7704895589362195e-18 
2497 0.0 
1801 -5.551115123125783e-17 
4838 0.0 
9467 5.551115123125783e-17 
1080 0.0 
6096 0.0 
4018 0.0 
4555 1.4210854715202004e-14 
1651 1.734723475976807e-18 
1579 8.673617379884035e-19 
4677 0.0 
3675 0.0 
4672 0.0 
894 -3.469446951953614e-18 
5065 5.551115123125783e-17 
172 4.440892098500626e-16 
6874 6.938893903907228e-18 
2925 -1.1102230246251565e-16 
2382 2.3824462732112753e-06 
8134 6.938893903907228e-18 
7798 2.7755575615628914e-17 
7636 -8.881784197001252e-16 
2025 3.469446951953614e-18 
4976 0.0 
4898 0.0 
9136 0.0 
3323 0.0 
5063 0.0 
2668 2.6020852139652106e-18 
8956 0.0 
3333 6.938893903907228e-18 
7941 7.105427357601002e-15 
935 0.0 
8054 1.734723475976807e-18 
6317 3.552713678800501e-15 
366 4.440892098500626e-16 
7204 5.551115123125783e-17 
2057 1.734723475976807e-18 
5607 2.7755575615628914e-17 
156 1.734723475976807e-18 
7710 7.806255641895632e-18 
1465 1.734723475976807e-18 
5159 0.0 
3336 0.0 
1200 0.0 
6331 5.551115123125783e-17 
1576 0.0 
2044 2.7755575615628914e-17 
9085 -4.440892098500626e-16 
2981 2.7755575615628914e-17 
4132 0.0 
1382 1.3877787807814457e-17 
5437 2.071108365787665e-06 
6485 -7.105427357601002e-15 
8138 0.0 
5316 1.734723475976807e-18 
4593 4.440892098500626e-16 
8385 0.0 
2872 3.469446951953614e-18 
3643 1.691355389077387e-17 
3187 5.204170427930421e-18 
1001 3.469446951953614e-18 
4577 6.938893903907228e-18 
7525 0.0 
9374 2.7755575615628914e-17 
1153 3.469446951953614e-18 
7043 1.1102230246251565e-16 
4115 5.551115123125783e-17 
5260 1.734723475976807e-18 
4365 0.0 
9387 6.157788441035471e-07 
8731 -2.7755575615628914e-17 
714 0.0 
5306 -1.1102230246251565e-16 
9079 2.5601540288082212e-06 
3583 6.705652591061092e-06 
650 5.551115123125783e-17 
4668 8.881784197001252e-16 
5895 1.496198998029996e-17 
3938 5.551115123125783e-17 
1572 1.3877787807814457e-17 
7214 0.0 
1689 5.551115123125783e-17 
9488 0.0 
6828 6.938893903907228e-18 
840 1.734723475976807e-18 
3433 4.336808689942018e-18 
3261 6.7220534694101275e-18 
8875 8.881784197001252e-16 
9866 0.0 
7417 0.0 
2136 -6.938893903907228e-18 
1414 0.0 
3347 5.551115123125783e-17 
148 0.0 
2984 0.0 
9002 0.0 
3337 2.7755575615628914e-17 
2103 5.551115123125783e-17 
