1 2 6 4 485
1 47 2 4 139
2 31 5 8 804962
2 35 3 6 8148
2 406 5 1 7
3 4 10 4 573
3 5 3 5 463
3 26 6 3 62
5 57 5 3 69
15 16 4 3 47
15 36 10 3 54
16 25 3 3 25
17 18 3 3 63
17 36 7 4 332
18 33 1 4 104
19 20 1 4 100
19 21 8 4 285
20 142 4 3 44
20 148 6 3 43
21 22 7 3 65
22 23 9 4 528
23 24 1 5 376
24 25 7 3 142
24 28 4 4 347
26 27 6 5 1565
27 29 9 4 309
27 30 10 3 112
28 29 6 4 268
31 33 5 5 943
32 33 3 4 213
32 34 6 5 1316
32 69 10 1 16
34 35 2 5 1068
34 73 6 4 263
36 37 8 3 105
36 75 8 3 68
37 52 8 4 469
37 43 9 4 869
46 47 1 5 622
47 448 8 1 10
52 67 2 4 93
53 54 10 3 84
53 59 8 2 26
53 418 2 4 59
54 163 1 4 50
55 56 9 2 39
55 59 1 5 214
56 57 7 4 595
56 66 4 4 108
58 59 4 5 2428
58 60 1 5 151
58 199 3 5 415
58 458 10 4 495
60 63 5 3 64
63 225 9 4 503
64 65 7 4 326
64 66 5 4 138
65 67 2 4 78
69 70 3 3 41
70 71 7 7 142264
71 101 7 4 239
72 73 9 4 842
72 101 6 4 402
73 76 1 4 88
73 77 10 3 90
96 97 8 1 13
96 111 2 6 4700
97 101 4 4 123
98 99 8 3 56
98 100 10 2 45
99 138 1 5 651
100 116 8 3 50
105 106 7 4 279
105 111 1 5 329
106 107 9 5 1721
107 108 7 4 604
111 114 1 5 376
113 114 4 2 14
113 116 5 4 164
115 116 7 4 359
115 409 6 3 130
118 119 5 4 112
119 138 9 4 336
120 121 9 5 3777
120 122 2 6 3181
120 304 3 4 303
121 296 2 4 76
122 123 9 6 22712
122 124 1 6 1204
124 125 4 2 16
134 135 1 4 79
134 332 9 4 306
135 136 6 2 17
135 137 1 4 30
137 139 8 4 195
139 140 4 2 9
139 141 4 2 16
139 399 10 3 70
141 400 7 5 1635
154 155 6 5 806
154 156 8 3 59
154 172 10 2 31
155 168 6 4 319
156 157 8 4 188
156 171 5 3 41
157 158 1 5 228
158 159 3 3 39
158 177 6 4 631
159 160 2 4 171
159 161 8 4 568
159 196 9 2 42
161 162 10 3 99
161 197 1 5 119
163 164 7 4 217
164 165 2 5 535
165 166 9 3 85
165 104 2 5 262
166 167 6 3 83
167 168 10 3 82
169 170 2 4 184
169 171 9 2 25
169 174 4 5 456
170 172 1 4 82
170 173 4 4 153
170 419 3 4 326
171 178 9 2 29
173 174 9 3 73
174 179 6 4 188
175 176 2 5 290
176 214 10 5 2455
177 178 7 3 69
177 191 3 4 172
178 421 5 3 104
179 192 2 7 37330
180 181 5 4 214
180 208 6 4 498
181 192 1 5 675
182 183 10 4 1020
182 184 8 4 813
184 185 4 5 616
184 208 3 5 1421
185 186 9 4 291
185 207 10 5 1822
186 187 6 5 1074
186 230 7 5 2141
187 188 3 3 23
187 193 6 4 196
188 189 7 4 547
188 191 5 3 40
189 190 6 6 8435
189 191 5 5 2336
193 194 5 4 332
193 217 5 4 272
194 195 2 3 33
194 217 3 3 52
195 196 5 6 9777
195 216 10 1 17
196 197 9 4 367
196 476 6 5 801
197 216 1 5 182
198 199 9 2 19
198 221 1 5 152
199 200 4 5 734
200 10 3 3 21
201 202 9 1 4
201 203 5 3 31
201 351 1 5 129
202 213 10 4 517
203 204 1 5 347
203 205 4 4 284
205 206 4 4 109
205 231 7 4 428
205 360 6 2 26
206 207 4 4 164
206 232 3 4 108
207 233 10 3 164
208 209 4 3 40
210 211 9 4 404
210 212 10 3 155
211 215 4 6 10855
212 213 7 4 580
212 342 3 4 108
213 340 2 4 81
214 215 4 4 381
216 219 6 4 141
217 218 9 4 278
218 222 10 2 36
219 220 2 5 360
220 221 2 5 477
220 222 7 4 429
222 226 10 2 22
223 224 7 4 272
223 225 7 4 461
223 7 5 3 77
224 229 4 3 88
227 228 8 4 660
227 229 10 5 4938
227 272 3 3 45
228 230 5 4 140
229 401 1 8 103917
231 281 3 4 239
232 265 1 5 180
233 264 9 2 21
233 150 5 4 131
234 235 5 4 519
234 278 4 4 107
236 237 4 5 613
236 280 10 2 44
237 238 3 5 374
237 239 10 3 98
239 240 7 2 33
240 241 7 3 95
241 243 4 3 71
241 442 3 4 132
242 243 8 4 416
242 244 1 5 125
242 314 2 5 780
242 80 1 5 140
243 293 2 6 2621
244 247 1 6 722
245 246 6 3 92
245 247 8 3 48
247 248 5 4 152
248 249 4 4 356
249 250 6 3 127
249 312 10 2 40
250 251 6 3 62
250 321 8 6 6198
251 252 9 3 101
252 253 7 4 403
252 327 3 4 70
252 301 5 4 243
253 254 6 2 27
253 277 7 4 675
253 266 3 4 92
254 255 2 5 418
254 256 8 3 45
256 257 2 4 186
257 258 8 2 33
257 259 2 5 1002
260 261 7 5 1366
260 262 10 4 605
260 263 6 4 198
263 264 6 3 96
263 479 8 4 210
266 267 4 4 191
267 268 2 4 220
267 299 3 3 35
268 269 9 3 74
269 270 3 3 54
269 294 7 5 4437
270 271 7 3 89
271 295 4 4 382
271 133 5 4 300
272 273 4 4 203
272 274 1 4 54
274 275 9 4 683
275 276 4 4 197
275 277 6 4 588
275 291 8 4 318
278 279 3 5 439
278 282 10 3 118
279 280 10 2 19
280 287 2 4 70
281 289 3 5 788
282 288 9 2 26
283 284 5 2 18
283 285 8 5 1913
283 305 10 3 157
284 290 10 1 9
284 365 10 2 26
285 286 7 2 28
285 306 6 3 102
286 287 5 4 119
286 306 3 3 63
286 452 1 5 450
287 293 9 3 104
288 289 2 5 442
289 290 8 3 138
291 292 9 3 147
297 298 1 3 21
297 454 9 3 124
298 299 2 6 1736
300 301 5 6 5153
300 302 6 3 103
302 303 7 5 1049
302 304 9 2 23
302 330 1 5 278
305 306 9 2 23
305 308 6 4 179
306 308 2 5 696
307 308 5 4 177
307 309 8 4 265
309 310 1 5 433
309 338 8 4 841
309 379 10 6 21378
310 311 8 4 214
310 85 4 2 20
311 312 5 5 2521
313 314 5 3 73
315 316 2 4 107
315 317 3 4 143
315 499 8 2 27
316 334 5 3 57
316 398 2 5 663
317 318 5 3 57
317 503 4 4 421
318 319 4 6 11644
318 502 8 2 30
318 510 3 5 507
319 320 10 4 838
320 333 4 4 295
321 322 7 5 2716
322 323 4 4 164
322 325 6 6 10861
322 333 5 3 38
323 324 6 3 89
325 326 8 3 86
326 328 3 3 18
327 328 7 5 1636
328 329 2 4 226
328 495 7 1 12
329 330 8 4 207
329 331 1 6 2850
331 332 1 4 109
331 489 1 5 234
332 481 8 4 520
333 493 5 6 5485
334 335 1 6 3135
336 337 3 4 73
336 500 2 4 206
337 338 7 4 361
337 382 7 3 80
338 339 7 6 13363
338 377 2 5 285
340 341 7 5 843
340 349 1 5 293
340 354 2 4 66
341 343 8 3 114
342 343 10 3 181
344 345 7 3 70
344 346 2 4 129
344 385 6 5 1032
346 347 10 3 220
347 348 3 5 368
347 387 10 2 22
348 349 8 2 27
348 386 9 3 48
350 351 5 5 629
350 359 7 4 583
350 13 8 4 301
351 352 9 3 166
352 353 9 6 10475
352 356 8 3 154
353 354 4 5 1590
354 355 6 4 586
355 356 8 2 18
356 357 10 3 79
358 359 7 4 224
358 361 5 5 715
358 362 3 3 62
358 360 2 4 176
358 92 7 5 4413
360 413 8 4 286
361 388 1 6 913
362 367 9 4 267
363 364 10 2 50
363 365 3 2 7
363 370 6 3 110
364 395 5 2 15
365 366 3 3 23
365 371 2 4 103
366 144 9 3 67
367 368 6 4 669
367 369 8 5 2074
370 380 1 5 183
371 372 1 6 1735
371 373 5 4 223
371 374 5 7 97762
375 376 2 6 2320
375 383 10 2 23
376 384 7 3 153
377 378 2 4 102
377 381 6 5 999
378 384 6 3 87
381 383 5 4 409
382 496 4 5 504
383 384 1 5 415
388 389 4 5 522
388 392 7 2 34
389 390 8 5 1921
390 391 6 4 340
392 393 2 5 531
392 394 3 5 853
395 396 9 3 71
399 411 8 4 190
400 405 4 5 805
404 405 10 5 4098
404 412 5 5 996
405 89 8 3 81
408 409 7 4 216
411 412 7 3 44
411 415 8 3 158
411 482 6 3 129
412 415 3 4 105
415 427 1 5 489
415 487 6 3 36
427 428 8 4 282
427 431 6 3 50
427 487 2 4 129
427 424 1 5 632
428 429 10 5 1567
428 432 7 4 206
481 482 6 5 1330
482 488 4 2 16
483 484 8 4 802
483 485 2 5 244
484 492 3 4 140
485 486 5 5 979
486 487 7 2 18
489 490 5 5 832
490 491 4 4 153
490 492 7 4 189
493 508 5 4 394
494 495 9 3 64
494 507 1 4 41
496 497 6 4 158
496 62 6 3 36
497 498 7 2 30
497 499 1 4 46
499 501 1 5 376
501 447 1 4 31
502 511 2 5 779
503 450 4 5 1496
504 505 5 5 940
504 506 9 3 198
505 508 5 3 35
505 509 1 5 457
506 507 2 4 79
509 510 1 5 422
509 511 2 2 8
7 8 4 4 115
7 6 9 4 585
10 9 1 5 153
10 11 8 4 196
13 12 5 3 36
12 14 5 4 194
144 38 5 5 1026
144 145 10 4 546
38 39 6 3 78
89 68 5 3 66
89 88 4 3 71
68 40 10 2 29
68 102 8 4 185
40 41 1 6 2205
40 81 8 4 883
102 50 2 5 414
50 51 3 5 1313
41 95 5 4 311
81 146 6 5 2120
95 456 4 6 4329
95 143 9 3 144
95 146 5 5 594
146 410 1 6 1865
43 42 4 4 353
133 130 3 4 327
128 117 7 3 55
128 132 7 5 1486
117 129 6 3 100
117 110 6 3 126
132 130 8 1 12
129 127 3 5 959
127 44 1 7 5673
130 131 9 3 50
44 45 5 4 390
110 109 9 4 479
110 126 6 5 1035
109 112 3 4 269
62 49 1 5 356
62 61 10 2 24
48 49 3 4 187
75 74 1 6 3902
77 78 9 3 139
80 79 1 6 4764
92 90 6 4 417
82 83 7 4 278
83 91 7 4 250
91 90 9 4 303
90 93 5 4 174
93 94 5 4 351
85 84 9 3 61
84 86 8 4 216
84 87 2 5 335
86 87 5 4 206
104 103 2 4 104
148 147 6 3 86
147 149 4 4 89
150 153 3 3 62
150 151 4 4 375
152 153 4 4 345
398 397 4 5 679
401 402 9 3 189
401 403 9 5 1041
406 407 7 4 748
416 407 2 6 3085
413 434 6 2 23
413 414 1 3 14
433 434 4 5 2179
418 417 7 4 417
419 420 8 4 333
419 430 2 4 132
421 422 2 5 546
421 423 9 3 121
424 425 8 4 205
424 426 9 3 58
424 438 5 4 165
438 437 7 5 1412
437 439 6 3 60
454 453 8 5 1231
454 435 1 5 207
453 455 5 5 1108
455 460 5 6 11453
435 436 10 4 344
460 463 6 4 174
463 462 5 2 21
461 462 5 4 542
461 464 8 4 413
464 466 8 3 43
466 467 8 3 164
452 451 9 2 20
452 440 8 3 57
451 459 7 3 38
459 473 5 3 86
440 441 9 3 60
473 472 5 3 57
442 443 10 1 12
448 444 1 5 451
444 445 8 3 67
465 445 3 6 8958
465 468 2 4 55
468 469 5 5 750
469 470 8 2 42
470 471 7 3 60
447 446 4 7 88155
450 449 3 6 2748
458 457 9 3 141
476 474 1 4 74
476 477 9 4 457
474 475 8 5 2261
477 478 3 4 199
479 480 10 2 43
284 177 3 8 132868
391 291 10 6 10248
397 161 3 3 49
376 187 9 3 125
322 42 6 5 2692
399 318 10 3 130
463 89 8 2 27
343 194 2 9 2044596
437 265 4 3 65
239 53 2 4 160
411 475 9 3 95
21 372 10 3 195
508 449 9 1 15
24 51 6 4 360
54 280 1 6 2699
261 73 6 4 594
2 307 2 4 123
476 36 9 3 50
374 231 9 3 186
483 72 10 3 70
188 248 5 5 2512
326 346 1 4 76
458 449 2 5 586
435 58 7 5 1729
225 130 1 4 28
484 174 4 4 249
322 33 8 2 22
369 191 2 5 399
330 20 1 5 124
324 21 8 4 329
18 385 4 3 40
252 297 8 4 397
7 178 9 3 130
30 43 3 5 515
397 191 5 6 7772
450 80 2 4 152
458 335 5 4 127
171 48 4 4 196
485 267 3 4 222
104 136 6 3 37
47 507 4 2 11
302 429 8 5 4847
424 132 7 3 99
55 69 10 4 798
81 28 5 5 893
346 114 8 3 112
84 284 9 2 22
57 44 5 4 147
112 358 10 2 38
103 252 3 4 87
202 401 7 3 75
106 343 9 4 357
297 285 8 6 20539
47 27 4 4 144
391 38 8 4 488
292 297 9 4 456
292 334 4 4 348
149 56 10 3 105
56 464 5 4 211
252 487 7 1 11
491 427 9 3 83
112 439 5 5 1580
62 365 3 4 85
315 75 3 4 133
445 373 6 4 472
373 228 10 3 157
459 103 3 5 848
5 34 10 4 422
357 412 2 5 486
195 208 2 5 251
362 282 8 4 436
282 132 4 4 250
292 358 10 3 219
130 16 8 4 534
354 48 10 3 212
329 398 9 6 7570
107 143 3 4 240
302 8 7 4 341
437 468 1 6 1082
391 24 3 4 170
70 453 7 5 1375
428 250 1 7 6194
427 93 10 4 271
235 500 7 2 34
476 259 6 4 278
140 144 1 4 98
373 167 7 4 236
413 463 7 3 109
100 419 5 3 92
67 49 3 5 657
148 127 2 4 61
227 117 9 3 75
147 283 1 6 1675
464 193 4 4 404
281 305 9 3 108
168 300 7 2 30
456 265 4 4 178
74 34 8 1 14
228 497 8 3 54
84 178 5 4 125
47 339 1 5 387
137 364 3 5 1401
419 487 3 7 59930
497 260 8 3 100
432 171 9 4 216
104 329 6 3 71
16 90 7 4 185
14 244 3 3 24
56 483 1 5 206
175 2 4 5 1244
151 442 9 5 1249
372 443 4 4 124
460 285 3 4 101
372 171 4 4 278
267 357 7 4 204
336 274 3 4 291
235 63 7 4 284
279 71 2 4 46
251 475 1 4 96
440 88 10 4 1085
169 453 5 3 84
172 264 9 1 5
51 471 9 5 1474
503 172 8 3 55
175 199 6 4 170
230 291 5 4 514
16 205 6 4 133
339 82 8 3 54
449 137 7 4 377
119 372 9 5 2242
499 126 1 5 186
485 290 4 5 2169
181 127 6 4 137
505 298 2 5 265
290 489 3 4 99
34 249 9 4 258
179 277 4 3 62
440 73 5 4 390
343 395 1 5 198
87 478 6 4 477
316 6 2 6 8638
307 144 8 4 427
308 435 9 3 142
233 510 2 4 149
126 354 2 5 361
272 162 4 3 40
135 122 10 8 855108
365 389 3 3 60
235 479 10 3 130
125 110 7 4 257
289 302 3 5 585
13 387 4 5 1187
345 228 7 5 809
10 105 7 3 125
311 286 9 6 20607
126 229 10 4 415
286 221 10 5 2845
171 11 4 5 489
172 342 6 3 100
245 407 6 2 30
63 188 5 4 126
253 232 2 6 2577
435 104 9 3 85
87 138 8 4 257
30 432 2 4 90
476 53 3 5 577
107 103 3 3 56
409 12 7 4 433
344 183 3 5 417
440 85 5 6 17615
210 133 3 6 6390
45 192 1 7 22286
352 234 2 3 15
354 440 2 4 165
28 170 3 5 1299
281 2 10 3 65
361 251 5 5 1379
35 364 9 3 65
433 81 4 4 444
281 159 9 4 349
495 148 6 3 49
316 239 6 3 64
143 130 7 4 511
26 136 9 4 341
424 419 7 3 123
395 202 9 4 493
136 352 3 4 247
380 360 7 2 35
146 72 3 5 426
424 450 9 3 114
147 425 9 3 189
451 285 7 3 45
195 101 5 2 19
457 177 8 4 703
81 208 10 6 13926
182 200 4 3 81
436 509 3 4 141
29 18 8 4 178
149 453 5 7 28399
330 473 10 3 114
73 53 2 3 14
340 196 3 4 99
256 444 1 6 1148
270 428 2 4 83
407 87 10 3 119
346 295 5 3 67
78 410 7 5 1925
87 205 8 4 643
331 59 7 3 53
45 83 1 5 179
411 217 7 5 1775
262 497 10 3 110
267 226 5 3 35
456 426 4 4 130
321 505 10 5 2984
479 424 9 4 418
488 420 8 8 751857
236 272 4 4 90
507 217 5 3 30
366 165 3 5 591
227 338 9 3 108
228 346 3 4 153
488 324 3 5 618
116 214 10 3 157
499 343 5 5 711
155 118 5 5 569
480 256 6 5 1166
176 478 7 4 208
375 389 5 4 124
139 438 6 4 162
366 395 2 4 47
42 36 4 4 399
470 372 2 7 44793
127 490 4 4 262
407 209 10 3 125
455 68 1 4 40
222 99 8 4 236
351 55 5 4 116
418 87 4 2 14
254 89 8 5 1509
256 83 2 4 100
225 147 10 3 101
73 89 5 3 53
376 270 4 2 21
415 507 4 5 1747
414 382 10 4 306
319 321 3 3 23
257 29 3 4 161
312 374 3 3 21
43 150 7 3 109
82 423 5 4 126
226 280 10 4 261
125 299 7 4 192
202 220 9 3 84
290 116 9 4 235
130 118 4 4 337
358 76 8 4 683
243 500 3 4 124
163 155 5 5 1913
445 227 4 3 22
240 177 1 5 167
299 246 7 3 91
347 136 7 3 122
211 323 3 4 105
318 227 6 3 87
174 222 10 3 60
35 492 10 5 1613
441 58 7 3 45
196 346 3 5 349
511 236 6 4 146
485 390 3 4 129
104 59 6 4 149
479 450 6 5 737
138 5 10 3 156
37 172 10 2 38
138 363 2 3 21
242 4 2 4 139
482 154 8 5 1585
149 188 10 3 125
99 460 3 4 144
425 450 9 3 137
357 26 1 4 88
161 115 6 5 2101
381 37 10 3 69
132 19 5 3 65
187 142 4 5 1446
491 238 4 3 23
159 315 1 5 227
210 320 9 4 242
412 304 6 3 56
455 221 3 5 427
206 67 9 2 41
49 231 3 4 204
148 56 4 5 524
418 274 7 4 207
101 374 2 4 214
262 368 9 4 899
508 424 9 3 48
337 46 9 3 82
509 305 4 4 231
204 60 5 4 158
96 195 9 4 290
339 139 1 4 91
437 348 4 4 153
121 269 4 3 25
246 328 7 4 271
484 17 1 5 179
69 250 1 4 79
402 7 2 3 39
129 389 8 4 508
119 123 7 3 74
197 210 6 3 123
363 165 5 3 87
87 5 5 4 191
221 486 5 4 148
247 221 7 4 625
413 265 10 3 75
111 499 6 4 296
448 258 5 3 55
49 166 7 2 25
110 115 5 6 4091
26 425 3 6 6874
72 204 8 3 63
315 355 8 4 263
189 99 8 1 13
509 155 8 3 86
483 167 8 4 210
82 471 8 2 17
145 45 8 5 2483
297 442 9 4 239
55 250 1 4 53
288 110 4 3 55
445 503 2 5 251
503 235 7 4 234
332 103 6 3 85
489 487 6 4 144
127 123 6 5 964
358 357 9 5 2263
330 332 10 3 118
501 372 6 3 102
253 133 7 4 185
78 174 8 3 127
337 445 10 4 251
85 334 7 5 1518
498 277 5 4 487
210 80 6 5 838
42 223 5 5 1247
168 27 5 3 39
160 87 9 1 7
55 270 4 3 41
36 223 7 4 255
314 10 8 4 272
410 213 9 5 1945
484 485 9 3 125
309 28 7 2 21
10 219 8 4 216
69 297 5 5 594
18 402 7 3 128
457 206 4 3 43
319 504 2 4 179
401 246 6 3 41
422 501 10 3 118
26 11 6 4 332
245 501 2 5 389
211 451 7 3 99
7 275 2 4 47
293 502 4 5 1182
340 55 4 4 173
385 449 6 6 4924
474 142 9 3 65
186 407 1 5 311
116 149 8 3 48
83 372 6 3 45
228 281 5 3 45
265 65 4 5 566
230 241 3 4 253
435 123 7 4 752
288 386 1 5 289
497 427 6 3 58
452 23 6 5 702
256 360 6 2 15
227 132 5 4 158
352 378 10 3 79
294 84 10 3 194
434 225 9 4 296
26 289 4 4 327
415 461 10 4 267
231 103 2 4 80
58 371 1 6 773
109 176 8 4 408
445 329 4 5 892
255 165 4 4 90
219 451 1 4 95
162 205 8 4 203
491 62 9 4 256
7 308 9 3 109
18 332 3 7 15186
76 390 8 5 1038
197 166 2 4 152
235 507 8 5 970
116 328 1 5 341
197 207 1 3 21
109 115 2 4 209
412 293 4 5 877
350 270 9 2 26
112 330 1 5 532
94 410 6 2 14
244 108 4 3 33
430 322 4 4 268
38 287 9 6 7385
413 145 3 5 466
132 195 9 4 220
366 374 5 4 118
276 123 3 4 223
72 257 6 3 116
83 370 1 6 911
94 1 1 5 375
125 184 10 5 2824
322 156 4 3 61
427 192 9 3 167
107 214 10 4 273
399 122 6 6 8982
121 386 8 5 2513
219 414 6 4 367
430 401 5 4 271
363 468 5 3 61
209 498 7 3 54
481 116 2 4 52
123 216 6 6 4814
377 330 10 3 134
450 12 4 5 1267
432 20 6 3 96
470 270 3 6 6781
337 139 7 4 484
301 389 5 4 225
135 200 2 5 1290
159 50 8 5 1780
359 397 8 4 344
33 149 5 5 2930
136 288 9 3 114
413 16 8 4 511
463 182 4 4 447
198 105 7 3 143
49 140 9 3 151
33 261 8 3 142
305 456 6 3 82
349 1 6 4 286
504 327 10 5 5935
286 335 9 3 59
283 48 2 4 122
60 394 10 4 370
227 316 7 3 56
436 460 1 5 196
88 61 10 3 195
100 508 3 3 58
477 260 8 5 3325
153 235 10 2 36
315 224 1 4 93
418 362 4 5 544
349 509 7 7 80991
35 59 1 5 651
77 252 3 3 44
461 97 5 6 4233
411 182 3 6 4317
509 70 8 4 209
184 381 9 2 41
316 475 1 7 34644
199 51 2 4 172
239 85 10 3 164
495 137 7 4 224
178 75 7 2 17
49 269 10 3 101
473 106 1 6 903
276 111 6 3 51
441 332 8 3 118
205 450 9 3 130
65 173 2 6 5059
154 383 2 4 98
63 404 4 5 650
171 161 8 4 227
118 224 2 5 231
435 190 2 5 1085
108 470 9 2 24
463 209 1 5 247
147 93 7 3 140
120 408 1 4 48
370 455 5 1 6
238 401 3 6 4729
376 455 10 5 2362
468 266 1 7 7826
282 469 2 5 949
200 118 7 5 2750
239 435 7 4 580
29 477 10 3 98
183 3 7 4 269
232 241 6 5 4015
160 491 9 5 2359
384 176 7 6 12145
303 407 2 5 537
244 2 4 5 511
90 477 8 2 40
269 160 10 5 5802
9 255 10 4 759
500 323 6 4 325
226 17 10 3 173
162 100 8 3 109
442 354 3 3 50
254 56 2 3 12
177 70 7 3 132
283 413 1 2 3
467 303 10 4 367
506 52 5 3 28
402 315 6 5 719
44 66 7 2 19
205 376 8 3 134
78 375 2 5 1078
45 468 6 5 2351
300 11 2 5 550
288 143 7 5 989
238 91 1 6 1722
423 101 4 4 264
159 455 5 5 1177
46 77 1 5 421
438 456 8 3 133
168 438 8 2 35
228 205 8 3 118
60 109 1 5 310
97 31 7 4 259
56 135 4 6 10194
215 138 8 4 457
305 446 5 7 36117
195 390 9 2 24
181 508 10 4 960
511 454 2 4 134
388 279 9 6 6380
13 343 1 5 628
132 121 6 3 113
420 165 3 4 143
279 398 3 4 138
334 466 1 4 84
76 96 9 5 1703
397 429 2 5 832
271 172 6 5 1062
297 357 5 4 150
398 305 7 4 173
266 449 8 3 109
380 322 7 4 217
511 252 9 5 3034
412 136 3 4 112
273 453 2 5 383
440 111 4 4 98
88 261 4 4 169
40 321 5 4 324
221 370 6 3 76
200 348 5 3 86
141 425 1 4 87
461 442 2 5 1120
496 325 9 5 1153
504 467 9 4 298
148 320 7 3 137
274 53 5 4 357
133 312 1 6 1529
166 318 1 4 101
326 491 1 6 1162
131 60 2 5 839
336 448 8 4 266
392 136 8 3 109
64 75 7 6 15360
211 433 4 5 484
405 393 4 4 371
415 14 8 5 1051
475 69 9 4 569
125 335 8 2 23
481 214 5 4 143
125 1 5 3 60
345 352 6 2 29
511 191 9 3 72
398 405 5 4 161
204 231 10 4 582
61 220 10 3 138
359 498 3 5 701
413 159 5 3 97
4 62 4 4 123
458 351 8 4 188
218 325 2 4 93
184 488 1 5 154
131 327 10 3 85
29 210 3 3 41
74 138 1 4 55
48 333 5 3 38
110 339 5 4 462
408 186 4 4 180
340 441 8 3 74
251 446 8 4 598
31 254 1 7 18276
336 79 9 5 1056
111 375 7 5 844
199 351 9 5 1491
258 429 2 3 19
503 484 8 3 70
152 452 10 4 807
247 166 2 5 248
460 442 7 2 26
81 489 2 4 77
91 476 9 3 92
202 449 7 4 269
137 230 9 2 19
147 127 1 8 206424
229 424 1 7 34923
462 27 2 5 1258
387 140 10 4 648
322 160 5 3 74
177 218 7 6 9248
53 275 9 4 233
268 37 3 5 717
330 88 1 3 17
107 462 9 3 94
508 252 2 4 220
343 78 7 4 243
385 88 2 5 235
403 66 5 3 27
424 490 3 3 28
266 293 4 3 22
177 182 2 4 55
149 4 10 3 116
423 324 8 4 760
504 180 3 5 601
457 115 10 5 3119
493 85 9 4 467
257 240 2 7 19523
470 36 5 3 52
179 507 9 4 751
473 504 2 5 1321
125 304 7 3 64
363 434 9 4 415
175 87 4 4 264
183 464 9 3 86
186 482 9 3 150
146 458 6 3 100
51 209 5 7 62389
413 464 2 3 20
331 130 1 4 110
194 161 8 4 196
345 204 7 3 109
342 194 7 4 540
10 115 4 5 714
160 432 3 2 11
215 229 6 3 72
484 191 3 5 936
41 250 7 4 209
339 86 7 2 37
244 91 10 4 458
61 236 5 4 207
190 394 9 4 329
125 6 6 2 26
508 205 9 6 38155
248 408 7 4 245
411 280 2 4 82
262 392 1 6 1172
400 392 1 5 569
386 265 10 3 77
174 34 8 3 63
96 121 1 5 392
263 96 1 3 22
410 447 2 6 3832
306 460 1 5 140
191 279 7 4 676
35 83 2 3 40
192 242 5 4 186
369 247 7 5 4441
350 153 5 6 13374
479 274 3 4 134
26 418 1 4 89
301 269 5 3 62
390 181 3 8 141276
316 65 7 4 266
85 146 10 4 523
356 361 7 3 45
241 163 8 3 116
284 239 4 4 178
364 384 7 4 172
70 284 3 4 207
248 479 6 5 822
483 142 1 5 230
38 189 1 5 141
407 298 7 4 293
285 240 5 3 69
22 131 4 3 35
427 98 7 4 365
293 274 5 4 431
119 489 8 4 248
332 489 1 4 39
283 245 10 2 35
358 491 8 7 189010
283 272 7 2 25
162 72 7 4 171
207 259 9 5 3851
246 89 6 3 59
359 59 3 4 158
71 492 8 4 332
39 234 9 4 409
297 212 3 4 141
256 326 5 3 104
400 423 8 3 57
418 165 1 5 557
461 334 6 4 251
451 500 3 4 182
63 480 4 5 2709
276 339 1 5 451
141 172 10 4 403
299 64 9 3 189
93 402 2 4 80
90 165 2 6 1527
433 169 5 5 2484
445 468 1 7 39510
367 36 4 4 321
375 508 8 5 2300
225 288 7 4 199
82 296 5 4 190
156 481 1 5 586
366 8 5 5 2467
100 420 2 5 1153
264 109 1 5 128
92 14 6 5 1026
134 35 3 4 100
414 441 7 4 728
187 57 6 4 353
42 133 9 3 75
473 266 4 5 1384
458 119 9 3 82
192 360 9 3 82
94 81 10 3 219
216 13 2 6 1396
76 173 6 4 617
120 454 3 4 170
343 60 7 5 1911
192 460 3 5 1427
184 465 8 3 152
69 61 10 4 259
487 247 8 5 3552
266 308 7 3 60
423 257 6 5 1508
421 192 1 5 220
143 98 9 2 39
89 380 4 3 50
228 398 8 2 18
312 208 3 4 175
51 506 6 3 87
373 53 9 3 110
494 121 5 5 2086
329 228 2 6 2205
86 229 5 4 185
476 119 9 4 248
76 148 8 3 70
58 21 2 5 464
443 33 3 4 275
233 353 1 6 1407
141 25 6 4 264
195 58 7 3 50
287 178 8 3 67
181 421 2 5 1158
419 33 4 3 50
386 116 7 4 322
163 39 8 3 93
185 33 8 3 134
185 471 1 5 173
186 5 7 6 5179
452 308 9 6 7228
382 35 2 4 189
172 211 3 3 50
260 59 7 2 15
333 111 8 4 187
57 59 6 3 79
202 115 8 2 37
141 195 6 3 53
510 426 7 2 27
444 365 9 4 288
39 406 8 3 88
115 421 8 3 103
317 45 6 2 12
161 54 2 4 132
459 283 9 4 660
299 249 3 5 1733
3 507 6 1 5
229 428 6 5 1177
29 73 4 4 103
330 30 5 3 41
398 118 7 4 231
223 402 3 4 338
158 29 4 3 39
235 346 3 4 80
361 212 10 4 250
112 326 6 4 361
345 235 5 2 18
358 223 10 4 604
86 283 2 5 244
467 161 1 6 734
473 223 3 7 113057
29 209 4 5 711
376 243 7 4 378
72 50 2 4 155
349 439 7 3 62
308 170 6 5 1030
140 271 5 4 353
279 3 10 3 58
207 34 3 3 39
32 332 1 4 50
149 170 5 4 496
183 54 8 6 12003
325 171 5 3 31
91 163 1 4 58
40 473 8 2 34
363 384 10 2 37
268 451 7 3 115
399 15 2 4 191
356 368 10 3 130
486 70 3 5 403
105 340 3 4 301
435 24 1 4 60
508 242 2 4 52
417 254 7 3 88
386 441 5 3 64
89 423 8 4 474
390 24 7 4 225
504 122 10 4 530
186 208 3 5 669
70 485 5 4 127
165 337 6 4 138
18 30 8 4 611
169 36 6 4 265
212 392 5 4 199
248 453 4 3 62
169 310 6 3 71
495 378 9 5 1443
241 469 6 4 150
179 231 2 5 924
119 322 9 3 191
411 311 3 6 9801
227 258 6 4 148
160 45 3 4 159
463 202 8 3 93
208 153 10 3 151
140 420 7 4 178
198 185 9 4 286
154 510 9 4 809
314 121 9 7 46809
251 401 4 3 83
100 409 2 4 163
112 412 10 3 81
28 505 6 4 307
296 137 4 3 85
495 323 2 5 307
43 180 1 10 46586317
159 171 5 4 189
109 281 5 4 160
232 145 5 4 223
381 27 8 6 10179
140 401 3 4 190
103 320 1 8 100103
86 459 6 4 262
489 382 7 4 168
185 52 8 4 227
127 172 3 4 301
456 357 9 2 34
355 326 10 5 6450
9 219 8 4 292
160 508 6 4 239
303 177 8 5 5551
463 456 10 3 54
163 224 1 5 343
233 28 7 4 485
142 354 8 4 572
269 336 9 3 91
258 44 3 6 3318
341 396 2 4 158
436 81 5 4 464
232 130 3 5 406
60 340 4 5 933
145 318 9 4 300
487 498 8 3 43
165 470 4 5 935
123 193 5 3 45
128 495 6 4 257
465 349 4 7 22655
146 365 1 6 1481
425 335 5 4 493
425 197 1 4 32
9 241 1 5 623
128 424 7 3 139
140 125 6 4 510
143 503 3 3 22
109 200 2 5 421
100 10 2 4 147
358 496 5 4 195
42 454 2 4 158
463 107 10 4 531
239 177 1 5 342
511 267 6 5 848
498 163 8 2 32
281 392 6 4 297
436 508 3 6 2894
270 121 5 6 7000
289 495 8 2 17
327 260 6 5 1000
288 510 5 4 359
13 86 5 1 8
484 104 3 5 354
76 320 10 4 800
34 270 1 6 813
417 262 5 4 337
339 117 4 4 188
310 380 6 6 27019
112 259 4 5 971
26 406 7 3 57
255 223 10 3 78
45 291 2 4 161
225 344 5 3 32
440 106 10 3 201
143 484 7 7 48519
354 419 2 4 186
419 206 8 4 216
119 339 5 3 66
226 436 10 3 130
439 497 1 3 21
194 26 7 1 8
100 262 10 4 479
77 56 4 3 32
391 338 8 4 502
197 35 1 5 156
505 417 6 2 24
508 260 1 4 103
134 480 6 3 52
209 492 6 1 10
463 286 2 5 1337
121 55 7 3 64
94 58 8 4 426
174 474 8 5 1772
131 54 1 5 376
164 145 1 6 1211
288 487 5 3 83
310 363 5 3 74
79 402 8 2 19
178 332 3 4 115
3 218 8 2 30
70 382 8 5 2153
331 321 4 3 72
357 509 2 3 25
187 274 6 3 36
179 105 10 4 1037
292 415 5 4 111
153 385 4 5 1114
98 383 2 4 89
250 191 6 3 33
80 417 1 5 288
165 178 2 5 597
296 247 8 5 3495
66 366 7 5 902
185 205 4 4 239
39 301 3 5 996
495 509 7 3 78
324 396 7 2 19
484 215 10 4 411
461 40 1 6 2315
468 365 10 4 291
421 91 1 7 6935
478 225 8 3 89
259 305 7 2 31
64 82 2 4 64
357 475 8 4 489
89 270 1 4 103
296 90 10 3 83
428 311 5 2 21
473 126 3 5 345
348 165 5 3 101
245 192 7 3 133
53 264 9 4 207
252 453 8 2 34
13 167 5 5 1971
245 367 10 2 36
65 488 3 3 39
178 501 2 5 288
55 321 7 4 643
217 504 2 4 74
280 176 6 4 227
472 426 9 3 48
260 434 8 4 537
54 13 2 4 141
118 10 1 5 426
164 315 7 4 237
203 425 3 6 6657
460 428 10 3 117
106 164 6 4 208
342 261 9 3 142
343 26 6 3 33
188 194 1 4 68
501 128 1 5 145
265 301 7 4 282
106 340 2 4 168
449 100 6 3 51
25 280 2 2 9
