4109 1.2491052206681577e-07 
1500 7.33337530694632e-08 
18 1.6065024005158e-07 
2460 3.337438979183965e-06 
2369 1.8881347768723539e-07 
7518 1.3854062612802313e-05 
4204 3.3599331462815787e-07 
7113 6.570659157455492e-07 
1900 1.6443065648728524e-07 
5035 1.0437602065201806e-08 
7953 1.4372906468013482e-06 
287 5.352662515210725e-06 
9114 1.35551367904507e-05 
9245 4.69207922061051e-06 
4114 1.0811742082693365e-07 
2410 1.5641810634159782e-05 
5683 7.94179193698636e-06 
1213 9.903769315096212e-06 
7962 5.860460315411455e-06 
3879 4.153643566529101e-07 
6652 8.414058373774582e-07 
7790 6.3634022594179444e-06 
400 2.513663999184569e-07 
6870 4.735472185310886e-08 
5100 6.344455820244877e-06 
9685 1.4562502448965726e-05 
3465 9.682080972733985e-06 
4523 2.7179341378840817e-06 
8494 4.535071864485863e-06 
8893 2.1722767923724853e-06 
9483 1.7410256965928798e-06 
420 1.3354416680322366e-05 
7909 9.980260247450214e-07 
2941 7.450212407757336e-07 
7186 1.271602772812966e-05 
9950 8.216703843363926e-09 
9300 4.2690993672437035e-06 
5523 1.6997955717959674e-07 
5270 1.3301366440303625e-06 
2172 4.994279843030842e-07 
321 1.2551812816836077e-06 
9094 1.603790574431772e-05 
4453 1.071845212380166e-05 
184 1.6981465681264741e-06 
9597 6.864268804372079e-08 
6671 3.2132858044527154e-06 
7093 8.285589156920955e-07 
5838 8.508781375250387e-06 
4841 8.414713517596194e-07 
8300 9.031777492936584e-07 
3834 3.541719620378205e-07 
2100 1.3560543803330399e-05 
9074 1.1138255225164173e-05 
4111 2.243360125506678e-06 
7172 1.1752121821599322e-07 
4864 1.412029491230807e-07 
8035 7.301554335028411e-06 
2316 1.9791106448314479e-07 
3866 2.000574947544758e-06 
5014 1.2814842612747537e-06 
9215 7.42311857084089e-07 
1058 7.547892183886327e-07 
1496 9.065047200350611e-07 
72 1.909539240057783e-06 
2009 8.451209527076009e-06 
594 7.218879521382878e-06 
2359 6.988111477257797e-06 
1376 5.790130599653219e-06 
4781 2.261651449779413e-07 
7422 1.5892312277850706e-06 
6507 1.595589656569673e-06 
9868 3.865273831292129e-06 
4959 7.710761253512449e-06 
1795 3.451283221266987e-08 
3450 2.2268586911600359e-07 
3048 1.3273115339580978e-06 
485 5.83738290882669e-06 
9563 9.082927751190506e-06 
257 1.0802716922843963e-06 
6966 6.2752908849897735e-06 
346 6.867048837877576e-06 
5981 1.6148338269790856e-05 
6053 2.0630332946895528e-07 
2385 1.2091987179622149e-05 
5215 8.874090240364103e-06 
3276 5.4700816604420465e-06 
2238 3.11422230914049e-06 
2524 1.0544636486538082e-05 
3238 7.023605410082707e-06 
6993 4.2743236129420196e-07 
21 6.561990345371391e-06 
7924 1.5463897891365708e-08 
7817 8.019562313252696e-06 
5684 1.1402890486384477e-06 
9718 9.858990973376098e-06 
9253 7.359167879816875e-06 
8002 6.195817047147127e-06 
4960 3.582434574337193e-06 
9731 4.421199628735787e-07 
9531 3.927969062294565e-06 
9936 9.692398971327638e-06 
687 2.3914050731122037e-06 
7772 1.0783803216542616e-06 
3673 7.961925338095473e-06 
9740 6.81805787969868e-06 
5623 5.028342702285597e-07 
1297 1.4848789762132425e-05 
6443 1.432042432103962e-06 
7045 8.113295792193604e-08 
1436 1.0889151602082352e-06 
7867 2.3846906816322514e-06 
6848 5.5239100785721505e-06 
5330 1.8388575744350132e-07 
7250 1.5235249210266002e-06 
2610 1.0489679705855565e-06 
3413 2.739259315357641e-06 
4800 8.877242356876202e-06 
1194 2.6903356186432924e-06 
5396 7.408138859212737e-08 
4160 9.60743061554606e-08 
4421 1.1330649767054e-05 
4148 7.212346437961148e-09 
5571 2.0718959173495052e-07 
2052 4.4568077283401315e-07 
8552 3.2167103635255446e-06 
4143 1.873941670458082e-08 
3485 7.699198482303125e-07 
9225 1.4107132421499986e-05 
9972 1.237233752238013e-07 
7432 9.603894948431073e-08 
9742 2.6494269318375063e-08 
3031 3.487435173181252e-07 
7024 2.0087613012114993e-06 
7756 8.432140498509406e-06 
4971 2.806507113734885e-06 
2333 3.209383831840285e-06 
3892 2.702719377433408e-06 
2354 1.9481384402964265e-06 
8416 1.3471163776246552e-06 
4722 4.1440864129446773e-07 
8170 1.5014235824959538e-07 
247 5.230569402792221e-06 
6515 1.3716504569006533e-06 
5554 1.7824119638912544e-07 
2158 4.408788466725086e-08 
4021 5.067515347400936e-06 
1243 6.682176729181299e-07 
6884 8.244125603246253e-08 
549 5.369501400959144e-06 
4984 1.0147981982961156e-07 
6431 5.429175115843786e-06 
8951 1.6949380666938113e-05 
8766 1.2938685543906143e-05 
807 4.108742404306281e-06 
1388 8.7234099774465e-09 
8948 9.003179276667987e-06 
6182 6.576919658486981e-06 
4099 1.2770454266398987e-06 
2719 1.5161537315689181e-06 
7827 1.9444508245028144e-05 
5027 4.6184515003705267e-07 
361 4.8957988743885024e-08 
505 1.4028423537348051e-05 
9782 1.60901773017158e-06 
1839 7.920938838744048e-06 
709 8.110533295452099e-07 
8583 5.485344802771979e-07 
4503 4.710573847109046e-07 
8362 1.694239186048952e-07 
9505 3.3864206027531667e-06 
5190 4.6250746520423634e-06 
6841 2.5783241341641906e-06 
918 1.0807193278161535e-06 
3703 1.7881221174641888e-05 
9939 1.828416586622183e-06 
4526 8.294309383586145e-07 
411 2.750163252511484e-08 
6188 2.2695911428180167e-05 
514 5.466906722076165e-06 
4074 1.4400627318808778e-05 
7951 2.2614564188190135e-06 
6359 8.119407353601302e-06 
5410 2.5321812975194916e-06 
4831 6.581123082524314e-06 
6735 7.632261415090185e-06 
1541 7.723188811966474e-06 
341 4.104864552905883e-06 
1743 7.111635789223481e-06 
6784 9.96212923782473e-06 
4459 1.110110669407849e-05 
4488 1.956255642675492e-07 
1757 6.841495310276719e-07 
4075 5.591243841466596e-06 
1055 5.131215390203437e-06 
4260 7.113876766398893e-06 
2077 1.1320949927524323e-05 
4756 1.5354771174246615e-07 
1912 3.7919905426406966e-06 
2801 2.605552402218294e-07 
4486 2.2211836138384396e-07 
1675 4.369782987420856e-07 
4983 1.7944361011071223e-05 
5412 1.4903490328950068e-05 
1121 2.9282361363992727e-06 
7381 5.3950032965349726e-09 
5666 1.5891592496824255e-07 
1562 2.2861414911762344e-06 
6333 5.824182072885318e-06 
2412 6.963284714644951e-06 
7935 1.8989357334608914e-07 
6124 1.097031597722963e-06 
7059 8.289741556687829e-07 
4201 2.5355796673134326e-07 
8706 3.0569236789457513e-06 
1669 1.1093632421117493e-06 
2357 4.239172223748025e-06 
8367 4.090056487005174e-08 
4414 2.6284739610121094e-08 
2833 8.408253050849052e-09 
7278 1.0750509115806512e-05 
4820 1.262041984129152e-05 
588 1.560779434839344e-05 
295 5.720989012634985e-06 
6306 6.220254911583187e-06 
9348 2.3325953768823852e-06 
8615 1.5628827327247827e-06 
2756 1.8513591709966347e-07 
2181 1.6408441684561043e-05 
5343 2.3487987309583726e-06 
7876 2.922329879076431e-07 
4664 2.0550247357541823e-08 
4174 5.6498466631049525e-06 
6444 6.566817650742279e-06 
9416 4.891905609221419e-06 
8775 5.522537235539164e-06 
5667 1.0470023818090566e-06 
2732 2.193980546956291e-08 
2463 1.5136963774776253e-06 
1048 1.2308283054267882e-05 
7741 1.0952890001959227e-05 
5115 1.3748899030906137e-05 
6901 2.6623403395070744e-08 
7695 5.012053728924354e-06 
1673 7.737742530045111e-10 
8831 4.078688271209032e-06 
1268 8.480450905467375e-06 
3636 1.0661369770221727e-05 
8421 6.232160238174815e-06 
7783 2.3214128367507997e-06 
7663 5.958864167505403e-06 
8222 1.2504510158052725e-07 
4455 5.936860084062827e-07 
9259 1.4468491664572022e-06 
9361 6.474382551310609e-07 
8160 6.571249132408837e-06 
2660 6.340497530727158e-07 
269 1.4989537743586539e-06 
8535 1.6146470114540318e-06 
4309 1.154517781651745e-06 
3580 1.6574721197627498e-06 
9851 7.941853622636238e-07 
6323 1.8525227212507736e-07 
4630 4.701186960132128e-06 
6109 2.12448316871044e-07 
1074 8.86695212863592e-06 
8020 6.265387109623605e-06 
9544 2.5526229706230707e-06 
2877 6.444549647979889e-08 
7529 1.0189620830924288e-07 
6200 4.587300445386982e-07 
3767 8.382934869492829e-07 
6183 1.7963455362698961e-06 
78 2.028488279334952e-06 
4893 2.5371778387969584e-07 
5805 9.68973657006584e-07 
9366 1.0658219908717692e-06 
8872 3.0919323141613497e-06 
5715 6.050722684437099e-08 
8574 4.239359403919291e-06 
7191 3.3148842233990265e-06 
2141 3.3844692669913e-06 
1091 1.5678567095319795e-05 
9893 3.899079938959335e-06 
2288 3.462635681691749e-07 
3922 2.038739431769266e-06 
9937 3.81763611911198e-06 
7471 8.639313017442754e-06 
2905 9.631800913808178e-07 
3314 2.1530370172130198e-06 
4454 1.1659621148671253e-07 
2438 2.6621396034661172e-06 
7971 8.565424602508432e-06 
5149 1.0594472386287272e-05 
2847 1.382418241045822e-07 
4220 3.2165624401577183e-06 
8720 3.877718242204024e-07 
6569 5.6810576520147255e-06 
6807 6.3218255755573726e-06 
6575 8.029590743609955e-09 
601 1.266082362792189e-07 
7054 5.633945193947746e-07 
5786 5.665677634836982e-06 
6310 8.423676407017127e-06 
8837 4.458907556865342e-06 
7215 4.409883237877658e-06 
7785 2.4232417927066033e-06 
8151 2.776762473479254e-07 
7729 8.692242689511964e-10 
3399 1.1629096351594089e-06 
3645 5.604700088712046e-06 
4767 8.886298551534849e-06 
8116 9.454846445833571e-06 
6553 1.9760463780173395e-05 
9579 4.6348925009526967e-07 
9886 3.8131368983887337e-06 
7861 6.79517501967775e-06 
1061 5.870543015997733e-06 
7019 6.4501214320989336e-06 
9755 8.849892161159978e-06 
3122 2.9021076297322144e-07 
6603 5.934346451318828e-06 
4165 6.165720833033867e-07 
1033 1.704570628474935e-06 
9682 2.147687510041371e-06 
3537 4.606970444251115e-06 
256 1.21417434394784e-07 
7361 7.341625795837442e-07 
1919 3.384575822761716e-06 
6610 5.126161969372245e-06 
7608 2.1319476322172918e-06 
8668 1.4483272377157426e-07 
3495 7.800710488238677e-06 
3611 4.34972869303595e-06 
3656 7.313235137734427e-06 
8923 7.204827025444838e-06 
4654 2.743618118406244e-06 
2788 1.7831632316310686e-06 
7442 5.541828946944898e-06 
7017 1.0767381261054554e-05 
1521 2.505170912381987e-06 
2309 8.800739953372237e-06 
7105 1.6075870491925556e-07 
2506 8.69974019444887e-06 
8822 3.454952632342569e-07 
7920 2.381908955826835e-06 
3671 4.8076890114129334e-06 
1855 1.218373807518482e-06 
3542 2.8675842360583337e-06 
6309 8.579454107254025e-07 
4934 1.6755965911034233e-07 
6812 1.2479617920698252e-07 
8422 1.7876090525061977e-06 
1702 7.276030618066465e-06 
3365 7.517747540067135e-06 
6144 2.6164957240578214e-07 
7973 7.428005101066302e-06 
5136 6.770663314963264e-07 
4707 1.7424891648285847e-05 
1442 2.204812868331627e-07 
7485 3.5406250574598484e-07 
8472 1.062985404038733e-06 
3037 8.78306725186312e-06 
2967 3.295761838644453e-06 
1666 1.1166327550037828e-06 
9139 9.986373976404876e-06 
2853 7.676626148499675e-06 
3827 3.1881667199853063e-06 
9617 1.466833216992346e-06 
4643 1.9362019781357306e-07 
4145 7.81742449407384e-06 
3009 2.1068042478991633e-08 
9837 1.1254101051888473e-05 
1512 1.1322139770672955e-05 
1027 7.906705585774478e-06 
6581 8.776766275818214e-06 
764 5.613052347330621e-06 
9575 3.29447929139632e-06 
909 6.880548870950971e-06 
8198 7.153016307503813e-07 
848 9.075261121726296e-07 
7706 3.6303954253393e-08 
5967 4.383250250490542e-06 
2737 5.269837164688283e-06 
805 1.408890514926174e-07 
5824 6.020772445143277e-06 
50 1.1495742781172396e-06 
6029 3.5825708016126704e-06 
7792 7.745447041452943e-06 
4183 6.627813792657266e-06 
1722 3.812211273342145e-06 
3669 9.985221871812853e-07 
1709 6.003945743045594e-08 
1791 1.2466540147313364e-06 
8343 6.506622620956101e-06 
5796 1.4051479683578057e-05 
6542 6.8222083742453556e-06 
416 2.2933390612347584e-06 
5500 5.813003545627176e-06 
8000 3.6399706215488163e-07 
2278 4.688437334550588e-06 
5861 3.800454547483062e-06 
4006 4.309505313301913e-06 
8909 1.159034595748868e-05 
1314 2.672719538547811e-06 
779 6.091327164805673e-06 
7479 7.56356558492567e-06 
2011 2.9746912654223963e-06 
5108 7.717836391233759e-07 
9869 8.900093552294176e-06 
6067 2.3646161756082917e-08 
5090 3.4939159122350396e-06 
3252 8.220635250050262e-07 
3699 9.811557575699443e-07 
3481 1.6360339095310197e-05 
8919 4.314631154032997e-06 
1955 1.2153957320421436e-05 
8290 1.002259279589052e-06 
8910 8.304599157096367e-06 
5176 1.4562379805433196e-05 
9922 4.128905276982222e-06 
4177 4.160361494589584e-06 
4280 1.0217349628476507e-06 
507 9.904734320268673e-06 
3720 4.0809398291501067e-07 
1637 1.47194462125585e-07 
2024 7.205026471237728e-07 
7638 1.1761626168317951e-05 
2391 2.3050551146927567e-07 
6915 2.761226586910201e-07 
7799 1.6500530386982497e-06 
9424 1.6115476303898121e-06 
537 1.1257704344690839e-08 
978 7.489274327559775e-06 
6679 1.9190666718539777e-06 
9207 1.6050922548377674e-06 
4407 5.448068571288668e-07 
1355 1.3465814947069782e-05 
9193 9.725953681305413e-06 
1454 9.559216648702377e-07 
9813 6.709513731991659e-07 
9427 1.7905639243850615e-06 
2345 5.879663348232579e-06 
7793 3.4856168333298953e-06 
619 2.443959151887903e-05 
4066 2.4053124798724064e-06 
2690 1.388722647905682e-06 
2485 1.0041713609319335e-07 
9923 6.015025642971158e-06 
4056 5.0314379019048006e-08 
5333 4.419185983225359e-06 
1599 8.390219811356311e-07 
802 1.4346853742794069e-05 
6556 1.8284774645875677e-05 
4149 3.60849297920886e-06 
4681 1.4745795816470288e-06 
843 4.127443665681245e-06 
6282 4.819064148257003e-06 
7241 6.320848394984264e-07 
5420 2.217141226318884e-07 
3415 2.142571479610278e-09 
2084 5.650563525029952e-06 
3087 1.8049738130743393e-07 
2054 1.3203379040256907e-07 
6307 1.005062730483278e-06 
9752 1.6416998587661176e-06 
1173 2.652700380255217e-08 
1412 1.3817574022294277e-07 
725 1.7099606381610174e-05 
8976 6.399327867144978e-06 
3987 2.7978794282723247e-06 
4130 2.1454406461739552e-07 
8898 1.7009264154892512e-06 
7212 6.75210045605647e-07 
9056 1.0106487381232736e-05 
2237 2.331683972716284e-06 
6396 1.3319483849999941e-05 
456 5.574517206415728e-07 
8842 2.2198078258907892e-07 
7791 6.04258001583229e-06 
402 7.5357393666132235e-06 
8142 2.098555585900954e-06 
2560 1.2082157310927977e-05 
3945 1.5361941153001213e-07 
9414 2.733249509556895e-06 
4484 7.317028785735659e-06 
2951 2.0417960265206392e-06 
957 7.07182905058904e-06 
9826 1.1386796099564915e-06 
9573 4.373326695889823e-06 
1107 2.4767154835261124e-08 
9397 2.025899186408788e-06 
9168 1.583772576513819e-07 
2294 4.908485258120362e-06 
9686 2.957625941751006e-07 
3160 6.704094570093005e-06 
159 1.8189749925376624e-07 
2247 7.795278603242855e-07 
4164 4.009041731275511e-06 
5539 8.510208644945794e-06 
5074 1.1892845146188602e-09 
5279 1.499252826008251e-07 
5933 2.465550544646951e-07 
1078 2.0382324533133218e-07 
6043 1.3406581924820595e-05 
325 5.457410715178593e-06 
6520 1.7425644278519414e-06 
8664 1.1263487067006902e-06 
2540 4.222686182445299e-06 
790 4.96341859066314e-06 
2616 6.751613987288693e-06 
6411 2.411550741000454e-08 
7524 3.930387095700625e-08 
7133 1.210089527279982e-07 
1480 7.840771643717969e-06 
5406 1.071522771780675e-07 
2973 8.559025569983038e-07 
9277 1.5763352610275849e-06 
1802 6.804565534422956e-06 
2551 1.9976297123951853e-06 
6936 1.3888887800682132e-07 
4832 1.4625113723545707e-06 
2817 1.8163959019253627e-06 
845 9.54636855403924e-06 
2335 2.1675830842295758e-07 
5268 4.9524798665090965e-06 
7687 9.545834663732751e-06 
163 4.954700351314042e-06 
1237 8.745177204835953e-06 
3139 2.419185450683488e-08 
9134 1.9047791453917062e-07 
8469 3.2052884873698916e-07 
3135 7.5240298749362815e-06 
726 1.5096489182895613e-07 
3337 2.1301199877906806e-06 
9626 1.5915730667583833e-05 
9426 1.0177256202695663e-07 
8175 2.003502607829475e-07 
3524 2.031012139437152e-06 
2832 2.1635143676590474e-10 
2764 4.076160261793291e-06 
5445 5.7656721266807244e-08 
8285 2.120913205619363e-06 
3410 4.319599171801635e-07 
5947 6.41260975766479e-07 
3605 1.5771115540635147e-07 
1768 6.837490254382651e-06 
7063 3.172597323774281e-08 
1239 1.3062118663656691e-07 
6849 1.4684504685228555e-07 
5138 3.0751730897424294e-06 
2903 7.656604051166604e-06 
9037 1.0817268624772508e-05 
8611 1.6177016262652362e-05 
5182 7.759233851420255e-06 
5849 2.1673885260796506e-06 
497 2.9649374104845623e-06 
9222 3.4287582383395285e-07 
7082 6.361302329009123e-06 
9875 5.29141299204577e-06 
3670 5.8516596299421075e-09 
3206 3.6270958881224995e-08 
5506 8.687599670115056e-06 
9866 2.6854874368776724e-06 
5637 3.4014305187945136e-07 
5944 1.3149526908689934e-05 
6402 6.59391800001046e-06 
5781 7.859555492973486e-09 
6213 2.4591746774777245e-06 
1199 4.831490128294276e-06 
5280 5.943300964787288e-06 
3127 4.0982480533011665e-07 
2864 2.8945064450571946e-06 
5042 9.602336197371163e-06 
3756 2.7243427644894902e-08 
5146 4.866565648423207e-06 
2980 4.708940182668445e-06 
216 6.3609763153978864e-06 
1437 9.015516291284689e-06 
7480 5.269699106583815e-07 
284 2.5027423715995073e-07 
7326 2.038401935800584e-06 
1644 1.126541504059504e-05 
7603 8.656025743770776e-06 
5170 3.0250676336817826e-07 
2743 6.452005673946724e-06 
1897 6.382728188144041e-07 
5725 4.214233316110286e-06 
4417 5.738273189693501e-07 
1369 5.694786588551731e-06 
6775 4.074246771483119e-06 
3937 2.4742728023207066e-06 
689 1.1080951167774002e-07 
1951 5.367249930127299e-07 
2366 5.25574566129589e-06 
2713 6.578662932150029e-07 
2577 5.95139550428603e-07 
3151 5.8624619758631156e-06 
8987 2.189738911073572e-06 
9205 9.204834773490657e-06 
847 1.5464065404619003e-06 
1014 5.478043188175425e-08 
431 6.08196382857084e-07 
8062 1.1188361352206446e-05 
527 1.8099344802459334e-06 
1895 4.941861102065467e-06 
4915 5.726234906396465e-06 
4947 1.2727935748815753e-05 
38 8.873330879905616e-06 
83 2.60794821881679e-08 
5565 2.8209219189823613e-06 
2636 7.932300201049598e-06 
1930 7.780945979977277e-08 
3726 2.2415939108289513e-06 
3526 1.2957996463326471e-05 
4330 1.955406496615757e-06 
5510 1.353576712275468e-06 
5151 4.644038024433745e-07 
6749 6.614844995553315e-06 
3266 1.629306897860919e-07 
3875 9.050965371943829e-06 
358 4.711294444724546e-06 
5670 9.980717411274675e-06 
6712 4.578028746483835e-06 
472 1.6757122544381817e-08 
4873 1.957181166389692e-07 
5390 1.1704811252325511e-05 
6125 2.3613162033550578e-06 
5866 4.953850390871355e-06 
7722 1.9782944638661328e-07 
4008 4.091388318958923e-08 
2153 8.276769084089591e-06 
1429 1.7899727829046163e-05 
4926 1.2835299306210406e-05 
3305 1.0509629111926959e-05 
7989 8.991077737010482e-07 
1459 1.4214829464136397e-07 
4972 8.27048699481077e-07 
8738 6.30309875223516e-08 
452 5.879386076070093e-06 
6963 1.2343491871713765e-05 
