966 4.393793610472735e-06 
527 2.6171275372644375e-06 
3521 4.6298251953195145e-06 
1728 3.6800811002670256e-06 
800 3.931096114174174e-06 
1654 4.844786427101481e-06 
3890 3.953104812194352e-06 
7162 3.96466547481629e-06 
2579 3.932136758423904e-06 
5831 4.091353218190475e-06 
5601 1.2512257134826406e-06 
175 3.048450597355678e-06 
6892 3.0029619251954013e-06 
5604 3.872999092782789e-06 
4020 4.346243106455936e-06 
4461 5.452054883084548e-06 
9076 3.964171795619546e-06 
61 4.010795538671263e-06 
5734 3.997926805410561e-06 
6576 3.973922716456633e-06 
9559 2.742500535278032e-06 
2584 3.963577511589547e-06 
6262 3.827278237309472e-06 
8092 4.073422801901151e-06 
4321 3.944216261018039e-06 
5899 3.9429640657777725e-06 
8636 3.9247801651379775e-06 
5336 3.964121789194765e-06 
8711 3.991510874635491e-06 
1722 4.337140318203548e-06 
2604 4.0752944188641985e-06 
6891 3.97645838928112e-06 
7727 1.562737803998504e-06 
3910 3.9431624007561325e-06 
5115 3.869152463296802e-06 
6912 3.900654041490112e-06 
1798 3.958726276113703e-06 
523 4.137208361214022e-06 
5539 3.935317518374217e-06 
2496 2.4613589619701487e-06 
2817 3.943509790920503e-06 
8672 3.938229270113425e-06 
6791 3.971887341046516e-06 
6663 4.066601733499735e-06 
64 4.050418254393324e-06 
8269 3.951451612808879e-06 
3771 3.931483371372927e-06 
246 1.5645451541380699e-06 
781 3.952545878115184e-06 
49 5.109760739324499e-06 
3611 1.486979272552914e-06 
2167 3.913186518154742e-06 
9508 4.6157411898712606e-06 
8203 3.908661053931002e-06 
7915 4.044153264261266e-06 
5700 4.4893420331257216e-06 
8955 3.952319075709032e-06 
5847 3.948407042527796e-06 
8255 3.961997587122933e-06 
5811 3.951667787268915e-06 
3613 3.935477246802504e-06 
8597 3.96329314815833e-06 
8175 3.952998924550643e-06 
3615 3.960021000493039e-06 
9284 3.784834148882969e-06 
9191 3.983783906452191e-06 
3364 3.952749337827771e-06 
287 4.650027213801287e-06 
4702 3.886755459381288e-06 
4188 3.966516941276861e-06 
8524 3.902762455813526e-06 
8917 3.94051168475144e-06 
1321 3.9205836870799675e-06 
8913 3.928093158059845e-06 
6458 3.966019597300932e-06 
157 3.8144171829048376e-06 
8730 3.969349486276756e-06 
3404 3.896106448384034e-06 
8581 3.7231203448911177e-06 
7015 3.940018519199172e-06 
7472 3.958804656958439e-06 
7320 3.803236797329853e-06 
5017 7.507760595164184e-08 
538 3.892832260787929e-06 
4830 3.7298117160011257e-06 
9801 4.40651644483449e-06 
3663 3.764335875166133e-06 
8900 9.013301869815675e-06 
204 4.13247052077602e-06 
6631 4.004600015836601e-06 
4927 3.874630660597443e-06 
295 6.005306786527254e-07 
5969 3.952355401416043e-06 
4934 3.886864200285666e-06 
7881 3.979394697823355e-06 
6173 3.972634721272644e-06 
2558 3.955669838559997e-06 
1939 3.5612944717055887e-06 
5245 3.970463260968025e-06 
2753 3.965641329994754e-06 
6721 3.9826769910171245e-06 
1402 3.4677041975747683e-06 
9466 3.951089741774142e-06 
9115 3.94946674426655e-06 
9671 3.9656426424572115e-06 
3123 3.948803798505098e-06 
5034 4.42745804872699e-06 
358 3.947450423572939e-06 
276 3.928321196205637e-06 
2840 3.94903103510365e-06 
8472 4.085336366873666e-06 
9062 3.3832070093080663e-06 
4826 3.5581835676784114e-06 
6623 4.621500263718088e-06 
2905 2.598921824344225e-07 
9404 3.871900562017521e-06 
3220 3.895761958586714e-06 
6671 4.037629757001872e-06 
4296 4.079371967415975e-06 
8397 3.983335568049507e-06 
8186 3.947479078269322e-06 
2129 3.986672723911387e-06 
5465 4.002612449279341e-06 
3648 3.7837575811821285e-06 
957 3.95388583751e-06 
2211 3.936620766942106e-06 
2408 4.373127062196873e-06 
636 3.9612214903125315e-06 
5091 4.029828705006507e-06 
5436 3.957067835988486e-06 
7785 3.946462442833551e-06 
6727 4.087772746016764e-06 
8688 3.9523732360128e-06 
5803 3.790966154139778e-06 
8393 3.71493509898237e-06 
4611 3.684215237241066e-06 
5870 3.874139867703661e-06 
7518 3.9786346453111335e-06 
9815 4.247545272812766e-06 
3400 4.039554468666251e-06 
4865 2.371665754714522e-08 
5231 3.903328394233106e-06 
1618 4.556108360552215e-06 
2683 3.770702224747152e-06 
334 3.947825042030128e-06 
1301 3.9546782960253335e-06 
3316 3.918589989581149e-06 
8575 3.8053721369377457e-06 
2378 6.776232381102463e-07 
8314 3.890282360219146e-06 
1558 4.089950008163944e-06 
4977 3.939780955205556e-06 
8260 3.848815822169971e-06 
5043 3.982973760710887e-06 
9937 3.946202573495606e-06 
6358 4.033716628239843e-06 
5910 5.391284499591334e-06 
5089 6.312833251874431e-07 
1082 3.955075925653249e-06 
9496 4.0528536976069565e-06 
7671 1.0519662687779857e-06 
7160 3.94889709656185e-06 
4563 1.6905401971042674e-06 
2924 3.962785615936856e-06 
7407 1.6074161073588694e-07 
2205 4.15897286912861e-06 
9023 3.928862181537362e-06 
78 3.5284318131122535e-06 
7172 3.935699053193177e-06 
3825 3.968320183333377e-06 
4606 3.9609303404168605e-06 
1653 4.812381556776181e-06 
5340 1.8132143337932236e-06 
2481 3.941172129142489e-06 
5672 3.952812708182759e-06 
7195 3.199574485988775e-06 
9244 2.8174136933441558e-06 
6794 4.197444301991501e-06 
6994 3.958099900026523e-06 
7967 3.9395056286284805e-06 
4943 3.7643686037033813e-06 
8173 3.7305032087710955e-06 
2767 3.925203715854325e-06 
9027 3.974243186402683e-06 
9808 3.3835685251946725e-06 
1927 3.940467409951583e-06 
6948 4.354773285830023e-06 
3950 3.9624013371821e-06 
1247 3.8275212228183375e-06 
1058 3.904040758194567e-06 
2007 4.151743485831709e-06 
639 3.7437403743610033e-06 
4722 4.0836212353282424e-06 
9796 2.898411012867402e-07 
9140 4.001143012405092e-06 
5255 3.957852243659086e-06 
2335 8.915519793434872e-06 
373 3.924019670209537e-06 
8951 3.4650886517401235e-06 
1806 4.29965958280441e-06 
5484 3.878248362370584e-06 
1095 4.027895920738993e-06 
9726 3.7074981880977784e-06 
3571 3.933708765882259e-06 
7580 3.9809296325400904e-06 
2266 7.272478251541938e-06 
2116 3.875891655889311e-06 
7769 3.8878981386281405e-06 
2681 4.185262600165008e-06 
6615 3.9352543248776855e-06 
948 3.8716956595282734e-06 
224 1.7523759310655667e-07 
7134 4.3356559761519774e-06 
3139 3.966049755155306e-06 
7467 3.8052385655989044e-06 
1887 5.404798940035949e-06 
8495 3.897356932971287e-06 
6099 6.674482670932537e-07 
1941 3.9672543125486795e-06 
383 3.942047918291811e-06 
5564 3.8806869721907016e-06 
9132 3.955400448218853e-06 
7003 3.9801988945654225e-06 
2611 3.963593126133148e-06 
1923 3.959074253336141e-06 
236 3.949780678298203e-06 
1683 4.304607659917486e-06 
810 3.951158308914815e-06 
5617 3.939847431327114e-06 
6502 3.96165074575498e-06 
3370 3.92259521983365e-06 
5009 4.037982365113767e-06 
5708 3.934947803810981e-06 
9293 1.1578139308530423e-06 
46 5.616672488760284e-07 
6893 3.992985098709626e-06 
3666 3.989981341070113e-06 
3134 3.962111687516928e-06 
6640 3.963292873180631e-06 
6264 3.9226345291502405e-06 
9162 3.965315917368685e-06 
9020 3.859099065514745e-06 
8638 3.922498552808415e-06 
4515 7.315796436220106e-06 
2571 8.091563397251813e-07 
2587 3.936636546376739e-06 
9919 3.961772897881949e-06 
8708 3.98009798714641e-06 
7180 5.592437802246863e-06 
9581 4.131934501995806e-06 
1726 3.959479412425399e-06 
7808 4.0514360956197e-06 
764 3.944029955564005e-06 
9845 3.897214886835714e-06 
4707 3.97886837603143e-06 
7431 3.9379863622214e-06 
9448 4.103052206340211e-06 
2064 3.903004756510479e-06 
1274 3.8515011665681225e-06 
9176 3.960317517601148e-06 
2024 3.7821209470412527e-06 
5723 1.8779207206192582e-06 
3286 3.1244844236220164e-06 
2747 3.955556615604007e-06 
8619 3.929983656515902e-06 
8395 4.484547548005681e-07 
3674 4.0745034480800255e-06 
6637 3.6359113305149253e-06 
7674 3.884950349005115e-06 
4108 3.963726197414033e-06 
9692 3.396925756968523e-06 
8745 3.876511585628173e-06 
8940 4.101459008974737e-06 
2346 3.929738566934664e-06 
8403 4.084360146463965e-06 
8938 4.034846195370588e-06 
3653 3.935035948878686e-06 
7430 6.2090293703187264e-06 
5903 3.422069620230585e-06 
4105 3.814167985810789e-06 
2406 2.9173074651359465e-06 
6222 3.975104796586158e-06 
2423 3.9237616156960745e-06 
1632 3.5536879358400673e-06 
2113 3.905311486709602e-06 
5123 3.825792167652199e-06 
1510 3.909523734669416e-06 
8303 3.967911823724394e-06 
372 3.6276184537901925e-06 
362 3.923843423835282e-06 
6526 1.390602655810115e-07 
2039 4.158937931378211e-06 
2361 4.075431034956914e-06 
1156 3.682328720256476e-06 
6853 4.194582036500877e-06 
1346 3.219414915598383e-06 
6694 3.2546276961860133e-06 
4402 5.597614034434433e-06 
7803 3.9254697021925165e-06 
980 3.951494797785719e-06 
3189 3.9354077627483075e-06 
9111 3.725662439722313e-06 
8527 3.9593138632936125e-06 
8589 3.890443557007233e-06 
6746 3.5158366213676572e-06 
651 3.997513769823423e-06 
3600 3.944124242493938e-06 
146 3.916019925088616e-06 
2065 3.936531067410945e-06 
4439 3.932965195921661e-06 
8734 3.969924680130604e-06 
4012 4.145298600362815e-06 
1190 3.97735314420448e-06 
8346 3.992814264083284e-06 
1453 1.9861871059499397e-06 
7756 6.624468735499145e-06 
1268 3.7739696599107433e-06 
6986 3.965926231059504e-06 
9445 3.978601901411976e-06 
3036 3.968305790164485e-06 
4876 3.949501476046559e-06 
3540 3.943387198560356e-06 
6261 3.899524480942641e-06 
2497 4.006756252678243e-06 
6443 4.098379785619921e-06 
9372 3.7990827796229454e-06 
1387 3.866827269756877e-06 
8317 3.9177839294760745e-06 
6048 4.073961922483839e-06 
595 3.950696834270031e-06 
2492 3.90809064182515e-06 
5209 3.388993838238067e-06 
5590 5.478814137796559e-06 
1352 3.9521229313298695e-06 
4273 3.8169048182673305e-06 
9773 3.716311119889813e-06 
5129 2.2878146642123285e-06 
9218 3.9630428316088575e-06 
4837 3.94930902862081e-06 
5784 3.790722375491608e-06 
3943 4.0819934726009894e-06 
3989 3.941899625455061e-06 
3074 3.9473529046774145e-06 
2785 3.937697536088266e-06 
5518 3.959913667767252e-06 
6943 3.963060551120156e-06 
7070 3.951488129789378e-06 
1265 3.6156848640091074e-06 
8431 1.1766358743202498e-06 
7171 3.963321322065684e-06 
4358 4.179805175138845e-06 
6532 3.1449855146598862e-06 
1839 1.6722499130028392e-06 
2005 3.196633716682481e-06 
2154 3.88096546186112e-06 
6751 3.825453800082318e-06 
5877 3.877182507148781e-06 
2709 4.002596271225927e-06 
5375 3.812034030354681e-06 
8703 3.96588164380275e-06 
8738 3.996531748860166e-06 
773 3.9143851642997354e-06 
1685 3.948486499934381e-06 
7027 3.973011174599497e-06 
3707 4.066631303898207e-06 
5873 3.9989423184459005e-06 
7305 7.444992745783913e-08 
6656 3.762207745193779e-06 
3158 3.932046566972795e-06 
7866 4.012530577298914e-06 
121 3.898995617794293e-06 
5002 3.953592277785869e-06 
5935 3.881027787567774e-06 
6494 3.947221480821001e-06 
9098 3.983552421119782e-06 
9987 3.836188478301308e-06 
6729 3.950192663062238e-06 
3446 3.881276664579422e-06 
5404 5.53133751025509e-06 
2943 3.7427241453226755e-06 
4960 3.9586483032887595e-06 
6908 5.0197117418988406e-06 
5410 3.941097803064222e-06 
2180 4.020865688965631e-06 
3177 3.9510460086016416e-06 
9154 4.0254691690745754e-06 
7529 7.265882608556999e-07 
3331 3.96462740606612e-06 
2473 3.963953226382557e-06 
8368 4.837582237742213e-07 
3434 4.01646480124573e-06 
5833 3.846726776033036e-06 
478 3.951626720805851e-06 
5273 2.6559036215302593e-06 
9460 4.4480316137825e-06 
3433 3.9415330914505726e-06 
2964 3.4306595329428427e-06 
9556 3.986067092505378e-06 
9028 3.8587169998837115e-06 
7052 3.877361762864902e-06 
2590 3.843158385670596e-06 
216 3.9935404536887454e-06 
6863 4.217508973608131e-06 
2332 3.947189901981363e-06 
4175 1.7934814554362313e-06 
1665 3.954457722865287e-06 
9316 3.899447650695433e-06 
44 3.856411869133402e-06 
7790 3.444605795311454e-06 
7771 3.963268750097138e-06 
9493 3.974207815277247e-06 
2380 4.674352801936639e-06 
3330 2.4725007887708003e-06 
4216 3.7660608894253356e-06 
7148 3.8806375437772706e-06 
3100 3.752919231773691e-06 
2740 3.9490557745302e-06 
1628 3.954338209868436e-06 
1314 4.082766799212398e-06 
7552 3.4804270786232205e-06 
153 3.945661326608005e-06 
7582 3.7317215442471197e-06 
2607 6.988312191282898e-07 
1429 3.916103202120941e-06 
2882 3.8975062452567925e-06 
964 4.268421298978754e-06 
9548 4.1263439366621095e-06 
5203 4.01739633245237e-06 
9761 4.383048899340467e-06 
7609 4.250229258122441e-06 
8391 3.958457541037692e-06 
8667 4.000312958860087e-06 
7767 3.9085282373658214e-06 
5284 3.9620439635253305e-06 
9077 3.9429712097485944e-06 
1450 4.2531632702527734e-06 
2395 4.20568935954105e-06 
6669 3.960978740436759e-06 
9385 4.946729139363979e-06 
7863 3.920791152988392e-06 
8336 2.3837223504030214e-06 
1091 4.066628066220104e-06 
9361 6.59729540325451e-06 
5026 3.930305719467808e-06 
9750 3.872926272487189e-06 
5138 3.92556407151366e-06 
397 4.195314284391523e-06 
5606 2.1758459926383253e-06 
1717 3.952606106239025e-06 
2324 3.951964095210704e-06 
6608 3.948719868388493e-06 
9291 3.917159913159667e-06 
5435 2.4711918610787666e-06 
3908 3.956605701285903e-06 
1796 5.390453633770116e-07 
915 3.906683700925094e-06 
7253 3.953975277026216e-06 
8367 3.1661405532128595e-06 
134 3.9590344951431265e-06 
813 4.00168887577864e-06 
3702 7.470046007798284e-06 
7982 3.923032918455621e-06 
9004 3.978205191045626e-06 
4054 3.931110289972637e-06 
3792 1.8051358763970577e-06 
4679 3.940917394822515e-06 
1076 3.996025438439578e-06 
8602 3.9537504663102434e-06 
5107 3.82183204108611e-06 
7189 3.95421683810454e-06 
8886 3.9526476689949975e-06 
5660 3.916652234392442e-06 
835 3.957267876394508e-06 
7068 3.929485951223477e-06 
1550 3.950281397542985e-06 
2819 3.8270846203644095e-06 
3086 3.97277187363414e-06 
2613 2.653298833347247e-06 
2359 4.029270356488752e-06 
1865 4.023703255147172e-06 
3957 3.957227490081943e-06 
4698 4.386108590847694e-07 
7130 3.897401992853782e-06 
9021 3.840443033141139e-06 
4818 3.8062053264158264e-06 
932 4.261928922490395e-06 
1962 4.007081359734285e-06 
7872 2.8558134709827698e-06 
4380 3.963121636937176e-06 
2776 3.986007535520012e-06 
3727 3.83764341225502e-06 
4859 3.888262470681601e-06 
1036 3.3515248371679914e-06 
9505 3.9525336195094555e-06 
5520 4.9090790228829536e-06 
8031 4.083266584456706e-06 
9662 3.2233324468845085e-06 
1281 3.948386241853607e-06 
9500 3.996786443565977e-06 
8510 5.42699266483603e-06 
5690 4.154401631295981e-06 
4919 3.6420663609386215e-06 
5786 3.881570265971287e-06 
386 4.073525352667407e-06 
1445 3.9572421909730765e-06 
6972 3.5968823069377402e-06 
5303 3.943314507536253e-06 
8013 4.2198691852872835e-06 
183 4.011806837827383e-06 
496 3.92169663733861e-06 
6567 3.963073846558988e-06 
6277 3.945412337606601e-06 
6628 3.6348568105231457e-06 
2090 2.790586373805485e-06 
293 4.416808946862638e-06 
8272 3.971071364196699e-06 
4173 3.948517635581257e-06 
7324 3.785692985418703e-06 
6896 3.792891424985438e-06 
6627 3.953465341277098e-06 
3874 2.167847377591922e-06 
4975 3.897174887601528e-06 
82 3.9266401865131865e-06 
771 3.95672114862444e-06 
8542 3.2760241496411606e-06 
1002 8.134222916484886e-08 
6430 3.897825010603382e-06 
8096 3.913852473658758e-06 
3213 7.3515450085645064e-06 
9336 4.194278307701074e-06 
3103 3.9304806641063645e-06 
3365 3.979166939445422e-06 
1794 4.061354967647362e-06 
3544 3.824906476497794e-06 
4905 4.552535774803409e-06 
41 4.035196107973906e-06 
1456 4.059889760983698e-06 
9703 6.618009511160756e-07 
7361 3.4617376731612446e-06 
8849 1.4673659541112913e-06 
4718 3.936477303187806e-06 
8070 2.3332449788876163e-06 
9985 3.8670966985651305e-06 
6970 3.617201456019422e-06 
7077 9.157213184978657e-08 
8526 3.847408330045921e-06 
2744 5.553071454415644e-06 
6847 4.023069049825342e-06 
6245 3.893543369852012e-06 
6356 5.066049669010039e-06 
6304 3.9200144557197105e-06 
2625 3.617433032125352e-06 
9228 3.893785024370881e-06 
9229 3.9558882267147e-06 
4324 4.056057415022286e-06 
9318 1.1846866990432105e-06 
4420 3.946287309886177e-06 
827 3.957189798239258e-06 
2470 4.785656709709644e-06 
4701 3.896546295829775e-06 
6420 3.9159219944617245e-06 
188 7.101827582710835e-07 
6960 3.94962140253887e-06 
1789 3.9516259747712015e-06 
7064 4.062055410030165e-06 
2455 4.345189175078883e-06 
5633 3.94819802682891e-06 
4379 3.869086553261843e-06 
6194 2.39962279357538e-07 
8211 3.947341286440394e-06 
9825 3.954369497619261e-06 
5503 3.4401139617657877e-06 
4609 4.002174163832589e-06 
2904 3.959251394257282e-06 
4343 3.5426092801801626e-06 
571 2.08569926824759e-06 
880 4.020280427473508e-06 
3445 3.940515822986451e-06 
7799 3.6281532823717e-06 
8541 3.992693939428369e-06 
3064 3.860093487625668e-06 
4603 3.8012720414545857e-06 
5911 4.004628122225989e-06 
5946 3.1949561394807265e-06 
7157 5.4286948749629384e-08 
8249 3.951175404135252e-06 
6138 3.930483987051053e-06 
531 3.6967290968055277e-06 
3817 3.711446178343976e-06 
3480 3.906325471097371e-06 
1172 4.491073274287598e-06 
9823 3.964241511883491e-06 
5725 3.911779448754319e-06 
740 3.961269462635475e-06 
8902 5.278019395554562e-06 
5555 7.135395742620217e-06 
4144 3.974865583944458e-06 
9148 3.7024148023934057e-06 
282 3.826453251325656e-06 
6121 1.177402420755399e-06 
6613 4.048267010281473e-06 
7574 3.927823638733527e-06 
1478 3.977914316415642e-06 
1008 3.986281075560223e-06 
6041 3.903732270114527e-06 
7525 1.0934208593733079e-05 
9139 1.109094090218612e-06 
3693 4.929588563849622e-06 
4501 3.998907786561022e-06 
3768 5.3269037607961126e-06 
8136 6.0078219733291395e-06 
1255 3.9635009606607496e-06 
3556 3.93778452445857e-06 
2456 3.896394031603232e-06 
816 3.956243335761597e-06 
9907 3.9572884998473295e-06 
9549 3.828252328244136e-06 
8100 3.937627907596917e-06 
8528 3.219576584607371e-06 
2965 3.955850880826406e-06 
5817 4.013029590842883e-06 
5649 3.9920825081420524e-06 
335 3.954317222470808e-06 
7169 3.511741438917411e-07 
1200 2.3202990145251677e-07 
2158 2.940770845094853e-06 
8300 3.878621003009774e-06 
6682 3.964362054085858e-06 
3492 6.320178656303283e-06 
3976 4.059421835493202e-06 
6773 3.933312627009026e-06 
3933 3.7694036652002567e-06 
7028 3.946898839845672e-06 
7414 4.084315291496113e-06 
2797 3.96263979601728e-06 
7854 3.805959141192892e-06 
8810 5.099933477102801e-06 
3289 4.014999699868544e-06 
7553 3.90290468634408e-06 
7862 3.963542353230532e-06 
3128 3.97095159259181e-06 
7286 3.819852929391357e-06 
7379 4.021474193352693e-06 
5415 3.98660947357019e-06 
7410 2.578456162016858e-06 
3229 4.085289285844345e-06 
7746 4.240809604415599e-06 
1671 3.959747050970093e-06 
365 4.2294764684517435e-06 
354 3.925076136858237e-06 
4671 4.160343537919497e-06 
8480 3.961512685019841e-06 
2869 3.950639056890016e-06 
8234 3.940601270408349e-06 
5095 3.42291191688992e-06 
9939 3.9564517461356475e-06 
5228 3.951983383035554e-06 
2992 3.977462812562128e-06 
2552 3.928489736193039e-06 
9374 3.0207023476886563e-07 
5483 4.32923478046279e-06 
2343 3.956584508668794e-06 
9996 4.337376246740347e-06 
4638 3.2908434409199078e-06 
3828 3.954801927544836e-06 
1633 3.938318960510487e-06 
9574 3.960845927066451e-06 
3602 3.2796664559714317e-06 
3268 3.948496411988708e-06 
7435 4.04991249332856e-06 
7795 4.089013820412792e-06 
5716 3.941338292414001e-06 
5190 3.980798761433661e-06 
7683 3.8101599854487517e-06 
6985 4.208629386482536e-06 
2620 3.888326906512417e-06 
8687 3.909101242822606e-06 
4509 4.274092494805291e-06 
6979 4.615160712543856e-06 
4901 3.7066626230381894e-06 
2857 3.957745913287524e-06 
377 3.384580151430551e-06 
3912 3.913084945881253e-06 
8051 4.234358985300561e-06 
6716 4.288760427405186e-06 
2262 5.530138530618561e-06 
5157 3.352500958341561e-06 
5773 3.955603362654886e-06 
59 4.105113518503769e-06 
2554 3.971907311403662e-06 
4639 1.794607456929654e-06 
2705 3.953990361309338e-06 
2667 3.961462524723274e-06 
7987 6.951405954542031e-07 
4888 3.8504820788075504e-06 
1155 3.9556601095169824e-06 
8978 3.954740635138094e-06 
26 3.8565432732790465e-06 
1828 1.8460779452074485e-06 
7600 3.951443244635111e-06 
3298 3.893856331620267e-06 
7442 3.954955835757118e-06 
6910 3.942647844641785e-06 
1460 3.5248381072501318e-06 
6928 4.117600237544284e-06 
2570 8.163345060242901e-07 
5724 3.4351395281028816e-06 
5247 3.97746537358173e-06 
3090 3.94597672357338e-06 
4075 4.3229085561538795e-06 
4186 3.695984496234075e-06 
4243 4.015259880710868e-06 
9350 4.003596156898325e-06 
8880 1.5885284190942434e-06 
875 3.949200838126156e-06 
942 3.898542172848604e-06 
8302 3.974237332927129e-06 
2765 3.9392647231983825e-06 
1340 3.868291178713563e-06 
3239 3.97431110139866e-06 
2752 3.1980061210494686e-06 
2463 3.944583789113614e-06 
4585 4.54113808664461e-06 
8310 4.3262007283486424e-06 
8635 3.941271547319424e-06 
1399 3.845387675845496e-06 
3406 3.907208657202995e-06 
8967 3.336694151550676e-07 
6607 3.957394532386468e-06 
3913 3.3731629521902775e-06 
7082 4.210051091292548e-06 
2200 3.901677444171191e-06 
9335 3.946605778623681e-06 
9787 4.52917566956885e-06 
9869 4.2098869990661474e-06 
2789 3.902150877753383e-06 
8814 4.039942090174615e-06 
8966 3.9385890280370055e-06 
4692 3.9545791042199565e-06 
8343 4.0053666524975645e-06 
5004 3.955430070670399e-06 
5574 3.901185517109232e-06 
4219 4.114448058435745e-06 
6313 3.954270099805628e-06 
5836 4.239122226257137e-06 
3013 4.06282703537623e-06 
8289 4.280279283987449e-06 
9874 5.884294101276225e-06 
1542 3.928159443241172e-06 
1381 4.039974538883492e-06 
5874 5.240433349141714e-06 
8505 3.972095781794402e-06 
6327 3.909931127903997e-06 
9409 3.7281308509490706e-06 
8074 4.0199201368577806e-06 
3314 3.93673861318974e-06 
7951 4.12041827759098e-06 
4623 3.959524091052012e-06 
9666 4.039722421149739e-06 
8717 3.841642651897873e-06 
7743 3.8103716103701285e-06 
9479 3.954034447757951e-06 
9477 3.9103916080267806e-06 
6681 6.83349738154532e-06 
9064 3.9394069016108965e-06 
9547 3.594796814162295e-06 
8612 3.7883243388978314e-06 
8719 3.681797388216534e-06 
5850 3.950956200123403e-06 
2517 3.900307743710826e-06 
2713 3.931119593571444e-06 
6705 3.9732866015459345e-06 
8540 3.958480685724737e-06 
1961 3.2546832319370702e-06 
9921 3.910563290812794e-06 
9298 3.9483242726182865e-06 
843 3.954918390836014e-06 
2120 3.900007905437206e-06 
1768 4.023384040819405e-06 
7603 3.955234943691949e-06 
2383 3.9870761854817e-06 
6762 3.915384351683065e-06 
7137 4.006800270376423e-06 
2018 3.914352787828563e-06 
7437 3.9418848240768415e-06 
3776 9.062982800748487e-07 
3378 3.952837655437439e-06 
6215 4.252070831327218e-06 
1657 3.9672803270342485e-06 
7842 5.091942822315054e-06 
6330 3.881379385849837e-06 
5452 4.506806740334464e-06 
2268 4.265091542078333e-06 
6689 1.03310286848267e-06 
6286 3.7636294762754433e-06 
5081 2.0556243171514896e-06 
1378 4.206215186463586e-06 
4 4.207534122259749e-06 
7514 4.0010112486354564e-06 
9168 7.730687271791678e-07 
9851 4.289964337286274e-06 
3671 3.950566570206228e-06 
2906 1.0724722062248437e-06 
7929 3.94450337224963e-06 
3650 3.863224375201761e-06 
3065 4.6682366482464675e-06 
7 4.025382532235254e-06 
8837 8.842872386942035e-07 
1583 3.5522937522647855e-06 
682 3.988752550435585e-06 
6498 3.950089784246074e-06 
4482 4.010211286599881e-06 
7928 4.432473443351633e-06 
4289 3.926902840803662e-06 
7813 4.054097698370066e-06 
1750 3.891195623532504e-06 
3047 3.438923769621721e-06 
5945 3.96191960805125e-06 
600 3.951788552544185e-06 
798 3.0845832957339627e-06 
5582 3.970903078125104e-06 
8759 1.9185140871015884e-06 
6322 4.210370687927012e-06 
2318 3.954447901005666e-06 
4750 3.990861058936404e-06 
8556 3.925365717950557e-06 
5082 3.924347820712657e-06 
8729 3.950587298515528e-06 
4115 3.931586366539506e-06 
1527 3.7021450541589193e-06 
3016 4.580990341241741e-06 
2786 1.3911617189842876e-07 
4032 1.5057454338059449e-06 
8001 3.960259487320335e-06 
3598 3.5994283415234554e-07 
3082 3.96350161464901e-06 
4428 3.952560786046223e-06 
4067 3.4552365427556713e-06 
8284 4.3223246525903576e-06 
1035 4.325617121770238e-06 
6039 3.702350096290524e-06 
548 3.7884963143309034e-06 
4685 4.114092189166701e-06 
1425 3.661807543207663e-06 
2938 3.8610127214053915e-06 
8952 3.921014099497506e-06 
6602 3.877410830288685e-06 
7622 3.980434940562478e-06 
6719 3.9422650065616166e-06 
7964 4.085888459459671e-06 
6157 3.957380557297164e-06 
8319 2.874388542908581e-07 
5466 3.955059036672784e-06 
8185 3.946351486898382e-06 
2805 4.001515555800769e-06 
37 3.894057370644827e-06 
3662 4.050835151601589e-06 
7233 3.898427718529332e-06 
9742 3.835204515544111e-06 
4980 2.501431515881711e-07 
7531 3.927724812528594e-06 
2398 4.062823194194633e-06 
6870 3.950423961049221e-06 
1294 4.429388259234863e-06 
5834 4.626627971143375e-06 
3573 4.144069036796369e-06 
506 3.886039084964812e-06 
1392 3.9465466279836095e-06 
4366 1.9248182886329429e-07 
1395 3.894220718344062e-06 
4495 3.90876519155238e-06 
3299 3.940088053194094e-06 
6159 3.4749688580276023e-06 
1317 3.6681445986900895e-06 
4822 1.489599024727403e-07 
9300 8.631480060015417e-07 
5944 4.323559677149366e-06 
1192 3.9711424582497295e-06 
5235 3.885920123953163e-06 
9637 3.3650924003146157e-06 
4044 3.952456297947175e-06 
7579 4.066512316570635e-06 
9481 3.992733033615315e-06 
7899 4.904057312296125e-06 
4209 4.092392319916958e-06 
5158 4.0122074882624595e-06 
6294 3.968462749178449e-06 
9625 3.911076502533409e-06 
7894 3.935311644306611e-06 
1824 3.7439802528620487e-06 
39 3.945706342057324e-06 
589 3.913160906674178e-06 
1660 3.936203079421171e-06 
8026 3.969124312594942e-06 
559 3.757788630329238e-06 
5783 3.8536483380766426e-06 
4423 5.572110831267458e-06 
4776 1.6921761542807958e-06 
7326 3.9644741106141465e-06 
8152 3.925925160469685e-06 
4884 4.2235236098224595e-06 
5254 3.943996067246961e-06 
3054 4.364321704330947e-06 
5712 3.932970962821314e-06 
8548 3.96881072993798e-06 
7125 3.963142113783398e-06 
4559 3.976142093936667e-06 
5400 3.908332486820289e-06 
5348 3.989010202746779e-06 
9990 5.4231862947661316e-08 
2741 3.924314212673651e-06 
4798 3.5017490130919845e-06 
1679 3.987801230710684e-06 
6630 3.6291366446022583e-06 
4024 3.95006511101824e-06 
8212 3.954193484445489e-06 
5739 3.965207891368496e-06 
7876 3.9559023107703e-06 
1938 5.216649712424991e-06 
8207 4.092715384906616e-06 
9084 4.049898471542972e-06 
7306 4.096050092566418e-06 
4775 3.9266746873612e-06 
7480 4.146240635800052e-06 
6200 3.925558083964893e-06 
7556 5.491726628608551e-06 
9006 4.109723922080214e-06 
6021 3.976850093082985e-06 
9943 3.9306993289211835e-06 
7587 1.065300313726941e-06 
5462 4.9147209931698716e-06 
434 3.941380313644605e-06 
7616 4.041869368439609e-06 
6586 3.913706708290297e-06 
4149 3.966508345296438e-06 
4154 3.345754342677816e-07 
4291 3.9524978276622744e-06 
1773 3.13046360190279e-07 
2566 4.7632065552479746e-06 
6400 7.305920105987764e-06 
7112 2.7649585125130013e-06 
2974 4.182928869653419e-06 
3381 3.951288168415645e-06 
2127 3.964046812877747e-06 
6282 3.9943956192201995e-06 
2055 3.987060714257214e-06 
6636 3.5186349491999867e-06 
2035 3.967834210163166e-06 
8710 3.8067745086677305e-06 
3806 4.159631849334562e-06 
5529 4.083129314743987e-06 
6988 4.409372962978311e-06 
889 3.990483704299996e-06 
3551 3.996557305855492e-06 
2411 3.670587994295164e-07 
7643 1.1285456857608803e-07 
3951 5.26570778653767e-08 
1350 3.6324898187576033e-06 
633 3.4463865018276433e-06 
8231 4.14361079401516e-06 
185 4.044039947142986e-06 
9712 4.023594468968366e-06 
6134 4.433439433153976e-06 
9045 4.1385357139849914e-06 
8744 3.752629564004066e-06 
3533 4.1173265148475655e-06 
331 3.950522512923854e-06 
6306 3.948861791191945e-06 
4389 3.922421625144086e-06 
1507 3.9163744470006705e-06 
4608 3.944357946848118e-06 
6795 3.840780814871218e-06 
8280 2.1837952102653614e-06 
2097 3.860465715600023e-06 
937 4.703906012377599e-06 
8963 4.002046853738515e-06 
8973 3.6535734415917666e-06 
7668 3.9324582711060875e-06 
2963 4.233337469492102e-06 
7307 3.957724529678811e-06 
6864 4.36691555517007e-06 
5966 3.926453099862427e-06 
8055 3.195764509517908e-06 
8121 3.965972488677583e-06 
2592 9.522996397511558e-07 
6462 3.961288862610371e-06 
5650 3.87102865745457e-06 
5128 3.938959318092943e-06 
8027 3.920619673611051e-06 
6842 1.9188868780808133e-06 
2914 3.96705600551924e-06 
3706 3.961685871525242e-06 
1114 3.2831999759071056e-06 
7109 3.7967481575598715e-06 
692 3.947373558097206e-06 
4369 4.2849081910142945e-06 
1742 3.958414089207894e-06 
9209 4.056856649178263e-06 
7689 2.1069949759991105e-06 
196 3.926694184222383e-06 
5720 3.979109366287787e-06 
4721 3.937354404931629e-06 
9056 3.6960037073488017e-06 
8949 5.1872419621650245e-06 
3867 3.782666130917943e-06 
442 3.953737860329267e-06 
8942 3.955666237488393e-06 
6281 3.954483989445757e-06 
3895 4.086456875599014e-06 
658 3.909754957193947e-06 
2694 3.265809230324139e-06 
5965 3.962033990672033e-06 
8086 2.904996281610824e-06 
7962 4.066395693968977e-06 
3508 3.952108216976348e-06 
1179 3.874958765612286e-06 
3909 4.022109998340885e-06 
425 3.893729197194512e-06 
2309 3.945936099295243e-06 
2202 3.722991333280721e-06 
7826 4.08940882476245e-06 
4078 3.151242847025659e-06 
6931 4.017178133648752e-06 
4735 3.959767204255546e-06 
8661 3.6219394679758147e-06 
1407 3.957793455183582e-06 
7425 3.844978226673343e-07 
3469 3.970023364980299e-06 
3306 3.9510556594870706e-06 
6369 4.248500936875382e-06 
2031 2.390753161043878e-06 
8471 3.947392321861141e-06 
3211 3.832796982717682e-06 
6303 3.9274957662879795e-06 
9535 3.696299874944245e-06 
7619 4.0351300187406905e-06 
7065 4.22069766113195e-06 
1120 3.982210128504403e-06 
6785 5.41544576215427e-06 
7992 3.950400001270801e-06 
4593 3.907884634930263e-06 
9482 3.937159261734113e-06 
1397 1.1038343073667563e-07 
7311 3.888370341831927e-06 
3911 3.944443419640669e-06 
7285 5.001033895726512e-06 
5090 3.6535740495840244e-06 
5986 3.691267964418433e-06 
7244 3.9593304012572075e-06 
7958 3.971455679378171e-06 
6930 3.944906024101045e-06 
3340 3.909517349335474e-06 
9159 3.951621923622783e-06 
3542 3.898601055824758e-06 
1770 4.545679745927224e-06 
2068 4.066378252460619e-06 
8919 5.511408768681564e-07 
786 3.968353631563203e-06 
9534 3.946242000919451e-06 
7349 4.018707015955965e-06 
3558 3.902381874496568e-06 
355 3.869090235012117e-06 
3838 3.951688930983615e-06 
724 5.181055472621234e-06 
9831 5.184929776668387e-06 
6936 3.954726306687324e-06 
2820 3.7707882871172644e-06 
9415 3.952676479373449e-06 
6112 3.951638600359465e-06 
9183 3.95666969359746e-06 
5374 3.995528754997507e-06 
9009 3.950799786646973e-06 
6364 3.937930302879365e-06 
4101 4.023016390627087e-06 
572 3.953608850456436e-06 
4457 3.032569889265785e-06 
1695 3.327667491122396e-06 
3386 4.477361143720424e-06 
4481 3.3599145515392828e-06 
5084 4.041290287562202e-06 
1108 4.577876673544677e-06 
1875 4.05685084057541e-06 
1734 4.509553006580541e-06 
766 3.2992050208724783e-06 
2148 4.240966073124424e-06 
5915 3.6088848745832794e-06 
2893 3.945639986094038e-06 
1519 3.95492535675038e-06 
4417 8.460434362967264e-06 
6644 3.972670805460384e-06 
1360 4.046127320943762e-06 
9900 4.0505892422748575e-06 
3342 3.984568051857203e-06 
7911 3.549083902250006e-06 
7650 3.904663799329099e-06 
8164 4.2674197246486925e-06 
2653 3.8169518661733924e-06 
4445 5.825820019023319e-06 
7776 3.8421570925913535e-06 
7252 1.8979584546213534e-06 
1553 3.950698489738615e-06 
1973 3.951899630945276e-06 
2483 3.890705124533273e-06 
5799 3.943893348643319e-06 
3731 3.949160237338734e-06 
420 3.983150914760861e-06 
8559 3.9091694918212655e-06 
1236 3.957389021751981e-06 
2382 3.998698290734273e-06 
6456 3.9845567122065e-06 
9862 3.977598087694559e-06 
7192 3.85112530382252e-06 
6654 4.644065329175124e-06 
3852 4.338916083593943e-06 
1812 3.858398659956592e-06 
7288 2.9824775987193606e-06 
8401 3.8909889945200835e-06 
921 3.972450908966342e-06 
5338 3.956020650056028e-06 
6049 3.829606493134684e-06 
6114 3.3984406947293114e-06 
4257 3.961569696181361e-06 
7913 3.928391420020574e-06 
5623 3.968245659006066e-06 
8896 3.97695669527685e-06 
8297 3.906426544922781e-06 
646 3.94460582696949e-06 
6331 3.974858603528848e-06 
6146 3.94710374049748e-06 
4280 3.966795390905416e-06 
8479 3.980036202466866e-06 
1201 3.886681339033066e-06 
6635 3.956097408069006e-06 
675 3.9994930500885475e-06 
6334 3.956846468177043e-06 
2157 2.774862375810468e-06 
410 3.946453993991361e-06 
3359 4.003924779862946e-06 
4908 2.2829808084750803e-06 
186 4.083048623572793e-06 
2576 3.2753114836251383e-06 
8331 3.9270225666569585e-06 
2050 4.263324443360511e-06 
1604 4.067748376654228e-06 
3017 3.961727961436241e-06 
112 3.879383247640704e-06 
3259 3.936998833693462e-06 
8213 1.8005196118467543e-06 
2717 3.962438398788015e-06 
58 3.937184742080562e-06 
8000 3.913337396046819e-06 
4882 4.238966754837038e-06 
7197 4.535229165772689e-06 
6792 3.955376873862308e-06 
4342 3.875112949771024e-06 
1972 3.949627116559619e-06 
6684 4.694298139360814e-06 
9164 3.9378593939220085e-06 
2119 4.305948303649551e-06 
8288 3.945738789222349e-06 
5215 3.953110066888494e-06 
7846 4.0161230922305495e-06 
5305 3.928200313980713e-06 
2837 3.950336140409086e-06 
4803 4.326717706425387e-06 
3269 4.048167351516523e-06 
3232 5.451928589523101e-06 
6057 3.2113606067722077e-06 
9364 3.942075311258781e-06 
6058 3.860767139161851e-06 
6942 3.95660950531026e-06 
2696 2.7801676132104917e-06 
5450 5.733432211363458e-06 
8021 1.4058177704555098e-06 
7061 3.985421620041926e-06 
47 3.915713112887578e-06 
3628 4.232716430277822e-06 
4694 2.7065736309592092e-06 
9602 3.9505927709105805e-06 
6894 2.3680467321537116e-07 
1496 2.764111540721554e-07 
9718 4.046654514374369e-06 
6967 3.96528079688476e-06 
2276 4.018550340861167e-06 
5872 2.1500608420816303e-06 
7548 3.794294181746091e-06 
1332 4.008014983036945e-06 
194 3.987800568106078e-06 
4799 3.948007605771912e-06 
3042 3.95528472803709e-06 
2769 1.1033342812904394e-07 
9948 3.900431414271275e-06 
892 4.344381557629349e-06 
2528 3.736328778539853e-06 
1748 3.934847399884435e-06 
8613 4.141049496592454e-06 
9935 3.90650985896972e-06 
7569 4.115160406660087e-06 
2704 4.0023697338324625e-06 
7147 3.960739781194538e-06 
9945 3.902563858169538e-06 
4705 3.8770191879983864e-06 
7187 3.956027658860696e-06 
2637 3.932792149704311e-06 
488 3.91036649037238e-06 
1295 3.891683380009818e-06 
6629 3.636249225991259e-06 
4610 3.735850278746958e-06 
7143 6.195105284540945e-06 
8752 3.93019372147885e-06 
5556 3.9125162402357876e-06 
7932 3.719180714529289e-06 
3209 3.964135010353095e-06 
1075 3.951375228584638e-06 
8885 4.044367269657426e-06 
5304 4.095684395808589e-06 
799 4.020882078304836e-06 
5502 3.5508772066977263e-06 
1848 3.993851546768276e-06 
184 4.004784247663922e-06 
3161 3.332475501428933e-06 
5972 3.9466034485021155e-06 
6263 3.7137715066076865e-06 
5194 3.2028429803279874e-06 
1561 4.3079855178195806e-06 
2990 3.947781118855765e-06 
2257 4.015917947928799e-06 
6076 4.3149020244587883e-07 
2490 3.151143461475458e-06 
7012 3.949880601451754e-06 
3670 3.339359063342592e-06 
2476 3.952169824355325e-06 
2870 3.955331163926818e-06 
2173 5.034684353456642e-06 
4297 4.022213048481547e-06 
9440 3.91604126045031e-06 
2348 4.099458457070946e-06 
891 4.1255053261575886e-06 
5282 4.012677426533168e-06 
2668 4.9689772914279415e-06 
7624 3.985078191169953e-06 
201 1.2638118848652585e-06 
7878 3.909983731456108e-06 
5139 3.983101194427445e-06 
4434 4.3390267191095945e-06 
4082 3.9563650249401576e-06 
2043 3.9891742793008545e-06 
7090 3.888286040893473e-06 
4022 3.959516489992477e-06 
1098 3.951035931508176e-06 
6534 3.9548610551015685e-06 
8321 3.876856113309828e-06 
8434 3.9268743922950215e-06 
393 8.348251551085689e-06 
6582 4.5692150994189044e-06 
7332 3.943137960440522e-06 
2539 3.9540117621468356e-06 
5876 3.9813760902342105e-06 
6723 3.941536122967392e-06 
1254 3.96153457588537e-06 
3383 3.940739772858692e-06 
1853 3.9563948147428004e-06 
3153 3.98747178276976e-06 
2372 4.063394110936971e-06 
5033 3.5036703424898377e-06 
5683 3.943372246668972e-06 
3631 4.072223826855015e-06 
4607 3.895142934235833e-06 
2022 3.951257187534416e-06 
1929 4.1143255175513836e-06 
4118 3.932154919258021e-06 
66 4.131308856680667e-06 
4393 3.60490810899543e-06 
8962 3.952300426870528e-06 
4995 4.028739892838818e-06 
2610 3.8739335694279545e-06 
630 3.9025950772120364e-06 
1103 3.86465818359663e-06 
8750 4.130856046369625e-06 
3972 6.117561063444064e-06 
8908 3.933854139413686e-06 
3690 6.281038839425264e-06 
4222 4.070528731414199e-06 
5256 3.955851864328779e-06 
6598 4.946288040799088e-06 
8511 3.815896107720333e-06 
6571 3.9223005921202255e-06 
5978 6.576005556788294e-06 
7592 3.941663466922426e-06 
34 3.78785197228147e-06 
9130 3.953464207090886e-06 
7907 3.987376529864728e-06 
5269 3.911868557477251e-06 
1177 4.238704527687273e-06 
7533 4.043953768619203e-06 
4895 3.951796858747756e-06 
5868 3.953188262225572e-06 
4424 3.95423344003118e-06 
8713 9.787247522478083e-06 
6680 3.9793982427852814e-06 
3805 3.864228948389133e-06 
4194 3.972244912145202e-06 
5036 3.900411244375078e-06 
1222 3.979621313952955e-06 
2802 3.952317084342345e-06 
4221 3.925303955938151e-06 
782 4.295039176305944e-06 
9403 3.946196786889194e-06 
7815 4.1810362904155e-06 
3584 3.957051664330224e-06 
3313 3.928628805559337e-06 
7140 3.980242634143542e-06 
973 3.4403006805166645e-06 
9794 3.8326464351488384e-06 
6320 7.433873171537145e-07 
7398 3.6917316886579154e-06 
3685 4.1102252178844866e-06 
3605 3.881099280698147e-06 
8754 2.786574460517414e-08 
3865 3.95468445213032e-06 
2106 4.074636227715871e-06 
3319 3.842712705892096e-06 
6314 4.4139316364987205e-06 
435 3.963424065797671e-06 
33 2.539567618074206e-06 
6506 5.234977904339965e-06 
2195 3.993590946360319e-06 
7377 3.967381771609011e-06 
1471 3.909881283349977e-06 
8079 3.1163075456560354e-06 
671 2.354153514877683e-06 
7262 3.936766878121369e-06 
736 3.734390355146111e-06 
9197 3.827479621072488e-06 
6535 3.919851278186994e-06 
5088 1.8597307735542694e-07 
9348 3.942476377804999e-06 
6160 3.91990964221916e-06 
7834 3.892391897206346e-06 
7231 3.957350992691361e-06 
4191 3.951987596038644e-06 
6060 3.96740521256073e-06 
5887 4.127985074108628e-06 
7820 3.954067948178174e-06 
3986 3.9593011566223785e-06 
243 3.910466029154498e-06 
3038 4.683791580224323e-06 
632 3.294570549818947e-06 
2573 3.7988705965393675e-06 
5430 3.946605406666938e-06 
3625 3.951899057507718e-06 
3858 3.967738910168759e-06 
1375 3.95823823841647e-06 
2181 6.142660821934333e-07 
4442 3.948763842117821e-06 
3637 3.902604523019049e-06 
1898 3.864159760382337e-06 
3610 3.878356161296907e-06 
3217 3.975523576527014e-06 
2778 3.96186190395759e-06 
1050 3.629577895484674e-06 
263 3.914504250400492e-06 
385 4.103303332578186e-06 
6899 3.971595959662768e-06 
8681 2.4603299085700752e-06 
3658 3.5790073359416923e-06 
5315 4.5896424887341015e-06 
7760 3.9313563036655415e-06 
455 3.967129769421772e-06 
1900 3.936766649501099e-06 
3642 4.0930228161501e-06 
6409 3.930285629589577e-06 
7883 4.2662095660644415e-06 
79 3.953910870068903e-06 
2580 3.314050803897693e-06 
9104 3.954217977721674e-06 
4386 3.956516815742176e-06 
245 3.999509609803037e-06 
9978 4.3075082431135255e-06 
4870 3.958431403346937e-06 
1493 4.485245050284221e-06 
179 5.0818702953790675e-06 
6819 3.942024945186077e-06 
7060 3.973491749127796e-06 
5951 3.9035535404057845e-06 
3440 3.949094595348723e-06 
8591 3.982816129479462e-06 
1393 3.5189398018500943e-06 
6267 2.3683052634018714e-06 
7123 3.939161823278182e-06 
6272 3.4770148860192708e-06 
7695 2.422828269320855e-06 
4767 4.0170134586824444e-06 
8825 3.7192858203999075e-06 
4027 1.52490524786521e-06 
958 2.3415063057371743e-06 
9323 3.920763218059801e-06 
1763 4.364576360786962e-06 
7728 3.998963903636429e-06 
5047 3.955514337130072e-06 
3191 3.9524016513462135e-06 
7121 3.900322649956982e-06 
9651 3.959835569060988e-06 
9962 3.90886108179194e-06 
1921 3.940393116571331e-06 
9539 3.975504671725962e-06 
8943 4.165007310802549e-06 
4135 4.250467353012564e-06 
4508 3.955217541916132e-06 
4293 4.033568965781485e-06 
8607 3.8958275429563334e-06 
2521 3.941017175233245e-06 
5653 3.989354867818245e-06 
6537 3.943094188742331e-06 
3366 3.925071878263416e-06 
995 3.894200476563365e-06 
7357 3.925884673103596e-06 
85 3.5531477884996017e-06 
6606 2.7806547260922845e-06 
8795 4.18039466671242e-06 
4155 3.950005544830188e-06 
6240 3.943438602513052e-06 
1088 3.961799849209302e-06 
9571 3.9661611546785e-06 
111 3.955795419054754e-06 
50 4.057275651903816e-06 
5477 3.9632221953887896e-06 
2245 3.925272930451991e-06 
9110 4.225708157172386e-06 
5856 4.265466777708846e-06 
9057 4.053834365253098e-06 
347 3.0240933925597225e-06 
8691 3.4430529914454482e-06 
4599 3.945360686887693e-06 
9476 4.050399421257073e-06 
6678 3.8643956067941927e-08 
6873 3.0964465622645803e-06 
3784 3.663126712343146e-06 
3262 3.968233438525985e-06 
8339 3.854398977525059e-06 
5199 3.866135916059578e-06 
19 3.9750582478320855e-06 
4929 3.960789411070056e-06 
104 4.419743116434907e-06 
6549 3.963495589636709e-06 
5259 7.046793626775822e-06 
9928 3.947952664120369e-06 
2568 3.9309192931641765e-06 
8177 3.948127978253043e-06 
579 4.0029919913615915e-06 
9267 3.9503180853730735e-06 
3062 4.362842643678382e-06 
9324 3.985282527223117e-06 
1760 4.031300626448332e-06 
7023 5.101026220805159e-06 
132 3.7802962699188816e-06 
380 3.7399536679417934e-06 
582 4.231743756172503e-06 
661 2.671008872133845e-06 
4187 4.202020470791807e-06 
1488 4.895807315800738e-06 
4202 3.936368976413059e-06 
2185 3.2705677839421397e-06 
6098 2.2283792532814993e-06 
3126 3.867489057199502e-06 
8313 3.970602551047639e-06 
9630 3.60730399144539e-06 
2907 4.014605406660696e-06 
1342 3.9534404013313945e-06 
255 3.890507867096025e-06 
6288 4.140323862317228e-06 
8364 3.904634303003276e-06 
7080 4.022844932505567e-06 
514 3.886353993865858e-06 
5007 3.909410514050476e-06 
1715 3.9515882538261155e-06 
2873 1.731885992437254e-07 
2056 3.9420755384651235e-06 
4874 3.737166223143454e-06 
1593 3.946686891747581e-06 
6096 2.8109789424634235e-06 
8789 3.951186261928387e-06 
8126 3.6361818821739193e-06 
280 4.039565433370658e-06 
1424 4.19837054842785e-06 
9126 4.248410670432708e-06 
4695 3.781602396894296e-06 
5953 3.661004877603317e-06 
2130 3.85755093955194e-06 
2627 4.310557799189631e-06 
3497 3.994859427439155e-06 
5857 3.915348675077432e-06 
7565 3.7978673095995845e-06 
6817 6.379947255361014e-06 
5619 3.955359778044331e-06 
1196 4.079425767799501e-06 
6132 2.14871508304184e-06 
3949 4.046696665983893e-06 
3341 4.201608902997055e-06 
6831 3.7530024549133845e-06 
614 1.3050109651545915e-05 
6166 3.8070878790065604e-06 
3574 3.959131386193611e-06 
5772 3.934337588789294e-06 
4181 6.1412312016335296e-06 
6411 3.922478444698765e-06 
7335 3.947058935456718e-06 
8686 3.945625603034453e-06 
9608 3.88534212137082e-06 
2265 3.9433453071736554e-06 
5551 3.947325544991305e-06 
1158 3.2748752481678165e-06 
7845 3.996420696299461e-06 
8822 3.967931768605708e-06 
218 4.011857052440855e-06 
4456 4.2644103950577675e-06 
8433 3.997940972351546e-06 
6610 3.746150950245388e-06 
7447 4.08426410154617e-06 
2105 3.9484055485593894e-06 
3285 3.4882706172782822e-06 
2025 3.9297494217060675e-06 
5531 3.938661600812628e-06 
6187 3.871267301014466e-06 
6064 4.0039391922438665e-06 
166 3.856826885203317e-06 
2730 3.942149119737588e-06 
8976 3.919734006971309e-06 
8747 2.3985755330158576e-07 
8964 4.012440453255761e-06 
924 4.013801486885054e-06 
9795 3.9575683368770555e-06 
8749 1.0147799616577775e-05 
6660 3.9100747697238925e-06 
8642 4.100546774512415e-06 
7041 3.775173776786448e-06 
935 3.889390603660631e-06 
528 3.959626327038456e-06 
7363 4.002011893609586e-06 
1359 4.142555079868186e-06 
2082 3.1834832159327483e-07 
6780 4.006794879796293e-06 
9420 5.213751655517922e-06 
3709 3.957252088816978e-06 
5023 3.946714364019021e-06 
7075 4.954614738686282e-06 
7493 3.968290723728313e-06 
5545 4.082512619704151e-06 
4143 3.844816556274124e-06 
657 8.10074885590019e-06 
1276 4.168211169663371e-06 
2465 3.849258186542296e-06 
5798 3.930237917599817e-06 
4557 3.953046146794341e-06 
9951 2.772929095668038e-06 
4050 3.947023770487911e-06 
5344 3.977738210549756e-06 
1290 3.9453190029803376e-06 
1151 3.957878019018271e-06 
6055 3.975203211419191e-06 
1577 3.979067527528788e-06 
3414 4.381294504199525e-06 
3376 4.058005632633075e-06 
6952 3.981745051093445e-06 
432 3.911730769412361e-06 
5177 3.7682029054006924e-06 
5368 3.94764101398586e-06 
7838 4.025521727845354e-06 
3687 3.921676207693199e-06 
2533 3.949892839210223e-06 
5056 3.9549820194745065e-06 
6841 3.910863339727261e-06 
8102 3.7881644906019822e-06 
8842 3.917382844063108e-06 
5578 3.9123568643014745e-06 
2321 4.172904808730955e-06 
2160 3.084564590236751e-06 
1033 3.8909155626674795e-06 
3755 3.951320519855329e-06 
9305 3.904798338647574e-06 
9594 3.7976159009827733e-06 
4743 3.878433988436622e-06 
5665 1.3012793587646264e-06 
8855 3.939533146880412e-06 
3278 3.9348415873596605e-06 
1931 3.95202600371868e-06 
9359 3.950498512933116e-06 
2409 4.056173453769741e-06 
8243 1.3217404444837026e-06 
8437 4.5581730051978864e-06 
9576 1.9959160143699345e-06 
7562 3.981419238736792e-06 
338 3.5454779994589793e-06 
8 3.936495068162145e-06 
1814 4.333266599132882e-06 
2877 3.9701491465405405e-06 
3866 3.884077053510572e-06 
4542 3.828621553205164e-06 
4427 3.806146619159154e-06 
4833 3.940520144238691e-06 
