8167 2.664730817166644e-08 
1066 4.1319367244559146e-08 
5086 1.2738586296912047e-09 
3808 2.2857466430020734e-08 
8623 2.802645263408777e-06 
5263 1.1503535805260784e-07 
2112 1.5975978118406577e-06 
3927 2.0988236132217508e-07 
901 1.6421763954005061e-07 
6173 1.7416920027350444e-07 
7723 9.950854727019953e-08 
3873 7.581049535094695e-05 
393 1.384480792474246e-06 
4682 1.5044938114809793e-05 
4011 3.685179989290632e-08 
6874 2.1470194255476284e-07 
5774 3.2405517158551334e-09 
4919 1.3203275039619052e-06 
4692 3.4942939514115423e-09 
687 4.7061383375360255e-08 
7252 4.474033939508293e-08 
3023 4.2549277157188925e-09 
9382 1.9890464110711506e-07 
6090 3.263723041824207e-09 
2113 3.409257242658389e-07 
9394 5.506670307069139e-08 
8761 5.560394013066932e-07 
652 3.6339618205626317e-06 
1831 9.195832482641886e-08 
8921 3.1326236874591913e-07 
2387 1.3964415179756884e-09 
5693 4.177343707056913e-09 
1020 5.40777943205885e-07 
1902 2.483820726916289e-07 
1755 1.8323012818816098e-08 
4075 1.9196956446495135e-05 
7604 2.203314254847072e-07 
9418 3.098815565087676e-08 
1042 1.6314269518170389e-06 
6324 1.193317333836319e-09 
5634 3.218664915898093e-07 
2068 4.2687484292161515e-08 
3551 2.5061745996135683e-06 
708 1.7128001431228335e-07 
9962 4.9126053225379e-09 
7859 3.001743602687977e-07 
2234 3.4916344645967434e-07 
7694 9.500936079542832e-09 
4562 5.696216239756699e-07 
8148 8.057340425016851e-07 
9545 2.772507139148228e-08 
9695 6.445998082960785e-08 
6738 8.511195226379442e-08 
2376 9.338729234364962e-10 
9132 4.015428973179469e-08 
2995 0.0002575383548285026 
3748 4.447262988220861e-06 
2627 3.5085800931256017e-10 
9707 4.6058548152044885e-07 
3318 3.315809413845239e-08 
4924 5.485076989830695e-09 
9257 5.134530777726426e-06 
1195 2.3199731039036386e-08 
6338 3.2781642816948064e-09 
7322 1.3469684901614917e-07 
125 4.3199350088438115e-08 
5094 2.4348812469737746e-08 
9957 7.215739117327757e-11 
4195 8.749125743334751e-09 
4941 2.7105250259150566e-07 
8314 2.2898915710812227e-07 
8076 1.2802457249325226e-06 
3148 3.056200672917064e-08 
4833 8.802292228438091e-11 
7531 3.3865332760285582e-09 
9171 7.587177188038852e-07 
2730 1.979064881765802e-08 
9964 4.043278321180788e-08 
1518 2.780582206306139e-07 
927 6.354516560950346e-08 
9741 3.4788133445543684e-07 
4054 7.628367406123691e-05 
4286 5.677699969116462e-08 
5502 1.31068006098585e-07 
7072 5.333319953726434e-08 
3300 9.96094174977348e-08 
1499 1.1963483716355416e-07 
3917 7.145544822506622e-09 
2637 8.697928128263699e-08 
5077 4.4296271026200706e-08 
3909 4.263015593308772e-09 
4447 3.4734303419928746e-07 
45 1.0812729452211109e-07 
3460 2.9948182446101757e-08 
9407 8.598329026555636e-07 
7459 1.1633133925560354e-06 
9844 5.7732847794089714e-08 
8683 4.663644386059939e-07 
5806 1.5128694312317704e-06 
9843 4.0451285748116517e-08 
9697 7.2881140970871406e-06 
5602 3.9355246444637733e-07 
9585 2.0586523572646565e-08 
9173 4.525386690379385e-09 
2829 4.628581670419957e-07 
6565 3.638056261454081e-08 
4886 1.6983068385715422e-07 
6999 1.0630734103731984e-07 
1784 2.553101047094927e-07 
7661 3.005588596755038e-08 
1187 2.8605123095150516e-07 
9494 3.403608996393158e-07 
893 7.502346521803815e-10 
3936 4.062952766107725e-06 
8319 2.2329816672800318e-08 
6552 3.145379915512215e-07 
4275 4.6306619842177016e-07 
7039 3.205284926366403e-10 
3828 1.3330433532498728e-07 
449 3.7053489462162206e-07 
1549 3.2580086344892976e-07 
9461 1.5262224070276484e-07 
2922 2.0480422615112848e-07 
1417 4.769619394578983e-08 
2314 4.482977330262823e-07 
6049 5.500867562499567e-08 
7232 6.13244673814523e-07 
6889 2.6592416879633873e-09 
6521 5.511793341010651e-08 
2062 3.189530553282527e-07 
998 3.018391818432331e-08 
3027 1.928105320889162e-08 
1409 4.13995904224862e-09 
8468 1.413211665386195e-07 
7940 9.01251184792784e-10 
8239 3.1107980872583513e-07 
4855 1.6190123370424248e-08 
3029 5.743395806315568e-07 
7721 8.41877300761728e-07 
1324 6.993090879741292e-07 
2511 3.6076927547798454e-08 
8652 9.128569477016499e-08 
2354 1.5402164543765196e-09 
8070 1.1431004297767985e-07 
8629 3.6974305953865923e-07 
892 4.897461816611662e-07 
9373 6.687420617268458e-10 
5395 2.596356244582987e-08 
3646 9.660290805204664e-07 
883 1.1996083477657307e-07 
9469 4.54610184937726e-07 
5176 2.259244638834479e-07 
2290 1.5243494472741035e-06 
4022 1.7641788846293506e-07 
2275 3.262739545900617e-08 
9709 2.5209621757802357e-07 
2485 5.616513920614352e-10 
6618 2.2408882861082756e-05 
8565 3.594528595405721e-07 
2541 3.114833272560569e-08 
