1 2 2 4 163
1 47 4 1 3
2 31 4 1 5
2 35 10 10 88199543
2 406 8 4 456
3 4 2 2 5
3 5 2 5 495
3 26 2 7 30477
5 57 3 6 6160
15 16 8 1 11
15 36 7 3 58
16 25 1 2 3
17 18 5 7 30057
17 36 8 5 4401
18 33 2 4 51
19 20 10 2 44
19 21 3 5 1185
20 142 1 4 58
20 148 7 1 8
21 22 1 3 8
22 23 1 7 9661
23 24 2 7 47961
24 25 5 4 283
24 28 3 2 11
26 27 9 2 30
27 29 4 2 9
27 30 2 2 10
28 29 8 2 15
31 33 5 9 1956663
32 33 2 3 34
32 34 4 7 48964
32 69 5 2 10
34 35 7 8 301591
34 73 9 3 100
36 37 9 1 13
36 75 3 2 10
37 52 3 4 97
37 43 3 1 3
46 47 1 4 34
47 448 6 3 56
52 67 3 10 121793690
53 54 1 2 3
53 59 1 6 1297
53 418 10 2 25
54 163 2 7 62595
55 56 9 2 41
55 59 1 4 71
56 57 6 1 3
56 66 4 10 74162018
58 59 3 3 17
58 60 9 4 606
58 199 8 3 58
58 458 8 1 5
60 63 1 2 4
63 225 9 3 80
64 65 2 2 5
64 66 3 9 3880626
65 67 1 3 6
69 70 7 3 62
70 71 9 3 131
71 101 5 1 3
72 73 7 5 1803
72 101 1 2 5
73 76 3 5 990
73 77 6 2 17
96 97 7 1 3
96 111 2 1 3
97 101 10 6 7068
98 99 1 2 4
98 100 3 5 1850
99 138 9 1 3
100 116 4 2 18
105 106 5 2 18
105 111 1 3 8
106 107 6 7 230274
107 108 9 2 19
111 114 9 3 194
113 114 10 1 11
113 116 1 8 314082
115 116 2 2 4
115 409 6 1 7
118 119 5 3 27
119 138 9 2 16
120 121 10 2 21
120 122 8 2 15
120 304 3 4 187
121 296 10 3 218
122 123 3 2 8
122 124 1 4 59
124 125 3 3 39
134 135 5 1 4
134 332 6 8 929162
135 136 4 2 12
135 137 5 1 4
137 139 9 6 19133
139 140 8 1 3
139 141 10 1 4
139 399 7 2 19
141 400 9 6 20019
154 155 2 5 629
154 156 1 2 3
154 172 1 3 8
155 168 1 4 98
156 157 5 1 6
156 171 2 5 425
157 158 5 1 6
158 159 10 6 8814
158 177 4 7 56765
159 160 4 1 6
159 161 10 1 7
159 196 8 2 25
161 162 2 4 174
161 197 2 7 32701
163 164 10 1 12
164 165 2 4 182
165 166 3 3 18
165 104 6 1 7
166 167 9 3 152
167 168 3 2 14
169 170 8 1 3
169 171 6 4 254
169 174 8 2 34
170 172 7 2 23
170 173 2 2 6
170 419 5 1 4
171 178 5 1 4
173 174 9 2 22
174 179 2 7 35286
175 176 3 2 7
176 214 9 2 16
177 178 4 4 118
177 191 1 2 3
178 421 10 7 139219
179 192 5 1 5
180 181 9 1 3
180 208 2 2 4
181 192 9 2 17
182 183 2 6 3491
182 184 5 4 144
184 185 4 1 4
184 208 7 1 8
185 186 3 2 9
185 207 10 1 3
186 187 9 1 6
186 230 5 7 128207
187 188 3 2 12
187 193 7 1 6
188 189 2 3 11
188 191 10 1 7
189 190 5 1 3
189 191 8 2 21
193 194 9 5 5116
193 217 2 2 8
194 195 2 3 26
194 217 5 3 28
195 196 1 5 333
195 216 5 1 3
196 197 5 4 177
196 476 1 3 6
197 216 10 9 7560282
198 199 5 1 3
198 221 4 2 11
199 200 10 2 26
200 10 6 7 121707
201 202 7 1 8
201 203 6 6 6734
201 351 8 8 1183482
202 213 2 2 6
203 204 5 4 251
203 205 3 1 3
205 206 8 1 9
205 231 7 1 8
205 360 3 1 5
206 207 1 5 215
206 232 4 1 3
207 233 1 4 67
208 209 8 5 1754
210 211 6 1 3
210 212 9 1 3
211 215 3 1 3
212 213 7 1 4
212 342 3 1 3
213 340 3 5 923
214 215 4 5 544
216 219 6 1 3
217 218 3 1 3
218 222 6 2 29
219 220 3 8 132958
220 221 3 4 204
220 222 10 5 6281
222 226 5 1 4
223 224 7 4 241
223 225 2 1 3
223 7 1 2 5
224 229 7 6 15945
227 228 6 2 16
227 229 4 1 5
227 272 1 3 9
228 230 2 2 6
229 401 4 4 90
231 281 6 5 1260
232 265 9 4 230
233 264 9 1 8
233 150 8 6 11389
234 235 3 4 224
234 278 7 1 5
236 237 7 1 3
236 280 9 4 980
237 238 1 3 18
237 239 8 1 5
239 240 4 4 208
240 241 4 5 1439
241 243 4 1 3
241 442 3 9 4534937
242 243 5 1 6
242 244 10 7 97287
242 314 9 2 17
242 80 7 6 30847
243 293 6 4 134
244 247 7 3 43
245 246 3 1 3
245 247 4 1 4
247 248 9 2 16
248 249 9 4 669
249 250 7 1 6
249 312 5 1 3
250 251 4 3 42
250 321 1 3 14
251 252 6 1 4
252 253 9 5 1279
252 327 10 1 4
252 301 10 5 1236
253 254 6 4 551
253 277 5 6 3889
253 266 8 1 6
254 255 4 4 282
254 256 3 1 3
256 257 4 6 8064
257 258 1 2 5
257 259 6 5 1310
260 261 8 1 8
260 262 2 4 98
260 263 10 2 26
263 264 8 4 254
263 479 1 2 4
266 267 6 2 19
267 268 4 4 99
267 299 4 3 75
268 269 8 1 5
269 270 10 1 14
269 294 1 2 3
270 271 5 2 25
271 295 3 4 107
271 133 10 5 1420
272 273 8 1 3
272 274 7 1 11
274 275 6 1 5
275 276 8 1 3
275 277 3 7 21057
275 291 4 4 97
278 279 9 1 12
278 282 10 1 3
279 280 7 1 3
280 287 5 3 80
281 289 10 1 14
282 288 6 6 7976
283 284 6 7 151098
283 285 2 5 542
283 305 3 4 281
284 290 3 2 10
284 365 4 3 26
285 286 3 1 5
285 306 1 4 33
286 287 1 2 5
286 306 9 1 11
286 452 5 4 254
287 293 3 1 4
288 289 2 1 3
289 290 5 1 3
291 292 5 1 4
297 298 2 2 5
297 454 3 2 6
298 299 3 2 12
300 301 3 2 9
300 302 3 7 57955
302 303 7 4 683
302 304 7 2 16
302 330 3 3 18
305 306 5 4 456
305 308 10 3 65
306 308 4 1 3
307 308 10 1 9
307 309 2 4 145
309 310 10 1 3
309 338 4 2 8
309 379 9 4 299
310 311 5 1 4
310 85 4 3 59
311 312 1 3 8
313 314 8 7 46850
315 316 10 8 829096
315 317 9 1 9
315 499 6 2 15
316 334 6 2 11
316 398 6 1 3
317 318 7 3 43
317 503 7 1 3
318 319 9 1 6
318 502 2 3 29
318 510 8 1 6
319 320 4 2 10
320 333 4 1 5
321 322 5 5 729
322 323 3 1 3
322 325 4 1 4
322 333 2 4 169
323 324 7 1 5
325 326 1 5 125
326 328 4 6 12722
327 328 2 3 28
328 329 10 3 78
328 495 1 2 3
329 330 6 1 8
329 331 8 1 7
331 332 10 3 69
331 489 7 1 4
332 481 9 1 3
333 493 5 4 539
334 335 2 1 3
336 337 3 2 6
336 500 2 2 8
337 338 8 5 2994
337 382 4 1 5
338 339 10 1 7
338 377 9 3 106
340 341 6 1 6
340 349 10 3 110
340 354 7 5 2438
341 343 6 3 59
342 343 3 2 6
344 345 8 5 911
344 346 3 3 33
344 385 2 2 9
346 347 5 1 6
347 348 6 4 531
347 387 10 1 4
348 349 4 4 299
348 386 7 1 5
350 351 3 1 3
350 359 4 2 9
350 13 9 5 2001
351 352 3 6 2608
352 353 8 2 26
352 356 4 2 12
353 354 1 2 3
354 355 9 1 12
355 356 6 6 5031
356 357 9 1 6
358 359 9 1 3
358 361 6 5 1404
358 362 8 1 5
358 360 10 1 15
358 92 2 2 6
360 413 2 3 12
361 388 10 2 19
362 367 1 3 12
363 364 5 3 54
363 365 6 1 4
363 370 5 5 1460
364 395 1 3 18
365 366 7 2 13
365 371 1 3 11
366 144 5 3 88
367 368 4 1 3
367 369 10 3 63
370 380 1 6 1155
371 372 5 2 23
371 373 8 4 555
371 374 2 6 4319
375 376 6 1 3
375 383 5 2 19
376 384 1 5 460
377 378 10 5 2670
377 381 4 1 7
378 384 6 3 121
381 383 10 2 32
382 496 5 2 9
383 384 4 2 21
388 389 5 1 4
388 392 5 2 21
389 390 8 10 111745690
390 391 2 3 12
392 393 2 7 31420
392 394 3 9 1288556
395 396 8 7 167180
399 411 9 2 44
400 405 1 2 4
404 405 1 2 4
404 412 8 4 273
405 89 5 3 74
408 409 6 2 30
411 412 8 6 8730
411 415 9 3 66
411 482 3 4 147
412 415 3 3 21
415 427 1 8 62135
415 487 5 2 16
427 428 8 4 228
427 431 2 3 11
427 487 7 4 561
427 424 6 4 416
428 429 10 1 4
428 432 4 1 5
481 482 7 2 27
482 488 9 7 45511
483 484 2 2 4
483 485 9 2 24
484 492 2 1 3
485 486 8 1 5
486 487 1 3 8
489 490 9 1 5
490 491 5 5 921
490 492 1 4 25
493 508 5 1 6
494 495 3 3 32
494 507 5 1 7
496 497 8 2 18
496 62 8 2 37
497 498 10 1 6
497 499 6 7 52395
499 501 3 3 23
501 447 10 4 504
502 511 3 7 81803
503 450 8 1 5
504 505 6 1 4
504 506 2 5 823
505 508 1 3 11
505 509 6 2 21
506 507 8 1 7
509 510 4 2 21
509 511 3 2 6
7 8 3 2 6
7 6 4 5 2520
10 9 3 1 3
10 11 1 2 3
13 12 6 5 3773
12 14 7 3 54
144 38 3 2 12
144 145 6 1 9
38 39 10 1 10
89 68 5 3 102
89 88 5 1 3
68 40 7 1 7
68 102 6 5 720
40 41 3 4 180
40 81 5 10 46045552
102 50 1 10 26209692
50 51 1 7 10464
41 95 8 7 274960
81 146 6 3 82
95 456 1 6 1832
95 143 10 7 65852
95 146 1 2 4
146 410 1 4 65
43 42 5 4 348
133 130 1 3 9
128 117 5 3 42
128 132 9 1 7
117 129 4 2 12
117 110 1 5 425
132 130 10 3 109
129 127 9 5 2148
127 44 2 1 3
130 131 9 1 7
44 45 7 3 48
110 109 1 6 1434
110 126 1 6 732
109 112 3 1 3
62 49 3 1 5
62 61 6 3 44
48 49 1 6 2496
75 74 5 2 20
77 78 10 5 1562
80 79 4 3 87
92 90 8 1 12
82 83 1 2 3
83 91 8 1 6
91 90 4 2 9
90 93 10 5 2901
93 94 10 2 18
85 84 6 1 3
84 86 1 2 5
84 87 8 1 3
86 87 8 4 338
104 103 4 2 8
148 147 8 2 20
147 149 6 1 8
150 153 4 4 299
150 151 10 1 4
152 153 5 1 3
398 397 8 3 48
401 402 7 3 40
401 403 3 5 1623
406 407 2 2 4
416 407 3 5 350
413 434 6 2 12
413 414 10 5 5854
433 434 7 2 13
418 417 6 7 76587
419 420 10 1 3
419 430 4 6 13035
421 422 5 2 16
421 423 10 1 5
424 425 5 1 7
424 426 6 3 40
424 438 5 3 30
438 437 10 2 45
437 439 2 1 3
454 453 5 5 918
454 435 2 2 10
453 455 5 3 63
455 460 4 2 21
435 436 2 2 4
460 463 1 2 5
463 462 1 3 9
461 462 7 1 3
461 464 6 3 56
464 466 2 2 9
466 467 10 1 3
452 451 9 1 15
452 440 6 1 3
451 459 7 2 30
459 473 6 6 5951
440 441 7 6 25093
473 472 1 6 1647
442 443 3 6 6151
448 444 1 9 363944
444 445 8 3 46
465 445 4 5 715
465 468 8 1 8
468 469 6 2 15
469 470 10 5 2112
470 471 1 3 6
447 446 8 3 162
450 449 6 1 5
458 457 7 4 307
476 474 2 1 3
476 477 4 1 5
474 475 3 7 90069
477 478 2 6 3459
479 480 1 3 18
284 177 3 5 1704
391 291 5 2 9
397 161 10 1 7
376 187 7 1 7
322 42 2 1 3
399 318 5 6 14837
463 89 1 2 4
343 194 7 4 676
437 265 3 1 5
239 53 1 3 6
411 475 1 7 24153
21 372 6 4 270
508 449 6 2 12
24 51 4 9 2302758
54 280 2 7 36676
261 73 10 3 125
2 307 8 2 34
476 36 10 1 4
374 231 2 1 3
483 72 4 5 2623
188 248 8 5 4462
326 346 7 2 33
458 449 6 1 3
435 58 5 4 190
225 130 2 9 1918041
484 174 3 5 385
322 33 8 1 12
369 191 3 2 6
330 20 5 3 81
324 21 9 1 11
18 385 6 3 94
252 297 6 4 459
7 178 3 2 9
30 43 6 1 4
397 191 7 2 25
450 80 2 2 7
458 335 10 5 1556
171 48 5 1 3
485 267 2 2 6
104 136 7 7 111888
47 507 4 4 195
302 429 2 10 280416159
424 132 2 3 11
55 69 1 7 6696
81 28 3 5 1936
346 114 2 2 5
84 284 8 1 3
57 44 5 3 27
112 358 5 3 69
103 252 4 1 5
202 401 9 1 3
106 343 4 1 5
297 285 5 1 3
47 27 6 6 9320
391 38 6 1 8
292 297 6 4 222
292 334 8 1 7
149 56 2 6 6613
56 464 10 5 2933
252 487 9 1 9
491 427 6 2 22
112 439 1 4 31
62 365 9 2 24
315 75 6 1 7
445 373 6 3 80
373 228 6 3 46
459 103 6 7 213416
5 34 1 6 2856
357 412 4 1 3
195 208 7 5 854
362 282 2 5 527
282 132 5 3 96
292 358 1 3 12
130 16 2 2 5
354 48 4 3 50
329 398 5 3 28
107 143 2 2 4
302 8 6 4 270
437 468 2 2 5
391 24 1 3 20
70 453 3 6 5721
428 250 1 3 7
427 93 2 1 3
235 500 2 2 9
476 259 4 3 25
140 144 8 1 5
373 167 10 4 1109
413 463 9 3 71
100 419 2 3 14
67 49 7 1 11
148 127 4 4 293
227 117 8 1 5
147 283 9 1 5
464 193 4 8 1275365
281 305 2 7 20450
168 300 9 8 554419
456 265 2 9 914001
74 34 9 2 23
228 497 1 2 3
84 178 10 2 30
47 339 5 1 3
137 364 9 4 417
419 487 8 3 50
497 260 6 6 22013
432 171 7 3 63
104 329 4 2 12
16 90 1 2 4
14 244 7 5 2874
56 483 7 3 59
175 2 10 1 9
151 442 8 1 4
372 443 4 1 3
460 285 9 1 3
372 171 10 1 5
267 357 10 5 1331
336 274 5 7 167640
235 63 9 1 3
279 71 10 1 3
251 475 9 1 3
440 88 1 2 5
169 453 9 2 20
172 264 1 5 305
51 471 8 1 14
503 172 1 3 18
175 199 9 1 3
230 291 7 4 223
16 205 10 2 41
339 82 7 1 3
449 137 3 2 14
119 372 6 5 1248
499 126 7 3 145
485 290 5 2 9
181 127 8 5 1401
505 298 7 2 22
290 489 4 1 3
34 249 2 3 38
179 277 8 3 120
440 73 3 2 7
343 395 6 3 51
87 478 6 4 335
316 6 5 4 160
307 144 7 1 4
308 435 5 1 5
233 510 3 1 5
126 354 5 4 344
272 162 8 6 6819
135 122 6 1 10
365 389 5 4 287
235 479 7 1 3
125 110 6 9 3396305
289 302 1 5 134
13 387 4 1 4
345 228 6 1 3
10 105 6 4 343
311 286 9 3 60
126 229 7 6 7158
286 221 4 3 56
171 11 5 2 24
172 342 4 2 8
245 407 6 3 85
63 188 2 3 13
253 232 7 1 6
435 104 4 5 806
87 138 4 2 11
30 432 1 5 152
476 53 5 2 24
107 103 4 2 11
409 12 6 1 8
344 183 9 1 3
440 85 3 1 4
210 133 8 5 1627
45 192 8 1 6
352 234 5 4 167
354 440 10 1 3
28 170 3 3 31
281 2 9 3 68
361 251 3 6 4082
35 364 6 1 7
433 81 2 8 307918
281 159 6 1 7
495 148 9 1 3
316 239 9 5 1741
143 130 6 6 12743
26 136 3 3 29
424 419 2 2 5
395 202 7 2 31
136 352 1 8 76086
380 360 10 4 470
146 72 4 4 95
424 450 2 4 165
147 425 1 5 140
451 285 7 1 4
195 101 10 1 3
457 177 7 1 5
81 208 10 7 51734
182 200 10 4 339
436 509 6 1 5
29 18 7 6 6666
149 453 3 1 3
330 473 5 2 21
73 53 5 1 4
340 196 1 8 108807
256 444 4 4 117
270 428 3 1 4
407 87 5 1 7
346 295 7 1 3
78 410 10 1 11
87 205 6 1 3
331 59 5 1 4
45 83 8 2 31
411 217 5 4 303
262 497 6 3 92
267 226 2 4 89
456 426 9 5 3916
321 505 3 1 4
479 424 7 2 18
488 420 8 3 56
236 272 8 1 11
507 217 1 2 3
366 165 10 2 20
227 338 4 2 18
228 346 2 3 15
488 324 3 1 4
116 214 10 1 5
499 343 1 5 114
155 118 4 3 36
480 256 1 6 2475
176 478 8 6 28368
375 389 3 1 4
139 438 9 1 3
366 395 4 4 139
42 36 1 5 237
470 372 5 1 3
127 490 5 7 86420
407 209 5 2 9
455 68 1 2 3
222 99 4 1 5
351 55 5 1 3
418 87 5 3 71
254 89 6 3 53
256 83 7 3 108
225 147 6 1 6
73 89 5 2 11
376 270 9 1 3
415 507 8 1 4
414 382 4 1 5
319 321 2 4 132
257 29 5 4 128
312 374 3 6 8195
43 150 6 6 24706
82 423 5 1 3
226 280 2 5 250
125 299 5 6 5216
202 220 8 1 7
290 116 10 5 1653
130 118 7 1 9
358 76 6 1 6
243 500 5 3 99
163 155 5 4 460
445 227 5 2 22
240 177 6 9 2454542
299 246 9 1 4
347 136 8 2 24
211 323 7 5 809
318 227 6 3 92
174 222 6 4 189
35 492 9 1 3
441 58 7 1 9
196 346 6 1 4
511 236 4 1 7
485 390 9 7 126834
104 59 4 2 9
479 450 8 1 7
138 5 1 6 2793
37 172 10 7 57764
138 363 1 5 399
242 4 8 2 24
482 154 7 1 3
149 188 2 2 4
99 460 9 3 112
425 450 4 4 192
357 26 5 4 459
161 115 5 3 75
381 37 7 6 5594
132 19 10 2 46
187 142 10 1 4
491 238 5 1 3
159 315 9 1 12
210 320 10 1 6
412 304 2 7 34762
455 221 2 10 13787113
206 67 8 4 298
49 231 5 1 3
148 56 9 3 82
418 274 3 3 36
101 374 6 2 12
262 368 1 3 19
508 424 4 1 6
337 46 1 3 13
509 305 6 6 4248
204 60 1 3 9
96 195 8 2 19
339 139 9 1 5
437 348 5 1 3
121 269 1 5 489
246 328 4 3 63
484 17 4 6 3744
69 250 3 2 6
402 7 1 6 1227
129 389 10 3 54
119 123 6 1 4
197 210 8 1 10
363 165 4 2 13
87 5 6 3 44
221 486 5 1 3
247 221 2 2 6
413 265 2 5 354
111 499 6 1 4
448 258 6 1 7
49 166 8 7 55315
110 115 8 2 24
26 425 2 1 3
72 204 7 2 14
315 355 9 1 5
189 99 1 5 582
509 155 3 5 1427
483 167 2 3 16
82 471 1 5 488
145 45 4 2 17
297 442 9 1 5
55 250 1 3 18
288 110 9 6 41854
445 503 8 3 125
503 235 3 3 62
332 103 5 1 5
489 487 7 1 9
127 123 2 3 16
358 357 6 3 63
330 332 7 1 4
501 372 9 1 8
253 133 4 1 5
78 174 3 3 42
337 445 1 5 473
85 334 5 4 320
498 277 3 4 177
210 80 2 3 16
42 223 8 1 3
168 27 3 2 7
160 87 8 3 54
55 270 8 3 115
36 223 3 4 67
314 10 2 1 3
410 213 2 3 14
484 485 5 2 18
309 28 6 3 64
10 219 6 3 121
69 297 8 1 5
18 402 7 1 3
457 206 9 4 219
319 504 3 2 9
401 246 10 1 15
422 501 6 3 33
26 11 3 6 14770
245 501 8 1 11
211 451 6 3 84
7 275 6 1 3
293 502 10 1 4
340 55 1 7 11019
385 449 2 7 37203
474 142 5 1 8
186 407 2 2 4
116 149 1 6 953
83 372 3 4 96
228 281 2 3 13
265 65 5 3 93
230 241 3 3 58
435 123 3 2 8
288 386 1 3 6
497 427 6 1 3
452 23 9 2 31
256 360 7 1 5
227 132 7 3 73
352 378 1 2 4
294 84 10 2 28
434 225 3 7 78266
26 289 9 1 6
415 461 1 4 43
231 103 5 1 3
58 371 2 3 43
109 176 2 4 68
445 329 6 2 22
255 165 10 2 19
219 451 6 3 32
162 205 6 3 43
491 62 7 3 43
7 308 6 3 80
18 332 9 3 74
76 390 4 6 19697
197 166 4 1 3
235 507 10 4 658
116 328 7 4 567
197 207 2 3 42
109 115 6 4 171
412 293 9 1 6
350 270 2 4 138
112 330 3 2 11
94 410 9 4 366
244 108 9 1 4
430 322 7 3 40
38 287 9 1 3
413 145 1 6 3390
132 195 7 1 3
366 374 6 7 32048
276 123 2 2 6
72 257 4 4 446
83 370 1 6 979
94 1 7 10 40479120
125 184 7 4 156
322 156 5 5 662
427 192 2 5 388
107 214 8 3 92
399 122 4 4 117
121 386 6 1 3
219 414 7 3 87
430 401 1 3 16
363 468 8 2 25
209 498 5 1 6
481 116 6 3 53
123 216 9 2 36
377 330 3 5 663
450 12 10 1 12
432 20 10 4 354
470 270 4 1 5
337 139 5 1 8
301 389 9 5 1550
135 200 4 1 7
159 50 5 7 62244
359 397 3 5 996
33 149 6 1 6
136 288 2 4 46
413 16 7 7 277439
463 182 6 6 8416
198 105 5 2 26
49 140 10 1 7
33 261 9 1 4
305 456 6 2 13
349 1 7 1 3
504 327 10 7 86933
286 335 10 3 177
283 48 10 3 96
60 394 4 1 5
227 316 9 1 6
436 460 6 1 6
88 61 1 2 4
100 508 10 3 201
477 260 9 5 5269
153 235 5 7 104173
315 224 4 2 9
418 362 2 2 4
349 509 5 2 12
35 59 2 4 129
77 252 9 2 31
461 97 8 4 687
411 182 4 3 33
509 70 9 2 40
184 381 9 1 3
316 475 4 5 1755
199 51 2 3 19
239 85 4 2 9
495 137 7 2 23
178 75 4 1 6
49 269 10 2 24
473 106 8 3 120
276 111 10 3 113
441 332 10 1 4
205 450 7 1 3
65 173 10 9 13582937
154 383 7 1 6
63 404 4 4 212
171 161 7 5 3156
118 224 2 5 385
435 190 10 3 59
108 470 1 4 88
463 209 7 2 15
147 93 7 1 4
120 408 8 6 8763
370 455 10 1 5
238 401 8 1 4
376 455 6 2 14
468 266 8 1 5
282 469 8 1 8
200 118 3 1 3
239 435 3 6 5389
29 477 9 4 641
183 3 5 2 24
232 241 8 4 195
160 491 5 1 7
384 176 5 2 9
303 407 8 1 3
244 2 9 1 12
90 477 3 3 16
269 160 4 3 64
9 255 4 4 385
500 323 10 3 127
226 17 3 4 102
162 100 5 1 3
442 354 2 6 5754
254 56 4 1 5
177 70 4 4 102
283 413 6 3 34
467 303 5 4 140
506 52 10 4 352
402 315 9 1 10
44 66 10 7 376174
205 376 1 2 5
78 375 1 3 9
45 468 4 1 5
300 11 3 5 673
288 143 6 1 4
238 91 9 1 5
423 101 5 5 3067
159 455 8 4 465
46 77 1 3 6
438 456 9 3 101
168 438 4 4 309
228 205 3 1 4
60 109 6 1 6
97 31 5 3 36
56 135 6 8 371826
215 138 3 6 3793
305 446 6 4 540
195 390 1 2 3
181 508 6 1 4
511 454 10 2 21
388 279 1 4 83
13 343 7 4 791
132 121 10 1 3
420 165 6 1 4
279 398 4 5 922
334 466 6 1 4
76 96 10 4 819
397 429 1 9 1238093
271 172 5 1 3
297 357 4 6 10752
398 305 8 4 628
266 449 10 1 4
380 322 9 3 133
511 252 9 1 4
412 136 3 2 12
273 453 8 1 3
440 111 8 1 6
88 261 7 10 237782511
40 321 10 6 12597
221 370 1 2 3
200 348 9 1 5
141 425 5 2 11
461 442 1 2 4
496 325 5 1 3
504 467 10 1 6
148 320 7 3 40
274 53 10 2 39
133 312 4 4 110
166 318 4 2 15
326 491 2 2 6
131 60 4 4 157
336 448 5 1 3
392 136 8 1 3
64 75 7 7 36041
211 433 3 7 25581
405 393 9 1 4
415 14 3 3 25
475 69 10 1 3
125 335 6 1 5
481 214 3 6 3170
125 1 3 3 36
345 352 3 2 6
511 191 1 6 2263
398 405 9 7 180797
204 231 2 9 822679
61 220 3 3 19
359 498 5 4 131
413 159 1 4 94
4 62 6 2 15
458 351 4 1 6
218 325 7 9 7993251
184 488 6 4 476
131 327 4 8 406613
29 210 7 1 4
74 138 3 2 15
48 333 5 9 2465025
110 339 6 1 7
408 186 3 5 874
340 441 4 4 90
251 446 9 1 3
31 254 1 9 579027
336 79 6 4 505
111 375 8 1 4
199 351 7 5 1998
258 429 5 1 6
503 484 7 3 98
152 452 3 2 12
247 166 7 1 5
460 442 1 2 3
81 489 1 2 3
91 476 6 5 3980
202 449 9 1 8
137 230 4 2 8
147 127 10 4 1128
229 424 9 1 11
462 27 9 1 3
387 140 3 1 4
322 160 4 2 9
177 218 9 1 5
53 275 1 4 74
268 37 4 1 4
330 88 10 1 7
107 462 7 6 12937
508 252 9 1 8
343 78 9 3 141
385 88 5 2 14
403 66 7 3 145
424 490 2 3 14
266 293 5 5 617
177 182 1 4 39
149 4 2 3 14
423 324 8 3 124
504 180 2 6 2619
457 115 6 1 5
493 85 10 1 14
257 240 6 4 212
470 36 8 6 19027
179 507 6 1 5
473 504 8 7 163214
125 304 5 1 5
363 434 2 3 23
175 87 10 1 16
183 464 5 1 3
186 482 7 2 25
146 458 2 6 2762
51 209 9 4 256
413 464 7 1 8
331 130 3 3 63
194 161 10 1 15
345 204 5 3 67
342 194 2 5 247
10 115 8 1 10
160 432 4 1 3
215 229 7 2 13
484 191 3 2 9
41 250 7 1 9
339 86 1 9 658749
244 91 3 3 52
61 236 6 7 36590
190 394 6 4 253
125 6 7 1 8
508 205 4 1 6
248 408 6 3 51
411 280 9 1 3
262 392 7 5 2142
400 392 2 2 5
386 265 1 2 3
174 34 10 5 1887
96 121 6 1 5
263 96 2 2 5
410 447 9 1 10
306 460 7 4 330
191 279 1 3 17
35 83 3 4 76
192 242 3 2 6
369 247 4 1 3
350 153 9 1 9
479 274 3 1 3
26 418 9 5 1489
301 269 10 1 15
390 181 5 1 5
316 65 8 4 424
85 146 2 2 4
356 361 9 1 9
241 163 3 1 5
284 239 10 1 3
364 384 8 1 3
70 284 2 1 3
248 479 4 8 1400375
483 142 9 2 17
38 189 4 5 1063
407 298 4 1 4
285 240 7 1 11
22 131 5 3 71
427 98 4 3 49
293 274 3 5 411
119 489 5 1 7
332 489 9 2 23
283 245 7 3 87
358 491 10 1 3
283 272 7 2 24
162 72 1 3 18
207 259 10 1 3
246 89 8 9 3028270
359 59 8 1 5
71 492 6 3 41
39 234 3 4 70
297 212 3 3 42
256 326 9 1 9
400 423 7 1 9
418 165 8 6 26937
461 334 10 5 2451
451 500 4 2 17
63 480 1 2 5
276 339 8 1 11
141 172 9 5 1057
299 64 3 2 7
93 402 1 4 44
90 165 2 2 10
433 169 1 4 49
445 468 8 1 5
367 36 5 2 9
375 508 5 1 3
225 288 3 5 369
82 296 5 1 6
156 481 8 1 5
366 8 4 3 53
100 420 9 3 75
264 109 2 4 81
92 14 4 1 4
134 35 6 3 64
414 441 3 8 404423
187 57 4 1 3
42 133 10 2 20
473 266 8 1 11
458 119 4 3 27
192 360 2 5 343
94 81 6 5 3111
216 13 1 4 36
76 173 7 4 580
120 454 8 1 4
343 60 1 4 26
192 460 2 3 37
184 465 9 3 63
69 61 5 3 59
487 247 2 7 18325
266 308 9 1 3
423 257 6 2 23
421 192 8 1 14
143 98 2 3 16
89 380 6 2 17
228 398 10 3 122
312 208 8 5 953
51 506 3 4 223
373 53 4 6 4260
494 121 6 1 5
329 228 8 3 171
86 229 5 4 239
476 119 5 1 7
76 148 8 3 125
58 21 7 1 11
443 33 7 8 1830708
233 353 3 2 7
141 25 4 1 7
195 58 3 4 114
287 178 5 4 134
181 421 3 1 5
419 33 6 1 8
386 116 1 2 3
163 39 7 5 2284
185 33 10 1 7
185 471 1 2 3
186 5 10 4 259
452 308 4 5 1285
382 35 2 1 3
172 211 6 6 5105
260 59 9 6 36597
333 111 6 4 575
57 59 5 6 5805
202 115 5 3 30
141 195 8 6 37865
510 426 10 1 4
444 365 9 2 34
39 406 2 3 22
115 421 2 5 1110
317 45 1 4 52
161 54 9 2 20
459 283 9 1 4
299 249 9 2 28
3 507 9 2 44
229 428 5 3 72
29 73 2 3 18
330 30 4 4 347
398 118 8 1 3
223 402 4 2 8
158 29 3 1 3
235 346 3 4 263
361 212 10 2 19
112 326 3 6 2871
345 235 5 1 5
358 223 8 3 151
86 283 9 1 14
467 161 9 1 6
473 223 9 4 358
29 209 5 1 8
376 243 3 1 4
72 50 10 1 3
349 439 3 3 27
308 170 3 3 20
140 271 3 7 99085
279 3 5 1 3
207 34 8 4 760
32 332 10 1 4
149 170 6 6 6594
183 54 8 1 12
325 171 9 3 72
91 163 9 2 23
40 473 5 8 282132
363 384 6 3 82
268 451 5 2 9
399 15 4 3 50
356 368 6 2 19
486 70 2 10 17293076
105 340 9 2 42
435 24 9 1 3
508 242 1 3 6
417 254 3 6 6827
386 441 5 6 4350
89 423 1 2 4
390 24 8 6 11474
504 122 5 1 6
186 208 6 1 6
70 485 8 2 33
165 337 7 2 15
18 30 6 2 11
169 36 5 1 3
212 392 3 1 4
248 453 7 2 27
169 310 7 4 560
495 378 8 3 127
241 469 7 2 15
179 231 9 3 112
119 322 2 3 16
411 311 1 6 1179
227 258 3 2 6
160 45 7 4 454
463 202 6 2 14
208 153 6 3 61
140 420 4 1 3
198 185 6 1 6
154 510 4 6 9680
314 121 8 1 10
251 401 8 1 4
100 409 3 2 8
112 412 4 1 3
28 505 6 1 6
296 137 10 2 20
495 323 10 3 192
43 180 2 2 6
159 171 8 4 219
109 281 6 4 193
232 145 8 2 33
381 27 8 3 45
140 401 7 1 12
103 320 7 1 11
86 459 4 5 1262
489 382 2 5 460
185 52 9 1 3
127 172 6 3 63
456 357 6 1 3
355 326 1 6 3091
9 219 5 2 15
160 508 10 4 294
303 177 3 3 44
463 456 8 1 3
163 224 3 9 2060390
233 28 6 2 27
142 354 10 4 234
269 336 5 1 6
258 44 3 5 1866
341 396 1 5 184
436 81 6 2 29
232 130 5 4 419
60 340 7 1 3
145 318 3 3 49
487 498 3 1 4
165 470 8 1 8
123 193 3 4 76
128 495 7 3 64
465 349 9 4 617
146 365 10 1 3
425 335 10 1 8
425 197 2 6 9470
9 241 6 5 1916
128 424 10 1 4
140 125 4 1 4
143 503 10 4 240
109 200 5 1 7
100 10 9 3 138
358 496 5 3 60
42 454 1 2 3
463 107 5 1 3
239 177 1 3 6
511 267 4 2 19
498 163 3 4 119
281 392 3 1 3
436 508 2 7 11244
270 121 9 2 42
289 495 6 3 111
327 260 10 1 6
288 510 3 2 6
13 86 9 4 359
484 104 6 1 3
76 320 2 5 542
34 270 1 6 3146
417 262 1 5 499
339 117 10 4 473
310 380 4 9 7218461
112 259 1 5 163
26 406 1 4 99
255 223 1 2 3
45 291 1 2 5
225 344 3 6 3938
440 106 1 2 3
143 484 4 1 6
354 419 3 2 10
419 206 6 6 6152
119 339 3 3 18
226 436 8 1 3
439 497 7 4 284
194 26 1 7 5344
100 262 4 1 6
77 56 5 4 386
391 338 3 3 29
197 35 9 1 6
505 417 1 3 6
508 260 8 1 5
134 480 2 2 4
209 492 4 4 246
463 286 4 2 8
121 55 5 3 39
94 58 4 5 2502
174 474 10 1 12
131 54 9 8 1070108
164 145 7 2 19
288 487 5 2 9
310 363 10 1 5
79 402 2 7 25817
178 332 9 1 13
3 218 4 2 8
70 382 8 3 150
331 321 8 2 26
357 509 5 3 56
187 274 4 1 3
179 105 6 1 4
292 415 1 3 18
153 385 3 5 603
98 383 2 5 255
250 191 3 3 19
80 417 3 4 97
165 178 7 1 5
296 247 10 1 6
66 366 5 2 11
185 205 4 4 204
39 301 1 8 87194
495 509 10 1 3
324 396 8 1 8
484 215 8 3 51
461 40 10 1 3
468 365 2 2 7
421 91 2 6 2313
478 225 5 2 14
259 305 10 1 11
64 82 7 3 44
357 475 2 5 247
89 270 9 5 1780
296 90 1 8 148667
428 311 2 2 7
473 126 8 1 3
348 165 2 3 15
245 192 4 4 154
53 264 2 2 6
252 453 8 1 3
13 167 1 2 5
245 367 8 1 4
65 488 4 4 207
178 501 7 1 3
55 321 3 7 52426
217 504 8 1 3
280 176 4 1 3
472 426 7 4 243
260 434 10 2 39
54 13 5 3 45
118 10 3 4 88
164 315 4 5 2563
203 425 5 8 525884
460 428 9 1 6
106 164 3 5 1280
342 261 7 1 3
343 26 3 2 11
188 194 1 3 12
501 128 5 1 8
265 301 7 3 63
106 340 8 2 20
449 100 8 7 260423
25 280 8 4 223
