1 5 9 2 36
1 9 4 3 27
1 10 9 4 460
1 18 8 2 17
1 19 8 2 30
1 30 3 3 31
1 48 6 3 33
1 113 3 4 169
1 136 4 4 376
1 151 7 2 19
1 157 1 4 51
1 167 4 5 1087
1 216 8 5 918
1 257 1 4 41
1 260 5 1 6
1 266 1 4 43
1 275 9 4 293
1 322 10 5 2551
1 353 1 4 40
1 416 4 3 37
1 553 6 3 77
1 619 2 4 84
1 647 5 3 30
1 671 2 3 43
1 675 4 3 73
1 680 1 4 30
1 705 5 5 1110
1 844 8 3 172
1 903 6 3 48
1 918 9 2 46
1 937 8 4 261
1 3 10 2 26
1 13 9 3 155
1 81 6 3 57
1 121 3 2 11
1 130 2 5 269
1 249 8 3 141
1 258 3 4 96
1 291 9 3 54
1 323 10 3 111
1 341 3 3 19
1 481 4 3 52
1 518 7 2 20
1 519 2 3 19
1 722 5 4 246
1 773 4 4 298
1 805 10 5 1234
1 835 9 3 160
1 919 3 3 31
2 8 6 4 221
2 16 1 5 160
2 31 7 1 8
2 38 3 3 64
2 71 4 3 44
2 83 3 3 24
2 136 6 4 170
2 229 5 3 99
2 293 4 4 171
2 358 2 5 1053
2 482 4 4 414
2 536 7 3 59
2 566 7 3 72
2 645 5 3 74
2 706 2 4 149
2 769 3 5 1437
2 826 2 4 102
2 921 3 5 1443
2 9 9 4 328
2 21 7 3 125
2 30 7 3 65
2 39 4 3 69
2 44 7 3 49
2 65 8 3 87
2 72 7 3 45
2 113 6 3 118
2 129 8 3 97
2 146 3 3 19
2 149 6 2 13
2 211 3 5 401
2 257 1 3 10
2 265 8 2 19
2 513 3 3 22
2 523 8 3 154
2 673 3 3 53
2 774 5 2 22
2 785 8 4 288
3 4 5 2 22
3 9 2 2 6
3 49 8 3 125
3 133 6 5 1170
3 168 6 3 65
3 261 6 3 67
3 268 3 2 11
3 329 8 3 132
3 524 7 1 11
3 827 1 5 455
3 34 9 3 171
3 38 1 4 57
3 68 6 4 200
3 90 10 1 10
3 142 5 3 31
3 146 1 4 59
3 386 4 4 174
3 438 6 3 37
3 547 10 1 10
3 593 8 2 24
3 711 5 3 53
3 853 4 3 38
3 913 3 3 42
4 25 5 2 10
4 132 10 4 225
4 273 2 5 301
4 278 10 2 24
4 531 6 1 8
4 593 1 5 229
4 653 10 3 108
4 818 6 4 294
4 7 3 3 62
4 34 5 3 76
4 40 8 2 36
4 61 1 4 67
4 106 9 4 484
4 108 6 3 98
4 113 4 3 28
4 199 3 2 13
4 359 1 5 188
4 489 9 2 28
4 518 9 1 11
4 628 4 3 44
4 657 7 2 23
4 666 6 4 252
5 5 9 3 111
5 16 7 2 18
5 25 5 2 11
5 51 1 4 66
5 61 7 2 31
5 65 3 3 41
5 249 6 4 293
5 285 9 3 96
5 294 4 4 99
5 369 7 2 13
5 518 7 3 70
5 577 10 2 22
5 684 5 4 140
5 775 3 3 65
5 804 5 4 118
5 809 6 5 1888
5 50 6 4 225
5 90 10 2 42
5 189 3 4 69
5 212 3 4 94
5 257 3 4 131
5 265 10 3 83
5 276 9 4 468
5 322 1 4 78
5 396 8 6 10771
5 515 7 3 41
5 547 6 4 235
5 552 8 3 129
5 555 8 3 79
5 567 1 6 697
5 593 6 3 115
5 641 6 2 20
5 646 10 3 220
5 650 1 3 13
5 901 2 5 369
6 19 4 3 55
6 217 9 3 115
6 585 6 2 29
6 888 10 1 13
6 30 2 3 17
6 58 2 5 757
6 61 9 4 222
6 186 4 3 75
6 233 1 5 594
6 257 7 3 76
6 385 4 3 28
6 513 5 4 141
6 514 10 1 9
6 534 9 2 20
6 577 8 2 31
6 626 9 2 16
6 912 6 3 76
7 149 5 3 53
7 213 5 5 602
7 260 5 4 172
7 268 9 1 12
7 269 5 4 254
7 467 7 3 38
7 513 5 4 126
7 799 10 3 93
7 1003 2 3 36
7 103 8 4 647
7 133 8 4 250
7 205 1 5 502
7 305 10 5 2164
7 326 6 4 370
7 385 1 5 373
7 397 9 5 2839
7 413 8 4 268
7 474 6 2 15
7 535 4 4 90
7 545 2 4 46
7 558 7 3 55
7 641 10 3 77
7 682 5 3 52
7 695 1 4 44
7 778 6 1 7
7 871 3 4 92
8 82 5 4 204
8 111 7 3 146
8 238 9 4 266
8 716 9 3 187
8 20 1 5 136
8 260 3 3 38
8 293 7 4 409
8 420 7 4 666
8 721 8 2 23
9 20 10 3 76
9 33 1 3 22
9 43 1 6 1833
9 59 10 3 74
9 203 8 2 40
9 273 8 4 180
9 274 4 3 65
9 387 8 3 70
9 394 7 4 173
9 487 7 2 15
9 553 8 4 180
9 643 6 2 29
9 657 9 1 9
9 736 7 3 58
9 851 1 5 150
9 903 1 5 233
9 73 7 2 21
9 169 4 4 344
9 173 1 6 1543
9 194 3 4 171
9 262 1 4 77
9 278 2 5 324
9 305 10 3 84
9 331 10 2 35
9 392 2 6 3109
9 431 2 4 97
9 518 1 4 23
9 627 10 3 76
9 775 4 2 19
9 923 9 4 205
10 40 8 1 9
10 44 2 6 7354
10 275 10 3 56
10 417 1 4 45
10 527 4 2 19
10 573 2 5 577
10 824 5 3 71
10 908 3 3 54
10 17 6 2 23
10 25 1 4 83
10 41 10 3 68
10 51 6 5 735
10 231 1 4 84
10 400 9 4 321
10 455 3 3 59
10 521 3 4 157
10 801 5 4 526
10 874 2 6 1511
10 949 3 2 11
10 501 7 5 1820
11 14 7 4 332
11 41 5 3 41
11 76 10 3 63
11 85 3 2 6
11 161 8 2 33
11 177 6 1 4
11 209 6 4 285
11 519 5 3 105
11 524 9 3 53
11 585 1 6 1014
11 600 9 2 19
11 681 1 3 18
11 779 4 4 180
11 21 2 3 13
11 45 5 2 25
11 129 1 5 451
11 130 10 3 116
11 401 4 4 138
11 529 8 5 1039
11 536 7 2 17
11 537 8 4 241
11 562 5 2 20
11 659 7 2 31
11 912 3 6 4273
11 930 5 3 27
12 205 5 3 49
12 587 9 3 105
12 753 2 4 66
12 780 8 3 69
12 203 4 5 462
12 267 1 6 852
12 306 3 3 43
12 327 6 1 7
12 347 3 4 218
12 348 10 3 76
12 515 1 4 36
12 533 7 2 18
12 597 4 6 4127
13 25 3 3 35
13 56 8 2 29
13 66 6 3 71
13 117 4 4 134
13 129 7 4 360
13 270 2 4 86
13 367 4 5 935
13 635 3 5 983
13 782 9 2 24
13 37 5 4 550
13 45 8 2 30
13 112 1 5 403
13 209 6 2 16
13 269 5 4 221
13 287 3 5 480
13 350 4 2 15
13 692 10 2 25
13 906 10 1 7
14 67 4 4 176
14 193 1 5 469
14 225 5 3 34
14 321 1 5 441
14 781 7 3 147
14 38 9 3 112
15 128 5 3 82
15 153 6 5 1026
15 211 4 4 167
15 322 1 5 123
15 377 3 3 63
15 585 6 4 565
15 617 9 3 78
15 99 7 4 514
15 209 1 3 10
15 683 10 4 829
15 781 1 4 107
16 353 5 2 13
16 486 9 2 29
16 660 2 4 110
16 855 5 3 92
16 343 10 2 46
16 558 5 3 30
17 25 1 4 100
17 65 5 3 46
17 97 7 2 27
17 133 5 3 32
17 149 8 3 173
17 199 4 4 229
17 517 8 3 61
17 644 7 2 16
17 807 1 7 6320
17 33 8 2 22
17 68 6 3 53
17 276 6 3 99
17 325 5 3 38
17 327 9 2 47
17 402 5 3 69
17 419 5 2 18
17 530 1 5 227
17 641 2 4 111
17 665 5 1 7
17 781 9 3 51
17 793 2 4 54
17 833 1 5 137
18 49 2 4 108
18 130 3 4 89
18 259 5 5 2335
18 50 2 6 8583
18 133 6 3 43
18 707 6 5 874
18 811 5 5 579
19 52 7 3 39
19 204 4 4 186
19 216 8 2 28
19 291 4 3 23
19 642 6 4 239
19 646 6 1 7
19 98 6 2 15
19 145 7 4 177
19 241 3 3 18
19 280 2 5 374
19 337 8 3 50
19 561 10 2 51
19 575 4 3 34
19 633 2 3 35
19 701 9 3 77
19 817 10 5 3892
20 25 3 4 145
20 658 3 4 280
20 710 4 4 207
20 181 1 3 14
20 293 6 4 194
20 577 10 2 25
20 712 2 3 25
21 29 4 3 57
21 37 1 4 67
21 70 5 4 184
21 177 4 3 55
21 195 5 3 76
21 324 10 1 9
21 787 9 1 13
21 27 6 2 28
21 41 3 4 151
21 68 9 3 197
21 91 5 2 23
21 96 1 5 311
21 150 5 5 777
21 404 10 2 18
21 412 10 3 173
21 531 10 1 9
21 564 3 3 53
21 681 4 3 62
21 725 1 3 20
22 117 1 3 13
22 259 8 4 458
22 309 4 3 28
22 31 7 2 15
22 137 3 4 276
22 162 6 3 127
22 401 10 3 70
22 442 3 3 64
22 545 3 3 56
22 833 9 3 150
22 840 10 3 134
23 25 9 4 324
23 69 3 3 64
23 98 8 1 13
23 108 10 2 44
23 134 2 3 37
23 282 7 3 53
23 321 5 3 28
23 332 4 5 638
23 566 6 1 10
23 27 4 3 41
23 955 6 2 17
23 978 10 1 6
24 329 3 3 28
24 771 10 1 8
24 887 5 6 6775
24 46 6 4 415
24 134 6 4 205
24 865 4 4 397
25 534 10 1 13
25 782 6 3 56
25 787 7 4 190
25 849 10 1 16
25 945 9 3 91
25 123 9 3 101
25 149 8 3 64
25 259 8 3 170
25 434 5 3 100
25 545 5 2 25
25 611 10 1 13
25 632 7 2 18
25 737 1 2 4
25 817 9 3 66
26 524 9 3 67
26 593 6 4 261
26 66 8 2 22
26 170 6 3 62
26 355 10 1 5
26 646 1 4 32
26 738 9 2 35
26 789 2 5 1212
27 110 10 3 56
27 802 2 3 17
27 34 9 4 406
27 65 7 2 18
27 105 6 3 113
27 154 7 5 2350
27 579 5 2 17
27 659 7 2 23
28 131 4 3 51
28 211 9 3 89
28 548 4 5 2366
28 550 10 3 103
28 278 2 3 23
28 295 4 5 1278
29 43 8 3 169
29 73 2 3 24
29 147 2 5 248
29 193 9 3 116
29 204 2 4 144
29 625 6 3 95
29 648 9 3 76
29 105 3 5 385
29 113 10 2 21
29 194 3 4 190
29 565 4 4 407
29 610 7 7 125877
30 328 3 3 64
30 533 10 2 25
30 810 10 6 32848
30 301 8 3 91
30 321 1 4 47
30 967 2 5 480
31 53 10 3 96
31 130 2 5 264
31 589 4 3 29
31 355 9 4 209
31 833 10 4 868
32 78 6 2 12
32 562 7 3 149
32 34 6 5 807
32 86 5 4 213
33 34 2 4 179
33 43 1 6 3932
33 73 7 2 22
33 186 4 6 4089
33 197 10 3 152
33 205 7 2 22
33 212 8 2 17
33 220 7 3 38
33 277 7 2 27
33 389 5 4 259
33 415 3 5 1290
33 515 5 3 34
33 613 10 1 13
33 642 3 5 450
33 722 8 3 43
33 760 5 5 594
33 804 4 2 16
33 849 3 4 94
33 961 3 4 128
33 97 2 5 492
33 173 3 2 12
33 177 4 3 71
33 229 5 5 773
33 263 5 5 701
33 292 7 5 1428
33 327 10 4 425
33 346 9 1 5
33 421 4 4 91
33 429 9 4 265
33 561 2 3 34
33 755 3 3 45
33 773 9 2 30
33 835 10 4 229
33 842 5 4 200
33 873 8 1 8
34 65 7 3 70
34 277 2 4 108
34 278 4 1 7
34 321 6 4 242
34 545 7 3 149
34 786 5 4 166
34 899 5 2 12
34 946 7 4 327
34 58 5 3 31
34 61 8 1 5
34 117 3 3 52
34 245 10 3 136
34 339 8 3 96
34 517 6 3 77
34 529 10 4 363
34 597 3 3 31
34 682 9 2 24
34 925 7 3 149
35 145 8 3 65
35 293 5 4 192
35 325 10 3 77
35 562 7 2 28
35 664 6 2 17
35 721 3 3 34
35 801 3 4 233
35 37 6 4 162
35 96 8 3 57
35 161 6 1 8
35 165 4 3 39
35 213 2 4 110
35 259 8 2 37
35 269 1 5 115
35 306 10 3 172
35 363 10 1 9
35 518 7 1 6
35 702 7 1 12
35 705 6 2 16
35 770 1 6 2372
35 802 8 1 14
35 978 3 3 22
36 66 5 3 34
36 267 10 4 357
36 552 1 5 646
36 690 10 2 24
36 227 1 4 56
36 284 3 4 80
36 330 4 3 38
36 713 3 3 56
36 991 7 2 37
37 49 1 3 18
37 258 4 4 90
37 267 2 4 50
37 289 8 2 15
37 321 5 2 18
37 449 4 2 13
37 556 6 5 876
37 706 6 1 8
37 859 1 6 1581
37 259 7 5 1547
37 281 7 3 45
37 290 9 3 49
37 307 10 1 15
37 513 8 4 232
37 515 10 3 151
37 528 4 4 321
37 529 3 3 44
37 551 1 4 66
37 554 8 2 36
37 573 5 1 4
37 661 4 4 102
37 997 3 3 41
37 1012 3 4 157
38 365 8 4 262
38 521 7 5 2671
38 595 6 4 272
38 641 6 3 95
38 674 8 3 123
38 68 4 4 107
38 73 10 4 276
38 130 6 3 57
38 534 8 1 12
38 953 10 2 32
39 181 9 6 11475
39 205 10 1 7
39 545 6 3 38
39 93 5 4 212
39 165 2 5 822
39 393 10 3 142
39 877 5 4 478
40 49 6 3 109
40 521 2 6 1702
40 983 5 2 25
40 41 4 4 183
40 74 5 3 82
40 130 4 3 48
40 137 8 4 462
40 202 2 2 6
40 681 9 3 59
40 898 3 3 26
41 66 8 2 24
41 257 3 4 82
41 513 6 4 133
41 529 6 2 17
41 606 8 4 640
41 646 3 3 16
41 673 10 2 20
41 757 8 2 15
41 762 1 5 457
41 841 4 4 96
41 981 10 3 68
41 162 4 4 167
41 552 1 5 214
41 761 9 3 82
42 97 8 3 52
42 264 4 5 921
42 277 2 3 25
42 322 1 5 204
42 514 2 3 16
42 988 5 4 440
42 65 8 3 52
42 273 4 3 59
42 519 8 2 34
43 43 3 5 1114
43 141 3 2 10
43 330 8 2 29
43 412 3 3 27
43 779 1 4 56
43 840 6 2 17
43 186 5 2 14
43 305 8 5 2009
43 340 5 4 318
43 514 1 4 69
43 858 7 3 112
43 883 7 4 217
44 547 8 3 123
44 193 10 4 500
44 807 4 4 118
44 833 2 5 227
45 48 9 2 16
45 431 7 4 331
45 525 5 4 209
45 795 6 3 34
45 311 5 2 24
45 567 2 6 3720
45 726 6 3 43
46 51 1 4 51
46 75 5 3 37
46 267 6 3 42
46 616 3 5 350
46 809 7 6 5616
46 845 7 4 341
46 329 10 2 50
46 742 4 4 417
46 786 3 5 1487
46 801 4 4 384
47 58 8 4 179
47 53 3 3 22
47 251 2 4 208
48 81 4 2 19
48 1023 7 2 19
48 274 7 2 29
48 289 5 5 2054
48 514 4 3 27
49 68 4 2 16
49 169 3 4 79
49 177 1 4 58
49 194 4 5 515
49 199 4 3 26
49 227 10 2 37
49 647 4 4 254
49 709 5 5 844
49 790 2 5 841
49 844 1 4 96
49 933 3 3 23
49 98 8 2 36
49 105 3 5 652
49 453 6 3 38
49 577 3 3 36
49 645 3 3 50
49 650 4 5 2070
49 776 10 2 43
50 311 3 5 360
50 314 7 5 952
50 517 1 4 40
50 94 7 4 267
50 369 5 7 73541
51 114 8 5 4745
51 529 6 2 19
51 289 10 3 93
51 873 3 1 4
52 71 7 3 44
52 378 4 1 4
52 517 5 3 106
52 81 9 1 11
52 969 7 2 25
53 189 6 4 458
53 257 5 4 209
53 286 8 2 21
53 391 3 4 91
53 900 8 4 415
53 169 9 4 539
53 193 6 1 9
53 417 4 5 2258
53 513 6 2 19
53 556 7 4 283
53 661 2 5 374
53 677 8 3 93
53 794 7 3 86
54 147 8 5 1675
54 246 10 2 43
55 113 9 2 36
55 719 3 4 334
55 157 1 4 82
56 279 1 4 59
56 210 8 4 214
57 90 9 4 228
57 268 4 4 99
57 473 9 2 24
57 545 9 5 1855
57 561 9 3 104
57 267 8 3 138
57 878 1 4 86
58 129 5 3 46
58 449 7 4 424
58 297 10 4 618
59 114 1 6 1039
59 471 1 4 27
59 60 6 3 121
59 129 5 5 710
59 402 10 4 432
59 467 10 2 44
59 596 4 4 208
59 255 6 5 789
60 293 10 4 253
60 454 3 4 340
60 584 7 5 838
61 113 7 5 825
61 949 3 4 112
61 290 8 2 30
62 645 9 3 85
62 649 3 4 183
62 66 1 4 51
62 198 5 4 145
63 522 1 4 28
63 613 7 4 209
63 420 6 3 70
64 305 3 5 470
64 746 8 2 15
65 193 9 3 73
65 195 8 6 6943
65 198 7 4 221
65 204 9 1 5
65 273 4 3 73
65 371 4 3 38
65 466 10 5 1690
65 482 7 3 49
65 515 3 3 18
65 687 1 6 1115
65 757 5 3 41
65 772 9 5 3185
65 781 4 2 9
65 791 2 3 44
65 85 6 4 197
65 105 10 3 73
65 214 10 3 114
65 247 8 3 96
65 387 10 2 18
65 483 8 4 417
65 490 1 3 9
65 573 9 5 1354
65 581 5 4 129
65 586 3 3 61
65 587 5 4 146
65 673 5 3 80
65 738 8 1 10
65 853 4 3 25
65 929 7 2 29
65 860 9 2 34
66 97 4 3 55
66 105 6 5 826
66 119 10 3 81
66 219 6 4 142
66 242 2 4 90
66 266 9 4 478
66 275 3 5 447
66 422 5 3 88
66 516 7 3 67
66 572 8 3 152
66 615 9 3 79
66 73 10 2 48
66 86 8 3 61
66 233 10 4 273
66 513 6 4 466
66 514 6 3 43
66 726 7 6 26227
67 141 9 5 1393
67 546 7 3 44
67 217 3 3 25
67 241 8 5 2609
67 409 9 2 33
67 410 1 4 89
67 519 7 4 264
67 667 2 3 23
67 190 6 5 2665
68 74 3 4 259
68 454 6 2 16
68 483 3 3 18
68 841 6 2 25
68 135 5 3 88
68 146 8 2 35
68 169 2 5 433
68 262 5 3 46
68 771 5 4 265
68 835 10 2 36
69 154 2 3 15
69 193 7 2 21
69 227 4 4 221
69 285 10 4 345
69 323 6 1 5
69 577 7 3 54
69 115 5 3 81
69 145 3 3 33
69 169 2 6 5953
69 257 2 3 12
69 403 7 3 140
69 431 10 3 200
69 550 10 3 54
69 601 6 2 14
69 769 7 3 81
69 871 2 4 59
70 139 8 2 25
70 277 3 3 48
70 467 7 5 803
70 530 8 1 7
70 573 6 2 31
70 769 6 3 71
70 147 4 2 8
70 213 4 3 38
70 257 5 4 267
70 517 2 4 74
70 661 3 3 51
70 820 7 3 84
70 493 9 4 366
71 110 8 2 15
71 213 6 4 549
71 432 6 2 27
71 609 6 4 215
71 643 7 3 62
71 647 5 2 25
71 649 3 2 12
71 673 1 4 27
71 102 2 5 1161
71 619 8 2 37
72 265 10 3 98
72 410 1 4 25
72 701 10 5 2536
73 281 3 2 14
73 438 4 3 25
73 534 2 3 14
73 962 7 1 8
73 141 8 3 117
73 170 10 2 31
73 193 6 4 161
73 262 10 1 7
73 517 3 3 35
73 578 4 4 237
73 853 1 6 850
74 641 9 2 32
74 871 4 3 64
74 1000 7 3 87
74 271 7 3 119
74 387 2 3 19
74 638 5 2 20
74 644 9 3 67
74 801 9 4 517
74 816 10 3 195
74 936 7 6 7444
74 980 7 3 96
75 513 8 3 107
75 549 9 2 45
75 601 7 5 2100
75 769 6 3 69
75 1013 2 3 34
75 85 6 3 105
75 326 9 1 12
75 539 8 4 265
76 260 2 3 24
76 577 10 3 75
76 299 3 2 8
76 386 4 4 124
77 77 4 6 3567
77 85 2 4 70
77 134 4 4 364
77 263 4 2 20
77 587 10 3 172
77 856 6 3 63
77 90 3 5 1068
77 121 1 3 18
77 577 9 5 5959
77 620 7 4 214
77 629 6 2 11
77 649 6 4 173
77 705 7 2 34
78 257 4 2 21
78 268 8 2 38
78 451 3 3 37
78 457 5 3 100
78 310 7 3 142
78 376 3 3 37
79 289 7 3 64
79 518 3 2 12
79 785 10 3 148
79 920 6 3 45
79 103 2 5 273
79 131 3 4 184
79 300 4 4 256
80 166 8 4 648
80 387 3 4 193
80 658 4 4 153
81 83 7 3 69
81 133 10 2 21
81 212 9 3 53
81 529 8 4 305
81 678 7 3 74
81 921 2 3 24
81 97 9 1 8
81 123 4 3 43
81 207 3 4 232
81 233 2 3 38
81 323 1 4 32
81 395 5 3 45
81 403 3 5 363
81 580 3 3 32
81 606 9 2 22
81 690 8 2 35
82 808 1 6 1584
82 853 5 3 101
82 137 9 5 1402
82 161 8 5 4034
82 197 3 5 376
82 522 7 2 24
82 617 3 3 16
83 281 3 2 7
83 284 5 3 56
83 723 5 5 754
83 654 7 2 17
84 116 3 3 29
84 125 1 6 2017
84 305 9 4 223
84 618 3 3 29
84 785 3 4 293
84 336 4 2 14
85 217 3 4 67
85 491 3 4 132
85 113 5 5 2267
85 135 4 4 98
85 297 10 3 84
85 539 2 5 460
85 778 8 4 298
86 661 3 6 13468
86 913 10 3 66
87 235 8 7 160409
87 525 9 3 103
87 219 1 4 30
87 531 8 6 6958
87 837 9 2 17
88 354 1 4 43
88 463 6 3 98
88 513 10 4 740
88 516 3 3 59
88 140 4 3 32
88 165 3 6 3646
89 331 10 2 52
89 783 7 4 228
89 130 8 2 28
89 209 8 4 608
90 347 1 3 20
90 552 1 4 33
91 275 1 5 229
91 844 6 3 46
91 978 6 3 119
91 989 6 3 75
91 849 1 6 1210
92 155 10 1 17
92 653 3 3 24
92 952 8 3 106
92 93 8 3 150
92 238 5 3 27
92 597 5 3 105
92 476 4 3 48
93 449 5 5 646
93 600 6 3 68
94 135 4 3 25
94 670 5 3 80
94 516 9 2 36
94 500 4 3 80
95 870 10 3 103
95 955 5 3 109
95 133 5 3 102
95 146 4 4 368
95 521 3 3 19
95 935 6 4 243
97 104 7 3 58
97 149 2 5 565
97 209 7 2 15
97 221 5 4 141
97 277 10 3 112
97 305 7 2 37
97 322 4 4 376
97 357 6 5 1245
97 548 10 3 137
97 777 10 3 132
97 821 10 3 54
97 513 3 3 19
97 561 7 2 16
97 579 7 3 116
97 841 7 1 11
98 131 7 3 50
98 145 9 3 95
98 168 3 3 48
98 196 3 3 49
98 287 7 3 77
98 474 9 5 1450
98 526 5 5 674
98 182 2 3 23
98 257 4 5 574
98 529 6 5 1075
98 550 9 2 30
98 743 5 2 11
98 801 1 4 75
99 353 3 4 90
99 402 8 3 44
99 672 5 3 36
99 929 9 3 147
99 169 5 3 74
99 202 10 2 25
99 275 3 2 6
99 404 10 3 83
99 649 1 5 149
99 717 2 4 219
100 118 6 2 16
100 135 5 3 90
100 250 10 6 17649
100 538 1 5 180
101 129 2 3 22
101 295 9 5 1132
101 753 7 2 37
101 769 6 4 154
101 902 10 2 28
101 179 10 3 83
101 198 5 6 3880
101 260 4 3 36
101 337 10 2 48
101 514 7 4 319
101 572 5 5 665
101 723 4 3 54
102 125 8 4 244
102 162 3 4 67
102 170 5 3 38
102 393 3 3 62
102 600 10 2 41
102 282 7 4 190
102 416 9 4 428
102 459 3 4 84
102 777 4 2 21
103 167 6 4 149
103 265 7 3 44
103 152 7 3 89
103 554 8 3 69
104 705 9 3 49
105 133 6 2 15
105 314 3 3 19
105 513 10 3 179
105 674 4 3 63
105 159 10 2 53
105 168 2 4 186
105 286 7 4 359
105 561 3 3 32
105 627 10 2 23
105 722 8 4 300
105 723 9 1 9
105 805 5 4 115
105 835 7 4 157
106 297 6 6 11656
106 780 5 7 44970
106 410 8 2 42
106 457 7 3 107
106 566 1 5 312
106 681 7 5 1626
107 517 7 2 29
107 653 2 4 72
107 118 9 4 663
107 305 1 4 28
107 325 3 2 7
107 341 3 3 20
107 841 10 4 491
108 130 1 4 52
108 113 8 3 52
109 134 1 6 1419
109 515 9 2 41
109 826 9 4 467
109 651 8 1 4
109 709 10 3 76
110 708 9 3 106
110 315 5 1 5
111 691 2 5 440
113 166 3 3 47
113 777 3 3 20
113 213 7 3 148
113 372 1 5 606
113 492 6 5 696
113 514 10 2 31
113 905 1 3 15
115 417 1 4 46
115 453 5 4 278
115 498 6 2 20
115 873 10 2 26
115 421 5 3 67
115 627 10 3 219
116 601 10 4 809
116 898 3 3 51
117 144 1 5 177
117 276 1 5 251
117 327 7 3 48
118 804 7 2 16
119 566 8 5 1225
120 447 6 3 39
120 837 6 3 32
121 194 7 2 23
121 579 1 5 116
122 537 9 3 147
122 523 8 4 687
122 678 5 5 1034
123 186 9 3 75
123 295 7 3 141
124 601 4 3 61
125 305 6 2 11
125 349 2 4 101
125 745 9 4 899
126 269 5 4 484
126 612 6 4 168
128 999 2 4 67
129 135 2 3 13
129 201 4 3 52
129 209 7 3 67
129 321 1 3 18
129 363 1 3 14
129 376 6 3 93
129 377 3 5 1881
129 434 8 2 26
129 454 3 3 36
129 629 3 3 38
129 771 5 2 13
129 807 6 2 21
129 178 6 3 51
129 278 1 4 75
129 349 5 3 33
129 772 8 4 216
130 164 8 3 77
130 585 4 4 97
130 708 6 3 60
130 584 5 3 102
130 655 6 2 23
130 673 8 4 316
130 913 10 4 388
130 1005 8 2 17
131 273 8 2 41
131 274 2 3 29
131 369 4 3 36
131 521 6 3 77
131 529 4 4 160
131 533 7 3 52
131 541 5 3 93
131 676 9 1 13
131 773 10 3 54
131 981 3 4 86
131 149 6 3 101
131 233 7 2 33
131 760 7 4 330
131 863 3 4 85
131 964 2 4 118
132 582 4 2 20
132 194 7 2 21
132 261 4 2 14
132 297 3 3 61
132 522 9 2 27
132 903 4 4 99
132 962 2 5 528
133 138 10 3 137
133 373 2 2 10
133 517 1 5 489
133 714 6 2 25
133 917 4 3 61
133 958 6 5 1362
133 152 5 4 119
133 289 5 3 34
133 398 6 3 59
133 518 9 3 153
133 531 6 3 35
133 567 8 5 1373
133 843 10 2 28
134 139 8 4 313
134 615 6 4 147
134 157 9 3 76
134 276 6 3 57
134 577 1 5 683
134 801 9 5 3765
135 209 6 4 433
135 225 8 2 22
135 378 3 3 49
135 391 1 5 414
135 517 2 4 56
135 769 1 4 92
135 263 4 4 203
135 293 2 3 12
135 356 7 4 355
135 486 9 2 37
135 526 9 2 21
135 533 7 3 59
135 807 6 1 7
136 259 4 2 16
136 545 6 2 11
136 141 5 3 38
136 705 2 5 438
137 161 6 3 35
137 483 3 3 17
137 611 6 3 41
137 658 7 3 94
137 685 3 4 90
137 832 5 3 78
137 283 5 4 165
137 453 9 2 38
137 553 6 5 2112
137 579 5 2 17
137 580 6 2 17
138 149 5 5 625
138 257 3 4 71
138 260 7 3 44
138 326 2 4 46
138 679 3 1 5
138 779 10 4 697
138 177 10 2 35
138 555 7 3 46
138 907 2 4 113
139 267 4 5 463
139 416 1 4 74
139 591 2 5 234
139 903 10 5 4026
139 217 3 4 206
139 259 6 3 33
139 354 5 4 186
139 538 6 4 170
140 427 2 3 16
140 866 10 2 30
140 149 3 3 22
141 144 2 3 13
141 169 6 5 2213
141 465 3 2 9
141 725 8 1 6
141 777 3 2 7
141 202 5 3 75
141 301 4 4 186
141 620 4 4 147
142 522 10 2 19
142 955 1 4 37
142 151 2 4 58
142 166 2 2 7
142 185 8 1 11
142 549 1 6 1137
142 713 8 4 345
143 642 1 3 16
143 724 5 2 17
143 787 3 3 29
143 480 7 1 6
144 145 1 3 8
144 188 2 4 83
144 287 6 3 51
144 643 7 3 150
145 249 7 5 824
145 258 5 3 35
145 419 2 5 527
145 434 5 3 110
145 521 1 4 110
145 801 1 4 40
145 161 10 4 1014
145 172 5 2 23
145 179 5 4 368
145 401 3 5 376
145 529 6 5 882
145 721 1 4 57
146 185 6 4 289
146 217 3 2 14
146 274 9 3 123
146 393 3 4 86
146 514 5 3 32
146 577 4 2 16
146 326 3 3 33
147 147 5 4 144
147 397 6 4 154
147 911 9 4 725
147 149 8 2 18
147 201 9 3 60
147 443 7 3 42
147 550 10 2 20
147 723 9 2 25
148 514 10 3 186
148 523 1 3 9
148 388 5 4 502
148 592 4 5 846
148 834 5 3 44
149 279 2 4 49
149 465 5 3 59
149 516 5 2 26
149 913 9 2 16
149 530 7 5 2974
149 593 9 3 96
149 835 2 5 372
149 910 9 2 44
150 634 6 5 1297
150 650 3 3 49
150 348 5 2 19
151 161 7 2 20
151 657 5 4 318
152 208 6 4 422
152 251 3 3 43
152 154 5 4 201
152 545 8 3 84
153 181 4 2 17
154 172 4 3 57
154 593 3 2 14
154 599 1 4 106
154 834 4 2 14
154 962 3 3 34
154 513 8 3 151
155 597 3 3 35
156 777 4 5 495
156 440 1 7 5948
157 522 1 5 318
157 815 9 3 73
157 243 4 4 92
157 258 9 4 720
157 290 7 4 244
157 315 1 5 249
157 385 9 1 10
157 529 7 3 54
157 683 3 2 13
158 405 7 2 35
158 227 3 3 51
158 516 8 5 4029
159 387 8 4 228
160 527 10 4 954
160 525 8 3 44
161 453 7 4 182
161 645 9 3 107
161 802 6 4 172
161 163 4 4 159
161 257 8 2 40
161 339 1 5 144
161 387 7 1 9
161 406 2 6 2703
161 515 9 3 68
161 545 4 5 710
161 641 9 2 44
162 327 1 4 96
162 377 2 5 855
162 525 4 2 15
162 577 3 4 101
162 718 4 4 302
162 899 4 4 186
162 185 8 2 34
162 426 6 3 59
162 639 2 4 98
162 707 7 3 128
162 815 5 3 42
163 291 1 4 35
163 307 9 3 125
163 518 10 4 228
163 194 8 3 96
163 273 10 2 50
163 293 1 5 134
163 364 2 5 391
163 563 3 5 542
163 901 4 4 104
164 228 5 2 15
164 362 2 3 11
164 602 6 3 63
164 306 1 5 279
164 669 8 4 477
165 218 10 3 119
165 265 1 3 18
165 281 9 5 1549
165 330 4 4 96
165 482 1 4 30
165 637 6 3 110
165 647 9 2 25
165 521 5 4 121
165 876 1 4 50
166 398 6 2 30
166 260 2 5 1182
166 873 3 5 1035
166 945 1 5 114
167 687 1 3 17
168 290 8 4 317
168 385 3 3 60
168 457 9 3 57
168 713 10 2 19
168 298 1 5 164
168 325 4 4 109
169 481 6 2 26
169 343 4 3 72
169 359 6 2 24
169 385 2 4 73
169 561 8 3 132
170 352 3 5 1230
170 515 6 3 126
170 339 8 4 322
170 517 5 4 152
170 549 10 3 80
171 613 6 2 26
171 722 2 3 18
172 811 10 2 40
172 529 1 6 1420
173 570 2 6 1445
173 665 3 2 15
173 577 3 4 156
174 262 7 3 71
174 513 6 4 299
174 525 3 5 1261
175 494 7 4 172
175 583 5 4 272
176 864 3 3 25
177 271 3 4 161
177 274 5 5 2500
177 825 2 5 245
177 865 6 3 51
177 917 1 4 80
177 933 2 4 50
177 221 2 4 63
177 600 9 4 381
177 609 5 3 52
178 281 10 5 1433
178 561 10 3 94
178 612 7 2 13
178 745 8 4 460
178 193 8 1 8
178 269 10 3 204
178 518 8 2 20
179 581 5 3 78
179 798 4 3 36
180 430 7 5 1378
180 325 7 4 362
180 999 4 2 8
181 601 10 2 25
181 974 9 1 5
181 971 10 4 475
182 332 7 3 53
182 769 9 3 65
182 965 5 2 13
182 641 9 2 41
183 301 1 4 52
183 673 2 4 73
183 729 3 4 161
185 665 5 2 26
186 392 10 2 28
186 609 4 3 35
187 273 7 3 100
187 583 1 3 9
188 801 10 2 40
189 200 7 1 9
189 345 7 3 49
189 849 9 4 622
193 389 3 6 4403
193 393 8 1 11
193 525 2 4 75
193 537 7 1 9
193 714 4 4 200
193 899 6 5 1758
193 905 4 4 204
193 1000 2 4 215
193 269 1 3 15
193 326 10 2 39
193 642 9 3 66
193 967 1 5 133
194 376 5 4 307
194 423 6 3 80
194 719 10 2 25
194 776 3 4 151
194 263 1 3 18
194 377 6 5 723
194 577 3 4 167
194 781 7 3 51
194 1010 2 3 15
195 322 10 4 273
195 593 1 5 116
195 678 9 3 134
195 429 8 1 7
195 907 2 3 11
196 646 7 3 49
196 852 9 3 86
197 287 2 3 27
197 378 9 2 32
197 199 6 3 54
197 323 9 4 376
197 906 9 4 489
197 925 3 4 77
198 298 3 3 65
198 593 8 1 6
198 612 2 3 14
198 770 6 2 25
198 359 9 2 46
198 434 7 4 223
198 461 1 3 12
198 967 8 2 33
199 813 3 4 76
200 788 1 3 10
201 446 1 6 1412
201 578 1 4 39
201 925 10 3 54
201 325 6 3 86
201 728 5 4 305
201 778 7 2 30
201 843 9 2 42
201 921 4 4 395
202 658 2 3 13
204 655 5 3 74
204 431 7 5 1603
205 521 2 5 609
205 331 2 3 30
206 458 8 2 28
206 453 3 3 45
206 665 8 4 325
206 947 7 1 12
206 976 4 4 194
207 531 5 3 51
207 242 8 3 109
207 387 3 5 1024
209 535 3 3 21
209 273 5 4 328
209 483 2 3 21
209 586 2 4 209
210 514 10 3 60
210 565 2 3 16
210 405 6 4 137
210 546 5 2 26
211 883 8 4 707
211 610 5 5 2557
211 649 9 2 41
211 907 1 4 32
212 395 2 6 3690
212 468 3 3 23
212 771 6 4 144
212 823 8 4 399
213 263 7 2 23
213 286 5 3 32
213 674 4 2 11
213 234 3 3 52
213 257 7 3 59
213 305 2 4 91
214 386 1 3 11
214 184 2 5 268
215 370 4 2 18
215 586 5 3 73
215 386 8 4 686
217 793 7 4 571
217 651 6 3 70
217 915 4 5 469
218 924 10 4 494
218 586 6 3 44
220 390 1 5 471
221 659 4 3 53
221 761 4 3 24
223 533 8 2 41
223 853 10 1 9
223 578 4 3 23
223 782 8 4 187
223 571 3 3 33
225 289 6 2 28
226 258 10 4 244
226 317 6 6 5702
226 949 6 3 67
226 273 5 5 653
226 610 7 3 42
227 260 10 2 43
227 473 5 3 73
227 546 3 5 391
227 659 8 2 27
227 769 9 1 7
227 783 7 3 69
228 337 7 5 841
228 593 4 4 448
228 839 4 3 23
228 729 3 5 914
229 295 5 3 69
229 577 6 2 17
230 522 3 4 69
230 701 1 4 24
231 932 7 2 16
232 262 5 3 45
232 291 10 3 62
232 297 3 4 115
232 620 9 3 83
232 905 5 4 146
232 990 2 3 30
233 481 8 3 87
233 807 9 1 13
234 913 8 3 173
234 974 9 3 166
234 518 7 2 18
235 849 4 4 248
235 918 1 3 13
235 273 6 3 103
235 523 3 3 21
236 282 9 2 29
236 646 4 4 138
236 741 10 2 20
237 578 6 3 39
237 822 7 2 27
238 679 9 2 18
239 621 8 4 727
239 643 5 5 1831
240 371 9 3 50
240 561 10 4 352
241 800 10 4 966
241 915 7 4 558
241 448 9 3 63
242 246 9 7 83358
243 267 2 4 78
244 257 5 4 197
245 357 3 4 100
245 933 5 3 66
245 537 3 4 140
245 662 7 3 94
246 706 7 5 1842
247 641 7 3 58
248 627 2 3 30
249 291 3 4 81
249 558 10 3 216
249 903 10 2 26
249 906 8 1 6
254 637 9 3 157
254 819 10 1 9
254 792 10 3 69
257 263 10 1 12
257 313 1 5 276
257 345 3 4 109
257 417 4 5 507
257 513 1 5 130
257 523 7 3 87
257 617 4 5 455
257 706 3 5 1796
257 765 2 5 644
257 773 7 6 5526
257 805 5 3 32
257 905 7 3 44
257 964 10 3 82
257 993 4 3 58
257 261 5 3 32
257 294 9 3 107
257 473 9 3 106
257 541 7 3 97
257 771 5 4 137
257 857 6 2 27
258 269 4 3 22
258 273 9 3 59
258 545 7 2 20
258 681 5 3 37
258 807 8 2 33
258 913 4 3 24
258 921 3 3 16
258 946 2 3 13
258 538 9 3 57
258 573 7 3 76
258 653 9 3 98
258 676 6 3 35
258 761 8 2 34
258 786 5 4 130
258 930 4 3 62
259 266 3 2 13
259 674 8 3 71
259 811 10 1 9
259 881 6 2 31
259 279 6 3 56
259 291 1 5 235
259 305 8 3 51
259 330 10 3 63
259 641 10 2 27
259 723 8 4 215
259 879 3 4 269
259 272 10 1 17
260 269 10 1 6
260 328 2 4 131
260 533 7 4 175
260 273 2 4 205
260 657 2 6 2089
260 675 1 4 27
261 296 10 4 344
261 523 2 4 162
261 546 10 1 15
261 679 9 2 45
261 979 8 2 23
261 297 4 2 16
261 530 4 3 26
261 666 2 4 83
261 693 6 3 73
261 742 4 5 2443
261 867 4 4 115
261 1001 1 5 190
262 357 4 3 40
262 673 10 3 202
262 996 3 4 75
262 426 1 4 62
262 626 8 3 44
262 753 8 4 223
262 939 7 3 68
263 907 1 5 143
263 1014 8 1 11
263 322 5 3 60
264 547 2 4 45
265 297 9 2 26
265 321 2 5 238
265 569 4 6 5548
265 266 4 4 191
265 815 5 3 89
265 836 8 3 48
265 872 9 2 36
266 340 10 1 4
266 633 1 5 216
266 335 6 3 59
266 465 10 4 685
266 548 2 4 52
266 615 5 3 103
267 273 7 4 566
267 327 6 3 32
267 337 2 6 3943
267 505 10 2 35
267 362 8 3 79
267 513 7 2 33
267 253 5 3 66
268 524 7 3 48
268 582 3 5 691
268 505 1 5 130
269 513 7 4 280
269 525 5 3 82
269 578 3 4 77
269 986 1 4 39
270 445 4 4 290
270 641 5 4 345
270 489 4 3 68
271 533 8 3 108
271 643 10 2 53
273 281 9 5 1550
273 379 2 4 78
273 521 8 3 47
273 555 6 2 16
273 641 10 2 49
273 685 1 4 24
273 900 2 2 4
273 323 1 4 91
273 343 9 4 303
273 922 8 2 41
274 582 1 3 10
274 694 6 3 77
274 810 1 6 1149
274 904 9 1 13
274 516 4 4 182
275 335 9 2 22
275 302 8 2 35
275 793 7 3 127
275 933 6 3 102
276 402 1 3 19
276 486 5 3 53
276 513 10 3 105
276 387 7 3 136
277 289 1 5 148
277 393 3 5 896
277 395 10 3 68
277 539 8 3 71
277 629 6 3 98
277 662 5 3 62
277 484 7 3 114
277 591 7 5 1179
277 908 9 1 11
278 386 6 3 88
278 402 7 3 44
278 770 7 2 36
279 531 8 2 34
279 657 10 2 38
279 684 7 3 58
280 902 5 4 224
280 417 4 4 298
280 510 8 4 315
281 601 9 3 53
281 675 3 3 23
281 327 5 3 100
281 745 8 4 193
281 252 3 4 237
282 518 8 2 25
282 607 6 3 97
282 833 5 4 118
283 577 9 2 30
283 718 6 4 570
283 788 8 3 97
284 515 2 3 22
284 713 7 3 151
285 836 6 4 196
285 402 7 5 1009
286 483 5 3 64
287 625 6 3 82
287 833 4 6 6104
287 1002 4 3 52
287 890 2 3 33
288 449 10 5 1464
288 803 4 5 613
288 814 4 2 17
289 293 4 4 138
289 342 10 1 15
289 546 7 3 90
289 777 1 5 330
289 297 6 4 134
289 335 2 4 90
289 355 9 3 181
289 421 6 3 112
289 482 5 3 110
289 550 2 3 14
289 608 9 2 40
289 675 7 4 762
289 738 7 5 806
290 346 8 1 12
290 469 7 4 177
290 473 8 2 40
290 649 5 3 60
290 754 3 2 6
290 789 3 3 20
290 647 3 5 1339
291 329 7 5 2254
291 389 1 3 18
291 652 8 3 158
292 611 5 5 2152
292 769 6 4 406
292 968 6 3 98
292 300 4 4 103
292 962 7 3 151
293 525 5 4 406
293 594 4 3 30
293 304 3 3 23
293 305 10 3 69
293 417 8 2 24
293 533 8 1 13
293 578 6 4 200
293 705 5 4 282
294 961 6 2 12
294 622 1 3 22
295 743 4 2 16
295 865 6 3 32
295 713 6 3 78
297 337 6 3 89
297 410 4 3 28
297 517 4 3 68
297 348 4 2 19
297 521 3 4 77
297 555 10 3 185
298 326 4 4 160
298 390 5 3 30
298 545 5 3 50
298 743 4 3 53
298 388 3 4 179
299 801 10 3 160
299 405 6 4 349
300 496 6 3 67
300 631 1 5 194
301 468 4 2 17
301 591 7 3 45
301 761 3 3 16
302 778 8 1 12
302 649 3 3 22
303 809 5 3 47
305 514 6 3 122
305 833 5 3 53
306 577 2 4 65
306 398 1 4 54
307 551 4 3 63
307 919 10 2 18
308 515 5 3 93
309 584 3 2 8
309 641 8 3 64
309 693 3 4 258
309 833 2 3 28
309 849 2 5 371
309 851 5 3 43
310 775 1 4 25
310 703 7 2 37
311 937 2 3 11
313 515 9 3 70
313 385 9 3 93
313 802 7 5 2555
314 348 4 4 232
314 849 10 3 117
314 901 4 4 124
314 970 10 3 180
315 377 4 3 30
315 519 6 3 86
316 740 4 3 49
316 321 3 2 6
316 514 9 5 1659
317 453 8 2 26
317 362 8 3 51
317 930 9 2 36
317 939 5 2 9
317 1014 3 6 9404
319 533 10 3 61
319 915 7 3 110
319 778 10 2 51
321 408 4 4 205
321 429 7 2 34
321 469 6 3 37
321 642 8 2 16
321 721 5 2 23
321 922 2 4 156
321 928 3 4 104
322 338 8 4 186
322 769 2 4 77
322 835 7 4 176
322 1009 10 1 4
322 450 8 4 225
322 977 7 3 58
323 417 10 1 8
323 900 2 3 27
323 903 8 2 28
323 593 9 4 259
323 727 6 2 28
324 361 5 2 14
324 516 8 1 14
324 722 9 3 139
325 514 6 1 9
325 531 8 3 59
325 789 7 3 138
325 985 2 4 67
326 615 3 4 101
326 721 7 5 2694
326 531 9 5 3181
326 577 2 3 27
326 710 3 6 3742
327 444 5 4 146
327 769 7 5 1121
327 807 8 5 1264
328 676 3 2 12
328 699 8 2 38
329 854 8 3 50
329 521 2 5 283
329 833 10 3 140
329 907 4 3 37
330 837 10 4 781
331 779 8 4 228
331 897 1 4 55
332 513 9 2 20
333 457 3 4 173
333 644 10 3 66
333 385 6 4 426
333 389 1 3 16
333 506 4 5 1875
333 731 8 1 11
333 789 3 5 449
333 869 2 4 198
334 380 3 5 738
334 962 6 3 41
334 256 6 5 1323
335 489 7 4 383
336 392 4 2 8
336 602 2 4 48
337 577 7 3 78
337 633 7 3 154
337 393 7 4 192
337 899 10 1 14
338 353 5 5 1276
338 769 7 4 373
338 834 3 4 238
338 805 7 3 49
340 381 6 4 136
340 717 9 4 708
340 904 5 3 45
340 992 7 3 126
341 705 10 2 22
341 764 9 1 14
341 514 4 2 15
341 884 4 2 17
342 577 4 6 2982
343 537 2 5 824
345 677 4 3 28
345 529 7 1 8
345 542 3 5 403
346 729 1 4 104
346 993 10 4 880
349 396 5 4 116
350 943 9 3 194
351 729 10 4 658
351 770 4 4 190
353 410 4 2 11
353 420 6 4 168
353 515 4 2 11
353 681 4 4 436
353 795 1 4 33
353 861 3 3 37
353 373 6 4 569
353 969 3 4 76
354 390 4 4 91
354 685 8 3 46
355 837 2 2 10
355 970 10 2 36
355 561 2 4 123
355 586 2 3 19
355 710 1 3 14
356 635 2 3 20
357 801 5 4 303
357 831 6 3 87
358 434 10 5 1405
358 642 8 3 135
358 691 7 3 49
358 517 8 2 27
359 961 10 4 1073
359 1019 3 4 109
361 515 10 5 1616
361 556 5 3 51
361 733 4 3 23
361 785 4 2 17
361 811 6 4 238
361 875 5 3 47
361 969 8 4 275
364 425 8 6 16851
365 741 1 4 33
367 658 2 4 173
367 989 3 3 20
368 457 2 4 98
369 739 3 7 25812
369 926 1 4 24
369 454 7 4 222
370 641 2 5 297
370 649 4 3 84
371 558 4 3 48
371 573 2 4 213
371 657 5 3 47
371 705 4 4 214
371 842 6 3 129
372 706 1 5 188
372 773 8 2 22
372 577 3 5 356
372 1021 1 5 114
375 618 4 3 65
375 663 4 3 63
377 457 6 3 47
382 532 5 3 68
382 758 9 1 14
383 563 7 2 15
385 424 5 2 23
385 458 5 5 571
385 482 7 7 45805
385 532 5 4 264
385 572 10 2 27
385 598 10 3 59
385 693 5 4 169
385 842 10 1 6
385 963 9 3 61
385 656 9 5 1076
385 929 8 6 24859
386 514 10 4 823
386 564 10 2 49
386 517 5 3 81
386 570 9 3 139
386 597 8 3 136
386 689 3 3 45
386 1021 2 3 44
387 682 6 2 14
387 847 8 4 273
387 850 10 1 9
387 913 9 3 125
387 747 8 1 8
388 546 5 4 340
388 1017 2 5 275
388 598 5 3 68
388 645 2 4 93
388 806 9 3 123
389 647 2 4 126
389 837 3 3 21
389 913 3 4 165
390 597 4 3 61
390 586 10 4 246
390 590 9 3 100
390 779 4 4 218
391 567 1 3 12
392 462 6 6 9569
392 801 3 3 17
392 849 7 2 21
392 1006 9 3 100
393 554 1 3 8
393 675 6 5 1601
393 825 10 4 680
393 836 1 4 69
393 895 1 4 26
394 462 7 3 68
394 578 8 5 1361
394 608 2 4 102
394 723 8 4 444
395 591 1 6 2301
395 811 3 5 463
396 559 5 4 161
396 648 1 4 26
397 455 3 3 60
397 537 2 3 19
397 547 8 1 9
397 778 3 6 2185
397 916 7 4 267
397 961 9 2 36
398 519 7 3 70
398 694 3 4 68
399 944 6 4 255
399 434 3 3 47
399 723 2 4 82
400 828 6 4 224
401 713 4 3 58
401 422 9 3 76
401 558 1 4 110
401 320 2 4 83
402 674 1 6 4722
402 933 3 2 7
402 515 1 4 60
402 545 10 3 66
402 578 6 3 90
402 675 2 5 973
403 770 6 3 34
406 409 8 3 44
406 783 6 4 145
407 678 3 4 186
407 929 1 5 168
407 529 5 4 258
408 592 6 4 157
409 577 8 3 54
410 418 9 4 294
410 889 4 3 52
410 557 8 3 110
411 521 6 1 8
411 564 3 4 69
413 537 9 3 192
414 641 8 3 58
415 933 4 3 27
417 532 1 4 35
417 833 10 2 45
417 482 3 1 5
417 545 6 1 4
417 811 2 4 136
418 578 4 4 233
419 556 5 4 137
419 628 4 3 43
420 845 10 6 11549
421 425 8 2 26
421 539 10 3 58
421 546 5 4 111
421 513 6 4 192
421 903 9 3 88
422 641 10 3 139
423 737 5 3 28
423 796 2 6 2248
424 652 6 4 288
424 530 7 3 57
425 482 2 2 8
425 984 3 5 423
426 747 6 4 179
426 777 5 4 121
426 470 2 3 26
426 535 6 5 3264
427 645 6 2 24
427 687 2 3 34
428 581 2 4 122
428 548 10 3 188
428 833 2 3 42
429 621 8 4 202
429 881 5 2 14
430 545 6 3 41
430 594 3 4 270
432 602 9 1 8
432 916 1 5 232
433 585 1 4 70
433 1015 8 3 57
434 497 7 3 60
434 800 1 7 8883
434 805 3 5 826
436 762 4 2 17
437 598 5 3 29
437 642 1 4 66
437 521 5 4 534
438 455 10 2 48
439 513 1 4 50
443 692 3 3 46
443 517 7 4 484
445 770 10 4 403
445 802 3 3 41
445 562 2 4 55
446 1018 3 7 19995
447 630 6 4 270
449 514 5 2 22
449 656 8 3 131
449 374 4 5 2114
451 451 4 3 82
451 522 5 4 243
451 617 8 3 113
451 681 5 3 29
453 489 10 2 24
453 513 1 5 342
453 514 8 3 67
453 515 3 4 298
454 662 7 4 217
454 513 8 3 85
455 635 3 6 5524
455 783 8 3 114
456 641 8 2 18
457 775 9 3 102
457 909 1 6 1055
457 946 10 2 28
458 907 4 4 369
458 572 9 2 41
459 744 4 3 25
461 463 1 3 22
461 567 8 3 57
461 707 8 3 62
462 626 2 5 347
462 902 7 3 128
463 517 8 3 46
463 642 1 4 71
464 917 7 3 58
465 929 5 5 2825
465 669 6 3 126
465 723 8 3 103
466 532 8 3 43
466 762 8 4 294
466 903 8 2 21
467 441 3 3 28
468 641 3 3 24
471 714 10 1 8
471 676 7 4 295
473 802 8 3 55
473 962 10 3 138
474 601 3 3 35
474 801 5 2 17
477 776 6 2 25
479 538 2 3 22
479 460 9 2 22
481 666 9 3 166
481 732 6 3 103
481 929 4 3 30
481 603 10 4 288
481 807 2 3 44
482 541 7 1 9
482 962 1 4 62
483 513 9 3 48
484 556 6 3 44
484 985 10 3 57
484 812 9 2 27
485 842 7 5 2032
486 837 6 3 103
489 566 2 6 4254
495 753 8 2 32
497 979 4 3 46
497 782 8 2 28
497 312 7 3 41
499 794 1 5 358
502 520 5 4 125
503 769 7 1 8
507 707 1 4 47
507 752 2 4 64
507 768 3 2 11
508 581 9 3 82
513 515 5 3 65
513 523 6 4 148
513 686 4 4 151
513 937 8 2 21
513 529 4 3 61
513 549 6 3 88
513 558 8 2 24
513 643 4 4 139
513 649 9 3 102
513 720 7 3 107
513 804 3 2 12
513 941 9 2 21
514 549 7 4 191
514 641 8 3 90
514 645 2 5 475
514 766 4 2 20
515 523 9 3 71
515 573 3 3 22
515 781 5 2 16
515 673 4 3 44
515 705 7 3 41
515 785 8 2 33
516 599 6 2 17
516 671 1 3 14
516 771 7 4 168
517 556 9 4 204
517 583 10 2 32
517 606 6 4 164
517 780 1 4 38
517 786 8 2 40
517 864 5 2 11
517 929 6 3 58
518 526 6 4 430
518 535 7 4 189
518 673 5 1 7
518 677 5 3 54
518 769 4 4 115
518 519 3 3 33
518 520 10 1 8
518 530 3 4 154
518 696 7 4 160
519 833 1 4 24
519 929 1 5 157
520 945 10 2 31
520 968 5 3 94
520 848 7 3 47
521 786 8 2 15
521 813 8 1 10
521 897 7 3 148
521 525 4 4 171
521 530 3 3 19
521 546 9 2 36
521 591 9 4 943
521 767 1 4 55
522 547 5 5 855
522 555 10 1 12
522 561 8 4 202
522 610 8 3 59
522 562 8 4 182
522 787 10 3 54
523 550 1 4 91
523 653 10 2 23
523 531 7 3 67
523 570 5 5 1682
523 609 3 4 89
523 694 3 3 36
523 749 2 4 145
524 651 1 3 10
524 815 6 2 30
524 898 1 3 8
524 893 6 2 22
526 821 2 5 816
526 577 8 3 56
526 641 6 2 22
527 549 2 5 253
527 777 8 3 98
527 610 9 3 52
527 809 2 4 96
528 714 4 2 9
529 581 3 5 1268
529 583 5 3 42
529 612 8 3 51
529 721 4 3 82
529 802 2 5 243
529 593 5 3 39
529 627 4 4 191
529 630 8 3 55
530 738 5 4 331
530 837 2 4 86
531 697 7 4 299
531 550 3 3 20
531 587 9 3 66
531 626 4 4 93
533 551 10 3 121
533 854 8 2 31
534 788 2 3 34
534 575 4 3 65
535 787 5 5 612
535 929 2 5 1128
535 933 9 4 238
535 613 10 2 40
537 688 4 4 136
537 903 10 1 16
537 545 10 5 1934
537 747 6 4 149
537 478 5 4 315
538 900 8 3 162
539 821 6 1 5
539 820 6 2 13
540 665 9 2 36
540 778 9 3 80
540 366 8 3 167
541 681 5 4 416
541 793 6 4 349
541 906 5 3 73
542 794 7 5 1220
543 545 5 3 29
545 552 9 2 30
545 598 10 5 2177
545 719 10 3 63
546 744 2 3 21
546 915 9 2 42
546 841 5 3 28
547 613 5 2 17
547 651 10 2 41
547 759 6 2 30
547 901 3 3 21
547 636 5 3 68
547 318 3 4 128
548 578 2 5 378
548 577 6 2 12
548 931 8 3 128
549 578 5 2 22
549 587 10 5 1930
549 646 4 2 17
549 833 3 3 31
550 648 5 3 40
550 785 9 3 181
550 978 2 4 160
551 650 9 2 19
551 801 3 5 1762
553 641 10 3 62
553 657 4 4 352
553 933 5 4 266
553 781 1 4 83
553 905 9 2 17
553 939 7 3 45
554 934 8 3 106
555 579 5 4 134
555 778 5 4 129
556 967 9 3 57
557 680 1 5 154
558 558 3 5 1918
558 771 7 4 441
558 939 1 5 133
558 560 4 4 262
558 596 7 2 32
561 918 1 4 49
562 787 7 2 13
562 994 9 2 28
562 846 2 4 46
563 978 4 4 139
563 993 3 2 12
563 601 6 2 19
563 643 8 4 240
565 657 2 6 1618
565 660 7 2 25
566 655 4 3 34
567 593 3 5 529
567 972 10 3 149
568 794 9 4 760
569 948 8 4 442
570 600 3 5 1093
570 785 3 3 44
573 778 7 2 27
573 579 5 3 109
573 906 8 2 23
574 798 1 5 348
574 887 10 4 509
574 601 6 3 103
575 697 2 5 534
576 579 2 5 394
576 601 10 2 27
577 608 1 3 16
577 609 8 3 67
577 787 5 3 84
578 578 9 1 7
578 662 8 3 56
578 998 7 3 72
579 730 2 3 36
579 982 2 3 42
580 622 6 3 83
580 790 6 5 735
580 625 4 2 18
581 599 2 4 129
582 646 10 2 37
583 634 7 2 21
584 836 10 5 3287
585 834 1 5 475
585 641 6 1 10
585 722 2 3 41
585 845 10 2 53
586 593 3 3 58
586 696 5 3 27
587 659 6 4 320
587 777 9 3 124
588 609 5 4 302
588 668 5 2 19
589 785 4 4 222
591 789 9 3 130
592 883 8 3 124
593 857 6 4 160
593 802 9 2 24
593 829 7 6 4939
594 687 1 4 96
594 714 6 5 1373
595 653 3 7 16486
595 793 1 4 64
597 706 4 4 148
597 725 1 4 80
602 886 1 5 124
602 544 1 4 32
605 914 1 4 38
605 1007 10 4 485
605 785 8 3 119
605 797 2 4 62
607 808 5 4 190
609 649 3 3 35
609 627 1 5 370
609 662 9 1 13
609 673 5 6 11058
609 769 8 3 169
609 778 3 4 93
610 769 9 5 3474
610 825 3 4 189
611 738 1 5 606
612 881 10 1 15
614 841 7 3 53
615 937 3 3 40
615 911 7 2 33
617 807 2 3 20
618 909 8 2 31
619 1005 4 3 30
624 1001 5 4 302
625 846 3 2 12
625 472 7 2 33
628 770 10 2 24
628 978 5 3 35
629 794 4 3 49
634 813 10 2 44
635 785 8 5 3422
641 660 10 3 91
641 733 5 3 36
641 939 9 3 164
641 953 7 2 25
641 659 9 3 108
641 770 6 4 254
642 678 1 5 353
642 778 5 3 77
643 725 3 4 209
643 802 7 5 1957
644 776 7 4 202
644 1022 8 4 700
645 661 3 4 149
645 757 10 4 354
645 770 6 1 10
645 710 2 4 106
646 964 1 5 334
649 695 8 3 93
649 770 3 4 78
649 661 3 5 516
650 717 1 7 5166
651 954 7 4 221
651 488 2 5 281
653 1003 10 2 32
656 762 9 2 25
656 995 1 3 21
657 834 8 3 58
657 674 5 4 289
658 932 7 5 1503
658 934 6 4 364
661 803 8 3 45
661 452 10 2 32
662 796 1 4 37
663 956 2 3 22
664 771 2 3 13
665 782 3 3 23
667 769 6 2 24
669 750 8 2 19
669 764 10 2 41
670 915 10 3 95
673 718 5 4 138
673 675 1 7 5509
674 705 7 3 54
682 855 5 3 67
685 1009 8 2 17
685 1004 4 3 57
693 915 5 3 91
695 769 9 2 23
695 932 4 3 42
695 977 7 3 124
697 886 1 3 13
698 711 5 7 36931
698 777 4 3 86
700 899 8 3 100
700 1016 4 4 374
701 865 2 4 188
702 942 4 3 23
706 855 9 2 35
707 733 6 3 116
708 779 4 2 13
708 781 8 2 42
710 844 2 4 54
713 863 7 3 120
713 729 2 6 4298
714 838 10 4 625
717 843 4 2 16
717 973 2 2 8
721 804 10 3 74
721 931 9 4 222
729 512 9 4 236
730 975 8 3 49
731 127 5 4 166
733 835 10 2 27
737 769 4 3 79
737 900 4 3 45
739 971 3 4 117
739 769 7 3 55
741 779 8 2 31
741 802 3 3 47
741 1011 3 3 38
742 623 6 5 1052
743 917 5 4 404
744 788 1 4 24
745 763 1 3 22
753 787 10 3 78
753 896 5 2 11
757 945 4 6 2845
769 927 9 3 174
770 774 4 3 41
770 803 8 3 171
770 970 5 5 1709
772 794 2 5 518
772 801 8 4 688
772 942 10 4 368
773 987 7 3 66
775 937 7 2 21
776 922 1 4 69
777 799 2 3 33
777 851 5 2 19
777 915 7 3 44
778 809 4 3 72
778 917 7 3 96
778 360 1 5 362
779 813 7 4 277
779 883 5 4 113
780 805 6 3 109
780 977 1 3 18
781 902 9 1 13
782 806 8 3 155
784 933 1 4 97
784 891 1 4 96
785 842 8 3 150
785 818 6 4 195
785 923 2 3 44
786 839 5 3 67
786 511 7 3 67
787 915 2 4 60
787 865 6 3 61
791 504 3 4 143
791 951 6 3 39
793 850 8 3 114
794 894 3 4 211
795 751 6 2 16
801 825 8 1 7
801 841 10 3 54
803 885 6 2 22
806 192 4 3 80
809 938 4 4 91
809 946 7 3 132
815 906 9 4 246
817 735 6 3 94
818 979 4 3 33
819 952 10 2 29
825 979 10 3 118
825 853 6 3 105
834 1000 3 3 28
835 913 2 5 272
837 997 6 2 21
844 940 9 4 346
845 959 3 3 22
845 892 10 4 856
847 957 7 3 57
849 900 8 1 13
849 1008 2 5 245
850 1019 9 2 34
850 475 9 3 115
857 867 3 6 8074
868 999 9 3 190
869 897 3 4 186
873 704 2 3 16
881 862 9 3 48
885 640 7 4 343
889 905 7 3 58
889 384 6 4 188
897 912 5 4 129
898 1003 2 3 28
898 960 4 4 392
900 509 3 2 11
905 930 5 5 939
906 954 1 4 40
907 756 4 3 32
912 222 5 4 234
913 918 4 3 27
913 1003 5 2 23
914 830 2 4 97
915 969 1 4 49
920 748 1 3 20
933 950 9 4 281
938 966 6 2 19
961 715 7 2 15
963 988 10 2 28
964 880 5 4 216
979 882 9 3 132
1003 734 10 2 42
1012 224 6 2 21
1019 1020 7 3 79
928 191 7 3 85
476 344 7 2 28
735 435 5 2 10
896 604 1 5 274
