4337 9.109206995920015e-06 
2387 6.554323735108774e-06 
2705 6.384223631700536e-06 
9846 6.355346381474553e-06 
4464 6.397134836537777e-06 
8989 6.416351872508278e-06 
5094 6.298907839623887e-06 
9519 8.064067443291767e-06 
7607 7.918524518548542e-06 
4485 6.600842230387456e-06 
4504 6.33090890725836e-06 
532 6.309493367012228e-06 
2826 6.123894323368002e-06 
4373 6.264267770093139e-06 
9172 6.405271802317654e-06 
8768 6.415845582140556e-06 
7245 6.381514411315168e-06 
5564 3.437873423469393e-06 
9171 6.929178117815706e-06 
424 6.358609879781924e-06 
2578 6.3719739008660445e-06 
9033 6.3547845910940844e-06 
157 6.643777117172003e-06 
4831 6.471700651512296e-06 
9893 2.194803007320641e-06 
740 6.383153827304955e-06 
7950 6.613346493857585e-06 
7495 6.397972158124297e-06 
2406 4.690870041399232e-06 
4853 5.977914259919243e-06 
6087 6.341295858160906e-06 
675 6.346838287831748e-06 
6543 6.934995900228102e-06 
6843 6.346829914214183e-06 
7054 5.356863936890316e-06 
7434 6.36981028893966e-06 
3277 6.398729094323898e-06 
2275 6.35631838426018e-06 
701 6.371054299015886e-06 
7387 6.3880584458092805e-06 
6454 6.583232653566573e-06 
6756 6.684135300196495e-06 
5168 6.325456474840596e-06 
2472 6.32128242593012e-06 
5559 6.3073316622957945e-06 
9234 6.378771153249214e-06 
4136 6.402414284730121e-06 
9843 6.284830425223015e-06 
6990 6.526489566826438e-06 
1928 2.636691405359892e-06 
8880 5.8433559467618095e-06 
7617 6.414433210274239e-06 
2969 6.9906721420867385e-06 
502 6.332003682530224e-06 
7084 7.972567213310457e-06 
6924 6.48264341432132e-06 
9285 1.922057080221639e-06 
5177 4.603164772481344e-06 
3895 6.374067031213211e-06 
3029 1.0855793410596429e-05 
582 6.782646534819636e-06 
4521 6.5819000755887125e-06 
5028 6.199478068688365e-06 
8978 6.3744941362639274e-06 
1341 6.363881142739602e-06 
9390 8.386869486320397e-07 
4990 7.1623484821574206e-06 
5479 6.329383939457153e-06 
3281 6.3923499847525784e-06 
9735 6.39791775722701e-06 
1705 5.928968713143237e-06 
7439 6.1220417984856305e-06 
8547 1.0422502252298605e-05 
2735 6.258625620460796e-06 
9791 6.185044770349269e-06 
5179 6.302483123598819e-06 
5327 6.893071182808505e-06 
4762 6.4191184951631165e-06 
2195 6.397955245348876e-06 
8833 6.5207223982184475e-06 
4390 6.4178856535837806e-06 
906 6.395516000256653e-06 
9096 6.48068950023717e-06 
4827 6.386488351311244e-06 
2425 7.048914304548588e-06 
7446 6.393849468588662e-06 
9667 2.1519606553336564e-06 
8224 6.38412645485874e-06 
2654 6.38433290126606e-06 
7811 6.383890694600365e-06 
8115 6.341940126352869e-06 
6915 6.580382725990224e-06 
5098 6.406762492264864e-06 
1430 6.358184189216538e-06 
1853 6.379883951810154e-06 
7009 6.367611098677342e-06 
4854 6.867902639040413e-06 
3028 6.397888955236721e-06 
8056 6.391655020680309e-06 
2326 6.386951311156672e-06 
5353 6.3819555710022446e-06 
4142 6.663432209234735e-06 
5605 7.256896174871221e-06 
1719 6.372976620781722e-06 
3696 3.4787430954633173e-06 
6702 6.365715399381222e-06 
332 6.40140168430611e-06 
3107 6.358641295296057e-06 
3954 7.449365773466949e-06 
8448 6.4034126210175254e-06 
3702 6.2964812282620075e-06 
1835 7.226056933952761e-06 
7414 7.097599381265576e-06 
4467 6.3992447003802776e-06 
8267 6.481075608129463e-06 
282 6.353702278323212e-06 
6194 1.5249117677520454e-07 
6452 4.6497026698473184e-07 
4967 6.349360117059578e-06 
8772 6.507482048310119e-06 
7626 6.31434851222332e-06 
2062 2.4869258286427167e-06 
2540 7.914839203641792e-06 
3305 6.468018639124803e-06 
50 6.290639747758632e-06 
6305 6.950345318282679e-06 
1745 6.729555321731356e-06 
1932 6.428799076654188e-06 
3495 6.3799975231876656e-06 
5173 2.9155657667713584e-07 
449 6.312288884689828e-06 
9081 1.588004906020062e-05 
7467 6.365064987944964e-06 
5995 5.176858243984394e-06 
821 6.373428094527031e-06 
3983 6.674621798378019e-06 
6239 6.416756604016208e-06 
2694 7.323858960199507e-06 
2972 2.6143211132647346e-07 
490 6.875230595971367e-06 
6814 5.422687146884744e-06 
3512 4.609478754529286e-06 
3233 6.296194083942778e-06 
7933 6.495864066695249e-06 
3435 5.694553380761215e-06 
4231 5.706797244697562e-06 
8201 6.475492510122929e-06 
6625 6.329610490469811e-06 
6268 6.310447994190899e-06 
1335 6.000843373458859e-06 
9605 6.574999145614309e-06 
8745 6.215810828879053e-06 
4571 4.745429437882377e-06 
9652 5.049485859739667e-06 
7561 6.690710221585149e-06 
4986 6.383182877108185e-06 
868 3.1105170387978172e-06 
3710 6.388098137533658e-06 
4052 6.888525162840896e-06 
6450 6.483736154327321e-06 
3408 6.929351149440169e-06 
1693 6.793734606626432e-06 
872 6.505505264066963e-06 
3077 6.376707470998938e-06 
2677 6.706727499741251e-06 
5223 4.811165942640208e-06 
1202 3.7540943665108806e-06 
5758 6.356921459544021e-06 
7326 9.231659474816668e-06 
2500 6.381162797005769e-06 
9947 6.353665039494711e-06 
3021 6.351185866530518e-06 
2501 6.416612863677981e-06 
4389 6.71533580634303e-06 
2845 6.3618945577942125e-06 
9639 6.143844706646798e-06 
905 1.555256043865305e-05 
5264 6.424970210812565e-06 
9573 6.0798521931156765e-06 
738 7.138516664145344e-08 
6917 6.407153528402693e-06 
3309 2.7851228369084437e-06 
3272 6.373206103674322e-06 
3933 6.308661901659951e-06 
3494 6.36669586738548e-06 
9797 6.354614371876986e-06 
6920 5.607171609250955e-07 
1837 6.524378370585012e-06 
690 6.39663090804213e-06 
4158 6.438399199662094e-06 
7962 6.497575157451525e-06 
2392 5.798716847288845e-06 
5199 6.232803655336594e-06 
7330 6.3339426618871485e-06 
9815 6.534414905527169e-06 
7967 6.379467965019843e-06 
6837 1.038436467824756e-05 
9627 6.509409572809717e-06 
1621 9.254203509093e-06 
4131 6.458698145617155e-06 
328 6.851138109657897e-06 
514 6.2320122208459645e-06 
1767 6.2200265450328935e-06 
8191 6.164472623186435e-06 
6257 2.280291444232065e-06 
5000 6.2830851832199145e-06 
8197 6.582015166935328e-06 
9135 5.75501886446238e-06 
7420 6.302428775221229e-06 
1150 6.308704763558857e-06 
2051 6.533862165552205e-06 
9137 6.4623237273245484e-06 
7545 6.26416750216072e-06 
124 7.048215732430202e-06 
1105 6.340085640500454e-06 
7107 6.51751982476337e-06 
9848 2.6968776413438793e-07 
7629 7.00797258789019e-06 
8769 1.4833934944291276e-06 
302 6.3742883440077615e-06 
1962 6.372588701614553e-06 
780 6.330066117505991e-06 
4722 6.096728504146628e-06 
2664 6.380710615983593e-06 
6383 6.365422428079225e-06 
9753 6.933256399207944e-06 
6607 6.369365307262484e-06 
283 5.32020694914672e-06 
7428 6.3828893708626485e-06 
5873 5.588292007615417e-06 
4862 8.263845273938799e-06 
5279 7.047703595975143e-06 
4768 5.503095825031503e-06 
1491 6.482063813956172e-06 
9758 6.526999685510295e-06 
2215 6.289960260118873e-06 
7528 9.972812675888273e-07 
8572 6.389288647412663e-06 
1994 6.6016469751430404e-06 
3586 5.896415694889029e-06 
6315 6.378714602380674e-06 
379 6.388002459921723e-06 
1817 4.969963977011024e-06 
6382 6.365651038365016e-06 
7341 9.394475069043832e-06 
2774 6.542568776352213e-06 
1546 6.3928176580969805e-06 
607 6.874280949878555e-06 
1818 6.307699419592257e-06 
4122 6.2228200929062494e-06 
4551 6.399212157092506e-06 
9355 6.351832385252279e-06 
5373 6.390015187552719e-06 
5702 5.596997765408078e-06 
9157 6.371580189569998e-06 
6423 6.523035922552877e-06 
3530 6.367342678173641e-06 
6595 6.360380325202227e-06 
9877 6.35151439658157e-06 
6109 6.182426523810514e-06 
1280 6.381183123415597e-06 
6369 6.668500245990234e-06 
4593 6.350100544890256e-06 
1246 6.4306555023959835e-06 
4347 6.356388157209577e-06 
6883 9.455220501261777e-06 
9994 6.978701641406452e-06 
1272 6.380222854650886e-06 
1279 6.435898256421861e-06 
9268 6.389396554884691e-06 
4321 6.338010957887126e-06 
6448 6.297334873532986e-06 
9392 6.323167439621796e-06 
4085 6.419447054390215e-06 
4718 6.361162881544925e-06 
7133 7.5893032350405774e-06 
9227 6.54894140302472e-06 
4733 6.639347790213503e-06 
2250 6.119333558067032e-07 
7998 6.516028815850538e-06 
3247 6.799985354834592e-06 
2178 6.386895145300437e-06 
2882 6.372504257880006e-06 
5595 6.923908707010859e-06 
2676 6.389499615344517e-06 
2985 6.931161370148945e-06 
6406 4.389167513904305e-06 
8610 6.407192566510441e-06 
2198 6.388593722671096e-06 
5503 6.449577979300313e-06 
1823 6.354065870699378e-06 
681 6.44303432123686e-06 
569 6.381771239318032e-06 
6164 6.37992467350314e-06 
3178 6.557083037802029e-06 
8651 6.288125448907126e-06 
899 6.3434584837339665e-06 
7284 5.262901375946843e-06 
5742 6.3591613180962455e-06 
5644 6.1388139633486755e-06 
990 6.355815900118102e-06 
3404 6.1252453812923005e-06 
2711 6.413576108847643e-06 
8837 2.058324330358685e-06 
4779 4.808838663499688e-06 
1551 7.1859651867738375e-06 
2038 6.376717188916178e-06 
8526 4.3741467473283706e-06 
195 6.377691532176796e-06 
4656 6.3168200907343395e-06 
5601 2.033060751149268e-06 
9013 6.411504458363346e-06 
6298 7.221603786424983e-06 
6002 6.407499204768762e-06 
6848 5.500035997719102e-06 
4737 6.425915327309878e-06 
2456 6.37284131637541e-06 
8140 6.0789998373731975e-06 
5645 6.511358053447044e-06 
5355 6.389371675191774e-06 
2911 6.389185615801419e-06 
7435 6.382948902090945e-06 
7700 6.633371251055724e-06 
2123 6.394872761684388e-06 
3829 6.369142624055966e-06 
8970 6.370804902714178e-06 
4702 6.2361698700586976e-06 
7129 6.428620699140659e-06 
3577 6.403866129636204e-06 
537 6.3850381301342444e-06 
8336 4.717013170436885e-06 
8904 6.4832318717703e-06 
6510 6.381907155881056e-06 
4259 6.627952357150026e-06 
3732 6.417588030052005e-06 
3736 5.394781032745873e-06 
369 6.360011777960361e-06 
3695 6.322826400915903e-06 
4502 6.284149513128258e-06 
2815 6.3946448291076575e-06 
5187 6.523991435720826e-06 
6664 6.406937551647707e-06 
7839 6.5786293724173164e-06 
3796 6.358147222699798e-06 
822 6.376292965550953e-06 
8965 5.268791663093917e-06 
8101 6.39737781198339e-06 
921 6.392473627222626e-06 
4101 6.542354082780248e-06 
9044 5.6877408106309745e-06 
2176 6.103148302634791e-06 
6351 6.218856677884029e-06 
1846 6.397376922214424e-06 
650 2.8715961057862654e-06 
1307 6.392624888494991e-06 
9366 3.019872734320851e-06 
2997 5.912522533247847e-06 
2916 6.6502631410219124e-06 
7407 1.7309417540742182e-07 
669 1.4163069836283654e-08 
9016 3.7797471515737454e-06 
8858 6.359864236059724e-06 
6367 6.3278653355204e-06 
9383 6.378854192064307e-06 
4587 5.623057931542386e-06 
7753 6.3136379128942935e-06 
484 6.417731099167018e-06 
4084 4.764757873795779e-06 
9527 5.492298381329294e-06 
759 4.479260313656967e-06 
6062 6.238233786324906e-06 
409 6.245021323429746e-06 
7726 5.0891648338309174e-06 
8446 6.254489601634679e-06 
9332 9.585018240015642e-06 
3429 6.173656305527458e-06 
3099 6.338742440940841e-06 
6918 8.56672129745738e-06 
4922 6.400208073839736e-06 
5399 7.425707880590439e-06 
1388 6.4491897622193755e-06 
7814 6.417204268147727e-06 
5686 7.050693562368389e-06 
518 3.4042911135235274e-06 
6934 6.63346931819137e-06 
3293 6.541155825987916e-06 
3722 6.107170895503458e-06 
6536 6.5986268582395295e-06 
83 6.269912449009887e-06 
8748 6.456589369285597e-06 
5791 6.398220866325741e-06 
8658 6.134543096896744e-06 
7458 7.409427085516477e-06 
4519 6.488126501895533e-06 
444 6.397872402636832e-06 
8722 6.389405873094992e-06 
8968 6.379701336286533e-06 
5727 6.389280004127036e-06 
1364 6.045597269964217e-06 
1741 6.398945355915766e-06 
7304 6.386399619704624e-06 
8075 6.4175322257132435e-06 
1371 3.152916918180991e-06 
5844 6.511282078410489e-06 
4311 7.904413197293042e-06 
7265 6.061439182566994e-06 
1157 6.215074915556578e-06 
5314 6.388600030538027e-06 
1054 6.292224522129136e-06 
7148 6.193942326563008e-06 
3784 6.324099748817846e-06 
7256 6.373153699602475e-06 
3672 5.853162254349033e-06 
6969 6.3781109576300305e-06 
7858 6.402413581914875e-06 
1954 6.346074970190397e-06 
3126 1.1759622144309317e-05 
8643 3.80552747016828e-06 
9663 5.840557592714173e-06 
1464 6.596156093961825e-06 
6143 7.317944897564961e-06 
9505 6.386457830955655e-06 
3278 6.374803549186492e-06 
19 6.369025439900051e-06 
7504 5.153795743706965e-06 
3225 7.776731074176696e-06 
7930 6.154868477442856e-06 
5990 7.530081636008548e-06 
2263 4.784724514848669e-06 
3203 6.381508161429465e-06 
5149 6.371600719448974e-06 
5493 6.205907116501977e-06 
7885 1.5318147683984475e-05 
3300 6.363226955417929e-06 
2499 6.412433857522427e-06 
1534 6.460741995464823e-06 
7534 6.439507265539605e-06 
3548 6.985639009944814e-07 
9659 6.766189196948103e-08 
4349 4.168250030755851e-06 
9683 5.013904054268678e-06 
8358 6.395143589340761e-06 
5067 8.850268500576768e-06 
9151 6.413955287547801e-06 
7278 6.450823037441703e-06 
620 1.6514777065157986e-06 
9216 4.829467969581764e-07 
2132 6.395122324083767e-06 
2891 6.924465396846795e-06 
5811 6.407374879821073e-06 
6236 2.0561504541568798e-06 
1181 6.022945174172047e-06 
7092 6.4365739833721936e-06 
4708 6.56128229287535e-06 
6803 2.29393787080266e-06 
5578 6.445988366675426e-06 
6079 5.509956820899561e-06 
9713 8.443363419099791e-06 
4135 6.391872652422773e-06 
8977 6.3877068001950945e-06 
2295 7.0988891885248285e-06 
8749 9.332952333249442e-06 
9217 6.445358740048038e-06 
8301 6.3269871652204205e-06 
5150 6.302118198900367e-06 
4331 6.483467918739557e-06 
5387 6.412557880200909e-06 
5800 6.7847504146629716e-06 
9296 9.530391268478553e-07 
5291 6.4093155317342025e-06 
4601 7.017689685140599e-07 
7901 6.2061142482669405e-06 
7014 6.506364009262414e-06 
5950 6.38616769807065e-06 
6245 6.398739435804215e-06 
3876 6.745490689236589e-06 
9859 8.598808524646155e-06 
213 8.274208808231675e-06 
9108 6.124486463167927e-06 
1298 6.176080244312041e-06 
7328 6.4562626023105e-06 
3306 6.458546715859677e-06 
7927 6.457278916361967e-06 
2063 4.9494586054975475e-06 
7465 6.720349129367811e-06 
4513 6.3418612324962785e-06 
6150 6.4018645189300836e-06 
2611 6.508096981802328e-06 
6330 6.432277351770823e-06 
1659 5.292114005706212e-06 
5404 7.251040533281116e-06 
5698 7.726151328926519e-06 
1243 5.721073437263669e-06 
7263 6.404842612617018e-06 
8261 6.374684615061172e-06 
2606 6.568164599054485e-06 
6995 6.2038992593147904e-06 
5181 6.3755760272456175e-06 
3699 4.201433372314013e-06 
5949 6.319792290903017e-06 
6465 6.40422064419814e-06 
4784 5.772469530779309e-06 
5752 5.051662546075509e-06 
4583 6.356292643355957e-06 
509 6.213254745392835e-06 
4681 6.434940647148749e-06 
743 2.6360376261378247e-06 
2924 6.34846764891206e-06 
9003 6.270205397365591e-06 
5746 6.452872154221178e-06 
3869 6.386791129767821e-06 
1346 5.356747245344516e-06 
3501 5.3529395428950696e-06 
5803 6.180661779649432e-06 
70 4.575350339378033e-06 
4081 6.40601948021517e-06 
5656 7.501577055826957e-06 
2005 4.941355679660199e-06 
6759 6.987796792695197e-06 
4944 6.385473724496803e-06 
3538 9.113748999853688e-06 
2057 6.453110580576274e-06 
6988 6.1960400332491474e-06 
6238 6.386976892848103e-06 
7910 6.408068797548307e-06 
1398 6.460148818880893e-06 
1358 7.667015484459026e-06 
4343 8.145732282692511e-06 
7583 1.0379549578880522e-06 
411 6.3761034656245225e-06 
8655 1.696569573258016e-06 
6983 6.247380993865743e-06 
1567 6.411564157569137e-06 
4324 6.24135120474174e-06 
8712 7.829960686423373e-06 
5529 6.401203520958094e-06 
5200 6.383268074990444e-06 
2875 6.397833303582937e-06 
4730 6.383424559802943e-06 
6985 7.589697907093822e-06 
9818 6.281864370072178e-06 
6237 6.506814561677196e-06 
9621 6.439563027699071e-06 
6764 6.400142497506039e-06 
576 6.3368110711927865e-06 
1891 7.550032991908157e-06 
408 6.9114508055877095e-06 
9632 6.7573588419759945e-06 
3550 7.5490044114679765e-06 
5121 6.403212119195497e-06 
3414 5.954000229321857e-06 
2528 6.045253708144661e-06 
3998 6.354449024200378e-06 
4729 8.034084641101375e-06 
6149 6.379494893514878e-06 
4902 6.166107063342058e-06 
9539 6.4544752021146165e-06 
2616 6.304898098818068e-06 
852 6.491439920490204e-06 
6482 6.365491700790967e-06 
2154 6.352345209119262e-06 
6432 6.8399025927136325e-06 
8878 6.027623953658544e-06 
8234 6.384081350336656e-06 
6390 6.383474575827319e-06 
1844 6.341402653836762e-06 
7114 6.38902020633214e-06 
1126 6.197398346275807e-06 
5671 4.3026852245385555e-06 
5453 6.43368602627895e-06 
903 6.36193897395161e-06 
9825 6.369033904067682e-06 
2762 6.41551598370494e-06 
1724 6.714999040628515e-06 
7333 6.309735258007179e-06 
5898 1.0623512034815558e-05 
5840 1.354653933712559e-05 
2184 6.365955719781311e-06 
6375 6.383140817694154e-06 
929 6.1754260358937314e-06 
4734 4.722434262926528e-06 
7223 6.464202363736952e-06 
8270 6.8591295974088355e-06 
9575 6.338110168428901e-06 
5547 5.775049612060409e-06 
481 6.434295749910547e-06 
9608 6.237365341099976e-06 
8168 6.375304838282848e-06 
3399 5.947253983792823e-06 
6086 6.2965858087592085e-06 
8947 6.236886476642844e-06 
21 6.7641228569337785e-06 
7365 4.313308659147792e-06 
3440 6.328541671222927e-06 
8636 6.3496463449846145e-06 
5407 6.3250106932550485e-06 
1582 2.107752956036627e-06 
5715 6.5608865182486505e-06 
1085 6.456863490020516e-06 
5607 6.384417095581811e-06 
5057 6.3754040216571545e-06 
3949 7.738942765955138e-06 
6167 6.472910299273501e-06 
2113 6.807383394191093e-06 
9911 6.908915014612889e-06 
7791 6.730113306301377e-06 
7949 5.500315494944111e-06 
2458 6.638506422727884e-06 
2308 6.323230839091199e-06 
7560 6.3308850938433296e-06 
4004 6.454727211707493e-06 
7636 6.682493565865786e-06 
1914 6.409583452950814e-06 
1502 6.173445736659117e-06 
6612 6.257832566325066e-06 
3527 6.381865111136167e-06 
6121 3.5652083248452206e-06 
7124 6.3139522828816515e-06 
3157 6.46217337087522e-06 
2303 6.369406737793262e-06 
4005 6.4135642053830244e-06 
763 6.44333950354777e-06 
39 6.421365411813523e-06 
3700 6.382570340717808e-06 
4661 3.6367432589443734e-06 
980 6.512788769289591e-06 
2871 5.498054583980205e-06 
1330 6.022191361188403e-06 
558 5.178224312235893e-06 
8621 6.378963921951409e-06 
3602 5.641488651289253e-06 
9687 6.432094200857653e-06 
7062 6.697763302557764e-06 
8887 6.376812961759528e-06 
7043 2.7299600640567784e-06 
2798 6.387581775352679e-06 
9463 1.3961248171147509e-05 
1711 6.431866878867797e-06 
6483 2.688442601353441e-06 
8027 6.1617332771224294e-06 
8913 7.471640879431015e-06 
390 5.71100103956344e-06 
5089 1.6788231210958327e-06 
6726 5.417569717224583e-06 
3626 6.3117861738230805e-06 
1382 6.263126398800466e-06 
9983 6.458893669647161e-06 
8503 6.674841290338241e-06 
827 6.095104299333484e-06 
3938 6.494665092551467e-06 
9287 6.3675871963301975e-06 
8738 6.583131443644672e-06 
4219 6.560438661094188e-06 
5316 6.422894629377355e-06 
2377 3.1849820052599204e-08 
3407 6.052985513178103e-06 
7800 6.122745068593552e-06 
6825 6.426362680967533e-06 
5182 6.351302630488965e-06 
9007 6.385389765806507e-06 
2644 6.496463017084221e-06 
3986 6.370320963808605e-06 
4880 6.047193568116225e-06 
8046 7.537530279553934e-06 
9335 6.380086158688945e-06 
5361 6.0728318952837635e-06 
2895 6.262194304546047e-07 
1215 4.175949132132162e-06 
1178 5.802344897207826e-06 
5466 6.387482066865451e-06 
1361 6.38926593177915e-06 
1305 6.387366797891895e-06 
5224 4.7622722420024395e-07 
7936 6.39364751550581e-06 
7077 1.7579014835927614e-07 
8622 5.19373131607403e-06 
6938 6.140658842329084e-06 
8250 1.453565731377442e-05 
7774 6.780104610458541e-06 
5064 6.506689406126238e-06 
5240 6.395304873101509e-06 
2262 7.056060639354862e-06 
9916 6.297360939521423e-06 
1218 6.6918031739279386e-06 
115 6.330103343705987e-06 
608 6.331631495539666e-06 
4198 6.2919010592781245e-06 
5659 6.387703057133858e-06 
5385 6.391571722302916e-06 
2979 8.593409478215475e-06 
1156 4.874729688131027e-06 
6740 6.390257430959537e-06 
4964 6.373723952326535e-06 
7222 6.326800179584223e-06 
4322 6.374798896348657e-06 
6415 6.507077875896716e-06 
4109 6.366391112595711e-06 
1258 6.613526968631211e-06 
3155 7.741316865578009e-06 
72 3.591170803136378e-06 
9476 9.72428477279052e-06 
7191 6.463117179443088e-06 
1650 6.263873016791043e-06 
4151 6.071690918478127e-07 
7496 6.179555593756227e-06 
2733 6.387837074647741e-06 
7479 6.386931282749615e-06 
1373 7.256835490601473e-06 
4694 6.339771364414637e-06 
9146 5.350448273948328e-06 
7356 6.547572704124642e-06 
2876 6.041175105461421e-06 
6735 6.1733621796475696e-06 
4098 6.272340612825437e-06 
2224 6.336930845641711e-06 
4430 6.385901923639779e-06 
6665 6.34571867274592e-06 
9747 6.410372757115558e-06 
6411 6.438624445784453e-06 
7046 6.3445204976802176e-06 
3528 6.328243583698963e-06 
6128 7.340578073313594e-06 
4012 6.379696378523871e-06 
7897 6.141345870672939e-06 
5254 6.366588225867882e-06 
5782 6.396331294283444e-06 
143 6.38574430413059e-06 
8676 6.395867939879212e-06 
2282 6.3557351961773265e-06 
2177 6.393069888597494e-06 
1707 1.1242210764802067e-05 
5184 5.906044210939299e-06 
972 4.310721966625419e-06 
5918 6.353514840665704e-06 
7904 5.033712148725918e-06 
47 6.27940408396581e-06 
8177 6.25528030647576e-06 
5703 6.626249173724964e-06 
7383 6.397874855700147e-06 
2794 4.726168211926844e-06 
9696 6.374479034182459e-06 
9729 6.357841381160839e-06 
2045 5.8457600581117505e-06 
4876 6.384982579069488e-06 
2572 6.334451315185373e-06 
4792 7.252968163728775e-06 
9806 6.378178128372387e-06 
7624 6.380155981054827e-06 
4277 6.4270599696929464e-06 
9210 3.7530091013963235e-06 
4725 6.349715551208745e-06 
9807 6.324155925662608e-06 
4327 6.388956167285212e-06 
7740 6.275116876380201e-06 
9127 5.661171405704882e-06 
5795 6.301703122943646e-06 
3047 5.303024245463937e-06 
7188 6.383082551136523e-06 
3809 6.358764851743342e-06 
9283 5.40531777309409e-06 
377 5.994755685617055e-06 
541 6.3713076350834515e-06 
7011 6.373500672665186e-06 
1588 6.6095796748687246e-06 
1078 6.412838120489448e-06 
1352 6.38532707104371e-06 
2169 6.057245435720673e-06 
3417 6.3964893994368325e-06 
7038 4.968729752311507e-06 
8911 6.3377108495540055e-06 
5570 6.412780486151109e-06 
1404 6.430122784964055e-06 
4477 5.378806270141373e-06 
413 6.110129964857353e-06 
3064 5.99599601250728e-06 
3791 7.323054500749677e-06 
5651 6.370249474249308e-06 
2486 6.140287452009133e-06 
323 6.373315620393111e-06 
1938 4.24220898217724e-06 
3837 7.018338452531562e-06 
7036 6.4332840020186695e-06 
628 6.214629566652442e-06 
5701 6.384142298154105e-06 
7418 4.885323971534205e-06 
772 6.4971635334385166e-06 
7810 6.3942490883332514e-06 
7452 6.376518474292308e-06 
4914 6.272062103668475e-06 
9311 6.498766576023892e-06 
2294 6.360245147349147e-06 
3339 1.5420116315050278e-05 
5633 6.554231293009978e-06 
116 6.713128438531559e-06 
5062 5.768833854537964e-06 
8183 6.381178507974051e-06 
6866 6.375691529036489e-06 
6107 6.409068417429537e-06 
1860 5.286006970774328e-06 
8874 5.842599725820115e-06 
232 6.456326833242855e-06 
4698 3.55458089145412e-07 
1278 6.326168385585143e-06 
1755 6.900121180340445e-06 
8826 6.354642195400071e-06 
4640 6.362318250049587e-06 
8980 6.38302411763683e-06 
6005 6.6331645896603304e-06 
9927 6.4095201902988595e-06 
6966 6.46313755581239e-06 
4905 7.256254909438318e-06 
8432 6.199589929709612e-06 
3162 5.71379827271928e-06 
120 1.99644515809172e-06 
5394 2.259325183252006e-06 
6872 8.11505258393716e-06 
7079 5.937730350007654e-06 
562 6.383147999791196e-06 
6868 6.127250079447193e-06 
5072 1.0267302182754868e-05 
2910 6.384925030110889e-06 
7461 6.6709215241804355e-06 
1921 6.37342873847635e-06 
5497 6.902811816617285e-06 
7347 6.7141140685849334e-06 
4339 6.312951296559509e-06 
2917 6.317316842040208e-06 
9027 6.38715901063782e-06 
17 6.073728951607182e-06 
8364 6.2157666309199465e-06 
1083 6.41723075983519e-06 
1132 6.40567225995874e-06 
3690 1.1193758393576972e-05 
4974 6.36817206663865e-06 
8391 6.3966934293287876e-06 
9388 6.417454804203184e-06 
6258 5.446883179402212e-06 
8511 6.289006637737634e-06 
9422 6.327051306648754e-06 
6159 7.949821154161737e-06 
7251 6.532287874108777e-06 
1796 2.195123615178747e-06 
2687 6.256022062261003e-06 
5955 6.40385071472203e-06 
5887 5.763989652965299e-06 
640 6.676847731178977e-06 
5857 6.363017460568898e-06 
7698 1.6658035159315376e-06 
2521 6.5265749740086825e-06 
346 6.7169851194407825e-06 
3205 5.907238250081925e-06 
7922 6.266058681049008e-06 
6392 7.347085846499422e-06 
1910 2.940314660784366e-06 
1828 3.38806139299208e-06 
8875 6.416030651945804e-06 
4558 6.41154446604545e-06 
7519 3.9456539707851435e-06 
3816 6.352118799672278e-06 
7034 6.5767358522308835e-06 
746 7.898698809203569e-06 
5983 4.0892307161496925e-06 
7293 6.353165292546136e-06 
7522 6.724286279247717e-06 
1660 6.2825598418864565e-06 
6560 6.663145663369703e-06 
4957 5.034213891644581e-06 
8781 3.698752748612603e-06 
6605 6.859155459257878e-06 
7037 7.994338699153793e-06 
8633 6.761147770275773e-06 
2 4.121767552298734e-07 
2957 6.291768614311193e-06 
3327 6.232584321646143e-06 
4802 6.411649791235265e-06 
164 6.308875924053951e-06 
7781 6.452579886393241e-06 
3153 6.38671671724959e-06 
7167 6.411054891567968e-06 
8692 6.387303022407266e-06 
9208 1.7896371155833677e-05 
2671 6.385519065239812e-06 
3496 6.275837378176961e-06 
6596 6.374957960660103e-06 
9896 6.383916137436237e-06 
6384 6.3327937994707545e-06 
1678 6.352905933149213e-06 
7004 6.425504398395836e-06 
3896 5.945499965755085e-06 
1103 6.238391747897614e-06 
6267 5.7032946070744785e-06 
2135 6.420861043175445e-06 
6068 6.395559207587263e-06 
8437 6.700379236572987e-06 
63 6.52718437505382e-06 
199 5.5643940543573525e-06 
2496 4.975254655049657e-06 
7403 6.5950268044295505e-06 
7104 6.41590363546505e-06 
244 6.690262808756582e-06 
7865 6.725231072969519e-06 
5925 6.2212789529688345e-06 
2593 6.3668454548763146e-06 
7108 6.324165931468869e-06 
7587 5.172772966178949e-06 
4520 5.582787071364274e-06 
6091 6.537554689984547e-06 
6056 6.45952419266052e-06 
2709 6.338784564192071e-06 
5013 6.282640208861598e-06 
60 7.952999044033735e-06 
6716 6.705466774285401e-06 
5722 6.620180583713576e-06 
8376 5.377783709665391e-06 
6828 7.085706225513103e-06 
6894 5.978114221876548e-07 
9889 5.036605044289383e-06 
5486 6.400931308923106e-06 
51 6.373326608283126e-06 
542 6.3417740393361666e-06 
2943 6.215258204360516e-06 
3390 6.356790710064264e-06 
1492 6.032451455867442e-06 
4822 1.0718642688647989e-06 
8404 6.025504641751041e-06 
5325 6.354634602918614e-06 
3052 6.680857000996274e-06 
3161 7.347464198629701e-06 
429 6.11884097224616e-06 
1139 5.976429445766124e-06 
4759 6.422424684666129e-06 
6259 6.5826710381677446e-06 
9999 6.730150535361414e-06 
6049 6.23617181247392e-06 
8508 7.740159887343325e-06 
485 6.502527050428356e-06 
6829 6.639484746610481e-06 
8239 5.596437210621275e-06 
8162 1.2003590883731403e-06 
1647 6.1350344596368e-06 
5707 6.401322783580795e-06 
5999 6.124891151678374e-06 
1290 6.26735174091874e-06 
1779 6.50462848608272e-06 
8793 6.448125343005931e-06 
2974 6.384544709011253e-06 
4512 6.079177283729776e-06 
9892 6.679255000854057e-06 
8877 6.463148860646625e-06 
8442 6.386607256768159e-06 
7335 6.380295230602709e-06 
1429 6.533111478895258e-06 
880 6.317950857108458e-06 
8696 6.09333123953245e-06 
4962 6.381860966494568e-06 
6975 6.544751126817756e-06 
9393 7.092607456192724e-06 
3378 6.378736024943376e-06 
9333 6.373863834918386e-06 
5614 6.633123712712261e-06 
5443 6.4706029956479416e-06 
5543 5.967077527297711e-06 
4970 6.438302796852974e-06 
3540 6.503464433045976e-06 
470 6.369904268108281e-06 
8807 6.303766603270722e-06 
9674 7.4534233335358935e-06 
1591 6.327726609675491e-06 
7952 6.2812037464746924e-06 
9491 6.7468512560178715e-06 
4423 8.188848684334191e-06 
5009 7.015918437836651e-06 
7944 6.369656457039931e-06 
7430 7.494801568759181e-06 
1943 1.0282732025590361e-05 
3697 1.3595433777272044e-06 
887 3.2795046548149175e-06 
930 6.448954087506373e-06 
402 1.418839680427842e-06 
3943 6.411114883873275e-06 
3088 8.111243749818602e-06 
169 6.356101256441188e-06 
6200 6.361244226897553e-06 
8973 5.346086410030225e-06 
1259 7.162038578651645e-06 
3197 6.436240509719938e-06 
8405 1.3568968167616132e-05 
3994 6.378929444142009e-06 
1055 6.521839155119211e-06 
2795 6.369042120133882e-06 
1572 6.359945497087113e-06 
2590 6.5045924097369265e-06 
2128 3.3006193700887783e-06 
5016 6.400147218718295e-06 
5229 6.375548964746157e-06 
2305 4.495415932518487e-06 
3220 6.329150581446423e-06 
9377 6.364366362955543e-06 
7536 6.298922831369158e-06 
1628 6.387850982325051e-06 
9701 4.488680074182155e-06 
9011 5.967749317723976e-06 
8829 6.247172439651716e-06 
2681 6.379373758328299e-06 
7154 6.447119368687558e-06 
3606 6.170013592587955e-06 
4236 5.5696681588818825e-06 
2668 6.466036711425396e-06 
5550 6.341904745211325e-06 
9359 5.887977689353211e-06 
6701 6.076663546307497e-06 
5475 6.377443629663941e-06 
5981 6.426781258025879e-06 
2185 5.0326042801010775e-06 
2829 6.276749698891913e-06 
3770 6.4020877004554716e-06 
857 6.992581486918475e-06 
1574 5.865833473253148e-06 
4460 6.3876692508104935e-06 
9197 7.037513884930771e-06 
4810 6.404826139105028e-06 
673 7.841030602294248e-06 
8479 6.399935229494039e-06 
2559 5.344216833474529e-06 
6727 6.492949706088238e-06 
8577 6.393761146069662e-06 
465 6.287375890683769e-06 
2024 5.626370800279912e-06 
3486 6.767634208223719e-06 
6614 6.253676040827163e-06 
7100 6.199651191502981e-06 
9882 6.224440733668697e-06 
7021 4.893153857425618e-06 
9098 5.785739316827493e-06 
7033 5.0977947375744395e-06 
566 6.4136132666908e-06 
5501 7.288773183807791e-06 
4712 6.3488947967222265e-06 
6057 5.284146038113357e-06 
7935 6.329300627559901e-06 
6676 6.066975212380386e-06 
4194 6.2601341172778814e-06 
2021 6.39970928681294e-06 
1857 6.462720357608937e-06 
3137 6.582478355234477e-06 
7305 1.4436421179883988e-07 
334 6.268553815488507e-06 
2360 6.372618243940483e-06 
2485 6.190022105966854e-06 
4622 6.482717602703396e-06 
8428 6.0461249274004136e-06 
5775 6.136996895796351e-06 
3846 6.320862813947822e-06 
304 6.403218065856271e-06 
2637 6.3778974586885135e-06 
9521 1.0100580273961804e-06 
196 6.822478013205874e-06 
3935 6.301400404974754e-06 
2252 5.75935537090068e-06 
4007 6.415286347512399e-06 
1772 6.390203450480763e-06 
8005 6.3866309986959375e-06 
4292 7.2136520344034896e-06 
3937 3.6942259454670926e-06 
8244 6.3919064801424036e-06 
5406 6.024485581990022e-06 
6065 8.790389898777808e-06 
250 6.430566457919188e-06 
5198 6.4061705559810935e-06 
2775 1.2415722218519576e-07 
4252 6.386424176583313e-06 
8042 6.3655220210895174e-06 
5317 6.464815995041684e-06 
314 4.851242650070368e-06 
8613 6.8173385322016755e-06 
3605 6.540609460440992e-06 
4501 6.302814192445201e-06 
7596 6.29583947151522e-06 
8827 6.310328719594482e-06 
2247 6.002137843871928e-06 
1292 8.644400424367445e-06 
4646 6.65301874279696e-06 
7689 1.2544744872144102e-06 
6338 6.378121647755066e-06 
7093 6.404610044057281e-06 
3613 6.3905039806203615e-06 
5241 6.41675608619332e-06 
2014 6.392190361376456e-06 
4830 5.231083553803749e-06 
433 7.258068227019204e-06 
9140 6.33928256778816e-06 
9833 6.166586870077622e-06 
7481 6.423696012663913e-06 
1630 7.896234728936075e-06 
5154 6.4803418445251945e-06 
3228 3.9436362367493603e-07 
9930 6.448808473060605e-06 
3 6.318192341688908e-06 
7843 6.34854526056509e-06 
9324 6.453537440066267e-06 
1182 6.172000560684164e-06 
194 6.466617972145695e-06 
4123 6.393970796753718e-06 
1198 6.314152718513262e-06 
1216 6.372839795530141e-06 
4775 6.363300358125707e-06 
7346 6.3685645491789005e-06 
9897 6.567833907432803e-06 
1267 7.845482193595406e-06 
7576 7.387334519858372e-06 
4294 6.157318860309228e-06 
6796 3.557781226427546e-06 
8 6.263921281300491e-06 
1444 6.348840971423338e-06 
7752 6.397648841027074e-06 
7018 6.403692729932815e-06 
9610 6.3717222502462e-06 
9350 6.413146437329863e-06 
9740 6.383576998441903e-06 
1708 6.3752766929583e-06 
1075 6.385217064975286e-06 
6700 6.364865734248419e-06 
5978 7.634489278374753e-06 
8710 6.2237538071480345e-06 
1451 6.015311194324935e-06 
7964 6.1988604233179535e-06 
255 6.403852297353162e-06 
4413 6.111771784791589e-06 
9922 6.19575939641666e-06 
6593 8.535182395782096e-06 
8230 6.361083080679504e-06 
6493 6.385730148403626e-06 
8344 6.934258572795071e-06 
2419 6.385160997724502e-06 
2904 6.388941002973412e-06 
9360 6.3421849751351046e-06 
2659 6.339975140855788e-06 
6047 1.566629397509471e-05 
259 6.3445523854127386e-06 
8803 6.400979495726376e-06 
4780 6.424817647386508e-06 
7240 5.697351539300099e-06 
3601 3.578654575255068e-07 
6214 6.3867371343936725e-06 
9493 6.369553178714716e-06 
2448 5.875939272017324e-06 
9118 6.379326497555256e-06 
9477 6.395175296679719e-06 
5747 1.0526860782748154e-06 
139 3.9968796307383195e-06 
1360 6.438649085402537e-06 
3437 6.850289946159835e-06 
6788 8.95789003527444e-06 
7064 6.584437138554952e-06 
4625 6.603041664641985e-06 
181 6.378965969383931e-06 
546 6.3813859500046685e-06 
9064 6.27792750506234e-06 
9969 6.385001789383925e-06 
6213 4.282074957577784e-06 
4539 6.977523396483378e-06 
8562 6.807715717425195e-06 
167 6.41290099804026e-06 
4290 6.37354319099434e-06 
1721 3.371677421594819e-06 
5731 6.611000258926972e-06 
1961 3.270697255058994e-06 
2441 7.103265341257798e-06 
6442 6.293766597068859e-06 
222 5.905969296439857e-06 
322 9.172851696337953e-07 
1776 6.430776989520618e-06 
3076 6.398302366549462e-06 
9908 8.201035967750129e-06 
7552 7.087951001352885e-06 
3090 6.270947753910033e-06 
5155 6.231600884035218e-06 
4855 6.33871131696958e-06 
7816 2.9706355788260232e-06 
682 6.544347781466352e-06 
818 6.5942318405232705e-06 
6552 5.7727628457176925e-06 
7829 6.372442292776293e-06 
2783 9.281166153126347e-06 
691 6.15846137008415e-06 
38 6.02361651902173e-06 
2737 6.480547496371008e-06 
3202 6.3618794677694585e-06 
5416 8.161927107202805e-06 
2043 3.7434199205869827e-06 
3878 6.448831796926819e-06 
3838 6.395659903005375e-06 
9698 6.338251477690507e-06 
4155 6.489004032139092e-06 
4408 6.337560288761718e-06 
660 6.054838075913072e-06 
975 3.3596247731141453e-06 
8441 6.3294432492343626e-06 
1073 6.339673098837248e-06 
5444 6.349829161041267e-06 
3143 6.515079175089434e-06 
4017 6.4021938493795964e-06 
359 6.360055487449411e-06 
5996 8.198673205312836e-06 
300 6.473002636233648e-06 
7386 6.354403638662181e-06 
8041 6.3094816842788606e-06 
1869 6.499348284795929e-06 
7557 6.070172837705458e-06 
3393 6.391702860624981e-06 
1348 6.369844441859727e-06 
3221 6.3415323811804526e-06 
6131 6.384131580745017e-06 
4013 6.34760604901107e-06 
1321 6.390552510764272e-06 
3928 6.348553106496075e-06 
253 6.333413982480306e-06 
4478 6.412076085146573e-06 
8379 6.418691660802039e-06 
2961 6.31499455342267e-06 
1555 6.384415212141646e-06 
575 6.388743609677449e-06 
8871 6.514849130047498e-06 
3359 6.1029512307470654e-06 
1175 5.647520426967457e-06 
8729 6.409212647225821e-06 
1940 6.3737759579521385e-06 
6852 1.0846022841888592e-05 
8296 6.359210684278072e-06 
2983 6.778321899684865e-06 
6071 1.057982640890748e-05 
8440 6.327634989999321e-06 
7289 6.317727168598864e-06 
452 6.380482753437649e-06 
4659 6.505369393375323e-06 
2658 1.0726609687313323e-06 
7269 6.376772505641268e-06 
3430 6.493091172368446e-06 
795 6.363819740524018e-06 
6582 6.226464331615e-06 
996 6.531478361324987e-06 
4715 5.686963530239495e-06 
9913 8.848827627946838e-06 
859 7.054909471938445e-06 
8746 2.943825722214203e-06 
7493 6.400370417221926e-06 
2617 6.707808183623814e-06 
1240 6.383906505310228e-06 
9968 5.858501339007869e-06 
830 6.3448642511252135e-06 
9337 6.433973568189182e-06 
6718 1.2077048607398339e-06 
2117 6.336044740410206e-06 
5019 6.3767293067756675e-06 
34 5.8739170429012375e-06 
141 6.540372486426646e-06 
7966 5.603197130686793e-06 
7343 6.468041945844468e-06 
2435 6.4215010916329895e-06 
7705 6.113273063069667e-06 
6281 1.2752595266614777e-05 
9095 5.798372388554605e-06 
1441 5.609830163774378e-06 
3820 6.370942439269139e-06 
9690 7.148126885574754e-08 
8558 6.063246903818482e-06 
7055 9.070374237377435e-07 
1291 6.349871523868811e-06 
5692 6.390036638375153e-06 
808 5.2716321630524885e-06 
8087 7.616160489875822e-06 
8891 9.688122100179608e-06 
1411 5.453832608631747e-06 
2394 6.382646450974153e-06 
6172 6.4599651484175095e-06 
1727 6.628885914707869e-06 
9557 6.597247107150792e-06 
4014 6.093984084870388e-06 
9436 6.606402791320492e-06 
2736 5.998595735282005e-06 
2493 6.440770868971168e-06 
8839 6.3749062641317556e-06 
3087 6.470930416493424e-06 
6439 6.444290030570274e-06 
611 6.3735037161404385e-06 
6337 6.41270808194185e-06 
8148 6.379652917474314e-06 
9154 1.1175494768309724e-05 
9194 6.553870223626349e-06 
7164 7.265657151012574e-06 
6584 6.386932137408338e-06 
8335 6.672915022600814e-06 
9546 6.466327476344318e-06 
7940 6.389711982891424e-06 
6003 7.011531472509344e-06 
6449 6.2829662436978834e-06 
6308 6.132805786310033e-06 
1303 6.366803492805092e-06 
2852 6.358094186893196e-06 
4246 5.3457375575241085e-06 
2524 3.2422415696014624e-06 
3009 1.4941144229317611e-05 
6737 6.376947232090599e-06 
6009 6.426514362683582e-06 
7175 6.3791011597942316e-06 
9993 6.422444610307093e-06 
8537 6.382250226800071e-06 
5266 2.1753048529138397e-09 
9845 5.550278600467319e-06 
8927 6.38659172475548e-06 
4315 6.380328711390952e-06 
4981 6.292504360584352e-06 
4582 5.797029665265811e-06 
5973 6.352171955582964e-06 
619 5.993240059803116e-06 
4368 6.42046675920666e-06 
357 6.72437283389402e-06 
9068 6.1780737114354345e-06 
5942 5.922768716012444e-06 
7117 6.709719424920225e-06 
4045 6.363375314055422e-06 
3823 6.540925323949131e-06 
3464 6.407322701127452e-06 
8243 3.7278427676829685e-06 
5988 6.955107056032694e-06 
1219 8.002965551617073e-06 
9554 6.416830643627808e-06 
741 6.392434894432658e-06 
7433 6.389829661078944e-06 
1212 4.602404320907808e-06 
6178 3.389721979361157e-06 
9894 5.008190485536524e-06 
5159 9.805287886672253e-06 
3000 1.0117087639175507e-05 
4515 6.690995999386575e-06 
7748 2.9775682110374313e-06 
5477 6.376343731108223e-06 
6810 6.731348712945186e-06 
2744 8.190977769982624e-06 
8058 6.282857731409867e-06 
965 6.362735810681366e-06 
3729 5.904385774722873e-06 
3714 6.492701107047699e-06 
9055 5.538389139398554e-06 
7934 5.46674068722847e-06 
639 6.239982951984832e-06 
1758 6.302602013706431e-06 
2588 6.761225848942519e-06 
4819 9.077083138900698e-06 
1310 6.430960107311817e-06 
5190 6.359468446485994e-06 
6922 6.41748193345864e-06 
9779 6.2471144315448635e-06 
3156 2.0840680875623816e-06 
9607 6.4096354638664664e-06 
3274 1.2177257244903317e-05 
7078 6.375711978265698e-06 
2663 5.894030068785256e-06 
8384 6.673088034306425e-06 
2067 6.3594233730145245e-06 
3448 4.674522166738771e-06 
9456 5.779566972289509e-06 
254 6.3833551366052445e-06 
5585 6.9486295449847295e-06 
40 7.125646786952386e-06 
5221 6.252019886867506e-06 
1731 6.385774433975339e-06 
4868 6.3665392955093276e-06 
2901 5.355957166954318e-06 
4229 6.4581217387308775e-06 
1734 6.966220332874992e-06 
3313 6.1635311611523094e-06 
6373 6.380980466068041e-06 
2569 6.630706355003652e-06 
3411 6.48268997421113e-06 
9022 6.4692355993245025e-06 
360 6.449227509778389e-06 
8290 6.3313193166074844e-06 
3082 6.422818187538276e-06 
5725 6.16282893201162e-06 
6823 6.507348060608966e-06 
8276 7.300939045812331e-06 
4053 6.450355554831545e-06 
6123 1.63279231772109e-07 
825 6.253229056420108e-06 
6247 6.376287351405166e-06 
2564 6.3699191870692865e-06 
2598 6.703148033446322e-06 
6942 6.6877003825760115e-06 
6359 6.396459267489446e-06 
2054 6.506821305580886e-07 
6054 6.412688818100685e-06 
1276 6.414911608057902e-06 
7505 6.376204936090862e-06 
7401 6.651149561223904e-06 
6492 6.3945431513897206e-06 
3749 6.379838614973241e-06 
7152 6.2872883493792555e-06 
1288 7.5683614112099745e-06 
521 6.3784070376462995e-06 
6403 6.593259245502286e-08 
8400 6.387163504232087e-06 
9329 6.383839839025859e-06 
8203 6.349385854132847e-06 
4046 6.530100996336356e-06 
6 6.491320296134975e-06 
8304 7.298057870802131e-06 
4336 6.4401710726740805e-06 
5460 6.391268011565368e-06 
597 3.450539553659388e-06 
7005 6.621482198864157e-06 
1746 6.364364306889824e-06 
5158 6.66723911172436e-06 
8775 3.3839725521161685e-06 
57 6.883394487718092e-06 
4894 6.41081654967339e-06 
4673 6.399675075417868e-06 
6898 5.561460400392651e-06 
6019 6.7988102152709425e-06 
3025 6.40096559477328e-06 
4479 5.766898683412317e-06 
6890 6.520510828251549e-06 
5119 6.465210648044621e-06 
1101 6.060068668869813e-06 
8931 6.542028222874906e-06 
4204 6.371266530444381e-06 
6851 1.0970379606207176e-05 
5455 6.334340039743333e-06 
7699 9.301471943477541e-07 
2040 5.976343635759109e-06 
3504 6.364977978919341e-06 
5825 6.402175300783961e-06 
6953 5.823256346023745e-06 
1873 6.567910743197639e-06 
133 6.3329791777752295e-06 
1794 6.427796744567312e-06 
3930 6.5286048295848094e-06 
2002 6.3842100186244474e-06 
963 6.617655921786799e-06 
6628 6.318139238182686e-06 
2433 5.227825688824136e-06 
4241 6.351416699746582e-06 
4569 7.320268942755458e-06 
2333 1.1638551323630391e-05 
138 5.236774635123538e-06 
7156 5.7239889663697694e-06 
3799 6.738430020756819e-06 
3708 1.56148173200343e-07 
9212 6.383031828107084e-06 
5858 6.3243650374227136e-06 
3276 6.100567706373454e-06 
8551 6.6928048192681735e-06 
1531 6.386224213917408e-06 
5445 6.408209949611631e-06 
5320 3.9460943423221624e-06 
4186 6.699910390512117e-06 
7426 6.31850910267916e-06 
3466 6.3771061263829215e-06 
5537 5.961047194482703e-06 
5431 7.267890860096646e-06 
2531 6.376796574518548e-06 
5851 4.5470023839582125e-06 
2097 6.509019515986609e-06 
1375 6.424456419269615e-06 
535 6.378978197738926e-06 
5302 6.366515319548816e-06 
9186 6.2563447285892336e-06 
5 6.4819761535673445e-06 
3355 5.921387428197746e-06 
3067 6.516283633683964e-06 
1956 6.432835252438502e-06 
4536 6.369577514398244e-06 
8554 6.366131003942656e-06 
7564 5.764597379833757e-06 
1754 6.4484407104722315e-06 
8152 6.359771254487921e-06 
7146 6.382483470909229e-06 
7546 6.4362076807213386e-06 
1220 6.449342278444981e-06 
4345 6.369350637634613e-06 
9376 3.557395735872328e-07 
8688 6.348547672954997e-06 
4253 6.365526795438934e-06 
2222 6.425475278390254e-06 
2577 5.470953322742436e-06 
709 6.108216041692271e-06 
8638 6.348763916969866e-06 
4529 6.509062404016543e-06 
5328 8.381755051998436e-06 
2044 6.587024978400885e-06 
4875 6.411417971562134e-06 
5877 6.173685869889534e-06 
6865 6.583999888751424e-06 
7373 6.592829609322285e-06 
9223 6.395633974498794e-06 
5738 2.1425205607218655e-06 
7565 6.027674982914982e-06 
2180 6.3576986808175905e-06 
5203 6.33573058369559e-06 
4544 5.098993871711497e-06 
503 7.452886968535384e-06 
4614 1.3187408147806846e-06 
1408 5.488108120259724e-06 
2158 5.829465224997184e-06 
7470 6.72577068767612e-06 
2032 7.770292116781707e-07 
5069 4.461837875038372e-06 
119 5.426242172394539e-06 
4255 6.6181951630389575e-06 
2769 6.863420090758314e-07 
6201 5.885075637334642e-06 
7815 6.502420973071912e-06 
5717 6.302496912476495e-06 
8791 1.098063024897391e-05 
3623 5.9191059677408505e-06 
7824 6.386781028371793e-06 
6712 6.302605624560398e-06 
6083 6.090022604814472e-06 
512 6.7923192028081145e-06 
4132 6.0702207142921335e-06 
3547 9.867643138789426e-06 
8918 6.387282586931589e-06 
2173 6.414107013648863e-06 
5143 6.299537945014157e-06 
6051 1.1012414149895566e-06 
8548 6.503040622742313e-06 
6650 6.394805438372188e-06 
275 5.406276514515439e-06 
9028 6.990031606438208e-06 
8728 5.8182429441283555e-06 
581 6.400454589259265e-06 
6302 6.397882642975579e-06 
8310 6.454558964006786e-06 
8356 6.357127685488464e-06 
5724 6.301482894483872e-06 
8684 6.3370525114544375e-06 
227 6.452660788733663e-06 
6807 6.094221962183825e-06 
9857 6.379889517031622e-06 
4244 6.3165897273595345e-06 
5720 6.37903977707409e-06 
7880 4.887207615375538e-06 
427 6.434199693057104e-06 
2519 6.392990019595162e-06 
1177 6.788961394978151e-06 
2270 6.381105011810639e-06 
5440 6.427148488039259e-06 
4892 6.371563514028725e-06 
6576 6.385711563094888e-06 
7169 7.145881793719613e-07 
225 6.218665741536594e-06 
8473 5.038703430015773e-06 
3806 6.3910581968980405e-06 
5904 6.082848575047821e-06 
8805 6.615661219388932e-06 
2993 5.935756776906384e-06 
5767 1.0025830699763202e-05 
3665 5.002369564440511e-06 
3014 6.396200095058849e-06 
7771 6.390341960799674e-06 
6395 6.410602931197095e-06 
6553 7.22643878388504e-06 
9148 6.016199125552569e-06 
6139 1.070264952302265e-05 
1323 6.391861757785465e-06 
2313 9.888058162440925e-07 
4541 6.384547783292854e-06 
2431 7.69692439442924e-06 
156 6.3633198333424715e-06 
1991 6.391638110139574e-06 
5748 6.3900850143685916e-06 
1424 6.5560979684038704e-06 
9054 2.95476948599446e-06 
3115 4.883096680303461e-06 
9691 6.400642434571176e-06 
9778 2.4665661164287424e-06 
4955 6.347961976787985e-06 
5989 6.53011319960826e-06 
5109 6.40307252486135e-06 
2660 6.239616256406525e-06 
2104 6.396248765533691e-06 
9928 6.376100051925739e-06 
3183 6.201684958274003e-06 
3666 6.426257533200643e-06 
3576 8.343540159733143e-07 
8834 6.114236855873764e-06 
3747 1.104309405728477e-06 
6656 6.422336461050135e-06 
6893 6.0910168949674474e-06 
8308 6.391622876943385e-06 
6973 6.3683026012718214e-06 
8303 6.402925254964513e-06 
2197 6.512694023917472e-06 
7652 5.788898620241671e-06 
3487 6.571200768807513e-06 
341 3.5641449531140142e-06 
9525 5.862386218653459e-06 
6225 6.385746079897014e-06 
1732 6.10004993221665e-06 
7929 6.284557120965604e-06 
