1 5 9 5 1347
1 9 6 4 139
1 10 8 4 591
1 18 6 3 123
1 19 7 3 59
1 30 10 3 72
1 48 9 1 14
1 113 5 4 325
1 136 3 5 689
1 151 4 4 333
1 157 3 3 56
1 167 9 5 1759
1 216 2 3 25
1 257 10 2 40
1 260 5 3 109
1 266 2 4 98
1 275 1 4 102
1 322 7 4 342
1 353 3 3 61
1 416 2 4 61
1 553 4 3 68
1 619 7 4 647
1 647 8 3 82
1 671 10 1 13
1 675 5 2 12
1 680 8 2 36
1 705 10 4 1132
1 844 9 2 31
1 903 6 3 77
1 918 2 3 21
1 937 8 4 227
1 3 9 4 310
1 13 7 2 20
1 81 6 4 320
1 121 5 4 415
1 130 9 3 63
1 249 3 4 183
1 258 6 3 32
1 291 5 3 28
1 323 5 4 123
1 341 1 4 106
1 481 8 3 83
1 518 9 1 14
1 519 9 3 109
1 722 3 4 104
1 773 1 5 454
1 805 4 5 461
1 835 4 3 69
1 919 4 6 3058
2 8 7 4 194
2 16 8 8 484209
2 31 4 3 23
2 38 10 3 175
2 71 8 4 181
2 83 9 2 27
2 136 10 3 142
2 229 3 6 3604
2 293 2 5 423
2 358 10 3 115
2 482 7 3 65
2 536 10 2 23
2 566 5 5 602
2 645 9 2 20
2 706 1 5 178
2 769 3 4 272
2 826 4 5 1492
2 921 2 3 12
2 9 6 2 27
2 21 3 3 57
2 30 10 3 57
2 39 1 4 38
2 44 8 3 97
2 65 2 4 117
2 72 1 5 241
2 113 8 2 17
2 129 1 6 2632
2 146 1 8 71309
2 149 4 4 424
2 211 2 3 20
2 257 9 4 561
2 265 9 2 16
2 513 5 4 523
2 523 2 3 23
2 673 9 3 121
2 774 3 3 51
2 785 9 2 16
3 4 1 3 19
3 9 10 3 82
3 49 1 7 5031
3 133 2 5 294
3 168 1 4 65
3 261 3 5 1362
3 268 9 3 62
3 329 5 3 84
3 524 10 4 709
3 827 9 3 137
3 34 1 4 26
3 38 2 4 177
3 68 9 4 905
3 90 4 3 44
3 142 3 3 44
3 146 8 3 91
3 386 6 2 17
3 438 10 2 47
3 547 7 3 129
3 593 9 1 11
3 711 6 3 83
3 853 9 4 238
3 913 4 3 61
4 25 9 1 14
4 132 3 4 141
4 273 6 3 56
4 278 2 3 41
4 531 10 4 740
4 593 2 5 309
4 653 10 1 16
4 818 9 6 7402
4 7 1 4 63
4 34 7 4 161
4 40 3 3 61
4 61 4 3 62
4 106 9 4 857
4 108 2 6 4235
4 113 3 3 19
4 199 6 5 4053
4 359 1 6 1452
4 489 2 5 829
4 518 2 4 56
4 628 8 3 108
4 657 4 4 242
4 666 8 3 138
5 5 3 4 104
5 16 4 4 269
5 25 1 6 4428
5 51 5 3 81
5 61 7 7 62207
5 65 4 4 382
5 249 8 3 47
5 285 2 6 3224
5 294 2 4 223
5 369 9 4 985
5 518 5 3 40
5 577 3 3 66
5 684 2 4 97
5 775 2 3 39
5 804 6 5 1306
5 809 4 5 2606
5 50 5 4 266
5 90 4 3 44
5 189 10 3 112
5 212 6 4 244
5 257 6 3 89
5 265 3 3 63
5 276 3 4 204
5 322 1 4 26
5 396 4 3 46
5 515 3 4 268
5 547 4 3 83
5 552 2 3 27
5 555 9 2 34
5 567 8 4 749
5 593 1 4 55
5 641 9 2 41
5 646 2 4 143
5 650 2 4 54
5 901 7 4 559
6 19 4 5 583
6 217 1 5 167
6 585 10 3 167
6 888 4 4 110
6 30 4 3 57
6 58 5 5 761
6 61 10 4 903
6 186 3 5 598
6 233 2 3 26
6 257 10 3 114
6 385 8 4 714
6 513 5 4 260
6 514 4 5 489
6 534 7 4 184
6 577 7 2 30
6 626 10 3 110
6 912 9 3 123
7 149 2 4 55
7 213 7 5 1441
7 260 4 3 73
7 268 6 4 236
7 269 3 4 106
7 467 8 3 121
7 513 2 5 227
7 799 5 4 114
7 1003 9 1 10
7 103 6 3 37
7 133 1 6 2765
7 205 3 4 273
7 305 5 6 5498
7 326 2 5 526
7 385 8 3 89
7 397 1 3 20
7 413 5 3 27
7 474 6 4 249
7 535 6 4 226
7 545 9 2 28
7 558 8 3 48
7 641 10 3 95
7 682 4 3 22
7 695 9 3 102
7 778 8 3 133
7 871 3 4 337
8 82 2 4 60
8 111 4 3 31
8 238 7 3 140
8 716 7 3 65
8 20 4 3 25
8 260 10 2 20
8 293 2 3 43
8 420 9 2 18
8 721 2 4 69
9 20 6 3 131
9 33 6 4 250
9 43 8 3 74
9 59 5 3 38
9 203 6 2 24
9 273 3 5 2037
9 274 9 3 93
9 387 1 5 679
9 394 6 2 11
9 487 5 3 44
9 553 2 5 451
9 643 6 4 277
9 657 3 4 200
9 736 7 4 231
9 851 6 3 115
9 903 1 4 45
9 73 7 4 177
9 169 2 6 5228
9 173 10 4 923
9 194 6 4 155
9 262 9 3 72
9 278 4 4 316
9 305 7 3 66
9 331 5 2 12
9 392 6 5 943
9 431 7 2 19
9 518 2 4 54
9 627 1 5 246
9 775 8 4 387
9 923 4 4 252
10 40 7 3 78
10 44 4 4 329
10 275 1 4 33
10 417 6 5 1673
10 527 8 4 542
10 573 7 5 1410
10 824 7 3 117
10 908 8 4 255
10 17 3 3 61
10 25 2 5 743
10 41 8 3 115
10 51 1 5 401
10 231 8 5 1065
10 400 2 4 171
10 455 8 3 54
10 521 6 4 209
10 801 4 4 350
10 874 5 4 187
10 949 4 3 30
10 501 8 2 37
11 14 2 4 221
11 41 6 1 7
11 76 6 4 196
11 85 10 2 20
11 161 5 2 16
11 177 5 3 38
11 209 4 1 3
11 519 8 2 19
11 524 3 4 118
11 585 5 5 850
11 600 1 5 275
11 681 10 4 492
11 779 7 5 920
11 21 2 5 488
11 45 10 3 68
11 129 10 4 518
11 130 10 3 109
11 401 9 4 671
11 529 4 5 655
11 536 5 5 2462
11 537 7 3 108
11 562 3 8 942467
11 659 10 3 92
11 912 5 4 174
11 930 2 4 93
12 205 8 3 93
12 587 2 4 122
12 753 6 4 164
12 780 4 3 59
12 203 10 3 106
12 267 3 5 643
12 306 6 2 16
12 327 4 3 44
12 347 2 4 63
12 348 9 3 100
12 515 5 2 13
12 533 9 3 107
12 597 10 3 68
13 25 8 3 82
13 56 5 3 78
13 66 1 5 187
13 117 6 4 174
13 129 2 5 1041
13 270 1 5 152
13 367 3 5 882
13 635 6 3 109
13 782 5 4 145
13 37 5 5 1666
13 45 3 6 3182
13 112 7 5 4292
13 209 9 3 182
13 269 8 2 39
13 287 6 5 751
13 350 1 3 21
13 692 9 2 29
13 906 2 5 1337
14 67 9 3 100
14 193 6 4 256
14 225 7 3 67
14 321 3 4 247
14 781 2 4 122
14 38 9 3 77
15 128 3 2 12
15 153 3 5 807
15 211 8 2 25
15 322 5 5 2564
15 377 5 4 140
15 585 10 4 400
15 617 5 2 24
15 99 5 3 89
15 209 3 3 28
15 683 2 5 1283
15 781 2 4 135
16 353 5 4 157
16 486 6 2 28
16 660 2 3 41
16 855 1 4 41
16 343 9 3 164
16 558 7 4 447
17 25 10 3 87
17 65 4 3 80
17 97 4 4 141
17 133 1 4 104
17 149 6 2 26
17 199 9 4 313
17 517 8 4 282
17 644 10 3 135
17 807 7 2 34
17 33 3 3 22
17 68 2 3 32
17 276 9 3 126
17 325 5 3 42
17 327 8 3 130
17 402 8 4 264
17 419 5 3 90
17 530 1 4 111
17 641 6 3 93
17 665 7 3 92
17 781 2 4 139
17 793 8 2 30
17 833 7 5 1810
18 49 3 5 354
18 130 5 4 158
18 259 10 3 188
18 50 5 6 12483
18 133 9 1 11
18 707 9 5 1325
18 811 7 2 15
19 52 9 3 100
19 204 6 3 32
19 216 5 2 15
19 291 5 3 82
19 642 9 2 44
19 646 3 4 94
19 98 5 3 41
19 145 5 3 37
19 241 3 4 81
19 280 6 4 199
19 337 8 3 97
19 561 6 2 20
19 575 7 4 213
19 633 5 3 63
19 701 3 4 71
19 817 4 7 40992
20 25 8 4 178
20 658 10 4 228
20 710 4 4 292
20 181 3 4 300
20 293 7 2 32
20 577 2 4 155
20 712 8 3 77
21 29 2 4 170
21 37 7 3 53
21 70 10 4 275
21 177 10 4 286
21 195 9 4 588
21 324 3 3 61
21 787 6 3 120
21 27 1 5 265
21 41 5 3 27
21 68 3 4 221
21 91 10 2 18
21 96 3 4 148
21 150 3 4 110
21 404 10 3 65
21 412 5 3 39
21 531 3 5 457
21 564 2 3 25
21 681 7 5 1835
21 725 5 5 2124
22 117 4 5 754
22 259 2 5 247
22 309 6 3 105
22 31 1 5 153
22 137 7 4 326
22 162 2 5 231
22 401 2 3 32
22 442 1 4 36
22 545 1 5 123
22 833 9 1 9
22 840 9 2 28
23 25 4 4 103
23 69 7 6 4919
23 98 10 5 1553
23 108 9 2 41
23 134 6 3 45
23 282 5 3 85
23 321 9 5 1153
23 332 10 3 173
23 566 1 5 213
23 27 1 5 310
23 955 6 4 401
23 978 3 5 1493
24 329 1 4 30
24 771 8 4 226
24 887 10 3 62
24 46 6 5 1579
24 134 1 6 860
24 865 5 4 181
25 534 5 2 18
25 782 9 2 34
25 787 2 5 837
25 849 1 4 33
25 945 8 3 140
25 123 4 5 572
25 149 2 5 438
25 259 1 6 2367
25 434 1 4 42
25 545 6 3 46
25 611 7 4 452
25 632 8 3 56
25 737 7 3 65
25 817 6 5 1907
26 524 9 3 178
26 593 6 3 77
26 66 8 4 381
26 170 7 4 494
26 355 9 4 244
26 646 10 5 4729
26 738 8 2 30
26 789 8 4 398
27 110 2 3 43
27 802 6 2 26
27 34 7 2 20
27 65 10 4 471
27 105 2 3 35
27 154 1 6 1455
27 579 4 4 332
27 659 6 4 134
28 131 5 3 66
28 211 8 4 729
28 548 5 5 1233
28 550 8 2 26
28 278 4 3 62
28 295 5 5 1428
29 43 6 2 13
29 73 4 2 10
29 147 7 2 34
29 193 9 1 6
29 204 10 2 47
29 625 3 3 40
29 648 9 3 49
29 105 3 3 22
29 113 9 4 218
29 194 1 5 449
29 565 10 1 17
29 610 10 4 258
30 328 8 4 367
30 533 9 3 159
30 810 8 4 700
30 301 5 4 235
30 321 9 1 13
30 967 3 4 167
31 53 8 2 33
31 130 10 3 92
31 589 5 3 79
31 355 3 4 73
31 833 2 4 60
32 78 9 3 138
32 562 4 8 430733
32 34 6 3 117
32 86 5 3 108
33 34 3 4 180
33 43 10 3 109
33 73 10 2 50
33 186 8 7 41198
33 197 7 5 1520
33 205 4 4 108
33 212 1 4 52
33 220 7 4 356
33 277 1 4 85
33 389 7 2 19
33 415 5 3 29
33 515 7 3 78
33 613 7 3 138
33 642 10 4 815
33 722 9 4 424
33 760 3 5 374
33 804 2 5 305
33 849 1 4 100
33 961 9 2 42
33 97 4 5 543
33 173 5 4 157
33 177 2 3 43
33 229 10 5 1147
33 263 1 6 1284
33 292 5 3 84
33 327 9 4 658
33 346 6 4 365
33 421 7 4 210
33 429 6 3 62
33 561 6 5 1356
33 755 3 4 161
33 773 4 2 21
33 835 2 3 22
33 842 10 3 68
33 873 7 2 24
34 65 10 3 135
34 277 2 4 114
34 278 6 4 288
34 321 5 5 567
34 545 4 3 67
34 786 6 3 72
34 899 4 1 5
34 946 9 4 703
34 58 9 3 94
34 61 7 4 200
34 117 5 2 21
34 245 4 4 90
34 339 8 3 48
34 517 5 3 81
34 529 6 5 2385
34 597 5 3 38
34 682 4 3 28
34 925 1 5 231
35 145 5 3 104
35 293 6 3 62
35 325 5 2 15
35 562 8 4 695
35 664 3 5 406
35 721 3 5 564
35 801 2 3 27
35 37 7 2 24
35 96 6 3 40
35 161 8 5 1074
35 165 1 3 18
35 213 1 5 199
35 259 1 5 485
35 269 2 4 48
35 306 8 3 114
35 363 9 2 36
35 518 7 2 23
35 702 2 6 2369
35 705 8 4 298
35 770 8 2 23
35 802 8 3 123
35 978 3 3 65
36 66 5 2 24
36 267 1 5 191
36 552 6 2 25
36 690 3 3 52
36 227 8 4 470
36 284 1 6 1827
36 330 10 1 6
36 713 7 5 1414
36 991 9 3 94
37 49 3 3 44
37 258 2 4 111
37 267 4 3 22
37 289 3 4 251
37 321 7 4 173
37 449 3 4 166
37 556 8 3 130
37 706 9 4 235
37 859 9 2 43
37 259 2 6 1980
37 281 2 4 104
37 290 1 4 26
37 307 3 4 90
37 513 3 3 35
37 515 3 4 122
37 528 10 3 79
37 529 3 3 57
37 551 3 4 201
37 554 1 3 22
37 573 2 5 382
37 661 9 4 367
37 997 6 3 73
37 1012 9 4 274
38 365 3 4 162
38 521 8 3 70
38 595 4 4 372
38 641 9 2 39
38 674 2 4 138
38 68 9 4 332
38 73 5 2 26
38 130 8 2 24
38 534 8 2 20
38 953 6 4 231
39 181 8 2 26
39 205 7 4 498
39 545 6 3 41
39 93 9 6 7884
39 165 5 3 56
39 393 10 4 593
39 877 5 4 189
40 49 6 2 25
40 521 6 4 153
40 983 5 4 222
40 41 6 3 93
40 74 3 4 69
40 130 9 2 33
40 137 7 4 532
40 202 5 6 24357
40 681 9 3 178
40 898 2 3 17
41 66 3 3 17
41 257 4 2 21
41 513 4 3 26
41 529 1 3 12
41 606 2 4 210
41 646 9 1 10
41 673 8 3 131
41 757 2 4 71
41 762 3 4 108
41 841 4 4 264
41 981 9 3 96
41 162 10 4 328
41 552 3 3 47
41 761 7 3 125
42 97 6 3 52
42 264 10 5 1703
42 277 4 3 53
42 322 6 4 140
42 514 3 5 377
42 988 3 5 697
42 65 8 3 54
42 273 6 3 80
42 519 5 4 113
43 43 2 5 596
43 141 4 3 60
43 330 5 4 161
43 412 8 2 31
43 779 2 6 5751
43 840 7 4 175
43 186 4 4 159
43 305 5 3 41
43 340 4 5 701
43 514 1 4 73
43 858 1 4 37
43 883 1 5 607
44 547 1 5 125
44 193 4 5 655
44 807 3 4 329
44 833 1 5 233
45 48 7 3 44
45 431 4 6 11216
45 525 8 1 9
45 795 5 3 46
45 311 8 3 48
45 567 9 2 38
45 726 1 4 109
46 51 10 2 19
46 75 1 4 76
46 267 8 2 37
46 616 10 3 128
46 809 7 4 198
46 845 5 3 60
46 329 7 4 219
46 742 1 5 379
46 786 10 4 366
46 801 6 3 115
47 58 6 3 52
47 53 9 4 866
47 251 7 2 16
48 81 8 3 175
48 1023 1 4 30
48 274 10 3 179
48 289 5 5 1285
48 514 2 3 20
49 68 7 4 699
49 169 1 5 215
49 177 10 3 57
49 194 3 4 83
49 199 4 2 16
49 227 6 4 423
49 647 2 6 1687
49 709 4 6 5832
49 790 9 3 80
49 844 10 5 3166
49 933 4 3 43
49 98 10 1 10
49 105 6 4 262
49 453 6 3 60
49 577 6 6 11836
49 645 8 3 113
49 650 2 5 742
49 776 8 4 569
50 311 1 5 165
50 314 4 5 1087
50 517 1 5 119
50 94 5 1 5
50 369 8 4 372
51 114 3 5 444
51 529 6 3 35
51 289 6 3 100
51 873 8 3 78
52 71 6 3 65
52 378 4 2 19
52 517 3 4 80
52 81 9 3 64
52 969 4 4 105
53 189 4 4 145
53 257 6 4 173
53 286 9 4 227
53 391 8 2 29
53 900 2 4 203
53 169 3 3 35
53 193 9 3 78
53 417 7 2 23
53 513 6 3 54
53 556 7 4 427
53 661 8 3 108
53 677 2 4 68
53 794 9 5 1592
54 147 8 3 87
54 246 3 4 158
55 113 2 4 125
55 719 9 5 1485
55 157 8 5 1393
56 279 6 3 77
56 210 5 2 22
57 90 8 4 188
57 268 1 5 435
57 473 1 4 54
57 545 8 3 58
57 561 3 5 1042
57 267 6 5 3393
57 878 2 3 22
58 129 7 3 104
58 449 3 5 909
58 297 8 3 47
59 114 4 5 1377
59 471 10 3 97
59 60 2 3 12
59 129 6 5 1210
59 402 10 2 45
59 467 9 4 399
59 596 5 4 341
59 255 3 5 1391
60 293 9 4 554
60 454 10 3 58
60 584 5 4 251
61 113 5 5 1178
61 949 3 2 10
61 290 1 4 89
62 645 2 4 110
62 649 3 3 59
62 66 5 2 14
62 198 8 2 28
63 522 8 2 16
63 613 9 3 116
63 420 8 2 21
64 305 6 4 224
64 746 2 4 67
65 193 1 4 113
65 195 1 7 11054
65 198 5 3 50
65 204 4 2 11
65 273 10 2 31
65 371 8 4 518
65 466 8 4 733
65 482 6 3 68
65 515 9 3 63
65 687 8 2 15
65 757 10 2 44
65 772 3 5 869
65 781 6 4 299
65 791 1 4 67
65 85 6 3 87
65 105 5 4 528
65 214 1 3 12
65 247 3 4 72
65 387 5 4 282
65 483 5 3 30
65 490 5 2 17
65 573 4 5 1793
65 581 2 4 199
65 586 1 5 219
65 587 9 4 237
65 673 8 4 369
65 738 1 4 24
65 853 1 5 255
65 929 10 2 46
65 860 6 3 111
66 97 7 3 61
66 105 8 3 128
66 119 6 4 304
66 219 8 4 211
66 242 8 3 63
66 266 5 4 560
66 275 8 4 767
66 422 1 4 41
66 516 3 5 798
66 572 9 4 531
66 615 5 4 331
66 73 2 4 60
66 86 1 5 253
66 233 7 4 313
66 513 8 4 181
66 514 6 3 58
66 726 10 3 112
67 141 1 5 211
67 546 6 3 44
67 217 3 4 80
67 241 8 4 475
67 409 3 4 102
67 410 5 4 121
67 519 4 4 292
67 667 1 6 1115
67 190 7 3 39
68 74 9 4 299
68 454 7 2 34
68 483 6 2 19
68 841 1 5 194
68 135 4 3 86
68 146 7 2 20
68 169 4 3 44
68 262 10 4 831
68 771 6 3 50
68 835 5 4 200
69 154 5 3 109
69 193 4 4 142
69 227 7 3 82
69 285 6 4 295
69 323 3 4 100
69 577 7 2 25
69 115 5 4 118
69 145 8 3 54
69 169 5 6 3969
69 257 8 4 208
69 403 3 5 454
69 431 4 3 25
69 550 10 2 53
69 601 5 4 190
69 769 10 3 79
69 871 2 4 49
70 139 9 3 104
70 277 5 2 10
70 467 1 6 1081
70 530 6 3 71
70 573 4 3 80
70 769 6 3 128
70 147 8 1 12
70 213 2 5 1306
70 257 10 3 100
70 517 2 3 26
70 661 2 4 82
70 820 1 5 325
70 493 9 2 42
71 110 5 3 40
71 213 7 3 77
71 432 3 3 18
71 609 2 3 12
71 643 1 3 16
71 647 10 4 271
71 649 3 3 62
71 673 8 2 39
71 102 6 5 1232
71 619 2 4 51
72 265 8 2 28
72 410 7 2 37
72 701 8 2 40
73 281 1 7 6199
73 438 1 6 878
73 534 8 3 146
73 962 10 2 32
73 141 3 4 89
73 170 7 3 89
73 193 10 3 200
73 262 8 3 58
73 517 5 4 155
73 578 2 5 394
73 853 9 4 633
74 641 8 2 15
74 871 9 4 301
74 1000 1 6 1584
74 271 2 3 37
74 387 5 2 9
74 638 2 2 8
74 644 8 3 115
74 801 7 2 25
74 816 2 4 182
74 936 4 3 25
74 980 3 4 110
75 513 1 3 13
75 549 10 1 16
75 601 1 4 77
75 769 3 4 92
75 1013 2 4 62
75 85 9 3 53
75 326 10 3 212
75 539 2 4 123
76 260 2 4 78
76 577 3 3 30
76 299 7 2 28
76 386 4 3 54
77 77 9 3 69
77 85 1 4 34
77 134 2 4 102
77 263 2 4 212
77 587 7 4 451
77 856 6 3 65
77 90 3 5 1886
77 121 10 5 1764
77 577 5 3 27
77 620 5 2 22
77 629 4 2 19
77 649 3 4 75
77 705 8 3 88
78 257 1 4 53
78 268 9 3 64
78 451 2 4 148
78 457 4 4 401
78 310 7 3 109
78 376 8 3 82
79 289 2 4 73
79 518 4 3 30
79 785 9 3 142
79 920 7 1 7
79 103 8 3 157
79 131 9 2 38
79 300 5 4 359
80 166 10 4 991
80 387 7 3 133
80 658 9 2 25
81 83 3 2 15
81 133 2 3 38
81 212 6 4 146
81 529 9 2 20
81 678 4 3 69
81 921 3 4 145
81 97 4 3 29
81 123 4 4 173
81 207 10 3 186
81 233 6 4 282
81 323 9 2 38
81 395 6 6 8299
81 403 6 3 64
81 580 2 3 12
81 606 2 3 39
81 690 5 3 60
82 808 9 5 3772
82 853 5 5 3307
82 137 8 5 1622
82 161 1 4 39
82 197 2 5 233
82 522 10 2 41
82 617 3 5 1263
83 281 8 3 55
83 284 1 4 52
83 723 8 3 58
83 654 2 4 76
84 116 3 3 28
84 125 1 5 301
84 305 1 4 84
84 618 9 5 3111
84 785 7 5 1323
84 336 10 2 47
85 217 9 2 20
85 491 5 4 166
85 113 6 3 89
85 135 8 3 87
85 297 10 3 210
85 539 2 4 98
85 778 9 4 370
86 661 8 2 25
86 913 3 3 33
87 235 3 6 5940
87 525 6 4 222
87 219 7 5 903
87 531 5 3 33
87 837 10 2 49
88 354 1 3 8
88 463 5 3 83
88 513 4 3 59
88 516 10 4 224
88 140 2 6 1790
88 165 9 4 499
89 331 4 2 17
89 783 9 2 40
89 130 10 3 123
89 209 5 4 169
90 347 7 3 64
90 552 10 1 10
91 275 5 3 59
91 844 8 3 51
91 978 1 4 91
91 989 3 6 2171
91 849 1 4 25
92 155 3 4 70
92 653 10 2 44
92 952 1 3 10
92 93 1 4 56
92 238 3 2 13
92 597 7 3 59
92 476 7 4 533
93 449 5 5 1252
93 600 2 4 201
94 135 4 4 363
94 670 7 3 92
94 516 8 3 50
94 500 8 4 692
95 870 7 1 11
95 955 7 3 93
95 133 3 4 82
95 146 1 5 266
95 521 10 3 159
95 935 3 3 42
97 104 5 4 276
97 149 2 5 291
97 209 4 3 26
97 221 2 4 61
97 277 9 3 107
97 305 3 4 101
97 322 7 3 66
97 357 3 3 35
97 548 4 4 104
97 777 6 3 61
97 821 4 5 1285
97 513 7 3 42
97 561 4 3 22
97 579 5 3 40
97 841 9 4 698
98 131 3 5 1394
98 145 4 2 8
98 168 7 3 94
98 196 6 3 110
98 287 6 3 48
98 474 6 5 2022
98 526 1 4 75
98 182 7 3 98
98 257 8 3 119
98 529 10 2 26
98 550 4 3 33
98 743 2 4 56
98 801 2 4 69
99 353 2 4 47
99 402 6 3 38
99 672 3 3 51
99 929 3 4 235
99 169 10 4 234
99 202 3 4 193
99 275 8 3 98
99 404 6 4 219
99 649 1 5 354
99 717 6 4 312
100 118 2 5 508
100 135 3 4 130
100 250 2 3 13
100 538 10 4 499
101 129 7 3 62
101 295 8 5 4470
101 753 9 3 76
101 769 7 3 52
101 902 6 3 41
101 179 5 4 167
101 198 5 4 255
101 260 1 4 46
101 337 6 1 7
101 514 2 5 318
101 572 1 5 165
101 723 8 3 135
102 125 5 3 49
102 162 5 2 24
102 170 7 4 380
102 393 7 4 213
102 600 10 3 124
102 282 10 3 65
102 416 2 4 87
102 459 6 3 51
102 777 5 3 48
103 167 5 3 91
103 265 10 2 46
103 152 2 2 8
103 554 10 2 31
104 705 4 4 134
105 133 7 3 58
105 314 3 3 46
105 513 7 4 338
105 674 7 3 123
105 159 9 1 14
105 168 5 3 67
105 286 10 4 773
105 561 6 2 29
105 627 3 4 134
105 722 1 4 54
105 723 9 5 1683
105 805 9 3 172
105 835 7 2 28
106 297 9 2 16
106 780 4 6 6146
106 410 10 3 132
106 457 8 2 38
106 566 6 5 2120
106 681 4 4 361
107 517 7 4 398
107 653 1 4 86
107 118 3 4 99
107 305 1 4 43
107 325 3 4 120
107 341 9 4 275
107 841 5 4 131
108 130 3 2 7
108 113 10 2 44
109 134 5 4 186
109 515 4 3 59
109 826 3 5 566
109 651 6 4 437
109 709 10 4 593
110 708 8 4 224
110 315 8 3 102
111 691 2 3 31
113 166 4 3 77
113 777 10 3 60
113 213 8 2 19
113 372 2 3 11
113 492 10 4 317
113 514 4 4 159
113 905 3 3 40
115 417 9 4 690
115 453 9 3 140
115 498 2 5 664
115 873 4 3 81
115 421 9 4 208
115 627 3 5 341
116 601 9 3 141
116 898 10 2 22
117 144 10 4 384
117 276 5 2 19
117 327 2 3 24
118 804 1 3 15
119 566 4 4 238
120 447 3 3 41
120 837 3 5 1008
121 194 9 2 47
121 579 8 4 260
122 537 7 4 197
122 523 7 1 10
122 678 2 4 149
123 186 7 3 40
123 295 8 4 190
124 601 1 3 20
125 305 4 3 80
125 349 3 3 54
125 745 7 3 45
126 269 1 5 339
126 612 1 5 284
128 999 2 4 197
129 135 4 4 100
129 201 9 2 39
129 209 6 3 90
129 321 7 2 27
129 363 1 4 28
129 376 7 3 57
129 377 3 6 2967
129 434 6 4 254
129 454 6 3 104
129 629 2 4 154
129 771 8 2 37
129 807 4 3 35
129 178 7 3 58
129 278 2 5 496
129 349 8 3 57
129 772 10 3 81
130 164 10 3 83
130 585 3 3 33
130 708 7 3 107
130 584 9 2 35
130 655 10 2 46
130 673 6 3 125
130 913 3 5 1121
130 1005 7 5 1098
131 273 3 5 1379
131 274 2 4 107
131 369 5 4 270
131 521 10 3 97
131 529 9 5 3544
131 533 1 5 232
131 541 2 3 40
131 676 8 3 131
131 773 5 6 5581
131 981 8 3 171
131 149 1 6 700
131 233 5 3 67
131 760 9 2 39
131 863 10 2 30
131 964 3 4 183
132 582 8 5 1772
132 194 5 3 32
132 261 6 3 70
132 297 7 1 10
132 522 9 4 579
132 903 3 5 1393
132 962 7 2 18
133 138 3 2 11
133 373 10 3 114
133 517 3 4 222
133 714 10 1 17
133 917 9 3 58
133 958 10 4 847
133 152 2 5 404
133 289 8 4 180
133 398 7 3 87
133 518 10 3 194
133 531 6 3 38
133 567 2 5 988
133 843 8 3 133
134 139 5 5 1189
134 615 4 3 35
134 157 5 3 33
134 276 8 2 18
134 577 3 6 8741
134 801 10 4 241
135 209 7 4 205
135 225 6 4 371
135 378 3 3 57
135 391 8 3 137
135 517 4 4 372
135 769 9 3 58
135 263 8 5 1847
135 293 6 2 18
135 356 2 3 24
135 486 1 5 276
135 526 7 3 52
135 533 4 4 253
135 807 6 5 1218
136 259 3 4 109
136 545 5 3 96
136 141 2 3 30
136 705 2 5 968
137 161 6 5 1092
137 483 7 2 35
137 611 10 2 42
137 658 1 4 81
137 685 4 2 14
137 832 8 3 172
137 283 3 4 289
137 453 2 4 207
137 553 3 4 77
137 579 5 4 118
137 580 1 4 39
138 149 9 4 394
138 257 3 3 18
138 260 7 4 587
138 326 10 4 498
138 679 7 4 566
138 779 2 4 53
138 177 8 4 453
138 555 3 4 118
138 907 8 3 45
139 267 2 4 142
139 416 2 4 63
139 591 4 4 330
139 903 8 6 5602
139 217 9 2 17
139 259 3 3 31
139 354 7 3 120
139 538 4 4 159
140 427 1 5 352
140 866 5 3 36
140 149 8 2 26
141 144 5 4 310
141 169 9 4 282
141 465 7 5 3388
141 725 4 4 230
141 777 5 2 21
141 202 1 6 712
141 301 6 2 13
141 620 7 4 160
142 522 2 5 330
142 955 2 4 124
142 151 1 5 431
142 166 2 5 673
142 185 4 4 301
142 549 9 4 205
142 713 7 4 206
143 642 5 4 397
143 724 10 3 74
143 787 8 4 901
143 480 9 5 2425
144 145 8 4 675
144 188 2 4 198
144 287 8 2 19
144 643 4 4 239
145 249 7 2 23
145 258 5 3 54
145 419 10 2 40
145 434 10 3 136
145 521 8 3 170
145 801 7 4 334
145 161 8 3 60
145 172 5 5 663
145 179 3 3 66
145 401 3 5 625
145 529 10 1 17
145 721 2 4 62
146 185 6 5 3097
146 217 2 6 1536
146 274 3 3 19
146 393 7 4 180
146 514 10 3 63
146 577 3 5 1880
146 326 8 1 11
147 147 5 3 91
147 397 7 2 29
147 911 10 3 61
147 149 2 4 204
147 201 4 5 1058
147 443 8 2 30
147 550 6 3 68
147 723 9 2 37
148 514 4 4 201
148 523 1 3 22
148 388 7 4 221
148 592 1 6 1204
148 834 6 1 8
149 279 6 1 10
149 465 10 4 248
149 516 8 4 182
149 913 9 3 155
149 530 2 3 41
149 593 4 3 45
149 835 7 4 212
149 910 5 4 135
150 634 5 4 489
150 650 3 5 1287
150 348 8 3 80
151 161 4 3 33
151 657 7 3 44
152 208 9 3 95
152 251 9 1 14
152 154 7 5 4079
152 545 7 4 272
153 181 1 5 405
154 172 3 5 491
154 593 7 5 2149
154 599 1 5 343
154 834 8 3 43
154 962 6 4 212
154 513 8 3 95
155 597 2 5 715
156 777 6 4 276
156 440 7 3 59
157 522 9 4 614
157 815 2 4 176
157 243 6 4 243
157 258 10 5 1614
157 290 2 4 118
157 315 3 2 12
157 385 3 4 271
157 529 9 4 217
157 683 9 3 153
158 405 7 3 89
158 227 9 4 855
158 516 1 5 276
159 387 5 4 181
160 527 3 3 51
160 525 2 5 756
161 453 3 5 1665
161 645 9 3 178
161 802 5 4 134
161 163 8 2 19
161 257 9 3 57
161 339 10 4 258
161 387 1 5 157
161 406 1 3 21
161 515 2 3 34
161 545 9 4 533
161 641 5 4 357
162 327 9 4 478
162 377 10 2 19
162 525 10 3 83
162 577 6 4 154
162 718 6 3 32
162 899 7 3 60
162 185 4 4 115
162 426 4 4 196
162 639 4 4 258
162 707 7 4 228
162 815 10 5 2305
163 291 4 3 37
163 307 6 5 2048
163 518 10 3 188
163 194 5 6 9807
163 273 2 4 61
163 293 6 5 2808
163 364 8 6 7236
163 563 8 3 120
163 901 4 6 3432
164 228 3 4 86
164 362 10 1 11
164 602 1 5 491
164 306 4 4 265
164 669 4 3 85
165 218 10 1 15
165 265 5 5 2183
165 281 2 4 135
165 330 3 3 27
165 482 4 4 365
165 637 8 3 160
165 647 1 4 63
165 521 6 4 404
165 876 7 3 138
166 398 3 2 13
166 260 1 4 33
166 873 10 4 252
166 945 10 3 116
167 687 1 5 276
168 290 3 4 161
168 385 3 5 1172
168 457 2 4 170
168 713 3 3 16
168 298 8 3 136
168 325 2 4 104
169 481 8 5 1446
169 343 3 4 122
169 359 4 1 7
169 385 2 4 65
169 561 8 4 598
170 352 1 4 74
170 515 4 3 50
170 339 2 6 1529
170 517 8 2 15
170 549 4 3 87
171 613 3 4 75
171 722 4 4 181
172 811 1 4 54
172 529 10 4 415
173 570 6 5 729
173 665 2 4 73
173 577 1 4 53
174 262 8 4 270
174 513 5 4 135
174 525 2 3 24
175 494 2 4 162
175 583 9 3 151
176 864 9 2 23
177 271 3 3 19
177 274 7 3 126
177 825 7 3 87
177 865 1 4 32
177 917 1 4 99
177 933 5 4 149
177 221 1 6 2150
177 600 10 4 392
177 609 3 3 66
178 281 6 4 295
178 561 4 5 1262
178 612 10 3 83
178 745 10 2 48
178 193 3 4 75
178 269 8 6 17023
178 518 4 4 329
179 581 2 3 22
179 798 5 3 43
180 430 1 6 1961
180 325 9 3 65
180 999 2 4 163
181 601 4 6 2829
181 974 5 4 148
181 971 10 4 643
182 332 7 2 22
182 769 4 4 95
182 965 2 7 36690
182 641 5 3 82
183 301 4 5 479
183 673 6 6 10616
183 729 7 3 43
185 665 7 2 25
186 392 8 3 117
186 609 2 4 159
187 273 10 3 67
187 583 1 5 147
188 801 2 5 287
189 200 9 3 162
189 345 5 4 113
189 849 8 4 546
193 389 10 4 365
193 393 10 2 31
193 525 8 4 192
193 537 8 4 601
193 714 2 5 459
193 899 4 5 1044
193 905 4 1 7
193 1000 6 3 45
193 269 10 3 67
193 326 2 5 238
193 642 8 3 73
193 967 9 4 834
194 376 4 6 3942
194 423 5 3 63
194 719 8 3 70
194 776 1 4 36
194 263 9 3 77
194 377 1 6 1743
194 577 10 4 491
194 781 4 3 66
194 1010 7 4 368
195 322 5 3 39
195 593 9 3 160
195 678 3 4 221
195 429 3 3 34
195 907 10 5 1639
196 646 1 5 324
196 852 9 6 16879
197 287 5 2 23
197 378 8 3 84
197 199 4 5 1887
197 323 5 2 25
197 906 7 5 1232
197 925 3 3 19
198 298 5 3 95
198 593 7 4 457
198 612 8 3 85
198 770 6 5 915
198 359 3 4 101
198 434 7 2 15
198 461 3 4 177
198 967 5 2 25
199 813 1 3 20
200 788 9 3 180
201 446 7 4 439
201 578 7 2 25
201 925 9 2 44
201 325 3 4 223
201 728 9 3 52
201 778 8 2 37
201 843 8 4 600
201 921 5 4 175
202 658 1 4 69
204 655 7 3 126
204 431 4 2 8
205 521 5 4 368
205 331 2 3 42
206 458 7 3 89
206 453 7 5 890
206 665 7 4 299
206 947 9 4 199
206 976 2 5 258
207 531 10 2 37
207 242 1 4 70
207 387 4 3 75
209 535 3 3 63
209 273 5 3 80
209 483 2 4 192
209 586 1 6 1381
210 514 9 1 6
210 565 1 4 49
210 405 5 2 12
210 546 1 3 17
211 883 1 5 204
211 610 9 3 70
211 649 6 3 59
211 907 8 3 63
212 395 8 3 142
212 468 8 3 44
212 771 8 3 52
212 823 4 6 4792
213 263 9 3 146
213 286 7 2 32
213 674 9 3 85
213 234 2 3 39
213 257 8 3 126
213 305 9 2 22
214 386 9 2 25
214 184 8 2 37
215 370 9 2 36
215 586 8 6 5617
215 386 6 5 1234
217 793 2 5 235
217 651 7 3 71
217 915 10 3 132
218 924 9 3 73
218 586 1 5 308
220 390 7 4 680
221 659 2 4 54
221 761 3 3 37
223 533 1 4 31
223 853 4 3 44
223 578 3 5 512
223 782 10 2 34
223 571 3 4 155
225 289 1 6 1670
226 258 4 3 71
226 317 8 3 48
226 949 4 4 114
226 273 8 5 1447
226 610 8 3 57
227 260 5 3 36
227 473 9 3 90
227 546 2 3 41
227 659 10 2 34
227 769 1 4 63
227 783 8 3 97
228 337 5 5 915
228 593 10 3 212
228 839 8 4 461
228 729 1 3 14
229 295 6 3 33
229 577 6 3 35
230 522 9 3 125
230 701 7 4 256
231 932 3 3 19
232 262 5 4 148
232 291 4 3 41
232 297 8 2 25
232 620 2 4 181
232 905 7 4 185
232 990 4 2 14
233 481 5 3 29
233 807 5 3 38
234 913 9 3 92
234 974 10 3 124
234 518 3 4 235
235 849 3 2 11
235 918 7 3 114
235 273 7 5 1509
235 523 7 4 252
236 282 1 4 59
236 646 1 6 1017
236 741 4 5 681
237 578 5 4 223
237 822 7 2 22
238 679 3 4 109
239 621 6 3 71
239 643 8 2 19
240 371 1 7 13857
240 561 2 5 700
241 800 3 5 2078
241 915 1 3 14
241 448 10 3 111
242 246 7 3 65
243 267 2 6 1668
244 257 2 4 132
245 357 9 2 36
245 933 3 3 28
245 537 7 3 41
245 662 9 2 42
246 706 5 5 2478
247 641 5 4 324
248 627 5 4 124
249 291 5 3 30
249 558 9 4 803
249 903 3 2 12
249 906 7 3 83
254 637 7 4 172
254 819 8 1 6
254 792 9 4 596
257 263 8 3 46
257 313 2 4 128
257 345 10 3 189
257 417 6 4 343
257 513 1 5 399
257 523 4 4 125
257 617 5 4 322
257 706 5 5 2616
257 765 7 5 1395
257 773 4 2 21
257 805 3 4 109
257 905 8 3 45
257 964 6 3 45
257 993 9 3 76
257 261 1 5 165
257 294 6 2 30
257 473 4 3 29
257 541 4 4 295
257 771 4 2 21
257 857 8 4 311
258 269 8 4 545
258 273 3 4 110
258 545 1 4 42
258 681 9 2 44
258 807 6 4 148
258 913 5 3 29
258 921 8 4 797
258 946 5 3 77
258 538 10 2 49
258 573 10 3 67
258 653 9 1 9
258 676 9 3 76
258 761 3 5 1040
258 786 6 3 89
258 930 6 4 640
259 266 10 2 41
259 674 8 4 307
259 811 10 4 289
259 881 1 5 139
259 279 3 3 28
259 291 8 4 509
259 305 5 4 186
259 330 3 3 17
259 641 4 6 8098
259 723 1 5 147
259 879 2 5 376
259 272 9 4 769
260 269 5 5 2003
260 328 1 4 101
260 533 6 3 111
260 273 5 2 23
260 657 3 3 21
260 675 1 4 30
261 296 2 4 69
261 523 5 3 35
261 546 10 3 125
261 679 1 4 29
261 979 10 3 115
261 297 3 5 1721
261 530 5 3 72
261 666 8 5 1645
261 693 9 2 34
261 742 1 3 13
261 867 5 4 148
261 1001 7 3 45
262 357 4 3 82
262 673 2 3 26
262 996 7 4 206
262 426 7 4 400
262 626 1 3 15
262 753 4 3 33
262 939 8 4 289
263 907 1 4 60
263 1014 3 3 34
263 322 1 4 90
264 547 8 3 59
265 297 3 6 2840
265 321 7 3 39
265 569 10 4 487
265 266 1 4 37
265 815 5 3 73
265 836 5 3 36
265 872 5 3 94
266 340 2 4 47
266 633 6 5 3531
266 335 5 2 23
266 465 10 4 729
266 548 10 2 40
266 615 3 3 51
267 273 5 4 114
267 327 2 5 391
267 337 2 4 74
267 505 2 5 614
267 362 5 3 91
267 513 5 2 18
267 253 7 4 197
268 524 9 1 12
268 582 1 4 41
268 505 4 4 120
269 513 3 2 15
269 525 10 2 40
269 578 2 3 24
269 986 9 3 48
270 445 1 4 26
270 641 9 2 21
270 489 8 3 57
271 533 5 3 44
271 643 3 4 91
273 281 7 2 17
273 379 6 3 103
273 521 7 3 48
273 555 6 3 129
273 641 5 3 28
273 685 9 4 262
273 900 6 3 81
273 323 9 3 60
273 343 8 5 2323
273 922 7 5 1087
274 582 9 4 609
274 694 8 3 136
274 810 6 3 42
274 904 4 4 233
274 516 5 4 137
275 335 7 4 156
275 302 8 2 34
275 793 1 6 889
275 933 2 4 49
276 402 4 3 73
276 486 9 2 36
276 513 6 3 35
276 387 5 3 38
277 289 4 4 146
277 393 8 4 178
277 395 10 6 23054
277 539 4 4 98
277 629 6 4 172
277 662 8 2 21
277 484 4 4 258
277 591 6 5 4112
277 908 6 1 10
278 386 6 4 199
278 402 2 4 76
278 770 2 5 539
279 531 3 3 20
279 657 7 5 1113
279 684 9 4 328
280 902 8 3 133
280 417 9 3 78
280 510 10 3 66
281 601 7 4 323
281 675 5 4 266
281 327 9 3 148
281 745 1 5 265
281 252 1 6 1606
282 518 10 3 113
282 607 1 5 186
282 833 5 3 42
283 577 8 2 34
283 718 9 2 38
283 788 8 5 1236
284 515 9 3 70
284 713 8 4 442
285 836 8 1 14
285 402 7 6 14199
286 483 1 5 306
287 625 3 4 84
287 833 6 2 19
287 1002 7 1 11
287 890 9 3 126
288 449 7 4 188
288 803 4 3 58
288 814 6 2 26
289 293 7 3 93
289 342 5 4 163
289 546 8 2 15
289 777 9 2 31
289 297 3 3 25
289 335 10 3 195
289 355 2 4 213
289 421 8 3 101
289 482 3 5 569
289 550 9 5 1411
289 608 4 2 21
289 675 8 2 19
289 738 5 4 242
290 346 8 3 63
290 469 5 4 310
290 473 7 3 107
290 649 3 4 83
290 754 5 5 2768
290 789 6 5 957
290 647 4 4 134
291 329 8 5 2758
291 389 4 4 289
291 652 8 2 23
292 611 9 5 3999
292 769 3 4 80
292 968 8 4 270
292 300 4 3 64
292 962 8 4 211
293 525 10 3 193
293 594 3 4 88
293 304 10 3 161
293 305 3 3 38
293 417 6 5 743
293 533 6 3 37
293 578 1 5 183
293 705 4 4 213
294 961 4 2 19
294 622 3 5 399
295 743 10 3 81
295 865 1 5 242
295 713 5 3 87
297 337 5 4 146
297 410 3 4 204
297 517 3 3 24
297 348 8 4 641
297 521 8 3 91
297 555 3 2 14
298 326 2 3 17
298 390 6 3 55
298 545 4 3 42
298 743 10 4 597
298 388 1 4 41
299 801 8 4 245
299 405 9 4 300
300 496 7 5 3816
300 631 7 3 90
301 468 7 4 164
301 591 7 4 291
301 761 1 4 23
302 778 8 2 35
302 649 6 4 133
303 809 9 3 133
305 514 4 4 204
305 833 5 2 14
306 577 5 4 343
306 398 3 6 3180
307 551 5 4 458
307 919 9 4 445
308 515 1 6 1552
309 584 6 3 81
309 641 7 3 53
309 693 1 3 19
309 833 1 5 471
309 849 3 4 293
309 851 10 4 264
310 775 4 3 48
310 703 4 4 153
311 937 5 4 246
313 515 6 6 7280
313 385 7 4 315
313 802 6 2 19
314 348 6 3 48
314 849 6 5 1682
314 901 1 5 144
314 970 8 3 112
315 377 10 4 254
315 519 9 3 130
316 740 5 3 30
316 321 2 6 1579
316 514 8 3 60
317 453 3 4 124
317 362 3 3 17
317 930 9 4 958
317 939 2 4 104
317 1014 7 6 15227
319 533 3 5 838
319 915 3 3 51
319 778 5 4 173
321 408 3 5 689
321 429 2 3 31
321 469 9 5 2971
321 642 1 3 13
321 721 9 3 68
321 922 1 5 480
321 928 5 4 180
322 338 8 4 204
322 769 3 4 93
322 835 9 4 536
322 1009 8 2 37
322 450 10 4 470
322 977 1 4 40
323 417 1 6 2461
323 900 9 4 211
323 903 3 3 27
323 593 10 3 99
323 727 8 3 62
324 361 4 3 29
324 516 9 4 495
324 722 1 5 409
325 514 7 3 72
325 531 2 4 131
325 789 2 4 95
325 985 2 4 76
326 615 7 3 64
326 721 8 4 259
326 531 10 3 196
326 577 2 3 21
326 710 9 3 90
327 444 9 3 135
327 769 5 3 37
327 807 5 4 446
328 676 4 3 62
328 699 4 4 249
329 854 3 2 11
329 521 6 4 330
329 833 9 3 94
329 907 7 3 82
330 837 6 4 159
331 779 9 1 11
331 897 3 3 21
332 513 1 5 151
333 457 2 6 2991
333 644 9 3 160
333 385 7 4 410
333 389 7 3 49
333 506 1 6 2578
333 731 4 3 31
333 789 1 4 55
333 869 10 2 41
334 380 10 4 345
334 962 10 3 106
334 256 3 4 305
335 489 8 3 138
336 392 1 5 482
336 602 4 4 194
337 577 1 5 128
337 633 9 4 227
337 393 8 4 271
337 899 1 5 366
338 353 4 5 914
338 769 4 3 50
338 834 7 5 1335
338 805 7 2 21
340 381 4 3 28
340 717 2 5 244
340 904 10 3 104
340 992 1 5 658
341 705 2 4 217
341 764 1 4 89
341 514 6 3 45
341 884 1 4 63
342 577 1 5 302
343 537 10 5 3135
345 677 3 1 5
345 529 1 5 267
345 542 10 3 71
346 729 7 3 45
346 993 9 4 312
349 396 4 4 170
350 943 10 5 1949
351 729 2 4 173
351 770 10 3 107
353 410 9 3 57
353 420 5 3 30
353 515 1 6 4595
353 681 5 4 171
353 795 5 3 80
353 861 6 5 1088
353 373 9 2 16
353 969 10 5 1966
354 390 9 2 30
354 685 1 3 17
355 837 6 2 26
355 970 5 3 100
355 561 6 3 122
355 586 7 2 18
355 710 10 3 124
356 635 6 3 49
357 801 6 4 194
357 831 2 3 12
358 434 3 3 53
358 642 6 3 69
358 691 8 2 28
358 517 9 1 13
359 961 4 3 51
359 1019 10 3 155
361 515 2 3 41
361 556 6 4 169
361 733 8 4 317
361 785 8 3 45
361 811 3 4 97
361 875 10 2 26
361 969 2 4 64
364 425 4 3 30
365 741 2 5 310
367 658 7 3 91
367 989 1 4 48
368 457 6 3 78
369 739 7 4 202
369 926 1 5 559
369 454 10 4 395
370 641 10 2 42
370 649 5 2 24
371 558 5 4 166
371 573 4 3 32
371 657 6 4 226
371 705 2 4 124
371 842 9 4 281
372 706 10 4 317
372 773 5 3 91
372 577 8 3 71
372 1021 10 1 9
375 618 5 3 96
375 663 8 3 80
377 457 4 4 119
382 532 10 4 310
382 758 2 3 21
383 563 4 3 24
385 424 5 3 51
385 458 2 4 129
385 482 1 5 547
385 532 6 4 420
385 572 9 2 44
385 598 3 4 79
385 693 3 3 34
385 842 3 5 558
385 963 5 3 67
385 656 7 3 66
385 929 1 5 117
386 514 1 6 1018
386 564 2 4 84
386 517 8 4 184
386 570 3 2 12
386 597 9 5 1137
386 689 5 4 235
386 1021 4 3 81
387 682 10 3 54
387 847 7 4 383
387 850 2 3 12
387 913 5 4 148
387 747 8 1 7
388 546 6 3 94
388 1017 1 4 52
388 598 9 2 33
388 645 2 3 16
388 806 9 3 103
389 647 10 5 4648
389 837 6 3 38
389 913 2 6 2294
390 597 4 3 49
390 586 1 5 153
390 590 9 2 24
390 779 10 3 57
391 567 10 2 38
392 462 2 7 12954
392 801 4 2 12
392 849 6 4 293
392 1006 3 4 107
393 554 9 6 6925
393 675 1 6 1042
393 825 5 4 309
393 836 3 4 149
393 895 10 2 46
394 462 1 4 60
394 578 6 2 27
394 608 1 5 127
394 723 1 6 3402
395 591 10 2 47
395 811 1 5 119
396 559 4 2 21
396 648 4 3 43
397 455 10 4 689
397 537 10 2 33
397 547 4 4 267
397 778 1 4 99
397 916 4 4 135
397 961 3 4 267
398 519 6 3 118
398 694 10 3 55
399 944 3 5 365
399 434 8 3 45
399 723 9 2 38
400 828 7 4 454
401 713 9 4 627
401 422 5 4 149
401 558 8 3 84
401 320 10 2 41
402 674 2 3 11
402 933 5 1 7
402 515 10 3 122
402 545 6 4 205
402 578 4 4 110
402 675 5 4 439
403 770 3 3 17
406 409 6 3 50
406 783 2 4 204
407 678 1 3 22
407 929 4 4 160
407 529 1 4 83
408 592 2 4 215
409 577 9 2 41
410 418 5 4 260
410 889 5 6 9528
410 557 9 3 161
411 521 2 4 160
411 564 10 2 29
413 537 3 5 1284
414 641 5 1 8
415 933 8 3 54
417 532 7 5 4666
417 833 8 4 510
417 482 7 2 19
417 545 8 5 1167
417 811 1 3 10
418 578 9 1 11
419 556 3 4 306
419 628 2 4 182
420 845 8 3 82
421 425 3 4 109
421 539 7 3 45
421 546 7 4 215
421 513 9 2 40
421 903 3 3 27
422 641 10 3 129
423 737 5 3 40
423 796 7 2 16
424 652 7 2 32
424 530 4 2 16
425 482 8 4 575
425 984 2 5 316
426 747 6 3 75
426 777 3 4 184
426 470 6 5 1173
426 535 7 6 5868
427 645 1 6 921
427 687 10 3 59
428 581 4 4 192
428 548 9 4 798
428 833 7 3 105
429 621 4 3 40
429 881 4 2 10
430 545 3 3 50
430 594 4 4 216
432 602 9 2 27
432 916 7 4 276
433 585 5 3 42
433 1015 8 2 33
434 497 1 4 101
434 800 7 4 238
434 805 3 5 1612
436 762 3 4 133
437 598 4 1 6
437 642 2 4 68
437 521 8 3 76
438 455 5 4 376
439 513 4 4 114
443 692 2 5 336
443 517 4 3 57
445 770 2 4 90
445 802 8 3 62
445 562 10 2 51
446 1018 7 3 53
447 630 2 5 300
449 514 8 3 44
449 656 6 3 81
449 374 9 3 102
451 451 3 4 326
451 522 7 2 20
451 617 3 4 84
451 681 5 4 185
453 489 2 7 69043
453 513 6 4 159
453 514 9 3 195
453 515 8 3 59
454 662 8 3 48
454 513 4 2 19
455 635 9 4 635
455 783 8 3 64
456 641 8 4 399
457 775 2 5 379
457 909 1 3 9
457 946 3 4 71
458 907 7 3 45
458 572 6 4 507
459 744 4 3 84
461 463 7 5 813
461 567 4 3 31
461 707 1 5 195
462 626 7 4 722
462 902 10 3 102
463 517 6 3 38
463 642 5 5 972
464 917 10 4 683
465 929 8 4 208
465 669 7 3 74
465 723 4 4 366
466 532 9 1 10
466 762 8 2 29
466 903 6 5 701
467 441 2 3 36
468 641 3 5 616
471 714 4 2 19
471 676 7 3 102
473 802 9 2 46
473 962 2 5 256
474 601 6 3 77
474 801 6 3 53
477 776 4 6 6471
479 538 3 6 4935
479 460 4 3 46
481 666 1 5 603
481 732 4 5 2314
481 929 8 5 4756
481 603 1 4 64
481 807 2 4 219
482 541 5 2 9
482 962 6 3 50
483 513 4 3 41
484 556 9 3 87
484 985 2 4 60
484 812 1 6 1291
485 842 6 3 55
486 837 2 5 260
489 566 5 6 16386
495 753 6 2 11
497 979 4 3 56
497 782 5 3 69
497 312 1 4 35
499 794 3 5 846
502 520 1 5 364
503 769 7 3 47
507 707 6 3 35
507 752 4 3 39
507 768 2 4 201
508 581 2 3 20
513 515 5 3 65
513 523 1 4 37
513 686 7 4 452
513 937 1 5 159
513 529 4 5 481
513 549 2 5 669
513 558 2 4 63
513 643 9 4 994
513 649 7 3 77
513 720 2 3 26
513 804 9 3 138
513 941 2 3 15
514 549 9 4 216
514 641 6 5 774
514 645 4 5 1211
514 766 1 4 57
515 523 7 3 40
515 573 1 4 56
515 781 9 2 21
515 673 7 4 215
515 705 2 4 54
515 785 4 3 40
516 599 3 3 54
516 671 1 4 46
516 771 2 5 1284
517 556 9 2 16
517 583 3 3 53
517 606 3 3 26
517 780 3 5 1908
517 786 9 2 39
517 864 5 4 132
517 929 6 3 90
518 526 4 5 1695
518 535 7 3 40
518 673 4 3 64
518 677 3 3 49
518 769 9 5 3140
518 519 6 4 192
518 520 9 1 13
518 530 9 3 102
518 696 10 3 56
519 833 1 5 232
519 929 10 2 19
520 945 7 2 34
520 968 3 5 1758
520 848 10 3 198
521 786 3 4 152
521 813 3 4 142
521 897 6 2 30
521 525 3 2 9
521 530 3 3 18
521 546 4 4 258
521 591 3 5 1151
521 767 5 4 131
522 547 10 5 1718
522 555 10 4 411
522 561 9 4 218
522 610 6 4 267
522 562 1 5 117
522 787 5 3 38
523 550 8 3 123
523 653 8 5 4456
523 531 8 3 69
523 570 3 4 72
523 609 4 3 86
523 694 5 3 51
523 749 5 4 281
524 651 4 4 107
524 815 5 3 54
524 898 3 3 21
524 893 5 3 89
526 821 6 4 133
526 577 10 2 30
526 641 6 4 243
527 549 4 4 175
527 777 4 5 655
527 610 3 3 48
527 809 5 3 76
528 714 7 4 355
529 581 6 3 60
529 583 2 4 192
529 612 2 4 72
529 721 1 5 120
529 802 3 4 70
529 593 4 3 42
529 627 8 2 17
529 630 2 4 118
530 738 3 5 1015
530 837 6 3 43
531 697 6 4 653
531 550 10 2 48
531 587 8 3 74
531 626 8 4 409
533 551 1 5 142
533 854 10 2 30
534 788 8 3 60
534 575 6 3 107
535 787 10 2 20
535 929 6 2 22
535 933 1 4 23
535 613 7 3 64
537 688 5 3 49
537 903 10 3 77
537 545 1 4 69
537 747 8 4 209
537 478 7 2 34
538 900 4 4 240
539 821 1 6 709
539 820 2 3 22
540 665 10 4 651
540 778 7 5 946
540 366 9 3 145
541 681 4 2 19
541 793 4 5 892
541 906 9 2 44
542 794 5 5 2258
543 545 7 3 98
545 552 8 2 37
545 598 5 4 365
545 719 10 2 40
546 744 6 7 30354
546 915 10 4 799
546 841 1 4 49
547 613 7 4 428
547 651 5 5 895
547 759 8 3 117
547 901 7 4 259
547 636 3 4 132
547 318 5 3 30
548 578 9 4 822
548 577 1 3 15
548 931 1 5 449
549 578 9 3 61
549 587 10 5 2913
549 646 2 4 47
549 833 9 3 55
550 648 3 4 84
550 785 8 3 93
550 978 3 6 5504
551 650 1 7 12793
551 801 3 3 31
553 641 1 5 432
553 657 10 3 60
553 933 7 4 251
553 781 4 3 33
553 905 2 4 121
553 939 6 2 29
554 934 8 4 422
555 579 4 3 87
555 778 1 5 275
556 967 3 4 78
557 680 1 5 130
558 558 8 5 2604
558 771 3 5 378
558 939 7 4 330
558 560 7 4 446
558 596 2 5 508
561 918 7 4 442
562 787 9 5 1456
562 994 1 4 78
562 846 5 3 97
563 978 5 3 61
563 993 3 4 99
563 601 3 3 42
563 643 7 4 353
565 657 10 5 1754
565 660 4 5 594
566 655 6 3 70
567 593 6 4 134
567 972 10 3 122
568 794 7 4 167
569 948 4 3 60
570 600 10 5 1924
570 785 5 5 654
573 778 8 2 39
573 579 7 3 70
573 906 2 4 153
574 798 4 2 8
574 887 7 3 57
574 601 7 4 558
575 697 2 4 226
576 579 4 2 21
576 601 2 5 276
577 608 2 3 35
577 609 1 4 87
577 787 2 4 110
578 578 5 3 39
578 662 6 3 40
578 998 5 3 38
579 730 1 3 16
579 982 9 4 346
580 622 5 4 220
580 790 9 4 582
580 625 2 3 44
581 599 5 3 52
582 646 8 2 40
583 634 8 1 14
584 836 1 7 6333
585 834 9 4 412
585 641 4 3 35
585 722 4 2 21
585 845 9 2 22
586 593 7 3 90
586 696 1 5 669
587 659 2 5 666
587 777 6 6 5390
588 609 7 4 540
588 668 8 4 180
589 785 4 5 512
591 789 5 3 31
592 883 5 3 89
593 857 10 2 49
593 802 9 2 21
593 829 4 2 20
594 687 5 3 61
594 714 6 3 44
595 653 5 4 327
595 793 7 2 29
597 706 5 4 111
597 725 10 2 27
602 886 10 4 285
602 544 6 3 79
605 914 5 2 14
605 1007 7 1 11
605 785 10 3 57
605 797 2 6 4881
607 808 8 6 6205
609 649 3 4 72
609 627 3 5 1008
609 662 1 3 19
609 673 4 4 124
609 769 3 5 368
609 778 9 3 74
610 769 9 3 97
610 825 1 4 70
611 738 6 3 57
612 881 8 3 80
614 841 3 4 87
615 937 8 3 156
615 911 10 1 10
617 807 7 3 64
618 909 10 3 65
619 1005 5 3 60
624 1001 9 3 198
625 846 2 3 21
625 472 1 4 35
628 770 5 3 32
628 978 5 5 1758
629 794 4 3 47
634 813 9 3 83
635 785 7 2 17
641 660 4 3 29
641 733 8 2 35
641 939 7 4 266
641 953 3 3 20
641 659 9 2 41
641 770 2 2 10
642 678 6 4 227
642 778 6 5 1157
643 725 5 2 22
643 802 7 2 37
644 776 7 3 47
644 1022 10 3 74
645 661 5 6 3503
645 757 1 5 273
645 770 4 4 276
645 710 8 3 70
646 964 9 3 51
649 695 5 3 59
649 770 3 3 52
649 661 9 3 98
650 717 9 4 300
651 954 4 4 130
651 488 2 5 745
653 1003 8 3 55
656 762 5 3 35
656 995 5 5 2286
657 834 7 5 930
657 674 5 4 167
658 932 2 5 935
658 934 4 4 120
661 803 6 2 30
661 452 1 4 84
662 796 5 2 9
663 956 6 4 501
664 771 9 4 716
665 782 1 5 235
667 769 9 3 167
669 750 7 3 74
669 764 1 4 94
670 915 7 2 27
673 718 9 2 34
673 675 8 5 1710
674 705 10 1 9
682 855 3 3 52
685 1009 4 4 139
685 1004 2 3 27
693 915 7 3 44
695 769 6 3 89
695 932 5 3 62
695 977 3 4 154
697 886 5 3 68
698 711 7 3 42
698 777 1 5 150
700 899 1 4 53
700 1016 8 4 391
701 865 6 3 91
702 942 10 1 8
706 855 5 3 34
707 733 3 4 240
708 779 4 3 22
708 781 10 3 141
710 844 6 5 2430
713 863 10 3 163
713 729 10 4 473
714 838 2 5 935
717 843 3 3 63
717 973 2 6 4884
721 804 10 2 34
721 931 4 2 10
729 512 4 3 24
730 975 10 6 11843
731 127 7 5 2516
733 835 3 4 170
737 769 2 3 42
737 900 1 5 423
739 971 6 3 82
739 769 2 6 9254
741 779 2 5 229
741 802 7 3 72
741 1011 10 2 20
742 623 4 3 59
743 917 10 4 290
744 788 3 3 66
745 763 1 5 602
753 787 1 5 172
753 896 7 5 794
757 945 6 5 914
769 927 2 3 18
770 774 4 4 304
770 803 3 3 33
770 970 2 4 56
772 794 10 3 123
772 801 10 4 309
772 942 5 4 483
773 987 7 2 30
775 937 7 3 39
776 922 1 6 810
777 799 2 3 36
777 851 5 2 20
777 915 1 4 79
778 809 10 3 66
778 917 3 4 89
778 360 1 5 140
779 813 8 3 144
779 883 4 3 42
780 805 5 3 77
780 977 6 3 47
781 902 10 2 47
782 806 1 5 157
784 933 9 4 205
784 891 9 4 988
785 842 10 4 268
785 818 6 3 73
785 923 4 3 83
786 839 7 6 7295
786 511 9 4 535
787 915 3 3 27
787 865 10 4 240
791 504 4 4 218
791 951 8 4 282
793 850 8 3 152
794 894 8 1 7
795 751 3 5 679
801 825 6 3 61
801 841 1 5 160
803 885 6 2 27
806 192 7 3 42
809 938 6 2 24
809 946 8 2 40
815 906 5 4 192
817 735 1 5 408
818 979 10 2 24
819 952 5 3 76
825 979 4 4 344
825 853 6 4 546
834 1000 2 5 344
835 913 6 4 164
837 997 10 2 22
844 940 1 4 43
845 959 9 3 76
845 892 8 3 103
847 957 9 3 90
849 900 8 1 11
849 1008 9 5 1596
850 1019 7 4 396
850 475 8 3 140
857 867 10 6 8627
868 999 2 3 23
869 897 4 4 264
873 704 8 4 330
881 862 7 3 39
885 640 3 5 413
889 905 9 2 26
889 384 2 4 145
897 912 2 4 151
898 1003 4 5 973
898 960 2 5 242
900 509 7 2 15
905 930 10 4 401
906 954 8 3 76
907 756 6 3 37
912 222 8 3 120
913 918 1 5 478
913 1003 2 4 123
914 830 9 5 3641
915 969 8 3 88
920 748 10 3 107
933 950 4 3 54
938 966 9 2 44
961 715 10 2 25
963 988 6 4 407
964 880 6 3 32
979 882 4 2 20
1003 734 6 3 40
1012 224 5 3 91
1019 1020 4 3 61
928 191 2 3 18
476 344 8 3 139
735 435 7 1 10
896 604 9 4 529
