8365 3.651300053359562e-06 
5448 3.5299285859608925e-06 
7077 1.2965109432120977e-06 
6605 3.426474077087421e-06 
5199 3.2975306749077875e-06 
652 3.6319431237665624e-06 
3869 3.509405557550295e-06 
8931 3.4566467019281753e-06 
4724 3.5766470140063297e-06 
3913 2.5610869385314723e-06 
4848 3.5043711403432146e-06 
4379 3.7833686160560166e-06 
2115 3.4924349188395562e-06 
8099 3.59322628640701e-06 
4029 3.584191100489463e-06 
3552 3.4908066261532763e-06 
353 1.6561420346842247e-07 
6022 3.477433063725167e-06 
9198 1.946296844110196e-06 
6940 5.127462958923775e-06 
6230 3.946485057965253e-06 
812 3.6853707125138296e-06 
2383 3.4853410529003526e-06 
6802 3.5077570669635254e-06 
9203 4.548594509587322e-06 
1425 2.889668969468241e-06 
6856 3.448297571044863e-06 
9550 3.5001880297283743e-06 
5817 3.666183767136421e-06 
1445 3.5063271580494365e-06 
5863 3.402784331191691e-06 
9834 3.858995682356342e-06 
451 3.7154251797364752e-06 
3558 7.522675763367711e-06 
9712 3.4425098079315975e-06 
6372 3.4575323319067018e-06 
5690 3.50391603468148e-06 
4913 1.8730207069931995e-06 
6922 3.49858799138801e-06 
7134 3.525394286666947e-06 
7262 3.5029265556569675e-06 
6857 3.620879995881683e-06 
174 3.5035708997630566e-06 
5221 3.185284746114025e-06 
8616 3.911882977776416e-06 
4304 3.488123128948371e-06 
888 3.5024856099038262e-06 
6737 3.4885299748463844e-06 
8344 3.55373688027481e-06 
5615 3.4872408482550283e-06 
797 3.4745355404977057e-06 
116 3.4714955331295434e-06 
4934 3.653084579598291e-06 
7638 3.277750185493493e-06 
9837 3.5020439483280066e-06 
3211 3.697129193835544e-06 
5901 5.703283918548717e-06 
8396 2.679005037080721e-06 
3167 3.5838459010573893e-06 
3172 3.3135621735548106e-06 
7855 3.518939885854031e-06 
6059 3.5063807702318265e-06 
3563 3.4363368939566504e-06 
3406 3.7463004667286108e-06 
4675 3.507197520149564e-06 
5439 3.520991578396719e-06 
4546 3.496093866525993e-06 
1322 3.5320646863144204e-06 
4250 3.61284976955636e-06 
3412 3.5115493430738233e-06 
7882 4.412069437215742e-06 
6136 3.4763300667553925e-06 
932 4.189918198846063e-06 
4843 3.4965640766538347e-06 
219 3.497049583383654e-06 
4882 3.5057142395513963e-06 
2184 3.4955408351121436e-06 
9330 3.4883411611573104e-06 
9764 3.3349706100135675e-06 
4161 3.4981771545925035e-06 
568 3.496358001889815e-06 
4157 3.6726499231793585e-06 
5412 4.154004552211318e-06 
9009 3.578714067688396e-06 
7513 3.518089004876074e-06 
7787 3.528390432517915e-06 
5249 3.5525715424977733e-09 
9258 3.505201949547584e-06 
7322 3.889645178086547e-06 
8724 3.5263811820493083e-06 
2671 3.558830110487793e-06 
6996 3.4669095356771175e-06 
9201 3.4935255010030855e-06 
6168 3.505605835431573e-06 
7848 3.2451264372812752e-06 
4776 3.274457824729892e-06 
6171 3.4822079609963474e-06 
6252 3.498990295453253e-06 
151 3.465452385988848e-06 
1074 3.4787746296372443e-06 
7335 1.2899808569545777e-06 
1535 3.6603473026234507e-06 
7961 2.966859874912011e-06 
5464 4.388651277816228e-06 
6827 4.4114733368439725e-06 
9177 3.5141214799109285e-06 
8503 3.4484119144524326e-06 
5248 3.499256851818119e-06 
8128 3.4794980239638274e-06 
1245 3.5029348766922396e-06 
4892 3.4935781056727783e-06 
5178 1.0824885806837935e-06 
107 3.4631994010188558e-06 
2542 3.340272724536622e-06 
3867 3.652995530847391e-06 
323 3.5049003999152983e-06 
26 4.185510674749598e-06 
8018 3.5134033676383873e-06 
1678 3.463828471440545e-06 
8468 4.373081755625144e-06 
8408 4.320153403637996e-06 
9932 3.4613977721862375e-06 
8416 3.5529706989145096e-06 
1593 3.5262138033612583e-06 
8884 3.5011661417624414e-06 
3912 3.5012580976708185e-06 
3964 3.5553724878554157e-06 
3039 3.4709391216657455e-06 
3705 3.5081042393872424e-06 
5039 3.5525247485388737e-06 
5677 3.249429314538143e-06 
8418 3.007870353975463e-06 
1038 3.512638685747503e-06 
8338 4.3060531204650655e-06 
8561 3.4998304188363815e-06 
185 3.5680761279630783e-06 
2782 3.413577819164673e-06 
8742 3.606749527156282e-06 
9891 5.193605704951594e-06 
5329 3.5704683356581048e-06 
6503 3.5036048931022903e-06 
6446 3.501757014956097e-06 
1299 3.5315171926397992e-06 
6732 3.4777720803084614e-06 
4516 3.5214509374362252e-06 
3677 3.6483500840219943e-06 
7312 3.49957851523377e-06 
9132 3.533333741239912e-06 
6079 3.956452225397752e-06 
6037 3.530886168446372e-06 
4383 3.49599359906937e-06 
5237 3.5277437750764835e-06 
8783 3.4915139252350673e-06 
8751 3.4428801017574717e-06 
2273 3.521069353895995e-06 
3488 3.5182950859355937e-06 
5622 3.4991756559796895e-06 
3628 3.5228511070306604e-06 
7551 3.2516118239054504e-06 
2485 3.4520569360565276e-06 
1217 3.521130401045574e-06 
3443 4.955670368834544e-06 
8962 3.5149906537950028e-06 
2744 3.5097800632590032e-06 
5150 3.449477388660712e-06 
9156 3.863102944095852e-06 
6625 3.4416103568121675e-06 
7595 3.494824994285714e-06 
3487 3.685892976997198e-06 
5735 3.1130205767756647e-06 
9689 3.6047111543274794e-06 
2598 3.561329384805131e-06 
2103 4.832674476393711e-06 
1236 3.4529703924132496e-06 
9853 3.518184775705267e-06 
1971 2.8365790990849648e-06 
3120 1.651458089374282e-06 
6974 3.4985308047497173e-06 
7428 4.087947686057153e-06 
2375 3.543995111304983e-06 
5263 3.5060082306326713e-06 
4442 3.4987199911055588e-06 
3220 3.422663873073082e-06 
3727 3.51593045976734e-06 
7317 3.5271803288046073e-06 
7098 3.5633523181928314e-06 
6388 3.4560250977897044e-06 
4671 3.5214326096921783e-06 
5389 1.576535799918625e-06 
7723 3.4974602585720734e-06 
5761 3.4751527922798686e-06 
4125 3.506320397318847e-06 
1853 3.4960860804387052e-06 
6265 2.5751374704111425e-06 
3707 3.5044172112977665e-06 
3602 3.3335526157738835e-06 
842 3.40420909831104e-06 
3283 3.507868297421019e-06 
1762 3.537583780893247e-06 
2435 3.5172395807754675e-06 
6070 3.5459238869257196e-06 
4917 3.4957056367235478e-06 
3422 3.505931535626842e-06 
6342 2.8513913283909957e-06 
4755 3.516794784650555e-06 
286 3.5158744692855307e-06 
3983 3.5043701210425873e-06 
706 3.554700752880979e-06 
2289 3.4389216912755485e-06 
3034 3.438986165978478e-06 
9713 3.5865328236966347e-06 
9842 3.5121961243809043e-06 
6052 3.5802727904520158e-06 
544 2.335103471460223e-06 
7213 1.0500529555132656e-06 
450 3.022201892508569e-06 
9410 3.5215137718840684e-06 
6691 3.1950234832662213e-06 
7761 3.5070491176672487e-06 
3935 3.2803029941797508e-06 
9297 2.7769624866518117e-06 
6094 3.5175634677175353e-06 
5742 2.911355674130808e-06 
2601 3.510143986265051e-06 
5589 3.503156122415877e-06 
2202 3.948737154312309e-06 
6427 3.1662687469398453e-06 
6109 3.574844568556248e-06 
6513 3.508859291358061e-06 
1943 6.285267280935513e-06 
6405 3.3588035731249688e-06 
9338 3.547439037120567e-06 
1682 3.490885075918094e-06 
7480 3.4981425451004345e-06 
615 1.2451904464246598e-06 
5087 3.2041797882864328e-06 
3969 2.4972168349601096e-06 
1336 3.4951936877201894e-06 
4356 3.5422124860792064e-06 
9190 3.5754147336067535e-06 
9763 3.515602270627949e-06 
8711 3.4791951023501332e-06 
6533 3.504315969565906e-06 
4447 3.499530311501174e-06 
7509 3.4985462598626406e-06 
7795 4.429809099356676e-06 
1730 3.5106277070375627e-06 
8178 3.4725166327467095e-06 
6711 3.534803698118402e-06 
7097 9.009288097933437e-07 
3356 3.7663334777274794e-06 
9219 3.5432743722921626e-06 
5639 3.5272412595674906e-06 
6687 3.180543574538663e-06 
230 4.2110662206449115e-07 
1544 3.500842290340551e-06 
8978 3.4988538380594936e-06 
3534 2.464172889663231e-06 
1608 3.5892206534329407e-06 
9799 3.553568340889704e-06 
4152 3.379544823293099e-06 
7592 3.042473039573161e-06 
625 3.4445929320122263e-06 
2541 3.5038362722208237e-06 
3054 4.507389975846814e-06 
4353 3.4932397888532313e-06 
9631 1.7755435862492188e-06 
1987 3.6033011376760836e-06 
328 3.6264040224232256e-06 
6379 3.5902458539429994e-06 
5869 3.180887362722104e-06 
2977 3.5233221568596797e-06 
4567 3.6093707875577095e-06 
5585 3.4887932223306865e-06 
3982 3.5003653912057836e-06 
1831 3.447378160338154e-06 
4645 3.4954728147958985e-06 
4523 1.971445773834908e-06 
8414 3.484334076405327e-06 
3941 3.449715844536642e-06 
7616 3.5395177116316987e-06 
1275 3.345350724240582e-06 
1352 3.6957718402241323e-06 
5641 2.630700719722054e-07 
7939 4.311910132146669e-06 
8739 3.4783866635199148e-06 
3798 3.5026822122389707e-06 
3000 9.196933387159851e-07 
1640 3.3542166802907533e-06 
4256 2.3788862947031736e-06 
976 3.498744652795404e-06 
4793 3.687179996227236e-06 
6877 3.508103459287238e-06 
7859 3.5453988791551098e-06 
2831 2.739259340251155e-06 
4236 3.432491824303793e-06 
9518 3.512782191654664e-06 
8860 3.508309782921561e-06 
7686 3.0929344866327442e-06 
8843 3.4942944032726945e-06 
97 3.5011075243911636e-06 
6468 3.4766653990712584e-06 
8179 3.5317602002870263e-06 
3753 3.5608202944136418e-06 
7494 3.526268004266367e-06 
8816 1.1645485417609331e-06 
6477 3.5030235126990405e-06 
6534 3.5086166256639407e-06 
2943 3.467989901610775e-06 
2728 3.3410269303041025e-06 
4497 1.4290969188010192e-06 
1721 3.6262054278027717e-06 
1893 3.505357866218448e-06 
8417 3.4629264173026092e-06 
3407 3.54869474029067e-06 
2419 3.489735577808446e-06 
6256 3.543692886806515e-06 
3107 3.4604521581740183e-06 
9055 3.2646392222952806e-06 
6677 3.528974291235576e-06 
6198 5.022570238740972e-07 
8377 3.8097710593994473e-06 
4602 3.607495149895857e-06 
7313 3.5177592260949627e-06 
1898 3.4241619658826305e-06 
4186 3.3636975079700654e-06 
8896 2.967930257238646e-06 
8997 3.5257290300460846e-06 
2266 7.680680106233815e-06 
6980 3.4078365234108604e-06 
1986 3.2177145732242015e-06 
397 3.483009982923809e-06 
4752 4.8835192087388424e-08 
3361 3.5190973641987216e-06 
3252 3.477410396317227e-06 
8007 3.636664445193198e-06 
3079 3.6490503256406255e-06 
5238 3.259030909875696e-06 
9744 4.248410309222086e-06 
2846 3.492800617768331e-06 
7031 3.5852849014504894e-06 
8919 6.786922644383741e-07 
9384 3.6664257032646215e-06 
2842 3.561848985082271e-06 
790 3.5720833998899916e-06 
2769 4.953537705856218e-08 
68 3.5308537853607436e-06 
9383 3.5034650718747144e-06 
2047 3.6167514863579733e-06 
5190 3.5573308571218713e-06 
4091 3.4856529538297893e-06 
3660 3.3399128283225886e-06 
9581 5.217053336836725e-06 
7778 4.139794874954059e-06 
3276 1.624690413210938e-06 
1706 3.539778553413558e-06 
2230 3.1336938503568445e-06 
8127 3.5737084082605225e-06 
1740 3.5044711774489584e-06 
3747 2.4447066975403906e-07 
5446 1.2893836687965171e-06 
6045 3.4775800176639512e-06 
1464 3.5144486463899933e-06 
7926 3.5898921574778206e-06 
8968 3.0648738221512104e-06 
3679 3.4432933740279123e-06 
6170 2.8971476149045e-06 
3484 3.4761883905600098e-06 
2533 3.4863398882083653e-06 
2149 1.4893922298620874e-06 
2996 3.430086696751602e-06 
4111 3.502000902492884e-06 
2552 3.4988937265341987e-06 
7349 3.5281011101950443e-06 
2172 3.546973463986066e-06 
7668 3.47652645072371e-06 
7869 3.6167434788717773e-06 
3308 2.757402537794846e-06 
8085 3.3143650120113262e-06 
3676 3.588198030665286e-06 
1778 3.7152669667176034e-06 
8529 3.5061678364955174e-06 
6215 3.4819069332422736e-06 
9566 3.5757573518320673e-06 
2299 3.5008515055298894e-06 
6673 3.355768380110239e-06 
2413 3.3277196507549336e-06 
1458 4.726736358096213e-06 
3017 3.5092175273844174e-06 
9002 4.073517662903729e-06 
4981 3.5038370851806628e-06 
6579 3.4447255018932923e-06 
2606 3.5163034447942034e-06 
816 3.5176310006816775e-06 
4288 3.494292787176389e-06 
8269 3.864487226165598e-06 
874 3.717737742708424e-06 
4415 3.3318632679218184e-06 
7515 3.4939385588035217e-06 
2983 3.3248553116089188e-06 
8859 3.4419180023235063e-06 
3277 3.4128394252675687e-06 
3002 3.5839768179975346e-06 
7842 3.5161821367327495e-06 
9940 3.4781949488475843e-06 
1875 3.672423616083364e-06 
7007 3.4690374368849174e-06 
5056 3.5035491415183654e-06 
9117 3.5185135207356576e-06 
3624 5.797702970526269e-06 
3152 3.6184089276053912e-06 
2596 3.4774965147465405e-06 
937 3.981623147223756e-06 
943 3.875633550672855e-06 
8526 2.501946972451283e-06 
3989 3.0562160570248746e-06 
5614 3.5150556161100617e-06 
1085 3.518435009919508e-06 
2730 3.4749624668760453e-06 
1715 3.5055970725382114e-06 
2430 6.653282841441884e-06 
7875 2.0693540645902073e-06 
9154 3.4970442425625166e-06 
8527 3.518976793449122e-06 
5970 3.7075863350756603e-06 
3461 1.8184320352659477e-06 
7058 3.3102835037739555e-06 
8058 3.5249012059727504e-06 
801 3.502581696498798e-06 
6442 3.457866704953013e-06 
3124 3.3908297388410807e-06 
6246 3.540966290804174e-06 
6048 3.5098299555048737e-06 
5151 3.5616961340523596e-06 
4865 1.6688979436038295e-08 
8504 3.488785832687408e-06 
6954 3.469077156998136e-06 
6578 3.4352014786754912e-06 
4427 3.246975829126472e-06 
505 3.6081652076112017e-06 
3954 3.5185549063121174e-06 
3284 5.936550123962412e-06 
5998 3.136954977080015e-06 
1108 3.557109798704203e-06 
7337 1.5384796702353616e-06 
565 3.709812033626263e-06 
1195 2.2109966751925107e-06 
4501 3.2331885681668658e-06 
1206 3.45308940222453e-06 
4106 3.6881675225010207e-06 
1639 3.5045280031419065e-06 
7311 3.3711734480781687e-06 
5017 3.435381428802805e-08 
3196 3.4456321615557012e-06 
9331 3.4770974332531557e-06 
6279 3.5031028937620812e-06 
2594 2.376511835874266e-06 
5988 3.3766119531839477e-06 
7861 3.5081061085549536e-06 
6815 4.6777142935318064e-06 
4668 3.5501987070401426e-06 
6474 1.8076567499619027e-06 
6344 3.6285110918209983e-06 
591 4.54391653935447e-06 
5369 3.516456534370624e-06 
3145 3.701905115282795e-06 
7528 1.8951424726277427e-06 
2920 3.535794213539765e-06 
1301 3.5029002741129975e-06 
3384 3.5167579514243122e-06 
9253 3.51413434889216e-06 
341 3.3418346726581394e-06 
9513 3.464228522190204e-06 
9058 3.498943779356773e-06 
2020 3.5704257549154327e-06 
8722 3.479066456341317e-06 
1576 3.4956534140806626e-06 
2275 3.2704202923077906e-06 
5411 2.859981702861949e-06 
5271 3.999930613225407e-06 
8609 3.4900419488765603e-06 
9665 3.4873582702785496e-06 
760 5.004550897006542e-06 
2183 3.2036416112762873e-06 
325 3.362696615959485e-06 
9359 3.1529514763267877e-06 
2965 4.440710595180034e-06 
2798 4.777435728724039e-06 
5213 3.5421451190548634e-06 
3550 3.396404510676399e-06 
998 1.2583427286380795e-07 
3010 3.6186992273456674e-06 
5517 8.821646033278291e-07 
636 3.7020260182163534e-06 
8568 3.5072762732163933e-06 
1402 2.962879881725987e-06 
7941 4.887004864882588e-06 
112 3.36462925636065e-06 
8374 3.4484254861164927e-06 
6444 3.489187120653197e-06 
2344 3.491428129836853e-06 
482 3.8052164090741596e-06 
4588 3.496579917976926e-06 
7238 3.4263011400460164e-06 
4094 3.367991263346111e-06 
2227 3.502772699033591e-06 
4053 3.4983542862281655e-06 
8010 3.581315264517328e-06 
6913 2.866401173213432e-06 
8120 3.500336666455034e-06 
8379 3.5027162479224457e-06 
8979 3.436621533412298e-06 
4440 3.760537822599008e-06 
7522 9.068044453540936e-06 
4412 3.5005889203083497e-06 
3910 3.49385900259536e-06 
4406 3.5191776977427704e-06 
2794 2.1397693044425254e-06 
2109 3.5500573480757146e-06 
8314 3.5786190264404005e-06 
5676 3.7922489404158487e-06 
4798 3.193614181978368e-06 
8554 3.495212031648757e-06 
9488 5.505318596179082e-06 
1805 3.4924259401451945e-06 
2937 3.637267292960774e-06 
1533 3.2642542361206753e-06 
8281 3.5039412752795555e-06 
9889 1.752477892303085e-06 
1397 3.8668086740987605e-08 
1351 3.4696270276138173e-06 
231 3.5101504825128844e-06 
4149 3.4972281409543454e-06 
5629 3.480312750277765e-06 
8439 3.3680385502764886e-07 
4100 3.402703421164941e-06 
117 3.551301182229184e-06 
666 6.40645958792658e-07 
2578 2.4593775252699323e-06 
5173 5.8576711227430536e-08 
1138 2.7633478939186736e-06 
5251 3.48378735914389e-06 
2716 2.305625070784786e-06 
7225 3.3812471376971345e-06 
2005 2.9802721079015596e-06 
6324 3.466607506300629e-06 
6868 3.3888943593643028e-06 
3627 3.508519535075157e-06 
4385 3.544582149981021e-06 
8597 3.4442635083163147e-06 
6640 3.594456909813832e-06 
5776 3.5041007222547967e-06 
2823 3.6669484474383744e-06 
1599 3.502086023030864e-06 
2448 3.25862926614376e-06 
1167 4.215467148896207e-06 
8247 3.4967650081451465e-06 
7550 6.049992509675638e-07 
9642 4.874100004927856e-07 
975 2.979955189092975e-06 
5418 3.515693459712506e-06 
7147 3.520962836272506e-06 
2478 4.106905941516284e-06 
2223 3.515585451467897e-06 
2147 4.089660389785299e-06 
3927 3.503699548203602e-06 
3579 3.497792515817915e-06 
2869 3.491572293303685e-06 
526 3.0091145663732157e-06 
810 3.4920505761890652e-06 
6426 3.502013039891199e-06 
1246 3.4654990622415525e-06 
2045 3.817246560246007e-06 
9311 3.7468175895904265e-06 
6190 3.4983260290101478e-06 
1804 3.5656935055447744e-06 
8212 3.5035671036167416e-06 
57 3.665483367792965e-06 
8922 3.6757278004181076e-06 
3511 3.496862330215451e-06 
8908 3.4830981715158443e-06 
4749 4.311632560124948e-06 
3031 3.3184524450218287e-06 
4391 3.5653023775883483e-06 
2023 3.077331463711814e-06 
5278 3.4768532349747897e-06 
381 3.325587452261635e-06 
6992 3.859413422143071e-06 
2285 3.6449350626551134e-06 
4058 3.010719153126309e-06 
8013 4.4271133178980695e-06 
687 5.667481775056394e-06 
3097 3.518389093468581e-06 
1627 3.5060384534517316e-06 
307 3.4955576420825644e-06 
4174 4.368680509283726e-07 
9576 3.4910674503771078e-06 
7643 4.7953892948362055e-08 
2402 3.500292580579061e-06 
2106 3.508873373932453e-06 
9635 3.480830537527279e-06 
5010 3.502423120095021e-06 
7599 3.4993933452102046e-06 
470 3.5620586329991576e-06 
9646 3.4846280854318278e-06 
73 3.4549267771721677e-06 
7608 3.568723024204027e-06 
6058 3.346356605174763e-06 
2354 3.395179408500048e-06 
1374 3.1913373152672306e-06 
3199 1.2369846765263192e-06 
5767 3.8061074844230615e-06 
2067 3.5347877100494486e-06 
1641 2.7353178984678597e-06 
7948 3.8063855476610307e-06 
233 3.489203349938205e-06 
7474 3.1454409098034417e-06 
3606 3.4913798315052267e-06 
2813 2.401507586677694e-06 
9049 3.5141150698548475e-06 
9511 3.495519462576975e-06 
7214 3.498951301038651e-06 
8574 3.519690833368393e-06 
7865 3.5483710060255256e-06 
2335 4.052100854667457e-06 
6487 3.5018982969332e-06 
7963 3.429563198168921e-06 
2326 3.49818056421424e-06 
5619 3.4977623181536815e-06 
3353 2.619263590969214e-06 
5885 3.4601724836996375e-06 
1700 3.4902309875583204e-06 
1218 3.5282392301205385e-06 
8477 1.75647503616206e-07 
8283 3.493946376123379e-06 
1060 3.597182847659228e-06 
3462 2.4323517263236727e-06 
1647 3.552675694827177e-06 
8542 3.0577592474206445e-06 
804 7.950846345013141e-06 
9235 3.1853289204942815e-06 
9133 4.253754172336661e-06 
395 3.5696576872124446e-06 
8280 2.529197383181447e-06 
2509 3.5176005137136948e-06 
3463 4.109855913097697e-06 
2146 5.841441677538854e-06 
9929 3.5015803487347794e-06 
1763 3.5810699608215997e-06 
4392 3.3282163429995005e-06 
79 3.5057073111582373e-06 
631 3.587996270500467e-06 
4720 9.568463850361377e-07 
553 3.507941652550864e-06 
4140 3.985730969845173e-06 
2490 3.0486320025201356e-06 
6051 3.035986317404905e-06 
9836 3.3963069309813693e-06 
5905 4.650942514006902e-07 
1703 3.4990261282406118e-06 
4713 2.6965617495030298e-06 
3600 3.4725464928626678e-06 
3633 3.485974879662202e-06 
1366 2.896614066600264e-06 
3663 2.757423573650307e-06 
9395 3.4610395612991155e-06 
5653 1.9137794327414453e-06 
3033 3.626377781780272e-06 
8584 3.4929898736820566e-06 
9976 3.6567654567592464e-06 
1530 3.475325326694908e-06 
9281 3.648950705545733e-06 
5252 3.500121713193332e-06 
7004 3.5587883914001376e-06 
3499 3.538505920642898e-06 
4238 3.4955384046463257e-06 
4461 3.498109257456413e-06 
143 3.4454151683766337e-06 
6801 3.3795577603588107e-06 
6608 3.497081685627425e-06 
9304 3.505350663366897e-06 
58 3.3928069247002714e-06 
7799 3.5099090565512832e-06 
5586 7.23886521290824e-06 
1207 1.2964688283594276e-06 
6542 3.4636137510082706e-06 
6887 3.4130322854468813e-06 
8243 8.993081927773959e-07 
5193 3.496761304310827e-06 
6580 3.4992578240513467e-06 
4734 2.9031458759766238e-06 
9648 1.967979923358719e-06 
2350 3.474283449949464e-06 
1129 3.4406229439605464e-06 
675 3.515095686421024e-06 
7713 3.5812868411549633e-06 
9822 3.440789420363988e-06 
5521 3.100795928022929e-06 
5138 3.4815665912209755e-06 
2797 3.4852923552156857e-06 
152 3.3030587868265627e-06 
4601 2.257281626059907e-06 
3501 3.0001922912699987e-06 
4251 6.542110423579134e-07 
53 3.4114196918223928e-06 
4632 3.4131639750247885e-06 
2036 3.507939306082176e-06 
7182 3.517695666811876e-06 
7514 3.3610388810338944e-06 
4393 3.5009052246183134e-06 
4514 2.2769449990135873e-06 
4396 3.472192747189484e-06 
8570 3.5051781821281237e-06 
9299 3.652207899314237e-06 
6119 3.511552561176361e-06 
6615 3.4916754509277425e-06 
2602 2.9906298474248287e-06 
6951 3.180816275989005e-06 
3929 3.581250468156974e-06 
1935 2.919633397147191e-06 
4771 7.117299614699526e-07 
5562 3.5961856379651943e-06 
692 3.4959160657590245e-06 
2587 3.4851623623711044e-06 
645 3.484381958568039e-06 
2562 3.5318123525128705e-06 
1329 3.4394816190505825e-06 
7760 3.4742862070434235e-06 
5146 3.4095709846897806e-06 
6735 3.1720641440248054e-06 
8421 3.507339967308035e-06 
3604 4.386579190420052e-06 
8366 3.4806048811599363e-06 
6659 3.6907283324389057e-06 
6587 3.626832272215008e-06 
7697 3.0718158677576634e-06 
6521 3.4382650245646118e-06 
3318 3.627108827727152e-06 
1044 3.5673400513326695e-06 
694 3.4938475426371765e-06 
3255 3.313612055501345e-06 
2609 2.3645474431409436e-06 
8674 3.4971405634525462e-06 
1760 3.442770667943415e-06 
2647 3.525526656355079e-06 
8301 3.6049657649230043e-06 
684 3.521361338467337e-06 
5535 3.499390206873194e-06 
968 3.543034268725897e-06 
3564 3.296331811677907e-06 
5255 3.579536989173562e-06 
4323 3.521937557587719e-06 
2550 3.508001546287354e-06 
3878 3.9016048194131054e-06 
5912 3.5526090708677083e-06 
1773 4.741400657810981e-06 
4425 4.34880780515831e-06 
7303 3.513556871465955e-06 
5966 5.312258286488998e-06 
8844 3.3306837881516424e-06 
1724 3.8448186000610115e-06 
2351 6.569958748487252e-07 
4354 3.5001290680850126e-06 
936 2.7406384819150444e-06 
425 3.483932822708565e-06 
4301 3.5552526869222124e-06 
6153 3.504403590943249e-06 
2196 3.440530123572282e-06 
6777 3.962090823399804e-06 
9585 3.5096095904417955e-06 
7008 3.6374005871287814e-06 
8480 5.093350181062304e-06 
9363 3.57890201627846e-06 
713 3.4621644764770028e-06 
7246 4.381108742499668e-06 
1375 3.3180765400299342e-06 
9441 3.5361847208688184e-06 
2676 3.460763081940546e-06 
462 3.514445870071068e-06 
4073 3.7642142051805943e-06 
3206 3.5029066268916e-06 
6570 3.533442865008681e-06 
2098 3.4839129525232946e-06 
5072 3.192300986443038e-06 
1474 3.8286630255592835e-06 
5844 3.5249077386404177e-06 
9183 3.501200158535752e-06 
2032 4.9876146390504016e-08 
7253 3.490889799341424e-06 
3975 3.6562741352920395e-06 
9554 3.5178063185600784e-06 
5492 3.782546819080709e-06 
9972 2.96535775708211e-06 
8302 3.5632098775410874e-06 
1885 3.5200887764924246e-06 
4659 4.356360244808158e-06 
280 3.600830771422069e-06 
2660 4.426761495070264e-06 
4845 3.5009869214389493e-06 
4225 3.4984553540567627e-06 
1092 3.491819323794174e-06 
4169 2.9204432108020867e-06 
6440 3.5254487916243444e-06 
4185 3.4971874905586156e-06 
1610 3.5069894109189265e-06 
165 3.510290116976506e-06 
8970 3.649848105268934e-06 
6905 3.5027104230540443e-06 
1572 3.485212781521788e-06 
1470 3.459627103231521e-06 
7980 3.450923224660351e-06 
4190 3.5671380265413817e-06 
2615 3.48559278716557e-06 
5453 3.5052790956333183e-06 
8275 3.4174950780880152e-06 
6798 3.502408008648269e-06 
9887 2.4714445129775347e-06 
6757 3.5053681317142686e-06 
6932 1.9649429282429175e-06 
4305 3.4665331752414043e-06 
9965 2.367749179051559e-07 
6011 3.445620584344484e-06 
9874 4.291467961183384e-06 
8615 3.501962418847482e-06 
7297 2.8268848474511096e-06 
7396 3.510419762568529e-06 
3490 3.4908505444893094e-06 
7112 3.2021556848921508e-06 
8304 7.687006231393774e-06 
6089 3.5239094187721255e-06 
2832 3.3990120861300577e-06 
3143 3.5103175246653064e-06 
8590 3.5345444706218013e-06 
4272 3.122667669528506e-06 
522 3.575599055001014e-06 
2489 3.5161151791805313e-06 
6689 1.3836961998287687e-06 
942 3.4603740058521795e-06 
1408 2.7826591808070583e-06 
5897 3.5016429032778784e-06 
3968 3.5130361018170692e-06 
182 3.48258474238275e-06 
5510 4.403113198434672e-06 
380 3.217398555345403e-06 
920 3.981566026069048e-07 
9249 3.287240159207699e-06 
9390 1.946607052329816e-07 
8653 3.500622301626201e-06 
3817 3.282497139302802e-06 
5126 3.5330886972156123e-06 
4573 3.4920339554833935e-06 
540 3.5268368610840287e-06 
3916 3.541935544643933e-06 
6791 3.5925923713001733e-06 
8565 1.6575073047314782e-06 
7881 3.5030943729939545e-06 
1750 3.4983062860355895e-06 
5568 3.6439696108142996e-06 
6934 3.5148959796262016e-06 
2765 3.4928474390483385e-06 
8791 3.996372829266792e-06 
3055 3.3778066793597716e-06 
9756 3.4961298753724407e-06 
5780 3.627898412622387e-06 
3637 3.4721345643485996e-06 
9905 3.5094090114581178e-06 
1637 3.477591471440234e-06 
4214 3.4460283321253825e-06 
6950 3.5266350251860988e-06 
4434 3.5026207523722803e-06 
1117 3.540835868211943e-06 
3426 2.8490634297538527e-06 
1798 3.517161557359425e-06 
5403 3.54239147528572e-06 
903 2.7189413059473434e-06 
8766 3.7436799823546708e-06 
9106 2.3503628944522765e-06 
6341 3.945903382145702e-06 
187 3.5060846110253673e-06 
2568 3.5071120882555033e-06 
8769 5.023423079026818e-07 
7732 3.501117890422309e-06 
8909 3.5607993120811126e-06 
4744 3.0422181460617155e-06 
6543 3.548015575714758e-06 
9724 3.7216004407890895e-06 
3085 3.4129232104269458e-06 
6191 3.4245840806664867e-06 
9375 3.670387440133625e-06 
1832 3.622592110028723e-06 
1819 3.4795611854740426e-06 
4727 3.500699936706089e-06 
539 3.382453587532351e-06 
2764 2.824883232484279e-06 
2361 3.241802894108003e-06 
8656 3.5456358151019506e-06 
1726 3.4988154214737936e-06 
2101 3.514491945776763e-06 
7423 3.4861025019451986e-06 
6232 3.5004571285913007e-06 
9532 3.4514437698144132e-06 
2007 3.4477172789223603e-06 
9746 3.515876287983287e-06 
4438 3.4730948633923808e-06 
5621 3.574814056565914e-06 
3997 3.501674074704879e-06 
2492 3.4127091233906733e-06 
5064 3.4928537058597653e-06 
6309 3.4651148760978503e-06 
6740 3.5066864643107174e-06 
1028 3.521730411587797e-06 
5228 3.525654618733876e-06 
3894 3.193133176461054e-06 
5900 3.699670148839844e-06 
4610 3.5060495163314152e-06 
7169 2.677273429283432e-06 
7087 3.5344952533078302e-06 
9291 3.3524531053621427e-06 
737 3.2374938802869953e-06 
4118 3.5396573575910003e-06 
6675 3.4756342490870194e-06 
2117 3.4393388202106245e-06 
8245 3.505612290370706e-06 
1655 2.9520291133276145e-06 
3444 3.4213351600110777e-06 
741 4.2531798702179215e-06 
9137 3.496452816885063e-06 
6386 2.4767092167310825e-06 
6810 3.4877229564472164e-06 
3709 3.5006079963646686e-06 
6709 3.817972339151424e-06 
8060 3.4794193489947606e-06 
813 3.1736888116330207e-06 
7163 3.610333548470989e-06 
7918 3.4603416839134766e-06 
6453 3.3722691231286065e-06 
6808 3.5649582044310413e-06 
5211 3.483016532488309e-06 
9195 3.4423360943197536e-06 
7469 2.694160085906064e-07 
9537 3.5850749025707236e-06 
5728 3.4958597788607666e-06 
3590 3.498090397816465e-06 
7823 3.174363208542776e-06 
2948 3.542387933609136e-06 
3492 4.4459001219859844e-06 
172 2.9227069967985568e-06 
5810 4.6968504139994255e-06 
8289 3.6786066697224795e-06 
703 3.5131492031163063e-06 
287 4.932227177717595e-06 
6157 3.499259016368248e-06 
4993 3.495224034845549e-06 
7730 3.5786635305168563e-06 
2524 1.7893553464256525e-06 
921 3.601926696298289e-06 
7992 3.508580794464611e-06 
1594 3.4840451887701165e-06 
2839 3.4457120779122523e-06 
3717 5.533941897685956e-06 
9205 4.046379248048752e-06 
3481 3.500017772963226e-06 
7802 3.4988837940622188e-06 
9206 3.497083482514927e-06 
674 3.4996315157728227e-06 
9952 3.7118355904762078e-06 
2806 3.481379977320211e-06 
5816 3.5222261511976183e-06 
5422 3.195642640321621e-06 
606 3.4735788813610017e-06 
1522 5.0423835791296986e-06 
4791 3.4049949568481073e-06 
7042 3.496473749446822e-06 
7773 7.556270457117812e-06 
2826 4.059534553616127e-06 
1578 3.473048314336476e-06 
3470 3.3984850041832666e-06 
9457 3.486207244239419e-06 
1521 3.026345297477715e-06 
1495 3.3983853089336874e-06 
6616 3.1004547075313306e-06 
8176 3.519371640035651e-06 
6835 2.4263729439878377e-06 
267 3.5014353525100294e-06 
137 3.223499122918869e-06 
8288 3.4953577966951013e-06 
9706 8.551254458459542e-06 
3708 9.327515182706392e-08 
5989 3.66714376865716e-06 
9416 3.5934972188902853e-06 
5097 3.552247585292948e-06 
4799 3.538845684066695e-06 
9048 3.4107753883760556e-06 
5656 3.651575677900837e-06 
4059 3.481182009797969e-06 
2522 3.6415877896222347e-06 
2078 3.5024444188421126e-06 
7166 3.1873511684583317e-06 
6269 3.4938379822297787e-06 
3561 3.211153402981833e-06 
1622 3.496860120041112e-06 
4618 3.4532682879761736e-06 
9930 3.5097784455119953e-06 
6098 3.3748437456032823e-06 
5122 4.535464783513785e-06 
2969 3.526567194264268e-06 
4230 3.498820739039465e-06 
9035 1.6439907251292826e-06 
140 3.785567152198458e-06 
7067 4.636980792989744e-06 
7029 3.506144605081334e-06 
6952 3.4919233166910936e-06 
1231 3.3692737726369974e-06 
9150 3.4198860660341826e-06 
8038 3.4664749279234844e-06 
9669 3.502346968904951e-06 
8074 3.5535792427941294e-06 
9858 1.5531121718320767e-06 
9910 3.4818080995138095e-06 
7503 3.493985988855531e-06 
6790 3.4967651701195005e-06 
9593 3.49192479994739e-06 
408 3.0083600720958594e-06 
298 3.507260160042152e-06 
2116 3.549814083322805e-06 
3655 3.827012742289504e-06 
206 3.547572267176806e-06 
6300 2.666509669341107e-06 
7609 3.811730881792508e-06 
9019 3.5280614142553764e-06 
281 3.2889738037958736e-06 
4877 7.244458446503223e-07 
1190 3.497782692075174e-06 
7504 3.0694737526241075e-06 
9970 2.621656349565794e-06 
5347 2.557344664260729e-06 
300 3.4615584344994977e-06 
2918 3.5213963517163835e-06 
4809 3.213431695771129e-06 
4314 3.6853702627036614e-06 
9831 3.541505735303594e-06 
8803 3.517051421686606e-06 
6359 2.379880501876931e-06 
5645 4.494275494574141e-06 
1105 3.4178926074028462e-06 
8910 4.25011218055443e-06 
8760 3.5684365301518562e-06 
5843 1.902901778216956e-07 
8841 3.5270105522192854e-06 
3344 3.647035095669454e-07 
5680 3.2326976551548872e-06 
7290 3.5000625686395496e-06 
6753 3.5002494553607644e-06 
9735 3.505547614331782e-06 
8814 3.5138221519363307e-06 
6554 3.4398649358769763e-06 
9708 3.4983150926357636e-06 
2807 3.085495651930708e-06 
4167 3.798661317740047e-06 
8553 3.506101710255369e-06 
4781 3.503337193239066e-06 
153 3.5216894729833303e-06 
32 3.832321455028634e-06 
5366 4.378715394754584e-06 
7806 3.532536599792969e-06 
5764 4.588499947870489e-06 
5831 3.5084963946294397e-06 
5476 3.4464648192280335e-06 
6365 2.88972290116162e-06 
4731 3.6482234976444066e-06 
3257 3.5773921877527963e-06 
1137 3.5041559612543776e-06 
7965 3.498386994043588e-06 
2964 3.301489470120579e-06 
5812 3.3935083844056167e-06 
5985 4.647052705398339e-06 
47 3.364253784935309e-06 
1611 3.4568794155198333e-06 
4382 3.537009706453269e-06 
5295 2.1327511119458677e-06 
8484 3.508446107606836e-06 
707 3.600869318825307e-06 
4587 3.102031381574005e-06 
1149 3.016728239125098e-06 
9283 5.278233967574598e-06 
4421 3.510645103551555e-06 
4072 3.497117107592218e-06 
792 2.723110212952545e-06 
9986 3.499798400632963e-06 
5129 1.0723051936711986e-06 
3382 3.1786760899567357e-06 
5967 4.046195969915968e-06 
7567 3.4839448072967896e-06 
3855 3.4600971761723175e-06 
6363 3.4645530771666315e-06 
9409 3.2935054113658883e-06 
9679 3.5281563998381373e-06 
1629 3.623046267346861e-06 
8598 3.5040430750076465e-06 
7207 3.4653504627371575e-06 
7835 3.4747259396504867e-06 
6103 3.5078795225114202e-06 
5983 3.48000281646494e-06 
44 3.4286857712710455e-06 
4530 3.4979078852466036e-06 
3092 3.4160524767481852e-06 
7826 3.514623670262412e-06 
2235 3.614797566848528e-06 
4743 3.484191631403704e-06 
3546 3.382121542274876e-06 
1014 3.4967587634209925e-06 
8264 3.5842174401038734e-06 
9355 2.674879413241711e-06 
6354 3.5307910684472443e-06 
616 3.7506960688899047e-06 
546 2.915345322973843e-06 
4951 1.1678555750069065e-06 
1806 3.6731380488463346e-06 
9164 3.507030937945864e-06 
4480 3.470500985925118e-06 
7574 3.5087733126627215e-06 
8550 3.5032835156338564e-06 
4500 3.5030166334658222e-06 
4866 2.8921949470298003e-06 
7800 3.2350543369679974e-06 
1304 3.1600415893101752e-06 
3793 3.5101977545971133e-06 
7621 3.5158014948055275e-06 
2382 3.4999577338604807e-06 
4001 3.754286965688197e-06 
9386 3.6159325852987573e-06 
3923 3.5119695990967315e-06 
7607 3.687556274964259e-06 
248 3.6275266270111077e-06 
486 3.5837079252311773e-06 
6282 3.4995072549589027e-06 
3773 3.4957634454047406e-06 
5716 3.4923389845961193e-06 
1729 3.5062351864062674e-06 
9202 3.6323208558493656e-06 
6376 3.524520916570177e-06 
1731 3.4671589533924986e-06 
6016 3.401256079123446e-06 
1619 3.5166910836338666e-06 
8738 3.5023921755674776e-06 
2388 3.581359037191466e-06 
7703 3.3367075869663714e-06 
8757 3.559351178376771e-06 
9138 3.6047212385032377e-06 
9445 3.49980196716177e-06 
1483 3.273285794190688e-06 
6895 3.1959650056612557e-06 
1503 3.5681170131249424e-06 
1162 3.4848759421487213e-06 
7539 3.491030923514502e-06 
1833 4.1150617101163374e-06 
8748 3.4758355276633188e-06 
3780 3.5011808574713018e-06 
1696 3.623783387470871e-06 
2233 3.497426368695592e-06 
6832 3.66231174261603e-06 
3510 3.504779224259608e-06 
5300 3.4920500630742274e-06 
2628 1.1825553668136574e-05 
1955 3.6177216290065443e-06 
8864 8.421067855945844e-08 
9914 3.5074522250696343e-06 
135 3.5977524857469717e-06 
5592 3.2812236270879926e-06 
1269 3.5347813016546945e-06 
7206 3.4718476972077815e-06 
9911 3.312536286399516e-06 
9170 3.2696140280112796e-06 
6525 3.532944204168287e-06 
1717 3.5976232085035543e-06 
4695 3.6349576852435106e-06 
9279 2.3694945175986408e-08 
2709 3.46976573294086e-06 
7727 1.6388085536100961e-06 
6471 3.445869300676203e-06 
9151 3.5247015163151165e-06 
8882 3.361767451494314e-06 
5879 3.5190922898988144e-06 
6826 3.6353409443080685e-06 
4192 2.7672087648320112e-06 
5588 3.5262687617522433e-06 
1657 3.5091457809939144e-06 
9502 3.498782787208545e-06 
9922 3.922084229620606e-06 
5892 2.604624970585951e-06 
7765 3.332556784585824e-06 
4487 3.2239563955484097e-06 
24 3.7830110245579476e-06 
7172 3.619792928760514e-06 
4048 3.5309954952047452e-06 
6137 4.369068729936674e-06 
3904 3.487892273600514e-06 
5327 3.6265563843552265e-06 
4201 3.250524149492109e-06 
3478 6.356013584976534e-06 
8569 3.5005248849025583e-06 
4536 3.510221943619346e-06 
5725 3.3619890272588663e-06 
739 3.1121813274615476e-06 
1266 3.4376687820347662e-06 
1965 3.499411157811899e-06 
3631 3.698672489215443e-06 
8194 3.690297241956112e-06 
4 4.234006498033616e-06 
9033 3.6099145989730886e-06 
4193 3.847000920993012e-06 
2199 3.558169692372506e-06 
9293 9.088565427384196e-07 
4326 3.65471817749845e-06 
4271 3.4908289359643044e-06 
2236 3.5268122281703054e-06 
1392 3.4907286749977243e-06 
7954 3.502293983237336e-06 
535 3.5132454040805444e-06 
9584 3.4462729946825027e-06 
580 3.5766373132576877e-06 
4831 3.646372820090027e-06 
2141 3.7095932804132837e-06 
407 2.24606805255089e-06 
5526 3.3628251583601984e-06 
2272 3.502015383670641e-06 
7938 3.487657687261575e-06 
6553 1.891355803051232e-06 
525 3.5122529503542406e-06 
9602 3.5251122235601796e-06 
3725 3.4533943125144297e-06 
3446 3.537655313226969e-06 
1249 3.4892848859316984e-06 
3345 3.4897103932022733e-06 
1345 3.5048895368766294e-06 
7295 3.4706273097374325e-06 
8035 3.634772107777607e-06 
895 3.4924561300306854e-06 
5597 3.0116149575042875e-06 
7946 4.488177607010023e-06 
2446 3.49826198588285e-06 
3122 3.5053141624738116e-06 
9801 3.711726264155113e-06 
2150 4.009120424254886e-06 
8165 3.6323325080126455e-06 
159 1.9266475069777467e-06 
246 3.310396464606427e-06 
5269 3.5653717287221732e-06 
2447 3.6431191997021956e-06 
3887 3.489447663182829e-06 
9374 1.277183902008227e-07 
1931 3.443052211640905e-06 
7001 3.4865247924408075e-06 
1777 2.6452554938124483e-06 
2600 3.505219794400755e-06 
6510 3.455278135212665e-06 
7143 4.501582354743814e-06 
8524 3.496180031022887e-06 
1131 3.5035044938462906e-06 
2939 6.29681117072557e-08 
3951 7.827546813125126e-08 
3879 4.011295674706474e-06 
5858 3.189375164392207e-06 
4437 3.530247385541054e-06 
8538 3.3786270076472496e-06 
2373 3.600994774938829e-06 
7841 3.5154812427340108e-06 
6771 3.614822122243067e-06 
9464 3.251244803637988e-06 
85 4.035168372166352e-06 
9451 3.589337015205137e-06 
6781 1.1054546382664027e-06 
2799 3.133103466296887e-06 
6138 3.5284538044307716e-06 
2423 3.4680203119707114e-06 
4590 3.450435757697068e-06 
2926 3.4976290740604354e-06 
6166 3.306753153815572e-06 
4714 3.5887651247609676e-06 
7380 3.5744706247373396e-06 
5815 3.497969919791033e-06 
9103 3.466237470098802e-06 
2893 3.4835808609382766e-06 
2056 3.5252546978248392e-06 
7365 3.6980798230979187e-06 
7175 3.5142558578432563e-06 
5623 3.5032293954879907e-06 
9589 3.519494177999953e-06 
8996 2.933585988992169e-06 
2441 3.4768750982810534e-06 
551 3.5072302482048224e-06 
89 3.655845112640864e-06 
2321 3.7072287175811855e-06 
124 3.4091772713401093e-06 
5587 4.189117863158289e-06 
6123 5.466553570587459e-08 
5443 3.5163170705300694e-06 
2840 3.5407222576572916e-06 
3816 3.476159761680587e-06 
7716 1.915315899773915e-06 
3540 3.503804982031038e-06 
4970 3.503360646014541e-06 
2356 1.9043605632937486e-06 
9982 3.4428331781916753e-06 
607 1.2753190744625459e-06 
7133 2.8397490239755157e-06 
5042 3.5605416156284026e-06 
1002 5.92530033589932e-08 
3824 3.4619615370544813e-06 
7022 3.380316698881782e-06 
4363 2.377586570169679e-06 
3939 3.5042011549298156e-06 
2407 6.708273061339e-07 
5294 3.500459189143696e-06 
8810 3.4129202220352745e-06 
1123 3.955110159846041e-06 
4432 3.478404560238631e-06 
4494 2.8949418303676618e-06 
9322 3.3778271735283015e-06 
179 5.007176800200486e-06 
5852 3.5007345763822963e-06 
1367 3.354625774301215e-06 
5775 3.3857498710766656e-06 
8369 3.5043120387496728e-06 
8621 3.5071226253780656e-06 
5106 6.738904435628599e-07 
934 3.475965591292112e-06 
173 3.505336787717044e-06 
2619 3.526286470133629e-06 
3828 3.89039979311473e-06 
3221 3.4792755417609956e-06 
6979 3.538094459806993e-06 
622 1.297599446177373e-06 
5766 2.3028822759530452e-06 
5070 3.4477251664236487e-06 
5871 3.503870690952574e-06 
2719 4.224865751247153e-06 
3642 4.179806993999108e-06 
3113 3.5638345063408665e-06 
1321 3.4550032481639075e-06 
4322 3.5407119524599846e-06 
1443 3.0246189253262396e-06 
930 3.714312232395244e-06 
2908 4.03029114938004e-06 
4050 3.4737299811581886e-06 
2014 3.4802592411817197e-06 
5023 3.4940848222745813e-06 
9684 3.5028094767034513e-06 
8295 3.749016353850663e-06 
5314 3.499589933313242e-06 
2474 4.071406420124619e-06 
4852 3.494443128223539e-06 
2075 3.523402326731372e-06 
8911 3.473842866926222e-06 
9939 3.5154280999841284e-06 
5014 3.446206816187192e-06 
9977 1.2632088749938998e-06 
2818 3.4903801909181642e-06 
9579 3.5205789834573824e-06 
8696 3.4847932080862114e-06 
6671 3.508725312347073e-06 
7680 3.50426026380944e-06 
8229 3.4935120183598648e-06 
62 3.4894598724303867e-06 
6943 3.50141703823941e-06 
7811 3.4901959227639978e-06 
4419 3.265492947056467e-06 
1294 4.0370428533468905e-06 
9627 3.533042770266588e-06 
3459 3.487190161361214e-06 
5001 3.5067308598944236e-06 
7249 3.7668851016723654e-06 
754 3.455845382056059e-06 
6239 3.518818714586906e-06 
2094 3.61880598225159e-06 
3378 3.4805068835587627e-06 
7749 3.5716121795704585e-06 
7546 3.4231710309661193e-06 
1581 3.498263679006556e-06 
8904 3.78902830987762e-06 
6308 3.95597082182013e-06 
4988 3.528031232231307e-06 
718 3.433667157455624e-06 
2244 3.52524156995121e-06 
4949 1.0850534925379822e-06 
193 3.4999052257272192e-06 
6924 3.496181581119651e-06 
5041 4.830672102157073e-06 
5675 3.3471162114028062e-06 
9943 5.751601613668745e-06 
2590 3.4846916004335266e-06 
4478 3.4909813804139458e-06 
8898 2.2751251247451934e-06 
9990 1.0812633987564721e-07 
9234 3.4997752476939263e-06 
4014 3.361033881771682e-06 
8811 3.4136174252612404e-06 
9916 3.4870141153928766e-06 
3247 3.47530550567915e-06 
584 3.5054065416631347e-06 
3110 8.002866755790558e-06 
8587 3.4968163822898408e-06 
9041 3.5617422323300744e-06 
6110 3.7036647856864366e-06 
93 3.487763997758896e-06 
5773 3.5026500797216655e-06 
7565 3.3359201030972465e-06 
7952 3.4969724853892266e-06 
1810 3.5790464830488303e-06 
3288 3.4856914352201946e-06 
6086 3.4929639101505004e-06 
5239 3.4896137176960134e-06 
5709 3.480939515601855e-06 
7204 5.3982029829054616e-06 
7640 3.52178206180927e-06 
8071 3.305262224694424e-06 
8578 3.485822875528358e-06 
805 3.507264297572266e-06 
1720 1.0267769352622566e-06 
1705 3.3396426825101817e-06 
6055 3.4958494717303966e-06 
3337 6.699672747807514e-06 
5434 3.5036755453044255e-06 
8631 3.498460895644049e-06 
1040 4.400553005238092e-06 
208 3.5457876689995384e-06 
3453 3.537716304097592e-06 
5903 3.364191617898088e-06 
3920 3.514644525365769e-06 
8274 1.4979174850093973e-06 
7136 3.1932307565962447e-06 
5633 3.849162753070448e-06 
3388 3.5070738594238964e-06 
2160 2.6172895224201286e-06 
7691 3.5954046757895876e-06 
5630 3.5106494409418673e-06 
8549 3.44174678373855e-06 
799 3.5918482595841634e-06 
6284 3.962222426565965e-06 
6129 3.4813311807498656e-06 
6305 3.5141157568699494e-06 
2861 3.24361005454832e-06 
343 3.448948973229096e-06 
6806 3.4983131014100864e-06 
3370 3.466614675096112e-06 
3262 3.499844110579346e-06 
43 3.515768551698566e-06 
8926 3.530808374170413e-06 
6953 3.288722219440177e-06 
4153 3.040024854652157e-06 
6611 3.3668063911861593e-06 
5648 3.52371972323493e-06 
2723 3.4826788291574815e-06 
1107 3.5107540060757207e-06 
3437 3.897093816119177e-06 
3525 3.49018165546959e-06 
6633 6.209012778898065e-06 
6567 4.75957932421613e-06 
1385 1.1454990040813758e-06 
5442 3.4964087928972178e-06 
889 3.45655212535371e-06 
7873 4.19130373734896e-06 
4191 3.494631668595118e-06 
6683 3.6649473517540666e-06 
6779 3.6105361374277784e-06 
633 4.14749131524388e-06 
9778 1.7280214730488015e-06 
4944 3.495443304418751e-06 
1348 3.605188624312727e-06 
224 1.1116422751778767e-07 
8447 3.500908245880397e-06 
5978 5.330484909405808e-06 
6366 3.5324491048455986e-06 
6590 3.4937531751383615e-06 
1349 3.4446652022065515e-06 
5694 3.4938442185404235e-06 
1873 3.420527948178661e-06 
1139 2.919695646238444e-06 
1347 3.478281220080743e-06 
2027 3.488028986893271e-06 
4263 3.565499976848633e-06 
729 3.497091234123565e-06 
2882 3.4835689257388578e-06 
2713 3.5010212457691736e-06 
9176 3.526664039665879e-06 
3278 3.527273850636561e-06 
8951 3.4466877582296262e-06 
1181 3.4278596801331965e-06 
9054 3.169204818592557e-06 
1789 3.4977789698150706e-06 
4023 3.5545873356826613e-06 
7455 3.3802575944078834e-06 
688 3.5671768800856756e-06 
856 3.5016127824864617e-06 
8375 3.504367224490122e-06 
974 3.2591173948258826e-06 
9307 3.4940016865997136e-06 
2438 3.5087704476246942e-06 
2271 3.6173598487711412e-06 
3302 3.743696688444821e-06 
8279 3.499245761007665e-06 
1817 3.3141130665673193e-06 
9890 3.656266065874598e-06 
8736 3.5216228879025848e-06 
5120 3.619158088916136e-06 
1381 3.8929633743375275e-06 
9828 3.564542777318844e-06 
2341 3.3922513526689843e-06 
6939 1.8414196306412888e-06 
4087 4.20196451789878e-06 
4939 3.429853747694518e-06 
7880 3.5075977221872172e-06 
2810 2.0586703128847972e-06 
3620 3.5564202428796343e-06 
1276 3.4961500010069722e-06 
9153 3.511480358786976e-06 
4593 3.471276743011885e-06 
88 3.4299262053695398e-06 
2369 3.6939697451602925e-06 
70 1.982232544276939e-06 
9794 3.469561685412729e-06 
5169 3.4263658256331698e-06 
7094 3.4828827187413956e-06 
8614 3.478565694593915e-06 
8361 3.497598819045799e-06 
870 3.4933099443987015e-06 
759 2.67848218975773e-06 
6537 3.5026125617295557e-06 
8107 3.5805166324781743e-06 
6690 3.558884371292834e-06 
9228 3.4956696123424784e-06 
4746 3.4897152576922224e-06 
8532 1.1163712431952572e-06 
3823 3.495642958286082e-06 
8249 3.498486281266345e-06 
217 3.332211271493338e-06 
5543 3.2930778433897593e-06 
1247 3.348616299529934e-06 
548 3.397423669800185e-06 
1631 3.164688264258323e-06 
104 3.96970080460678e-06 
6885 3.19780585493415e-06 
4635 2.6995253115782382e-06 
1119 3.4980506900608242e-06 
604 3.5546955110831824e-06 
5795 3.621383653523383e-06 
4042 3.3782352672084373e-06 
4824 3.5123528010348497e-06 
6469 3.5731263899418693e-06 
8455 3.3096885393313177e-06 
5460 3.4987018356405636e-06 
347 2.9858993757160703e-06 
3047 3.0838532251884833e-06 
8198 3.443928906002024e-06 
5020 3.4501542700981156e-06 
5361 3.478683023955543e-06 
5194 3.515239852289909e-06 
1068 3.5575017465412553e-06 
8903 3.458561543478202e-06 
8511 3.639912805403986e-06 
5666 4.351883058434189e-06 
6107 3.4968205909429248e-06 
5307 3.5017305234411307e-06 
8973 3.5433175097358606e-06 
183 3.4675236358811287e-06 
7910 3.5035961750341172e-06 
7674 3.3055894369205147e-06 
36 3.5016498154038022e-06 
4661 1.0636289426049887e-06 
3852 3.546432056018086e-06 
2680 3.458813292246022e-06 
9192 4.699117286185069e-06 
4123 3.5611722947952775e-06 
1421 3.4912101669683276e-06 
8426 1.4287256950650912e-06 
7324 3.2317095815699437e-06 
8133 3.478365586378225e-06 
9856 1.1135415531781656e-06 
4466 3.4994590749931157e-06 
4640 3.4713231718554376e-06 
7821 6.095948796248086e-07 
8767 3.4525531121790432e-06 
374 3.53571909961631e-06 
5309 3.3933262883844312e-06 
8317 3.604580420598256e-06 
1963 3.1162512084239944e-06 
7710 3.568668341349457e-06 
3826 1.9567680907296483e-06 
2569 3.6944731431076533e-06 
9516 3.489273367162893e-06 
1617 3.5042949785654443e-06 
4643 3.5243264757384894e-06 
6846 3.4902354626827807e-06 
956 2.6289079217589913e-06 
8691 3.4551544474863456e-06 
6132 1.743541811276805e-06 
1811 3.5663458521743087e-06 
2033 3.504513569740365e-06 
9085 3.3968594390433147e-06 
2702 3.4765370232710012e-06 
