1 2 9 6 24793
1 47 8 3 49
2 31 5 3 41
2 35 6 2 28
2 406 7 2 18
3 4 10 3 176
3 5 2 4 107
3 26 8 3 126
5 57 2 5 296
15 16 9 3 134
15 36 6 3 76
16 25 5 3 104
17 18 10 5 1301
17 36 3 4 233
18 33 1 5 211
19 20 9 3 102
19 21 2 5 273
20 142 9 3 106
20 148 6 3 58
21 22 9 2 22
22 23 2 4 45
23 24 3 4 104
24 25 7 3 89
24 28 8 4 184
26 27 5 5 1447
27 29 5 3 40
27 30 9 3 152
28 29 5 3 32
31 33 5 5 779
32 33 9 2 46
32 34 4 4 346
32 69 10 2 25
34 35 7 4 218
34 73 10 3 80
36 37 10 2 20
36 75 1 5 158
37 52 2 4 87
37 43 10 4 280
46 47 1 4 111
47 448 4 2 14
52 67 7 8 689221
53 54 2 3 18
53 59 9 3 88
53 418 1 4 57
54 163 6 6 6107
55 56 5 4 155
55 59 1 5 149
56 57 3 4 260
56 66 3 4 109
58 59 5 6 8365
58 60 2 4 81
58 199 9 4 351
58 458 7 3 71
60 63 9 4 740
63 225 5 6 12555
64 65 10 3 208
64 66 8 3 127
65 67 3 3 16
69 70 7 6 6933
70 71 7 4 574
71 101 1 5 158
72 73 4 4 356
72 101 9 3 85
73 76 5 4 144
73 77 9 3 140
96 97 2 6 2326
96 111 10 2 31
97 101 5 4 159
98 99 6 4 547
98 100 5 3 57
99 138 5 3 35
100 116 10 4 270
105 106 9 3 62
105 111 7 4 159
106 107 5 4 310
107 108 8 4 735
111 114 8 3 141
113 114 7 5 2016
113 116 2 6 6468
115 116 9 4 804
115 409 8 5 2694
118 119 4 3 56
119 138 7 2 26
120 121 5 4 521
120 122 1 4 24
120 304 4 4 276
121 296 5 4 222
122 123 2 3 17
122 124 8 2 36
124 125 4 5 2241
134 135 10 3 88
134 332 1 4 105
135 136 1 4 28
135 137 10 3 97
137 139 6 4 155
139 140 3 4 149
139 141 8 3 47
139 399 6 3 120
141 400 2 4 182
154 155 8 8 2535948
154 156 2 4 57
154 172 10 5 1423
155 168 7 4 210
156 157 10 3 118
156 171 6 3 116
157 158 9 2 32
158 159 7 6 11358
158 177 7 4 637
159 160 9 3 87
159 161 9 4 237
159 196 4 2 19
161 162 5 4 231
161 197 10 3 194
163 164 6 4 152
164 165 1 5 305
165 166 5 4 121
165 104 10 3 97
166 167 3 4 80
167 168 4 3 30
169 170 2 3 25
169 171 1 5 261
169 174 9 3 143
170 172 8 4 512
170 173 7 4 255
170 419 9 4 229
171 178 7 3 102
173 174 4 6 7037
174 179 5 3 38
175 176 7 4 719
176 214 5 4 152
177 178 10 4 222
177 191 5 3 101
178 421 1 5 323
179 192 1 4 44
180 181 4 4 157
180 208 8 6 9911
181 192 8 4 221
182 183 10 3 208
182 184 9 5 5694
184 185 1 6 796
184 208 4 4 114
185 186 4 5 501
185 207 9 3 125
186 187 8 2 32
186 230 2 5 284
187 188 5 4 147
187 193 1 5 140
188 189 5 3 54
188 191 5 6 11911
189 190 2 5 369
189 191 9 1 11
193 194 1 5 459
193 217 9 4 264
194 195 10 3 131
194 217 3 4 81
195 196 1 5 606
195 216 2 5 932
196 197 3 4 123
196 476 2 4 171
197 216 8 5 2166
198 199 3 4 232
198 221 6 2 28
199 200 7 5 1875
200 10 1 5 138
201 202 8 3 49
201 203 4 3 72
201 351 3 5 454
202 213 6 3 75
203 204 9 4 823
203 205 5 5 1159
205 206 2 4 73
205 231 6 4 211
205 360 10 2 40
206 207 5 4 182
206 232 5 3 91
207 233 8 3 113
208 209 2 5 267
210 211 7 4 525
210 212 6 4 192
211 215 4 5 487
212 213 7 5 1804
212 342 2 4 198
213 340 2 4 52
214 215 5 6 9404
216 219 5 3 31
217 218 1 4 47
218 222 9 3 95
219 220 8 4 676
220 221 4 3 41
220 222 2 4 215
222 226 2 6 1705
223 224 3 4 212
223 225 8 3 122
223 7 5 3 77
224 229 4 5 1372
227 228 3 5 750
227 229 8 1 3
227 272 8 3 87
228 230 10 6 18617
229 401 1 6 1249
231 281 4 2 18
232 265 9 4 285
233 264 9 1 12
233 150 2 7 54862
234 235 8 4 483
234 278 8 6 10872
236 237 4 2 13
236 280 2 4 192
237 238 7 1 7
237 239 5 3 79
239 240 1 5 115
240 241 2 4 144
241 243 4 4 162
241 442 9 3 57
242 243 10 2 35
242 244 10 3 104
242 314 5 6 18179
242 80 5 3 41
243 293 2 6 2362
244 247 9 2 46
245 246 9 4 217
245 247 9 3 126
247 248 6 5 767
248 249 1 4 112
249 250 4 5 620
249 312 2 6 1647
250 251 1 4 39
250 321 6 2 26
251 252 10 3 157
252 253 9 3 57
252 327 9 4 458
252 301 4 2 11
253 254 3 2 14
253 277 10 4 746
253 266 8 3 68
254 255 9 3 75
254 256 1 6 2177
256 257 8 6 11327
257 258 9 4 886
257 259 8 6 10236
260 261 8 5 5503
260 262 8 5 1089
260 263 8 4 352
263 264 10 2 25
263 479 5 4 255
266 267 9 2 21
267 268 9 4 294
267 299 3 4 201
268 269 5 4 118
269 270 3 5 1225
269 294 9 4 947
270 271 10 3 86
271 295 2 5 440
271 133 7 4 315
272 273 3 5 590
272 274 1 5 353
274 275 6 6 6695
275 276 8 3 49
275 277 3 5 755
275 291 8 4 500
278 279 8 4 203
278 282 8 3 58
279 280 9 4 240
280 287 7 3 41
281 289 9 3 50
282 288 6 5 1302
283 284 10 5 2366
283 285 5 4 113
283 305 2 4 65
284 290 9 3 131
284 365 9 4 434
285 286 8 4 905
285 306 6 4 450
286 287 4 6 4109
286 306 10 5 2860
286 452 8 3 91
287 293 1 3 17
288 289 3 4 308
289 290 5 4 159
291 292 10 1 12
297 298 4 4 322
297 454 1 5 391
298 299 7 3 86
300 301 5 4 181
300 302 10 1 9
302 303 4 6 12549
302 304 7 3 102
302 330 8 2 17
305 306 3 3 64
305 308 4 5 2326
306 308 1 5 316
307 308 8 3 117
307 309 1 3 21
309 310 2 5 335
309 338 4 4 446
309 379 3 2 12
310 311 1 4 78
310 85 10 3 158
311 312 2 5 1090
313 314 1 4 98
315 316 7 3 55
315 317 7 3 55
315 499 3 3 54
316 334 6 5 1023
316 398 8 4 200
317 318 5 3 50
317 503 5 4 224
318 319 2 5 1121
318 502 1 3 21
318 510 6 3 96
319 320 6 5 2080
320 333 2 3 16
321 322 5 4 179
322 323 1 5 483
322 325 7 4 276
322 333 3 3 28
323 324 6 3 123
325 326 6 2 21
326 328 6 3 42
327 328 2 6 4681
328 329 2 5 393
328 495 4 3 39
329 330 4 4 178
329 331 6 4 175
331 332 4 5 1122
331 489 1 5 208
332 481 6 4 414
333 493 4 4 440
334 335 8 5 962
336 337 9 3 146
336 500 9 4 340
337 338 1 2 4
337 382 2 4 175
338 339 1 4 101
338 377 4 4 401
340 341 4 4 263
340 349 5 2 10
340 354 8 4 364
341 343 8 2 28
342 343 4 3 28
344 345 8 4 178
344 346 3 6 2331
344 385 6 2 20
346 347 3 2 7
347 348 2 3 37
347 387 5 3 87
348 349 4 5 831
348 386 3 5 396
350 351 4 5 527
350 359 9 5 4264
350 13 7 2 25
351 352 9 4 388
352 353 5 5 815
352 356 4 3 28
353 354 4 2 11
354 355 3 4 105
355 356 6 4 210
356 357 6 3 88
358 359 6 3 36
358 361 3 3 23
358 362 5 4 335
358 360 8 1 8
358 92 2 4 197
360 413 4 4 158
361 388 8 5 1043
362 367 10 4 683
363 364 10 6 8968
363 365 1 4 72
363 370 4 3 75
364 395 5 5 690
365 366 4 3 75
365 371 6 3 125
366 144 6 3 132
367 368 10 4 248
367 369 9 4 208
370 380 4 2 18
371 372 4 4 283
371 373 9 1 12
371 374 10 4 583
375 376 8 4 565
375 383 4 4 113
376 384 6 5 2914
377 378 9 5 1325
377 381 9 3 152
378 384 10 4 488
381 383 6 3 38
382 496 4 2 12
383 384 5 6 13616
388 389 1 4 84
388 392 9 3 157
389 390 6 5 1948
390 391 7 3 89
392 393 8 4 226
392 394 3 3 31
395 396 4 7 33961
399 411 10 2 22
400 405 6 5 972
404 405 10 3 125
404 412 7 3 126
405 89 2 4 97
408 409 7 4 429
411 412 1 5 160
411 415 7 4 380
411 482 6 4 171
412 415 9 2 22
415 427 1 5 157
415 487 1 5 675
427 428 4 4 367
427 431 8 3 77
427 487 2 7 13721
427 424 4 4 448
428 429 7 5 3978
428 432 8 4 227
481 482 6 7 41459
482 488 8 3 71
483 484 9 4 459
483 485 3 3 60
484 492 4 3 77
485 486 7 4 170
486 487 4 3 28
489 490 3 7 78002
490 491 3 3 55
490 492 2 5 381
493 508 5 5 605
494 495 6 2 26
494 507 1 8 322334
496 497 7 4 218
496 62 3 4 183
497 498 6 5 917
497 499 1 4 50
499 501 3 5 371
501 447 7 4 636
502 511 4 4 186
503 450 8 3 45
504 505 3 3 16
504 506 9 3 161
505 508 5 7 77258
505 509 2 4 65
506 507 6 2 29
509 510 3 3 59
509 511 1 4 35
7 8 8 2 22
7 6 6 3 63
10 9 1 6 1174
10 11 1 5 588
13 12 3 5 1049
12 14 2 4 156
144 38 5 4 127
144 145 6 4 272
38 39 10 4 292
89 68 3 7 25865
89 88 10 4 485
68 40 4 5 845
68 102 6 6 4240
40 41 9 3 147
40 81 7 5 2708
102 50 4 5 1780
50 51 9 2 29
41 95 9 3 151
81 146 7 6 9509
95 456 4 2 20
95 143 9 4 506
95 146 7 5 2230
146 410 9 3 117
43 42 6 2 15
133 130 1 5 334
128 117 3 2 9
128 132 9 4 265
117 129 8 6 25556
117 110 4 4 249
132 130 1 5 289
129 127 8 4 529
127 44 7 5 930
130 131 4 6 2863
44 45 2 4 223
110 109 5 4 282
110 126 6 4 205
109 112 10 2 31
62 49 2 4 71
62 61 3 4 339
48 49 6 4 154
75 74 6 6 6771
77 78 2 4 106
80 79 3 4 259
92 90 9 4 378
82 83 9 3 107
83 91 3 2 7
91 90 2 4 131
90 93 2 5 243
93 94 2 4 118
85 84 6 2 24
84 86 3 4 87
84 87 4 4 160
86 87 10 3 84
104 103 10 3 110
148 147 8 3 62
147 149 6 2 31
150 153 5 4 143
150 151 2 3 15
152 153 6 3 51
398 397 1 4 32
401 402 6 4 535
401 403 9 3 131
406 407 10 3 197
416 407 5 5 2036
413 434 2 5 290
413 414 9 5 5421
433 434 3 5 1084
418 417 7 4 160
419 420 6 4 346
419 430 8 4 412
421 422 7 3 53
421 423 5 2 12
424 425 4 4 153
424 426 5 5 814
424 438 8 2 35
438 437 4 3 71
437 439 9 4 733
454 453 10 3 180
454 435 4 4 218
453 455 6 1 10
455 460 2 5 1284
435 436 2 4 173
460 463 10 4 576
463 462 10 4 529
461 462 10 4 633
461 464 9 3 56
464 466 6 3 127
466 467 4 4 176
452 451 5 5 1678
452 440 10 3 72
451 459 2 4 144
459 473 10 3 94
440 441 8 3 93
473 472 5 5 3004
442 443 4 1 5
448 444 8 5 1537
444 445 10 4 241
465 445 5 6 3885
465 468 1 6 1623
468 469 3 4 220
469 470 2 4 109
470 471 2 4 136
447 446 7 3 49
450 449 6 2 29
458 457 6 4 164
476 474 10 2 40
476 477 9 4 917
474 475 7 3 76
477 478 8 6 15168
479 480 6 4 344
284 177 6 5 3170
391 291 4 5 1054
397 161 5 5 1306
376 187 2 6 3038
322 42 2 5 1193
399 318 10 3 136
463 89 2 4 92
343 194 9 3 111
437 265 7 3 115
239 53 5 3 64
411 475 4 3 44
21 372 4 3 35
508 449 3 5 369
24 51 1 5 277
54 280 4 3 42
261 73 10 3 219
2 307 1 5 228
476 36 3 4 147
374 231 5 3 44
483 72 5 4 239
188 248 7 4 170
326 346 1 4 93
458 449 2 4 55
435 58 7 3 43
225 130 3 4 73
484 174 6 3 49
322 33 7 6 5133
369 191 10 3 125
330 20 9 3 163
324 21 9 4 228
18 385 7 4 405
252 297 3 4 91
7 178 2 4 70
30 43 4 4 387
397 191 6 2 11
450 80 8 3 46
458 335 1 4 109
171 48 2 3 43
485 267 10 3 70
104 136 9 4 233
47 507 2 5 475
302 429 10 2 46
424 132 6 3 85
55 69 9 3 52
81 28 3 4 110
346 114 5 4 133
84 284 2 4 59
57 44 10 5 3937
112 358 7 6 6844
103 252 9 3 131
202 401 4 2 15
106 343 7 2 31
297 285 6 5 1039
47 27 6 5 1304
391 38 8 3 112
292 297 3 5 550
292 334 5 5 667
149 56 7 4 549
56 464 9 2 40
252 487 9 1 4
491 427 9 3 184
112 439 4 2 18
62 365 5 4 353
315 75 8 4 275
445 373 6 5 1839
373 228 2 5 449
459 103 3 4 156
5 34 3 5 520
357 412 10 4 461
195 208 9 3 120
362 282 8 4 489
282 132 1 5 593
292 358 4 3 65
130 16 5 4 116
354 48 9 3 65
329 398 3 4 153
107 143 1 5 334
302 8 8 2 33
437 468 4 4 378
391 24 9 3 52
70 453 10 4 828
428 250 1 4 87
427 93 5 3 29
235 500 4 2 18
476 259 6 4 639
140 144 8 2 26
373 167 3 4 107
413 463 9 4 228
100 419 4 4 372
67 49 7 3 136
148 127 3 4 71
227 117 7 4 272
147 283 2 4 154
464 193 3 4 174
281 305 3 4 264
168 300 6 4 444
456 265 2 5 519
74 34 4 6 7900
228 497 6 4 135
84 178 1 6 2246
47 339 6 4 457
137 364 7 3 51
419 487 9 6 38296
497 260 2 4 70
432 171 5 4 236
104 329 2 4 98
16 90 7 4 443
14 244 10 3 118
56 483 4 4 116
175 2 7 4 419
151 442 6 4 284
372 443 6 4 241
460 285 3 4 77
372 171 10 5 2477
267 357 4 3 87
336 274 1 6 2378
235 63 3 3 36
279 71 10 4 448
251 475 5 1 8
440 88 10 4 295
169 453 7 3 40
172 264 4 4 196
51 471 3 4 292
503 172 5 5 1886
175 199 2 5 626
230 291 8 3 147
16 205 3 3 16
339 82 6 2 28
449 137 6 4 214
119 372 2 6 2362
499 126 5 3 50
485 290 3 3 19
181 127 5 5 2185
505 298 1 4 26
290 489 8 3 159
34 249 6 4 316
179 277 7 3 40
440 73 10 4 228
343 395 1 4 112
87 478 1 5 227
316 6 7 4 491
307 144 3 3 45
308 435 3 3 51
233 510 1 5 143
126 354 5 3 41
272 162 9 2 40
135 122 8 5 2815
365 389 5 4 272
235 479 9 3 49
125 110 4 5 1284
289 302 9 4 794
13 387 1 6 2141
345 228 4 3 52
10 105 6 3 78
311 286 2 5 791
126 229 2 5 346
286 221 7 3 152
171 11 1 7 12804
172 342 6 4 478
245 407 5 4 127
63 188 1 5 177
253 232 5 5 646
435 104 9 3 143
87 138 5 4 132
30 432 7 3 122
476 53 4 4 374
107 103 5 4 161
409 12 8 3 48
344 183 1 4 75
440 85 3 4 176
210 133 3 4 225
45 192 2 8 119476
352 234 10 4 418
354 440 3 5 490
28 170 5 3 50
281 2 4 4 205
361 251 10 3 59
35 364 2 5 744
433 81 9 5 1696
281 159 6 4 479
495 148 9 3 115
316 239 7 4 301
143 130 4 4 361
26 136 5 4 250
424 419 8 4 679
395 202 8 4 201
136 352 9 3 79
380 360 4 4 167
146 72 9 3 155
424 450 10 4 307
147 425 7 3 59
451 285 9 3 192
195 101 5 6 8597
457 177 8 3 127
81 208 10 7 163899
182 200 2 5 235
436 509 5 4 239
29 18 7 4 396
149 453 2 3 31
330 473 6 3 68
73 53 5 1 8
340 196 10 3 120
256 444 1 5 624
270 428 3 4 165
407 87 7 4 172
346 295 3 4 96
78 410 9 2 19
87 205 9 3 84
331 59 9 4 788
45 83 8 3 53
411 217 10 2 32
262 497 1 5 352
267 226 4 3 66
456 426 5 4 413
321 505 5 3 36
479 424 1 4 38
488 420 4 3 78
236 272 7 3 149
507 217 5 4 181
366 165 3 3 18
227 338 8 2 32
228 346 5 4 364
488 324 8 3 97
116 214 8 2 39
499 343 4 4 418
155 118 7 4 392
480 256 9 4 603
176 478 4 3 23
375 389 6 5 1225
139 438 9 6 7813
366 395 4 3 51
42 36 6 4 210
470 372 1 4 26
127 490 2 4 109
407 209 10 4 588
455 68 4 3 32
222 99 9 4 263
351 55 7 4 251
418 87 3 4 99
254 89 2 4 119
256 83 1 5 394
225 147 8 3 43
73 89 10 3 166
376 270 2 4 101
415 507 5 6 3484
414 382 6 4 155
319 321 4 3 38
257 29 1 6 4097
312 374 4 3 38
43 150 3 5 568
82 423 6 1 10
226 280 8 3 54
125 299 4 6 5978
202 220 7 6 5559
290 116 5 3 101
130 118 8 3 96
358 76 7 5 1787
243 500 8 4 386
163 155 7 4 234
445 227 3 3 65
240 177 6 3 65
299 246 3 5 680
347 136 2 4 167
211 323 1 5 122
318 227 9 3 58
174 222 2 3 16
35 492 2 5 909
441 58 2 4 47
196 346 3 4 243
511 236 4 4 114
485 390 6 4 471
104 59 8 6 32419
479 450 5 5 3334
138 5 10 4 845
37 172 5 3 57
138 363 10 3 104
242 4 7 4 570
482 154 3 5 606
149 188 5 3 49
99 460 1 4 62
425 450 10 4 236
357 26 5 4 353
161 115 1 4 89
381 37 7 4 475
132 19 5 4 175
187 142 1 5 460
491 238 3 4 83
159 315 3 5 1806
210 320 9 4 802
412 304 4 3 82
455 221 6 4 293
206 67 4 4 187
49 231 8 4 378
148 56 8 4 795
418 274 6 4 373
101 374 7 2 19
262 368 3 4 85
508 424 1 4 88
337 46 10 3 117
509 305 10 2 22
204 60 10 4 344
96 195 8 2 24
339 139 8 4 257
437 348 9 3 48
121 269 3 3 55
246 328 8 3 96
484 17 5 5 1078
69 250 4 5 1173
402 7 3 3 65
129 389 2 5 538
119 123 6 3 91
197 210 5 5 1383
363 165 1 5 165
87 5 4 4 102
221 486 4 3 77
247 221 8 3 78
413 265 3 4 67
111 499 6 3 58
448 258 7 5 1764
49 166 2 6 1523
110 115 5 4 419
26 425 3 6 10058
72 204 10 2 42
315 355 1 4 90
189 99 2 4 66
509 155 5 3 60
483 167 6 6 11473
82 471 10 3 159
145 45 9 5 2716
297 442 2 5 476
55 250 2 4 98
288 110 5 2 22
445 503 9 3 74
503 235 5 4 166
332 103 2 3 11
489 487 7 4 324
127 123 2 5 530
358 357 7 3 53
330 332 8 2 22
501 372 8 5 1953
253 133 9 3 147
78 174 6 5 1052
337 445 3 3 39
85 334 1 4 49
498 277 9 4 252
210 80 10 5 1270
42 223 2 5 534
168 27 1 4 44
160 87 2 3 34
55 270 1 5 129
36 223 5 2 9
314 10 1 7 11336
410 213 6 3 78
484 485 4 6 7473
309 28 3 2 14
10 219 8 3 56
69 297 4 7 24294
18 402 7 5 794
457 206 10 3 72
319 504 3 3 34
401 246 6 4 187
422 501 8 6 6554
26 11 8 3 64
245 501 7 4 345
211 451 2 3 26
7 275 4 4 101
293 502 8 5 1352
340 55 4 3 45
385 449 6 4 483
474 142 5 3 55
186 407 5 4 222
116 149 8 3 55
83 372 1 5 126
228 281 9 1 12
265 65 7 5 973
230 241 4 4 99
435 123 8 3 54
288 386 6 4 255
497 427 9 2 39
452 23 3 7 27305
256 360 7 4 166
227 132 8 3 45
352 378 5 4 179
294 84 9 5 4177
434 225 9 4 206
26 289 2 5 684
415 461 5 3 44
231 103 6 5 764
58 371 5 2 11
109 176 5 5 1955
445 329 8 3 148
255 165 7 4 229
219 451 8 2 20
162 205 9 3 101
491 62 6 3 81
7 308 7 4 216
18 332 6 3 55
76 390 3 4 330
197 166 7 1 12
235 507 1 5 117
116 328 7 4 621
197 207 5 4 559
109 115 9 5 2064
412 293 10 2 36
350 270 7 4 231
112 330 4 4 248
94 410 4 4 381
244 108 2 4 166
430 322 9 3 68
38 287 3 6 3035
413 145 9 4 875
132 195 6 3 86
366 374 2 4 68
276 123 6 3 35
72 257 5 4 163
83 370 9 3 121
94 1 2 4 132
125 184 6 4 187
322 156 8 5 1180
427 192 6 4 268
107 214 8 6 8838
399 122 2 5 1323
121 386 5 6 12568
219 414 3 4 70
430 401 8 4 183
363 468 1 5 329
209 498 10 4 238
481 116 5 3 90
123 216 4 8 197419
377 330 8 3 100
450 12 10 4 666
432 20 4 4 124
470 270 1 7 30482
337 139 4 4 209
301 389 1 4 70
135 200 6 5 849
159 50 9 4 561
359 397 8 6 21294
33 149 1 5 374
136 288 2 3 44
413 16 10 4 832
463 182 6 4 193
198 105 5 4 118
49 140 5 4 167
33 261 3 4 85
305 456 8 4 179
349 1 10 3 89
504 327 1 3 20
286 335 4 5 1740
283 48 7 1 5
60 394 9 3 101
227 316 8 3 51
436 460 9 2 47
88 61 10 3 150
100 508 1 4 106
477 260 2 5 1160
153 235 8 3 52
315 224 7 3 111
418 362 3 5 426
349 509 5 7 122410
35 59 2 3 28
77 252 10 3 82
461 97 3 3 20
411 182 2 4 114
509 70 4 3 28
184 381 3 5 1601
316 475 4 4 163
199 51 2 4 160
239 85 5 3 98
495 137 9 4 204
178 75 6 2 31
49 269 2 4 122
473 106 9 4 319
276 111 2 4 117
441 332 4 3 37
205 450 1 6 697
65 173 10 4 249
154 383 5 4 129
63 404 9 3 149
171 161 8 2 34
118 224 9 5 1760
435 190 4 3 77
108 470 8 4 282
463 209 2 5 1384
147 93 8 3 140
120 408 2 6 5634
370 455 2 8 251843
238 401 8 3 62
376 455 9 3 143
468 266 6 3 79
282 469 10 1 15
200 118 4 3 35
239 435 4 2 18
29 477 8 5 993
183 3 3 4 104
232 241 7 4 406
160 491 1 7 8933
384 176 8 3 67
303 407 5 4 219
244 2 8 3 59
90 477 4 3 25
269 160 3 4 133
9 255 7 3 128
500 323 9 5 1953
226 17 3 5 948
162 100 5 3 105
442 354 6 4 359
254 56 9 4 602
177 70 4 4 99
283 413 2 5 708
467 303 9 5 2921
506 52 3 3 45
402 315 3 4 249
44 66 10 3 116
205 376 10 3 62
78 375 2 3 37
45 468 9 3 121
300 11 4 3 34
288 143 5 3 32
238 91 5 4 154
423 101 10 3 74
159 455 3 4 154
46 77 2 5 331
438 456 1 5 358
168 438 5 3 40
228 205 2 5 393
60 109 7 4 374
97 31 7 2 29
56 135 6 4 239
215 138 3 3 62
305 446 4 4 114
195 390 2 5 513
181 508 9 4 961
511 454 9 1 11
388 279 9 5 4240
13 343 8 2 32
132 121 8 1 10
420 165 3 5 355
279 398 7 2 23
334 466 4 6 14691
76 96 9 2 31
397 429 5 2 23
271 172 2 5 924
297 357 1 5 254
398 305 1 5 268
266 449 4 4 294
380 322 2 4 73
511 252 2 2 9
412 136 6 4 360
273 453 4 3 43
440 111 9 5 1110
88 261 1 5 119
40 321 3 5 1102
221 370 7 3 114
200 348 8 1 7
141 425 8 3 67
461 442 2 5 393
496 325 8 4 462
504 467 3 4 98
148 320 1 3 9
274 53 9 4 426
133 312 4 5 2100
166 318 8 1 14
326 491 6 5 2782
131 60 5 6 4679
336 448 7 3 149
392 136 10 4 269
64 75 4 4 188
211 433 8 5 4353
405 393 2 5 630
415 14 4 4 113
475 69 9 5 1076
125 335 2 5 516
481 214 1 5 275
125 1 3 5 1218
345 352 10 6 12290
511 191 10 1 13
398 405 5 3 103
204 231 9 4 650
61 220 1 5 470
359 498 2 7 19939
413 159 9 4 507
4 62 1 3 7
458 351 9 3 104
218 325 3 4 136
184 488 8 2 27
131 327 5 4 115
29 210 6 4 135
74 138 10 6 14414
48 333 6 4 159
110 339 6 3 58
408 186 6 5 804
340 441 10 2 42
251 446 3 5 817
31 254 10 4 518
336 79 3 3 40
111 375 6 4 250
199 351 10 4 262
258 429 1 6 1025
503 484 3 4 323
152 452 2 4 97
247 166 5 4 129
460 442 10 4 330
81 489 1 4 75
91 476 8 3 141
202 449 6 5 1184
137 230 10 4 348
147 127 7 4 437
229 424 1 5 194
462 27 4 4 269
387 140 5 4 123
322 160 2 4 119
177 218 8 4 296
53 275 5 4 123
268 37 8 2 23
330 88 8 3 70
107 462 2 5 580
508 252 9 3 111
343 78 3 3 50
385 88 7 3 147
403 66 5 4 122
424 490 9 3 181
266 293 1 4 38
177 182 8 3 154
149 4 6 3 63
423 324 10 5 3127
504 180 1 5 631
457 115 1 6 2825
493 85 7 3 50
257 240 3 3 31
470 36 2 5 775
179 507 4 1 7
473 504 3 5 427
125 304 8 6 28068
363 434 10 3 66
175 87 6 3 86
183 464 10 1 6
186 482 3 3 46
146 458 5 3 100
51 209 10 4 877
413 464 6 4 663
331 130 1 8 272355
194 161 3 4 102
345 204 8 3 87
342 194 5 4 481
10 115 6 3 60
160 432 2 4 72
215 229 6 6 6326
484 191 2 5 1093
41 250 9 1 12
339 86 8 2 41
244 91 2 4 87
61 236 9 4 226
190 394 9 5 3310
125 6 3 4 117
508 205 9 1 14
248 408 1 4 57
411 280 3 7 30110
262 392 3 5 1475
400 392 8 4 605
386 265 7 3 55
174 34 9 3 114
96 121 3 4 105
263 96 3 7 28199
410 447 8 4 689
306 460 9 2 44
191 279 3 4 167
35 83 3 3 41
192 242 2 4 190
369 247 9 4 353
350 153 3 5 818
479 274 1 5 233
26 418 6 3 60
301 269 2 3 43
390 181 4 4 159
316 65 3 4 88
85 146 10 2 52
356 361 3 3 37
241 163 7 7 200975
284 239 5 4 180
364 384 3 6 10425
70 284 10 4 248
248 479 7 5 1059
483 142 7 3 114
38 189 7 3 130
407 298 8 3 104
285 240 4 5 891
22 131 6 4 143
427 98 3 4 125
293 274 9 3 75
119 489 1 4 52
332 489 10 4 512
283 245 8 4 200
358 491 4 4 173
283 272 6 2 26
162 72 4 3 23
207 259 10 4 224
246 89 7 3 138
359 59 8 4 395
71 492 2 3 20
39 234 5 4 515
297 212 5 3 107
256 326 2 5 328
400 423 3 5 876
418 165 6 4 166
461 334 10 4 540
451 500 10 3 194
63 480 9 6 6308
276 339 1 3 9
141 172 6 5 3825
299 64 6 4 179
93 402 9 4 440
90 165 3 4 171
433 169 9 5 3504
445 468 5 4 348
367 36 10 3 140
375 508 8 2 24
225 288 5 4 470
82 296 8 3 60
156 481 7 6 21678
366 8 3 4 89
100 420 9 4 203
264 109 1 4 52
92 14 8 3 145
134 35 1 5 138
414 441 5 2 16
187 57 2 4 57
42 133 9 3 137
473 266 8 2 17
458 119 2 6 2700
192 360 8 2 20
94 81 5 4 150
216 13 4 4 228
76 173 1 5 300
120 454 6 3 96
343 60 6 3 34
192 460 9 4 221
184 465 5 5 855
69 61 5 6 23949
487 247 5 5 831
266 308 9 4 429
423 257 5 4 119
421 192 2 4 95
143 98 8 6 17797
89 380 6 4 161
228 398 4 4 96
312 208 5 5 2513
51 506 1 5 152
373 53 3 5 689
494 121 7 5 3784
329 228 10 5 2665
86 229 2 5 1064
476 119 2 5 551
76 148 2 5 235
58 21 2 5 547
443 33 2 5 600
233 353 5 4 220
141 25 10 4 487
195 58 3 3 29
287 178 4 4 107
181 421 3 5 377
419 33 8 6 17985
386 116 9 4 211
163 39 2 5 235
185 33 6 4 162
185 471 4 4 252
186 5 8 2 41
452 308 10 2 28
382 35 5 2 17
172 211 1 4 48
260 59 5 3 48
333 111 9 1 5
57 59 3 6 5362
202 115 3 4 92
141 195 2 4 171
510 426 8 5 3806
444 365 4 5 484
39 406 2 4 199
115 421 6 4 263
317 45 5 4 247
161 54 9 4 755
459 283 7 3 92
299 249 7 5 1558
3 507 6 2 30
229 428 6 5 1012
29 73 7 5 1365
330 30 3 5 429
398 118 4 5 517
223 402 9 3 67
158 29 5 4 123
235 346 1 5 154
361 212 10 3 181
112 326 10 3 81
345 235 6 4 199
358 223 4 5 743
86 283 10 3 64
467 161 6 2 28
473 223 8 4 209
29 209 3 5 598
376 243 6 3 80
72 50 8 4 674
349 439 7 5 3156
308 170 5 5 1488
140 271 3 3 57
279 3 1 3 19
207 34 2 4 140
32 332 10 1 14
149 170 2 4 144
183 54 8 3 58
325 171 7 2 26
91 163 7 4 492
40 473 3 3 32
363 384 8 4 342
268 451 8 4 254
399 15 10 4 483
356 368 1 5 325
486 70 4 4 239
105 340 3 4 111
435 24 10 3 197
508 242 6 5 1256
417 254 3 3 62
386 441 10 3 87
89 423 6 3 113
390 24 9 3 105
504 122 5 5 836
186 208 6 4 211
70 485 8 6 13103
165 337 8 4 193
18 30 8 3 60
169 36 4 5 469
212 392 2 5 462
248 453 7 4 228
169 310 2 4 75
495 378 7 3 39
241 469 7 3 65
179 231 10 3 71
119 322 10 3 204
411 311 10 4 270
227 258 10 5 1684
160 45 4 3 48
463 202 3 4 143
208 153 8 5 3095
140 420 6 2 26
198 185 8 2 24
154 510 10 2 28
314 121 4 4 93
251 401 3 5 1130
100 409 7 2 28
112 412 2 4 70
28 505 8 3 80
296 137 8 4 212
495 323 1 5 334
43 180 1 4 32
159 171 7 3 48
109 281 3 4 70
232 145 5 4 278
381 27 10 5 5505
140 401 7 3 152
103 320 10 5 6021
86 459 7 4 387
489 382 2 3 42
185 52 2 4 103
127 172 3 4 83
456 357 9 3 50
355 326 1 4 51
9 219 4 6 4146
160 508 7 3 137
303 177 8 4 551
463 456 9 4 390
163 224 8 4 311
233 28 7 2 26
142 354 5 3 32
269 336 7 4 174
258 44 4 5 1763
341 396 3 5 771
436 81 10 4 249
232 130 2 6 2675
60 340 8 3 116
145 318 2 2 8
487 498 5 4 388
165 470 1 5 161
123 193 7 2 24
128 495 7 4 158
465 349 5 5 1063
146 365 8 3 140
425 335 4 3 85
425 197 8 3 139
9 241 7 4 184
128 424 10 3 157
140 125 1 4 45
143 503 2 3 32
109 200 4 4 175
100 10 2 5 271
358 496 3 5 664
42 454 2 4 127
463 107 5 4 184
239 177 10 4 636
511 267 1 6 1616
498 163 2 5 479
281 392 4 4 308
436 508 9 4 684
270 121 9 3 176
289 495 7 4 157
327 260 9 2 23
288 510 1 4 69
13 86 10 3 101
484 104 3 5 807
76 320 5 5 2148
34 270 7 2 18
417 262 8 3 65
339 117 10 5 2010
310 380 1 4 66
112 259 3 3 49
26 406 3 4 130
255 223 2 4 220
45 291 8 4 202
225 344 6 4 170
440 106 7 1 9
143 484 6 5 960
354 419 10 4 317
419 206 1 5 239
119 339 3 3 18
226 436 6 3 95
439 497 6 4 189
194 26 1 6 974
100 262 9 2 34
77 56 7 5 4668
391 338 5 1 6
197 35 1 5 290
505 417 1 5 247
508 260 7 4 246
134 480 5 6 7446
209 492 4 5 2612
463 286 8 5 1559
121 55 6 4 171
94 58 3 3 59
174 474 7 5 2574
131 54 3 4 71
164 145 4 5 2418
288 487 5 5 936
310 363 10 3 172
79 402 4 4 132
178 332 6 2 24
3 218 7 3 38
70 382 2 4 164
331 321 10 6 28816
357 509 8 3 143
187 274 6 4 173
179 105 7 8 370968
292 415 4 3 48
153 385 10 2 19
98 383 5 2 19
250 191 6 5 737
80 417 1 4 111
165 178 10 4 313
296 247 4 9 1774859
66 366 5 3 103
185 205 2 3 39
39 301 8 2 30
495 509 7 4 163
324 396 5 4 156
484 215 2 6 5026
461 40 6 4 181
468 365 8 4 831
421 91 8 3 147
478 225 10 4 311
259 305 1 4 94
64 82 6 4 263
357 475 7 4 397
89 270 2 4 70
296 90 4 3 42
428 311 6 3 73
473 126 10 4 354
348 165 5 5 570
245 192 9 4 277
53 264 2 5 410
252 453 6 4 384
13 167 3 5 1081
245 367 7 4 415
65 488 3 4 234
178 501 2 4 72
55 321 7 4 694
217 504 8 4 300
280 176 2 4 98
472 426 3 4 80
260 434 8 3 101
54 13 4 3 59
118 10 3 3 63
164 315 2 3 43
203 425 4 1 6
460 428 2 5 336
106 164 5 5 771
342 261 5 3 98
343 26 2 3 44
188 194 9 3 115
501 128 7 3 74
265 301 3 4 307
106 340 2 4 154
449 100 5 2 21
25 280 9 3 106
