6313 1.8106537393757805e-06 
2145 8.874152958218052e-06 
4320 2.6279815741626493e-06 
7636 5.310718613160382e-06 
7243 5.689645021592682e-06 
4426 3.08353746434378e-07 
7274 1.2048709420255312e-06 
9269 4.83410819722488e-06 
3216 1.6331818111818318e-06 
985 7.413278349063323e-06 
4465 1.018159791329673e-08 
3643 9.842442630448416e-06 
9874 6.4924905861090195e-06 
1894 4.4373834823926083e-07 
2849 6.093581529020709e-07 
9436 6.244688942951443e-06 
3074 7.58278457480227e-06 
9316 5.290093723173511e-06 
7695 4.4847904577991945e-06 
8480 4.873603284508243e-06 
5420 8.598795440624936e-07 
5282 8.619456989345108e-07 
3081 9.623958262995194e-06 
746 2.240050556927113e-07 
3379 1.2193427321155894e-06 
4669 8.350723634193347e-06 
3037 5.918623558969971e-06 
3024 2.03767934381366e-07 
7518 7.323092349068907e-06 
9279 3.0201564254267294e-06 
4049 3.911812903701228e-06 
3909 6.887805028405174e-08 
8367 3.0734787982234293e-08 
9031 5.874860887885642e-07 
1866 1.5902919988178017e-07 
189 4.401619190956363e-06 
7412 6.416127387093496e-07 
8756 5.015127763057888e-06 
6601 5.288817290072064e-06 
1577 3.9373815343972016e-07 
3912 1.6376431698771064e-06 
4586 2.7881277517383747e-07 
3828 6.927619977853335e-06 
4271 3.760939287519269e-07 
8551 1.0651752066275985e-07 
7321 5.951825471388399e-07 
4436 5.081469084412374e-06 
394 3.542449412251231e-06 
4466 6.642489200278769e-06 
4401 3.1648900870792714e-06 
9428 3.824858198134152e-06 
5189 5.67111881363439e-06 
1549 4.323494773388783e-07 
3655 1.07678729436156e-05 
5991 1.3485913407854727e-06 
9333 2.848458894500427e-06 
183 5.445838214227519e-06 
2365 7.882577317535212e-08 
9659 7.166324465548619e-07 
1367 6.863037077604108e-07 
1899 4.446349377791744e-06 
8483 1.7066345094655846e-05 
1841 9.060239760929153e-07 
6860 6.198340851263606e-07 
3117 8.412559510985462e-09 
4367 9.345343850395188e-06 
8289 1.1741067456580274e-06 
2184 1.9115803817122187e-06 
7754 6.037475946165695e-06 
8764 2.3441795961650525e-06 
9648 8.524798266426134e-06 
147 7.770992228872604e-06 
3003 1.615267953720685e-07 
1615 5.279653913028721e-08 
8637 2.2005295554847892e-06 
8333 5.062727459691027e-06 
9909 2.053892375932589e-06 
5421 5.6278570942586495e-08 
117 8.905080254891254e-06 
4720 4.245857935233653e-06 
2090 1.106688865548655e-09 
1432 1.639185876468618e-06 
2811 1.6111666182195422e-08 
1286 2.145344937414744e-06 
3681 9.883617686306617e-07 
8938 1.1661927358607297e-05 
6788 4.783428972153262e-07 
2622 5.893554557591351e-06 
6520 7.353506049169102e-06 
1592 1.151592576759434e-07 
1073 3.7713266548671154e-06 
3940 1.2763851331095734e-07 
5587 1.3360079847542987e-07 
7989 4.364320941153781e-07 
7968 5.147972652161375e-06 
727 5.701784143478939e-06 
5442 5.729430219293811e-06 
3818 5.615675219661164e-06 
4825 5.00688662861885e-06 
3441 3.9480909411033723e-07 
9556 1.4050312764846617e-07 
8612 7.217557260375982e-08 
3939 8.820192170343115e-07 
9168 3.1838004754214887e-07 
3347 3.1750478089949324e-06 
1836 6.187679674738131e-06 
9116 2.0693242800791e-05 
1651 3.679773903613483e-06 
8877 6.94923877849857e-06 
1606 3.2276894309710204e-06 
524 5.2665902182719005e-06 
7201 1.9549133093032315e-06 
8910 4.2233798664515606e-06 
2764 5.6036270834198125e-06 
7649 4.14489769018793e-06 
9523 7.85905448012513e-07 
201 1.5488524520934307e-07 
2537 5.670552018275319e-06 
5716 4.444293416364799e-06 
623 7.862923011060311e-07 
2912 4.60422657820261e-07 
1078 3.763804072404143e-07 
8574 3.4276318969970464e-06 
9682 8.801831397159084e-07 
7699 2.5931634807215345e-07 
1939 3.76172817050666e-08 
3203 1.3365315821567132e-07 
6799 6.5815085901188155e-06 
8599 2.836709716271874e-07 
4542 4.153927064538647e-08 
8673 2.3985334495988926e-07 
6485 2.175633696203244e-08 
5833 1.2455255326944217e-05 
5321 7.12985984694975e-08 
6552 1.7347158112865067e-06 
9367 9.51471354714853e-06 
2315 3.265352155226546e-08 
523 6.39055695685211e-06 
6637 7.813548132115585e-07 
7093 5.57380456334109e-07 
4709 1.9737000761793356e-06 
1900 7.890114913361323e-06 
3286 6.257715213137448e-06 
8274 1.1692589493234353e-06 
9538 2.1072453774202483e-06 
5194 5.3020121753351735e-08 
975 2.151303812002181e-08 
4822 6.660878519523873e-07 
1390 3.436938553666773e-06 
3943 1.145452841745327e-06 
8681 7.684832238465266e-07 
8833 1.6659864292667794e-06 
1672 1.0509802378533594e-06 
8579 4.363462360596374e-06 
9127 2.2570163951842305e-07 
5920 1.4532915241828095e-06 
8314 5.045128191095722e-08 
2690 4.505317007727765e-07 
4509 3.120836092381375e-07 
1183 1.4261300752365176e-06 
2966 6.406765177650724e-06 
7453 1.4818884406083083e-07 
496 5.729676737330756e-06 
3087 7.205070155915118e-07 
3149 1.5448846346516353e-07 
6726 4.567410753720993e-08 
4461 3.345161143820375e-06 
6008 5.458891174247679e-07 
8409 9.310331186979707e-06 
2606 8.569278562724257e-08 
7361 2.543934623058829e-07 
1946 8.254671959506878e-06 
2179 5.121455218955163e-07 
8128 1.6450770550240117e-06 
5827 1.3709838914156418e-06 
3196 4.128250391231971e-07 
3261 6.152957314217457e-06 
1482 2.736104915325502e-06 
7796 3.2774719711090483e-07 
98 1.9898310861604817e-06 
35 1.4497559558076557e-07 
9713 1.980274344679481e-06 
1006 4.302172798641087e-06 
6828 3.031004603577114e-07 
9064 2.2826580496767505e-07 
8661 3.185904758425113e-06 
9056 4.600354110558087e-06 
798 8.970358509810669e-08 
1528 1.6922588809263972e-06 
5002 1.7560477920781012e-05 
2970 3.4693581179123576e-06 
7536 6.436469486312434e-06 
6559 4.1959177999662586e-07 
8775 8.468569963347262e-06 
5193 1.8135846908441666e-08 
7788 4.2878908493454524e-06 
7897 7.86211566348798e-06 
8331 4.351826207502522e-06 
9559 1.0270995680629239e-05 
1457 5.006237353286277e-06 
4990 2.9069061830976605e-06 
2730 3.8420850434292315e-06 
7478 4.386037244077871e-06 
9278 5.628845381498848e-07 
6758 5.48239279943311e-06 
3406 5.838207758026915e-06 
3996 4.911001840577854e-06 
6457 2.1397043299811326e-06 
3375 7.025873787192161e-06 
9688 4.7579834018805664e-07 
5009 3.429091205970489e-06 
8296 1.5111668956513635e-05 
3313 4.600840099877367e-06 
6940 2.8631712969146e-06 
3198 1.6976747190208985e-05 
3156 4.598229293483491e-06 
1567 6.007046526052133e-06 
9120 7.146593615951796e-06 
7664 8.64552799933632e-06 
1807 1.126103316406773e-06 
6097 8.838169241662789e-06 
9104 1.4123757406949754e-05 
2797 2.856003229046674e-06 
2524 3.923466358269706e-06 
6215 3.882741630963298e-06 
605 4.7720459705222033e-08 
5135 1.0659669189231525e-05 
5643 3.959900791855147e-06 
4832 1.270590028733052e-06 
8338 6.1448854974833336e-06 
7656 5.055665184389783e-06 
220 1.1269690561961296e-07 
7188 2.3301731359723945e-06 
4775 5.648533281224949e-07 
728 8.080289973839039e-07 
932 1.5428060426425638e-09 
6040 5.6405348748829985e-08 
9057 2.104795543780326e-08 
1717 1.846494445394215e-05 
6044 2.3536607158973542e-07 
2419 4.242946739726015e-06 
9942 3.679145241376354e-06 
1304 6.135021974794591e-07 
2637 4.866363781416648e-06 
726 3.692000965778257e-08 
6786 1.4121518079740684e-06 
6103 1.479132683432947e-05 
9706 4.2712639610486876e-06 
4409 4.714607447882774e-06 
5794 7.97089780057318e-06 
5208 1.1940047126200672e-06 
5954 1.733468458497073e-06 
8790 9.663992042542656e-07 
3823 4.48572214733326e-07 
2625 1.2942846301417806e-06 
3483 7.112367339665958e-06 
7863 5.4022453165376594e-06 
3543 2.4606177678215986e-07 
5754 4.0560977366576155e-06 
2253 1.248863959219215e-06 
9100 5.033842437867992e-06 
907 1.8267471615964468e-07 
6280 4.0938922020560585e-06 
1566 1.891866381495828e-06 
9703 1.1437086554632418e-06 
2038 9.693722871870391e-06 
2155 6.09739308393375e-07 
9769 2.243423695967063e-08 
3345 3.282145566367269e-07 
1064 5.7051852155878776e-06 
7221 2.807930143968089e-06 
8224 1.8694113774472354e-07 
4956 2.50850290061389e-07 
5639 1.2072883314633368e-06 
3708 1.7670224084577512e-07 
3535 2.067533114482053e-06 
3944 4.1372990466171993e-07 
961 4.267952441464711e-06 
307 5.640336624195214e-08 
7291 5.244383331658456e-06 
8690 1.807304496346702e-05 
6740 4.346971110628342e-07 
5630 4.058346135959763e-06 
7384 5.865234679739277e-07 
7200 6.708705163868092e-06 
6801 5.344636400036193e-07 
1586 3.0286284417868625e-09 
458 7.984915591994544e-06 
306 1.4364621326077427e-06 
1089 8.848875001117285e-07 
3464 9.039732416628813e-06 
3455 8.301884485570821e-06 
7679 6.476352401497723e-06 
6327 7.725315136679547e-06 
6663 3.4189444596200087e-07 
132 6.771746622260457e-06 
3623 2.232640387354268e-06 
7913 2.4683031048463883e-06 
981 7.3791881622047e-06 
4172 2.186927963096283e-06 
9258 5.6694846417451e-07 
4215 9.004807651640225e-07 
2527 3.296349481795681e-06 
425 7.022966172969634e-06 
1151 3.109618857835637e-07 
825 1.9877259457050516e-06 
8320 2.2540939321975227e-06 
96 7.46568476819562e-06 
55 7.550431250489238e-07 
5488 1.349766475898762e-06 
7671 1.2571468732846002e-05 
2214 1.555271266965231e-05 
6341 3.1340582249755595e-06 
3911 1.097277773695897e-06 
8160 5.3273914870147716e-06 
1120 1.0440611017332948e-05 
9643 5.892968727577719e-09 
1959 6.298968762314143e-08 
3656 6.929912750420101e-07 
4529 1.4490404050921876e-08 
9901 1.2126592447034043e-06 
3917 2.935335744249368e-06 
9252 7.455422832043646e-09 
5084 5.6523914740966436e-06 
2989 2.0202772588620308e-05 
4892 6.034659054757355e-06 
7312 8.602283306362944e-07 
6078 5.710928627851683e-07 
2229 5.2941846613025e-06 
3978 8.805522519779887e-07 
656 6.046090687692237e-06 
1710 2.596468495134171e-06 
4388 1.599627542513491e-06 
4368 1.4597096937611566e-07 
4433 1.1025292682292909e-08 
5792 1.0644305291594883e-06 
5697 6.8291784514085634e-06 
153 5.412348804902952e-07 
6312 4.934679459608603e-07 
2462 3.3217219219626166e-07 
1669 2.234765115831976e-06 
3305 8.699155653498412e-06 
2802 1.5833956278455628e-06 
359 7.395281198516979e-07 
7197 5.313821234127856e-08 
3144 2.642764084800171e-07 
9224 1.0354055840103157e-05 
3557 3.611956858464387e-07 
80 9.647935027909772e-07 
1542 4.883146662952847e-07 
1211 5.792158298892894e-06 
9980 5.553315018569383e-06 
10 9.95091624056327e-07 
2061 2.863931180174719e-08 
2744 1.5330356900600623e-06 
6976 3.5849948264584245e-06 
772 4.690379589508339e-06 
3578 2.516346937607194e-06 
3819 1.795192036412487e-06 
4716 1.3184048807334762e-07 
9904 6.403017710085589e-06 
9372 3.6430152438128493e-06 
8465 9.201069211747894e-06 
8441 4.3295910296414136e-06 
702 1.9729857078361421e-07 
8412 8.94931987073435e-08 
1237 5.962971615028423e-06 
5971 7.309816230610561e-06 
2604 5.460775333103825e-06 
546 5.019712429750831e-06 
1473 1.0678881596239461e-05 
3500 5.631926905423257e-06 
978 9.525111094788076e-06 
2988 5.98709476824185e-06 
6360 1.1585766417853618e-06 
6111 9.66233779959391e-07 
2740 4.522877765158508e-06 
1165 4.4051604274173047e-08 
3592 1.1962254960118857e-05 
1518 4.27651174994397e-06 
3678 1.9491544253700383e-06 
2843 6.510222503107834e-07 
819 3.6742106681018113e-07 
3581 1.5843121872528485e-05 
3132 4.043202949171986e-06 
3631 9.22100643497431e-09 
6854 6.241750424516919e-06 
6539 9.90049247329422e-06 
8260 2.4376390431586294e-06 
8490 8.517262268541821e-06 
9383 4.603734225285276e-07 
99 6.254048196828001e-06 
7354 7.079145041648848e-07 
7628 6.631472784140774e-07 
3542 3.685245925193179e-06 
5271 3.052612299893863e-08 
6685 2.0393550201279454e-07 
4296 3.178512633726215e-08 
7685 5.902126533308908e-08 
7180 1.1110407755153529e-06 
6649 7.0248289053843795e-06 
7569 1.2133390132529256e-06 
5932 3.0477799656540745e-08 
8905 5.460120359837869e-06 
9542 6.353245642643567e-07 
3616 4.4602410497388527e-07 
6657 2.4142221006058723e-07 
1559 4.262255570422846e-06 
4734 6.82405218262504e-06 
9503 1.1606445284522586e-05 
4583 2.3661326535974816e-07 
8546 9.800149483512937e-07 
5062 1.8900813042731697e-06 
1251 4.310271644791755e-06 
1428 4.4933501748386964e-07 
4757 8.241124063159896e-08 
3389 2.8677239160301294e-06 
764 9.425090763353795e-07 
8243 1.0062262452040731e-06 
1847 3.6627433322856777e-07 
243 1.1805834831506496e-06 
8140 4.254369817072619e-06 
2475 2.1975073454747624e-05 
4761 8.542201647714057e-07 
4403 9.650642340568096e-07 
7376 4.963863283263745e-06 
2390 8.595149214688262e-08 
8022 2.4100877342790624e-06 
4690 2.628841034068646e-06 
4056 3.5325420845444544e-08 
5293 4.893039129152905e-06 
8716 2.0856498168602376e-07 
9756 8.514361232322358e-06 
3217 7.046376656183931e-07 
2992 2.0395445568222513e-06 
8623 1.0928611457851692e-07 
1092 5.032625807047773e-07 
5620 3.0011230518953534e-06 
2174 1.0473321880528068e-05 
2870 5.004511526384821e-06 
645 5.804185615719171e-06 
9194 3.3801227587322547e-07 
7498 6.56827678914965e-06 
4827 8.42019103220636e-06 
1444 4.444059469318291e-07 
6167 3.3852259746250034e-06 
9847 1.1579703875360587e-05 
2612 1.0495947436829281e-06 
6918 8.266053353949776e-07 
542 5.0344061061650685e-06 
7203 1.7737358771600495e-06 
8934 8.73210914611001e-06 
9143 1.7334350038127106e-06 
5364 1.9801375146580185e-05 
5695 1.4415256752213718e-07 
7807 1.2373965088261299e-05 
4803 1.4500525556768867e-08 
5758 5.947673229969455e-07 
1890 7.507024128256583e-06 
1197 2.613192094410618e-06 
9881 1.5735644176406157e-06 
9669 5.533202925970369e-07 
9126 1.6589875245823375e-06 
3223 1.3722176636409562e-06 
9687 1.2944949232712381e-05 
3092 2.657879345587848e-06 
9442 1.8400993359837417e-06 
319 9.702804148721891e-08 
2244 1.2871290493120875e-05 
6424 2.2083578723326692e-07 
3511 2.2426945734116947e-06 
5252 2.2625706242188914e-06 
7718 3.276860180084256e-06 
9872 7.806146436414738e-07 
4763 2.4050504017296935e-07 
2391 5.552262553190835e-07 
7206 3.932387886861e-06 
477 5.672676155916062e-06 
6528 6.497818673451083e-06 
1483 3.7659111782915364e-06 
4238 9.702062414580167e-07 
8202 5.554487022973299e-06 
818 1.1277286488702628e-07 
1546 6.587269262481381e-07 
662 9.816851914264809e-06 
8651 3.3075515118016475e-06 
8291 7.882683724996626e-06 
6198 1.8980686499603513e-07 
6921 1.654347329678075e-06 
247 2.0856504370135634e-06 
1088 7.974155725521456e-08 
1830 7.168268600755189e-06 
5146 1.914515241024756e-06 
5675 1.3119349301583444e-05 
7947 3.426213322280962e-06 
5979 3.950234859004909e-06 
6778 5.5626701607979206e-08 
5528 9.82402867099183e-07 
5908 1.5916690419470186e-06 
2108 5.940142725783719e-06 
215 2.1284061934142996e-06 
3601 1.2972303854719425e-05 
6623 3.102320765044055e-07 
646 1.3805421798260777e-05 
7623 1.1401425315200229e-05 
1436 2.0061973986896598e-07 
9122 9.602011414629801e-06 
1139 2.2401053383124328e-08 
9345 3.698551181002628e-06 
5889 6.6632190311700056e-06 
2649 9.738832335619068e-06 
6679 2.463499652579336e-06 
3234 1.0855114866092017e-06 
4788 3.0298490492563356e-06 
5091 4.865395764713009e-07 
2467 4.054199018502496e-08 
7620 1.1752627905982707e-07 
8726 3.4859274386198457e-06 
415 7.818234810395681e-07 
2482 2.635841981495611e-06 
2852 5.394307355120845e-06 
4697 1.172359155610415e-05 
731 2.3409132610672286e-07 
6184 3.564822119686464e-07 
9897 1.3748053372675092e-06 
683 2.3129683185146193e-07 
2751 2.0119411706451132e-07 
5480 1.4992168451957144e-05 
7265 1.898777638614812e-07 
8258 4.140541914782631e-07 
5791 1.2002234758961875e-05 
9450 5.723493424951383e-07 
8067 5.394588573683825e-06 
4390 1.239944856032248e-05 
9392 6.126351920738929e-06 
2417 3.3218275110738812e-06 
2282 2.264985800441292e-06 
649 1.2858381610337806e-05 
6690 6.194682305623708e-06 
9146 2.9520779724610834e-07 
9565 4.0287891715422655e-07 
27 1.0411164450994508e-05 
3728 7.812230545753179e-06 
5549 1.6870857464640293e-06 
5637 4.330683599572491e-07 
7142 1.6276088746284808e-06 
5491 8.823427375109811e-06 
3898 1.3036372610650818e-06 
3482 1.43254469479822e-06 
1757 1.8570477287555615e-06 
4749 4.761850269334435e-06 
3641 3.761958837669683e-07 
1408 8.855185153694848e-07 
2075 4.214129996306265e-06 
5187 1.301626351105652e-05 
4282 8.778533365072916e-06 
5261 1.1059155282431868e-06 
8713 2.3335077501188456e-06 
6853 5.782086535260911e-09 
8550 1.2662306680174401e-08 
1388 5.987342765675918e-09 
7793 1.276767372992277e-06 
9729 5.189832296408128e-06 
674 3.44418843622001e-06 
1157 1.1494666041452028e-06 
3118 2.7498446955594267e-07 
3910 9.307995867953298e-06 
8925 1.4980453128611716e-06 
9943 3.047201541111111e-07 
9131 1.3400924330859209e-05 
15 1.5133404047127596e-06 
3757 3.441964874821503e-07 
1084 2.7089448142942336e-06 
3948 2.5537380011715427e-06 
1982 2.210501668971234e-06 
4725 4.143518056149487e-06 
4654 6.022890063874268e-06 
7976 5.751792374876521e-07 
2279 5.272072403705522e-07 
7465 1.1842294605272118e-05 
4814 1.2462989315796811e-05 
6266 7.53843293418692e-06 
3977 4.828027335016437e-06 
8092 3.7357859303211935e-08 
3666 4.531657121469726e-06 
5142 5.06970341391434e-06 
6490 1.3346705410683605e-06 
8284 1.1951760183733095e-06 
7943 5.0143577255438405e-06 
4151 1.3189031809087413e-07 
2047 8.363136612301645e-07 
1355 9.862597832467402e-06 
9355 7.9813219358192e-06 
6908 9.681206110158831e-07 
8468 6.951481456149896e-06 
3908 2.7747328393492098e-06 
8124 4.697818660279215e-06 
7953 5.755986198939503e-07 
3523 4.5703419010955753e-07 
5072 2.3710690531877384e-06 
8509 1.8475616649951491e-06 
6995 2.679800011512612e-06 
5436 2.3355878491636853e-06 
4893 3.154028709304767e-07 
3300 1.108321835082703e-05 
4300 4.420159288934226e-06 
6914 6.642979372213734e-06 
1213 5.6297462869863886e-06 
9970 4.73143089730709e-06 
7168 1.1539005787056753e-06 
647 1.900674600370042e-06 
9830 3.19159309462413e-07 
2663 1.0407625673055152e-06 
745 6.106037772468161e-06 
1827 3.0244724394763104e-07 
269 4.557847669574448e-06 
1501 3.7199396827475213e-06 
3769 2.0095297439959303e-09 
9858 2.531404757059488e-06 
7935 5.688206480252821e-07 
6998 7.98881049003436e-06 
3034 4.872808692578889e-07 
8380 3.298750818045489e-06 
7822 9.878300244632598e-09 
3444 5.872298012795922e-06 
5883 8.719884476123874e-07 
1058 1.0135009287995073e-06 
3922 2.5699911292880626e-06 
3033 2.0203882351854663e-09 
610 2.112289593631081e-07 
4000 1.969709725185842e-09 
5322 6.32169847248228e-06 
1885 4.638853091570879e-06 
4344 3.91398468597604e-06 
8868 1.0343237672166133e-08 
9295 7.05189018362602e-06 
7493 1.1315328296097067e-05 
3078 9.401523037579185e-06 
2866 5.885767493232761e-07 
9467 2.8562684420089656e-07 
