1 2 4 3 87
1 47 6 6 6206
2 31 3 5 419
2 35 8 3 129
2 406 9 5 3645
3 4 7 8 284300
3 5 5 7 73063
3 26 6 6 5423
5 57 7 5 1906
15 16 1 7 21682
15 36 5 3 107
16 25 2 6 9513
17 18 9 6 18207
17 36 3 6 4566
18 33 7 4 280
19 20 2 3 14
19 21 4 4 167
20 142 1 4 46
20 148 1 5 691
21 22 6 6 4340
22 23 3 6 2494
23 24 1 5 260
24 25 6 3 91
24 28 9 4 704
26 27 7 7 34750
27 29 5 5 994
27 30 3 5 603
28 29 4 4 208
31 33 3 7 15828
32 33 10 8 626386
32 34 3 4 115
32 69 8 3 150
34 35 5 3 67
34 73 4 5 966
36 37 6 3 73
36 75 1 6 1763
37 52 7 6 12207
37 43 1 3 11
46 47 5 8 1194639
47 448 9 6 17828
52 67 7 3 51
53 54 7 4 601
53 59 1 4 92
53 418 9 4 647
54 163 6 3 93
55 56 4 4 451
55 59 9 3 48
56 57 2 4 80
56 66 1 4 74
58 59 1 4 92
58 60 1 5 382
58 199 5 4 551
58 458 1 5 391
60 63 4 5 621
63 225 2 6 1501
64 65 9 6 11003
64 66 3 7 17263
65 67 8 5 1270
69 70 5 6 16420
70 71 9 3 77
71 101 9 4 504
72 73 2 4 54
72 101 1 6 3092
73 76 10 3 64
73 77 6 5 1143
96 97 3 1 5
96 111 6 7 43851
97 101 9 6 26393
98 99 7 6 33620
98 100 5 4 297
99 138 9 5 4017
100 116 7 2 21
105 106 8 4 514
105 111 7 4 373
106 107 4 3 43
107 108 2 6 3666
111 114 2 4 166
113 114 4 4 297
113 116 2 4 50
115 116 9 4 420
115 409 4 3 23
118 119 1 4 86
119 138 6 5 2500
120 121 7 4 217
120 122 7 4 293
120 304 3 4 130
121 296 3 3 44
122 123 10 5 5015
122 124 1 5 590
124 125 8 4 356
134 135 2 5 286
134 332 7 3 119
135 136 10 7 300083
135 137 5 7 83888
137 139 3 5 1266
139 140 3 5 827
139 141 3 4 109
139 399 1 4 60
141 400 1 7 16555
154 155 9 7 169174
154 156 10 2 37
154 172 3 3 25
155 168 8 3 129
156 157 5 4 436
156 171 8 4 671
157 158 5 4 218
158 159 7 5 1106
158 177 7 6 5151
159 160 7 3 62
159 161 1 6 810
159 196 6 9 2530564
161 162 6 5 1359
161 197 4 5 531
163 164 9 7 90087
164 165 2 6 2478
165 166 3 4 102
165 104 4 4 169
166 167 9 2 28
167 168 7 3 52
169 170 5 6 17671
169 171 3 4 71
169 174 8 3 50
170 172 4 5 1732
170 173 2 2 8
170 419 9 5 2253
171 178 6 4 171
173 174 10 5 3677
174 179 3 4 109
175 176 4 3 62
176 214 8 7 99336
177 178 8 5 1418
177 191 3 3 54
178 421 8 5 2843
179 192 8 3 79
180 181 1 4 58
180 208 8 3 70
181 192 4 5 2030
182 183 3 6 3884
182 184 1 5 554
184 185 3 3 60
184 208 5 4 198
185 186 7 6 6344
185 207 10 5 1180
186 187 4 3 52
186 230 6 5 3369
187 188 3 5 1729
187 193 10 2 28
188 189 7 6 6794
188 191 6 7 40230
189 190 1 4 96
189 191 1 7 8203
193 194 4 5 968
193 217 10 6 7611
194 195 2 4 53
194 217 8 7 193026
195 196 1 4 29
195 216 9 2 17
196 197 7 2 20
196 476 3 7 24134
197 216 1 5 171
198 199 3 4 79
198 221 5 7 54631
199 200 7 2 14
200 10 9 4 900
201 202 4 3 50
201 203 4 6 4117
201 351 3 7 83005
202 213 2 3 13
203 204 7 6 22681
203 205 3 2 13
205 206 7 5 4335
205 231 3 2 6
205 360 6 4 315
206 207 3 5 568
206 232 3 4 127
207 233 7 4 377
208 209 2 4 192
210 211 2 8 144519
210 212 10 5 1371
211 215 3 4 169
212 213 9 4 293
212 342 1 4 103
213 340 5 4 231
214 215 4 4 384
216 219 3 5 1695
217 218 9 4 850
218 222 3 5 421
219 220 5 6 22788
220 221 7 1 3
220 222 5 4 121
222 226 4 5 1343
223 224 4 5 2161
223 225 10 3 181
223 7 9 3 157
224 229 7 8 1291026
227 228 6 6 11236
227 229 8 5 5501
227 272 4 4 122
228 230 9 3 82
229 401 10 5 4398
231 281 4 5 1346
232 265 9 4 832
233 264 5 5 1276
233 150 5 4 343
234 235 5 3 34
234 278 1 6 2361
236 237 6 4 315
236 280 8 6 7521
237 238 8 4 721
237 239 2 5 1034
239 240 1 5 154
240 241 4 4 236
241 243 3 4 79
241 442 2 4 170
242 243 9 2 37
242 244 10 5 3756
242 314 4 5 527
242 80 6 4 308
243 293 3 5 1231
244 247 1 6 1259
245 246 5 5 785
245 247 4 4 239
247 248 8 6 34542
248 249 10 5 1489
249 250 10 4 362
249 312 8 5 994
250 251 7 4 683
250 321 10 3 166
251 252 10 2 22
252 253 6 5 840
252 327 9 4 517
252 301 10 4 277
253 254 5 5 2771
253 277 5 4 288
253 266 10 5 2648
254 255 6 7 33604
254 256 8 1 10
256 257 9 2 37
257 258 6 4 359
257 259 4 7 30226
260 261 2 3 40
260 262 6 1 8
260 263 5 4 259
263 264 3 5 1358
263 479 5 4 260
266 267 9 6 23028
267 268 1 2 5
267 299 2 3 15
268 269 9 4 271
269 270 4 3 42
269 294 5 6 9379
270 271 1 5 263
271 295 5 4 161
271 133 4 3 49
272 273 8 3 54
272 274 10 4 925
274 275 7 2 24
275 276 3 7 52490
275 277 4 5 523
275 291 2 4 222
278 279 1 6 3904
278 282 4 4 160
279 280 2 5 530
280 287 8 3 73
281 289 2 5 700
282 288 4 6 4593
283 284 1 4 62
283 285 8 6 36650
283 305 3 2 12
284 290 8 5 3655
284 365 2 4 161
285 286 8 3 118
285 306 3 4 84
286 287 7 5 1636
286 306 1 4 39
286 452 9 7 88823
287 293 8 6 8044
288 289 1 4 78
289 290 9 4 594
291 292 7 5 2774
297 298 8 4 694
297 454 5 3 106
298 299 3 5 1782
300 301 2 5 458
300 302 4 5 488
302 303 2 3 33
302 304 7 5 1285
302 330 8 5 1095
305 306 4 4 437
305 308 1 5 141
306 308 9 4 768
307 308 9 5 2381
307 309 5 4 147
309 310 10 5 1275
309 338 6 2 18
309 379 10 4 1067
310 311 4 3 41
310 85 3 5 477
311 312 4 3 35
313 314 3 6 8593
315 316 7 2 33
315 317 1 4 67
315 499 2 6 6326
316 334 10 2 34
316 398 5 4 232
317 318 7 4 220
317 503 1 6 2265
318 319 10 7 67585
318 502 7 4 239
318 510 3 5 555
319 320 8 3 45
320 333 5 4 119
321 322 9 3 107
322 323 4 5 837
322 325 6 4 304
322 333 7 2 24
323 324 4 4 142
325 326 5 4 297
326 328 8 5 967
327 328 8 6 12167
328 329 9 3 99
328 495 10 5 2311
329 330 8 2 28
329 331 8 3 80
331 332 1 3 22
331 489 3 4 181
332 481 7 4 214
333 493 9 5 1090
334 335 1 4 27
336 337 8 5 1242
336 500 8 3 168
337 338 9 3 56
337 382 4 7 20887
338 339 3 5 1287
338 377 9 5 1869
340 341 6 3 94
340 349 9 4 219
340 354 3 4 188
341 343 9 8 2253324
342 343 2 6 1394
344 345 9 5 1576
344 346 1 8 69006
344 385 3 2 13
346 347 8 2 20
347 348 1 7 22305
347 387 2 6 2531
348 349 8 3 67
348 386 4 5 1031
350 351 6 5 1461
350 359 4 4 298
350 13 4 4 104
351 352 8 3 176
352 353 6 6 5388
352 356 10 4 489
353 354 7 4 634
354 355 7 5 3135
355 356 5 5 1734
356 357 6 4 613
358 359 8 1 4
358 361 3 3 22
358 362 3 6 2388
358 360 10 1 14
358 92 6 6 11550
360 413 10 5 2021
361 388 3 5 890
362 367 2 5 1282
363 364 7 3 48
363 365 8 3 104
363 370 2 2 7
364 395 5 5 1188
365 366 7 5 1150
365 371 3 6 9687
366 144 6 5 2222
367 368 7 5 930
367 369 1 5 434
370 380 8 5 1540
371 372 5 4 320
371 373 1 3 6
371 374 4 3 74
375 376 3 5 962
375 383 8 6 38561
376 384 10 4 232
377 378 8 3 48
377 381 2 6 2578
378 384 2 7 17459
381 383 3 4 199
382 496 5 2 21
383 384 8 2 38
388 389 9 3 112
388 392 5 5 692
389 390 4 6 3671
390 391 1 4 105
392 393 2 6 1443
392 394 3 5 716
395 396 6 6 22541
399 411 3 6 6454
400 405 3 6 5631
404 405 5 4 351
404 412 8 2 15
405 89 3 5 1289
408 409 9 5 1968
411 412 8 4 696
411 415 6 5 1251
411 482 5 4 134
412 415 9 8 1091794
415 427 1 5 204
415 487 4 4 99
427 428 4 5 1257
427 431 7 6 5914
427 487 7 5 3946
427 424 7 2 31
428 429 8 4 746
428 432 9 4 398
481 482 6 6 4778
482 488 3 4 175
483 484 10 5 6811
483 485 4 5 889
484 492 8 5 1682
485 486 1 5 204
486 487 1 6 1390
489 490 1 5 190
490 491 10 5 4378
490 492 5 5 1057
493 508 2 5 538
494 495 7 7 45740
494 507 3 5 489
496 497 3 6 3360
496 62 7 6 7547
497 498 10 5 5542
497 499 5 3 65
499 501 1 7 8611
501 447 8 9 4466802
502 511 1 3 10
503 450 4 4 221
504 505 2 6 1613
504 506 1 6 3983
505 508 5 4 275
505 509 4 3 27
506 507 8 4 466
509 510 5 3 30
509 511 1 6 1230
7 8 2 4 91
7 6 7 4 454
10 9 8 4 349
10 11 5 7 94399
13 12 5 3 27
12 14 1 4 70
144 38 10 3 164
144 145 5 5 663
38 39 4 4 103
89 68 3 6 2600
89 88 2 5 247
68 40 2 3 17
68 102 9 3 95
40 41 4 6 2841
40 81 4 5 739
102 50 7 4 515
50 51 4 7 110232
41 95 2 4 61
81 146 10 5 2449
95 456 1 8 80298
95 143 8 3 137
95 146 9 5 2182
146 410 9 2 23
43 42 3 5 980
133 130 7 4 256
128 117 2 5 289
128 132 6 2 30
117 129 2 5 327
117 110 3 5 826
132 130 1 7 15771
129 127 6 3 82
127 44 9 4 234
130 131 8 5 921
44 45 7 7 49142
110 109 4 4 371
110 126 1 4 30
109 112 9 3 169
62 49 7 6 16914
62 61 6 2 11
48 49 5 4 566
75 74 2 9 2935882
77 78 7 4 267
80 79 10 3 82
92 90 4 3 43
82 83 10 1 10
83 91 6 4 651
91 90 1 5 511
90 93 6 2 11
93 94 10 5 5032
85 84 3 3 19
84 86 7 4 228
84 87 3 5 641
86 87 7 4 539
104 103 7 3 93
148 147 6 4 268
147 149 9 4 229
150 153 2 4 130
150 151 1 5 212
152 153 8 4 285
398 397 4 6 3668
401 402 7 3 114
401 403 4 2 13
406 407 2 3 32
416 407 2 5 303
413 434 2 4 164
413 414 10 5 1786
433 434 8 4 803
418 417 1 5 589
419 420 9 5 2541
419 430 10 3 78
421 422 9 4 302
421 423 5 4 228
424 425 1 6 1920
424 426 3 4 122
424 438 2 3 40
438 437 2 5 954
437 439 7 5 935
454 453 8 3 54
454 435 10 4 463
453 455 6 3 38
455 460 10 6 46542
435 436 7 4 270
460 463 3 4 206
463 462 5 3 85
461 462 9 4 279
461 464 2 5 1270
464 466 3 5 1386
466 467 2 4 175
452 451 3 5 423
452 440 1 7 7441
451 459 8 4 625
459 473 3 3 34
440 441 7 3 67
473 472 3 4 92
442 443 1 7 31968
448 444 3 3 21
444 445 10 2 23
465 445 5 2 17
465 468 1 5 643
468 469 10 5 4865
469 470 4 5 741
470 471 8 2 39
447 446 1 4 49
450 449 4 3 52
458 457 3 5 714
476 474 1 4 110
476 477 4 6 12894
474 475 6 4 312
477 478 10 6 12725
479 480 7 4 608
284 177 1 7 5079
391 291 5 5 769
397 161 8 4 342
376 187 7 1 8
322 42 3 7 28186
399 318 8 3 87
463 89 7 2 21
343 194 2 5 933
437 265 9 4 375
239 53 2 4 225
411 475 1 6 4879
21 372 4 5 866
508 449 9 2 21
24 51 9 4 1013
54 280 9 5 3077
261 73 3 4 135
2 307 2 3 18
476 36 5 5 1452
374 231 3 4 68
483 72 10 4 326
188 248 10 3 62
326 346 5 6 7416
458 449 1 6 2178
435 58 3 3 42
225 130 3 5 349
484 174 7 1 12
322 33 9 3 97
369 191 1 5 131
330 20 8 5 2250
324 21 5 4 518
18 385 5 6 4505
252 297 10 4 339
7 178 10 6 7666
30 43 10 5 1407
397 191 8 5 1655
450 80 1 5 249
458 335 7 2 19
171 48 8 4 642
485 267 8 3 61
104 136 10 4 532
47 507 8 4 179
302 429 8 3 66
424 132 5 3 48
55 69 8 3 142
81 28 6 5 1774
346 114 2 5 779
84 284 4 4 126
57 44 4 4 91
112 358 2 4 62
103 252 6 4 595
202 401 5 6 11059
106 343 7 3 86
297 285 9 8 446096
47 27 5 6 3567
391 38 9 4 889
292 297 4 5 1742
292 334 4 3 55
149 56 6 5 1175
56 464 2 6 5800
252 487 2 5 447
491 427 7 5 2104
112 439 10 4 431
62 365 9 5 2997
315 75 6 3 82
445 373 7 5 4162
373 228 2 4 75
459 103 4 5 828
5 34 3 5 592
357 412 7 6 17603
195 208 9 2 42
362 282 8 3 72
282 132 10 3 77
292 358 2 4 78
130 16 1 7 9756
354 48 10 3 170
329 398 9 4 368
107 143 7 4 214
302 8 7 4 301
437 468 10 5 1432
391 24 6 5 1082
70 453 6 6 14164
428 250 7 3 123
427 93 2 4 59
235 500 7 4 326
476 259 7 3 110
140 144 4 3 67
373 167 7 5 810
413 463 6 2 20
100 419 1 6 703
67 49 5 4 166
148 127 4 5 473
227 117 4 4 123
147 283 8 5 2569
464 193 8 3 100
281 305 2 5 296
168 300 6 6 19028
456 265 2 5 478
74 34 3 3 66
228 497 6 3 124
84 178 2 5 581
47 339 8 3 91
137 364 1 5 594
419 487 9 4 252
497 260 1 4 47
432 171 4 5 627
104 329 3 3 35
16 90 10 4 236
14 244 2 7 16331
56 483 7 5 815
175 2 9 3 81
151 442 1 7 11026
372 443 10 4 362
460 285 9 4 589
372 171 5 5 1476
267 357 3 8 213470
336 274 8 3 50
235 63 1 4 80
279 71 8 3 92
251 475 1 8 88596
440 88 2 5 296
169 453 8 7 74796
172 264 8 4 264
51 471 8 7 149146
503 172 3 4 288
175 199 7 4 769
230 291 3 6 8935
16 205 2 5 1241
339 82 5 5 744
449 137 7 4 680
119 372 9 4 535
499 126 6 6 6910
485 290 6 3 106
181 127 5 5 714
505 298 9 4 289
290 489 2 4 126
34 249 3 7 46008
179 277 3 7 61503
440 73 8 5 2494
343 395 6 5 968
87 478 4 5 697
316 6 8 6 6705
307 144 10 2 22
308 435 1 6 1552
233 510 9 7 47544
126 354 3 4 169
272 162 6 4 395
135 122 6 5 3710
365 389 6 4 553
235 479 8 4 894
125 110 1 6 2081
289 302 9 3 188
13 387 4 5 2577
345 228 4 2 13
10 105 2 5 318
311 286 6 4 194
126 229 10 4 442
286 221 10 2 51
171 11 6 5 4024
172 342 8 2 21
245 407 5 5 3236
63 188 5 4 186
253 232 8 6 6319
435 104 4 5 887
87 138 10 5 4638
30 432 2 6 3815
476 53 7 4 190
107 103 8 5 4807
409 12 3 6 3057
344 183 9 3 143
440 85 5 7 177493
210 133 2 3 42
45 192 10 3 56
352 234 9 7 101798
354 440 7 2 28
28 170 10 5 1626
281 2 4 3 34
361 251 3 8 384032
35 364 3 4 323
433 81 6 5 1620
281 159 8 4 234
495 148 8 4 854
316 239 7 4 243
143 130 8 4 278
26 136 2 6 2218
424 419 7 3 43
395 202 10 5 3334
136 352 3 4 113
380 360 6 2 31
146 72 7 3 133
424 450 2 5 1383
147 425 10 2 35
451 285 2 6 5419
195 101 6 4 176
457 177 5 6 22632
81 208 10 3 125
182 200 8 2 19
436 509 1 4 70
29 18 9 4 308
149 453 6 3 120
330 473 5 4 184
73 53 9 4 662
340 196 7 4 326
256 444 4 4 452
270 428 4 6 3565
407 87 4 5 759
346 295 2 6 1751
78 410 6 4 251
87 205 10 4 1131
331 59 3 5 1775
45 83 10 4 606
411 217 4 5 639
262 497 7 7 57552
267 226 9 5 1134
456 426 2 5 499
321 505 7 4 222
479 424 10 5 4858
488 420 10 1 4
236 272 3 5 393
507 217 8 4 290
366 165 9 5 2161
227 338 2 5 1221
228 346 9 4 379
488 324 4 4 235
116 214 4 4 182
499 343 3 5 451
155 118 2 6 4581
480 256 6 6 14235
176 478 2 3 44
375 389 6 4 285
139 438 3 6 4812
366 395 9 4 228
42 36 10 2 20
470 372 1 6 1795
127 490 7 4 206
407 209 9 4 700
455 68 5 3 27
222 99 7 5 885
351 55 6 2 21
418 87 10 5 1851
254 89 2 3 25
256 83 10 3 133
225 147 8 2 17
73 89 10 4 568
376 270 2 6 1456
415 507 2 4 64
414 382 6 4 236
319 321 10 6 10905
257 29 8 5 4081
312 374 3 3 46
43 150 3 5 875
82 423 4 5 929
226 280 8 5 1310
125 299 7 3 141
202 220 6 5 2062
290 116 6 3 89
130 118 10 4 267
358 76 6 6 4231
243 500 10 3 172
163 155 10 3 99
445 227 6 5 728
240 177 6 5 1335
299 246 9 4 740
347 136 10 3 154
211 323 2 4 67
318 227 1 4 25
174 222 8 5 949
35 492 4 4 358
441 58 9 4 817
196 346 2 5 238
511 236 6 3 54
485 390 1 6 2900
104 59 7 4 354
479 450 5 5 788
138 5 9 7 88913
37 172 6 4 487
138 363 5 5 1104
242 4 1 8 247920
482 154 7 5 2099
149 188 3 5 1107
99 460 9 4 920
425 450 5 1 8
357 26 5 5 3239
161 115 2 5 1108
381 37 1 6 2726
132 19 9 3 177
187 142 9 4 239
491 238 2 5 257
159 315 8 6 6811
210 320 10 4 246
412 304 4 5 722
455 221 1 6 1114
206 67 5 5 2121
49 231 5 4 143
148 56 1 5 177
418 274 2 4 147
101 374 7 2 25
262 368 10 5 1232
508 424 4 4 196
337 46 2 6 2908
509 305 10 5 1424
204 60 7 4 170
96 195 10 3 80
339 139 7 4 629
437 348 10 4 397
121 269 10 5 3635
246 328 9 5 1412
484 17 1 4 106
69 250 1 7 6881
402 7 2 4 120
129 389 3 3 21
119 123 6 3 62
197 210 8 4 435
363 165 10 2 26
87 5 4 3 58
221 486 6 3 94
247 221 9 6 29725
413 265 10 3 118
111 499 9 4 717
448 258 3 5 780
49 166 7 4 275
110 115 5 7 50427
26 425 6 3 39
72 204 3 4 165
315 355 7 1 8
189 99 8 2 42
509 155 9 5 1066
483 167 8 5 3153
82 471 9 3 146
145 45 8 6 5808
297 442 9 3 96
55 250 2 4 90
288 110 1 6 1529
445 503 2 4 137
503 235 10 4 266
332 103 8 4 256
489 487 3 4 168
127 123 1 4 106
358 357 5 4 124
330 332 2 5 280
501 372 10 1 7
253 133 10 3 83
78 174 6 4 144
337 445 6 4 226
85 334 1 5 139
498 277 2 6 1556
210 80 8 5 2581
42 223 3 9 1477781
168 27 10 4 443
160 87 3 5 515
55 270 6 5 1009
36 223 9 4 354
314 10 10 5 3339
410 213 9 2 42
484 485 9 5 1089
309 28 10 5 1380
10 219 1 6 1200
69 297 6 6 5021
18 402 3 6 2494
457 206 7 3 137
319 504 8 6 6455
401 246 7 4 453
422 501 5 3 96
26 11 5 3 63
245 501 3 5 1396
211 451 2 5 952
7 275 6 4 597
293 502 8 3 73
340 55 3 5 395
385 449 7 3 152
474 142 2 5 325
186 407 7 3 93
116 149 1 5 131
83 372 3 5 395
228 281 8 3 96
265 65 1 6 3994
230 241 4 5 1184
435 123 1 7 26541
288 386 4 4 335
497 427 1 5 522
452 23 7 7 36012
256 360 9 4 324
227 132 5 4 273
352 378 6 5 1178
294 84 5 3 83
434 225 4 2 9
26 289 8 7 70274
415 461 6 6 28494
231 103 5 2 24
58 371 6 9 17090669
109 176 5 5 2365
445 329 7 7 66057
255 165 1 6 962
219 451 2 2 9
162 205 1 5 645
491 62 1 5 475
7 308 5 5 1599
18 332 2 4 142
76 390 6 4 643
197 166 9 4 412
235 507 2 3 40
116 328 8 4 530
197 207 4 9 2747266
109 115 8 4 189
412 293 9 4 994
350 270 5 7 76733
112 330 1 6 1476
94 410 6 3 92
244 108 6 4 595
430 322 4 7 26089
38 287 2 5 1268
413 145 6 5 778
132 195 10 5 1146
366 374 8 4 764
276 123 6 7 60289
72 257 1 4 40
83 370 9 5 4454
94 1 1 5 146
125 184 1 7 14547
322 156 7 5 1129
427 192 2 6 3320
107 214 10 4 425
399 122 5 2 20
121 386 8 8 595535
219 414 1 7 37206
430 401 10 2 40
363 468 1 6 710
209 498 7 4 162
481 116 1 4 107
123 216 4 4 146
377 330 6 3 101
450 12 7 6 6216
432 20 3 7 44992
470 270 4 7 40284
337 139 8 4 470
301 389 5 6 10051
135 200 6 5 3616
159 50 6 4 306
359 397 4 4 327
33 149 8 4 434
136 288 2 6 1929
413 16 7 5 2501
463 182 3 6 2441
198 105 2 6 2655
49 140 4 4 93
33 261 8 4 293
305 456 4 3 72
349 1 7 5 2766
504 327 5 2 14
286 335 5 3 102
283 48 8 2 17
60 394 3 6 9367
227 316 6 3 125
436 460 9 4 643
88 61 4 5 1193
100 508 7 4 454
477 260 3 7 52253
153 235 4 5 2450
315 224 8 5 1415
418 362 8 6 6553
349 509 8 7 94298
35 59 5 4 117
77 252 4 5 916
461 97 2 4 147
411 182 6 4 275
509 70 5 4 249
184 381 8 6 11320
316 475 7 2 21
199 51 3 5 1836
239 85 8 3 147
495 137 10 5 1301
178 75 5 7 185392
49 269 8 6 11637
473 106 7 5 3041
276 111 10 3 188
441 332 8 4 612
205 450 10 5 1178
65 173 10 1 13
154 383 1 5 126
63 404 4 6 2840
171 161 3 3 23
118 224 4 7 49115
435 190 10 5 3258
108 470 3 5 1900
463 209 4 5 548
147 93 2 5 654
120 408 3 5 356
370 455 9 4 253
238 401 1 4 69
376 455 10 8 461544
468 266 5 3 40
282 469 6 4 407
200 118 8 7 46788
239 435 4 5 771
29 477 3 3 66
183 3 7 4 287
232 241 8 3 92
160 491 4 4 206
384 176 2 4 222
303 407 7 5 1185
244 2 3 5 898
90 477 9 4 516
269 160 7 6 5241
9 255 6 5 1726
500 323 1 6 881
226 17 3 4 245
162 100 10 4 1122
442 354 4 6 3291
254 56 1 5 232
177 70 5 5 693
283 413 9 6 9704
467 303 2 5 575
506 52 10 3 105
402 315 6 3 35
44 66 10 4 688
205 376 2 4 152
78 375 8 3 70
45 468 6 3 51
300 11 10 1 12
288 143 9 2 44
238 91 2 6 2575
423 101 2 5 1269
159 455 3 4 70
46 77 1 4 54
438 456 8 4 246
168 438 4 7 54084
228 205 5 3 102
60 109 5 3 40
97 31 8 5 1062
56 135 7 3 57
215 138 4 5 515
305 446 3 6 8142
195 390 2 3 12
181 508 2 2 10
511 454 10 3 133
388 279 5 5 2926
13 343 5 7 41648
132 121 5 4 145
420 165 10 3 207
279 398 2 5 1225
334 466 4 5 1011
76 96 7 6 11071
397 429 9 8 411446
271 172 5 8 1742616
297 357 1 5 609
398 305 1 8 80418
266 449 4 4 123
380 322 5 6 8084
511 252 6 4 293
412 136 5 4 466
273 453 2 6 6547
440 111 10 3 102
88 261 2 3 17
40 321 6 5 1756
221 370 5 3 72
200 348 7 7 62184
141 425 7 4 184
461 442 8 5 5112
496 325 9 4 577
504 467 2 4 60
148 320 9 5 2961
274 53 2 6 3477
133 312 7 3 48
166 318 5 3 74
326 491 6 6 18454
131 60 4 7 32058
336 448 10 6 10307
392 136 4 4 123
64 75 5 4 179
211 433 8 2 25
405 393 10 5 1965
415 14 2 6 9558
475 69 7 4 698
125 335 9 3 78
481 214 8 3 50
125 1 2 3 36
345 352 7 4 156
511 191 3 4 148
398 405 4 5 1601
204 231 9 4 926
61 220 5 5 642
359 498 4 5 550
413 159 4 4 191
4 62 8 5 3032
458 351 1 5 157
218 325 2 4 98
184 488 7 2 27
131 327 5 6 10273
29 210 4 5 492
74 138 8 3 89
48 333 3 6 14019
110 339 9 2 42
408 186 2 4 225
340 441 8 2 16
251 446 6 2 20
31 254 10 4 862
336 79 3 4 201
111 375 5 4 444
199 351 6 3 118
258 429 5 4 395
503 484 7 4 357
152 452 1 6 898
247 166 10 5 1302
460 442 10 4 265
81 489 4 4 279
91 476 5 4 366
202 449 9 2 26
137 230 1 4 35
147 127 7 6 10680
229 424 4 8 578788
462 27 5 3 35
387 140 5 5 3169
322 160 8 5 1021
177 218 6 3 65
53 275 9 4 293
268 37 5 5 1136
330 88 8 5 3770
107 462 1 5 299
508 252 3 4 111
343 78 5 3 89
385 88 1 5 177
403 66 7 3 83
424 490 2 5 564
266 293 3 4 173
177 182 9 3 173
149 4 8 5 2351
423 324 6 4 391
504 180 8 4 305
457 115 10 5 4214
493 85 10 4 755
257 240 2 3 44
470 36 4 4 290
179 507 5 6 23054
473 504 2 6 7896
125 304 8 5 3756
363 434 2 6 7113
175 87 3 4 68
183 464 3 4 290
186 482 2 6 3676
146 458 3 4 173
51 209 7 3 114
413 464 4 3 72
331 130 4 6 4618
194 161 5 3 104
345 204 10 5 2352
342 194 3 4 70
10 115 10 4 221
160 432 9 3 96
215 229 3 5 2013
484 191 8 5 2350
41 250 9 5 1500
339 86 1 4 31
244 91 10 1 5
61 236 8 3 156
190 394 10 4 1038
125 6 7 3 96
508 205 8 6 6083
248 408 8 4 410
411 280 7 4 163
262 392 10 2 23
400 392 2 5 349
386 265 8 6 7437
174 34 6 3 111
96 121 9 2 45
263 96 3 5 1192
410 447 4 2 11
306 460 8 3 101
191 279 6 4 281
35 83 5 5 1682
192 242 7 5 1076
369 247 8 3 72
350 153 3 4 103
479 274 7 5 2842
26 418 10 3 121
301 269 6 3 116
390 181 1 3 20
316 65 10 4 495
85 146 8 4 280
356 361 7 7 113141
241 163 10 4 867
284 239 2 6 1779
364 384 6 5 1226
70 284 5 3 57
248 479 1 7 8538
483 142 4 7 103036
38 189 8 4 612
407 298 6 4 344
285 240 6 5 1340
22 131 2 4 57
427 98 8 5 1183
293 274 9 3 151
119 489 7 3 45
332 489 4 1 7
283 245 6 4 231
358 491 4 3 28
283 272 7 4 561
162 72 9 3 79
207 259 2 4 110
246 89 10 8 628172
359 59 7 4 267
71 492 8 6 6432
39 234 1 6 3886
297 212 8 4 183
256 326 8 1 13
400 423 2 4 73
418 165 4 2 11
461 334 5 4 150
451 500 9 5 5669
63 480 1 4 59
276 339 7 5 3633
141 172 4 3 64
299 64 7 3 89
93 402 1 5 119
90 165 7 3 124
433 169 1 5 154
445 468 4 3 46
367 36 8 3 135
375 508 5 4 187
225 288 5 6 12791
82 296 1 5 452
156 481 4 5 1551
366 8 9 3 112
100 420 3 4 130
264 109 6 4 134
92 14 2 7 11980
134 35 2 6 1572
414 441 8 4 206
187 57 10 4 494
42 133 5 3 71
473 266 9 6 43990
458 119 10 4 785
192 360 9 2 16
94 81 5 5 770
216 13 5 2 14
76 173 7 4 234
120 454 4 4 161
343 60 2 3 16
192 460 5 7 31081
184 465 6 4 412
69 61 9 4 1020
487 247 1 4 39
266 308 7 5 1508
423 257 8 7 77626
421 192 4 5 470
143 98 4 6 19385
89 380 2 4 51
228 398 1 5 534
312 208 1 4 52
51 506 6 4 513
373 53 8 2 20
494 121 1 6 2810
329 228 10 4 750
86 229 8 4 263
476 119 10 5 2228
76 148 7 4 695
58 21 5 3 70
443 33 7 3 78
233 353 7 4 234
141 25 7 6 10836
195 58 1 5 280
287 178 1 5 134
181 421 5 4 224
419 33 1 5 597
386 116 4 6 13029
163 39 5 4 487
185 33 10 4 979
185 471 8 4 417
186 5 6 3 48
452 308 7 5 1270
382 35 2 4 94
172 211 9 3 80
260 59 10 6 8267
333 111 6 2 25
57 59 2 7 72725
202 115 4 4 159
141 195 7 2 25
510 426 7 3 126
444 365 6 4 237
39 406 6 4 166
115 421 4 4 203
317 45 2 4 76
161 54 3 8 185233
459 283 4 4 203
299 249 10 5 3148
3 507 3 4 266
229 428 8 2 32
29 73 7 3 47
330 30 10 5 4310
398 118 2 5 255
223 402 6 4 180
158 29 6 7 84518
235 346 2 4 197
361 212 5 5 2499
112 326 2 5 289
345 235 4 3 34
358 223 5 4 315
86 283 4 3 81
467 161 7 3 62
473 223 6 4 337
29 209 4 4 209
376 243 7 5 4477
72 50 3 5 895
349 439 7 6 18449
308 170 1 5 278
140 271 4 5 615
279 3 2 8 79978
207 34 10 4 371
32 332 8 3 131
149 170 5 5 1236
183 54 3 5 455
325 171 4 4 186
91 163 1 7 10713
40 473 10 3 189
363 384 2 4 69
268 451 8 3 43
399 15 10 5 3531
356 368 4 7 119466
486 70 1 5 352
105 340 2 5 837
435 24 2 4 127
508 242 2 4 70
417 254 7 6 28263
386 441 1 5 303
89 423 6 6 19361
390 24 2 6 2752
504 122 2 6 5593
186 208 7 7 86942
70 485 1 6 1026
165 337 10 5 4372
18 30 6 4 218
169 36 10 4 403
212 392 5 5 1293
248 453 6 3 65
169 310 3 6 3809
495 378 3 2 10
241 469 3 3 60
179 231 3 6 7607
119 322 7 5 2806
411 311 5 6 22515
227 258 3 6 3220
160 45 9 4 410
463 202 7 2 18
208 153 9 1 9
140 420 6 5 3076
198 185 9 3 115
154 510 6 3 44
314 121 1 5 584
251 401 3 3 24
100 409 7 2 21
112 412 4 3 88
28 505 6 3 107
296 137 3 6 4833
495 323 5 5 854
43 180 10 4 298
159 171 10 1 11
109 281 5 4 348
232 145 2 7 30545
381 27 7 5 1230
140 401 5 3 54
103 320 4 5 1900
86 459 8 6 7625
489 382 4 5 1206
185 52 1 6 3920
127 172 1 5 559
456 357 5 5 1195
355 326 1 5 623
9 219 7 1 5
160 508 10 4 273
303 177 10 4 341
463 456 3 3 35
163 224 4 5 863
233 28 7 1 12
142 354 5 7 37254
269 336 2 4 185
258 44 3 3 29
341 396 3 4 258
436 81 10 5 4888
232 130 3 2 15
60 340 10 2 43
145 318 3 4 81
487 498 4 1 4
165 470 6 2 14
123 193 8 5 1818
128 495 8 4 449
465 349 7 4 299
146 365 6 4 269
425 335 8 4 684
425 197 9 2 44
9 241 8 3 123
128 424 5 4 306
140 125 10 4 784
143 503 2 4 197
109 200 6 5 2583
100 10 10 2 26
358 496 4 4 91
42 454 2 6 3398
463 107 4 4 450
239 177 4 6 6684
511 267 4 2 14
498 163 3 4 97
281 392 3 5 893
436 508 2 3 38
270 121 9 2 30
289 495 7 4 176
327 260 4 3 84
288 510 10 6 9992
13 86 9 7 146508
484 104 9 5 3245
76 320 8 6 8622
34 270 4 5 462
417 262 7 5 941
339 117 7 5 4353
310 380 1 5 196
112 259 10 3 66
26 406 10 2 45
255 223 1 6 772
45 291 2 5 1198
225 344 6 4 251
440 106 7 5 3283
143 484 3 6 6521
354 419 10 4 1110
419 206 1 4 106
119 339 10 3 102
226 436 4 4 349
439 497 7 5 2206
194 26 3 4 167
100 262 6 4 362
77 56 6 4 618
391 338 2 4 206
197 35 6 6 5026
505 417 7 2 14
508 260 5 4 217
134 480 5 4 400
209 492 5 4 160
463 286 3 5 680
121 55 10 4 918
94 58 7 3 38
174 474 5 4 172
131 54 1 9 1182439
164 145 9 3 92
288 487 7 3 125
310 363 1 6 3898
79 402 8 9 12357679
178 332 9 5 5485
3 218 5 4 228
70 382 7 3 105
331 321 2 5 808
357 509 5 5 850
187 274 1 3 12
179 105 3 4 96
292 415 2 4 74
153 385 1 5 182
98 383 5 2 24
250 191 2 4 211
80 417 9 3 190
165 178 7 5 3283
296 247 3 4 155
66 366 6 3 52
185 205 4 7 108839
39 301 1 6 1682
495 509 8 4 861
324 396 1 4 35
484 215 6 7 36011
461 40 9 4 359
468 365 2 3 17
421 91 10 5 1325
478 225 7 4 521
259 305 10 4 370
64 82 5 1 8
357 475 6 3 86
89 270 8 5 1135
296 90 2 5 1331
428 311 9 4 345
473 126 6 2 15
348 165 8 3 59
245 192 10 4 645
53 264 9 6 16088
252 453 7 6 13066
13 167 9 8 426421
245 367 1 7 25041
65 488 3 6 8794
178 501 6 4 306
55 321 4 6 9082
217 504 4 4 97
280 176 4 5 2166
472 426 7 6 23566
260 434 10 3 122
54 13 5 5 628
118 10 6 5 2773
164 315 1 5 140
203 425 7 1 12
460 428 6 6 6905
106 164 2 4 217
342 261 7 5 1006
343 26 8 3 128
188 194 3 3 16
501 128 2 6 4511
265 301 4 5 653
106 340 8 2 21
449 100 5 4 507
25 280 3 5 811
