2345 5.3544888408991326e-08 
1579 1.242658193991537e-07 
2771 4.468560846002112e-09 
4140 9.640804780739658e-07 
7297 2.845817140958648e-07 
7761 7.30710436781508e-07 
1572 7.006315613044373e-07 
8734 9.698108583029437e-07 
7572 1.3978111999910642e-08 
2675 1.7723497181530598e-06 
3057 1.6803074863252446e-07 
4735 7.52733776779107e-07 
3945 8.503567184604821e-09 
5561 3.252270436467086e-08 
2954 1.529505509285929e-05 
3210 1.8973363247708208e-08 
4662 2.5753489038375654e-08 
1404 6.722062419472498e-07 
5142 2.9807452098108266e-06 
481 1.6403912582452218e-08 
2958 9.911945216614648e-07 
4213 2.1395591687668053e-08 
3931 1.7182061468057341e-09 
4745 1.545807989250525e-08 
6432 7.674471831512278e-08 
2221 4.667690261391476e-07 
4381 4.753901991180233e-08 
2891 6.059069163847491e-08 
9111 1.3489185520952542e-07 
2824 1.1612709773480437e-05 
113 1.1487032580773142e-05 
9617 1.5372221770927185e-07 
803 4.725958710020408e-07 
8764 2.044489068567419e-07 
6999 5.862438302332951e-06 
1382 2.5345364575331264e-08 
21 1.7049864220030492e-07 
1454 5.9209186229055785e-08 
3471 4.716107408395641e-08 
3493 3.443582549862191e-08 
6331 5.7071999452979263e-08 
5220 2.073396808229184e-07 
8947 2.3508714639460665e-08 
9170 4.240314397651129e-06 
378 1.3872671907055878e-08 
2040 1.7982575873444788e-07 
2485 1.0460852788163333e-08 
5794 1.7925158835572531e-07 
799 5.8276716999027e-07 
1919 1.2199209614141213e-07 
2943 3.9203830625469905e-07 
3928 1.6056339559571836e-08 
5590 9.493204652770166e-08 
2564 1.553971258073705e-05 
1338 3.4420803840355674e-07 
7365 8.249871732198683e-08 
944 2.5248333047553362e-08 
5284 1.3116331000484482e-08 
5325 1.922683822035468e-07 
8929 1.4575026974070003e-05 
5779 3.6544579055594606e-08 
5303 2.400088784517899e-05 
6912 1.424924371133977e-07 
3825 5.282916172382433e-08 
5935 1.3974141149786234e-09 
8603 2.040326965886685e-08 
4894 2.3458692367931723e-06 
3324 1.5532317369738521e-07 
9631 3.6116298596868373e-06 
7637 8.995739089016094e-07 
8881 8.548895194711043e-08 
5091 2.2042200059548683e-08 
5055 8.626101405220157e-06 
8122 3.9600505060023846e-07 
5462 3.4553995382656175e-08 
4209 3.5535887969858834e-08 
3963 5.956744515199324e-07 
9914 6.773532742294572e-08 
8778 8.050109794109465e-08 
7713 9.690409674781861e-07 
3657 7.5717825984839e-09 
192 2.922225637597836e-08 
227 7.10592549683115e-06 
6673 7.635648041496093e-08 
9704 7.35004518985974e-06 
8128 1.709304428759782e-07 
2353 6.123241472155933e-07 
9944 6.10129313907519e-08 
4939 2.330711188912733e-06 
8303 5.506163275326159e-09 
3543 1.0079361602732698e-06 
1569 1.7313005660178626e-08 
1516 2.808782014065243e-07 
2521 4.984775360300682e-08 
4647 4.952630861884592e-06 
3575 1.1893856732836383e-09 
7106 3.772740453378276e-10 
9837 1.0169963550873073e-06 
3587 2.086285550567668e-09 
698 3.3952272169006804e-07 
3183 1.5392877219486427e-07 
5260 3.8449128365755604e-07 
1212 1.0178388191312004e-08 
8965 4.024521840307119e-08 
2936 4.4843877563104247e-07 
3779 1.8182344833255534e-07 
2624 1.263355385057582e-07 
5096 3.408401665766503e-08 
8356 2.1660765985829377e-06 
5196 1.1385109621215002e-05 
1655 1.0070067084300886e-06 
4738 4.0543535423246194e-08 
8393 3.529616885008732e-08 
64 2.6480723188011812e-08 
5467 2.9934303336541447e-06 
1682 1.550839069794016e-08 
850 5.6218927902296906e-08 
6329 1.927780094086208e-07 
4093 1.6634680795015377e-07 
993 2.2733470970981304e-06 
8716 1.9607391995614398e-08 
1930 4.118166618480301e-09 
6021 2.9543673812481436e-08 
6625 1.5304356035445756e-07 
7549 8.742131649283063e-05 
9693 8.089381920393934e-09 
3075 2.12872848396658e-05 
8589 5.310936589532182e-08 
2168 3.038188663866993e-08 
9733 1.135674389204401e-07 
2004 1.2656206427492933e-08 
6193 1.472373786827203e-07 
5064 3.9984873365876e-08 
3263 2.500484839410705e-08 
5377 7.563607963784278e-08 
2161 3.2852621838219687e-09 
4492 6.899946111003958e-05 
3530 3.449620257283889e-08 
1505 2.5618504158331223e-09 
4043 1.4067640787505942e-08 
8801 2.873635833848813e-07 
8087 5.141004592325825e-08 
6863 2.5317541574802543e-05 
9880 1.6842121143903488e-08 
9007 2.8119536585498317e-08 
2664 4.708913675676753e-08 
3748 1.423629020535274e-07 
6695 1.661042414724534e-10 
4388 2.684654222044028e-07 
100 2.4160520355198667e-09 
8193 1.6255384704147403e-07 
1866 5.4221145698307716e-09 
3104 1.1020208809733867e-08 
2370 4.5367427249165884e-08 
1773 1.9843843080105582e-05 
7342 1.098306231288532e-07 
4147 6.042081441645793e-07 
3999 3.723723998266546e-05 
1951 1.8171292261691396e-08 
9314 2.1898731206171362e-07 
