1 2 8 1 0
1 47 3 1 0
2 31 6 1 1
2 35 3 1 1
2 406 3 1 0
3 4 7 1 1
3 5 2 1 0
3 26 1 1 0
5 57 10 1 0
15 16 7 1 0
15 36 7 1 1
16 25 6 1 0
17 18 8 1 0
17 36 2 1 1
18 33 4 1 0
19 20 6 1 0
19 21 7 1 0
20 142 9 1 1
20 148 3 1 1
21 22 8 1 0
22 23 10 1 1
23 24 4 1 1
24 25 6 1 1
24 28 2 1 0
26 27 7 1 1
27 29 4 1 1
27 30 10 1 1
28 29 5 1 1
31 33 1 1 1
32 33 8 1 0
32 34 7 1 1
32 69 6 1 1
34 35 7 1 0
34 73 8 1 1
36 37 8 1 1
36 75 9 1 0
37 52 1 1 1
37 43 5 1 1
46 47 5 1 1
47 448 5 1 1
52 67 10 1 0
53 54 8 1 1
53 59 2 1 0
53 418 1 1 0
54 163 2 1 0
55 56 6 1 0
55 59 10 1 0
56 57 7 1 0
56 66 6 1 0
58 59 6 1 0
58 60 3 1 0
58 199 9 1 0
58 458 9 1 0
60 63 6 1 1
63 225 6 1 0
64 65 3 1 1
64 66 1 1 0
65 67 2 1 0
69 70 4 1 1
70 71 1 1 1
71 101 3 1 1
72 73 4 1 1
72 101 10 1 1
73 76 4 1 1
73 77 3 1 0
96 97 9 1 0
96 111 1 1 0
97 101 4 1 0
98 99 1 1 0
98 100 4 1 1
99 138 3 1 0
100 116 10 1 0
105 106 8 1 0
105 111 7 1 1
106 107 2 1 0
107 108 2 1 1
111 114 1 1 1
113 114 7 1 1
113 116 9 1 0
115 116 3 1 1
115 409 8 1 1
118 119 8 1 0
119 138 8 1 0
120 121 4 1 1
120 122 4 1 0
120 304 10 1 1
121 296 9 1 1
122 123 2 1 1
122 124 2 1 0
124 125 7 1 1
134 135 8 1 0
134 332 8 1 1
135 136 7 1 1
135 137 2 1 1
137 139 6 1 1
139 140 2 1 1
139 141 2 1 1
139 399 8 1 1
141 400 3 1 1
154 155 4 1 0
154 156 4 1 0
154 172 1 1 1
155 168 2 1 0
156 157 1 1 1
156 171 3 1 0
157 158 4 1 1
158 159 9 1 0
158 177 3 1 0
159 160 6 1 1
159 161 6 1 1
159 196 2 1 1
161 162 3 1 0
161 197 5 1 0
163 164 5 1 1
164 165 9 1 0
165 166 8 1 0
165 104 8 1 1
166 167 2 1 1
167 168 2 1 1
169 170 3 1 1
169 171 6 1 0
169 174 3 1 0
170 172 6 1 1
170 173 4 1 1
170 419 4 1 1
171 178 4 1 1
173 174 4 1 0
174 179 4 1 0
175 176 2 1 0
176 214 10 1 0
177 178 3 1 1
177 191 10 1 0
178 421 4 1 1
179 192 7 1 1
180 181 3 1 0
180 208 3 1 0
181 192 2 1 1
182 183 6 1 1
182 184 8 1 1
184 185 4 1 0
184 208 6 1 0
185 186 4 1 0
185 207 9 1 1
186 187 10 1 0
186 230 2 1 0
187 188 4 1 1
187 193 4 1 0
188 189 6 1 1
188 191 4 1 0
189 190 5 1 0
189 191 1 1 0
193 194 6 1 0
193 217 2 1 0
194 195 2 1 0
194 217 3 1 1
195 196 3 1 1
195 216 2 1 0
196 197 1 1 1
196 476 9 1 0
197 216 1 1 0
198 199 6 1 0
198 221 7 1 1
199 200 3 1 1
200 10 2 1 1
201 202 1 1 0
201 203 9 1 0
201 351 6 1 1
202 213 10 1 0
203 204 6 1 0
203 205 10 1 1
205 206 8 1 1
205 231 10 1 0
205 360 10 1 1
206 207 6 1 0
206 232 5 1 1
207 233 10 1 0
208 209 9 1 0
210 211 2 1 0
210 212 4 1 1
211 215 6 1 0
212 213 5 1 1
212 342 1 1 1
213 340 1 1 0
214 215 7 1 0
216 219 1 1 1
217 218 2 1 1
218 222 3 1 1
219 220 8 1 0
220 221 4 1 1
220 222 2 1 0
222 226 7 1 0
223 224 6 1 1
223 225 1 1 0
223 7 5 1 0
224 229 10 1 1
227 228 2 1 0
227 229 3 1 1
227 272 5 1 0
228 230 6 1 0
229 401 8 1 0
231 281 4 1 0
232 265 9 1 0
233 264 9 1 1
233 150 9 1 0
234 235 1 1 0
234 278 3 1 1
236 237 6 1 1
236 280 2 1 1
237 238 1 1 1
237 239 7 1 0
239 240 3 1 3
240 241 1 1 1
241 243 3 1 1
241 442 10 1 0
242 243 4 1 0
242 244 2 1 1
242 314 6 1 1
242 80 1 1 0
243 293 9 1 1
244 247 8 1 1
245 246 9 1 0
245 247 7 1 0
247 248 9 1 0
248 249 8 1 0
249 250 5 1 0
249 312 3 1 1
250 251 8 1 0
250 321 2 1 0
251 252 4 1 1
252 253 1 1 0
252 327 3 1 0
252 301 9 1 0
253 254 1 1 0
253 277 6 1 0
253 266 7 1 1
254 255 10 1 1
254 256 2 1 0
256 257 1 1 0
257 258 9 1 0
257 259 9 1 1
260 261 4 1 1
260 262 1 1 1
260 263 7 1 0
263 264 5 1 0
263 479 10 1 1
266 267 3 1 0
267 268 4 1 0
267 299 3 1 0
268 269 2 1 0
269 270 10 1 0
269 294 5 1 1
270 271 2 1 0
271 295 10 1 0
271 133 1 1 1
272 273 3 1 1
272 274 5 1 0
274 275 6 1 0
275 276 9 1 0
275 277 9 1 0
275 291 5 1 1
278 279 3 1 0
278 282 2 1 1
279 280 6 1 0
280 287 4 1 1
281 289 8 1 1
282 288 10 1 1
283 284 8 1 0
283 285 4 1 0
283 305 7 1 1
284 290 7 1 0
284 365 2 1 0
285 286 10 1 1
285 306 2 1 1
286 287 3 1 0
286 306 10 1 0
286 452 5 1 0
287 293 3 1 1
288 289 1 1 0
289 290 5 1 0
291 292 10 1 0
297 298 8 1 1
297 454 1 1 0
298 299 9 1 0
300 301 2 1 1
300 302 4 1 1
302 303 9 1 0
302 304 7 1 0
302 330 2 1 0
305 306 2 1 0
305 308 10 1 1
306 308 3 1 0
307 308 10 1 1
307 309 9 1 0
309 310 9 1 0
309 338 2 1 1
309 379 5 1 0
310 311 8 1 1
310 85 3 1 0
311 312 3 1 0
313 314 7 1 1
315 316 5 1 0
315 317 3 1 0
315 499 1 1 0
316 334 10 1 0
316 398 10 1 0
317 318 5 1 0
317 503 6 1 0
318 319 8 1 1
318 502 5 1 0
318 510 10 1 0
319 320 9 1 1
320 333 4 1 1
321 322 2 1 0
322 323 3 1 0
322 325 10 1 0
322 333 4 1 0
323 324 3 1 1
325 326 9 1 0
326 328 3 1 0
327 328 8 1 0
328 329 7 1 0
328 495 3 1 1
329 330 4 1 0
329 331 1 1 0
331 332 5 1 1
331 489 5 1 0
332 481 8 1 1
333 493 10 1 0
334 335 9 1 0
336 337 3 1 0
336 500 6 1 0
337 338 7 1 1
337 382 7 1 1
338 339 6 1 0
338 377 5 1 0
340 341 10 1 0
340 349 2 1 0
340 354 5 1 0
341 343 5 1 0
342 343 4 1 0
344 345 6 1 0
344 346 1 1 0
344 385 4 1 0
346 347 10 1 1
347 348 6 1 0
347 387 3 1 1
348 349 10 1 1
348 386 4 1 0
350 351 9 1 1
350 359 7 1 0
350 13 5 1 1
351 352 8 1 1
352 353 9 1 1
352 356 7 1 1
353 354 10 1 0
354 355 9 1 0
355 356 6 1 1
356 357 1 1 0
358 359 2 1 1
358 361 5 1 0
358 362 5 1 0
358 360 3 1 0
358 92 2 1 1
360 413 2 1 0
361 388 8 1 1
362 367 7 1 1
363 364 9 1 0
363 365 3 1 1
363 370 9 1 0
364 395 10 1 0
365 366 2 1 0
365 371 10 1 1
366 144 7 1 0
367 368 7 1 1
367 369 1 1 0
370 380 1 1 1
371 372 10 1 0
371 373 8 1 1
371 374 7 1 0
375 376 7 1 0
375 383 1 1 0
376 384 5 1 1
377 378 9 1 1
377 381 1 1 1
378 384 9 1 0
381 383 5 1 1
382 496 2 1 1
383 384 9 1 0
388 389 4 1 0
388 392 9 1 0
389 390 8 1 0
390 391 9 1 0
392 393 6 1 1
392 394 6 1 1
395 396 3 1 0
399 411 2 1 0
400 405 10 1 1
404 405 1 1 1
404 412 4 1 0
405 89 5 1 1
408 409 9 1 1
411 412 3 1 1
411 415 9 1 0
411 482 2 1 1
412 415 2 1 0
415 427 4 1 0
415 487 7 1 0
427 428 10 1 1
427 431 7 1 0
427 487 4 1 0
427 424 6 1 1
428 429 6 1 0
428 432 2 1 0
481 482 4 1 1
482 488 3 1 0
483 484 5 1 1
483 485 5 1 1
484 492 4 1 1
485 486 4 1 1
486 487 10 1 1
489 490 10 1 0
490 491 6 1 1
490 492 9 1 1
493 508 1 1 0
494 495 8 1 1
494 507 2 1 0
496 497 10 1 0
496 62 5 1 0
497 498 6 1 0
497 499 6 1 0
499 501 5 1 0
501 447 6 1 1
502 511 2 1 0
503 450 2 1 1
504 505 1 1 0
504 506 2 1 1
505 508 2 1 0
505 509 4 1 1
506 507 6 1 0
509 510 6 1 1
509 511 7 1 1
7 8 4 1 0
7 6 4 1 1
10 9 7 1 1
10 11 3 1 0
13 12 10 1 0
12 14 10 1 0
144 38 5 1 1
144 145 1 1 0
38 39 8 1 1
89 68 8 1 0
89 88 3 1 0
68 40 9 1 1
68 102 2 1 1
40 41 2 1 1
40 81 8 1 1
102 50 1 1 1
50 51 8 1 0
41 95 9 1 1
81 146 2 1 0
95 456 2 1 0
95 143 7 1 0
95 146 7 1 0
146 410 4 1 0
43 42 3 1 1
133 130 10 1 0
128 117 3 1 0
128 132 2 1 1
117 129 9 1 0
117 110 6 1 1
132 130 8 1 0
129 127 1 1 1
127 44 7 1 1
130 131 1 1 0
44 45 4 1 1
110 109 1 1 0
110 126 10 1 0
109 112 10 1 0
62 49 10 1 1
62 61 9 1 1
48 49 7 1 0
75 74 8 1 1
77 78 3 1 0
80 79 1 1 0
92 90 1 1 0
82 83 4 1 0
83 91 7 1 0
91 90 9 1 1
90 93 7 1 1
93 94 7 1 0
85 84 2 1 1
84 86 1 1 0
84 87 1 1 0
86 87 6 1 1
104 103 5 1 0
148 147 7 1 1
147 149 2 1 0
150 153 5 1 1
150 151 4 1 0
152 153 9 1 0
398 397 3 1 0
401 402 7 1 1
401 403 8 1 1
406 407 1 1 1
416 407 2 1 0
413 434 5 1 0
413 414 9 1 1
433 434 6 1 0
418 417 6 1 1
419 420 7 1 1
419 430 9 1 1
421 422 6 1 0
421 423 4 1 1
424 425 3 1 1
424 426 6 1 1
424 438 7 1 1
438 437 6 1 1
437 439 10 1 0
454 453 4 1 1
454 435 7 1 1
453 455 9 1 1
455 460 2 1 0
435 436 10 1 1
460 463 1 1 0
463 462 4 1 1
461 462 8 1 0
461 464 6 1 1
464 466 9 1 0
466 467 8 1 1
452 451 4 1 0
452 440 10 1 0
451 459 4 1 0
459 473 8 1 0
440 441 7 1 0
473 472 5 1 1
442 443 10 1 0
448 444 7 1 0
444 445 10 1 1
465 445 8 1 1
465 468 8 1 0
468 469 4 1 0
469 470 8 1 1
470 471 2 1 1
447 446 9 1 1
450 449 6 1 0
458 457 5 1 1
476 474 1 1 0
476 477 8 1 1
474 475 1 1 1
477 478 2 1 0
479 480 6 1 1
284 177 9 1 1
391 291 8 1 0
397 161 6 1 1
376 187 5 1 1
322 42 9 1 1
399 318 1 1 0
463 89 10 1 1
343 194 3 1 1
437 265 5 1 1
239 53 9 1 1
411 475 10 1 0
21 372 3 1 0
508 449 5 1 0
24 51 6 1 0
54 280 3 1 0
261 73 5 1 0
2 307 6 1 0
476 36 3 1 0
374 231 8 1 1
483 72 10 1 0
188 248 2 1 0
326 346 8 1 1
458 449 7 1 0
435 58 7 1 1
225 130 8 1 0
484 174 1 1 1
322 33 3 1 1
369 191 6 1 0
330 20 1 1 1
324 21 10 1 0
18 385 1 1 1
252 297 5 1 0
7 178 4 1 0
30 43 9 1 0
397 191 8 1 1
450 80 6 1 1
458 335 6 1 1
171 48 5 1 0
485 267 8 1 1
104 136 9 1 0
47 507 10 1 0
302 429 4 1 1
424 132 10 1 1
55 69 1 1 1
81 28 5 1 0
346 114 9 1 0
84 284 7 1 0
57 44 7 1 0
112 358 8 1 1
103 252 6 1 0
202 401 2 1 0
106 343 2 1 1
297 285 4 1 1
47 27 8 1 0
391 38 1 1 1
292 297 2 1 0
292 334 7 1 1
149 56 1 1 1
56 464 8 1 0
252 487 6 1 1
491 427 9 1 0
112 439 5 1 1
62 365 1 1 0
315 75 2 1 0
445 373 7 1 1
373 228 4 1 0
459 103 4 1 0
5 34 7 1 0
357 412 3 1 1
195 208 7 1 0
362 282 10 1 0
282 132 3 1 1
292 358 3 1 0
130 16 3 1 1
354 48 4 1 0
329 398 5 1 1
107 143 5 1 0
302 8 4 1 0
437 468 6 1 1
391 24 6 1 1
70 453 5 1 1
428 250 10 1 1
427 93 7 1 0
235 500 10 1 0
476 259 9 1 1
140 144 9 1 0
373 167 10 1 1
413 463 1 1 0
100 419 5 1 1
67 49 10 1 0
148 127 4 1 1
227 117 3 1 0
147 283 8 1 1
464 193 5 1 0
281 305 2 1 0
168 300 3 1 1
456 265 2 1 0
74 34 4 1 0
228 497 8 1 0
84 178 2 1 0
47 339 10 1 0
137 364 10 1 1
419 487 1 1 1
497 260 4 1 0
432 171 7 1 1
104 329 1 1 1
16 90 9 1 1
14 244 2 1 1
56 483 4 1 1
175 2 10 1 0
151 442 9 1 0
372 443 3 1 0
460 285 8 1 0
372 171 8 1 0
267 357 10 1 0
336 274 2 1 0
235 63 9 1 0
279 71 5 1 1
251 475 7 1 1
440 88 5 1 0
169 453 7 1 1
172 264 9 1 1
51 471 10 1 0
503 172 1 1 0
175 199 10 1 0
230 291 7 1 1
16 205 6 1 1
339 82 10 1 0
449 137 10 1 0
119 372 1 1 0
499 126 9 1 0
485 290 9 1 0
181 127 6 1 1
505 298 6 1 1
290 489 6 1 0
34 249 4 1 1
179 277 5 1 1
440 73 1 1 1
343 395 6 1 1
87 478 4 1 1
316 6 8 1 1
307 144 6 1 0
308 435 5 1 1
233 510 5 1 0
126 354 6 1 0
272 162 6 1 0
135 122 1 1 0
365 389 8 1 0
235 479 6 1 1
125 110 7 1 1
289 302 2 1 0
13 387 3 1 0
345 228 2 1 1
10 105 3 1 0
311 286 3 1 0
126 229 10 1 1
286 221 10 1 1
171 11 7 1 0
172 342 6 1 1
245 407 10 1 0
63 188 2 1 0
253 232 3 1 0
435 104 7 1 1
87 138 4 1 0
30 432 7 1 1
476 53 7 1 0
107 103 9 1 1
409 12 2 1 1
344 183 6 1 0
440 85 9 1 1
210 133 4 1 0
45 192 3 1 0
352 234 3 1 0
354 440 4 1 0
28 170 7 1 1
281 2 6 1 1
361 251 8 1 1
35 364 8 1 1
433 81 3 1 1
281 159 7 1 0
495 148 5 1 1
316 239 2 1 1
143 130 4 1 1
26 136 7 1 0
424 419 8 1 0
395 202 5 1 1
136 352 3 1 1
380 360 1 1 1
146 72 1 1 0
424 450 9 1 0
147 425 4 1 0
451 285 5 1 1
195 101 1 1 0
457 177 1 1 1
81 208 3 1 0
182 200 1 1 0
436 509 3 1 1
29 18 10 1 1
149 453 3 1 1
330 473 9 1 0
73 53 9 1 1
340 196 3 1 1
256 444 9 1 0
270 428 3 1 0
407 87 2 1 1
346 295 9 1 0
78 410 9 1 0
87 205 7 1 1
331 59 8 1 0
45 83 9 1 0
411 217 7 1 1
262 497 6 1 0
267 226 1 1 1
456 426 7 1 1
321 505 2 1 1
479 424 3 1 1
488 420 10 1 0
236 272 7 1 0
507 217 10 1 0
366 165 9 1 0
227 338 1 1 0
228 346 6 1 0
488 324 7 1 0
116 214 6 1 0
499 343 10 1 0
155 118 3 1 0
480 256 1 1 0
176 478 5 1 0
375 389 3 1 1
139 438 3 1 1
366 395 4 1 0
42 36 5 1 1
470 372 8 1 0
127 490 5 1 1
407 209 1 1 0
455 68 1 1 1
222 99 8 1 0
351 55 3 1 1
418 87 3 1 1
254 89 8 1 0
256 83 4 1 0
225 147 4 1 1
73 89 3 1 0
376 270 4 1 0
415 507 7 1 0
414 382 7 1 0
319 321 2 1 0
257 29 6 1 1
312 374 3 1 0
43 150 10 1 1
82 423 9 1 1
226 280 7 1 1
125 299 10 1 1
202 220 8 1 0
290 116 10 1 1
130 118 2 1 0
358 76 2 1 1
243 500 8 1 1
163 155 3 1 0
445 227 5 1 0
240 177 5 1 1
299 246 10 1 0
347 136 10 1 1
211 323 5 1 1
318 227 1 1 1
174 222 7 1 0
35 492 1 1 1
441 58 6 1 1
196 346 7 1 0
511 236 10 1 1
485 390 8 1 0
104 59 8 1 1
479 450 8 1 1
138 5 9 1 1
37 172 3 1 0
138 363 8 1 1
242 4 7 1 0
482 154 5 1 1
149 188 2 1 1
99 460 4 1 0
425 450 9 1 0
357 26 8 1 0
161 115 10 1 1
381 37 6 1 1
132 19 10 1 1
187 142 5 1 1
491 238 8 1 1
159 315 1 1 0
210 320 5 1 0
412 304 5 1 0
455 221 8 1 0
206 67 10 1 1
49 231 4 1 0
148 56 3 1 0
418 274 9 1 1
101 374 8 1 0
262 368 10 1 0
508 424 2 1 1
337 46 1 1 0
509 305 8 1 1
204 60 5 1 0
96 195 10 1 1
339 139 7 1 1
437 348 6 1 0
121 269 1 1 1
246 328 3 1 0
484 17 5 1 1
69 250 5 1 0
402 7 3 1 1
129 389 8 1 1
119 123 8 1 1
197 210 7 1 0
363 165 9 1 0
87 5 6 1 0
221 486 6 1 0
247 221 9 1 0
413 265 9 1 1
111 499 2 1 0
448 258 9 1 1
49 166 1 1 0
110 115 3 1 0
26 425 9 1 0
72 204 3 1 1
315 355 9 1 0
189 99 9 1 1
509 155 9 1 0
483 167 10 1 0
82 471 5 1 0
145 45 4 1 0
297 442 3 1 1
55 250 7 1 1
288 110 5 1 0
445 503 10 1 0
503 235 9 1 0
332 103 10 1 0
489 487 7 1 0
127 123 10 1 1
358 357 10 1 1
330 332 3 1 0
501 372 2 1 0
253 133 1 1 0
78 174 8 1 1
337 445 7 1 0
85 334 7 1 1
498 277 8 1 1
210 80 2 1 0
42 223 3 1 1
168 27 1 1 0
160 87 8 1 0
55 270 7 1 0
36 223 6 1 1
314 10 7 1 1
410 213 4 1 0
484 485 3 1 0
309 28 2 1 1
10 219 7 1 1
69 297 3 1 0
18 402 3 1 0
457 206 2 1 0
319 504 10 1 1
401 246 3 1 1
422 501 9 1 0
26 11 10 1 1
245 501 7 1 0
211 451 7 1 1
7 275 6 1 1
293 502 3 1 1
340 55 7 1 0
385 449 8 1 0
474 142 9 1 0
186 407 2 1 1
116 149 7 1 1
83 372 6 1 0
228 281 7 1 1
265 65 3 1 1
230 241 10 1 0
435 123 4 1 1
288 386 8 1 1
497 427 4 1 0
452 23 10 1 0
256 360 2 1 1
227 132 3 1 0
352 378 4 1 0
294 84 5 1 0
434 225 6 1 0
26 289 6 1 1
415 461 2 1 1
231 103 4 1 1
58 371 5 1 1
109 176 8 1 0
445 329 8 1 1
255 165 6 1 0
219 451 1 1 0
162 205 6 1 0
491 62 6 1 1
7 308 5 1 0
18 332 1 1 0
76 390 3 1 1
197 166 1 1 1
235 507 4 1 0
116 328 3 1 1
197 207 1 1 1
109 115 8 1 0
412 293 7 1 1
350 270 8 1 0
112 330 5 1 0
94 410 8 1 1
244 108 3 1 1
430 322 7 1 0
38 287 3 1 0
413 145 4 1 0
132 195 6 1 0
366 374 8 1 0
276 123 9 1 0
72 257 2 1 -2
83 370 6 1 1
94 1 1 1 1
125 184 4 1 0
322 156 8 1 0
427 192 9 1 1
107 214 4 1 0
399 122 8 1 1
121 386 4 1 0
219 414 3 1 1
430 401 6 1 1
363 468 6 1 1
209 498 4 1 0
481 116 9 1 0
123 216 10 1 0
377 330 9 1 0
450 12 7 1 0
432 20 6 1 0
470 270 6 1 0
337 139 6 1 1
301 389 3 1 0
135 200 8 1 0
159 50 10 1 0
359 397 10 1 0
33 149 9 1 0
136 288 4 1 0
413 16 5 1 1
463 182 8 1 0
198 105 6 1 0
49 140 2 1 1
33 261 5 1 1
305 456 7 1 1
349 1 5 1 0
504 327 5 1 0
286 335 9 1 0
283 48 8 1 0
60 394 7 1 0
227 316 10 1 0
436 460 10 1 0
88 61 5 1 0
100 508 2 1 0
477 260 9 1 0
153 235 9 1 0
315 224 3 1 0
418 362 2 1 0
349 509 6 1 0
35 59 10 1 0
77 252 10 1 1
461 97 5 1 0
411 182 1 1 0
509 70 3 1 1
184 381 8 1 1
316 475 1 1 0
199 51 2 1 0
239 85 7 1 0
495 137 4 1 0
178 75 9 1 1
49 269 7 1 0
473 106 6 1 1
276 111 1 1 1
441 332 6 1 0
205 450 3 1 0
65 173 5 1 1
154 383 8 1 0
63 404 5 1 0
171 161 5 1 0
118 224 4 1 0
435 190 10 1 1
108 470 4 1 0
463 209 8 1 1
147 93 2 1 0
120 408 4 1 0
370 455 6 1 1
238 401 6 1 0
376 455 9 1 1
468 266 5 1 1
282 469 9 1 1
200 118 2 1 0
239 435 9 1 0
29 477 6 1 1
183 3 7 1 1
232 241 6 1 0
160 491 2 1 1
384 176 10 1 1
303 407 3 1 1
244 2 6 1 1
90 477 3 1 1
269 160 5 1 0
9 255 6 1 1
500 323 10 1 1
226 17 4 1 1
162 100 8 1 1
442 354 5 1 1
254 56 9 1 1
177 70 10 1 0
283 413 4 1 0
467 303 7 1 0
506 52 8 1 1
402 315 9 1 1
44 66 9 1 0
205 376 6 1 1
78 375 2 1 0
45 468 8 1 1
300 11 4 1 1
288 143 7 1 0
238 91 9 1 1
423 101 10 1 1
159 455 8 1 0
46 77 6 1 1
438 456 6 1 0
168 438 2 1 0
228 205 9 1 1
60 109 3 1 0
97 31 8 1 0
56 135 1 1 0
215 138 4 1 0
305 446 9 1 0
195 390 3 1 0
181 508 5 1 1
511 454 4 1 0
388 279 9 1 0
13 343 5 1 1
132 121 7 1 0
420 165 6 1 0
279 398 5 1 0
334 466 3 1 1
76 96 3 1 0
397 429 1 1 1
271 172 7 1 1
297 357 4 1 1
398 305 6 1 0
266 449 6 1 1
380 322 8 1 0
511 252 5 1 0
412 136 4 1 1
273 453 10 1 0
440 111 5 1 0
88 261 9 1 1
40 321 3 1 1
221 370 9 1 0
200 348 4 1 0
141 425 10 1 0
461 442 8 1 1
496 325 10 1 0
504 467 7 1 0
148 320 3 1 0
274 53 9 1 0
133 312 5 1 1
166 318 4 1 1
326 491 4 1 1
131 60 1 1 0
336 448 4 1 0
392 136 3 1 0
64 75 5 1 0
211 433 5 1 0
405 393 3 1 1
415 14 4 1 0
475 69 5 1 0
125 335 3 1 1
481 214 9 1 0
125 1 1 1 0
345 352 6 1 0
511 191 2 1 1
398 405 5 1 1
204 231 2 1 0
61 220 8 1 0
359 498 10 1 0
413 159 10 1 0
4 62 5 1 1
458 351 10 1 1
218 325 5 1 0
184 488 10 1 0
131 327 5 1 0
29 210 10 1 0
74 138 2 1 0
48 333 6 1 1
110 339 1 1 0
408 186 9 1 1
340 441 3 1 1
251 446 5 1 1
31 254 2 1 0
336 79 6 1 1
111 375 9 1 0
199 351 10 1 0
258 429 8 1 1
503 484 10 1 0
152 452 5 1 1
247 166 7 1 1
460 442 1 1 0
81 489 3 1 1
91 476 5 1 1
202 449 2 1 1
137 230 7 1 1
147 127 8 1 1
229 424 10 1 1
462 27 9 1 1
387 140 10 1 1
322 160 1 1 0
177 218 7 1 0
53 275 8 1 1
268 37 3 1 0
330 88 7 1 -77
107 462 5 1 1
508 252 9 1 1
343 78 5 1 1
385 88 1 1 1
403 66 3 1 1
424 490 7 1 0
266 293 5 1 0
177 182 5 1 1
149 4 8 1 0
423 324 8 1 1
504 180 5 1 1
457 115 4 1 1
493 85 1 1 1
257 240 6 1 1
470 36 5 1 0
179 507 3 1 0
473 504 2 1 1
125 304 5 1 0
363 434 9 1 0
175 87 8 1 0
183 464 1 1 0
186 482 5 1 0
146 458 4 1 0
51 209 10 1 0
413 464 3 1 0
331 130 3 1 1
194 161 2 1 1
345 204 4 1 0
342 194 5 1 1
10 115 6 1 1
160 432 2 1 0
215 229 8 1 0
484 191 6 1 1
41 250 7 1 1
339 86 10 1 0
244 91 7 1 1
61 236 8 1 1
190 394 4 1 1
125 6 7 1 1
508 205 2 1 1
248 408 3 1 0
411 280 1 1 1
262 392 3 1 0
400 392 4 1 0
386 265 4 1 1
174 34 4 1 1
96 121 6 1 0
263 96 4 1 1
410 447 4 1 0
306 460 5 1 1
191 279 6 1 1
35 83 5 1 0
192 242 9 1 0
369 247 7 1 1
350 153 5 1 -2
479 274 10 1 0
26 418 7 1 0
301 269 4 1 0
390 181 5 1 1
316 65 1 1 0
85 146 10 1 1
356 361 5 1 0
241 163 9 1 0
284 239 5 1 1
364 384 10 1 1
70 284 8 1 0
248 479 10 1 0
483 142 7 1 1
38 189 1 1 1
407 298 9 1 1
285 240 3 1 0
22 131 6 1 1
427 98 7 1 1
293 274 5 1 1
119 489 7 1 0
332 489 5 1 0
283 245 4 1 1
358 491 10 1 0
283 272 9 1 1
162 72 8 1 0
207 259 7 1 0
246 89 10 1 0
359 59 1 1 1
71 492 2 1 0
39 234 9 1 0
297 212 4 1 0
256 326 6 1 1
400 423 1 1 1
418 165 6 1 0
461 334 4 1 1
451 500 7 1 0
63 480 3 1 0
276 339 10 1 1
141 172 9 1 0
299 64 1 1 0
93 402 9 1 0
90 165 3 1 0
433 169 2 1 1
445 468 9 1 0
367 36 6 1 1
375 508 9 1 0
225 288 6 1 0
82 296 9 1 1
156 481 2 1 1
366 8 9 1 0
100 420 8 1 0
264 109 7 1 0
92 14 5 1 0
134 35 3 1 1
414 441 10 1 0
187 57 5 1 1
42 133 6 1 1
473 266 5 1 1
458 119 7 1 0
192 360 2 1 1
94 81 10 1 0
216 13 4 1 0
76 173 5 1 0
120 454 1 1 0
343 60 6 1 0
192 460 9 1 1
184 465 10 1 0
69 61 9 1 1
487 247 2 1 1
266 308 4 1 0
423 257 6 1 1
421 192 5 1 0
143 98 2 1 0
89 380 7 1 -1
228 398 1 1 1
312 208 3 1 1
51 506 7 1 0
373 53 9 1 0
494 121 7 1 1
329 228 7 1 0
86 229 2 1 0
476 119 6 1 0
76 148 6 1 0
58 21 3 1 1
443 33 3 1 1
233 353 7 1 1
141 25 7 1 1
195 58 5 1 1
287 178 4 1 1
181 421 9 1 0
419 33 4 1 1
386 116 10 1 1
163 39 10 1 0
185 33 5 1 0
185 471 3 1 0
186 5 2 1 0
452 308 1 1 1
382 35 5 1 1
172 211 2 1 1
260 59 9 1 0
333 111 4 1 1
57 59 1 1 1
202 115 9 1 0
141 195 1 1 1
510 426 7 1 0
444 365 1 1 0
39 406 3 1 1
115 421 6 1 1
317 45 4 1 0
161 54 5 1 1
459 283 9 1 1
299 249 1 1 1
3 507 9 1 0
229 428 5 1 1
29 73 9 1 1
330 30 7 1 0
398 118 2 1 0
223 402 1 1 0
158 29 6 1 0
235 346 7 1 0
361 212 8 1 0
112 326 2 1 0
345 235 7 1 0
358 223 1 1 1
86 283 7 1 1
467 161 6 1 1
473 223 8 1 1
29 209 4 1 1
376 243 2 1 0
72 50 10 1 0
349 439 4 1 1
308 170 4 1 1
140 271 4 1 1
279 3 2 1 1
207 34 2 1 0
32 332 7 1 1
149 170 3 1 1
183 54 6 1 1
325 171 5 1 1
91 163 9 1 0
40 473 3 1 0
363 384 5 1 0
268 451 5 1 0
399 15 5 1 1
356 368 10 1 -1
486 70 1 1 0
105 340 7 1 1
435 24 9 1 0
508 242 9 1 1
417 254 5 1 0
386 441 1 1 1
89 423 3 1 0
390 24 2 1 1
504 122 8 1 1
186 208 5 1 1
70 485 8 1 1
165 337 5 1 0
18 30 2 1 1
169 36 7 1 0
212 392 7 1 0
248 453 5 1 0
169 310 9 1 0
495 378 9 1 0
241 469 1 1 1
179 231 10 1 1
119 322 2 1 0
411 311 8 1 1
227 258 1 1 0
160 45 6 1 1
463 202 9 1 0
208 153 2 1 1
140 420 4 1 0
198 185 1 1 0
154 510 10 1 0
314 121 2 1 1
251 401 7 1 0
100 409 9 1 1
112 412 6 1 0
28 505 9 1 0
296 137 10 1 1
495 323 4 1 0
43 180 1 1 0
159 171 6 1 1
109 281 6 1 0
232 145 10 1 1
381 27 8 1 0
140 401 9 1 1
103 320 1 1 1
86 459 4 1 1
489 382 2 1 1
185 52 8 1 0
127 172 3 1 1
456 357 2 1 1
355 326 1 1 0
9 219 3 1 1
160 508 9 1 0
303 177 7 1 0
463 456 7 1 0
163 224 6 1 0
233 28 9 1 0
142 354 7 1 0
269 336 5 1 1
258 44 4 1 1
341 396 5 1 1
436 81 7 1 1
232 130 4 1 1
60 340 3 1 1
145 318 5 1 0
487 498 2 1 1
165 470 1 1 0
123 193 6 1 0
128 495 4 1 1
465 349 9 1 0
146 365 8 1 0
425 335 7 1 1
425 197 10 1 1
9 241 5 1 0
128 424 2 1 0
140 125 2 1 0
143 503 7 1 0
109 200 6 1 0
100 10 7 1 0
358 496 9 1 1
42 454 1 1 0
463 107 10 1 0
239 177 10 1 1
511 267 9 1 1
498 163 7 1 1
281 392 5 1 0
436 508 3 1 0
270 121 4 1 1
289 495 1 1 1
327 260 10 1 1
288 510 3 1 1
13 86 1 1 0
484 104 5 1 1
76 320 10 1 1
34 270 4 1 1
417 262 9 1 0
339 117 8 1 1
310 380 4 1 0
112 259 3 1 1
26 406 3 1 0
255 223 10 1 0
45 291 1 1 1
225 344 9 1 0
440 106 6 1 0
143 484 1 1 0
354 419 3 1 1
419 206 3 1 0
119 339 10 1 1
226 436 8 1 1
439 497 10 1 0
194 26 1 1 0
100 262 3 1 1
77 56 8 1 1
391 338 9 1 0
197 35 8 1 0
505 417 4 1 1
508 260 2 1 1
134 480 7 1 0
209 492 4 1 0
463 286 10 1 0
121 55 7 1 0
94 58 5 1 1
174 474 10 1 1
131 54 3 1 1
164 145 7 1 0
288 487 4 1 1
310 363 3 1 0
79 402 9 1 1
178 332 10 1 0
3 218 7 1 0
70 382 4 1 1
331 321 5 1 0
357 509 10 1 1
187 274 5 1 0
179 105 5 1 1
292 415 1 1 0
153 385 1 1 0
98 383 2 1 0
250 191 7 1 0
80 417 9 1 1
165 178 2 1 0
296 247 7 1 0
66 366 10 1 1
185 205 6 1 1
39 301 9 1 1
495 509 2 1 0
324 396 10 1 1
484 215 6 1 0
461 40 9 1 0
468 365 4 1 1
421 91 2 1 1
478 225 6 1 1
259 305 4 1 1
64 82 2 1 0
357 475 2 1 0
89 270 7 1 1
296 90 2 1 1
428 311 6 1 0
473 126 9 1 0
348 165 1 1 0
245 192 5 1 1
53 264 6 1 1
252 453 6 1 0
13 167 1 1 0
245 367 5 1 1
65 488 7 1 0
178 501 5 1 0
55 321 5 1 1
217 504 4 1 1
280 176 3 1 0
472 426 3 1 0
260 434 3 1 0
54 13 1 1 0
118 10 4 1 0
164 315 1 1 0
203 425 5 1 0
460 428 9 1 0
106 164 8 1 -22
342 261 4 1 0
343 26 8 1 0
188 194 2 1 1
501 128 1 1 0
265 301 5 1 1
106 340 6 1 0
449 100 10 1 1
25 280 10 1 0
