419 -2.8864990397892143e-09 
8358 -8.317555810766208e-10 
6890 1.0306415945335323e-07 
1020 -8.73690009228767e-12 
2913 7.214251346934764e-07 
5826 -2.8359457004967226e-09 
5658 8.95833253411471e-09 
152 -2.528713238802993e-09 
8780 -2.765476736499295e-09 
7028 -2.8939393104110422e-09 
1415 -4.697983946311268e-10 
3730 1.0459420135555675e-09 
4068 -2.452326897106616e-09 
1602 -1.5858211410701983e-09 
4992 1.1502057423052464e-06 
6869 -2.9601210371765774e-09 
5031 -2.1965497198905837e-09 
2501 -2.421811862163281e-09 
3632 2.1555937898543043e-07 
963 1.8782220272128836e-08 
7686 -1.231100971166299e-09 
4208 -2.1798892690938487e-09 
3526 -2.720954350721172e-09 
2169 -2.8895374981630084e-09 
418 -2.48021525539599e-09 
6042 7.076929011903821e-08 
5580 -2.501652551778477e-09 
4904 -1.7153917730716728e-09 
2013 -2.8879467706133255e-09 
2551 -2.91002866248391e-09 
9360 -2.3029145812536456e-09 
3763 -2.9607747364934767e-09 
1607 -2.9521416422539914e-09 
2113 6.899726470721568e-09 
1935 -1.5050214408063312e-09 
6339 -2.9098909948288565e-09 
8576 7.219250058865256e-10 
298 -1.7972168198099325e-09 
7883 -2.8376785365935575e-09 
1648 -1.0583019183219022e-09 
