0 0 5 5 2065
0 1 7 5 1683
0 2 2 5 738
0 3 5 2 26
0 4 7 2 15
0 5 2 5 257
0 6 9 5 2424
0 7 4 8 354989
0 8 9 4 664
0 9 7 3 105
0 10 4 5 606
0 11 1 5 205
0 12 3 4 304
0 13 8 5 2628
0 14 8 2 41
0 15 6 4 644
0 16 5 7 33950
0 17 1 5 239
0 18 5 4 505
0 19 5 4 528
0 20 7 2 17
0 21 5 4 367
0 22 7 4 267
0 23 6 3 39
0 24 9 5 2740
0 25 10 4 316
0 26 2 4 83
0 27 10 3 174
0 28 3 3 36
0 29 8 3 79
0 30 8 4 211
0 31 6 4 547
0 32 3 3 20
0 33 8 3 51
0 34 4 5 641
0 35 5 4 188
0 36 6 4 197
0 37 5 4 364
0 38 1 6 4398
0 39 1 7 10782
0 40 5 4 248
0 41 5 5 1352
0 42 1 6 1915
0 43 8 7 81787
0 44 4 5 1568
0 45 2 4 202
0 46 4 3 67
0 47 7 1 12
0 48 9 4 543
0 49 8 6 7608
0 50 8 4 419
0 51 2 8 363487
0 52 6 3 84
0 53 7 7 43229
0 54 7 4 281
0 55 4 4 283
0 56 4 4 358
0 57 10 4 951
0 58 3 6 2530
0 59 3 6 3735
0 60 9 4 792
0 61 3 6 2695
0 62 7 3 49
0 63 5 3 75
1 0 1 6 3566
1 1 9 7 58525
1 2 8 5 1276
1 3 10 5 5408
1 4 2 3 27
1 5 1 8 138512
1 6 9 3 59
1 7 7 4 758
1 8 1 6 1106
1 9 4 2 17
1 10 7 5 1689
1 11 9 3 155
1 12 8 2 32
1 13 1 7 12588
1 14 9 4 849
1 15 6 3 84
1 16 4 4 241
1 17 4 6 6281
1 18 8 6 11837
1 19 1 5 583
1 20 1 4 26
1 21 1 5 466
1 22 10 4 286
1 23 9 1 15
1 24 9 6 44057
1 25 8 2 41
1 26 1 6 3690
1 27 2 5 1077
1 28 8 4 575
1 29 10 6 16864
1 30 1 6 1530
1 31 6 7 100478
1 32 6 5 2103
1 33 5 4 288
1 34 9 2 37
1 35 6 3 69
1 36 2 4 215
1 37 6 4 146
1 38 9 3 84
1 39 4 6 11424
1 40 6 2 12
1 41 5 3 95
1 42 7 4 199
1 43 4 5 1902
1 44 6 3 110
1 45 5 5 1577
1 46 5 5 634
1 47 2 6 2990
1 48 9 3 121
1 49 3 4 219
1 50 3 3 63
1 51 6 6 17507
1 52 9 4 930
1 53 6 3 122
1 54 9 8 393112
1 55 7 3 154
1 56 8 6 25957
1 57 2 3 32
1 58 10 3 85
1 59 9 6 40996
1 60 1 5 189
1 61 8 1 11
1 62 5 5 950
1 63 8 3 47
2 0 2 4 180
2 1 5 3 39
2 2 3 3 51
2 3 4 3 80
2 4 5 3 40
2 5 10 6 23779
2 6 9 3 164
2 7 2 4 91
2 8 5 4 263
2 9 8 4 348
2 10 4 9 4242532
2 11 10 2 35
2 12 2 3 33
2 13 9 3 76
2 14 6 6 6499
2 15 1 5 550
2 16 5 6 4035
2 17 8 3 148
2 18 9 2 21
2 19 2 9 1166063
2 20 4 6 8246
2 21 10 6 11354
2 22 3 4 108
2 23 1 5 600
2 24 10 4 246
2 25 4 7 73318
2 26 2 4 83
2 27 9 3 134
2 28 2 4 129
2 29 3 4 221
2 30 8 5 1020
2 31 6 5 997
2 32 4 3 43
2 33 6 3 32
2 34 9 4 230
2 35 5 7 196189
2 36 2 6 3049
2 37 1 4 38
2 38 2 4 185
2 39 1 3 9
2 40 9 5 2100
2 41 3 9 1262696
2 42 3 6 2201
2 43 9 2 18
2 44 6 3 46
2 45 2 6 5245
2 46 2 5 239
2 47 6 9 3770282
2 48 6 6 4710
2 49 3 6 5807
2 50 7 5 2697
2 51 6 6 9918
2 52 6 3 117
2 53 9 8 2515887
2 54 9 6 35335
2 55 2 5 387
2 56 2 6 2024
2 57 6 4 564
2 58 10 2 24
2 59 3 5 717
2 60 10 4 558
2 61 1 7 8926
2 62 8 7 110275
2 63 4 6 2833
3 0 1 3 10
3 1 10 4 311
3 2 4 4 115
3 3 9 5 2182
3 4 7 3 62
3 5 6 5 1036
3 6 5 4 445
3 7 3 5 831
3 8 9 4 303
3 9 10 4 405
3 10 4 3 65
3 11 9 5 1539
3 12 9 6 10725
3 13 9 4 998
3 14 3 3 21
3 15 1 5 120
3 16 10 5 1763
3 17 3 5 497
3 18 6 4 182
3 19 2 3 41
3 20 3 8 163096
3 21 8 7 154395
3 22 1 4 44
3 23 3 4 322
3 24 6 4 209
3 25 9 2 34
3 26 9 4 328
3 27 2 5 1343
3 28 3 3 25
3 29 2 4 50
3 30 2 6 2269
3 31 9 4 821
3 32 3 5 1544
3 33 7 5 2092
3 34 9 4 643
3 35 5 6 5653
3 36 8 8 380528
3 37 3 5 1150
3 38 3 3 60
3 39 5 3 62
3 40 8 4 329
3 41 9 2 20
3 42 10 8 491761
3 43 3 7 40923
3 44 6 3 54
3 45 8 3 151
3 46 10 2 24
3 47 6 7 47775
3 48 5 5 667
3 49 7 5 2142
3 50 10 3 182
3 51 9 5 3941
3 52 2 10 33147803
3 53 1 3 17
3 54 1 4 100
3 55 7 5 990
3 56 10 4 661
3 57 8 4 186
3 58 8 4 206
3 59 8 3 45
3 60 9 3 56
3 61 7 6 24443
3 62 6 4 272
3 63 5 1 8
4 0 8 4 506
4 1 3 5 1790
4 2 7 4 619
4 3 7 5 3029
4 4 4 5 1835
4 5 6 4 329
4 6 9 4 236
4 7 4 4 99
4 8 10 3 179
4 9 9 8 676463
4 10 6 4 594
4 11 5 4 274
4 12 10 4 278
4 13 7 2 37
4 14 8 4 456
4 15 6 4 667
4 16 3 6 6365
4 17 1 9 702823
4 18 10 5 2576
4 19 7 4 380
4 20 10 3 56
4 21 8 7 299389
4 22 1 4 34
4 23 4 4 256
4 24 5 5 670
4 25 1 6 1632
4 26 6 3 62
4 27 6 3 45
4 28 4 6 4160
4 29 10 3 69
4 30 8 4 428
4 31 6 3 57
4 32 3 2 11
4 33 9 4 976
4 34 1 4 35
4 35 4 5 596
4 36 8 5 1534
4 37 3 5 681
4 38 7 3 38
4 39 7 5 1161
4 40 10 4 301
4 41 6 5 1372
4 42 7 5 1608
4 43 8 5 2199
4 44 2 3 25
4 45 6 5 1472
4 46 5 9 2125563
4 47 8 5 1959
4 48 6 4 440
4 49 7 1 12
4 50 6 3 125
4 51 10 3 55
4 52 2 6 1592
4 53 8 6 9519
4 54 2 8 131660
4 55 2 6 1396
4 56 8 2 42
4 57 8 6 12175
4 58 5 6 3961
4 59 2 4 86
4 60 2 4 65
4 61 6 5 968
4 62 9 2 28
4 63 7 3 105
5 0 1 4 83
5 1 10 6 10725
5 2 6 2 24
5 3 5 4 124
5 4 4 4 136
5 5 6 4 336
5 6 2 7 11987
5 7 10 6 11941
5 8 3 4 75
5 9 7 3 83
5 10 7 8 595231
5 11 5 6 8644
5 12 3 5 665
5 13 6 3 113
5 14 7 5 4506
5 15 3 5 1551
5 16 10 5 1782
5 17 10 6 10434
5 18 5 6 4777
5 19 8 4 235
5 20 7 4 180
5 21 4 8 286783
5 22 3 8 220287
5 23 3 5 1929
5 24 2 5 266
5 25 1 5 524
5 26 9 6 12764
5 27 6 5 3384
5 28 4 3 88
5 29 9 3 58
5 30 3 6 6968
5 31 6 2 24
5 32 8 3 142
5 33 1 6 3464
5 34 6 3 109
5 35 8 5 1163
5 36 3 4 69
5 37 5 5 1088
5 38 7 3 59
5 39 10 8 503228
5 40 7 5 2084
5 41 5 4 224
5 42 7 1 11
5 43 5 4 508
5 44 5 2 14
5 45 6 6 22134
5 46 1 7 14141
5 47 4 2 20
5 48 7 4 452
5 49 10 5 4922
5 50 8 4 438
5 51 9 1 8
5 52 2 8 219277
5 53 7 3 107
5 54 6 7 47871
5 55 7 3 123
5 56 2 4 52
5 57 10 2 51
5 58 6 3 84
5 59 10 3 72
5 60 6 4 537
5 61 9 5 1954
5 62 6 3 48
5 63 10 4 254
6 0 7 6 29510
6 1 4 7 39121
6 2 4 4 192
6 3 5 5 698
6 4 2 6 3931
6 5 6 3 80
6 6 7 4 288
6 7 8 4 495
6 8 3 6 2855
6 9 9 2 17
6 10 3 8 906372
6 11 5 6 22753
6 12 8 3 54
6 13 5 6 16077
6 14 2 5 239
6 15 1 5 381
6 16 4 5 2253
6 17 1 4 100
6 18 6 3 124
6 19 10 4 258
6 20 3 5 588
6 21 1 5 192
6 22 1 5 349
6 23 9 5 2956
6 24 4 5 1643
6 25 1 5 221
6 26 10 3 119
6 27 7 3 133
6 28 2 4 74
6 29 8 6 10710
6 30 6 4 332
6 31 6 4 319
6 32 4 3 28
6 33 6 3 61
6 34 2 5 561
6 35 7 5 2232
6 36 6 3 84
6 37 8 3 174
6 38 7 4 665
6 39 3 7 32519
6 40 7 6 7766
6 41 1 6 3055
6 42 4 3 60
6 43 5 5 601
6 44 9 1 10
6 45 3 4 218
6 46 5 7 185195
6 47 3 3 22
6 48 3 6 4047
6 49 10 4 635
6 50 3 6 3719
6 51 6 5 2811
6 52 10 4 295
6 53 9 5 1092
6 54 2 5 655
6 55 8 6 17729
6 56 7 3 137
6 57 9 3 110
6 58 9 4 311
6 59 10 4 772
6 60 10 3 164
6 61 4 4 233
6 62 8 4 214
6 63 9 5 4716
7 0 1 3 18
7 1 5 7 187521
7 2 3 8 210402
7 3 3 6 9307
7 4 10 6 11060
7 5 2 4 200
7 6 1 5 149
7 7 6 4 485
7 8 5 6 5585
7 9 7 6 18644
7 10 5 2 20
7 11 5 3 37
7 12 2 5 242
7 13 7 4 264
7 14 5 3 44
7 15 9 4 302
7 16 6 4 217
7 17 5 5 1733
7 18 9 4 528
7 19 9 3 174
7 20 10 6 11653
7 21 9 10 68862564
7 22 6 6 11538
7 23 9 3 145
7 24 1 5 424
7 25 9 7 79745
7 26 5 5 1555
7 27 4 4 112
7 28 10 6 8788
7 29 10 2 28
7 30 10 3 203
7 31 2 5 271
7 32 3 4 99
7 33 2 6 3237
7 34 7 4 233
7 35 2 5 290
7 36 1 3 19
7 37 2 5 290
7 38 10 5 4119
7 39 7 7 187485
7 40 1 8 102909
7 41 7 4 336
7 42 9 3 140
7 43 10 7 124673
7 44 7 7 71661
7 45 4 5 864
7 46 10 4 299
7 47 2 4 82
7 48 2 4 46
7 49 3 4 335
7 50 10 4 364
7 51 6 5 1506
7 52 5 8 305619
7 53 9 7 60771
7 54 6 5 1970
7 55 5 4 350
7 56 8 6 6630
7 57 2 6 1649
7 58 6 5 743
7 59 3 8 477420
7 60 1 6 2889
7 61 6 5 737
7 62 6 6 26262
7 63 7 3 93
8 0 2 7 31164
8 1 7 6 14261
8 2 4 3 39
8 3 4 6 2999
8 4 6 4 177
8 5 6 3 129
8 6 5 3 101
8 7 10 7 282976
8 8 3 7 91997
8 9 9 6 10402
8 10 10 5 3513
8 11 6 4 160
8 12 9 7 86395
8 13 8 4 301
8 14 3 2 6
8 15 1 6 1119
8 16 3 4 276
8 17 7 4 221
8 18 10 8 2590203
8 19 9 5 1673
8 20 3 4 139
8 21 1 5 345
8 22 5 5 683
8 23 6 6 8424
8 24 3 5 910
8 25 9 5 4263
8 26 7 2 17
8 27 9 4 561
8 28 5 5 1665
8 29 10 3 187
8 30 5 5 1915
8 31 8 5 2068
8 32 2 4 79
8 33 2 3 15
8 34 10 8 744624
8 35 5 3 74
8 36 8 5 3237
8 37 4 2 11
8 38 4 4 102
8 39 5 4 462
8 40 5 9 6435015
8 41 9 5 2022
8 42 7 2 28
8 43 1 4 32
8 44 2 5 425
8 45 1 4 108
8 46 9 2 16
8 47 1 6 715
8 48 7 3 127
8 49 8 5 4961
8 50 7 3 68
8 51 7 4 187
8 52 9 4 252
8 53 6 6 8652
8 54 7 6 14418
8 55 6 4 633
8 56 6 5 794
8 57 1 6 4361
8 58 2 5 337
8 59 4 6 5248
8 60 5 7 81425
8 61 3 4 209
8 62 3 2 7
8 63 6 5 1800
9 0 4 7 79898
9 1 10 6 28356
9 2 8 5 5020
9 3 8 3 43
9 4 6 3 78
9 5 7 3 81
9 6 1 7 27402
9 7 1 7 14013
9 8 2 4 56
9 9 8 2 26
9 10 1 3 13
9 11 6 5 718
9 12 1 8 45816
9 13 8 2 39
9 14 6 4 219
9 15 8 8 658251
9 16 2 7 13413
9 17 1 8 270501
9 18 4 2 20
9 19 8 4 515
9 20 10 3 90
9 21 7 5 1076
9 22 9 4 395
9 23 2 4 62
9 24 10 3 58
9 25 8 6 8154
9 26 4 5 1170
9 27 3 3 39
9 28 3 6 3914
9 29 3 6 2970
9 30 2 6 1500
9 31 4 3 28
9 32 5 5 870
9 33 8 3 90
9 34 7 3 109
9 35 9 6 11405
9 36 8 2 36
9 37 4 4 260
9 38 2 7 24897
9 39 9 2 20
9 40 2 5 677
9 41 7 2 15
9 42 2 2 9
9 43 8 6 13540
9 44 7 5 976
9 45 2 4 50
9 46 3 4 268
9 47 8 1 13
9 48 2 5 590
9 49 3 4 159
9 50 8 2 31
9 51 4 4 236
9 52 3 3 53
9 53 3 3 32
9 54 3 3 32
9 55 8 3 52
9 56 3 6 4405
9 57 5 2 26
9 58 2 4 71
9 59 4 5 1392
9 60 3 4 199
9 61 8 4 830
9 62 3 4 265
9 63 7 4 373
10 0 1 5 493
10 1 2 2 6
10 2 3 7 16520
10 3 6 3 67
10 4 8 5 4976
10 5 10 6 18069
10 6 10 3 121
10 7 6 4 227
10 8 5 6 3636
10 9 4 3 53
10 10 7 5 1076
10 11 1 4 92
10 12 9 2 17
10 13 1 4 30
10 14 10 5 1749
10 15 10 6 9146
10 16 3 3 59
10 17 3 4 152
10 18 6 5 3222
10 19 9 4 797
10 20 10 6 10277
10 21 10 3 100
10 22 4 4 110
10 23 2 7 17329
10 24 8 4 186
10 25 7 5 2478
10 26 3 3 43
10 27 6 6 6304
10 28 1 8 95683
10 29 7 3 106
10 30 10 6 40039
10 31 7 1 8
10 32 6 2 14
10 33 1 5 494
10 34 3 5 521
10 35 6 5 853
10 36 9 4 692
10 37 1 6 766
10 38 4 5 729
10 39 8 7 57743
10 40 3 5 624
10 41 7 5 1125
10 42 5 4 145
10 43 10 4 650
10 44 4 4 138
10 45 3 3 42
10 46 8 4 378
10 47 2 2 7
10 48 9 3 155
10 49 9 5 1780
10 50 8 5 971
10 51 6 7 58205
10 52 8 7 84953
10 53 8 1 6
10 54 3 5 1159
10 55 10 3 200
10 56 8 3 147
10 57 7 4 614
10 58 7 3 56
10 59 9 5 3858
10 60 4 7 24638
10 61 9 2 35
10 62 6 3 59
10 63 10 2 34
11 0 2 4 195
11 1 1 5 177
11 2 10 4 350
11 3 1 6 1019
11 4 3 4 244
11 5 3 4 120
11 6 9 5 1191
11 7 3 4 226
11 8 4 9 1490401
11 9 7 4 790
11 10 7 4 606
11 11 2 6 3128
11 12 7 3 122
11 13 9 5 5378
11 14 3 4 227
11 15 2 8 99205
11 16 4 3 53
11 17 9 4 292
11 18 8 6 34898
11 19 8 6 15992
11 20 2 6 1569
11 21 8 6 6988
11 22 1 5 451
11 23 6 6 8544
11 24 1 6 1625
11 25 2 6 1623
11 26 10 3 185
11 27 6 3 48
11 28 1 7 10646
11 29 4 7 27349
11 30 8 7 44324
11 31 4 7 48554
11 32 10 4 507
11 33 8 4 336
11 34 7 4 332
11 35 4 4 327
11 36 9 4 616
11 37 6 2 26
11 38 10 3 131
11 39 4 3 50
11 40 5 4 126
11 41 6 3 53
11 42 3 4 238
11 43 7 6 20246
11 44 3 6 2623
11 45 6 5 775
11 46 1 8 272487
11 47 3 9 1922788
11 48 3 4 69
11 49 6 5 2816
11 50 10 6 17030
11 51 4 6 4087
11 52 8 6 14181
11 53 8 2 36
11 54 5 3 37
11 55 3 6 11999
11 56 5 3 110
11 57 7 5 817
11 58 2 4 172
11 59 5 4 159
11 60 9 4 777
11 61 7 4 158
11 62 6 4 427
11 63 6 2 19
12 0 7 5 800
12 1 5 5 1020
12 2 5 7 63173
12 3 1 8 343280
12 4 10 4 371
12 5 4 5 1614
12 6 3 4 256
12 7 6 3 82
12 8 3 5 2002
12 9 6 5 1218
12 10 6 6 6557
12 11 10 4 403
12 12 10 2 36
12 13 2 6 5743
12 14 9 4 384
12 15 6 2 17
12 16 1 4 52
12 17 2 4 122
12 18 7 4 615
12 19 6 4 326
12 20 4 3 44
12 21 6 7 33561
12 22 8 3 132
12 23 10 6 9669
12 24 1 7 20747
12 25 10 5 1512
12 26 7 4 158
12 27 7 5 1540
12 28 10 3 202
12 29 6 3 40
12 30 3 4 85
12 31 9 1 15
12 32 3 4 167
12 33 3 5 1386
12 34 2 7 21829
12 35 5 4 171
12 36 2 5 1066
12 37 9 1 9
12 38 1 10 19714758
12 39 6 8 721589
12 40 4 3 40
12 41 5 5 873
12 42 4 4 152
12 43 7 4 210
12 44 6 5 1395
12 45 8 3 68
12 46 8 4 180
12 47 6 4 402
12 48 2 6 6200
12 49 7 4 351
12 50 6 4 138
12 51 6 3 46
12 52 9 3 66
12 53 4 3 43
12 54 1 5 564
12 55 3 5 1866
12 56 3 5 520
12 57 8 4 215
12 58 6 4 595
12 59 5 6 16193
12 60 9 4 808
12 61 6 2 26
12 62 6 4 595
12 63 1 5 201
13 0 3 2 12
13 1 4 6 5231
13 2 8 7 47304
13 3 7 7 53472
13 4 5 2 9
13 5 5 4 207
13 6 10 3 94
13 7 10 7 95146
13 8 4 4 229
13 9 10 2 26
13 10 6 6 5252
13 11 6 9 4277331
13 12 4 5 1158
13 13 6 2 19
13 14 8 4 177
13 15 10 2 18
13 16 9 2 35
13 17 2 5 513
13 18 2 2 6
13 19 1 5 325
13 20 7 2 24
13 21 5 3 40
13 22 1 5 146
13 23 4 4 203
13 24 7 2 29
13 25 7 5 2268
13 26 8 4 290
13 27 8 5 3001
13 28 10 4 715
13 29 6 4 365
13 30 6 3 102
13 31 4 5 1175
13 32 3 5 1365
13 33 2 4 81
13 34 7 4 635
13 35 7 2 17
13 36 1 4 64
13 37 6 3 79
13 38 8 3 105
13 39 10 5 2384
13 40 7 3 114
13 41 2 6 1984
13 42 4 5 735
13 43 4 6 6058
13 44 2 4 221
13 45 5 5 621
13 46 1 6 2781
13 47 8 4 648
13 48 4 3 27
13 49 3 9 2449468
13 50 7 7 54693
13 51 7 2 20
13 52 10 4 335
13 53 6 3 110
13 54 6 6 20501
13 55 3 5 551
13 56 9 5 1293
13 57 8 7 100717
13 58 6 3 81
13 59 7 6 5486
13 60 10 3 74
13 61 7 3 54
13 62 10 5 2460
13 63 9 4 287
14 0 6 4 267
14 1 9 4 353
14 2 4 2 13
14 3 2 5 271
14 4 3 6 2187
14 5 9 4 260
14 6 5 5 1582
14 7 8 3 123
14 8 7 2 15
14 9 5 6 4420
14 10 5 5 1559
14 11 4 4 126
14 12 2 5 263
14 13 1 6 4103
14 14 3 5 482
14 15 10 2 37
14 16 2 7 46602
14 17 10 5 3822
14 18 3 7 33590
14 19 8 5 2631
14 20 7 3 98
14 21 2 4 183
14 22 7 4 571
14 23 8 6 18186
14 24 2 6 2466
14 25 8 5 2966
14 26 5 6 3648
14 27 7 6 24851
14 28 8 4 406
14 29 4 4 417
14 30 10 3 88
14 31 6 4 156
14 32 10 2 23
14 33 1 7 9201
14 34 4 3 74
14 35 8 4 329
14 36 7 2 32
14 37 8 4 732
14 38 5 4 397
14 39 10 3 71
14 40 9 6 27090
14 41 5 6 5003
14 42 1 4 29
14 43 6 4 513
14 44 7 2 22
14 45 9 1 14
14 46 6 1 6
14 47 1 7 5138
14 48 3 5 1380
14 49 4 4 318
14 50 7 5 1378
14 51 10 6 9422
14 52 9 2 23
14 53 8 4 212
14 54 1 7 7554
14 55 9 4 408
14 56 10 2 41
14 57 2 6 1391
14 58 4 4 264
14 59 10 6 10353
14 60 9 4 243
14 61 7 4 301
14 62 3 5 502
14 63 7 4 727
15 0 5 3 79
15 1 4 4 115
15 2 10 1 15
15 3 8 8 912626
15 4 8 3 43
15 5 5 5 717
15 6 2 5 585
15 7 7 2 18
15 8 6 8 619296
15 9 6 5 1881
15 10 6 4 250
15 11 9 7 60466
15 12 5 4 136
15 13 5 6 20769
15 14 7 3 62
15 15 2 4 61
15 16 5 4 152
15 17 1 5 119
15 18 4 5 511
15 19 7 4 172
15 20 2 6 4830
15 21 8 6 7553
15 22 2 3 30
15 23 9 3 181
15 24 8 4 554
15 25 5 4 344
15 26 1 4 29
15 27 7 2 33
15 28 4 4 329
15 29 3 5 508
15 30 6 5 2968
15 31 2 6 2076
15 32 6 3 122
15 33 5 5 1192
15 34 2 7 60264
15 35 8 4 294
15 36 9 3 150
15 37 5 5 918
15 38 8 6 14713
15 39 8 4 500
15 40 1 8 90043
15 41 8 4 328
15 42 2 4 145
15 43 6 5 686
15 44 5 6 3592
15 45 7 4 257
15 46 3 5 1332
15 47 9 2 47
15 48 4 5 523
15 49 10 4 275
15 50 7 3 46
15 51 10 4 803
15 52 5 5 2359
15 53 2 7 65556
15 54 9 5 2903
15 55 5 7 141191
15 56 8 6 19566
15 57 7 5 2881
15 58 4 5 622
15 59 9 4 485
15 60 3 4 163
15 61 4 9 2061091
15 62 8 3 61
15 63 9 5 3156
16 0 9 3 140
16 1 6 4 269
16 2 2 10 10874189
16 3 1 4 59
16 4 4 5 2669
16 5 5 5 781
16 6 8 5 1568
16 7 4 6 7865
16 8 9 7 54267
16 9 10 3 104
16 10 1 5 605
16 11 6 5 854
16 12 6 4 163
16 13 8 4 434
16 14 5 5 1720
16 15 7 3 42
16 16 5 9 12923129
16 17 10 4 811
16 18 8 7 41981
16 19 7 6 32734
16 20 10 3 59
16 21 7 6 8351
16 22 3 6 7417
16 23 10 3 58
16 24 1 5 279
16 25 7 5 849
16 26 4 5 507
16 27 6 3 87
16 28 10 4 345
16 29 8 4 610
16 30 6 3 53
16 31 8 3 156
16 32 4 5 1635
16 33 2 5 1073
16 34 2 6 1722
16 35 2 7 13558
16 36 10 2 46
16 37 2 3 14
16 38 4 7 44706
16 39 8 4 385
16 40 2 4 45
16 41 10 3 76
16 42 3 3 30
16 43 1 7 15584
16 44 7 7 108354
16 45 6 6 6397
16 46 5 3 90
16 47 8 1 11
16 48 10 4 439
16 49 7 3 103
16 50 2 5 939
16 51 7 1 6
16 52 8 4 537
16 53 1 5 421
16 54 1 3 15
16 55 7 4 669
16 56 1 5 402
16 57 1 5 625
16 58 5 5 1147
16 59 10 6 33853
16 60 3 4 125
16 61 2 7 10500
16 62 8 5 4406
16 63 9 3 150
17 0 7 5 1080
17 1 4 7 26859
17 2 6 4 280
17 3 4 5 2662
17 4 1 5 682
17 5 1 4 72
17 6 2 5 1094
17 7 10 3 185
17 8 9 7 173029
17 9 5 4 440
17 10 7 2 29
17 11 4 4 142
17 12 3 5 1181
17 13 1 7 9941
17 14 7 3 49
17 15 9 2 24
17 16 1 5 461
17 17 9 2 27
17 18 8 2 31
17 19 4 7 58432
17 20 6 6 11442
17 21 2 6 1491
17 22 6 6 4597
17 23 3 5 359
17 24 6 6 8929
17 25 9 4 277
17 26 6 2 24
17 27 3 3 41
17 28 5 6 3948
17 29 9 3 169
17 30 10 7 242391
17 31 6 5 2941
17 32 9 9 24736941
17 33 2 6 2965
17 34 4 6 11185
17 35 6 3 34
17 36 8 3 56
17 37 9 6 19698
17 38 6 4 304
17 39 4 5 2218
17 40 5 6 4361
17 41 8 4 303
17 42 1 5 183
17 43 3 4 254
17 44 2 5 1311
17 45 10 4 280
17 46 5 4 267
17 47 1 6 2123
17 48 10 5 3535
17 49 4 6 17780
17 50 10 3 174
17 51 6 5 998
17 52 9 5 4690
17 53 10 4 422
17 54 8 3 66
17 55 6 4 436
17 56 2 4 45
17 57 9 3 151
17 58 4 1 7
17 59 2 6 2172
17 60 4 5 1261
17 61 10 6 27459
17 62 9 4 546
17 63 3 5 486
18 0 7 4 203
18 1 8 4 452
18 2 6 4 239
18 3 4 5 786
18 4 1 7 10927
18 5 4 5 1246
18 6 7 3 128
18 7 3 8 448185
18 8 2 5 808
18 9 10 5 5189
18 10 3 4 84
18 11 9 5 1787
18 12 9 3 108
18 13 10 7 50737
18 14 1 6 851
18 15 10 3 194
18 16 3 7 38982
18 17 1 8 115750
18 18 7 4 512
18 19 4 5 1650
18 20 5 5 754
18 21 5 5 2066
18 22 9 5 3449
18 23 2 7 23037
18 24 6 4 197
18 25 1 3 21
18 26 10 4 760
18 27 10 6 7943
18 28 3 6 2943
18 29 7 4 205
18 30 3 4 169
18 31 3 4 146
18 32 10 5 1468
18 33 8 6 12654
18 34 10 2 45
18 35 3 5 1147
18 36 10 4 749
18 37 8 4 227
18 38 9 2 21
18 39 8 2 29
18 40 4 5 1203
18 41 9 6 18590
18 42 2 3 28
18 43 5 3 27
18 44 6 6 20986
18 45 3 5 1626
18 46 9 4 747
18 47 1 7 22112
18 48 9 4 259
18 49 7 5 1754
18 50 1 4 25
18 51 7 6 17833
18 52 7 3 115
18 53 6 8 334117
18 54 5 4 113
18 55 5 3 99
18 56 10 3 142
18 57 6 4 151
18 58 8 3 44
18 59 3 6 7138
18 60 10 3 60
18 61 4 6 6420
18 62 4 6 7626
18 63 6 3 64
19 0 9 3 126
19 1 4 3 65
19 2 6 6 4650
19 3 4 4 131
19 4 9 3 136
19 5 6 6 7623
19 6 10 3 195
19 7 5 4 532
19 8 4 2 12
19 9 1 7 16571
19 10 10 5 1595
19 11 2 3 41
19 12 9 5 4519
19 13 3 3 46
19 14 5 5 1028
19 15 8 6 6881
19 16 8 3 108
19 17 1 7 7776
19 18 9 8 467951
19 19 10 5 4528
19 20 2 5 1054
19 21 9 6 20592
19 22 3 4 193
19 23 3 6 2232
19 24 10 3 171
19 25 2 5 929
19 26 7 4 466
19 27 4 7 41866
19 28 2 10 37526401
19 29 8 4 639
19 30 4 4 395
19 31 6 5 2661
19 32 3 4 99
19 33 10 1 15
19 34 9 5 1926
19 35 2 7 16681
19 36 9 2 27
19 37 8 4 642
19 38 1 3 8
19 39 10 7 271504
19 40 10 7 63021
19 41 3 4 299
19 42 3 4 231
19 43 9 2 47
19 44 8 4 327
19 45 2 5 314
19 46 4 10 15241076
19 47 1 5 170
19 48 3 5 1068
19 49 9 4 279
19 50 6 4 173
19 51 7 4 239
19 52 8 4 231
19 53 6 4 170
19 54 2 6 2072
19 55 5 6 7161
19 56 7 3 48
19 57 10 4 420
19 58 6 8 1238472
19 59 10 4 419
19 60 7 4 403
19 61 7 4 329
19 62 10 4 274
19 63 6 5 700
20 0 9 5 1836
20 1 4 3 77
20 2 1 5 193
20 3 9 4 581
20 4 8 3 44
20 5 2 4 86
20 6 1 6 4669
20 7 10 3 94
20 8 7 3 38
20 9 1 5 284
20 10 10 5 4143
20 11 5 4 153
20 12 3 6 3076
20 13 5 4 140
20 14 8 3 64
20 15 7 4 344
20 16 10 4 670
20 17 3 7 45918
20 18 7 7 278410
20 19 7 3 46
20 20 9 4 569
20 21 8 7 84079
20 22 10 5 1950
20 23 8 5 3525
20 24 6 4 170
20 25 1 4 23
20 26 3 4 78
20 27 7 4 311
20 28 10 3 179
20 29 2 5 293
20 30 6 3 62
20 31 7 6 30119
20 32 2 4 69
20 33 4 5 718
20 34 4 5 835
20 35 1 6 1063
20 36 7 6 14043
20 37 2 3 34
20 38 10 4 257
20 39 5 6 12721
20 40 7 3 137
20 41 3 5 571
20 42 10 5 3805
20 43 1 7 26096
20 44 10 5 3772
20 45 7 5 4412
20 46 9 5 2681
20 47 5 4 153
20 48 8 4 546
20 49 2 5 476
20 50 4 3 53
20 51 10 6 7314
20 52 2 3 19
20 53 5 2 25
20 54 1 7 19193
20 55 3 3 31
20 56 5 4 227
20 57 7 6 8595
20 58 4 3 77
20 59 5 6 9564
20 60 10 6 14902
20 61 2 6 7913
20 62 9 5 1896
20 63 3 3 39
21 0 8 3 142
21 1 3 3 21
21 2 9 2 27
21 3 10 4 538
21 4 4 5 598
21 5 5 4 182
21 6 4 4 122
21 7 6 5 984
21 8 1 6 1171
21 9 3 4 135
21 10 1 5 300
21 11 2 9 1199495
21 12 4 3 53
21 13 6 4 138
21 14 3 4 203
21 15 10 4 566
21 16 8 4 656
21 17 9 6 31049
21 18 10 3 60
21 19 10 6 12420
21 20 10 4 441
21 21 5 5 767
21 22 7 4 433
21 23 9 7 244514
21 24 9 3 152
21 25 8 7 113886
21 26 1 5 246
21 27 4 4 391
21 28 2 5 344
21 29 1 4 68
21 30 1 4 34
21 31 1 5 349
21 32 8 1 7
21 33 3 4 159
21 34 4 3 75
21 35 8 1 12
21 36 5 5 1143
21 37 2 5 1377
21 38 10 4 519
21 39 4 3 86
21 40 1 10 459467515
21 41 8 4 357
21 42 7 4 167
21 43 5 4 394
21 44 1 5 246
21 45 10 4 222
21 46 6 4 294
21 47 4 5 1724
21 48 9 4 1001
21 49 10 4 352
21 50 6 8 983263
21 51 4 5 480
21 52 2 6 3036
21 53 6 6 6212
21 54 1 6 2158
21 55 6 5 1934
21 56 1 3 10
21 57 10 1 6
21 58 7 5 2329
21 59 3 5 401
21 60 6 4 172
21 61 3 4 318
21 62 5 3 74
21 63 8 4 651
22 0 8 1 9
22 1 10 5 1800
22 2 3 6 2705
22 3 8 5 999
22 4 1 6 855
22 5 10 8 1238158
22 6 8 4 768
22 7 8 4 225
22 8 8 3 67
22 9 4 3 25
22 10 9 3 97
22 11 5 5 2484
22 12 8 2 33
22 13 3 5 716
22 14 7 1 8
22 15 10 3 142
22 16 4 4 324
22 17 9 5 1169
22 18 6 4 382
22 19 7 4 194
22 20 9 3 87
22 21 10 3 209
22 22 10 3 192
22 23 9 5 2393
22 24 8 4 745
22 25 2 6 4636
22 26 9 4 678
22 27 4 6 3028
22 28 8 1 14
22 29 6 3 55
22 30 6 3 44
22 31 7 6 5198
22 32 7 5 1671
22 33 3 6 2998
22 34 3 5 555
22 35 10 3 94
22 36 9 3 108
22 37 1 6 1634
22 38 9 3 81
22 39 7 4 413
22 40 2 3 27
22 41 6 3 119
22 42 2 4 99
22 43 7 2 30
22 44 4 8 161612
22 45 3 5 1467
22 46 8 2 23
22 47 5 7 41825
22 48 7 3 74
22 49 6 3 54
22 50 9 4 288
22 51 2 6 2916
22 52 3 4 251
22 53 7 4 716
22 54 4 3 27
22 55 1 6 1826
22 56 2 5 1388
22 57 6 7 30513
22 58 6 4 274
22 59 10 4 227
22 60 1 6 2085
22 61 1 5 163
22 62 8 3 123
22 63 9 4 672
23 0 4 5 567
23 1 10 5 2242
23 2 4 6 8865
23 3 3 3 23
23 4 5 2 19
23 5 2 7 10711
23 6 6 3 125
23 7 4 6 16743
23 8 4 4 233
23 9 6 3 75
23 10 7 7 220181
23 11 2 5 392
23 12 10 5 1323
23 13 1 3 14
23 14 8 4 318
23 15 8 1 5
23 16 2 7 44740
23 17 7 3 48
23 18 10 4 322
23 19 8 3 52
23 20 7 7 41189
23 21 9 4 362
23 22 3 8 779018
23 23 7 6 5797
23 24 1 4 41
23 25 10 5 3217
23 26 8 5 3663
23 27 9 4 493
23 28 8 7 144113
23 29 10 6 29685
23 30 6 4 140
23 31 2 4 198
23 32 3 5 354
23 33 8 4 222
23 34 2 6 1964
23 35 9 6 7308
23 36 4 3 38
23 37 8 4 191
23 38 9 7 56157
23 39 4 4 123
23 40 5 3 65
23 41 4 2 18
23 42 4 7 33826
23 43 6 5 916
23 44 8 2 16
23 45 6 5 2210
23 46 3 7 57338
23 47 4 5 473
23 48 4 5 1653
23 49 7 4 300
23 50 4 3 30
23 51 3 5 990
23 52 9 3 73
23 53 2 3 36
23 54 1 5 223
23 55 7 3 140
23 56 6 2 20
23 57 2 3 16
23 58 5 6 9992
23 59 7 3 39
23 60 3 5 400
23 61 8 5 3087
23 62 7 8 344404
23 63 1 4 70
24 0 6 4 166
24 1 10 7 200782
24 2 7 6 9056
24 3 1 4 29
24 4 2 10 18266474
24 5 3 8 140480
24 6 8 4 197
24 7 8 2 20
24 8 3 3 45
24 9 4 4 217
24 10 10 3 60
24 11 4 3 43
24 12 9 3 70
24 13 1 5 214
24 14 8 5 4999
24 15 3 3 24
24 16 2 3 36
24 17 5 8 398996
24 18 9 3 196
24 19 9 4 266
24 20 3 6 14140
24 21 5 6 4285
24 22 7 2 24
24 23 2 6 9725
24 24 3 3 57
24 25 1 6 3347
24 26 7 7 112833
24 27 9 2 46
24 28 10 7 152101
24 29 7 7 47336
24 30 2 4 138
24 31 1 8 92121
24 32 7 6 4969
24 33 3 5 355
24 34 2 6 2690
24 35 2 7 17927
24 36 7 2 37
24 37 5 4 201
24 38 10 8 1893590
24 39 1 4 44
24 40 1 5 133
24 41 7 5 1777
24 42 8 4 208
24 43 5 4 420
24 44 5 4 125
24 45 7 4 164
24 46 7 7 44471
24 47 7 4 306
24 48 2 6 1727
24 49 1 7 9946
24 50 8 6 19850
24 51 2 5 498
24 52 8 2 22
24 53 7 4 186
24 54 5 8 570451
24 55 6 5 1486
24 56 3 4 323
24 57 6 4 336
24 58 8 2 36
24 59 10 6 25814
24 60 7 2 17
24 61 7 2 29
24 62 10 3 137
24 63 5 5 2933
25 0 9 5 1981
25 1 6 4 308
25 2 2 6 1631
25 3 3 5 501
25 4 8 6 10225
25 5 2 5 407
25 6 2 6 3725
25 7 10 5 1445
25 8 2 3 19
25 9 3 4 71
25 10 5 5 844
25 11 10 4 868
25 12 5 4 380
25 13 3 3 31
25 14 3 7 17803
25 15 7 2 24
25 16 3 4 99
25 17 1 6 742
25 18 9 4 335
25 19 10 4 332
25 20 9 4 315
25 21 7 7 115011
25 22 4 3 62
25 23 5 4 181
25 24 1 7 30525
25 25 4 6 4319
25 26 3 3 57
25 27 2 9 1138718
25 28 1 5 669
25 29 3 5 931
25 30 6 3 34
25 31 3 6 4509
25 32 8 6 17483
25 33 2 6 8880
25 34 9 2 23
25 35 10 3 206
25 36 9 3 166
25 37 1 4 90
25 38 8 6 7404
25 39 4 7 55903
25 40 9 2 33
25 41 5 3 41
25 42 7 7 38375
25 43 9 7 203765
25 44 7 7 34726
25 45 6 3 61
25 46 10 5 3805
25 47 7 4 418
25 48 5 2 14
25 49 6 9 8284197
25 50 1 7 6293
25 51 4 6 6212
25 52 8 5 4740
25 53 5 7 55076
25 54 7 5 1033
25 55 4 7 36439
25 56 3 4 261
25 57 10 2 51
25 58 8 2 16
25 59 2 8 112343
25 60 8 3 159
25 61 10 9 8551229
25 62 4 4 360
25 63 9 3 160
26 0 2 7 13613
26 1 9 6 10868
26 2 4 3 75
26 3 1 5 288
26 4 8 6 14310
26 5 4 4 163
26 6 8 7 162715
26 7 6 6 10522
26 8 1 6 1470
26 9 10 7 151888
26 10 10 4 749
26 11 9 4 326
26 12 10 6 13918
26 13 4 6 9885
26 14 9 4 770
26 15 2 5 899
26 16 3 7 94926
26 17 8 6 7686
26 18 2 5 713
26 19 10 4 978
26 20 6 7 34768
26 21 5 7 87100
26 22 3 7 115822
26 23 10 8 605019
26 24 1 4 75
26 25 4 3 66
26 26 4 5 675
26 27 4 3 77
26 28 3 3 28
26 29 8 6 12832
26 30 2 7 14877
26 31 8 3 119
26 32 3 5 761
26 33 6 5 1853
26 34 9 5 2611
26 35 9 5 1168
26 36 9 4 248
26 37 5 3 56
26 38 9 4 945
26 39 10 4 338
26 40 2 8 108852
26 41 6 2 11
26 42 9 2 42
26 43 6 5 1414
26 44 7 4 320
26 45 6 5 2950
26 46 6 4 145
26 47 2 4 123
26 48 2 6 2560
26 49 8 5 3924
26 50 7 6 16305
26 51 9 3 53
26 52 2 7 12681
26 53 7 3 70
26 54 9 3 74
26 55 10 6 15793
26 56 6 3 63
26 57 10 5 1551
26 58 1 7 11120
26 59 5 3 65
26 60 3 2 6
26 61 10 5 1343
26 62 10 6 9633
26 63 9 3 142
27 0 10 3 142
27 1 6 6 4665
27 2 1 5 321
27 3 8 2 24
27 4 7 3 62
27 5 9 2 37
27 6 4 4 121
27 7 10 5 1324
27 8 7 4 391
27 9 8 3 77
27 10 10 7 292299
27 11 2 3 43
27 12 6 5 3448
27 13 2 4 201
27 14 3 4 185
27 15 10 4 497
27 16 4 4 148
27 17 4 5 2414
27 18 9 5 1638
27 19 1 4 34
27 20 1 8 52264
27 21 9 5 5480
27 22 3 4 216
27 23 10 3 87
27 24 6 5 1737
27 25 4 5 478
27 26 9 6 8936
27 27 5 5 1444
27 28 1 5 691
27 29 3 3 27
27 30 1 6 2113
27 31 1 8 102317
27 32 10 3 154
27 33 7 6 14720
27 34 6 2 11
27 35 6 2 20
27 36 5 4 565
27 37 9 2 47
27 38 3 5 1449
27 39 1 3 14
27 40 2 5 246
27 41 2 5 490
27 42 7 3 141
27 43 2 2 7
27 44 7 5 1059
27 45 9 6 28469
27 46 3 4 71
27 47 7 6 8237
27 48 10 2 47
27 49 2 3 39
27 50 4 4 168
27 51 8 7 233049
27 52 7 4 163
27 53 8 4 806
27 54 6 3 56
27 55 8 3 145
27 56 10 6 12167
27 57 3 5 440
27 58 8 6 13630
27 59 7 4 572
27 60 2 8 613122
27 61 8 5 3553
27 62 9 4 414
27 63 4 5 1209
28 0 7 1 6
28 1 2 4 109
28 2 6 5 2878
28 3 1 4 97
28 4 3 6 3679
28 5 3 3 46
28 6 8 4 303
28 7 1 4 67
28 8 1 7 7139
28 9 5 8 335019
28 10 1 3 19
28 11 9 4 499
28 12 1 5 237
28 13 4 5 1813
28 14 5 4 204
28 15 2 6 2360
28 16 1 5 131
28 17 8 5 5050
28 18 7 5 1200
28 19 3 3 42
28 20 2 5 235
28 21 2 4 199
28 22 10 4 670
28 23 8 6 5616
28 24 7 3 94
28 25 8 6 18153
28 26 4 5 1505
28 27 7 2 32
28 28 10 4 493
28 29 10 7 222290
28 30 10 6 8862
28 31 4 5 793
28 32 1 4 97
28 33 1 5 597
28 34 6 6 5105
28 35 6 6 6474
28 36 2 4 56
28 37 4 4 408
28 38 4 6 4816
28 39 3 4 252
28 40 8 4 767
28 41 1 5 136
28 42 6 4 156
28 43 3 4 75
28 44 2 6 1470
28 45 2 4 47
28 46 9 4 289
28 47 10 4 293
28 48 10 3 78
28 49 8 3 176
28 50 1 6 1164
28 51 2 4 45
28 52 10 3 119
28 53 8 3 71
28 54 8 9 13223388
28 55 5 3 53
28 56 1 7 27680
28 57 1 5 542
28 58 2 5 511
28 59 3 3 64
28 60 5 6 20831
28 61 2 6 2720
28 62 7 5 932
28 63 7 3 48
29 0 3 3 22
29 1 10 4 307
29 2 9 5 4430
29 3 5 6 15510
29 4 10 2 29
29 5 7 7 74446
29 6 8 5 1297
29 7 10 5 3257
29 8 9 2 18
29 9 2 3 42
29 10 8 5 1530
29 11 1 6 3475
29 12 2 6 3827
29 13 8 2 20
29 14 9 3 158
29 15 8 6 11494
29 16 1 5 231
29 17 4 5 1983
29 18 3 4 206
29 19 10 4 262
29 20 9 4 221
29 21 4 5 1507
29 22 6 3 117
29 23 9 3 164
29 24 2 4 48
29 25 3 7 29987
29 26 8 7 269398
29 27 7 5 1608
29 28 9 2 37
29 29 7 4 350
29 30 8 5 1486
29 31 10 5 2868
29 32 4 4 111
29 33 1 6 1656
29 34 5 4 239
29 35 10 4 279
29 36 3 5 659
29 37 4 6 3553
29 38 6 2 27
29 39 10 4 475
29 40 6 8 307490
29 41 3 4 181
29 42 8 5 1160
29 43 9 2 28
29 44 2 4 72
29 45 8 6 18560
29 46 3 6 2927
29 47 5 4 241
29 48 5 3 86
29 49 8 7 87790
29 50 6 7 121282
29 51 9 4 456
29 52 2 4 60
29 53 8 4 259
29 54 2 3 30
29 55 4 3 26
29 56 10 3 92
29 57 4 6 4700
29 58 10 5 3119
29 59 4 4 421
29 60 6 5 1020
29 61 7 4 485
29 62 3 3 21
29 63 1 5 159
30 0 8 5 2933
30 1 4 3 24
30 2 2 4 46
30 3 6 4 212
30 4 9 6 6586
30 5 5 3 49
30 6 4 6 11806
30 7 8 3 68
30 8 5 5 656
30 9 7 3 121
30 10 7 4 744
30 11 10 5 4755
30 12 10 2 20
30 13 6 3 33
30 14 1 4 34
30 15 6 6 22556
30 16 1 5 223
30 17 3 7 24389
30 18 5 3 94
30 19 10 4 323
30 20 9 5 2003
30 21 8 6 31263
30 22 4 6 3587
30 23 7 4 260
30 24 6 3 57
30 25 8 4 505
30 26 10 5 1735
30 27 4 5 657
30 28 9 6 8700
30 29 4 4 89
30 30 5 3 88
30 31 7 7 39891
30 32 1 7 12048
30 33 6 5 741
30 34 1 6 1282
30 35 3 3 65
30 36 7 4 190
30 37 10 6 13412
30 38 10 1 12
30 39 5 4 191
30 40 7 2 26
30 41 1 4 46
30 42 5 3 54
30 43 2 2 5
30 44 1 5 506
30 45 6 3 47
30 46 9 3 53
30 47 8 4 316
30 48 8 4 376
30 49 7 2 19
30 50 4 9 10736652
30 51 9 4 312
30 52 6 3 120
30 53 1 8 115966
30 54 1 8 105174
30 55 5 7 125597
30 56 5 4 267
30 57 5 7 43334
30 58 9 4 764
30 59 9 7 67623
30 60 5 4 145
30 61 10 4 292
30 62 10 4 401
30 63 6 5 1026
31 0 4 5 1938
31 1 9 5 2316
31 2 1 6 2952
31 3 2 6 2608
31 4 6 6 11874
31 5 4 3 77
31 6 9 4 232
31 7 1 5 332
31 8 6 4 223
31 9 2 6 2141
31 10 2 4 121
31 11 8 4 794
31 12 7 4 633
31 13 4 2 9
31 14 1 6 3931
31 15 10 4 408
31 16 1 6 1384
31 17 6 6 12584
31 18 8 3 69
31 19 6 5 3304
31 20 1 5 438
31 21 5 6 15195
31 22 3 6 2395
31 23 3 7 55425
31 24 2 3 27
31 25 5 4 115
31 26 8 5 2784
31 27 10 4 345
31 28 8 7 51137
31 29 7 5 854
31 30 5 3 51
31 31 7 5 1166
31 32 6 2 18
31 33 10 10 54323092
31 34 8 5 1721
31 35 5 3 32
31 36 5 5 2046
31 37 8 7 51878
31 38 5 4 117
31 39 6 5 2273
31 40 1 4 58
31 41 8 6 13853
31 42 3 4 279
31 43 5 5 1068
31 44 10 4 315
31 45 5 3 47
31 46 7 2 31
31 47 9 3 116
31 48 8 4 381
31 49 1 4 69
31 50 2 6 5200
31 51 7 3 58
31 52 3 5 444
31 53 9 3 153
31 54 6 7 70103
31 55 10 5 2318
31 56 2 5 236
31 57 2 7 26133
31 58 6 3 97
31 59 3 6 6484
31 60 4 3 49
31 61 5 6 15627
31 62 6 3 87
31 63 6 7 49606
32 0 10 3 97
32 1 5 3 66
32 2 1 7 7120
32 3 8 5 1159
32 4 2 3 35
32 5 7 4 526
32 6 1 6 2862
32 7 5 4 362
32 8 4 3 72
32 9 7 6 5838
32 10 8 5 3113
32 11 8 4 180
32 12 2 4 119
32 13 5 4 501
32 14 7 6 16267
32 15 6 3 64
32 16 9 3 77
32 17 1 6 4610
32 18 1 3 11
32 19 8 7 60037
32 20 5 5 1292
32 21 9 5 1106
32 22 5 7 181490
32 23 7 4 738
32 24 9 5 1364
32 25 8 5 3869
32 26 6 5 2563
32 27 1 3 19
32 28 9 6 23416
32 29 9 6 11242
32 30 1 6 1130
32 31 5 6 5471
32 32 4 4 144
32 33 2 5 738
32 34 7 5 953
32 35 4 6 5410
32 36 4 4 427
32 37 10 2 31
32 38 1 3 9
32 39 1 6 2062
32 40 8 5 1038
32 41 10 4 756
32 42 2 4 76
32 43 9 3 101
32 44 3 4 270
32 45 7 5 4451
32 46 6 3 42
32 47 4 5 2154
32 48 6 3 114
32 49 7 4 340
32 50 8 7 77215
32 51 3 4 255
32 52 10 6 8024
32 53 3 7 16733
32 54 5 7 91068
32 55 7 5 2747
32 56 6 7 51181
32 57 9 4 699
32 58 2 5 840
32 59 6 2 25
32 60 5 6 22662
32 61 3 4 283
32 62 10 5 1863
32 63 9 1 11
33 0 4 2 9
33 1 6 6 28604
33 2 9 2 40
33 3 4 6 3496
33 4 5 3 44
33 5 3 5 1206
33 6 4 4 146
33 7 1 5 175
33 8 6 4 326
33 9 7 6 31092
33 10 8 5 1443
33 11 1 3 14
33 12 10 2 28
33 13 3 4 75
33 14 2 3 12
33 15 6 5 1225
33 16 7 4 202
33 17 5 4 147
33 18 7 2 20
33 19 10 5 2338
33 20 3 4 213
33 21 5 4 275
33 22 3 5 439
33 23 8 5 4782
33 24 8 3 167
33 25 3 10 834272713
33 26 8 5 4303
33 27 7 2 33
33 28 5 8 398073
33 29 8 4 220
33 30 4 4 325
33 31 5 7 29542
33 32 3 3 39
33 33 1 6 3005
33 34 6 5 1530
33 35 2 6 2455
33 36 1 4 89
33 37 1 7 17372
33 38 4 7 65832
33 39 10 5 4582
33 40 5 5 1218
33 41 5 4 422
33 42 6 4 201
33 43 3 5 825
33 44 5 5 1493
33 45 6 3 76
33 46 9 4 628
33 47 3 5 1153
33 48 5 5 749
33 49 1 4 85
33 50 3 3 24
33 51 6 2 20
33 52 7 3 53
33 53 3 3 52
33 54 8 2 22
33 55 3 6 4811
33 56 6 2 28
33 57 7 3 124
33 58 9 2 16
33 59 1 3 10
33 60 8 4 637
33 61 2 3 15
33 62 4 7 23835
33 63 2 5 391
34 0 2 8 191554
34 1 9 4 278
34 2 6 2 30
34 3 6 5 1415
34 4 6 3 54
34 5 6 5 699
34 6 8 3 155
34 7 7 2 26
34 8 2 5 530
34 9 4 4 148
34 10 9 4 302
34 11 8 5 3130
34 12 8 9 6383710
34 13 7 3 69
34 14 8 7 44314
34 15 4 3 53
34 16 7 2 21
34 17 3 3 65
34 18 3 5 1140
34 19 9 4 617
34 20 4 4 94
34 21 5 6 8342
34 22 10 5 1240
34 23 5 2 26
34 24 4 7 50632
34 25 7 3 44
34 26 3 5 374
34 27 3 5 604
34 28 5 6 4808
34 29 6 5 929
34 30 1 7 10924
34 31 3 3 55
34 32 5 4 316
34 33 9 3 184
34 34 4 5 555
34 35 3 6 8796
34 36 6 2 24
34 37 5 6 7758
34 38 3 7 62764
34 39 8 7 53597
34 40 2 5 228
34 41 7 5 1621
34 42 2 3 16
34 43 7 5 954
34 44 7 3 86
34 45 8 6 26883
34 46 7 5 804
34 47 10 3 121
34 48 2 4 119
34 49 9 3 110
34 50 2 6 3198
34 51 4 2 19
34 52 1 7 5031
34 53 5 6 6678
34 54 2 4 104
34 55 8 4 408
34 56 1 6 3050
34 57 2 3 30
34 58 6 4 472
34 59 1 7 8676
34 60 7 3 64
34 61 8 3 78
34 62 4 3 66
34 63 7 1 11
35 0 1 4 43
35 1 8 4 508
35 2 2 6 5821
35 3 9 5 2715
35 4 9 5 2445
35 5 3 4 196
35 6 9 3 157
35 7 3 4 198
35 8 6 3 41
35 9 3 8 607420
35 10 1 3 12
35 11 1 5 254
35 12 5 4 211
35 13 3 3 17
35 14 8 3 96
35 15 9 5 1908
35 16 2 2 9
35 17 6 3 127
35 18 4 3 46
35 19 2 6 6280
35 20 1 5 292
35 21 1 4 107
35 22 5 4 157
35 23 5 5 1530
35 24 9 4 715
35 25 7 5 3460
35 26 8 6 5741
35 27 5 4 142
35 28 5 4 516
35 29 4 5 704
35 30 7 4 684
35 31 8 4 227
35 32 1 5 199
35 33 9 3 77
35 34 2 6 2816
35 35 3 3 27
35 36 2 5 259
35 37 8 2 27
35 38 9 2 18
35 39 1 6 952
35 40 1 6 1581
35 41 6 5 1230
35 42 5 4 238
35 43 4 4 108
35 44 9 5 5652
35 45 8 6 9990
35 46 7 3 99
35 47 2 5 403
35 48 2 6 6190
35 49 2 4 111
35 50 6 3 50
35 51 10 2 18
35 52 9 5 1416
35 53 4 6 17216
35 54 5 4 475
35 55 1 4 27
35 56 6 5 1832
35 57 10 5 3491
35 58 3 5 692
35 59 1 7 11141
35 60 7 7 42210
35 61 2 3 26
35 62 3 4 186
35 63 2 5 411
36 0 4 6 2784
36 1 7 6 5573
36 2 9 4 259
36 3 1 7 12013
36 4 8 7 147134
36 5 10 3 133
36 6 7 6 10671
36 7 1 5 173
36 8 10 5 1363
36 9 3 6 6532
36 10 9 4 924
36 11 8 6 16727
36 12 10 4 596
36 13 3 6 2788
36 14 5 5 3326
36 15 7 3 60
36 16 1 6 3381
36 17 7 4 764
36 18 10 6 28755
36 19 10 4 320
36 20 1 4 101
36 21 2 4 170
36 22 9 2 46
36 23 10 4 790
36 24 7 3 111
36 25 8 5 2494
36 26 3 6 6170
36 27 2 4 85
36 28 5 2 14
36 29 6 5 783
36 30 7 4 204
36 31 3 3 40
36 32 6 4 292
36 33 7 4 187
36 34 8 6 13176
36 35 9 5 2171
36 36 4 5 2441
36 37 1 4 26
36 38 4 4 216
36 39 8 3 141
36 40 4 3 48
36 41 7 5 1002
36 42 6 4 285
36 43 6 3 46
36 44 7 5 3810
36 45 7 4 534
36 46 10 1 11
36 47 8 6 30287
36 48 7 6 7140
36 49 2 6 8766
36 50 4 3 53
36 51 1 5 114
36 52 1 5 142
36 53 5 3 36
36 54 3 3 24
36 55 1 7 19576
36 56 10 1 11
36 57 9 5 5941
36 58 10 5 5540
36 59 8 4 562
36 60 3 4 169
36 61 5 4 422
36 62 5 3 80
36 63 6 4 320
37 0 1 4 31
37 1 8 5 1654
37 2 6 4 477
37 3 1 4 34
37 4 4 7 153565
37 5 4 7 75163
37 6 5 4 321
37 7 4 5 492
37 8 5 3 44
37 9 1 4 37
37 10 9 4 239
37 11 3 6 2854
37 12 6 4 469
37 13 7 5 4034
37 14 2 8 134261
37 15 1 4 28
37 16 10 7 278810
37 17 3 4 242
37 18 7 8 394156
37 19 5 4 360
37 20 5 4 283
37 21 7 4 674
37 22 4 4 146
37 23 3 3 33
37 24 3 6 4735
37 25 1 7 12841
37 26 10 5 5743
37 27 10 5 1654
37 28 6 5 856
37 29 6 5 2122
37 30 4 5 1362
37 31 10 8 1327347
37 32 7 3 43
37 33 2 4 91
37 34 10 6 7924
37 35 1 6 1601
37 36 2 7 20556
37 37 7 4 167
37 38 8 4 211
37 39 7 4 198
37 40 1 5 158
37 41 3 4 245
37 42 8 3 153
37 43 1 6 3723
37 44 2 3 29
37 45 8 4 288
37 46 9 2 46
37 47 5 1 7
37 48 6 4 580
37 49 9 7 47015
37 50 9 4 612
37 51 1 5 133
37 52 5 6 6230
37 53 5 3 50
37 54 1 5 328
37 55 3 4 203
37 56 6 3 48
37 57 6 6 14682
37 58 6 6 4578
37 59 3 6 5033
37 60 1 5 457
37 61 2 6 2239
37 62 5 5 3420
37 63 9 4 723
38 0 8 3 135
38 1 9 6 9818
38 2 9 4 301
38 3 3 4 164
38 4 1 8 147829
38 5 6 3 43
38 6 6 2 25
38 7 2 5 268
38 8 7 9 7528391
38 9 6 4 138
38 10 9 2 22
38 11 2 5 328
38 12 2 4 48
38 13 3 7 62628
38 14 7 6 8382
38 15 10 5 1748
38 16 8 6 16744
38 17 9 4 524
38 18 10 2 39
38 19 5 2 23
38 20 6 5 1024
38 21 8 3 167
38 22 8 6 6670
38 23 5 2 18
38 24 6 4 158
38 25 3 4 172
38 26 4 5 562
38 27 5 4 333
38 28 9 2 27
38 29 4 5 672
38 30 2 4 133
38 31 4 2 20
38 32 4 5 848
38 33 10 3 139
38 34 4 5 1880
38 35 4 5 2124
38 36 1 5 226
38 37 8 3 161
38 38 3 2 12
38 39 8 4 624
38 40 6 6 19921
38 41 4 5 533
38 42 4 4 159
38 43 9 3 148
38 44 4 3 40
38 45 1 6 1432
38 46 4 5 1056
38 47 7 2 30
38 48 4 5 1206
38 49 9 4 582
38 50 7 6 16413
38 51 5 5 1267
38 52 8 4 291
38 53 7 5 2037
38 54 5 4 120
38 55 9 4 236
38 56 10 4 1091
38 57 6 4 311
38 58 2 7 11372
38 59 9 7 273928
38 60 8 5 1473
38 61 7 3 95
38 62 4 5 558
38 63 3 4 137
39 0 1 5 452
39 1 4 3 40
39 2 7 4 440
39 3 7 4 699
39 4 3 5 516
39 5 5 6 5193
39 6 2 5 574
39 7 8 5 952
39 8 2 5 437
39 9 8 2 30
39 10 3 7 54846
39 11 2 4 71
39 12 1 5 137
39 13 8 6 11359
39 14 7 7 97750
39 15 4 5 1402
39 16 2 5 846
39 17 9 6 8515
39 18 4 3 33
39 19 3 4 74
39 20 3 6 2485
39 21 1 5 253
39 22 8 6 6345
39 23 10 4 670
39 24 9 3 76
39 25 3 4 104
39 26 6 1 7
39 27 1 5 177
39 28 9 3 50
39 29 1 5 218
39 30 7 5 3066
39 31 1 4 80
39 32 5 6 9332
39 33 10 3 164
39 34 7 6 7568
39 35 2 5 460
39 36 10 1 17
39 37 6 5 1897
39 38 8 5 1565
39 39 7 3 94
39 40 2 5 329
39 41 10 3 140
39 42 8 4 314
39 43 8 3 131
39 44 2 4 68
39 45 2 7 54079
39 46 9 7 54130
39 47 3 4 108
39 48 9 4 410
39 49 2 8 102357
39 50 10 5 2814
39 51 6 2 20
39 52 4 4 249
39 53 10 3 72
39 54 4 3 35
39 55 9 3 132
39 56 1 5 348
39 57 10 4 295
39 58 8 7 123106
39 59 9 7 140943
39 60 8 5 942
39 61 10 4 425
39 62 7 6 6319
39 63 3 5 735
40 0 6 4 157
40 1 9 2 18
40 2 8 4 808
40 3 5 2 13
40 4 10 4 549
40 5 10 4 275
40 6 1 7 7608
40 7 7 5 906
40 8 5 2 11
40 9 6 1 10
40 10 6 5 2585
40 11 4 4 417
40 12 4 6 3849
40 13 2 7 11456
40 14 4 6 10911
40 15 9 4 213
40 16 5 6 10160
40 17 4 5 791
40 18 8 2 25
40 19 4 3 23
40 20 1 6 1393
40 21 9 7 231945
40 22 2 7 26887
40 23 4 5 497
40 24 1 3 16
40 25 1 4 26
40 26 8 4 443
40 27 8 3 77
40 28 5 3 93
40 29 8 6 21319
40 30 4 4 195
40 31 9 7 88557
40 32 9 4 559
40 33 5 2 24
40 34 1 6 1381
40 35 8 5 1611
40 36 2 4 102
40 37 8 6 37028
40 38 3 2 12
40 39 9 3 48
40 40 6 9 7277932
40 41 6 4 283
40 42 1 7 13062
40 43 1 6 1542
40 44 7 6 28404
40 45 6 4 214
40 46 1 6 2065
40 47 7 8 350835
40 48 5 5 771
40 49 7 4 184
40 50 2 6 7046
40 51 9 4 599
40 52 2 4 219
40 53 4 6 3276
40 54 1 6 715
40 55 7 4 767
40 56 7 3 61
40 57 5 4 199
40 58 3 4 148
40 59 2 4 226
40 60 4 5 836
40 61 3 6 3694
40 62 6 2 28
40 63 7 4 398
41 0 5 6 4686
41 1 1 6 750
41 2 7 6 20363
41 3 7 5 795
41 4 6 7 170749
41 5 3 2 12
41 6 10 5 2327
41 7 7 3 150
41 8 10 3 58
41 9 4 7 29087
41 10 6 4 141
41 11 8 4 867
41 12 3 5 370
41 13 7 5 2118
41 14 8 5 2397
41 15 2 6 3325
41 16 6 3 100
41 17 10 5 3299
41 18 4 6 8408
41 19 3 4 81
41 20 4 5 837
41 21 8 3 78
41 22 2 2 8
41 23 1 6 4240
41 24 6 3 70
41 25 1 5 317
41 26 10 3 121
41 27 4 4 96
41 28 7 7 76482
41 29 8 6 9725
41 30 6 3 56
41 31 4 8 214314
41 32 7 4 554
41 33 7 1 11
41 34 10 2 36
41 35 6 4 455
41 36 10 4 551
41 37 7 2 20
41 38 10 2 36
41 39 9 3 60
41 40 4 4 210
41 41 10 6 10474
41 42 4 4 94
41 43 2 4 46
41 44 9 3 68
41 45 3 7 54749
41 46 4 5 469
41 47 1 5 302
41 48 6 4 321
41 49 3 6 5480
41 50 3 4 121
41 51 10 3 153
41 52 3 7 20543
41 53 6 8 1158372
41 54 1 5 181
41 55 7 6 8653
41 56 6 4 314
41 57 4 7 22465
41 58 6 4 222
41 59 7 7 55597
41 60 6 8 443789
41 61 9 4 261
41 62 6 4 505
41 63 3 4 81
42 0 1 5 118
42 1 6 3 47
42 2 10 5 2628
42 3 5 6 7176
42 4 3 4 203
42 5 2 4 66
42 6 7 8 290722
42 7 9 3 95
42 8 4 4 198
42 9 3 5 411
42 10 9 4 970
42 11 4 5 1091
42 12 3 4 295
42 13 4 4 453
42 14 2 7 35135
42 15 2 4 195
42 16 4 3 31
42 17 10 2 42
42 18 7 5 1067
42 19 9 4 257
42 20 5 2 9
42 21 5 6 6916
42 22 4 5 863
42 23 5 4 207
42 24 2 6 4405
42 25 6 6 25650
42 26 8 3 74
42 27 8 2 16
42 28 4 3 55
42 29 4 5 622
42 30 9 4 238
42 31 9 3 50
42 32 9 2 41
42 33 9 3 69
42 34 10 6 7648
42 35 1 10 22796774
42 36 10 6 9592
42 37 1 7 5674
42 38 2 5 278
42 39 9 6 8528
42 40 6 4 296
42 41 6 4 342
42 42 6 5 2222
42 43 4 4 421
42 44 6 6 11038
42 45 8 4 439
42 46 6 3 107
42 47 9 4 828
42 48 9 5 1734
42 49 4 5 1041
42 50 4 2 16
42 51 2 5 318
42 52 9 7 84326
42 53 3 5 681
42 54 3 5 359
42 55 8 3 169
42 56 6 3 82
42 57 1 4 102
42 58 2 3 18
42 59 3 7 19574
42 60 3 6 2598
42 61 4 2 12
42 62 8 5 3465
42 63 5 3 98
43 0 10 2 27
43 1 9 6 17215
43 2 4 6 3882
43 3 9 6 34276
43 4 10 4 262
43 5 7 2 31
43 6 7 7 36163
43 7 7 4 759
43 8 4 5 2183
43 9 8 4 251
43 10 9 3 57
43 11 9 6 12395
43 12 4 7 20294
43 13 7 6 7636
43 14 5 7 25892
43 15 6 5 2340
43 16 1 4 26
43 17 10 2 39
43 18 8 2 19
43 19 3 5 595
43 20 4 6 3515
43 21 9 4 413
43 22 8 4 230
43 23 2 5 301
43 24 6 5 3249
43 25 5 7 47449
43 26 3 3 40
43 27 6 2 11
43 28 6 8 272356
43 29 1 9 974603
43 30 5 6 21012
43 31 3 3 66
43 32 5 3 110
43 33 7 3 55
43 34 9 5 4888
43 35 10 2 24
43 36 10 1 6
43 37 6 5 4158
43 38 6 8 280527
43 39 7 5 1565
43 40 2 5 433
43 41 9 4 200
43 42 3 3 48
43 43 7 3 112
43 44 6 6 13794
43 45 6 4 368
43 46 2 7 13515
43 47 3 3 45
43 48 8 4 357
43 49 4 6 17712
43 50 1 3 13
43 51 4 4 223
43 52 4 4 107
43 53 10 4 242
43 54 3 6 2197
43 55 10 2 51
43 56 7 5 1389
43 57 2 7 68708
43 58 6 4 402
43 59 1 4 50
43 60 8 5 1993
43 61 3 8 284159
43 62 2 5 342
43 63 9 3 198
44 0 10 5 1211
44 1 9 4 600
44 2 4 3 39
44 3 5 8 371395
44 4 10 2 35
44 5 4 6 15206
44 6 5 4 136
44 7 7 5 2383
44 8 1 6 1797
44 9 8 5 2350
44 10 10 7 315318
44 11 9 5 2734
44 12 9 3 100
44 13 1 9 1684534
44 14 7 3 83
44 15 1 5 258
44 16 7 2 30
44 17 7 3 113
44 18 7 5 1039
44 19 2 6 1998
44 20 10 5 6115
44 21 8 6 29803
44 22 2 4 117
44 23 3 6 2433
44 24 8 6 17014
44 25 2 8 127729
44 26 1 5 296
44 27 4 5 1344
44 28 10 3 103
44 29 10 5 1209
44 30 10 4 238
44 31 5 4 213
44 32 2 4 142
44 33 4 4 276
44 34 9 3 93
44 35 1 4 76
44 36 9 5 2099
44 37 4 5 750
44 38 8 5 2649
44 39 4 5 1680
44 40 9 3 102
44 41 10 5 6693
44 42 8 4 331
44 43 1 5 233
44 44 7 6 8823
44 45 1 5 474
44 46 10 5 2240
44 47 4 4 164
44 48 3 7 20785
44 49 5 5 913
44 50 6 6 19890
44 51 3 4 308
44 52 2 5 629
44 53 3 4 164
44 54 5 7 181212
44 55 5 5 997
44 56 3 5 480
44 57 10 6 15202
44 58 10 4 900
44 59 10 3 139
44 60 6 6 15828
44 61 6 4 188
44 62 4 3 64
44 63 1 7 26197
45 0 9 3 80
45 1 7 5 2178
45 2 10 5 2600
45 3 10 7 88805
45 4 5 10 553306257
45 5 7 6 33256
45 6 7 4 647
45 7 4 4 280
45 8 3 3 22
45 9 3 4 192
45 10 1 4 106
45 11 6 2 22
45 12 3 4 186
45 13 4 5 1731
45 14 4 4 98
45 15 2 5 784
45 16 3 3 27
45 17 6 4 658
45 18 9 4 947
45 19 10 3 185
45 20 10 5 4550
45 21 7 4 656
45 22 6 3 103
45 23 4 5 498
45 24 7 5 798
45 25 4 4 201
45 26 6 4 244
45 27 1 4 111
45 28 3 4 90
45 29 3 3 19
45 30 9 3 51
45 31 2 6 1645
45 32 3 5 947
45 33 6 5 1259
45 34 1 5 189
45 35 2 7 28400
45 36 6 3 62
45 37 2 5 303
45 38 8 3 147
45 39 4 5 1077
45 40 7 4 359
45 41 4 4 185
45 42 10 7 234650
45 43 7 3 38
45 44 3 7 43765
45 45 2 4 73
45 46 2 7 16396
45 47 2 4 117
45 48 3 6 2497
45 49 8 5 4664
45 50 5 5 2919
45 51 7 3 99
45 52 10 5 5139
45 53 8 3 124
45 54 2 7 19365
45 55 2 6 1840
45 56 10 4 304
45 57 1 6 2661
45 58 7 1 8
45 59 9 4 282
45 60 10 5 1244
45 61 2 6 3629
45 62 9 5 1329
45 63 1 5 174
46 0 2 5 724
46 1 6 3 58
46 2 8 3 64
46 3 7 7 110006
46 4 2 4 105
46 5 5 7 177586
46 6 5 3 95
46 7 2 6 6535
46 8 8 4 313
46 9 10 3 120
46 10 1 3 12
46 11 7 4 228
46 12 7 6 9566
46 13 5 6 3986
46 14 9 2 35
46 15 10 6 11522
46 16 9 2 34
46 17 5 4 199
46 18 7 4 359
46 19 4 5 1520
46 20 3 7 15531
46 21 3 8 189913
46 22 5 6 8026
46 23 6 5 1890
46 24 1 6 990
46 25 4 3 70
46 26 6 3 110
46 27 7 5 3614
46 28 2 5 377
46 29 7 3 76
46 30 9 3 51
46 31 4 8 423463
46 32 5 5 2210
46 33 10 1 7
46 34 7 4 261
46 35 8 4 460
46 36 7 4 523
46 37 7 1 8
46 38 10 2 40
46 39 3 4 79
46 40 3 2 11
46 41 2 6 4967
46 42 5 2 11
46 43 6 3 127
46 44 8 4 770
46 45 10 5 1576
46 46 6 6 5225
46 47 6 3 48
46 48 9 1 12
46 49 8 6 37147
46 50 5 5 3242
46 51 10 4 1100
46 52 9 3 52
46 53 1 4 56
46 54 1 6 1158
46 55 5 4 119
46 56 3 3 34
46 57 9 3 78
46 58 3 3 46
46 59 3 5 438
46 60 10 3 161
46 61 4 3 53
46 62 5 4 331
46 63 2 6 1468
47 0 9 4 214
47 1 8 6 13218
47 2 9 3 82
47 3 5 5 892
47 4 8 3 122
47 5 1 4 47
47 6 9 4 257
47 7 4 5 764
47 8 7 5 1056
47 9 9 6 15344
47 10 4 3 23
47 11 3 5 425
47 12 9 3 52
47 13 6 3 54
47 14 4 7 62081
47 15 5 2 26
47 16 1 5 520
47 17 9 5 1254
47 18 5 3 92
47 19 7 7 37201
47 20 3 8 182490
47 21 8 2 41
47 22 8 6 27454
47 23 6 5 1438
47 24 1 5 181
47 25 1 4 72
47 26 6 5 2752
47 27 1 5 498
47 28 2 5 563
47 29 9 2 36
47 30 5 5 970
47 31 9 7 65885
47 32 10 3 154
47 33 1 5 337
47 34 8 2 26
47 35 1 7 12697
47 36 7 3 118
47 37 5 5 811
47 38 2 4 208
47 39 8 4 218
47 40 9 1 14
47 41 1 9 871302
47 42 1 5 156
47 43 3 5 493
47 44 4 6 4243
47 45 6 5 2820
47 46 5 5 2112
47 47 4 7 22264
47 48 7 5 2313
47 49 10 4 234
47 50 9 5 1751
47 51 10 4 733
47 52 7 6 11329
47 53 9 3 150
47 54 6 1 8
47 55 5 3 108
47 56 6 4 437
47 57 6 1 10
47 58 2 4 113
47 59 10 2 46
47 60 7 2 14
47 61 7 5 2789
47 62 10 5 3146
47 63 9 4 571
48 0 10 4 598
48 1 8 4 509
48 2 7 4 269
48 3 2 6 3498
48 4 4 4 174
48 5 4 7 122278
48 6 9 3 148
48 7 8 2 41
48 8 7 5 2932
48 9 8 5 3538
48 10 7 2 25
48 11 6 3 43
48 12 2 4 64
48 13 2 7 24955
48 14 3 6 3774
48 15 9 5 1613
48 16 1 5 446
48 17 5 5 2831
48 18 5 4 151
48 19 1 5 337
48 20 7 5 1135
48 21 5 4 344
48 22 10 1 9
48 23 5 4 421
48 24 8 6 7704
48 25 6 4 297
48 26 8 5 1716
48 27 10 2 42
48 28 1 5 242
48 29 2 5 1303
48 30 3 5 426
48 31 6 6 16502
48 32 3 8 251592
48 33 3 5 498
48 34 9 8 459549
48 35 8 2 37
48 36 9 4 464
48 37 10 4 441
48 38 9 6 8043
48 39 8 7 229443
48 40 5 2 13
48 41 8 8 373000
48 42 6 4 444
48 43 10 4 462
48 44 2 7 14354
48 45 6 5 2381
48 46 10 4 360
48 47 1 6 765
48 48 9 6 14227
48 49 1 6 2383
48 50 1 6 2350
48 51 8 4 216
48 52 10 2 34
48 53 7 6 6003
48 54 6 7 43905
48 55 9 3 94
48 56 2 8 105440
48 57 2 3 43
48 58 5 4 302
48 59 4 3 82
48 60 7 4 730
48 61 10 4 797
48 62 5 5 810
48 63 7 5 3362
49 0 1 6 4458
49 1 6 8 394623
49 2 1 7 5841
49 3 5 5 826
49 4 5 6 16868
49 5 3 2 12
49 6 8 4 570
49 7 4 6 15401
49 8 5 4 212
49 9 4 6 3189
49 10 4 3 25
49 11 1 6 1550
49 12 6 6 16403
49 13 5 3 50
49 14 6 5 985
49 15 4 3 57
49 16 6 3 64
49 17 3 7 68958
49 18 4 6 5243
49 19 7 4 343
49 20 9 3 109
49 21 1 5 322
49 22 3 7 59754
49 23 7 1 8
49 24 5 4 322
49 25 3 6 4008
49 26 2 4 202
49 27 6 2 18
49 28 3 6 3322
49 29 9 4 618
49 30 8 4 404
49 31 1 5 155
49 32 10 3 118
49 33 10 7 102518
49 34 4 5 779
49 35 4 4 296
49 36 3 2 6
49 37 8 5 3076
49 38 3 5 1540
49 39 2 6 1858
49 40 4 6 14686
49 41 5 6 7492
49 42 2 5 504
49 43 3 5 345
49 44 1 5 158
49 45 10 6 17787
49 46 4 3 52
49 47 4 4 191
49 48 9 4 315
49 49 1 2 4
49 50 3 4 164
49 51 3 5 922
49 52 5 2 20
49 53 6 2 15
49 54 6 5 2123
49 55 5 2 17
49 56 1 3 15
49 57 2 4 165
49 58 2 4 165
49 59 7 4 156
49 60 3 5 343
49 61 4 4 301
49 62 1 7 35350
49 63 1 5 309
50 0 5 4 196
50 1 8 4 558
50 2 3 8 266569
50 3 1 5 160
50 4 10 5 3961
50 5 10 6 18944
50 6 1 4 46
50 7 3 5 539
50 8 3 4 276
50 9 10 5 2403
50 10 8 4 250
50 11 9 1 14
50 12 2 6 3227
50 13 1 5 122
50 14 7 4 178
50 15 8 3 171
50 16 6 5 2267
50 17 7 2 25
50 18 2 5 948
50 19 8 7 289267
50 20 6 4 145
50 21 10 6 38012
50 22 10 3 128
50 23 9 6 12898
50 24 10 3 185
50 25 2 6 2546
50 26 3 3 17
50 27 1 4 55
50 28 3 5 483
50 29 6 2 17
50 30 9 5 2950
50 31 4 4 98
50 32 9 2 25
50 33 7 4 224
50 34 7 5 3835
50 35 1 7 5504
50 36 10 6 10652
50 37 6 5 882
50 38 7 5 3130
50 39 6 3 84
50 40 7 5 3996
50 41 7 4 656
50 42 4 4 174
50 43 3 5 375
50 44 1 6 3852
50 45 9 7 48467
50 46 6 6 22014
50 47 5 5 2854
50 48 1 4 37
50 49 3 5 1497
50 50 1 6 3986
50 51 1 8 48455
50 52 3 7 93777
50 53 7 6 6730
50 54 6 5 722
50 55 4 5 932
50 56 2 6 1696
50 57 4 4 92
50 58 9 5 1997
50 59 1 5 275
50 60 1 6 2413
50 61 4 4 92
50 62 3 3 17
50 63 8 4 395
51 0 5 6 21823
51 1 10 7 152038
51 2 9 4 792
51 3 3 3 51
51 4 10 5 1619
51 5 4 5 455
51 6 7 5 1440
51 7 5 4 351
51 8 5 3 55
51 9 10 5 6404
51 10 3 7 18792
51 11 3 3 54
51 12 1 4 112
51 13 5 4 453
51 14 7 4 179
51 15 7 2 24
51 16 4 4 185
51 17 5 8 785244
51 18 3 5 613
51 19 7 5 3622
51 20 1 6 1378
51 21 7 3 41
51 22 4 5 954
51 23 8 4 397
51 24 8 3 78
51 25 5 4 140
51 26 4 6 8102
51 27 3 3 45
51 28 4 3 48
51 29 4 5 606
51 30 3 4 109
51 31 9 3 125
51 32 6 3 73
51 33 2 4 93
51 34 10 5 4041
51 35 4 6 7063
51 36 9 2 40
51 37 1 5 247
51 38 10 4 490
51 39 4 6 5916
51 40 4 4 249
51 41 1 4 78
51 42 9 3 117
51 43 6 3 85
51 44 1 3 11
51 45 5 4 316
51 46 10 2 25
51 47 10 3 173
51 48 10 4 513
51 49 5 3 79
51 50 8 8 982564
51 51 9 5 2466
51 52 10 4 281
51 53 9 5 2790
51 54 3 3 34
51 55 2 7 29424
51 56 6 4 486
51 57 5 5 781
51 58 9 7 56029
51 59 1 8 58965
51 60 5 5 2414
51 61 9 5 4034
51 62 9 5 3560
51 63 9 3 54
52 0 5 6 7367
52 1 5 4 111
52 2 2 4 64
52 3 9 5 4877
52 4 5 5 3268
52 5 4 4 113
52 6 1 6 4781
52 7 8 6 10466
52 8 8 5 1432
52 9 3 4 249
52 10 8 6 13105
52 11 1 5 377
52 12 2 4 64
52 13 3 4 144
52 14 5 4 339
52 15 10 5 5251
52 16 10 3 105
52 17 1 4 90
52 18 5 3 56
52 19 7 5 1664
52 20 5 4 244
52 21 8 4 387
52 22 9 8 560775
52 23 8 4 369
52 24 5 4 114
52 25 7 5 2965
52 26 10 5 4775
52 27 7 3 108
52 28 2 7 23333
52 29 10 7 102556
52 30 7 4 400
52 31 7 7 168607
52 32 9 2 18
52 33 6 3 119
52 34 6 4 664
52 35 5 4 331
52 36 7 1 11
52 37 4 5 1277
52 38 10 4 379
52 39 8 5 1197
52 40 6 3 69
52 41 9 4 355
52 42 5 2 21
52 43 9 3 53
52 44 1 7 27779
52 45 8 3 104
52 46 2 6 6582
52 47 7 6 7774
52 48 8 3 97
52 49 1 7 22703
52 50 2 5 268
52 51 5 5 1288
52 52 6 4 377
52 53 1 7 39279
52 54 1 3 13
52 55 7 4 295
52 56 6 3 55
52 57 9 5 2309
52 58 4 5 621
52 59 9 4 592
52 60 8 4 732
52 61 5 6 12518
52 62 9 6 14151
52 63 4 6 10401
53 0 5 4 179
53 1 4 5 1498
53 2 9 3 140
53 3 9 5 3114
53 4 7 5 1563
53 5 1 4 25
53 6 8 4 201
53 7 6 3 79
53 8 4 3 50
53 9 4 4 223
53 10 9 1 14
53 11 7 4 368
53 12 6 4 365
53 13 9 2 21
53 14 9 4 570
53 15 8 3 51
53 16 10 4 283
53 17 10 4 934
53 18 9 2 18
53 19 8 7 299006
53 20 6 6 14004
53 21 5 5 843
53 22 7 3 122
53 23 7 2 24
53 24 2 4 91
53 25 8 4 489
53 26 7 6 13990
53 27 1 6 943
53 28 5 5 1250
53 29 1 6 1813
53 30 8 3 88
53 31 5 2 22
53 32 2 4 59
53 33 2 5 418
53 34 7 4 289
53 35 10 3 65
53 36 10 5 1524
53 37 4 5 1617
53 38 9 4 271
53 39 4 5 1964
53 40 1 4 64
53 41 2 3 13
53 42 1 5 241
53 43 3 3 48
53 44 1 8 294567
53 45 9 6 18135
53 46 5 4 299
53 47 10 5 5316
53 48 8 4 752
53 49 7 4 296
53 50 2 6 1610
53 51 10 5 1988
53 52 8 4 188
53 53 2 4 120
53 54 3 5 387
53 55 8 5 1687
53 56 2 5 271
53 57 2 5 685
53 58 7 3 88
53 59 10 7 224813
53 60 7 3 72
53 61 7 3 49
53 62 2 2 7
53 63 9 4 237
54 0 9 4 288
54 1 6 2 29
54 2 8 4 382
54 3 3 5 1444
54 4 7 4 171
54 5 1 7 13238
54 6 5 4 291
54 7 3 5 754
54 8 4 4 314
54 9 5 4 292
54 10 9 4 692
54 11 1 7 10918
54 12 1 7 21574
54 13 3 4 279
54 14 6 7 128972
54 15 4 6 13544
54 16 8 4 249
54 17 10 4 794
54 18 10 3 206
54 19 4 7 91594
54 20 4 5 2268
54 21 4 5 631
54 22 2 5 1344
54 23 4 7 114329
54 24 5 5 2230
54 25 5 3 46
54 26 6 3 106
54 27 10 6 21039
54 28 7 4 683
54 29 8 5 1152
54 30 4 3 53
54 31 10 3 140
54 32 9 5 1462
54 33 9 5 2097
54 34 7 3 43
54 35 1 5 231
54 36 5 6 3528
54 37 1 5 123
54 38 5 4 130
54 39 6 7 88936
54 40 2 5 892
54 41 3 4 102
54 42 10 5 3006
54 43 10 2 26
54 44 4 5 948
54 45 7 4 757
54 46 3 5 828
54 47 6 4 201
54 48 1 6 1353
54 49 9 5 4956
54 50 2 6 1593
54 51 7 6 16994
54 52 8 7 49095
54 53 3 4 73
54 54 8 6 6332
54 55 7 1 9
54 56 3 5 766
54 57 3 3 44
54 58 1 3 22
54 59 10 5 1444
54 60 4 3 27
54 61 4 4 208
54 62 9 3 79
54 63 6 3 67
55 0 4 4 115
55 1 4 5 1504
55 2 2 2 8
55 3 5 6 22261
55 4 3 4 283
55 5 8 6 9793
55 6 5 6 5538
55 7 9 2 31
55 8 1 3 12
55 9 2 8 176050
55 10 2 5 422
55 11 1 4 28
55 12 4 5 905
55 13 4 7 26190
55 14 3 7 53804
55 15 1 6 1089
55 16 6 2 17
55 17 4 4 354
55 18 1 5 148
55 19 2 6 2592
55 20 7 3 82
55 21 6 4 159
55 22 3 3 59
55 23 1 4 32
55 24 7 2 27
55 25 3 3 32
55 26 9 4 749
55 27 7 4 173
55 28 8 3 128
55 29 3 3 54
55 30 8 4 190
55 31 9 4 626
55 32 1 3 10
55 33 5 4 114
55 34 1 5 308
55 35 9 3 187
55 36 1 6 1031
55 37 5 4 336
55 38 6 6 6413
55 39 1 6 2701
55 40 8 4 197
55 41 4 6 2855
55 42 9 5 2294
55 43 9 7 52424
55 44 7 2 16
55 45 10 6 29674
55 46 6 6 17194
55 47 1 8 134435
55 48 4 4 108
55 49 9 2 34
55 50 1 6 770
55 51 7 5 1595
55 52 9 4 425
55 53 4 5 1526
55 54 8 4 395
55 55 5 5 1186
55 56 5 4 151
55 57 6 3 49
55 58 2 8 176380
55 59 4 3 71
55 60 10 3 106
55 61 3 2 15
55 62 8 2 19
55 63 7 4 645
56 0 5 6 6768
56 1 6 4 454
56 2 5 7 196318
56 3 8 4 590
56 4 5 2 19
56 5 10 5 2160
56 6 3 6 3192
56 7 2 5 843
56 8 3 4 163
56 9 7 3 66
56 10 8 3 107
56 11 9 6 10968
56 12 5 4 242
56 13 7 1 11
56 14 10 6 10454
56 15 8 5 2109
56 16 7 4 628
56 17 10 5 2115
56 18 2 4 144
56 19 8 2 36
56 20 1 6 3663
56 21 10 4 576
56 22 3 6 13048
56 23 4 4 214
56 24 9 1 4
56 25 5 5 785
56 26 1 4 75
56 27 2 4 149
56 28 5 6 15792
56 29 2 4 209
56 30 3 4 151
56 31 10 6 7394
56 32 5 3 107
56 33 10 3 162
56 34 3 6 2093
56 35 10 4 710
56 36 10 2 20
56 37 1 4 26
56 38 10 7 89050
56 39 10 5 3095
56 40 6 3 112
56 41 6 2 22
56 42 10 1 17
56 43 2 5 372
56 44 10 6 9724
56 45 8 4 362
56 46 3 6 2378
56 47 5 3 47
56 48 1 5 314
56 49 1 5 153
56 50 1 8 124174
56 51 8 4 629
56 52 10 4 660
56 53 1 4 72
56 54 7 5 1400
56 55 5 5 1443
56 56 3 4 99
56 57 3 6 4087
56 58 8 2 28
56 59 8 4 752
56 60 3 7 16851
56 61 3 7 23894
56 62 9 4 769
56 63 3 4 142
57 0 2 4 127
57 1 5 6 14669
57 2 2 4 60
57 3 6 5 2187
57 4 9 3 149
57 5 7 4 594
57 6 10 6 8345
57 7 3 4 94
57 8 7 4 163
57 9 2 5 304
57 10 10 6 14945
57 11 10 3 124
57 12 4 5 510
57 13 8 3 100
57 14 10 1 17
57 15 1 6 916
57 16 7 8 1350449
57 17 10 6 19158
57 18 7 5 872
57 19 2 6 2342
57 20 10 4 244
57 21 8 4 346
57 22 9 5 1062
57 23 2 3 26
57 24 1 5 505
57 25 8 7 82683
57 26 5 3 53
57 27 2 7 12318
57 28 3 3 65
57 29 5 8 235755
57 30 6 7 45221
57 31 6 5 2019
57 32 6 4 218
57 33 5 4 198
57 34 8 6 18651
57 35 6 3 44
57 36 4 6 3649
57 37 9 4 829
57 38 2 6 9005
57 39 3 5 413
57 40 10 5 2819
57 41 10 8 495002
57 42 3 4 118
57 43 8 6 20167
57 44 5 3 101
57 45 7 6 7578
57 46 8 4 904
57 47 4 5 789
57 48 9 3 73
57 49 4 9 7731847
57 50 6 5 2029
57 51 6 3 111
57 52 4 3 33
57 53 5 4 354
57 54 7 4 207
57 55 8 6 13326
57 56 3 4 82
57 57 10 6 8219
57 58 8 7 48869
57 59 6 5 1038
57 60 3 3 22
57 61 10 4 244
57 62 4 5 682
57 63 1 5 119
58 0 1 4 29
58 1 7 1 8
58 2 7 3 74
58 3 6 3 61
58 4 7 5 4516
58 5 8 3 170
58 6 8 6 11661
58 7 1 10 31966339
58 8 7 4 343
58 9 5 3 47
58 10 7 2 37
58 11 1 6 976
58 12 6 5 1468
58 13 9 6 8585
58 14 2 5 1020
58 15 7 4 613
58 16 8 3 85
58 17 9 5 2618
58 18 8 5 2145
58 19 5 2 12
58 20 9 5 1199
58 21 4 3 80
58 22 1 5 240
58 23 9 4 938
58 24 9 4 436
58 25 5 4 412
58 26 4 8 618959
58 27 10 3 192
58 28 10 2 21
58 29 1 5 158
58 30 4 6 18337
58 31 6 5 713
58 32 4 3 25
58 33 4 3 32
58 34 4 3 35
58 35 1 6 1625
58 36 6 6 18757
58 37 3 2 13
58 38 9 2 16
58 39 2 6 1744
58 40 7 7 63457
58 41 10 2 44
58 42 5 5 2372
58 43 7 4 432
58 44 2 4 124
58 45 6 6 6342
58 46 7 3 59
58 47 8 5 1256
58 48 7 5 958
58 49 10 4 471
58 50 4 7 46513
58 51 8 3 49
58 52 1 5 150
58 53 6 5 1659
58 54 6 3 45
58 55 5 5 1355
58 56 8 5 3471
58 57 1 3 21
58 58 6 4 609
58 59 3 5 749
58 60 1 6 754
58 61 7 2 35
58 62 10 4 371
58 63 1 3 9
59 0 4 4 310
59 1 10 4 243
59 2 3 4 165
59 3 9 6 24843
59 4 7 5 888
59 5 1 5 597
59 6 8 6 7879
59 7 3 5 1822
59 8 8 5 1098
59 9 3 4 72
59 10 3 3 32
59 11 6 4 380
59 12 9 8 846451
59 13 5 4 240
59 14 4 5 545
59 15 4 6 3124
59 16 3 9 2802524
59 17 3 5 863
59 18 4 4 374
59 19 9 4 267
59 20 7 4 181
59 21 7 4 400
59 22 4 4 140
59 23 8 3 61
59 24 1 6 4569
59 25 2 5 509
59 26 9 5 1125
59 27 5 4 114
59 28 8 5 1861
59 29 4 5 957
59 30 4 5 1241
59 31 5 6 18674
59 32 4 5 1203
59 33 5 3 106
59 34 5 5 2023
59 35 10 4 446
59 36 10 3 63
59 37 1 6 2385
59 38 1 5 138
59 39 9 1 15
59 40 7 2 28
59 41 5 3 52
59 42 8 3 61
59 43 4 5 1354
59 44 4 7 25108
59 45 10 4 607
59 46 10 5 1941
59 47 9 2 28
59 48 3 5 1598
59 49 7 5 3230
59 50 4 4 151
59 51 10 3 123
59 52 9 3 60
59 53 1 4 51
59 54 10 4 510
59 55 4 4 153
59 56 10 1 8
59 57 10 5 2877
59 58 4 7 33548
59 59 1 5 524
59 60 9 2 44
59 61 1 8 188663
59 62 2 4 210
59 63 2 4 86
60 0 1 7 8057
60 1 9 3 143
60 2 5 5 637
60 3 3 2 11
60 4 4 2 12
60 5 4 6 3178
60 6 10 5 1871
60 7 6 5 858
60 8 5 4 483
60 9 5 3 107
60 10 9 5 1339
60 11 8 5 2027
60 12 6 5 1401
60 13 3 5 1536
60 14 2 5 433
60 15 3 4 260
60 16 2 7 29423
60 17 6 5 820
60 18 4 5 2209
60 19 9 5 5246
60 20 1 7 10304
60 21 9 5 2172
60 22 8 3 71
60 23 1 7 6736
60 24 5 5 1094
60 25 5 5 2087
60 26 9 1 13
60 27 1 4 56
60 28 4 4 186
60 29 8 3 119
60 30 7 6 5537
60 31 5 5 859
60 32 5 4 202
60 33 9 6 6419
60 34 8 5 2122
60 35 6 6 15139
60 36 2 5 1095
60 37 5 7 25601
60 38 7 5 1633
60 39 8 6 6318
60 40 2 3 30
60 41 6 3 70
60 42 4 4 380
60 43 5 5 1568
60 44 2 4 138
60 45 2 3 36
60 46 6 7 122175
60 47 8 5 1233
60 48 4 6 3782
60 49 8 5 1753
60 50 2 5 494
60 51 4 3 86
60 52 4 4 131
60 53 9 8 633591
60 54 9 7 141033
60 55 1 5 250
60 56 10 3 59
60 57 10 4 265
60 58 1 5 169
60 59 9 6 15787
60 60 8 2 16
60 61 1 4 27
60 62 3 7 90536
60 63 7 2 17
61 0 8 3 72
61 1 6 6 17199
61 2 6 2 25
61 3 3 7 16503
61 4 10 4 585
61 5 2 3 41
61 6 9 5 1162
61 7 5 2 16
61 8 5 4 297
61 9 3 3 23
61 10 9 5 2896
61 11 9 5 5524
61 12 9 5 1420
61 13 7 2 25
61 14 7 3 39
61 15 8 2 42
61 16 2 4 193
61 17 5 3 65
61 18 7 5 810
61 19 8 6 12133
61 20 9 3 140
61 21 6 4 136
61 22 5 8 353033
61 23 3 7 88380
61 24 5 3 70
61 25 1 4 40
61 26 7 7 79102
61 27 4 4 213
61 28 9 2 35
61 29 8 6 5672
61 30 9 4 933
61 31 7 4 601
61 32 2 5 230
61 33 10 6 9462
61 34 3 4 75
61 35 4 3 59
61 36 7 6 6540
61 37 8 4 421
61 38 4 3 34
61 39 5 8 637749
61 40 10 5 1971
61 41 1 4 33
61 42 1 6 3079
61 43 3 5 620
61 44 8 8 388337
61 45 3 5 540
61 46 4 5 773
61 47 1 6 1260
61 48 1 7 15595
61 49 8 2 17
61 50 7 7 83613
61 51 3 3 30
61 52 3 3 44
61 53 1 5 127
61 54 3 5 555
61 55 4 5 1684
61 56 2 5 1156
61 57 4 3 45
61 58 7 3 54
61 59 5 3 37
61 60 6 3 36
61 61 9 6 15524
61 62 3 3 60
61 63 1 7 12053
62 0 2 6 1753
62 1 8 5 3773
62 2 1 6 1025
62 3 6 7 37747
62 4 2 6 3203
62 5 1 9 871697
62 6 9 9 3542166
62 7 8 5 2111
62 8 4 5 1312
62 9 5 4 144
62 10 10 2 47
62 11 7 5 3283
62 12 1 5 455
62 13 3 5 691
62 14 8 1 3
62 15 9 5 1711
62 16 5 4 233
62 17 6 6 6778
62 18 2 4 86
62 19 10 7 230077
62 20 3 7 117491
62 21 8 4 232
62 22 6 5 3493
62 23 4 5 1672
62 24 6 2 26
62 25 10 2 34
62 26 3 6 3616
62 27 6 4 652
62 28 6 7 66788
62 29 7 6 6661
62 30 1 7 14554
62 31 10 1 6
62 32 7 5 2585
62 33 7 5 1126
62 34 1 7 7201
62 35 1 6 1842
62 36 2 7 21592
62 37 8 7 125854
62 38 8 4 307
62 39 9 5 3114
62 40 8 8 376899
62 41 8 3 46
62 42 4 7 37614
62 43 3 4 93
62 44 4 3 88
62 45 5 4 270
62 46 10 4 534
62 47 1 7 8611
62 48 2 3 44
62 49 10 2 37
62 50 4 6 5040
62 51 10 4 478
62 52 3 4 176
62 53 6 3 86
62 54 4 3 54
62 55 4 6 8763
62 56 5 5 709
62 57 10 3 156
62 58 10 2 42
62 59 9 4 854
62 60 4 6 17049
62 61 9 2 22
62 62 8 7 94631
62 63 10 3 95
63 0 7 3 62
63 1 8 7 161337
63 2 2 4 159
63 3 1 4 100
63 4 1 6 833
63 5 4 5 1964
63 6 2 5 793
63 7 5 5 2049
63 8 1 7 9536
63 9 4 6 4618
63 10 9 5 1136
63 11 4 5 2391
63 12 9 6 7624
63 13 7 5 814
63 14 8 3 64
63 15 8 5 1252
63 16 4 1 7
63 17 6 4 255
63 18 4 4 187
63 19 10 3 147
63 20 7 4 568
63 21 10 7 62396
63 22 8 5 2297
63 23 8 4 204
63 24 7 2 21
63 25 8 4 199
63 26 1 5 227
63 27 10 4 264
63 28 7 3 48
63 29 7 4 310
63 30 4 5 2307
63 31 5 8 217726
63 32 9 4 507
63 33 1 9 467369
63 34 7 4 299
63 35 4 5 1368
63 36 9 4 811
63 37 3 6 8815
63 38 2 5 933
63 39 6 7 108977
63 40 9 5 2899
63 41 10 2 40
63 42 9 2 38
63 43 9 5 2303
63 44 2 5 376
63 45 4 5 1929
63 46 4 4 100
63 47 3 7 23958
63 48 10 4 455
63 49 4 3 73
63 50 2 3 24
63 51 8 4 225
63 52 6 3 77
63 53 1 3 10
63 54 6 5 1603
63 55 4 5 622
63 56 1 4 57
63 57 10 5 1957
63 58 6 6 19775
63 59 1 5 364
63 60 6 5 1181
63 61 4 7 40285
63 62 9 6 10456
63 63 5 4 386
