2855 5.359694049689168e-09 
1782 1.7164937388125523e-09 
5842 8.342696542276706e-09 
7270 5.087442853794191e-06 
925 1.0430772356961882e-09 
2243 2.6659189578115416e-09 
8690 2.6564136862416987e-09 
5405 1.1917536679728613e-09 
7481 1.4966717384488556e-07 
8675 9.165496417384844e-10 
3857 0.00031402686825997387 
6768 5.924270241042251e-10 
4964 5.7851562880462115e-09 
2760 6.355811513550358e-08 
3004 1.9386686908595685e-09 
3054 1.8759914240107367e-08 
9535 4.790242258412292e-09 
1521 1.853358948776529e-08 
6463 2.2425997378561213e-09 
8312 1.7958382803335681e-06 
9063 7.910204467137527e-09 
2083 2.5434854222794456e-10 
9914 2.131402018247519e-08 
4660 9.487934091167993e-09 
7985 6.352090207994987e-09 
4955 9.467362379741648e-07 
9621 1.0124906772365772e-08 
4149 2.316868918939008e-10 
8183 9.633978051079573e-09 
2853 1.6966470627576718e-05 
2116 2.529307978338391e-09 
2100 6.99555442393307e-09 
7992 1.0996061039145189e-08 
3874 2.0814172607686032e-10 
9697 1.2513401009828229e-09 
3517 2.2761049650672945e-06 
8054 2.2689585475006366e-07 
2732 2.1866436337265524e-07 
7802 6.908382477188724e-10 
2610 6.355891164072647e-09 
6798 2.581964420045324e-09 
203 1.809142835540456e-10 
5027 1.9113840664950268e-07 
5424 1.5819796306271172e-09 
5384 2.6301429159603096e-09 
5475 1.7406136532116534e-09 
2951 4.002895088311975e-09 
6970 1.3474843463257002e-10 
5990 1.1061602534986892e-08 
25 2.236181545489657e-09 
9912 5.937927896490676e-06 
7534 9.696271872222662e-09 
8554 1.9562165555833677e-08 
1748 7.242761945747134e-11 
2376 3.0886793123130474e-10 
1462 1.2185095429190218e-08 
2818 1.2737368557461104e-08 
6821 3.073354348792634e-09 
974 5.410241251472818e-05 
2852 6.439970286209462e-09 
8849 1.254505874181966e-09 
8052 1.911340780091919e-09 
3695 1.7700517995766774e-09 
8806 3.092142035476808e-09 
1504 1.8178547556146896e-10 
9720 5.297102756429695e-10 
4589 9.654412984339e-09 
2492 7.839286289557101e-09 
1651 2.6912355677310984e-10 
5636 3.45439658128166e-09 
1298 1.9323050447911383e-08 
2604 2.1668054780987767e-09 
9251 1.635915805597854e-09 
698 4.363715687405456e-09 
6773 1.2131406865178995e-08 
890 2.067368970459782e-09 
1720 2.3713762759003387e-09 
2155 2.108015102753047e-09 
5061 3.126100329986503e-09 
9518 7.73151485541912e-09 
2686 1.1662518886387807e-08 
7946 5.779060008315184e-10 
1240 4.3037884367436163e-10 
5550 2.4126822507734846e-08 
8871 5.060515617660855e-10 
1086 7.360416165447248e-10 
7444 1.1150191880915372e-11 
618 8.460007321423046e-09 
6810 1.2905213572604601e-07 
6786 5.330904828682037e-09 
6809 2.0126119659735764e-09 
2552 1.1715665382272533e-09 
416 6.02473296945627e-09 
2516 6.581105882474958e-09 
15 1.0038594538963608e-09 
7640 1.369038216125773e-11 
3824 1.867688239156652e-07 
5540 1.0197765687447458e-09 
7257 8.325098665995512e-10 
7460 5.409274290903848e-08 
3015 2.2962964862927038e-11 
6358 3.6039410344912426e-09 
2041 2.701749934885811e-11 
907 1.467159171930632e-09 
9408 2.1216743670109117e-08 
9402 4.830947281098119e-09 
8902 4.510767790538717e-09 
2757 2.678211147386783e-08 
2646 2.186614652451707e-08 
1225 1.046580822006149e-09 
6919 4.404244909744781e-09 
446 5.812777158914484e-09 
1082 6.663315958027605e-09 
4221 2.29335407036374e-08 
9158 1.4829219623091472e-08 
5341 1.1945744598303339e-06 
3825 6.551721110081843e-10 
4030 1.603347877239525e-05 
8431 1.6283863146782096e-11 
4848 2.718293928838378e-08 
82 1.4782046494840606e-08 
8613 2.204470245237289e-09 
524 2.1412745290771973e-07 
1045 4.185556345959185e-10 
7147 3.2525968862717747e-09 
3091 6.468186212302447e-07 
8565 1.1803809432534354e-07 
6111 1.5343602222106512e-09 
724 3.839986048668337e-08 
3902 1.1496421870038631e-09 
2605 5.389621372114961e-08 
849 5.939223557405171e-10 
5492 9.504704781906903e-09 
7401 4.654015884481e-09 
188 4.6023140853890254e-10 
4908 1.6523396800111056e-08 
3463 2.674418610182361e-09 
7076 2.121390910159171e-09 
7837 2.0274088269323087e-08 
1443 7.380269390414029e-09 
127 5.672928977268343e-09 
4573 1.5858881775507316e-08 
4995 1.2399751732339315e-08 
8519 1.43592206112899e-07 
9954 3.4954540026332914e-09 
2777 2.0272874573512567e-07 
980 1.793500063393405e-08 
5718 4.199502127988364e-09 
5918 1.2180012554097175e-10 
8995 1.2394269326143625e-08 
4567 1.2267145681637594e-06 
4435 1.92165178908299e-09 
2744 3.885798075670133e-09 
2289 2.114558706606262e-08 
1303 7.860176398644114e-10 
4012 1.9450212437183145e-08 
1836 6.683401047868909e-09 
5478 9.045618781788889e-09 
9523 2.570728112501197e-08 
675 1.0646306058958999e-10 
