0 0 1 5 197
0 1 10 5 1227
0 2 4 4 341
0 3 9 4 270
0 4 5 4 211
0 5 2 7 45236
0 6 5 4 137
0 7 6 3 68
0 8 6 4 515
0 9 4 6 6264
0 10 1 6 3423
0 11 2 6 4873
0 12 6 2 11
0 13 10 3 119
0 14 6 6 10751
0 15 3 6 10264
0 16 5 5 642
0 17 5 7 54332
0 18 4 6 17541
0 19 1 5 340
0 20 8 5 1361
0 21 5 3 50
0 22 9 5 2952
0 23 1 6 2767
0 24 8 5 1527
0 25 8 4 446
0 26 5 5 576
0 27 10 4 339
0 28 1 6 1450
0 29 7 7 76551
0 30 7 5 4193
0 31 2 5 350
0 32 10 5 3043
0 33 10 5 2951
0 34 10 5 1385
0 35 3 6 2445
0 36 5 4 276
0 37 3 7 34877
0 38 5 5 765
0 39 6 6 11222
0 40 9 4 951
0 41 10 3 192
0 42 7 4 483
0 43 9 3 156
0 44 8 6 12817
0 45 10 3 55
0 46 7 4 171
0 47 2 5 280
0 48 5 4 501
0 49 10 4 360
0 50 8 4 466
0 51 5 7 36522
0 52 5 5 3445
0 53 6 5 3924
0 54 8 5 1019
0 55 7 4 654
0 56 5 4 434
0 57 6 7 33291
0 58 4 7 102226
0 59 9 6 8163
0 60 9 8 1748491
0 61 2 6 3325
0 62 6 4 439
0 63 4 3 45
1 0 7 4 223
1 1 2 4 135
1 2 10 6 8818
1 3 2 4 222
1 4 9 5 1123
1 5 7 6 26317
1 6 4 5 1321
1 7 6 4 416
1 8 2 6 6909
1 9 1 5 673
1 10 6 3 53
1 11 8 3 114
1 12 6 5 1136
1 13 4 5 542
1 14 2 6 7689
1 15 3 7 19401
1 16 2 4 69
1 17 9 5 3435
1 18 2 6 2095
1 19 5 5 3030
1 20 4 5 918
1 21 4 4 329
1 22 6 3 92
1 23 9 4 969
1 24 9 2 43
1 25 1 5 315
1 26 4 4 189
1 27 10 4 536
1 28 7 5 2545
1 29 10 3 58
1 30 3 5 957
1 31 2 4 188
1 32 7 5 4793
1 33 9 6 9876
1 34 5 3 54
1 35 6 5 2338
1 36 10 5 3364
1 37 4 7 106586
1 38 10 6 40225
1 39 1 4 86
1 40 2 6 3129
1 41 3 5 1557
1 42 2 5 261
1 43 7 4 490
1 44 4 7 54704
1 45 3 5 786
1 46 7 3 148
1 47 7 5 3102
1 48 7 2 20
1 49 7 4 250
1 50 2 7 13180
1 51 2 5 739
1 52 10 4 489
1 53 2 4 83
1 54 9 3 68
1 55 8 5 953
1 56 9 5 2779
1 57 4 5 973
1 58 7 4 213
1 59 9 3 108
1 60 7 7 80729
1 61 9 7 181719
1 62 4 5 873
1 63 4 3 38
2 0 3 5 1610
2 1 4 4 369
2 2 4 4 149
2 3 6 6 20350
2 4 4 4 140
2 5 2 8 93753
2 6 8 5 1456
2 7 2 4 55
2 8 5 5 1392
2 9 4 5 510
2 10 5 3 44
2 11 4 5 483
2 12 8 4 230
2 13 1 6 4039
2 14 9 6 9776
2 15 6 8 265774
2 16 1 7 7561
2 17 2 9 1041736
2 18 9 2 39
2 19 4 6 3019
2 20 1 5 206
2 21 6 4 368
2 22 7 5 3128
2 23 7 4 713
2 24 9 4 689
2 25 8 2 32
2 26 3 6 2445
2 27 3 4 190
2 28 8 6 6818
2 29 7 5 4067
2 30 9 6 10516
2 31 3 5 1163
2 32 4 6 4314
2 33 9 4 357
2 34 5 5 1360
2 35 3 3 59
2 36 6 5 2235
2 37 2 5 927
2 38 3 5 1006
2 39 10 5 1694
2 40 3 5 420
2 41 3 4 197
2 42 10 5 4483
2 43 10 3 103
2 44 8 5 1902
2 45 1 7 5069
2 46 9 4 397
2 47 6 6 9937
2 48 6 5 1356
2 49 4 6 4918
2 50 6 4 145
2 51 9 4 262
2 52 1 7 19864
2 53 10 4 600
2 54 8 4 699
2 55 4 6 10877
2 56 10 4 275
2 57 4 5 933
2 58 7 4 202
2 59 7 5 847
2 60 1 7 7846
2 61 5 7 85455
2 62 5 4 188
2 63 1 5 525
3 0 3 4 123
3 1 8 4 845
3 2 1 8 247154
3 3 5 3 83
3 4 8 3 45
3 5 2 5 615
3 6 2 7 13472
3 7 6 4 292
3 8 4 5 1127
3 9 6 5 729
3 10 4 6 3721
3 11 3 9 1251360
3 12 1 8 261875
3 13 4 4 132
3 14 6 6 7144
3 15 2 6 3645
3 16 9 4 976
3 17 4 5 1783
3 18 5 5 1342
3 19 8 5 2065
3 20 9 6 7111
3 21 6 5 1952
3 22 8 4 202
3 23 2 7 15432
3 24 7 5 796
3 25 6 5 2497
3 26 6 2 31
3 27 5 4 115
3 28 9 6 8588
3 29 8 6 16053
3 30 1 6 1521
3 31 5 4 256
3 32 1 6 1127
3 33 10 7 346505
3 34 1 4 109
3 35 7 5 994
3 36 2 4 117
3 37 10 5 1223
3 38 6 4 136
3 39 3 4 291
3 40 4 6 17276
3 41 2 5 618
3 42 10 5 5823
3 43 10 5 3972
3 44 6 4 453
3 45 3 6 11480
3 46 10 2 27
3 47 6 3 66
3 48 3 4 179
3 49 9 4 799
3 50 7 2 30
3 51 9 6 34745
3 52 8 6 5763
3 53 6 5 773
3 54 3 5 418
3 55 5 3 71
3 56 2 5 1188
3 57 8 6 10969
3 58 10 5 5074
3 59 2 6 1890
3 60 4 8 206911
3 61 4 6 9584
3 62 7 5 4584
3 63 1 6 2097
4 0 3 3 55
4 1 9 3 171
4 2 5 5 1730
4 3 1 5 147
4 4 5 3 93
4 5 8 4 425
4 6 10 7 116769
4 7 10 5 5594
4 8 4 5 1143
4 9 3 4 193
4 10 9 3 105
4 11 7 6 24479
4 12 2 6 2455
4 13 7 6 25816
4 14 9 3 97
4 15 3 4 77
4 16 5 6 15375
4 17 1 6 877
4 18 10 3 170
4 19 6 7 45508
4 20 7 6 12676
4 21 8 4 836
4 22 2 4 133
4 23 7 5 1294
4 24 4 6 3420
4 25 9 6 22369
4 26 3 5 1031
4 27 1 6 1366
4 28 4 5 1346
4 29 8 5 2185
4 30 10 4 406
4 31 9 3 123
4 32 8 5 2301
4 33 3 6 5214
4 34 4 7 38025
4 35 10 6 8695
4 36 9 4 503
4 37 6 6 10285
4 38 6 3 94
4 39 4 6 2934
4 40 9 4 273
4 41 3 4 88
4 42 8 5 2729
4 43 3 6 3158
4 44 3 4 265
4 45 3 6 11199
4 46 5 3 50
4 47 3 5 405
4 48 3 3 40
4 49 7 4 195
4 50 4 4 296
4 51 6 5 904
4 52 9 7 86328
4 53 8 5 4010
4 54 6 7 46788
4 55 3 4 161
4 56 8 4 282
4 57 5 5 1558
4 58 9 4 416
4 59 10 5 1366
4 60 3 5 1552
4 61 2 5 1159
4 62 6 6 4484
4 63 8 6 8679
5 0 8 3 146
5 1 5 5 1061
5 2 5 6 5702
5 3 5 6 3513
5 4 1 8 129805
5 5 6 6 9840
5 6 3 4 244
5 7 1 4 109
5 8 4 5 511
5 9 7 4 267
5 10 7 6 16837
5 11 9 5 5970
5 12 7 4 208
5 13 3 6 6432
5 14 4 4 97
5 15 10 5 2680
5 16 2 7 28780
5 17 10 3 83
5 18 9 5 2790
5 19 6 7 59351
5 20 2 6 4307
5 21 10 5 3226
5 22 3 7 92719
5 23 7 4 259
5 24 2 7 11235
5 25 1 5 315
5 26 3 5 412
5 27 5 5 2932
5 28 6 4 513
5 29 3 5 369
5 30 10 4 231
5 31 2 4 141
5 32 5 5 1377
5 33 9 6 38759
5 34 3 4 253
5 35 7 6 5557
5 36 5 7 46790
5 37 3 6 2136
5 38 7 6 22616
5 39 9 4 297
5 40 5 6 9064
5 41 5 5 645
5 42 9 5 1329
5 43 4 6 8298
5 44 5 5 999
5 45 5 3 69
5 46 9 5 1580
5 47 8 4 233
5 48 3 6 6452
5 49 5 6 7576
5 50 8 5 3629
5 51 7 5 2470
5 52 3 7 66096
5 53 5 6 9890
5 54 3 7 19402
5 55 5 5 1860
5 56 6 6 7377
5 57 8 5 1524
5 58 1 6 1744
5 59 2 6 6218
5 60 2 6 1816
5 61 3 8 701772
5 62 10 4 764
5 63 4 3 34
6 0 3 4 148
6 1 1 6 1643
6 2 8 8 1854195
6 3 5 7 24800
6 4 6 5 1877
6 5 2 5 948
6 6 1 7 11992
6 7 1 7 6928
6 8 4 5 535
6 9 10 7 55765
6 10 1 7 6379
6 11 1 7 8433
6 12 5 5 1158
6 13 10 4 1089
6 14 8 6 13240
6 15 6 5 702
6 16 5 4 412
6 17 3 5 660
6 18 2 5 392
6 19 3 5 1342
6 20 8 7 143308
6 21 9 5 2117
6 22 2 4 97
6 23 10 5 4252
6 24 7 5 1820
6 25 4 4 270
6 26 9 5 1194
6 27 2 5 395
6 28 2 3 30
6 29 7 6 7395
6 30 2 7 22435
6 31 5 4 167
6 32 3 6 3199
6 33 6 5 1082
6 34 6 5 1784
6 35 1 7 5364
6 36 4 7 33438
6 37 5 4 286
6 38 1 8 41300
6 39 8 5 3247
6 40 4 8 1143558
6 41 6 3 107
6 42 1 7 8272
6 43 5 6 21992
6 44 10 5 1268
6 45 2 5 629
6 46 10 5 3094
6 47 2 6 7289
6 48 4 4 277
6 49 4 6 5226
6 50 9 5 2792
6 51 6 4 261
6 52 4 6 7074
6 53 9 5 1973
6 54 3 4 148
6 55 4 4 147
6 56 1 6 2029
6 57 9 4 253
6 58 4 3 70
6 59 5 3 71
6 60 4 5 1313
6 61 7 6 6712
6 62 9 3 75
6 63 8 4 561
7 0 8 3 133
7 1 4 3 22
7 2 7 4 287
7 3 10 8 894710
7 4 4 6 7821
7 5 10 6 11666
7 6 10 4 259
7 7 6 6 5565
7 8 5 4 515
7 9 10 4 393
7 10 4 4 136
7 11 4 6 3009
7 12 4 7 61875
7 13 9 3 98
7 14 3 4 190
7 15 2 3 11
7 16 3 6 14259
7 17 10 5 3118
7 18 5 4 116
7 19 10 6 15631
7 20 9 3 74
7 21 8 4 314
7 22 7 6 11864
7 23 1 6 1978
7 24 5 6 7074
7 25 9 5 3629
7 26 10 2 23
7 27 2 5 783
7 28 9 4 625
7 29 7 4 597
7 30 2 2 7
7 31 5 4 147
7 32 1 6 1086
7 33 9 5 1145
7 34 8 6 9525
7 35 6 4 256
7 36 7 7 40348
7 37 1 4 28
7 38 2 4 159
7 39 5 6 9915
7 40 7 3 84
7 41 10 6 29783
7 42 1 4 78
7 43 10 5 3113
7 44 3 5 446
7 45 9 4 459
7 46 6 5 1489
7 47 3 5 476
7 48 2 4 111
7 49 6 6 8268
7 50 8 3 158
7 51 1 4 48
7 52 8 4 618
7 53 2 6 4980
7 54 4 4 122
7 55 6 3 118
7 56 6 7 46955
7 57 5 5 2403
7 58 4 6 5388
7 59 6 7 80777
7 60 3 6 8319
7 61 5 6 5553
7 62 7 5 1316
7 63 5 3 93
8 0 10 4 538
8 1 1 6 3958
8 2 3 6 3514
8 3 8 5 2207
8 4 2 4 110
8 5 8 4 214
8 6 5 3 39
8 7 8 6 6804
8 8 1 6 1576
8 9 2 5 861
8 10 4 6 14557
8 11 4 5 1130
8 12 8 5 2127
8 13 3 4 320
8 14 6 7 167185
8 15 4 4 198
8 16 10 5 3163
8 17 8 4 269
8 18 10 6 41308
8 19 7 7 222359
8 20 4 5 1868
8 21 10 5 3841
8 22 9 4 755
8 23 5 6 16887
8 24 5 8 999501
8 25 8 4 471
8 26 8 4 688
8 27 8 8 1072376
8 28 2 8 89025
8 29 5 6 8684
8 30 7 5 1370
8 31 4 6 3155
8 32 10 2 24
8 33 6 5 1530
8 34 6 6 5408
8 35 2 6 7581
8 36 10 2 21
8 37 8 5 4004
8 38 5 5 1840
8 39 1 6 1764
8 40 4 5 1223
8 41 7 3 108
8 42 10 4 758
8 43 9 4 348
8 44 10 6 7203
8 45 9 5 1035
8 46 7 7 104766
8 47 4 3 73
8 48 6 5 1158
8 49 10 6 7155
8 50 9 5 4304
8 51 8 3 128
8 52 9 6 14155
8 53 4 4 153
8 54 6 4 194
8 55 5 6 3703
8 56 6 4 617
8 57 3 5 531
8 58 6 6 8089
8 59 7 4 453
8 60 9 4 569
8 61 10 3 150
8 62 7 5 935
8 63 8 5 1238
9 0 7 5 4607
9 1 5 4 150
9 2 10 5 5245
9 3 3 5 864
9 4 9 5 1226
9 5 7 5 2716
9 6 5 5 3016
9 7 4 7 50717
9 8 4 7 22531
9 9 6 4 140
9 10 3 4 100
9 11 8 5 1120
9 12 6 4 535
9 13 2 7 19311
9 14 4 5 1309
9 15 2 4 119
9 16 3 5 2033
9 17 9 5 1413
9 18 9 7 90665
9 19 2 5 323
9 20 4 5 1950
9 21 4 4 335
9 22 1 5 438
9 23 4 6 17550
9 24 4 5 2277
9 25 8 5 4017
9 26 9 7 55196
9 27 7 7 134401
9 28 6 5 2397
9 29 3 7 17968
9 30 2 4 186
9 31 6 5 3709
9 32 10 5 1951
9 33 9 5 1055
9 34 10 5 1457
9 35 2 5 340
9 36 9 6 15117
9 37 3 8 144661
9 38 10 4 952
9 39 1 7 7923
9 40 10 5 1848
9 41 10 6 19760
9 42 10 4 783
9 43 5 3 30
9 44 2 7 45321
9 45 5 4 191
9 46 8 6 10330
9 47 9 4 712
9 48 3 5 1572
9 49 8 5 1225
9 50 4 6 12146
9 51 1 5 130
9 52 4 5 575
9 53 9 5 1335
9 54 2 7 53358
9 55 2 3 34
9 56 8 4 886
9 57 4 6 12971
9 58 10 5 2512
9 59 9 5 2462
9 60 1 7 8121
9 61 10 5 2703
9 62 2 6 1878
9 63 8 6 18024
10 0 2 5 1311
10 1 2 5 1092
10 2 5 6 14035
10 3 3 7 113976
10 4 10 5 5256
10 5 4 6 6793
10 6 2 7 15298
10 7 9 4 398
10 8 8 6 28119
10 9 8 5 4811
10 10 10 7 52602
10 11 5 5 607
10 12 6 5 1253
10 13 1 6 4267
10 14 10 8 2391905
10 15 6 5 1617
10 16 9 6 44120
10 17 9 4 526
10 18 1 6 1151
10 19 5 4 346
10 20 1 5 278
10 21 8 5 2981
10 22 3 6 6938
10 23 7 5 3053
10 24 1 7 5899
10 25 9 5 1612
10 26 2 7 26938
10 27 4 4 98
10 28 4 7 26106
10 29 5 4 408
10 30 4 5 1980
10 31 4 4 400
10 32 10 3 178
10 33 3 3 50
10 34 4 3 51
10 35 4 6 5105
10 36 8 3 125
10 37 10 4 1061
10 38 10 9 8020840
10 39 10 3 193
10 40 6 3 86
10 41 1 4 81
10 42 3 4 112
10 43 7 5 1403
10 44 9 4 626
10 45 7 5 1392
10 46 3 3 34
10 47 7 4 159
10 48 9 8 540061
10 49 8 6 5652
10 50 9 6 10931
10 51 2 6 2134
10 52 8 4 754
10 53 1 7 33043
10 54 3 5 940
10 55 2 6 5439
10 56 8 8 465041
10 57 3 6 14245
10 58 3 5 416
10 59 1 6 4651
10 60 10 5 1189
10 61 6 5 1687
10 62 10 5 1331
10 63 8 3 135
11 0 1 6 3360
11 1 6 7 47030
11 2 3 6 5515
11 3 9 5 1937
11 4 2 5 452
11 5 6 5 3245
11 6 7 7 175156
11 7 7 3 116
11 8 8 5 3683
11 9 4 7 69062
11 10 5 6 5533
11 11 5 6 17839
11 12 8 8 1616762
11 13 9 7 100522
11 14 2 5 285
11 15 5 5 1789
11 16 7 5 2730
11 17 2 4 95
11 18 9 3 66
11 19 7 5 938
11 20 8 4 566
11 21 3 7 48360
11 22 3 6 5242
11 23 2 4 144
11 24 3 5 1596
11 25 1 6 3580
11 26 10 5 1145
11 27 6 4 209
11 28 6 7 47533
11 29 1 6 1214
11 30 4 7 28418
11 31 7 8 780760
11 32 4 5 2695
11 33 8 3 146
11 34 7 4 256
11 35 9 6 23639
11 36 7 4 531
11 37 3 4 191
11 38 1 5 368
11 39 7 6 6294
11 40 8 5 1590
11 41 3 5 345
11 42 1 6 4291
11 43 3 5 345
11 44 1 5 412
11 45 6 5 2508
11 46 9 5 2475
11 47 4 5 1206
11 48 1 5 225
11 49 6 5 3550
11 50 1 6 1137
11 51 5 5 2605
11 52 1 6 923
11 53 3 6 6297
11 54 3 4 74
11 55 7 6 6942
11 56 1 7 7205
11 57 1 5 144
11 58 5 6 21481
11 59 4 5 1293
11 60 9 5 2889
11 61 6 4 256
11 62 5 3 107
11 63 4 5 691
12 0 1 5 234
12 1 10 4 596
12 2 5 7 138832
12 3 4 2 15
12 4 5 7 50105
12 5 7 5 4086
12 6 10 5 6020
12 7 7 4 642
12 8 1 5 262
12 9 4 6 5542
12 10 3 8 165660
12 11 1 7 6576
12 12 4 8 172530
12 13 3 5 400
12 14 9 5 1963
12 15 5 4 300
12 16 5 5 1513
12 17 4 7 38240
12 18 1 6 965
12 19 8 4 708
12 20 6 5 1717
12 21 4 3 59
12 22 2 6 2078
12 23 10 7 140924
12 24 5 6 5975
12 25 8 3 135
12 26 2 5 1203
12 27 6 6 5059
12 28 6 6 4579
12 29 8 4 590
12 30 2 5 757
12 31 9 7 64102
12 32 2 6 9338
12 33 3 3 42
12 34 6 5 887
12 35 7 6 10778
12 36 2 7 36057
12 37 4 8 203888
12 38 7 3 63
12 39 8 6 6566
12 40 3 6 7732
12 41 3 3 37
12 42 7 3 87
12 43 1 6 4729
12 44 3 4 214
12 45 10 6 46788
12 46 10 5 5131
12 47 5 3 54
12 48 9 4 477
12 49 6 3 67
12 50 3 5 988
12 51 9 5 1344
12 52 9 5 4642
12 53 9 3 90
12 54 8 3 110
12 55 2 5 273
12 56 1 5 512
12 57 8 6 12971
12 58 6 7 48484
12 59 10 4 489
12 60 2 4 217
12 61 6 7 35336
12 62 6 2 21
12 63 9 5 4551
13 0 4 3 87
13 1 10 4 297
13 2 8 3 47
13 3 10 4 231
13 4 3 5 1704
13 5 10 4 653
13 6 6 5 911
13 7 4 7 23388
13 8 1 6 1885
13 9 1 7 5604
13 10 6 5 2051
13 11 8 6 16058
13 12 4 3 35
13 13 7 2 25
13 14 10 7 259266
13 15 2 7 58234
13 16 8 4 240
13 17 1 7 21015
13 18 7 5 1890
13 19 9 3 182
13 20 4 4 251
13 21 9 6 16061
13 22 9 4 207
13 23 10 5 5803
13 24 10 6 11700
13 25 3 6 3305
13 26 2 5 813
13 27 7 5 3692
13 28 1 6 1098
13 29 6 6 7746
13 30 2 6 8657
13 31 5 5 1179
13 32 4 8 210566
13 33 6 4 228
13 34 2 5 998
13 35 9 6 10715
13 36 4 4 343
13 37 4 4 205
13 38 2 6 2261
13 39 8 5 3794
13 40 4 4 447
13 41 5 5 1526
13 42 7 4 270
13 43 8 6 11515
13 44 9 4 738
13 45 8 5 1406
13 46 1 7 5455
13 47 3 6 8784
13 48 9 2 44
13 49 5 5 992
13 50 6 2 28
13 51 2 5 880
13 52 5 6 6501
13 53 10 5 1789
13 54 5 5 1730
13 55 5 5 720
13 56 5 5 1994
13 57 10 7 68036
13 58 3 5 1559
13 59 6 5 1582
13 60 2 5 267
13 61 3 6 4706
13 62 3 6 3004
13 63 10 4 358
14 0 4 5 1157
14 1 9 5 1076
14 2 8 2 24
14 3 1 5 125
14 4 8 4 799
14 5 4 6 3095
14 6 2 6 1482
14 7 7 7 245895
14 8 6 7 72143
14 9 9 4 478
14 10 8 5 974
14 11 6 5 2688
14 12 9 5 1394
14 13 4 5 1720
14 14 2 7 12208
14 15 7 4 317
14 16 8 4 278
14 17 3 4 253
14 18 6 3 87
14 19 10 6 16463
14 20 1 4 97
14 21 6 3 34
14 22 5 3 87
14 23 4 5 744
14 24 3 4 101
14 25 6 4 585
14 26 1 5 261
14 27 4 6 10247
14 28 1 7 6858
14 29 7 6 6144
14 30 7 5 1769
14 31 7 5 2829
14 32 4 2 20
14 33 5 5 1746
14 34 3 5 1884
14 35 5 4 481
14 36 2 7 17243
14 37 8 5 1567
14 38 1 5 294
14 39 1 7 13822
14 40 1 7 5476
14 41 8 4 579
14 42 10 6 9136
14 43 6 3 76
14 44 1 6 2123
14 45 5 5 1938
14 46 8 3 121
14 47 3 5 1698
14 48 2 7 12581
14 49 1 6 2891
14 50 4 7 141476
14 51 1 5 353
14 52 8 4 524
14 53 3 4 73
14 54 6 4 163
14 55 8 3 145
14 56 1 5 610
14 57 5 6 4758
14 58 8 6 14700
14 59 4 5 456
14 60 9 6 8442
14 61 3 5 374
14 62 8 4 602
14 63 4 5 542
15 0 10 6 23105
15 1 2 5 951
15 2 7 6 7549
15 3 2 5 233
15 4 3 7 19147
15 5 5 5 626
15 6 7 4 770
15 7 6 3 37
15 8 3 5 565
15 9 8 6 10356
15 10 10 3 80
15 11 9 6 31279
15 12 9 3 89
15 13 4 6 14511
15 14 10 5 2012
15 15 3 6 13160
15 16 8 4 248
15 17 2 6 9067
15 18 1 6 1039
15 19 10 5 2013
15 20 7 4 220
15 21 6 5 2603
15 22 2 5 316
15 23 8 7 66804
15 24 1 5 318
15 25 10 6 26492
15 26 10 6 24227
15 27 4 4 347
15 28 2 6 1725
15 29 8 5 2986
15 30 6 5 1134
15 31 4 4 174
15 32 4 6 4090
15 33 3 4 174
15 34 4 4 388
15 35 2 4 45
15 36 4 3 56
15 37 6 6 4935
15 38 7 4 163
15 39 6 5 993
15 40 6 3 35
15 41 8 5 4289
15 42 7 4 647
15 43 7 5 1948
15 44 1 5 633
15 45 10 5 5774
15 46 6 4 139
15 47 4 5 538
15 48 10 4 223
15 49 6 5 873
15 50 8 5 1220
15 51 10 9 20080608
15 52 4 5 2316
15 53 6 7 32819
15 54 8 5 1992
15 55 8 5 1146
15 56 7 3 96
15 57 9 5 3330
15 58 3 6 9553
15 59 8 3 52
15 60 3 4 159
15 61 1 7 6461
15 62 3 6 6093
15 63 8 6 16744
16 0 9 6 10185
16 1 4 4 297
16 2 9 6 32661
16 3 7 3 132
16 4 4 6 4826
16 5 3 6 5840
16 6 10 6 19307
16 7 4 6 2928
16 8 1 7 14847
16 9 6 5 873
16 10 1 7 14412
16 11 9 5 1485
16 12 3 4 252
16 13 2 6 2257
16 14 8 5 4449
16 15 5 2 24
16 16 2 5 272
16 17 8 5 3617
16 18 8 4 416
16 19 9 5 1731
16 20 2 5 954
16 21 10 5 1318
16 22 1 6 745
16 23 10 5 4790
16 24 3 4 237
16 25 5 6 8422
16 26 4 4 163
16 27 6 7 153735
16 28 3 8 689627
16 29 6 7 63350
16 30 5 6 7786
16 31 9 4 653
16 32 2 6 3078
16 33 1 6 699
16 34 3 7 112821
16 35 6 4 395
16 36 10 4 285
16 37 3 5 1927
16 38 10 6 7329
16 39 9 4 874
16 40 5 7 71866
16 41 2 4 69
16 42 1 5 426
16 43 2 4 113
16 44 6 4 151
16 45 3 4 118
16 46 6 6 15582
16 47 6 3 67
16 48 2 5 414
16 49 9 8 715438
16 50 7 3 141
16 51 5 7 37147
16 52 2 7 11447
16 53 6 5 721
16 54 2 5 718
16 55 8 5 1460
16 56 6 5 1420
16 57 6 4 239
16 58 9 5 5243
16 59 3 6 6579
16 60 8 6 13015
16 61 2 4 74
16 62 10 4 535
16 63 5 4 321
17 0 4 7 45813
17 1 2 5 1382
17 2 9 4 730
17 3 3 7 23399
17 4 4 6 4710
17 5 4 4 297
17 6 4 4 179
17 7 8 2 16
17 8 2 3 38
17 9 6 5 1474
17 10 6 5 969
17 11 6 4 155
17 12 3 5 558
17 13 2 7 21221
17 14 7 4 307
17 15 9 6 43234
17 16 3 4 104
17 17 3 7 32083
17 18 4 7 20863
17 19 6 6 4979
17 20 5 4 318
17 21 7 3 65
17 22 4 4 105
17 23 5 4 421
17 24 5 4 302
17 25 2 5 325
17 26 1 4 32
17 27 8 4 467
17 28 4 5 777
17 29 9 4 397
17 30 7 4 294
17 31 9 7 303501
17 32 4 4 277
17 33 1 5 544
17 34 7 3 82
17 35 6 3 66
17 36 1 5 670
17 37 9 4 635
17 38 8 3 139
17 39 9 5 4468
17 40 3 4 81
17 41 7 6 5987
17 42 1 7 15995
17 43 7 4 493
17 44 1 5 574
17 45 10 2 18
17 46 7 2 30
17 47 6 5 2791
17 48 6 6 24834
17 49 10 4 294
17 50 1 8 53908
17 51 6 7 70911
17 52 8 6 13122
17 53 2 8 81745
17 54 9 3 136
17 55 9 4 230
17 56 8 3 115
17 57 4 4 397
17 58 3 3 63
17 59 7 5 924
17 60 3 6 3713
17 61 8 3 165
17 62 6 5 2869
17 63 1 5 219
18 0 2 2 6
18 1 4 6 5294
18 2 10 3 104
18 3 9 4 367
18 4 1 7 29509
18 5 4 7 68003
18 6 7 5 2879
18 7 6 6 6787
18 8 7 6 7859
18 9 10 6 19476
18 10 9 7 113560
18 11 4 4 111
18 12 8 5 2713
18 13 2 7 18236
18 14 8 4 414
18 15 10 4 750
18 16 10 5 2200
18 17 2 5 372
18 18 8 5 2147
18 19 8 3 46
18 20 4 5 1465
18 21 10 5 3940
18 22 8 5 3667
18 23 7 5 3012
18 24 4 5 513
18 25 2 5 938
18 26 6 7 36791
18 27 9 1 10
18 28 6 5 2763
18 29 6 3 87
18 30 1 6 1427
18 31 10 6 8687
18 32 3 4 71
18 33 5 6 17213
18 34 8 6 6794
18 35 4 7 20774
18 36 5 2 17
18 37 7 7 37233
18 38 6 3 122
18 39 6 5 1446
18 40 5 4 398
18 41 2 5 418
18 42 1 8 152469
18 43 2 7 14000
18 44 2 5 648
18 45 7 5 3956
18 46 1 8 53639
18 47 10 5 2187
18 48 8 8 342366
18 49 3 5 821
18 50 2 4 213
18 51 10 3 92
18 52 5 4 449
18 53 3 5 1882
18 54 5 6 13512
18 55 5 4 483
18 56 9 6 19803
18 57 3 4 132
18 58 5 5 975
18 59 3 7 34408
18 60 1 5 138
18 61 4 6 11337
18 62 1 6 1164
18 63 8 4 318
19 0 7 5 1290
19 1 9 4 718
19 2 1 6 2074
19 3 10 3 62
19 4 10 5 1474
19 5 7 5 1623
19 6 9 6 14953
19 7 1 7 39367
19 8 4 6 14665
19 9 5 3 81
19 10 9 5 1892
19 11 3 8 216184
19 12 2 3 18
19 13 7 3 48
19 14 1 6 2139
19 15 1 6 1772
19 16 7 3 83
19 17 5 5 832
19 18 9 3 50
19 19 2 9 1126482
19 20 4 5 618
19 21 3 4 250
19 22 6 5 3452
19 23 2 7 14419
19 24 5 4 113
19 25 9 6 28263
19 26 7 5 1098
19 27 10 4 920
19 28 8 5 1357
19 29 6 5 912
19 30 2 4 72
19 31 7 4 198
19 32 3 4 199
19 33 3 5 405
19 34 8 5 2488
19 35 10 4 238
19 36 6 4 329
19 37 5 4 121
19 38 9 1 15
19 39 9 7 228144
19 40 2 7 44517
19 41 7 4 172
19 42 9 3 177
19 43 5 6 4727
19 44 5 5 1308
19 45 9 3 104
19 46 3 6 2538
19 47 10 3 125
19 48 9 6 36834
19 49 7 4 359
19 50 1 6 4723
19 51 9 3 164
19 52 10 4 282
19 53 5 5 2956
19 54 2 5 639
19 55 1 7 5837
19 56 2 5 865
19 57 10 3 110
19 58 6 7 87409
19 59 9 7 77300
19 60 10 7 64835
19 61 9 4 344
19 62 8 7 74995
19 63 4 6 4988
20 0 5 2 14
20 1 5 3 28
20 2 5 4 311
20 3 1 4 48
20 4 6 2 22
20 5 3 7 22976
20 6 6 6 23801
20 7 6 4 186
20 8 8 6 10719
20 9 8 4 224
20 10 7 5 1819
20 11 1 5 305
20 12 8 3 43
20 13 3 6 5671
20 14 1 7 21718
20 15 7 7 43887
20 16 5 8 1658058
20 17 3 4 89
20 18 4 3 44
20 19 4 4 139
20 20 7 5 2365
20 21 2 3 35
20 22 3 6 6187
20 23 9 5 4072
20 24 4 6 17473
20 25 9 5 3459
20 26 3 5 467
20 27 7 4 182
20 28 2 5 563
20 29 3 4 161
20 30 10 2 35
20 31 4 5 566
20 32 2 4 211
20 33 5 3 70
20 34 6 5 1931
20 35 3 5 1871
20 36 2 5 548
20 37 8 3 69
20 38 6 6 5604
20 39 4 3 53
20 40 3 8 123366
20 41 1 7 14039
20 42 4 3 36
20 43 4 4 150
20 44 8 5 1320
20 45 10 4 292
20 46 3 5 984
20 47 3 6 2662
20 48 3 8 321295
20 49 5 8 820705
20 50 8 3 134
20 51 6 5 2158
20 52 9 3 101
20 53 7 6 13071
20 54 6 6 12937
20 55 2 5 228
20 56 1 6 1373
20 57 1 5 294
20 58 7 6 18106
20 59 1 5 662
20 60 10 3 60
20 61 10 4 1051
20 62 6 7 34607
20 63 5 3 35
21 0 3 4 188
21 1 9 5 3138
21 2 8 7 46308
21 3 2 6 1863
21 4 2 6 3517
21 5 9 5 1159
21 6 4 4 415
21 7 2 6 2172
21 8 7 5 2731
21 9 4 5 832
21 10 6 6 20717
21 11 7 7 40617
21 12 8 7 70060
21 13 9 5 1091
21 14 7 6 6678
21 15 8 4 425
21 16 4 9 3086764
21 17 5 5 2211
21 18 1 6 4171
21 19 4 6 6385
21 20 6 5 1273
21 21 3 5 473
21 22 3 7 16126
21 23 3 4 70
21 24 6 4 179
21 25 6 4 292
21 26 1 8 157084
21 27 7 3 83
21 28 2 8 215771
21 29 4 5 1353
21 30 1 6 1113
21 31 6 4 356
21 32 2 5 732
21 33 7 3 107
21 34 7 5 4494
21 35 3 5 368
21 36 3 6 9258
21 37 7 4 509
21 38 5 4 394
21 39 7 4 605
21 40 7 6 12065
21 41 8 6 10692
21 42 2 7 35798
21 43 1 6 826
21 44 10 3 144
21 45 1 5 117
21 46 5 3 63
21 47 7 4 265
21 48 1 5 609
21 49 6 3 106
21 50 2 6 1434
21 51 4 6 6112
21 52 10 4 381
21 53 7 7 248087
21 54 7 4 367
21 55 4 4 289
21 56 5 4 117
21 57 3 6 2533
21 58 10 6 37473
21 59 6 4 662
21 60 10 4 1125
21 61 9 2 25
21 62 5 6 18932
21 63 5 5 3111
22 0 9 4 955
22 1 3 6 5282
22 2 9 6 12551
22 3 10 5 1519
22 4 5 7 25758
22 5 2 9 2529764
22 6 10 5 3145
22 7 2 5 332
22 8 1 5 688
22 9 8 3 165
22 10 3 5 813
22 11 9 5 4845
22 12 6 5 3853
22 13 7 7 76178
22 14 8 5 4967
22 15 3 5 1325
22 16 1 6 1901
22 17 5 6 4694
22 18 6 5 3588
22 19 5 6 15213
22 20 5 3 49
22 21 2 5 304
22 22 9 5 1274
22 23 1 7 8785
22 24 2 4 87
22 25 6 4 441
22 26 4 4 354
22 27 7 6 12511
22 28 2 6 4985
22 29 4 9 2886702
22 30 9 4 419
22 31 3 3 19
22 32 4 6 6234
22 33 2 4 98
22 34 2 5 243
22 35 7 4 698
22 36 6 5 1188
22 37 5 8 270289
22 38 4 5 967
22 39 2 5 327
22 40 3 3 49
22 41 8 5 3595
22 42 5 7 62214
22 43 2 4 80
22 44 8 5 1805
22 45 6 4 254
22 46 4 6 5670
22 47 9 4 420
22 48 2 4 178
22 49 5 5 630
22 50 6 6 6568
22 51 1 7 11094
22 52 9 4 923
22 53 7 5 4264
22 54 10 8 494739
22 55 3 6 2098
22 56 3 4 306
22 57 5 5 1457
22 58 8 5 1361
22 59 10 4 354
22 60 8 6 7675
22 61 1 4 34
22 62 7 5 799
22 63 2 6 5371
23 0 5 6 4403
23 1 10 3 122
23 2 5 5 1732
23 3 2 4 200
23 4 3 5 499
23 5 4 3 68
23 6 6 4 390
23 7 9 4 296
23 8 10 4 1070
23 9 3 6 4878
23 10 7 7 52442
23 11 10 6 12369
23 12 1 4 109
23 13 7 4 547
23 14 1 4 106
23 15 6 5 1341
23 16 6 5 2554
23 17 8 5 3146
23 18 7 3 130
23 19 10 6 17506
23 20 9 4 330
23 21 10 5 1253
23 22 2 7 65993
23 23 10 5 1339
23 24 8 5 1270
23 25 4 6 3704
23 26 2 5 377
23 27 8 2 20
23 28 5 6 13170
23 29 9 3 51
23 30 4 6 4760
23 31 1 6 1284
23 32 3 4 205
23 33 3 5 717
23 34 8 4 387
23 35 7 4 285
23 36 8 4 265
23 37 8 5 1971
23 38 2 5 982
23 39 5 6 9691
23 40 6 7 125844
23 41 9 4 408
23 42 10 4 750
23 43 4 5 468
23 44 1 4 73
23 45 9 3 103
23 46 6 4 346
23 47 7 4 704
23 48 2 5 329
23 49 9 7 153934
23 50 2 5 538
23 51 3 4 136
23 52 1 6 1675
23 53 9 3 175
23 54 1 8 224174
23 55 10 6 39599
23 56 10 5 3880
23 57 3 5 566
23 58 10 6 9533
23 59 7 5 1607
23 60 5 5 730
23 61 2 4 120
23 62 6 3 65
23 63 3 5 973
24 0 4 5 687
24 1 5 6 23853
24 2 6 3 90
24 3 9 5 4223
24 4 3 7 34991
24 5 8 6 6479
24 6 1 6 703
24 7 9 4 810
24 8 3 8 153949
24 9 7 5 2833
24 10 9 7 115584
24 11 2 6 2953
24 12 5 2 15
24 13 9 6 7295
24 14 4 7 98243
24 15 3 6 4677
24 16 2 4 50
24 17 2 4 98
24 18 7 6 7122
24 19 8 4 288
24 20 6 4 147
24 21 8 6 14787
24 22 9 6 6345
24 23 2 4 203
24 24 5 7 94464
24 25 9 4 875
24 26 7 7 222867
24 27 5 5 2372
24 28 3 6 3012
24 29 2 8 102701
24 30 6 5 3504
24 31 8 6 19415
24 32 3 5 1313
24 33 6 6 26260
24 34 2 5 469
24 35 1 7 6008
24 36 9 3 96
24 37 4 6 8740
24 38 6 3 64
24 39 10 3 173
24 40 10 3 65
24 41 1 6 1519
24 42 3 5 1249
24 43 10 5 1308
24 44 7 5 1169
24 45 4 6 5864
24 46 9 5 1628
24 47 6 5 1456
24 48 7 4 422
24 49 7 4 273
24 50 4 4 100
24 51 2 4 61
24 52 5 6 4555
24 53 3 7 64844
24 54 5 5 1462
24 55 7 3 39
24 56 4 4 154
24 57 1 6 3868
24 58 2 4 131
24 59 3 9 1517140
24 60 2 6 7706
24 61 9 5 1561
24 62 1 6 753
24 63 3 5 365
25 0 6 4 391
25 1 6 4 607
25 2 8 7 46719
25 3 2 7 13050
25 4 1 7 19026
25 5 1 5 587
25 6 5 3 34
25 7 10 5 2314
25 8 8 4 314
25 9 4 5 1247
25 10 10 3 137
25 11 7 5 2133
25 12 6 4 200
25 13 3 5 689
25 14 3 6 4825
25 15 1 4 70
25 16 2 5 396
25 17 7 3 103
25 18 3 7 31593
25 19 10 4 1043
25 20 5 4 114
25 21 8 4 179
25 22 6 4 541
25 23 6 6 16955
25 24 8 6 9335
25 25 8 5 2082
25 26 1 5 200
25 27 10 3 102
25 28 9 5 1222
25 29 1 6 747
25 30 9 3 127
25 31 6 6 20842
25 32 7 5 1617
25 33 7 5 882
25 34 10 5 5725
25 35 1 6 4479
25 36 3 7 21430
25 37 9 5 1171
25 38 5 4 249
25 39 10 5 3993
25 40 8 4 577
25 41 5 5 783
25 42 5 4 126
25 43 3 7 67003
25 44 2 6 7930
25 45 6 7 68807
25 46 10 4 419
25 47 5 5 813
25 48 7 4 191
25 49 3 6 9884
25 50 9 3 49
25 51 1 5 440
25 52 10 3 169
25 53 6 5 1126
25 54 4 4 410
25 55 9 5 1937
25 56 5 3 50
25 57 10 3 150
25 58 4 7 145326
25 59 6 5 1476
25 60 9 5 3369
25 61 8 2 34
25 62 8 3 68
25 63 10 3 96
26 0 2 4 163
26 1 9 3 151
26 2 10 4 1005
26 3 7 5 1110
26 4 1 6 1033
26 5 7 3 67
26 6 5 6 3824
26 7 1 6 1034
26 8 2 7 17649
26 9 10 4 536
26 10 5 6 4505
26 11 8 4 255
26 12 6 4 206
26 13 7 4 758
26 14 4 6 6301
26 15 7 4 504
26 16 2 6 6805
26 17 4 5 807
26 18 7 4 695
26 19 6 7 141471
26 20 3 8 125677
26 21 3 5 368
26 22 6 5 2130
26 23 8 4 294
26 24 10 4 907
26 25 9 4 380
26 26 7 2 31
26 27 5 5 854
26 28 9 3 84
26 29 5 7 168127
26 30 8 3 127
26 31 1 7 7036
26 32 4 8 386980
26 33 1 6 1846
26 34 7 2 25
26 35 8 5 1578
26 36 9 4 628
26 37 4 6 3707
26 38 8 5 1016
26 39 3 3 40
26 40 8 4 469
26 41 1 5 273
26 42 2 4 97
26 43 9 3 57
26 44 3 5 2039
26 45 8 6 8542
26 46 9 5 2555
26 47 7 6 7192
26 48 7 6 5328
26 49 5 6 11269
26 50 5 5 3422
26 51 10 3 175
26 52 5 6 23313
26 53 1 7 5309
26 54 2 8 127516
26 55 3 5 349
26 56 2 4 215
26 57 4 5 2322
26 58 4 4 239
26 59 1 5 296
26 60 8 4 726
26 61 7 6 11047
26 62 10 5 4016
26 63 6 3 53
27 0 7 7 50355
27 1 5 5 839
27 2 9 3 62
27 3 8 4 367
27 4 3 6 2267
27 5 9 4 1001
27 6 3 4 112
27 7 10 4 248
27 8 9 2 44
27 9 2 4 80
27 10 9 3 141
27 11 2 5 637
27 12 6 4 178
27 13 2 4 143
27 14 4 9 3328079
27 15 5 7 38897
27 16 7 7 36004
27 17 7 4 171
27 18 10 4 413
27 19 1 9 693270
27 20 1 6 2585
27 21 4 4 200
27 22 10 4 272
27 23 2 5 887
27 24 8 5 1447
27 25 9 5 3127
27 26 5 4 215
27 27 10 7 347118
27 28 8 5 4001
27 29 7 4 739
27 30 7 3 78
27 31 4 4 298
27 32 6 4 386
27 33 6 6 5309
27 34 1 5 221
27 35 1 6 1913
27 36 5 5 1023
27 37 7 6 17102
27 38 6 5 1361
27 39 2 4 132
27 40 6 5 1023
27 41 8 4 466
27 42 9 4 383
27 43 7 6 6149
27 44 7 7 78041
27 45 3 5 872
27 46 3 6 14235
27 47 10 4 711
27 48 6 3 70
27 49 5 4 521
27 50 3 7 29378
27 51 9 3 142
27 52 5 4 373
27 53 5 5 1767
27 54 10 4 820
27 55 2 7 32007
27 56 5 4 412
27 57 9 5 3991
27 58 1 7 18518
27 59 3 6 10869
27 60 5 4 505
27 61 10 2 38
27 62 6 3 126
27 63 2 5 1192
28 0 7 2 35
28 1 10 4 366
28 2 8 2 39
28 3 4 3 79
28 4 1 6 2041
28 5 4 5 996
28 6 3 5 457
28 7 1 6 3699
28 8 10 2 49
28 9 10 6 19402
28 10 7 4 560
28 11 1 7 21424
28 12 2 5 1226
28 13 8 5 2749
28 14 3 8 652346
28 15 4 6 4914
28 16 10 4 365
28 17 4 5 2709
28 18 4 7 34863
28 19 8 1 13
28 20 9 3 160
28 21 9 5 2026
28 22 6 5 1946
28 23 7 4 246
28 24 3 8 175062
28 25 9 2 30
28 26 6 5 3377
28 27 2 5 1191
28 28 2 4 106
28 29 6 4 154
28 30 8 5 2448
28 31 9 4 385
28 32 4 5 1459
28 33 2 6 5729
28 34 10 5 1890
28 35 8 7 143664
28 36 8 5 2713
28 37 4 3 44
28 38 10 5 1582
28 39 8 5 3090
28 40 5 4 155
28 41 2 8 124932
28 42 1 3 9
28 43 9 4 982
28 44 4 7 30766
28 45 7 4 658
28 46 1 4 73
28 47 2 5 282
28 48 2 5 635
28 49 7 3 51
28 50 3 7 32471
28 51 8 4 813
28 52 4 5 918
28 53 8 4 741
28 54 7 4 446
28 55 3 5 876
28 56 9 4 216
28 57 6 5 1642
28 58 2 4 139
28 59 8 4 179
28 60 2 5 588
28 61 3 2 10
28 62 7 4 225
28 63 4 3 27
29 0 8 6 37754
29 1 6 7 139431
29 2 5 2 21
29 3 4 5 542
29 4 2 7 13767
29 5 9 3 141
29 6 2 9 2314019
29 7 1 7 6971
29 8 2 8 100606
29 9 10 5 1160
29 10 6 4 572
29 11 4 5 2511
29 12 10 4 850
29 13 7 6 6054
29 14 5 7 50598
29 15 4 6 11025
29 16 9 3 171
29 17 6 6 17151
29 18 3 4 153
29 19 9 6 11066
29 20 1 5 216
29 21 6 5 2858
29 22 6 4 208
29 23 4 5 834
29 24 4 6 5207
29 25 4 4 452
29 26 8 5 1364
29 27 5 3 105
29 28 3 5 392
29 29 8 3 120
29 30 7 4 624
29 31 9 6 42693
29 32 2 5 286
29 33 3 3 53
29 34 5 5 619
29 35 9 5 1119
29 36 4 5 594
29 37 1 6 948
29 38 3 5 1131
29 39 6 5 1774
29 40 1 7 26133
29 41 5 5 2628
29 42 4 7 78844
29 43 4 5 808
29 44 2 6 8186
29 45 3 6 3162
29 46 5 3 49
29 47 4 6 6998
29 48 1 6 1323
29 49 9 6 14605
29 50 9 4 783
29 51 4 4 115
29 52 8 5 1770
29 53 8 6 8787
29 54 3 5 882
29 55 3 4 160
29 56 10 5 2500
29 57 7 4 294
29 58 10 6 29511
29 59 1 6 2602
29 60 9 1 10
29 61 1 3 22
29 62 4 7 75631
29 63 5 3 72
30 0 1 8 65123
30 1 8 5 4535
30 2 1 5 271
30 3 10 6 9598
30 4 6 5 3515
30 5 8 6 8333
30 6 5 2 19
30 7 6 4 147
30 8 5 3 41
30 9 3 5 1495
30 10 4 5 2704
30 11 8 3 152
30 12 5 5 2354
30 13 10 2 49
30 14 7 3 87
30 15 4 5 820
30 16 5 5 1385
30 17 8 4 665
30 18 5 5 1272
30 19 8 4 769
30 20 3 4 189
30 21 8 3 67
30 22 9 6 19974
30 23 9 6 24516
30 24 2 5 1092
30 25 5 5 1497
30 26 8 6 10080
30 27 9 5 1683
30 28 7 8 1453655
30 29 4 4 268
30 30 3 5 562
30 31 10 6 48289
30 32 1 6 2017
30 33 1 6 839
30 34 3 3 31
30 35 9 5 1387
30 36 9 4 379
30 37 1 7 7467
30 38 7 6 18263
30 39 10 4 1087
30 40 6 6 4299
30 41 5 6 5112
30 42 1 4 97
30 43 7 7 41718
30 44 10 3 158
30 45 9 3 137
30 46 1 7 6239
30 47 5 5 2036
30 48 3 5 609
30 49 2 4 77
30 50 2 4 45
30 51 10 4 235
30 52 2 4 126
30 53 1 5 203
30 54 6 4 144
30 55 7 4 317
30 56 10 6 25357
30 57 1 10 6203368
30 58 8 6 27927
30 59 6 7 76624
30 60 6 4 168
30 61 6 4 145
30 62 4 6 17599
30 63 7 6 9603
31 0 1 6 2021
31 1 3 6 2369
31 2 6 4 247
31 3 9 6 16772
31 4 5 4 558
31 5 4 5 526
31 6 4 4 248
31 7 7 5 1973
31 8 5 5 663
31 9 6 5 1141
31 10 2 5 1282
31 11 3 4 109
31 12 2 7 23049
31 13 5 6 12788
31 14 5 5 2071
31 15 1 5 302
31 16 7 4 189
31 17 9 7 76181
31 18 6 5 930
31 19 3 4 172
31 20 3 6 7004
31 21 2 9 1654852
31 22 6 4 182
31 23 5 6 6873
31 24 8 6 13611
31 25 6 5 2140
31 26 1 6 774
31 27 8 4 448
31 28 9 2 45
31 29 10 4 240
31 30 6 3 99
31 31 9 5 2883
31 32 5 6 12325
31 33 9 5 5209
31 34 6 7 215337
31 35 6 5 1100
31 36 7 4 324
31 37 2 6 1620
31 38 4 4 222
31 39 5 4 367
31 40 1 6 1333
31 41 6 5 1049
31 42 2 4 100
31 43 9 2 22
31 44 1 7 25094
31 45 7 3 97
31 46 2 6 5807
31 47 6 6 23390
31 48 3 5 371
31 49 2 5 316
31 50 9 5 3999
31 51 2 7 24135
31 52 6 7 48305
31 53 5 4 472
31 54 7 4 200
31 55 8 6 7665
31 56 7 5 831
31 57 5 3 96
31 58 8 5 3151
31 59 9 6 10305
31 60 6 5 2292
31 61 7 3 88
31 62 3 4 80
31 63 4 3 73
32 0 7 5 1145
32 1 6 4 459
32 2 5 5 1086
32 3 8 5 3773
32 4 3 8 217890
32 5 5 5 1453
32 6 8 8 786339
32 7 3 3 58
32 8 6 8 350161
32 9 8 5 1801
32 10 10 4 448
32 11 4 2 19
32 12 1 4 61
32 13 2 5 526
32 14 7 2 30
32 15 3 3 58
32 16 8 2 29
32 17 8 6 6692
32 18 1 5 174
32 19 9 6 6942
32 20 7 5 1882
32 21 7 4 654
32 22 10 5 1789
32 23 1 5 128
32 24 7 5 950
32 25 4 5 2613
32 26 9 6 11834
32 27 8 5 2433
32 28 6 4 430
32 29 8 3 56
32 30 1 6 1753
32 31 5 4 148
32 32 4 5 1550
32 33 5 4 264
32 34 9 5 2740
32 35 3 6 6495
32 36 2 7 65393
32 37 9 6 15146
32 38 10 3 71
32 39 7 7 80877
32 40 5 5 768
32 41 9 6 10243
32 42 5 8 248220
32 43 3 5 1423
32 44 8 5 1801
32 45 1 6 2600
32 46 8 5 2433
32 47 7 6 5974
32 48 5 4 123
32 49 8 6 8302
32 50 4 5 799
32 51 10 6 29537
32 52 10 6 29805
32 53 7 5 3578
32 54 2 6 8922
32 55 10 4 576
32 56 4 4 265
32 57 5 6 22191
32 58 8 5 3814
32 59 10 4 450
32 60 6 6 20072
32 61 4 4 269
32 62 8 5 1964
32 63 3 4 279
33 0 7 5 3229
33 1 6 5 3855
33 2 2 8 174293
33 3 6 5 1708
33 4 2 5 802
33 5 2 6 8694
33 6 4 8 302217
33 7 6 4 445
33 8 4 5 790
33 9 4 5 1019
33 10 7 4 356
33 11 1 5 131
33 12 10 5 3070
33 13 7 3 120
33 14 5 5 862
33 15 1 4 39
33 16 1 5 176
33 17 3 4 245
33 18 4 6 4599
33 19 2 9 3759393
33 20 9 5 4601
33 21 2 6 1855
33 22 6 8 323199
33 23 1 5 620
33 24 8 4 726
33 25 10 4 237
33 26 1 7 6751
33 27 10 6 13829
33 28 2 7 19237
33 29 5 7 123418
33 30 8 3 133
33 31 2 4 130
33 32 8 4 344
33 33 7 4 616
33 34 3 5 592
33 35 6 4 325
33 36 7 3 59
33 37 3 5 692
33 38 5 5 694
33 39 5 3 69
33 40 6 6 16161
33 41 8 7 206604
33 42 7 7 38259
33 43 7 5 2741
33 44 4 5 553
33 45 4 4 341
33 46 3 4 115
33 47 3 6 7201
33 48 9 3 121
33 49 5 6 12123
33 50 9 5 1779
33 51 7 5 1023
33 52 10 6 15530
33 53 10 8 2860500
33 54 3 5 1066
33 55 7 3 150
33 56 9 5 1248
33 57 4 3 75
33 58 2 4 90
33 59 8 5 5120
33 60 4 4 276
33 61 10 3 117
33 62 4 6 11793
33 63 6 4 596
34 0 4 4 102
34 1 6 2 19
34 2 10 6 6974
34 3 8 5 1701
34 4 7 4 193
34 5 4 6 18764
34 6 3 6 6003
34 7 5 7 111760
34 8 3 4 258
34 9 7 3 109
34 10 4 7 51400
34 11 5 5 771
34 12 8 3 169
34 13 2 5 595
34 14 6 4 561
34 15 4 6 4119
34 16 1 7 7169
34 17 1 6 3460
34 18 8 5 1041
34 19 8 5 1204
34 20 2 7 13531
34 21 4 5 1352
34 22 6 4 224
34 23 2 6 8254
34 24 10 6 7289
34 25 5 5 1062
34 26 3 5 553
34 27 8 7 191621
34 28 8 7 128829
34 29 7 6 23436
34 30 1 5 551
34 31 10 7 121856
34 32 7 2 29
34 33 10 7 56807
34 34 8 5 3857
34 35 4 4 160
34 36 4 7 42497
34 37 8 4 536
34 38 5 5 1860
34 39 10 3 123
34 40 5 5 1082
34 41 6 2 21
34 42 5 8 564838
34 43 10 5 1456
34 44 6 5 2569
34 45 7 4 251
34 46 4 5 2649
34 47 5 7 46575
34 48 4 6 16939
34 49 3 8 361071
34 50 3 5 707
34 51 9 4 653
34 52 5 4 382
34 53 10 4 371
34 54 7 7 46550
34 55 8 5 2969
34 56 5 4 189
34 57 7 4 599
34 58 9 3 120
34 59 4 3 39
34 60 1 5 293
34 61 9 4 346
34 62 5 4 441
34 63 3 3 64
35 0 8 5 961
35 1 3 5 745
35 2 3 4 71
35 3 5 6 14127
35 4 7 5 3399
35 5 4 7 20320
35 6 5 4 216
35 7 1 6 3701
35 8 5 3 61
35 9 3 2 15
35 10 6 3 60
35 11 4 6 8885
35 12 1 7 6041
35 13 1 5 316
35 14 10 3 155
35 15 4 6 6042
35 16 6 6 8882
35 17 3 5 425
35 18 10 6 9355
35 19 2 5 294
35 20 6 2 17
35 21 8 4 181
35 22 9 7 153493
35 23 2 7 25518
35 24 5 6 8209
35 25 4 3 48
35 26 1 6 1298
35 27 4 6 4994
35 28 10 6 8274
35 29 8 4 514
35 30 1 4 108
35 31 4 4 97
35 32 8 5 3966
35 33 7 3 119
35 34 8 7 102753
35 35 2 6 9717
35 36 10 3 120
35 37 1 6 731
35 38 4 5 685
35 39 9 7 65770
35 40 2 4 104
35 41 10 5 3493
35 42 5 5 888
35 43 2 8 653134
35 44 1 5 185
35 45 2 6 1482
35 46 8 6 11549
35 47 5 7 50198
35 48 4 5 2717
35 49 7 4 490
35 50 8 5 1145
35 51 6 4 372
35 52 4 6 4503
35 53 6 4 591
35 54 5 4 533
35 55 6 3 85
35 56 1 5 190
35 57 9 3 185
35 58 10 5 1257
35 59 8 7 78310
35 60 10 5 3321
35 61 1 6 4931
35 62 2 5 475
35 63 3 6 4444
36 0 9 4 813
36 1 1 6 2100
36 2 5 5 3300
36 3 7 5 1301
36 4 8 4 615
36 5 1 4 29
36 6 10 5 3178
36 7 9 4 258
36 8 2 4 184
36 9 7 4 365
36 10 7 4 336
36 11 5 4 175
36 12 7 3 108
36 13 1 5 209
36 14 2 6 7560
36 15 8 4 418
36 16 2 8 104773
36 17 4 5 872
36 18 6 6 4783
36 19 10 7 77068
36 20 1 7 8457
36 21 1 9 632921
36 22 1 8 104438
36 23 7 4 510
36 24 9 1 8
36 25 8 6 24885
36 26 10 5 5111
36 27 1 7 6786
36 28 3 5 867
36 29 5 6 7805
36 30 10 6 10793
36 31 7 3 42
36 32 3 5 1970
36 33 5 6 5358
36 34 4 5 548
36 35 4 5 2183
36 36 10 4 246
36 37 5 5 1430
36 38 9 4 355
36 39 4 5 1124
36 40 1 6 752
36 41 6 5 2080
36 42 9 5 1178
36 43 4 3 67
36 44 8 3 119
36 45 8 6 7397
36 46 6 3 66
36 47 1 8 60755
36 48 4 6 4305
36 49 9 6 19358
36 50 5 4 461
36 51 8 5 3077
36 52 2 3 40
36 53 10 3 129
36 54 10 3 99
36 55 6 4 651
36 56 7 5 4805
36 57 3 5 655
36 58 9 2 38
36 59 5 5 3176
36 60 8 5 946
36 61 3 5 381
36 62 7 5 2787
36 63 7 7 41657
37 0 5 5 1199
37 1 1 6 2189
37 2 6 6 9005
37 3 6 7 98547
37 4 9 3 96
37 5 8 6 8469
37 6 4 5 2190
37 7 4 3 51
37 8 5 3 99
37 9 6 5 2279
37 10 8 3 50
37 11 10 3 186
37 12 9 6 29035
37 13 1 7 22722
37 14 8 6 21175
37 15 6 5 814
37 16 7 5 4822
37 17 9 3 83
37 18 3 6 10597
37 19 3 6 6124
37 20 6 6 10268
37 21 4 6 3229
37 22 1 5 575
37 23 3 4 265
37 24 2 7 65364
37 25 7 5 3880
37 26 1 7 6367
37 27 8 4 733
37 28 10 7 114131
37 29 3 4 117
37 30 1 6 982
37 31 1 6 1776
37 32 1 6 1002
37 33 2 4 90
37 34 9 3 74
37 35 10 6 20538
37 36 3 5 1740
37 37 4 6 3773
37 38 5 5 2827
37 39 1 8 69065
37 40 8 3 171
37 41 6 5 853
37 42 5 4 257
37 43 5 2 25
37 44 10 5 2913
37 45 8 5 1817
37 46 1 8 47502
37 47 6 5 3071
37 48 5 7 147262
37 49 7 5 2454
37 50 3 6 11477
37 51 5 6 18203
37 52 9 5 1545
37 53 4 5 551
37 54 3 5 806
37 55 2 5 749
37 56 10 4 224
37 57 2 8 84768
37 58 10 3 220
37 59 3 7 27149
37 60 9 4 953
37 61 1 6 3444
37 62 9 6 10860
37 63 2 5 1016
38 0 3 5 763
38 1 8 4 268
38 2 4 6 4139
38 3 10 4 930
38 4 6 3 79
38 5 7 4 570
38 6 4 6 9581
38 7 7 4 792
38 8 9 5 2255
38 9 2 6 6154
38 10 6 4 615
38 11 1 6 725
38 12 5 5 3193
38 13 1 6 1161
38 14 5 4 544
38 15 1 4 38
38 16 9 3 120
38 17 5 5 929
38 18 5 9 2583059
38 19 2 5 416
38 20 1 7 8097
38 21 7 4 466
38 22 3 5 1954
38 23 3 6 4140
38 24 5 4 279
38 25 10 6 46533
38 26 5 5 1210
38 27 5 8 471994
38 28 2 7 27538
38 29 6 4 250
38 30 9 5 1623
38 31 1 4 96
38 32 7 6 8102
38 33 3 6 4311
38 34 10 4 461
38 35 10 3 113
38 36 9 6 10976
38 37 9 4 358
38 38 5 5 810
38 39 2 5 309
38 40 8 2 33
38 41 4 5 1114
38 42 4 6 4193
38 43 1 4 50
38 44 2 4 79
38 45 8 3 113
38 46 9 4 804
38 47 2 5 359
38 48 4 4 188
38 49 4 7 59171
38 50 10 5 2445
38 51 1 6 2007
38 52 2 6 4913
38 53 7 6 5115
38 54 10 6 27771
38 55 2 4 86
38 56 9 6 13274
38 57 7 3 139
38 58 4 5 549
38 59 2 5 244
38 60 9 4 290
38 61 5 4 245
38 62 7 4 340
38 63 5 8 667965
39 0 10 5 2412
39 1 5 5 586
39 2 2 6 8157
39 3 1 4 77
39 4 5 4 298
39 5 5 4 262
39 6 7 3 104
39 7 5 3 93
39 8 5 4 281
39 9 10 5 5980
39 10 10 4 449
39 11 8 5 2487
39 12 5 6 4417
39 13 8 4 409
39 14 8 5 1770
39 15 2 5 248
39 16 4 5 1063
39 17 2 6 2861
39 18 6 4 171
39 19 10 6 9113
39 20 4 6 2818
39 21 10 5 2521
39 22 4 5 1952
39 23 7 4 391
39 24 7 4 417
39 25 7 5 2732
39 26 2 4 215
39 27 9 4 346
39 28 8 7 63024
39 29 5 2 16
39 30 6 4 397
39 31 9 4 788
39 32 2 5 1042
39 33 7 6 4950
39 34 2 6 5603
39 35 5 3 102
39 36 2 5 533
39 37 8 5 2800
39 38 5 6 8219
39 39 8 6 29515
39 40 4 5 1259
39 41 2 5 1314
39 42 7 6 10428
39 43 3 3 64
39 44 3 4 101
39 45 10 6 9095
39 46 2 6 7177
39 47 2 5 1268
39 48 10 3 84
39 49 9 8 655600
39 50 1 6 4390
39 51 8 4 383
39 52 6 6 19251
39 53 1 6 716
39 54 5 6 8173
39 55 5 6 3596
39 56 5 7 69332
39 57 4 4 216
39 58 3 5 434
39 59 7 5 1345
39 60 1 6 1596
39 61 7 4 332
39 62 8 7 122846
39 63 2 5 334
40 0 1 7 6115
40 1 7 4 423
40 2 1 5 380
40 3 5 6 6974
40 4 2 6 6699
40 5 2 7 10202
40 6 4 4 211
40 7 8 4 515
40 8 1 6 2629
40 9 3 6 4915
40 10 7 6 19179
40 11 8 6 5651
40 12 2 6 3303
40 13 5 3 54
40 14 10 4 568
40 15 4 6 6786
40 16 2 7 62805
40 17 6 5 4137
40 18 2 6 8523
40 19 10 4 376
40 20 8 4 835
40 21 5 6 6154
40 22 4 5 800
40 23 4 5 483
40 24 7 5 4814
40 25 1 6 2360
40 26 3 6 8533
40 27 2 5 940
40 28 1 5 191
40 29 5 9 2052594
40 30 2 4 192
40 31 1 4 61
40 32 2 3 44
40 33 5 7 55650
40 34 9 1 12
40 35 4 6 12559
40 36 4 6 7493
40 37 8 4 291
40 38 3 5 1016
40 39 4 6 18975
40 40 4 4 432
40 41 8 4 555
40 42 6 5 4066
40 43 7 5 3258
40 44 3 7 30514
40 45 2 4 136
40 46 10 4 506
40 47 10 5 3343
40 48 2 4 78
40 49 2 3 19
40 50 8 5 1151
40 51 10 5 4518
40 52 9 6 16975
40 53 10 5 3604
40 54 2 5 689
40 55 5 6 7000
40 56 1 5 370
40 57 2 5 978
40 58 5 5 1650
40 59 4 3 81
40 60 10 4 244
40 61 9 7 75580
40 62 5 9 7277822
40 63 5 3 69
41 0 8 4 322
41 1 2 6 4090
41 2 3 5 1452
41 3 4 4 429
41 4 8 5 1907
41 5 1 6 3257
41 6 5 6 6124
41 7 9 6 6272
41 8 3 5 503
41 9 10 4 546
41 10 7 5 3281
41 11 5 2 25
41 12 3 5 1480
41 13 10 2 26
41 14 6 5 1120
41 15 7 4 242
41 16 5 4 116
41 17 2 5 553
41 18 7 6 8539
41 19 8 6 12127
41 20 1 7 5116
41 21 2 5 236
41 22 5 5 831
41 23 4 5 808
41 24 9 4 297
41 25 2 4 105
41 26 6 6 4634
41 27 1 6 4267
41 28 4 4 195
41 29 4 5 489
41 30 2 5 304
41 31 3 5 838
41 32 10 6 15241
41 33 2 6 6662
41 34 2 4 121
41 35 5 6 7565
41 36 5 6 4041
41 37 8 5 1067
41 38 7 4 267
41 39 7 4 556
41 40 3 4 112
41 41 1 6 1468
41 42 4 5 460
41 43 8 4 258
41 44 2 3 35
41 45 4 5 577
41 46 9 6 13210
41 47 10 3 123
41 48 7 3 147
41 49 2 7 13469
41 50 10 1 11
41 51 3 5 529
41 52 8 5 1991
41 53 1 5 241
41 54 8 4 363
41 55 10 5 1350
41 56 8 4 733
41 57 3 5 1553
41 58 2 4 218
41 59 7 3 154
41 60 1 4 56
41 61 5 6 4218
41 62 3 5 350
41 63 5 6 3811
42 0 10 5 1260
42 1 7 5 2921
42 2 10 3 140
42 3 10 7 209736
42 4 9 3 92
42 5 5 7 81056
42 6 6 5 3963
42 7 3 5 546
42 8 10 4 235
42 9 8 5 5179
42 10 10 4 228
42 11 6 5 1021
42 12 8 7 104816
42 13 7 4 313
42 14 6 4 435
42 15 4 4 196
42 16 3 6 8536
42 17 3 4 310
42 18 5 6 9274
42 19 4 7 30401
42 20 4 7 56023
42 21 7 4 568
42 22 5 4 138
42 23 1 5 430
42 24 2 5 617
42 25 6 7 34926
42 26 8 4 564
42 27 1 9 361504
42 28 6 4 136
42 29 4 5 499
42 30 9 4 221
42 31 1 5 148
42 32 6 7 79415
42 33 4 7 47992
42 34 4 4 330
42 35 7 4 738
42 36 8 3 94
42 37 8 6 8658
42 38 9 4 297
42 39 8 6 11005
42 40 1 6 851
42 41 4 5 865
42 42 5 6 15455
42 43 9 4 348
42 44 3 4 184
42 45 10 6 12958
42 46 4 5 1136
42 47 2 6 4282
42 48 1 7 30686
42 49 6 4 350
42 50 8 6 30508
42 51 4 5 1095
42 52 1 6 1050
42 53 2 7 46815
42 54 8 6 26757
42 55 6 3 91
42 56 9 5 3246
42 57 1 5 649
42 58 8 3 119
42 59 9 4 658
42 60 6 9 2360787
42 61 2 6 2802
42 62 4 4 174
42 63 1 5 480
43 0 4 6 8664
43 1 10 4 434
43 2 4 8 236762
43 3 2 6 2616
43 4 5 5 1401
43 5 3 4 319
43 6 4 5 501
43 7 7 2 16
43 8 2 7 30516
43 9 1 8 56690
43 10 8 5 3323
43 11 2 6 7844
43 12 3 5 662
43 13 9 4 739
43 14 5 5 1903
43 15 5 7 104288
43 16 2 4 49
43 17 4 5 677
43 18 7 4 465
43 19 4 4 279
43 20 2 7 39402
43 21 10 5 1542
43 22 1 7 6683
43 23 7 7 209656
43 24 9 3 182
43 25 8 5 4642
43 26 3 6 12410
43 27 9 4 377
43 28 2 4 136
43 29 2 5 259
43 30 9 3 141
43 31 5 5 939
43 32 7 5 4127
43 33 9 3 131
43 34 10 7 62269
43 35 8 5 2908
43 36 5 3 36
43 37 8 5 1713
43 38 9 7 45771
43 39 10 4 1097
43 40 1 6 1895
43 41 4 4 137
43 42 1 6 1622
43 43 6 5 1232
43 44 3 4 159
43 45 7 5 2861
43 46 6 3 85
43 47 5 4 115
43 48 9 5 1671
43 49 7 5 1087
43 50 4 5 615
43 51 10 7 229631
43 52 2 5 741
43 53 6 4 487
43 54 2 5 806
43 55 5 6 19935
43 56 1 5 570
43 57 6 5 2406
43 58 5 6 12733
43 59 7 4 439
43 60 3 6 7340
43 61 4 6 6917
43 62 1 5 147
43 63 4 6 4954
44 0 9 3 133
44 1 1 6 1663
44 2 5 4 463
44 3 5 5 1084
44 4 2 6 2269
44 5 7 5 816
44 6 2 7 59817
44 7 3 4 185
44 8 6 3 40
44 9 4 5 709
44 10 7 5 1834
44 11 6 4 391
44 12 4 4 222
44 13 8 6 14882
44 14 6 3 96
44 15 1 4 23
44 16 3 6 3085
44 17 2 5 796
44 18 4 4 166
44 19 5 6 7504
44 20 8 4 725
44 21 10 6 19577
44 22 4 4 270
44 23 4 5 724
44 24 3 7 61370
44 25 2 6 6760
44 26 4 6 3098
44 27 10 3 67
44 28 3 3 61
44 29 7 6 9808
44 30 8 4 363
44 31 7 4 336
44 32 9 4 966
44 33 6 5 1467
44 34 3 6 2121
44 35 9 3 190
44 36 10 5 1877
44 37 8 4 616
44 38 1 6 2537
44 39 10 4 462
44 40 3 6 14417
44 41 1 5 139
44 42 10 4 1102
44 43 5 3 44
44 44 3 4 161
44 45 8 6 11294
44 46 9 8 464652
44 47 8 6 18625
44 48 9 5 1968
44 49 7 6 14879
44 50 6 4 288
44 51 2 6 2208
44 52 10 2 18
44 53 6 5 2740
44 54 4 4 346
44 55 8 5 3630
44 56 2 6 6845
44 57 7 7 37667
44 58 8 5 1233
44 59 10 4 616
44 60 2 4 52
44 61 10 4 340
44 62 7 6 9999
44 63 4 3 26
45 0 5 4 125
45 1 8 4 241
45 2 6 2 12
45 3 10 4 470
45 4 9 5 5211
45 5 2 5 401
45 6 7 7 40068
45 7 6 5 2953
45 8 9 5 2854
45 9 4 5 689
45 10 2 7 14297
45 11 1 7 10109
45 12 8 3 76
45 13 10 4 1064
45 14 9 5 2462
45 15 7 5 2073
45 16 10 7 89635
45 17 8 6 15452
45 18 2 6 1700
45 19 9 3 62
45 20 10 4 1122
45 21 2 5 458
45 22 8 6 8733
45 23 9 8 383914
45 24 8 4 478
45 25 10 6 22805
45 26 5 5 1208
45 27 3 5 1117
45 28 7 4 444
45 29 7 6 30603
45 30 7 6 15697
45 31 7 4 231
45 32 5 5 1586
45 33 3 6 14582
45 34 5 7 115366
45 35 5 5 1599
45 36 6 3 60
45 37 5 4 410
45 38 4 5 480
45 39 4 6 3360
45 40 8 3 130
45 41 4 7 22720
45 42 10 3 101
45 43 1 7 10320
45 44 10 5 2882
45 45 4 6 7279
45 46 9 4 615
45 47 10 4 531
45 48 10 4 465
45 49 1 5 168
45 50 6 6 16615
45 51 6 5 1578
45 52 10 6 17061
45 53 4 6 3174
45 54 3 7 67200
45 55 3 5 448
45 56 6 7 30485
45 57 7 5 1418
45 58 2 6 1782
45 59 2 5 573
45 60 1 5 274
45 61 4 4 424
45 62 7 5 2243
45 63 5 7 39323
46 0 1 4 45
46 1 1 5 127
46 2 2 6 4228
46 3 4 6 11325
46 4 5 6 4255
46 5 7 4 750
46 6 9 2 31
46 7 7 4 346
46 8 3 5 540
46 9 5 5 772
46 10 6 7 138820
46 11 1 7 13271
46 12 9 4 254
46 13 2 4 62
46 14 6 5 936
46 15 10 4 615
46 16 3 8 186045
46 17 9 2 20
46 18 3 6 4105
46 19 5 5 1829
46 20 9 4 334
46 21 6 4 556
46 22 10 4 413
46 23 1 7 6253
46 24 4 4 124
46 25 7 5 1718
46 26 4 3 74
46 27 1 5 199
46 28 1 5 118
46 29 2 6 3642
46 30 4 5 1664
46 31 4 5 462
46 32 5 5 870
46 33 4 5 602
46 34 2 9 1378341
46 35 6 4 234
46 36 7 6 9581
46 37 5 5 1047
46 38 9 5 1171
46 39 2 5 998
46 40 5 3 81
46 41 5 5 859
46 42 5 8 480133
46 43 3 7 83881
46 44 4 5 513
46 45 2 4 160
46 46 2 5 282
46 47 2 4 189
46 48 7 6 10990
46 49 2 4 145
46 50 1 6 1689
46 51 7 5 1049
46 52 9 5 2563
46 53 3 4 140
46 54 8 9 3377435
46 55 3 4 294
46 56 4 6 8464
46 57 8 4 755
46 58 3 3 54
46 59 4 4 407
46 60 8 5 2278
46 61 10 6 9738
46 62 8 5 918
46 63 7 3 81
47 0 9 5 4012
47 1 2 6 3914
47 2 7 6 23676
47 3 6 7 153229
47 4 7 5 1053
47 5 2 6 1403
47 6 7 4 182
47 7 6 4 174
47 8 6 6 10252
47 9 1 7 13058
47 10 9 5 2521
47 11 7 5 2445
47 12 7 4 216
47 13 1 4 43
47 14 10 8 1343322
47 15 4 5 1409
47 16 1 6 1024
47 17 7 5 3649
47 18 4 7 148705
47 19 3 5 1762
47 20 10 6 9249
47 21 5 5 749
47 22 7 5 962
47 23 8 4 244
47 24 2 6 7903
47 25 5 6 9039
47 26 6 5 2737
47 27 10 3 166
47 28 9 6 18436
47 29 10 7 84470
47 30 8 5 1825
47 31 6 3 125
47 32 5 5 777
47 33 8 4 507
47 34 5 3 78
47 35 8 3 152
47 36 7 4 216
47 37 9 2 47
47 38 9 5 2751
47 39 2 8 125720
47 40 8 4 385
47 41 1 5 586
47 42 7 4 406
47 43 6 8 807127
47 44 3 4 96
47 45 10 2 26
47 46 1 7 35084
47 47 6 7 35595
47 48 8 4 216
47 49 8 3 99
47 50 4 5 827
47 51 1 7 8686
47 52 3 5 2084
47 53 9 6 15751
47 54 9 5 2871
47 55 8 4 641
47 56 6 6 4258
47 57 9 2 32
47 58 2 7 49077
47 59 8 4 865
47 60 5 4 269
47 61 2 4 105
47 62 2 8 103015
47 63 7 4 163
48 0 1 6 1714
48 1 5 4 370
48 2 3 5 531
48 3 2 5 971
48 4 10 5 4127
48 5 9 6 30341
48 6 9 5 1882
48 7 7 7 146737
48 8 6 7 52635
48 9 9 3 79
48 10 10 5 5111
48 11 10 6 13028
48 12 10 4 328
48 13 4 4 117
48 14 10 4 541
48 15 5 5 891
48 16 8 4 260
48 17 6 6 5255
48 18 2 6 8994
48 19 1 6 1631
48 20 10 6 18088
48 21 2 6 2296
48 22 4 4 248
48 23 10 3 72
48 24 3 5 523
48 25 9 5 1575
48 26 6 7 117137
48 27 7 5 966
48 28 7 5 1132
48 29 4 7 60372
48 30 3 5 846
48 31 9 6 25288
48 32 6 5 1768
48 33 5 6 4209
48 34 6 4 289
48 35 3 7 18559
48 36 10 5 2436
48 37 9 4 377
48 38 8 4 394
48 39 9 7 198909
48 40 2 5 263
48 41 3 5 1080
48 42 9 6 6898
48 43 6 6 18793
48 44 3 4 128
48 45 5 4 552
48 46 7 5 1036
48 47 6 4 313
48 48 9 7 50782
48 49 10 3 91
48 50 10 5 3770
48 51 10 5 1589
48 52 10 4 412
48 53 7 6 18949
48 54 6 4 624
48 55 1 7 27686
48 56 6 5 2023
48 57 8 6 20256
48 58 2 7 26665
48 59 8 4 621
48 60 1 6 2667
48 61 5 7 75566
48 62 8 6 7071
48 63 8 6 5678
49 0 1 6 1221
49 1 3 5 1807
49 2 9 5 2060
49 3 7 1 3
49 4 7 5 1667
49 5 1 7 12611
49 6 1 4 48
49 7 10 4 689
49 8 10 4 674
49 9 7 2 31
49 10 5 8 582527
49 11 4 8 1297020
49 12 1 6 934
49 13 9 4 217
49 14 6 6 18356
49 15 6 5 3887
49 16 9 3 156
49 17 2 6 2718
49 18 5 6 6361
49 19 2 6 3183
49 20 10 3 172
49 21 9 5 5248
49 22 7 5 1192
49 23 3 5 764
49 24 3 4 87
49 25 5 5 1880
49 26 8 6 26592
49 27 5 4 125
49 28 5 5 1716
49 29 7 5 800
49 30 6 5 704
49 31 7 7 41030
49 32 4 4 419
49 33 8 6 22539
49 34 10 2 50
49 35 1 6 852
49 36 9 3 195
49 37 3 5 792
49 38 6 5 1505
49 39 10 5 3315
49 40 9 6 14319
49 41 8 7 102929
49 42 6 4 142
49 43 4 3 54
49 44 2 7 37623
49 45 2 7 23485
49 46 3 4 283
49 47 5 4 404
49 48 4 5 797
49 49 6 6 27062
49 50 2 5 1248
49 51 6 6 6019
49 52 2 5 255
49 53 1 6 2636
49 54 2 4 167
49 55 3 4 89
49 56 4 5 607
49 57 2 6 1628
49 58 3 6 8565
49 59 4 4 105
49 60 8 6 9792
49 61 10 6 7689
49 62 4 6 14664
49 63 9 5 1465
50 0 7 5 1860
50 1 6 5 763
50 2 10 5 2068
50 3 6 7 39206
50 4 9 4 321
50 5 8 4 869
50 6 9 2 24
50 7 10 4 242
50 8 7 6 23915
50 9 2 5 432
50 10 8 5 5037
50 11 1 6 3393
50 12 6 3 89
50 13 1 6 1765
50 14 6 6 8002
50 15 4 8 197427
50 16 3 7 36300
50 17 5 4 164
50 18 5 3 79
50 19 7 5 3586
50 20 5 4 471
50 21 4 6 3755
50 22 6 4 231
50 23 1 4 53
50 24 5 4 130
50 25 3 9 9293839
50 26 7 3 66
50 27 3 7 20076
50 28 4 5 756
50 29 7 4 503
50 30 10 2 43
50 31 3 4 183
50 32 8 7 222981
50 33 9 3 129
50 34 10 4 275
50 35 10 4 659
50 36 9 5 4149
50 37 6 6 9969
50 38 7 6 7942
50 39 1 6 1329
50 40 5 5 1600
50 41 2 4 53
50 42 10 5 6042
50 43 7 6 7578
50 44 2 6 1398
50 45 2 4 140
50 46 8 4 794
50 47 7 4 184
50 48 3 3 41
50 49 7 5 2322
50 50 1 4 26
50 51 7 4 199
50 52 10 2 39
50 53 9 5 5718
50 54 3 6 10954
50 55 6 5 1676
50 56 2 4 113
50 57 7 4 246
50 58 7 6 10578
50 59 7 5 996
50 60 7 5 2190
50 61 9 3 106
50 62 9 4 325
50 63 8 6 28044
51 0 10 5 4235
51 1 5 2 26
51 2 10 2 18
51 3 10 3 217
51 4 1 5 206
51 5 5 4 163
51 6 6 3 53
51 7 7 5 1272
51 8 3 6 14678
51 9 8 4 186
51 10 2 4 166
51 11 4 6 7141
51 12 1 7 7664
51 13 9 3 188
51 14 3 6 8305
51 15 3 5 581
51 16 10 6 32106
51 17 10 6 11971
51 18 3 6 2217
51 19 7 4 767
51 20 2 4 69
51 21 2 6 2521
51 22 1 4 63
51 23 9 4 384
51 24 2 8 248543
51 25 1 6 1578
51 26 4 5 1664
51 27 10 3 134
51 28 6 6 8463
51 29 7 5 2678
51 30 3 6 5150
51 31 9 5 1615
51 32 6 5 965
51 33 5 5 717
51 34 2 4 164
51 35 3 4 304
51 36 1 7 31442
51 37 2 7 25828
51 38 2 6 5165
51 39 1 6 3122
51 40 3 6 2288
51 41 3 7 28842
51 42 3 3 25
51 43 10 4 286
51 44 10 5 6480
51 45 7 4 263
51 46 8 5 2318
51 47 9 6 11480
51 48 8 4 566
51 49 3 4 109
51 50 2 5 438
51 51 4 6 8112
51 52 2 4 141
51 53 3 4 150
51 54 10 3 95
51 55 6 5 810
51 56 1 5 249
51 57 2 8 191166
51 58 9 6 38510
51 59 2 6 4670
51 60 9 5 4483
51 61 1 7 38343
51 62 2 4 178
51 63 5 5 576
52 0 2 6 2659
52 1 8 5 1629
52 2 9 6 13878
52 3 1 5 303
52 4 3 5 1027
52 5 8 4 367
52 6 3 5 713
52 7 7 3 111
52 8 6 4 288
52 9 10 5 1368
52 10 7 4 424
52 11 2 5 267
52 12 8 6 8784
52 13 2 7 28350
52 14 10 5 1459
52 15 1 6 772
52 16 4 4 258
52 17 2 6 2422
52 18 8 5 5025
52 19 3 6 4386
52 20 8 5 3782
52 21 9 8 1741542
52 22 3 7 15866
52 23 10 7 234078
52 24 10 6 22509
52 25 3 4 96
52 26 6 5 1685
52 27 2 4 154
52 28 9 5 1923
52 29 8 5 1144
52 30 3 4 332
52 31 7 5 1154
52 32 10 3 74
52 33 4 4 257
52 34 2 4 97
52 35 8 2 27
52 36 6 3 58
52 37 7 4 391
52 38 9 6 10419
52 39 7 5 4151
52 40 2 5 512
52 41 4 5 458
52 42 8 4 211
52 43 7 5 2695
52 44 1 6 1124
52 45 10 5 3718
52 46 8 5 2604
52 47 4 4 278
52 48 3 5 783
52 49 4 5 1055
52 50 7 5 959
52 51 9 4 753
52 52 2 4 127
52 53 4 6 11150
52 54 5 3 96
52 55 9 5 3346
52 56 10 6 8109
52 57 2 6 4017
52 58 3 6 5169
52 59 1 5 423
52 60 10 5 1809
52 61 10 4 461
52 62 3 7 69229
52 63 2 4 108
53 0 9 5 4719
53 1 6 7 35652
53 2 6 6 13582
53 3 8 5 3500
53 4 8 3 175
53 5 3 5 378
53 6 3 4 90
53 7 4 4 384
53 8 7 7 53687
53 9 6 6 13226
53 10 3 2 12
53 11 6 6 10294
53 12 5 5 3159
53 13 4 6 6453
53 14 9 3 139
53 15 8 3 62
53 16 3 4 104
53 17 7 4 179
53 18 8 3 110
53 19 7 5 1221
53 20 3 4 186
53 21 2 4 71
53 22 3 7 118550
53 23 5 5 843
53 24 5 6 6471
53 25 10 3 203
53 26 6 5 4168
53 27 10 4 330
53 28 7 4 485
53 29 9 4 400
53 30 3 5 1629
53 31 6 5 718
53 32 10 4 679
53 33 5 5 2076
53 34 1 4 91
53 35 2 4 161
53 36 5 6 7393
53 37 7 4 294
53 38 9 4 206
53 39 8 2 31
53 40 10 7 52734
53 41 2 5 455
53 42 7 3 95
53 43 2 5 483
53 44 2 6 2624
53 45 2 6 1753
53 46 9 4 850
53 47 5 4 167
53 48 9 5 3698
53 49 10 6 19278
53 50 9 4 585
53 51 6 5 741
53 52 6 4 201
53 53 5 6 3672
53 54 4 6 8057
53 55 7 4 602
53 56 8 7 272340
53 57 7 5 4660
53 58 9 3 77
53 59 1 7 21721
53 60 9 6 10110
53 61 1 6 1730
53 62 7 5 1009
53 63 8 3 101
54 0 10 3 206
54 1 3 4 123
54 2 6 5 1484
54 3 5 4 191
54 4 10 8 429179
54 5 5 6 4763
54 6 2 6 1717
54 7 9 6 6913
54 8 7 5 1167
54 9 10 4 348
54 10 9 5 2898
54 11 4 7 45726
54 12 3 5 544
54 13 3 5 1088
54 14 3 5 384
54 15 5 6 4024
54 16 6 5 3521
54 17 9 1 12
54 18 7 6 5558
54 19 4 4 391
54 20 3 3 25
54 21 5 5 888
54 22 4 5 671
54 23 2 5 851
54 24 10 5 1784
54 25 1 5 385
54 26 7 7 104281
54 27 7 6 24446
54 28 7 4 461
54 29 2 3 41
54 30 5 3 76
54 31 9 5 3804
54 32 2 6 2035
54 33 10 3 80
54 34 8 5 1325
54 35 1 4 97
54 36 10 4 952
54 37 10 4 326
54 38 4 7 149957
54 39 9 5 1441
54 40 7 4 300
54 41 4 4 96
54 42 8 4 447
54 43 5 5 1984
54 44 6 5 2207
54 45 8 5 1530
54 46 4 4 241
54 47 5 7 57412
54 48 3 6 6028
54 49 3 6 3447
54 50 3 3 36
54 51 2 5 321
54 52 7 4 423
54 53 7 3 116
54 54 1 7 6784
54 55 4 4 418
54 56 10 5 5575
54 57 1 6 1950
54 58 7 5 1221
54 59 5 7 37367
54 60 8 6 15964
54 61 6 4 247
54 62 2 7 53410
54 63 5 6 10599
55 0 5 4 216
55 1 5 5 2376
55 2 3 5 581
55 3 3 6 3247
55 4 9 2 23
55 5 10 4 1027
55 6 5 5 1125
55 7 9 6 34524
55 8 2 6 1497
55 9 7 4 196
55 10 9 4 272
55 11 2 4 109
55 12 3 5 606
55 13 2 6 7716
55 14 5 6 6368
55 15 7 3 49
55 16 8 5 2278
55 17 8 4 727
55 18 6 5 830
55 19 4 6 16820
55 20 4 6 7439
55 21 10 3 67
55 22 2 4 98
55 23 1 3 11
55 24 6 4 594
55 25 4 3 48
55 26 4 6 4054
55 27 4 4 193
55 28 6 5 1053
55 29 6 5 4130
55 30 3 3 53
55 31 1 7 5633
55 32 10 3 138
55 33 2 6 3350
55 34 4 7 90076
55 35 3 5 363
55 36 4 5 2707
55 37 10 5 2247
55 38 8 5 2766
55 39 7 5 2684
55 40 8 6 9352
55 41 8 5 998
55 42 4 5 875
55 43 6 4 244
55 44 9 5 3948
55 45 1 5 564
55 46 7 6 6661
55 47 5 8 287698
55 48 2 6 8850
55 49 6 7 95525
55 50 8 8 488267
55 51 3 4 93
55 52 5 7 48309
55 53 5 6 4437
55 54 8 3 148
55 55 1 4 103
55 56 2 6 4011
55 57 2 6 1685
55 58 9 4 203
55 59 4 6 18723
55 60 4 2 14
55 61 4 5 2761
55 62 8 4 544
55 63 3 7 23870
56 0 2 5 1361
56 1 2 6 2191
56 2 8 4 593
56 3 1 4 61
56 4 9 7 317661
56 5 9 7 240031
56 6 6 6 26224
56 7 1 5 555
56 8 9 5 1171
56 9 1 6 2818
56 10 8 3 103
56 11 5 4 243
56 12 3 6 8840
56 13 1 8 329959
56 14 2 5 555
56 15 2 5 1020
56 16 3 7 33196
56 17 2 6 2227
56 18 8 4 419
56 19 5 3 100
56 20 10 6 9439
56 21 8 5 1488
56 22 9 4 336
56 23 8 4 505
56 24 6 4 388
56 25 9 3 59
56 26 5 4 239
56 27 8 6 13114
56 28 1 5 131
56 29 2 5 315
56 30 1 6 951
56 31 10 1 7
56 32 7 4 232
56 33 5 4 433
56 34 2 6 2043
56 35 5 6 6979
56 36 1 5 451
56 37 9 4 333
56 38 2 6 2278
56 39 5 5 2245
56 40 10 6 21618
56 41 9 6 8618
56 42 4 5 574
56 43 6 5 3028
56 44 7 2 33
56 45 7 4 460
56 46 1 6 4860
56 47 6 6 10671
56 48 7 6 5944
56 49 10 6 45933
56 50 10 4 282
56 51 6 6 13756
56 52 9 5 1225
56 53 6 4 656
56 54 4 2 16
56 55 5 7 89454
56 56 3 6 8247
56 57 5 6 6079
56 58 9 7 317148
56 59 5 5 954
56 60 5 5 1661
56 61 5 4 320
56 62 7 6 6190
56 63 9 3 99
57 0 8 4 423
57 1 1 6 834
57 2 4 5 1759
57 3 4 6 6198
57 4 9 4 619
57 5 8 4 723
57 6 7 5 4749
57 7 1 6 1409
57 8 4 7 67694
57 9 5 4 222
57 10 1 6 1159
57 11 1 6 908
57 12 6 5 811
57 13 3 7 49273
57 14 3 5 647
57 15 7 4 586
57 16 6 6 15019
57 17 6 4 658
57 18 4 7 51463
57 19 10 5 4714
57 20 6 4 134
57 21 5 6 5488
57 22 7 4 568
57 23 2 5 339
57 24 2 5 589
57 25 8 7 52900
57 26 8 4 445
57 27 2 6 1829
57 28 9 4 932
57 29 9 6 23414
57 30 6 5 3008
57 31 2 5 1139
57 32 1 6 829
57 33 5 5 1367
57 34 10 3 107
57 35 9 5 2240
57 36 5 4 256
57 37 9 4 625
57 38 9 5 2418
57 39 5 4 288
57 40 10 1 5
57 41 2 5 889
57 42 6 5 3113
57 43 4 4 237
57 44 1 5 153
57 45 4 3 55
57 46 3 5 503
57 47 1 5 132
57 48 2 4 128
57 49 4 6 7656
57 50 3 7 21590
57 51 10 2 21
57 52 8 6 13290
57 53 9 4 669
57 54 9 4 1003
57 55 4 5 2362
57 56 9 4 466
57 57 8 6 7068
57 58 3 5 490
57 59 7 4 156
57 60 2 8 154769
57 61 3 8 161437
57 62 8 6 10065
57 63 10 5 1441
58 0 8 4 616
58 1 2 7 73604
58 2 2 7 37575
58 3 3 4 86
58 4 1 9 544802
58 5 9 6 13605
58 6 2 5 705
58 7 2 5 615
58 8 8 4 222
58 9 9 5 3355
58 10 3 7 19941
58 11 8 4 398
58 12 5 6 4289
58 13 6 4 380
58 14 8 7 63671
58 15 3 5 1408
58 16 10 4 388
58 17 5 3 72
58 18 5 5 845
58 19 5 9 5317691
58 20 4 6 9107
58 21 9 4 594
58 22 8 6 11504
58 23 5 6 3852
58 24 5 6 3886
58 25 3 7 20833
58 26 8 4 758
58 27 5 4 131
58 28 4 5 743
58 29 6 5 1741
58 30 3 4 231
58 31 9 8 628739
58 32 8 6 14984
58 33 5 4 252
58 34 1 7 10407
58 35 10 2 47
58 36 5 3 71
58 37 4 4 421
58 38 7 3 112
58 39 6 5 2123
58 40 1 7 37848
58 41 10 4 620
58 42 3 5 1295
58 43 10 5 2525
58 44 10 2 53
58 45 4 5 956
58 46 6 4 233
58 47 3 5 1384
58 48 7 4 184
58 49 7 3 71
58 50 9 4 523
58 51 8 3 64
58 52 8 6 7548
58 53 1 6 1319
58 54 10 3 96
58 55 10 5 2320
58 56 4 4 104
58 57 9 5 1120
58 58 1 6 1023
58 59 3 5 1586
58 60 9 5 2215
58 61 1 7 10039
58 62 1 6 1680
58 63 10 3 179
59 0 9 4 939
59 1 3 5 805
59 2 4 3 71
59 3 9 4 338
59 4 8 6 27686
59 5 9 7 173821
59 6 8 4 558
59 7 8 4 365
59 8 3 4 125
59 9 4 4 171
59 10 10 6 28716
59 11 10 6 16429
59 12 9 5 2236
59 13 2 6 2589
59 14 3 5 1215
59 15 6 4 494
59 16 4 5 565
59 17 4 6 5958
59 18 9 6 16337
59 19 8 6 8856
59 20 5 5 768
59 21 10 5 2902
59 22 1 7 22366
59 23 2 7 32904
59 24 6 7 32275
59 25 6 3 58
59 26 9 4 706
59 27 10 4 414
59 28 4 6 4529
59 29 9 2 34
59 30 7 6 27081
59 31 4 6 3833
59 32 10 4 1003
59 33 3 5 919
59 34 8 4 216
59 35 6 5 862
59 36 5 7 26749
59 37 3 8 201316
59 38 4 6 11093
59 39 1 4 58
59 40 7 3 116
59 41 1 6 1622
59 42 2 7 12358
59 43 2 7 17354
59 44 10 6 22978
59 45 6 3 44
59 46 6 5 2642
59 47 9 5 1831
59 48 6 5 835
59 49 6 7 127866
59 50 3 4 309
59 51 3 5 1657
59 52 2 3 26
59 53 3 6 2304
59 54 7 4 333
59 55 1 4 111
59 56 8 2 16
59 57 4 4 405
59 58 3 4 74
59 59 8 6 7155
59 60 6 4 277
59 61 8 6 12637
59 62 10 5 2329
59 63 9 5 1382
60 0 1 4 110
60 1 5 6 7954
60 2 9 4 720
60 3 6 5 1764
60 4 5 4 229
60 5 3 4 169
60 6 7 3 63
60 7 5 5 1475
60 8 1 5 413
60 9 7 4 362
60 10 4 4 318
60 11 2 5 279
60 12 2 7 29790
60 13 3 6 3678
60 14 3 5 400
60 15 2 5 673
60 16 9 6 16949
60 17 1 7 7866
60 18 5 2 11
60 19 5 4 236
60 20 4 6 9512
60 21 10 5 1203
60 22 5 5 1338
60 23 8 5 1799
60 24 1 8 46244
60 25 4 5 2304
60 26 3 4 155
60 27 6 3 99
60 28 8 6 23573
60 29 5 6 5946
60 30 5 8 467981
60 31 7 6 13858
60 32 10 5 2893
60 33 4 6 15456
60 34 8 4 655
60 35 1 5 237
60 36 2 7 10688
60 37 6 5 1025
60 38 9 5 5430
60 39 8 4 506
60 40 8 6 5733
60 41 10 5 1561
60 42 10 3 56
60 43 3 4 196
60 44 1 5 511
60 45 10 7 74762
60 46 1 5 122
60 47 2 5 415
60 48 2 5 954
60 49 8 3 46
60 50 8 4 383
60 51 7 5 1634
60 52 1 7 10659
60 53 3 6 4437
60 54 7 5 1284
60 55 4 5 1964
60 56 1 5 258
60 57 2 6 5201
60 58 3 6 3483
60 59 5 4 241
60 60 6 4 577
60 61 4 3 55
60 62 3 4 119
60 63 7 3 115
61 0 8 4 750
61 1 8 6 11111
61 2 1 5 385
61 3 8 8 407016
61 4 4 4 195
61 5 9 3 183
61 6 4 3 75
61 7 1 4 89
61 8 5 4 335
61 9 10 7 235904
61 10 5 6 5145
61 11 1 5 272
61 12 3 8 134407
61 13 7 5 1041
61 14 7 3 117
61 15 1 8 216535
61 16 1 6 2021
61 17 5 6 17391
61 18 8 4 344
61 19 10 4 631
61 20 6 6 11687
61 21 3 5 407
61 22 2 6 6050
61 23 10 3 165
61 24 4 5 2701
61 25 7 5 1345
61 26 5 6 21217
61 27 5 5 3343
61 28 5 4 457
61 29 10 5 3335
61 30 6 4 309
61 31 5 5 1952
61 32 4 4 358
61 33 1 6 1263
61 34 2 7 15200
61 35 5 4 382
61 36 7 7 58472
61 37 10 6 13208
61 38 4 7 63404
61 39 10 3 80
61 40 4 3 35
61 41 5 4 378
61 42 7 5 1213
61 43 9 5 5181
61 44 2 6 1551
61 45 6 5 931
61 46 10 5 5540
61 47 2 5 719
61 48 2 5 372
61 49 6 6 9189
61 50 8 4 299
61 51 7 3 122
61 52 8 3 160
61 53 9 4 833
61 54 8 4 234
61 55 9 5 4177
61 56 6 4 158
61 57 5 4 429
61 58 3 6 7033
61 59 3 5 634
61 60 6 7 99238
61 61 1 7 12078
61 62 3 5 492
61 63 5 5 580
62 0 9 6 8281
62 1 9 5 1714
62 2 4 8 251774
62 3 9 3 142
62 4 4 5 1030
62 5 7 5 1705
62 6 4 4 400
62 7 5 6 4526
62 8 3 4 93
62 9 2 7 28955
62 10 9 5 1732
62 11 6 5 1683
62 12 1 5 224
62 13 10 4 395
62 14 8 3 88
62 15 8 6 6971
62 16 1 7 8058
62 17 3 5 557
62 18 2 5 704
62 19 7 5 1467
62 20 10 6 15141
62 21 4 8 236104
62 22 1 6 3171
62 23 5 6 14132
62 24 2 6 4117
62 25 2 6 1945
62 26 4 4 141
62 27 2 7 12155
62 28 6 5 1055
62 29 4 5 503
62 30 10 5 3213
62 31 4 6 5403
62 32 5 4 132
62 33 5 5 1489
62 34 2 3 27
62 35 1 7 5181
62 36 1 6 3974
62 37 1 4 109
62 38 6 7 34864
62 39 4 5 1571
62 40 1 6 1548
62 41 4 4 344
62 42 4 6 4371
62 43 8 5 2731
62 44 4 5 2611
62 45 4 4 262
62 46 10 4 802
62 47 9 4 286
62 48 8 3 53
62 49 10 3 206
62 50 6 3 102
62 51 6 4 388
62 52 2 6 3514
62 53 5 4 529
62 54 3 7 47168
62 55 6 4 507
62 56 2 7 14732
62 57 9 6 6539
62 58 5 5 3471
62 59 3 6 2299
62 60 1 8 178697
62 61 6 4 574
62 62 9 5 2535
62 63 9 6 7522
63 0 5 5 876
63 1 4 7 41876
63 2 1 6 3642
63 3 4 4 90
63 4 7 5 2748
63 5 3 5 479
63 6 6 4 492
63 7 9 6 7636
63 8 7 8 280531
63 9 3 7 25492
63 10 4 3 26
63 11 6 6 8744
63 12 4 6 15764
63 13 4 6 8840
63 14 3 5 641
63 15 8 4 284
63 16 3 7 44593
63 17 4 6 10406
63 18 8 4 286
63 19 5 4 390
63 20 6 4 267
63 21 1 7 17148
63 22 9 5 1670
63 23 4 5 1612
63 24 4 5 525
63 25 6 4 320
63 26 8 3 176
63 27 4 6 7679
63 28 8 4 201
63 29 7 6 16066
63 30 1 6 3341
63 31 1 8 55874
63 32 1 4 34
63 33 10 8 507608
63 34 4 4 102
63 35 3 5 469
63 36 5 6 8206
63 37 5 4 427
63 38 4 4 107
63 39 8 4 846
63 40 2 5 556
63 41 7 6 5564
63 42 5 5 643
63 43 8 5 1135
63 44 7 5 2001
63 45 7 6 13717
63 46 5 5 1428
63 47 7 5 893
63 48 3 9 2345871
63 49 9 6 40999
63 50 8 5 5537
63 51 3 5 438
63 52 10 4 326
63 53 2 5 414
63 54 3 4 182
63 55 9 6 8780
63 56 4 6 5512
63 57 4 3 86
63 58 6 7 31583
63 59 5 5 915
63 60 5 4 215
63 61 5 7 42512
63 62 10 7 70321
63 63 3 5 1981
