556 1.0 
2993 1.0 
1683 1.0 
2937 1.0 
3155 1.0 
3032 1.0 
3514 1.0 
7434 1.0 
4252 1.0 
8157 1.0 
9746 1.0 
9419 1.0 
8413 1.0 
9031 1.0 
5020 1.0 
2668 1.0 
6735 1.0 
7883 1.0 
1204 1.0 
8793 1.0 
4499 1.0 
1761 1.0 
2236 1.0 
2261 1.0 
4384 1.0 
9049 1.0 
206 1.0 
1159 1.0 
7119 1.0 
2723 1.0 
8522 1.0 
414 1.0 
6853 1.0 
1018 1.0 
5577 1.0 
8375 1.0 
9268 1.0 
5861 1.0 
9887 1.0 
7204 1.0 
484 1.0 
6208 1.0 
3652 1.0 
8092 1.0 
8576 1.0 
4557 1.0 
2770 1.0 
5130 1.0 
6283 1.0 
8900 1.0 
6118 1.0 
4891 1.0 
7954 1.0 
5162 1.0 
1057 1.0 
3473 1.0 
6830 1.0 
4532 1.0 
6102 1.0 
6625 1.0 
8640 1.0 
8430 1.0 
1609 1.0 
2858 1.0 
228 1.0 
8473 1.0 
6711 1.0 
5517 1.0 
9441 1.0 
5809 1.0 
8143 1.0 
9171 1.0 
7377 1.0 
4444 1.0 
9726 1.0 
6125 1.0 
2929 1.0 
5764 1.0 
3921 1.0 
827 1.0 
9821 1.0 
4403 1.0 
479 1.0 
6422 1.0 
9415 1.0 
3377 1.0 
999 1.0 
6254 1.0 
5802 1.0 
8130 1.0 
8907 1.0 
9179 1.0 
4622 1.0 
4656 1.0 
6843 1.0 
4802 1.0 
1648 1.0 
5898 1.0 
6709 1.0 
3057 1.0 
3374 1.0 
5660 1.0 
3227 1.0 
2270 1.0 
4085 1.0 
7578 1.0 
3000 1.0 
9360 1.0 
9987 1.0 
8420 1.0 
6381 1.0 
333 1.0 
4044 1.0 
1365 1.0 
4468 1.0 
8115 1.0 
4927 1.0 
8534 1.0 
2330 1.0 
7812 1.0 
2637 1.0 
2783 1.0 
859 1.0 
2508 1.0 
3388 1.0 
17 1.0 
8958 1.0 
8550 1.0 
1085 1.0 
3622 1.0 
93 1.0 
1796 1.0 
2306 1.0 
8868 1.0 
3504 1.0 
6004 1.0 
2175 1.0 
476 1.0 
847 1.0 
9337 1.0 
945 1.0 
8178 1.0 
5150 1.0 
7105 1.0 
606 1.0 
9569 1.0 
4420 1.0 
8981 1.0 
6425 1.0 
7297 1.0 
4983 1.0 
4273 1.0 
6148 1.0 
9674 1.0 
3193 1.0 
2903 1.0 
9322 1.0 
554 1.0 
4602 1.0 
7488 1.0 
