1 2 9 4 600
1 47 8 4 742
2 31 6 5 2632
2 35 6 4 287
2 406 1 5 333
3 4 7 6 12792
3 5 3 3 57
3 26 4 5 1499
5 57 9 5 5407
15 16 4 6 17484
15 36 3 6 7552
16 25 7 4 525
17 18 1 4 35
17 36 9 5 3839
18 33 5 6 9321
19 20 6 3 117
19 21 5 6 8488
20 142 4 8 509934
20 148 9 3 166
21 22 1 5 250
22 23 3 7 42159
23 24 1 4 67
24 25 1 5 536
24 28 4 4 114
26 27 8 5 4683
27 29 3 3 55
27 30 8 4 233
28 29 10 4 933
31 33 4 3 31
32 33 3 5 1689
32 34 8 8 324259
32 69 5 3 84
34 35 6 3 34
34 73 10 3 64
36 37 4 2 21
36 75 1 7 27529
37 52 9 5 3700
37 43 10 4 317
46 47 6 6 8651
47 448 6 5 2706
52 67 3 4 105
53 54 6 4 397
53 59 2 6 1492
53 418 4 5 2671
54 163 2 5 345
55 56 7 4 215
55 59 3 6 7662
56 57 9 5 3123
56 66 1 9 612177
58 59 2 7 40334
58 60 4 5 1840
58 199 10 4 701
58 458 7 3 88
60 63 1 5 415
63 225 1 6 1145
64 65 5 4 358
64 66 6 5 1833
65 67 7 3 131
69 70 7 4 486
70 71 8 4 897
71 101 3 4 100
72 73 3 5 1678
72 101 4 4 336
73 76 6 3 61
73 77 3 6 11499
96 97 1 8 68413
96 111 1 5 396
97 101 3 6 5558
98 99 1 6 1211
98 100 6 3 33
99 138 2 4 76
100 116 5 5 695
105 106 5 4 186
105 111 10 3 80
106 107 2 4 119
107 108 2 4 55
111 114 8 3 119
113 114 1 4 83
113 116 2 2 9
115 116 1 5 268
115 409 8 3 63
118 119 6 3 35
119 138 7 5 1400
120 121 7 3 81
120 122 4 6 6136
120 304 6 5 715
121 296 1 4 25
122 123 1 6 1718
122 124 4 5 994
124 125 9 3 174
134 135 10 5 2032
134 332 7 5 4446
135 136 7 4 191
135 137 10 3 95
137 139 4 5 1587
139 140 4 4 184
139 141 2 4 85
139 399 6 7 38140
141 400 8 4 282
154 155 4 4 122
154 156 1 4 46
154 172 2 4 161
155 168 8 5 2862
156 157 8 2 19
156 171 6 8 1666244
157 158 2 3 17
158 159 1 5 161
158 177 8 5 3074
159 160 4 5 1390
159 161 1 4 30
159 196 1 5 396
161 162 4 4 147
161 197 10 3 109
163 164 5 4 133
164 165 1 5 127
165 166 4 3 48
165 104 10 1 17
166 167 1 5 497
167 168 1 5 380
169 170 3 3 23
169 171 8 5 4976
169 174 9 7 219507
170 172 3 8 221667
170 173 5 4 390
170 419 5 3 44
171 178 10 6 17641
173 174 7 5 3813
174 179 5 2 15
175 176 1 5 366
176 214 5 3 37
177 178 5 2 26
177 191 1 6 3315
178 421 8 1 12
179 192 5 4 124
180 181 10 1 3
180 208 9 2 22
181 192 3 3 36
182 183 7 4 451
182 184 2 5 1281
184 185 7 5 2391
184 208 3 5 1302
185 186 9 4 454
185 207 9 4 633
186 187 9 3 120
186 230 8 5 1956
187 188 2 5 1093
187 193 8 3 130
188 189 2 6 2017
188 191 10 5 3972
189 190 5 4 143
189 191 8 2 39
193 194 5 5 1550
193 217 2 3 31
194 195 10 2 22
194 217 6 4 184
195 196 3 5 611
195 216 9 6 23517
196 197 2 4 102
196 476 8 3 120
197 216 3 5 1257
198 199 1 4 85
198 221 2 5 546
199 200 4 6 12603
200 10 8 3 88
201 202 1 3 16
201 203 3 4 174
201 351 4 3 48
202 213 10 8 623308
203 204 4 5 902
203 205 2 8 114098
205 206 2 5 1145
205 231 5 4 131
205 360 8 4 204
206 207 1 5 404
206 232 3 4 86
207 233 7 5 1248
208 209 5 4 122
210 211 4 4 435
210 212 8 5 1041
211 215 8 6 28359
212 213 5 3 47
212 342 7 5 828
213 340 9 4 223
214 215 4 4 252
216 219 5 3 56
217 218 3 5 828
218 222 9 6 37213
219 220 4 4 280
220 221 6 4 374
220 222 6 3 117
222 226 3 7 21513
223 224 2 5 508
223 225 4 5 1781
223 7 6 4 296
224 229 3 6 13400
227 228 9 7 117401
227 229 2 4 166
227 272 9 5 1258
228 230 8 4 231
229 401 1 8 237182
231 281 10 4 521
232 265 5 8 231091
233 264 2 5 577
233 150 5 3 64
234 235 10 4 366
234 278 5 5 1481
236 237 5 6 13301
236 280 3 6 9851
237 238 8 3 155
237 239 6 5 710
239 240 7 2 20
240 241 1 6 3399
241 243 2 6 4505
241 442 1 4 29
242 243 10 5 2180
242 244 4 5 2313
242 314 1 7 10433
242 80 10 6 25343
243 293 8 3 130
244 247 6 8 430872
245 246 8 4 496
245 247 5 4 248
247 248 9 5 2113
248 249 7 6 6073
249 250 2 3 24
249 312 8 3 74
250 251 5 5 746
250 321 2 6 4099
251 252 8 5 1022
252 253 9 5 1605
252 327 8 3 85
252 301 2 5 341
253 254 1 5 152
253 277 7 4 657
253 266 10 3 61
254 255 9 4 270
254 256 6 6 10841
256 257 9 3 152
257 258 6 2 17
257 259 7 5 2143
260 261 10 2 19
260 262 7 3 42
260 263 3 4 67
263 264 5 5 1739
263 479 2 6 1990
266 267 3 5 1423
267 268 6 6 24277
267 299 8 6 7790
268 269 10 5 2319
269 270 7 4 488
269 294 8 3 141
270 271 3 3 40
271 295 3 5 442
271 133 7 5 2237
272 273 7 4 223
272 274 7 4 769
274 275 10 5 1733
275 276 2 3 17
275 277 1 4 105
275 291 2 6 3528
278 279 3 6 5679
278 282 1 5 195
279 280 9 5 1479
280 287 6 3 43
281 289 4 3 70
282 288 4 5 929
283 284 6 4 192
283 285 4 3 48
283 305 8 5 1398
284 290 4 4 97
284 365 4 2 20
285 286 6 2 12
285 306 3 5 453
286 287 6 6 11691
286 306 5 3 35
286 452 2 6 1604
287 293 9 3 166
288 289 3 6 4190
289 290 1 5 145
291 292 1 4 36
297 298 3 3 61
297 454 2 6 8430
298 299 5 5 1470
300 301 3 6 3873
300 302 7 4 385
302 303 10 4 871
302 304 9 4 680
302 330 6 3 75
305 306 7 3 79
305 308 5 3 32
306 308 1 5 487
307 308 2 2 9
307 309 1 4 25
309 310 6 5 3246
309 338 4 5 458
309 379 10 4 536
310 311 1 6 1313
310 85 4 4 187
311 312 7 6 4873
313 314 10 2 22
315 316 10 5 1600
315 317 5 2 13
315 499 1 3 15
316 334 5 2 11
316 398 4 7 58531
317 318 2 4 96
317 503 7 4 734
318 319 3 4 75
318 502 9 4 266
318 510 9 3 59
319 320 4 3 78
320 333 2 4 179
321 322 6 6 5887
322 323 1 8 308496
322 325 3 6 8069
322 333 4 5 1665
323 324 2 7 38760
325 326 2 4 85
326 328 4 4 120
327 328 8 6 26866
328 329 9 5 2542
328 495 3 5 408
329 330 9 3 112
329 331 3 2 15
331 332 2 2 7
331 489 1 5 513
332 481 7 5 1082
333 493 7 5 1472
334 335 4 4 129
336 337 2 5 854
336 500 7 4 596
337 338 4 6 5105
337 382 8 3 79
338 339 7 5 1140
338 377 5 5 571
340 341 8 2 28
340 349 3 4 76
340 354 5 4 184
341 343 7 4 540
342 343 10 2 19
344 345 8 2 31
344 346 4 3 62
344 385 4 4 270
346 347 7 3 140
347 348 6 4 138
347 387 2 4 158
348 349 9 1 14
348 386 10 3 152
350 351 8 1 8
350 359 6 2 29
350 13 7 6 9899
351 352 7 6 5752
352 353 3 4 185
352 356 8 5 4273
353 354 3 4 323
354 355 1 6 862
355 356 8 3 70
356 357 8 5 1815
358 359 3 5 787
358 361 6 2 28
358 362 3 6 7498
358 360 7 7 41729
358 92 7 4 160
360 413 6 4 185
361 388 2 5 376
362 367 5 5 3084
363 364 1 7 6999
363 365 8 4 435
363 370 3 4 122
364 395 7 3 124
365 366 4 6 4512
365 371 10 4 356
366 144 8 9 3025081
367 368 9 5 2357
367 369 6 4 563
370 380 7 4 204
371 372 5 3 53
371 373 9 1 15
371 374 2 3 24
375 376 6 2 23
375 383 10 5 2377
376 384 5 6 9921
377 378 8 5 1227
377 381 7 2 22
378 384 6 4 350
381 383 8 5 1196
382 496 6 6 22605
383 384 2 8 132292
388 389 7 3 62
388 392 6 5 3762
389 390 10 1 8
390 391 2 4 51
392 393 5 2 18
392 394 9 1 13
395 396 3 5 1280
399 411 10 3 72
400 405 8 1 8
404 405 10 1 10
404 412 2 6 1646
405 89 8 3 99
408 409 6 3 110
411 412 4 3 86
411 415 5 6 4123
411 482 10 3 172
412 415 4 7 101547
415 427 4 1 5
415 487 3 6 2673
427 428 5 6 18552
427 431 5 3 62
427 487 9 4 570
427 424 7 3 150
428 429 5 7 31604
428 432 8 4 509
481 482 5 4 412
482 488 10 4 327
483 484 4 4 147
483 485 1 6 1128
484 492 6 6 5566
485 486 5 5 1064
486 487 5 3 58
489 490 1 6 2929
490 491 5 3 49
490 492 5 5 1413
493 508 9 2 37
494 495 4 6 6998
494 507 4 4 302
496 497 2 3 20
496 62 2 6 2203
497 498 3 8 338995
497 499 6 6 21873
499 501 4 5 1994
501 447 10 2 35
502 511 4 3 38
503 450 3 8 604812
504 505 10 4 451
504 506 1 4 25
505 508 10 3 71
505 509 8 5 3864
506 507 1 6 933
509 510 7 3 39
509 511 10 3 204
7 8 10 2 22
7 6 5 5 1983
10 9 10 2 41
10 11 1 4 39
13 12 2 6 7364
12 14 10 3 141
144 38 7 6 6658
144 145 4 2 11
38 39 9 5 1317
89 68 6 4 179
89 88 6 5 723
68 40 3 2 14
68 102 3 5 503
40 41 8 2 20
40 81 3 4 84
102 50 5 5 860
50 51 9 2 47
41 95 5 4 128
81 146 6 6 7864
95 456 6 6 5675
95 143 8 3 78
95 146 9 2 40
146 410 7 7 90647
43 42 4 3 64
133 130 3 3 58
128 117 7 5 1247
128 132 4 4 106
117 129 1 5 262
117 110 7 9 5651239
132 130 7 4 394
129 127 2 3 30
127 44 1 6 776
130 131 6 3 113
44 45 8 3 52
110 109 6 3 43
110 126 6 4 592
109 112 3 5 1525
62 49 5 4 355
62 61 7 5 2069
48 49 4 8 753471
75 74 2 5 410
77 78 4 4 296
80 79 7 5 1256
92 90 9 6 6979
82 83 10 3 137
83 91 6 5 841
91 90 8 5 914
90 93 1 6 994
93 94 9 6 28594
85 84 9 3 108
84 86 2 5 499
84 87 5 5 2656
86 87 2 4 201
104 103 5 7 54916
148 147 2 3 31
147 149 5 5 1054
150 153 3 5 486
150 151 5 3 44
152 153 5 3 56
398 397 6 3 115
401 402 9 6 29750
401 403 6 3 65
406 407 5 3 47
416 407 3 4 330
413 434 5 7 58841
413 414 2 6 3274
433 434 2 3 35
418 417 10 1 17
419 420 3 3 22
419 430 5 4 243
421 422 10 2 22
421 423 1 5 458
424 425 5 6 7218
424 426 5 3 100
424 438 4 2 11
438 437 2 5 251
437 439 6 4 212
454 453 5 4 138
454 435 7 4 692
453 455 3 4 70
455 460 1 5 271
435 436 10 3 89
460 463 8 3 60
463 462 7 5 3477
461 462 8 2 20
461 464 4 4 196
464 466 3 4 195
466 467 1 5 174
452 451 9 1 11
452 440 1 4 24
451 459 5 6 8164
459 473 5 5 2306
440 441 1 4 71
473 472 3 7 30918
442 443 2 3 19
448 444 5 3 35
444 445 8 4 228
465 445 10 4 908
465 468 3 5 736
468 469 8 3 125
469 470 5 4 120
470 471 7 5 4169
447 446 10 2 37
450 449 6 3 39
458 457 4 4 242
476 474 2 2 10
476 477 1 6 1478
474 475 2 4 55
477 478 1 7 16795
479 480 5 4 350
284 177 3 6 5769
391 291 9 5 2021
397 161 6 5 1909
376 187 6 3 58
322 42 4 4 365
399 318 3 5 576
463 89 8 2 17
343 194 10 4 784
437 265 5 4 464
239 53 1 5 168
411 475 7 3 97
21 372 3 6 4184
508 449 6 4 590
24 51 10 5 2662
54 280 8 5 4332
261 73 10 5 2620
2 307 1 4 24
476 36 10 3 79
374 231 7 4 551
483 72 6 5 826
188 248 7 5 2412
326 346 2 6 5874
458 449 7 6 29664
435 58 6 7 31851
225 130 2 5 1293
484 174 4 4 147
322 33 4 4 95
369 191 9 4 462
330 20 8 6 7942
324 21 8 5 1056
18 385 4 6 4181
252 297 8 5 2939
7 178 2 6 2722
30 43 3 4 261
397 191 3 4 113
450 80 9 5 3635
458 335 8 8 457189
171 48 1 4 68
485 267 1 6 1766
104 136 9 4 451
47 507 3 4 166
302 429 9 3 119
424 132 5 4 445
55 69 6 3 54
81 28 10 2 29
346 114 5 4 385
84 284 6 4 310
57 44 8 2 17
112 358 3 3 54
103 252 3 5 689
202 401 6 4 142
106 343 8 4 241
297 285 6 7 40981
47 27 3 4 173
391 38 8 5 1177
292 297 2 4 115
292 334 5 6 10126
149 56 4 5 2191
56 464 9 3 103
252 487 2 5 625
491 427 5 2 26
112 439 9 3 93
62 365 7 6 9739
315 75 8 6 29476
445 373 9 3 149
373 228 4 2 16
459 103 10 5 2031
5 34 8 4 305
357 412 1 6 1895
195 208 2 6 9412
362 282 7 3 62
282 132 2 4 110
292 358 3 5 1525
130 16 2 5 592
354 48 9 5 1305
329 398 6 6 10603
107 143 6 4 188
302 8 10 3 80
437 468 4 4 216
391 24 6 4 332
70 453 9 4 822
428 250 8 1 5
427 93 8 1 13
235 500 2 9 782264
476 259 7 3 66
140 144 6 5 701
373 167 10 2 44
413 463 2 6 2572
100 419 9 1 5
67 49 6 6 18003
148 127 2 2 9
227 117 3 3 44
147 283 2 6 1808
464 193 8 5 1562
281 305 10 5 3659
168 300 10 5 6371
456 265 5 7 32328
74 34 10 4 376
228 497 8 3 95
84 178 8 3 115
47 339 6 3 50
137 364 5 5 1684
419 487 4 2 18
497 260 10 3 59
432 171 8 4 713
104 329 1 3 14
16 90 8 3 79
14 244 8 5 1835
56 483 2 5 1001
175 2 8 6 22255
151 442 1 6 1310
372 443 6 5 2172
460 285 3 6 11469
372 171 3 3 44
267 357 6 4 161
336 274 1 6 3642
235 63 1 4 110
279 71 9 6 22830
251 475 3 3 43
440 88 5 7 26980
169 453 7 2 28
172 264 7 5 2140
51 471 3 6 2148
503 172 4 4 433
175 199 7 4 683
230 291 1 7 11131
16 205 7 3 85
339 82 10 5 4693
449 137 7 4 269
119 372 4 7 31353
499 126 7 5 3950
485 290 4 5 2058
181 127 5 5 2531
505 298 9 7 51286
290 489 10 2 38
34 249 10 6 36606
179 277 1 4 38
440 73 1 6 1481
343 395 5 4 364
87 478 9 4 447
316 6 6 2 31
307 144 9 5 5445
308 435 4 5 769
233 510 3 3 57
126 354 2 4 131
272 162 2 4 199
135 122 5 8 318299
365 389 5 1 8
235 479 2 5 700
125 110 2 7 50150
289 302 6 3 98
13 387 4 6 3552
345 228 7 3 92
10 105 1 7 10410
311 286 4 4 108
126 229 10 4 923
286 221 7 5 998
171 11 8 2 18
172 342 3 3 60
245 407 1 5 152
63 188 1 3 22
253 232 3 5 575
435 104 3 4 113
87 138 10 4 335
30 432 8 3 86
476 53 9 3 155
107 103 8 4 394
409 12 7 2 15
344 183 4 4 376
440 85 7 3 61
210 133 3 3 57
45 192 7 7 51737
352 234 1 4 62
354 440 4 3 29
28 170 7 3 55
281 2 8 5 1110
361 251 3 6 6924
35 364 8 4 190
433 81 3 4 82
281 159 10 5 1272
495 148 6 3 79
316 239 6 5 1055
143 130 10 3 186
26 136 6 6 19767
424 419 3 5 410
395 202 6 5 1150
136 352 8 4 506
380 360 10 4 405
146 72 10 5 1909
424 450 6 3 69
147 425 7 5 1697
451 285 7 5 836
195 101 2 4 93
457 177 6 6 13207
81 208 5 4 193
182 200 8 3 112
436 509 2 6 1811
29 18 6 4 278
149 453 7 6 32933
330 473 8 5 1997
73 53 7 2 26
340 196 10 5 2007
256 444 6 5 1416
270 428 9 5 1761
407 87 8 3 77
346 295 6 4 347
78 410 2 8 548591
87 205 2 6 2174
331 59 4 5 1747
45 83 4 3 41
411 217 5 4 127
262 497 8 6 16289
267 226 9 3 180
456 426 7 3 85
321 505 3 4 127
479 424 6 5 1298
488 420 2 4 104
236 272 2 5 413
507 217 1 8 55176
366 165 7 4 265
227 338 7 4 190
228 346 2 5 355
488 324 6 4 188
116 214 1 5 395
499 343 7 5 4214
155 118 9 4 397
480 256 5 3 58
176 478 7 4 180
375 389 10 3 188
139 438 10 4 918
366 395 3 8 125367
42 36 10 4 567
470 372 4 7 52606
127 490 3 5 1242
407 209 6 2 31
455 68 2 4 143
222 99 6 4 163
351 55 8 2 35
418 87 2 5 332
254 89 6 2 11
256 83 7 4 227
225 147 7 4 335
73 89 1 5 169
376 270 4 4 384
415 507 6 4 613
414 382 6 3 51
319 321 7 4 683
257 29 1 6 1183
312 374 1 6 1156
43 150 4 5 1040
82 423 10 7 113718
226 280 7 3 140
125 299 5 4 262
202 220 4 3 31
290 116 5 4 227
130 118 3 5 365
358 76 10 3 108
243 500 3 4 219
163 155 2 9 1776769
445 227 2 5 307
240 177 8 4 421
299 246 9 4 664
347 136 2 2 7
211 323 7 3 70
318 227 9 2 45
174 222 10 4 361
35 492 2 3 32
441 58 5 4 119
196 346 8 1 10
511 236 7 3 49
485 390 5 3 71
104 59 9 1 7
479 450 6 2 27
138 5 7 4 698
37 172 9 1 6
138 363 9 3 113
242 4 7 6 10043
482 154 3 3 54
149 188 9 4 696
99 460 9 2 44
425 450 1 5 294
357 26 7 4 294
161 115 2 4 147
381 37 10 2 49
132 19 10 3 113
187 142 10 5 6020
491 238 8 4 477
159 315 5 4 160
210 320 3 4 293
412 304 2 5 552
455 221 1 4 104
206 67 2 4 177
49 231 5 2 15
148 56 8 4 474
418 274 8 4 323
101 374 8 6 20037
262 368 7 4 190
508 424 3 4 75
337 46 6 5 2137
509 305 6 5 2381
204 60 3 5 949
96 195 3 5 875
339 139 3 5 387
437 348 9 4 204
121 269 2 9 879669
246 328 3 2 12
484 17 8 3 74
69 250 7 2 13
402 7 3 6 2122
129 389 3 6 4668
119 123 8 2 22
197 210 3 4 67
363 165 3 4 80
87 5 6 6 21615
221 486 7 7 39370
247 221 3 2 9
413 265 4 5 586
111 499 3 4 84
448 258 9 1 11
49 166 3 3 45
110 115 10 4 241
26 425 8 4 285
72 204 10 1 13
315 355 1 4 93
189 99 4 5 1522
509 155 2 4 133
483 167 3 3 22
82 471 4 4 115
145 45 7 2 34
297 442 1 4 90
55 250 9 4 305
288 110 3 5 603
445 503 3 4 255
503 235 6 3 123
332 103 1 4 33
489 487 6 5 2948
127 123 7 4 748
358 357 8 3 89
330 332 8 5 5104
501 372 8 4 214
253 133 1 3 19
78 174 2 4 142
337 445 2 6 1832
85 334 9 3 145
498 277 10 6 15210
210 80 3 5 403
42 223 7 6 26610
168 27 10 4 293
160 87 6 2 16
55 270 6 5 3338
36 223 3 6 5207
314 10 2 7 43533
410 213 4 4 148
484 485 8 4 502
309 28 6 4 216
10 219 10 1 15
69 297 10 4 239
18 402 6 8 443801
457 206 7 6 5054
319 504 1 5 285
401 246 10 6 7314
422 501 10 4 452
26 11 6 9 5534916
245 501 8 4 698
211 451 8 2 39
7 275 5 3 52
293 502 5 8 631771
340 55 8 2 41
385 449 10 6 28362
474 142 10 2 20
186 407 4 3 43
116 149 9 3 138
83 372 2 8 230784
228 281 6 4 147
265 65 10 3 61
230 241 2 5 1130
435 123 5 6 4018
288 386 9 3 48
497 427 6 4 219
452 23 10 5 3399
256 360 4 5 2065
227 132 3 5 412
352 378 10 5 1947
294 84 3 4 105
434 225 4 4 102
26 289 6 5 1176
415 461 2 7 13049
231 103 6 6 7754
58 371 8 5 1902
109 176 7 2 36
445 329 2 7 44363
255 165 9 4 711
219 451 8 3 111
162 205 7 4 654
491 62 8 6 22148
7 308 6 3 60
18 332 2 6 1587
76 390 4 5 621
197 166 5 5 1326
235 507 6 4 184
116 328 10 4 1096
197 207 10 3 186
109 115 2 6 2307
412 293 7 4 473
350 270 2 5 941
112 330 10 3 110
94 410 5 3 56
244 108 1 5 623
430 322 2 5 485
38 287 6 5 2782
413 145 1 4 47
132 195 3 2 14
366 374 10 5 1227
276 123 2 4 222
72 257 6 4 420
83 370 10 5 1427
94 1 9 4 239
125 184 5 1 8
322 156 9 3 195
427 192 8 4 491
107 214 4 6 8959
399 122 5 3 96
121 386 6 6 6327
219 414 4 5 1293
430 401 7 3 95
363 468 5 5 1292
209 498 8 5 1030
481 116 10 4 560
123 216 7 3 131
377 330 1 7 11969
450 12 1 6 1769
432 20 8 2 17
470 270 7 5 1053
337 139 1 5 433
301 389 1 4 45
135 200 10 1 14
159 50 5 7 27558
359 397 2 5 686
33 149 1 4 80
136 288 10 4 713
413 16 1 4 107
463 182 1 8 90956
198 105 3 5 766
49 140 4 4 106
33 261 2 5 419
305 456 10 3 73
349 1 2 4 54
504 327 4 4 405
286 335 10 2 39
283 48 7 3 38
60 394 7 5 1356
227 316 4 3 65
436 460 2 7 14590
88 61 4 3 23
100 508 6 3 97
477 260 5 3 49
153 235 5 3 31
315 224 4 6 5023
418 362 10 5 1716
349 509 10 2 47
35 59 7 8 313510
77 252 10 4 1052
461 97 4 4 341
411 182 9 4 366
509 70 7 4 232
184 381 6 6 7182
316 475 4 4 433
199 51 1 5 203
239 85 1 6 1811
495 137 4 5 1436
178 75 10 2 42
49 269 1 6 3520
473 106 3 6 4072
276 111 8 4 207
441 332 1 4 48
205 450 1 6 966
65 173 2 6 7681
154 383 1 6 1534
63 404 6 3 66
171 161 10 4 843
118 224 9 2 32
435 190 2 5 940
108 470 1 4 101
463 209 9 5 1567
147 93 5 5 899
120 408 9 6 9875
370 455 4 3 68
238 401 8 2 21
376 455 9 4 328
468 266 6 4 528
282 469 1 4 41
200 118 10 2 33
239 435 6 3 43
29 477 1 4 52
183 3 10 5 4443
232 241 1 6 4455
160 491 3 7 37199
384 176 2 4 48
303 407 6 6 9706
244 2 8 6 13525
90 477 8 6 9435
269 160 8 3 84
9 255 2 4 204
500 323 3 6 4990
226 17 3 5 1986
162 100 4 4 117
442 354 8 2 22
254 56 6 7 44884
177 70 3 7 24515
283 413 3 5 643
467 303 6 3 45
506 52 10 3 218
402 315 3 4 314
44 66 8 3 75
205 376 5 4 185
78 375 2 6 1834
45 468 4 4 128
300 11 7 4 419
288 143 10 5 1593
238 91 2 6 4324
423 101 2 5 283
159 455 6 3 47
46 77 4 4 107
438 456 6 4 573
168 438 5 5 1111
228 205 8 3 48
60 109 6 5 1458
97 31 3 2 13
56 135 6 2 26
215 138 1 6 718
305 446 8 5 1916
195 390 1 6 4557
181 508 9 5 2346
511 454 5 4 193
388 279 6 3 60
13 343 5 3 56
132 121 3 5 540
420 165 1 5 149
279 398 4 3 41
334 466 9 5 5455
76 96 6 7 37426
397 429 6 3 130
271 172 7 3 77
297 357 5 4 443
398 305 6 4 161
266 449 8 5 1218
380 322 9 3 53
511 252 8 3 172
412 136 7 4 175
273 453 6 4 668
440 111 2 6 1469
88 261 5 3 86
40 321 1 4 83
221 370 7 4 396
200 348 7 6 8840
141 425 7 2 37
461 442 8 3 53
496 325 3 2 14
504 467 4 3 40
148 320 10 4 309
274 53 6 3 37
133 312 10 5 1415
166 318 5 4 302
326 491 5 6 15930
131 60 8 2 29
336 448 5 6 13071
392 136 10 4 931
64 75 9 3 138
211 433 2 7 30554
405 393 3 5 366
415 14 2 6 3620
475 69 7 4 247
125 335 4 4 396
481 214 2 5 808
125 1 4 2 11
345 352 4 4 103
511 191 10 3 93
398 405 5 4 199
204 231 9 3 110
61 220 5 5 2524
359 498 5 5 1147
413 159 10 6 15197
4 62 4 6 11175
458 351 4 5 714
218 325 3 4 304
184 488 7 6 7529
131 327 7 3 131
29 210 8 3 97
74 138 5 3 96
48 333 4 3 80
110 339 8 3 70
408 186 9 2 33
340 441 5 2 10
251 446 9 2 47
31 254 1 5 203
336 79 5 5 1874
111 375 6 5 2093
199 351 7 3 100
258 429 4 4 161
503 484 9 5 1357
152 452 6 8 546757
247 166 4 6 3649
460 442 2 5 704
81 489 9 5 2061
91 476 2 3 29
202 449 2 6 2345
137 230 9 5 3256
147 127 9 8 2929266
229 424 9 3 168
462 27 9 5 5953
387 140 6 3 73
322 160 1 5 400
177 218 10 2 42
53 275 9 2 30
268 37 8 3 139
330 88 9 2 22
107 462 8 4 329
508 252 3 5 941
343 78 6 3 46
385 88 8 5 988
403 66 4 2 11
424 490 1 7 6354
266 293 8 5 1473
177 182 8 5 2834
149 4 4 3 56
423 324 2 5 528
504 180 2 9 2085118
457 115 1 3 13
493 85 5 3 106
257 240 5 6 19526
470 36 7 3 47
179 507 5 4 552
473 504 4 3 59
125 304 3 5 357
363 434 6 1 9
175 87 1 4 89
183 464 6 2 14
186 482 10 3 82
146 458 6 3 41
51 209 4 4 133
413 464 2 5 462
331 130 1 6 1577
194 161 3 1 5
345 204 5 4 186
342 194 10 5 1383
10 115 2 5 313
160 432 1 9 790565
215 229 3 8 147578
484 191 9 2 27
41 250 9 4 956
339 86 7 3 89
244 91 4 4 332
61 236 8 3 65
190 394 6 5 3516
125 6 3 5 666
508 205 2 5 275
248 408 8 3 56
411 280 5 3 49
262 392 3 7 26936
400 392 6 5 3383
386 265 5 4 330
174 34 2 6 1417
96 121 1 4 99
263 96 6 2 14
410 447 6 7 55598
306 460 8 2 30
191 279 3 5 808
35 83 5 6 3698
192 242 2 5 618
369 247 6 6 4329
350 153 6 4 353
479 274 1 8 99088
26 418 9 5 1062
301 269 5 3 93
390 181 8 2 27
316 65 6 3 44
85 146 7 4 192
356 361 3 5 991
241 163 6 5 3332
284 239 6 4 217
364 384 10 5 6683
70 284 6 5 1458
248 479 4 4 113
483 142 8 6 8078
38 189 1 4 36
407 298 7 7 153935
285 240 9 4 265
22 131 2 4 84
427 98 5 4 301
293 274 7 4 405
119 489 8 5 2146
332 489 3 5 1458
283 245 9 5 5816
358 491 1 5 173
283 272 8 2 35
162 72 4 5 490
207 259 4 6 2947
246 89 7 5 1800
359 59 1 6 4686
71 492 1 5 281
39 234 3 3 45
297 212 5 4 296
256 326 9 3 76
400 423 7 5 1422
418 165 7 2 31
461 334 5 5 1127
451 500 6 5 1142
63 480 10 3 139
276 339 2 6 3874
141 172 5 10 110707425
299 64 3 5 392
93 402 3 5 639
90 165 4 2 12
433 169 6 1 9
445 468 9 5 2004
367 36 6 4 198
375 508 8 3 78
225 288 3 7 27366
82 296 6 5 1158
156 481 6 7 35273
366 8 10 4 1034
100 420 10 6 45054
264 109 9 3 125
92 14 5 7 76414
134 35 4 5 456
414 441 5 3 44
187 57 1 5 192
42 133 1 5 263
473 266 5 3 97
458 119 6 6 4831
192 360 2 4 71
94 81 8 7 84974
216 13 8 5 1510
76 173 4 4 265
120 454 8 5 923
343 60 1 5 351
192 460 3 3 35
184 465 6 3 91
69 61 9 8 753923
487 247 7 6 8809
266 308 4 7 55162
423 257 4 4 419
421 192 1 5 227
143 98 5 5 1003
89 380 1 5 235
228 398 5 4 392
312 208 10 6 9822
51 506 3 5 1002
373 53 4 6 16359
494 121 7 4 268
329 228 8 4 440
86 229 5 5 1564
476 119 2 4 163
76 148 9 4 837
58 21 6 4 133
443 33 2 6 2696
233 353 4 4 215
141 25 9 5 1938
195 58 6 3 111
287 178 8 3 113
181 421 1 4 33
419 33 5 3 39
386 116 5 3 69
163 39 7 2 23
185 33 6 3 92
185 471 5 6 3690
186 5 10 3 59
452 308 7 6 31166
382 35 4 6 5549
172 211 5 3 93
260 59 3 5 1428
333 111 5 5 773
57 59 1 5 135
202 115 1 4 84
141 195 1 6 1225
510 426 5 7 48838
444 365 9 4 717
39 406 2 7 14694
115 421 1 7 15662
317 45 3 5 396
161 54 6 6 8768
459 283 7 4 347
299 249 7 3 148
3 507 4 4 359
229 428 1 7 20149
29 73 4 3 34
330 30 6 5 3031
398 118 7 2 29
223 402 9 2 34
158 29 2 5 1221
235 346 8 5 1736
361 212 9 3 50
112 326 4 5 482
345 235 4 6 5643
358 223 9 3 153
86 283 8 2 34
467 161 8 4 355
473 223 5 5 653
29 209 1 5 354
376 243 1 9 447877
72 50 4 3 77
349 439 1 4 56
308 170 7 5 2757
140 271 8 4 610
279 3 4 4 280
207 34 3 6 4012
32 332 6 7 149999
149 170 1 4 55
183 54 4 4 298
325 171 6 4 461
91 163 5 3 39
40 473 5 4 384
363 384 4 6 17295
268 451 4 5 2081
399 15 10 3 138
356 368 10 2 38
486 70 4 4 434
105 340 1 6 1273
435 24 1 4 70
508 242 4 5 549
417 254 9 5 1407
386 441 2 6 2376
89 423 4 3 68
390 24 9 2 23
504 122 10 1 15
186 208 7 4 323
70 485 8 3 93
165 337 2 6 1748
18 30 2 5 1009
169 36 8 2 25
212 392 9 2 44
248 453 4 4 249
169 310 10 3 60
495 378 7 7 133965
241 469 2 6 1855
179 231 5 5 1530
119 322 6 3 106
411 311 2 3 30
227 258 9 1 13
160 45 8 5 922
463 202 9 4 631
208 153 4 6 7173
140 420 4 3 72
198 185 6 1 10
154 510 6 5 1200
314 121 9 5 4361
251 401 3 3 38
100 409 4 3 73
112 412 6 4 496
28 505 4 3 23
296 137 10 3 97
495 323 7 5 1585
43 180 9 3 182
159 171 7 3 107
109 281 2 4 128
232 145 10 4 486
381 27 10 5 1777
140 401 8 7 252371
103 320 6 7 182318
86 459 7 4 345
489 382 4 6 3944
185 52 7 3 89
127 172 2 6 9115
456 357 3 1 4
355 326 10 5 5920
9 219 10 3 146
160 508 3 5 359
303 177 7 4 155
463 456 3 5 683
163 224 8 4 345
233 28 4 4 234
142 354 3 3 34
269 336 10 3 203
258 44 2 7 33796
341 396 3 4 191
436 81 1 5 362
232 130 7 5 1061
60 340 3 5 495
145 318 7 2 33
487 498 7 5 3426
165 470 3 5 388
123 193 3 5 487
128 495 10 6 7015
465 349 7 3 88
146 365 6 4 169
425 335 4 6 6119
425 197 1 6 2366
9 241 3 4 118
128 424 1 3 11
140 125 1 4 46
143 503 8 2 33
109 200 9 5 1047
100 10 3 6 3491
358 496 2 3 19
42 454 9 3 138
463 107 10 3 67
239 177 2 5 701
511 267 8 7 190956
498 163 5 9 8591889
281 392 10 4 223
436 508 4 3 82
270 121 9 5 2424
289 495 9 2 32
327 260 8 3 51
288 510 10 5 1186
13 86 7 4 441
484 104 2 4 104
76 320 8 2 31
34 270 4 6 11683
417 262 8 3 94
339 117 4 5 1806
310 380 4 5 686
112 259 9 4 978
26 406 7 4 245
255 223 5 5 925
45 291 4 5 1233
225 344 7 4 496
440 106 6 4 145
143 484 9 5 1364
354 419 3 6 2237
419 206 10 7 317618
119 339 5 4 251
226 436 3 5 769
439 497 2 4 101
194 26 5 3 52
100 262 3 5 1198
77 56 7 5 3374
391 338 4 3 25
197 35 5 3 34
505 417 4 4 142
508 260 3 6 14075
134 480 10 7 86471
209 492 1 5 309
463 286 5 6 7090
121 55 3 4 133
94 58 10 6 33969
174 474 4 5 1753
131 54 1 5 616
164 145 6 3 38
288 487 7 4 716
310 363 1 4 69
79 402 3 3 51
178 332 2 4 91
3 218 9 7 92346
70 382 5 4 152
331 321 7 4 305
357 509 5 4 137
187 274 4 7 49845
179 105 1 7 23453
292 415 4 4 202
153 385 10 2 38
98 383 4 3 52
250 191 5 7 135111
80 417 10 4 1110
165 178 7 3 49
296 247 5 3 79
66 366 5 3 90
185 205 9 4 567
39 301 4 3 28
495 509 6 4 370
324 396 1 5 215
484 215 8 4 571
461 40 8 5 4015
468 365 2 4 52
421 91 7 6 7875
478 225 7 4 157
259 305 2 5 663
64 82 7 4 618
357 475 9 3 109
89 270 2 3 31
296 90 5 4 229
428 311 6 4 315
473 126 7 4 230
348 165 2 4 195
245 192 9 3 87
53 264 9 4 412
252 453 10 5 1833
13 167 6 5 2766
245 367 9 5 5481
65 488 9 3 64
178 501 6 6 9848
55 321 5 6 14327
217 504 8 2 19
280 176 8 5 943
472 426 7 3 52
260 434 2 4 147
54 13 8 5 1344
118 10 8 6 15872
164 315 5 5 810
203 425 10 2 45
460 428 6 3 75
106 164 4 6 4507
342 261 1 7 6700
343 26 2 4 63
188 194 7 5 3548
501 128 7 5 800
265 301 5 3 48
106 340 10 3 116
449 100 6 1 6
25 280 1 5 403
