2902 3.2243702017403786e-08 
3678 9.919640820560405e-09 
140 1.1506008512282562e-08 
3181 1.5042752415234117e-08 
8846 3.889025546044422e-09 
176 4.244299794172596e-08 
4163 3.464633625913788e-08 
3827 1.1670413841910476e-08 
6268 3.95863305837664e-08 
1864 1.47431408262233e-08 
997 3.2493759002938383e-09 
6137 1.832705888621432e-07 
1225 1.0860167348747396e-09 
2631 2.353643183562043e-08 
218 4.975204470625272e-09 
9903 1.6901212736633586e-08 
5355 9.562946545749185e-10 
522 5.654537116317471e-10 
4073 6.669649700585811e-09 
9807 1.2725077521466132e-07 
2831 2.30988150794198e-08 
18 1.130883248157133e-09 
2261 1.2303537558715064e-06 
3676 2.7847161930549813e-08 
1912 5.717873610613239e-08 
3515 7.917366705669816e-08 
3209 9.091428826782377e-09 
9653 1.3182091503441146e-07 
5264 7.651283495668793e-10 
2713 6.381040633385293e-09 
7773 3.713236385038954e-10 
8141 4.415940463515025e-08 
954 1.5173157313919106e-09 
7487 9.704703707313911e-11 
8521 4.399143609416442e-08 
8930 1.563994040179595e-08 
5850 3.414049043470868e-10 
6820 1.2361471032548699e-08 
2174 0.0001518087966482499 
6394 1.1946582972877096e-08 
7794 1.650622932780621e-08 
7963 2.9048763394712296e-11 
6471 7.024825166013215e-11 
1174 4.149090564176117e-09 
2478 8.114174054885126e-10 
7864 1.6086044565821744e-08 
3633 5.209727926835939e-10 
3995 5.2218951907337385e-08 
6897 3.423551421521953e-09 
4045 8.030472900023844e-08 
6575 4.097512329437336e-10 
8798 5.296649507879891e-10 
923 1.6872644809096116e-09 
4175 5.038894092647753e-08 
4087 1.3491971517837122e-06 
658 1.9682040164337167e-09 
1337 2.0464426668011237e-08 
9502 2.50101023814564e-08 
849 3.7570192165659044e-09 
2791 1.9926771344103145e-10 
175 3.000016029867936e-08 
8409 1.8633526300063097e-08 
4720 2.2805254062951974e-07 
4657 2.1724932963707033e-10 
5800 2.0458801807191063e-08 
3391 2.7939467583254496e-08 
5756 3.4965019768407046e-10 
3311 3.653364896933145e-08 
9977 6.680392567468343e-08 
8211 2.9321752554635483e-08 
8923 4.8521989235578156e-08 
7818 4.3270117038030076e-08 
531 1.3516690197667991e-08 
3552 3.5127753650766175e-08 
9070 4.723486053681558e-09 
5665 2.0662201899099286e-08 
8865 9.369562384634045e-09 
3233 3.743640654549005e-08 
8019 2.376780557089564e-09 
7925 9.600304762963363e-09 
241 1.6374620709705412e-08 
9440 3.606647127913504e-08 
7553 8.950218066683391e-10 
2715 4.713397895508148e-08 
7628 5.858605395953065e-09 
3519 2.181940302048435e-09 
9664 5.769467403826667e-10 
3104 2.0242487269728215e-09 
2435 4.870609351839521e-08 
6861 3.297107031841051e-10 
4400 8.12337701619481e-09 
4929 6.462138427056757e-08 
2753 6.06821523312269e-08 
2137 4.860365453857041e-09 
9877 1.1442945679548955e-08 
4903 1.0313022241748016e-09 
5502 5.440023135671983e-08 
5482 9.260659857013298e-09 
4834 9.35203414709207e-10 
8374 5.773825511451447e-09 
5471 4.992430082816253e-08 
8808 2.0426897950898137e-09 
4556 1.4078394349609225e-08 
9370 2.151623141547626e-08 
1647 8.96953690661395e-09 
9682 1.3001018640129702e-08 
1162 5.223987368770458e-08 
9484 2.1788371731834566e-09 
7512 1.813470806384564e-05 
9490 1.632701612970522e-08 
7889 4.992057708224154e-08 
3561 3.840278095523786e-10 
3765 8.037161575158436e-09 
170 8.2526782629877e-10 
1775 2.493751416521295e-06 
2419 6.012594528596177e-08 
4098 2.588241287959647e-10 
2279 2.6703892083701497e-09 
7748 6.855443290235304e-08 
4849 4.520707102325522e-08 
7538 6.153080155243615e-08 
9144 1.8314609412373173e-09 
3455 2.6885396464237238e-08 
5685 9.818841850695037e-10 
1891 1.3523007713622803e-09 
6498 3.785273939432843e-08 
7785 9.125841490473241e-09 
5424 6.295895226167414e-08 
7343 4.9358817447988854e-08 
3531 1.4693305650306798e-08 
5828 2.5839280553760502e-08 
775 9.509308316474341e-09 
7880 2.1790696994213044e-08 
5291 1.4932118911140102e-08 
8160 5.359365438874393e-08 
7542 1.6796530926538322e-08 
7614 4.46164913165889e-08 
2992 3.267184075844351e-08 
9462 3.199944989106668e-08 
4112 2.6088441568497545e-08 
4514 1.6856057263522906e-08 
1298 1.1711909114406338e-08 
9626 3.778662643429457e-07 
4102 4.739370303716642e-08 
1894 1.1127261542731581e-08 
753 5.056684515558629e-10 
5314 0.00014381903347727634 
7820 5.45299261934043e-08 
2694 4.845733200548735e-08 
8530 7.355920317309028e-10 
3040 8.106957605225062e-10 
1813 7.839516476954023e-09 
453 3.6892266256673134e-08 
6777 5.081151562003061e-09 
3923 4.9802759059976165e-08 
8749 3.0651454985264337e-09 
5855 3.6397884879690867e-09 
9846 6.050330832998649e-08 
2463 1.4248024447771623e-08 
2548 6.252755774846346e-08 
