1 2 1 5 187
1 47 1 8 39978
2 31 10 5 2748
2 35 5 5 2685
2 406 9 5 4983
3 4 7 4 503
3 5 10 7 260784
3 26 9 7 60100
5 57 2 6 2119
15 16 10 4 230
15 36 3 6 5249
16 25 2 5 322
17 18 3 6 3313
17 36 7 8 787457
18 33 7 8 479617
19 20 1 6 1314
19 21 7 5 1731
20 142 5 5 1330
20 148 5 2 21
21 22 7 5 2612
22 23 10 6 11031
23 24 1 5 179
24 25 1 4 92
24 28 10 5 2413
26 27 2 8 468756
27 29 8 5 4361
27 30 9 4 532
28 29 7 6 6669
31 33 7 5 4227
32 33 10 4 227
32 34 3 5 822
32 69 8 6 17717
34 35 6 6 19037
34 73 1 6 3667
36 37 1 6 3643
36 75 10 6 39184
37 52 5 4 411
37 43 1 6 2417
46 47 4 5 2700
47 448 9 5 1998
52 67 5 5 733
53 54 5 5 2032
53 59 5 5 2146
53 418 5 5 924
54 163 6 5 861
55 56 7 3 90
55 59 1 5 226
56 57 4 6 16311
56 66 4 5 1567
58 59 9 5 1065
58 60 6 4 161
58 199 5 6 11371
58 458 7 4 658
60 63 4 6 3221
63 225 1 6 3140
64 65 7 4 191
64 66 3 5 505
65 67 1 6 1086
69 70 8 5 5375
70 71 6 6 15869
71 101 5 5 2977
72 73 1 10 9769985
72 101 7 6 16616
73 76 1 7 5905
73 77 6 5 2654
96 97 5 5 1064
96 111 1 7 35740
97 101 1 6 780
98 99 1 7 32007
98 100 9 4 315
99 138 5 5 3181
100 116 5 5 1216
105 106 10 4 245
105 111 10 5 3663
106 107 6 3 35
107 108 4 4 232
111 114 5 5 1130
113 114 8 2 22
113 116 4 6 15499
115 116 3 6 3081
115 409 5 4 253
118 119 3 6 3604
119 138 9 3 79
120 121 7 6 27851
120 122 2 8 80324
120 304 8 4 727
121 296 3 4 332
122 123 2 10 13381234
122 124 3 5 1068
124 125 4 3 25
134 135 2 6 3212
134 332 5 5 2027
135 136 2 5 267
135 137 5 6 5844
137 139 6 4 654
139 140 3 5 1434
139 141 8 5 1432
139 399 8 5 1645
141 400 2 4 158
154 155 9 6 20851
154 156 7 5 1923
154 172 9 4 775
155 168 2 6 6801
156 157 2 6 1516
156 171 4 4 315
157 158 5 5 1059
158 159 7 5 1093
158 177 1 7 8646
159 160 1 5 539
159 161 6 5 2509
159 196 9 6 30464
161 162 5 4 460
161 197 1 5 290
163 164 7 6 5827
164 165 2 7 14998
165 166 2 5 1252
165 104 10 5 4008
166 167 7 5 2213
167 168 4 5 549
169 170 10 3 132
169 171 4 5 615
169 174 8 3 44
170 172 10 3 137
170 173 3 4 184
170 419 10 5 5535
171 178 6 2 28
173 174 2 4 121
174 179 6 5 3843
175 176 7 4 209
176 214 6 4 458
177 178 1 6 858
177 191 10 5 1963
178 421 4 6 7561
179 192 1 7 31816
180 181 6 7 32133
180 208 10 4 393
181 192 4 8 200178
182 183 6 6 22141
182 184 4 5 925
184 185 1 7 27761
184 208 1 8 94993
185 186 5 5 1707
185 207 2 6 1511
186 187 8 3 149
186 230 6 5 907
187 188 1 7 8734
187 193 4 6 3248
188 189 1 5 177
188 191 1 7 6953
189 190 2 5 1317
189 191 2 6 6733
193 194 10 10 263221483
193 217 10 6 7263
194 195 3 6 6689
194 217 9 5 3566
195 196 4 5 2605
195 216 1 7 19104
196 197 7 4 222
196 476 3 7 22522
197 216 5 5 1219
198 199 3 4 154
198 221 8 5 3393
199 200 10 6 39375
200 10 4 6 5210
201 202 8 5 2465
201 203 10 1 12
201 351 10 4 475
202 213 3 6 7676
203 204 1 6 2888
203 205 5 5 1429
205 206 3 6 2916
205 231 8 5 1503
205 360 3 5 1713
206 207 8 5 1019
206 232 7 7 48628
207 233 9 5 5155
208 209 4 5 1955
210 211 8 3 129
210 212 9 5 1570
211 215 1 4 99
212 213 4 6 13418
212 342 2 5 881
213 340 9 5 1597
214 215 1 7 11564
216 219 1 6 3081
217 218 6 5 908
218 222 9 7 95206
219 220 4 3 33
220 221 4 6 3836
220 222 4 4 118
222 226 5 6 19468
223 224 5 5 1019
223 225 3 5 387
223 7 4 6 14808
224 229 10 4 448
227 228 4 5 1377
227 229 9 3 131
227 272 10 3 199
228 230 1 4 79
229 401 7 5 1956
231 281 9 5 2383
232 265 10 6 13698
233 264 9 4 995
233 150 8 3 139
234 235 3 6 14113
234 278 7 5 799
236 237 3 6 2685
236 280 6 7 35271
237 238 4 4 187
237 239 8 4 445
239 240 10 6 20412
240 241 6 5 3425
241 243 10 4 598
241 442 3 4 80
242 243 9 5 1154
242 244 7 6 6576
242 314 6 6 4577
242 80 6 6 28367
243 293 5 4 363
244 247 8 6 38659
245 246 6 4 175
245 247 8 7 91659
247 248 10 5 1323
248 249 2 3 15
249 250 5 4 285
249 312 5 3 90
250 251 8 4 205
250 321 1 7 5349
251 252 4 5 478
252 253 4 4 92
252 327 2 6 3834
252 301 10 3 69
253 254 2 7 20162
253 277 9 4 607
253 266 5 6 6550
254 255 1 4 91
254 256 6 5 2230
256 257 8 4 298
257 258 7 5 4444
257 259 10 5 3173
260 261 4 5 879
260 262 7 7 193293
260 263 1 7 6736
263 264 6 5 4111
263 479 5 5 1610
266 267 4 6 4177
267 268 10 4 970
267 299 2 6 4385
268 269 5 4 149
269 270 1 6 2873
269 294 9 5 1137
270 271 10 5 2091
271 295 1 5 328
271 133 5 2 22
272 273 8 4 329
272 274 2 6 1653
274 275 1 10 13459713
275 276 7 9 2699045
275 277 7 5 2257
275 291 6 4 557
278 279 8 7 162038
278 282 6 7 33865
279 280 4 8 259327
280 287 1 7 16676
281 289 6 5 1993
282 288 9 7 283683
283 284 4 5 1992
283 285 4 6 3552
283 305 2 5 1324
284 290 8 4 721
284 365 2 6 3516
285 286 2 6 5641
285 306 7 5 995
286 287 2 6 1869
286 306 2 7 16578
286 452 5 5 2169
287 293 1 6 2772
288 289 8 4 297
289 290 8 6 5747
291 292 1 6 3831
297 298 4 7 24422
297 454 10 6 11200
298 299 9 6 8829
300 301 1 5 325
300 302 9 5 1336
302 303 4 6 5479
302 304 10 4 261
302 330 5 5 1264
305 306 8 4 749
305 308 6 4 566
306 308 6 4 580
307 308 7 4 232
307 309 6 4 480
309 310 6 7 48394
309 338 9 5 1088
309 379 3 5 1825
310 311 9 6 11909
310 85 7 5 2923
311 312 4 4 90
313 314 3 4 187
315 316 1 7 33747
315 317 9 4 590
315 499 7 6 11938
316 334 5 5 1310
316 398 6 6 10875
317 318 6 5 2576
317 503 6 6 4391
318 319 7 6 21575
318 502 3 6 7294
318 510 5 6 4994
319 320 3 5 696
320 333 2 7 68688
321 322 7 4 197
322 323 9 5 2393
322 325 8 6 33831
322 333 4 5 1017
323 324 8 4 263
325 326 3 4 133
326 328 6 5 1352
327 328 8 3 138
328 329 5 6 17080
328 495 7 5 1461
329 330 4 5 1079
329 331 3 5 749
331 332 5 4 333
331 489 9 4 647
332 481 3 4 157
333 493 3 2 10
334 335 6 5 892
336 337 4 5 2291
336 500 2 5 1307
337 338 6 5 2294
337 382 5 8 295706
338 339 1 6 847
338 377 1 7 5533
340 341 3 6 4812
340 349 8 6 10236
340 354 7 6 30977
341 343 3 6 4789
342 343 9 6 11054
344 345 8 5 5418
344 346 2 5 1248
344 385 6 4 244
346 347 7 5 4615
347 348 3 5 1090
347 387 3 4 113
348 349 2 5 603
348 386 6 6 4982
350 351 3 6 3812
350 359 2 5 923
350 13 9 4 481
351 352 8 4 650
352 353 1 10 11719894
352 356 1 6 1591
353 354 5 5 1959
354 355 8 5 3170
355 356 8 6 9579
356 357 4 4 438
358 359 4 5 1171
358 361 4 6 3116
358 362 3 6 5582
358 360 8 5 1487
358 92 1 7 29157
360 413 1 7 14670
361 388 4 4 443
362 367 9 4 689
363 364 5 7 117863
363 365 1 7 14716
363 370 4 4 182
364 395 5 6 3557
365 366 8 3 65
365 371 1 6 1407
366 144 1 7 5392
367 368 9 5 6170
367 369 1 7 6290
370 380 1 7 15267
371 372 9 5 2878
371 373 8 4 574
371 374 8 5 1928
375 376 2 7 14291
375 383 2 6 2221
376 384 4 7 32239
377 378 1 7 5316
377 381 6 4 559
378 384 3 5 2051
381 383 10 6 32768
382 496 4 6 8537
383 384 10 3 151
388 389 6 5 828
388 392 2 7 13430
389 390 5 7 27975
390 391 1 6 785
392 393 10 3 182
392 394 8 4 783
395 396 6 4 254
399 411 1 5 233
400 405 5 4 450
404 405 1 6 2171
404 412 9 5 5232
405 89 9 5 3286
408 409 8 6 12308
411 412 4 5 1061
411 415 5 4 305
411 482 10 3 68
412 415 7 5 1701
415 427 2 4 99
415 487 2 5 254
427 428 5 6 8688
427 431 10 5 1366
427 487 9 6 17836
427 424 5 6 6441
428 429 5 5 2918
428 432 5 7 31887
481 482 2 5 626
482 488 5 7 26961
483 484 5 6 3953
483 485 8 6 21063
484 492 5 5 1170
485 486 7 6 8557
486 487 1 7 9826
489 490 8 4 545
490 491 2 6 7956
490 492 1 5 486
493 508 10 5 1353
494 495 1 6 1280
494 507 6 4 575
496 497 2 7 16584
496 62 8 5 2043
497 498 1 7 32669
497 499 1 4 66
499 501 3 6 11530
501 447 9 3 105
502 511 5 7 56869
503 450 8 4 628
504 505 7 6 30022
504 506 10 4 235
505 508 9 7 61618
505 509 5 6 21290
506 507 8 4 252
509 510 5 6 7484
509 511 2 4 159
7 8 5 5 1101
7 6 10 3 86
10 9 7 5 3429
10 11 4 5 612
13 12 7 3 103
12 14 7 7 49249
144 38 6 4 384
144 145 2 4 147
38 39 4 7 154490
89 68 2 4 69
89 88 4 7 25272
68 40 4 4 388
68 102 6 6 27162
40 41 3 5 356
40 81 9 7 112611
102 50 10 5 2715
50 51 10 7 79910
41 95 4 4 247
81 146 10 7 140719
95 456 8 7 49483
95 143 10 6 12743
95 146 6 6 4250
146 410 6 7 45105
43 42 1 6 1209
133 130 9 4 937
128 117 6 6 11866
128 132 6 4 341
117 129 7 4 526
117 110 3 4 287
132 130 10 4 662
129 127 6 6 7526
127 44 4 5 1841
130 131 8 5 2446
44 45 9 7 49197
110 109 4 5 2746
110 126 2 7 9923
109 112 5 5 1445
62 49 8 5 1016
62 61 8 5 4556
48 49 3 6 4644
75 74 5 6 8884
77 78 5 6 4258
80 79 1 6 1494
92 90 7 5 4094
82 83 9 6 16975
83 91 8 5 3142
91 90 3 4 86
90 93 4 5 2733
93 94 10 6 12719
85 84 3 6 3323
84 86 3 5 1436
84 87 8 5 1706
86 87 9 4 748
104 103 8 5 4556
148 147 3 2 15
147 149 7 5 870
150 153 5 5 1389
150 151 10 6 8410
152 153 10 6 9927
398 397 7 4 259
401 402 8 6 14717
401 403 5 7 70040
406 407 2 4 72
416 407 5 5 1975
413 434 4 6 3017
413 414 6 7 53443
433 434 8 7 70261
418 417 4 6 5273
419 420 1 6 1659
419 430 9 7 80789
421 422 9 4 456
421 423 3 6 2098
424 425 6 6 10053
424 426 5 4 194
424 438 6 6 6056
438 437 4 6 6283
437 439 4 4 440
454 453 1 6 2345
454 435 1 7 5018
453 455 10 7 52126
455 460 3 7 17528
435 436 10 5 1167
460 463 10 5 3204
463 462 6 4 537
461 462 4 3 61
461 464 1 7 8110
464 466 4 6 16837
466 467 9 4 968
452 451 1 6 883
452 440 6 3 51
451 459 7 3 86
459 473 9 5 5308
440 441 7 5 3051
473 472 8 6 15624
442 443 7 4 361
448 444 4 5 632
444 445 10 5 3947
465 445 10 5 2162
465 468 5 5 2611
468 469 5 5 2181
469 470 7 5 2262
470 471 7 5 3661
447 446 6 5 3075
450 449 10 2 31
458 457 9 3 165
476 474 5 6 9927
476 477 2 5 1011
474 475 1 8 55378
477 478 10 8 564643
479 480 5 5 1890
284 177 3 7 28491
391 291 9 5 1554
397 161 2 4 125
376 187 1 8 77769
322 42 7 4 471
399 318 1 7 22007
463 89 5 2 17
343 194 5 9 3197326
437 265 4 4 116
239 53 9 3 119
411 475 1 5 213
21 372 2 7 13603
508 449 5 5 1562
24 51 9 5 4700
54 280 9 5 2226
261 73 10 3 62
2 307 4 6 3641
476 36 8 5 2001
374 231 1 7 6537
483 72 6 4 145
188 248 7 6 14985
326 346 3 6 4154
458 449 5 6 3610
435 58 1 5 189
225 130 4 6 3523
484 174 1 5 117
322 33 8 5 3478
369 191 4 5 2262
330 20 4 4 293
324 21 7 6 12063
18 385 2 4 145
252 297 4 5 2084
7 178 2 6 7434
30 43 7 4 276
397 191 4 4 89
450 80 2 7 29238
458 335 1 6 1266
171 48 2 5 379
485 267 2 5 461
104 136 3 5 1952
47 507 3 6 2818
302 429 7 5 1769
424 132 6 5 3505
55 69 1 5 572
81 28 2 4 80
346 114 4 5 1145
84 284 7 1 9
57 44 1 5 349
112 358 5 4 323
103 252 2 6 3179
202 401 4 5 1190
106 343 10 6 9155
297 285 2 5 885
47 27 6 4 148
391 38 3 7 41390
292 297 4 6 15465
292 334 5 8 358349
149 56 6 6 25905
56 464 4 6 3739
252 487 6 5 3355
491 427 2 4 72
112 439 8 4 906
62 365 3 5 354
315 75 1 5 176
445 373 10 3 170
373 228 3 5 753
459 103 6 5 764
5 34 8 6 7978
357 412 5 5 1571
195 208 7 4 206
362 282 6 5 2247
282 132 6 3 110
292 358 7 5 3469
130 16 7 4 531
354 48 1 7 7295
329 398 9 7 231079
107 143 7 5 1926
302 8 4 6 8932
437 468 3 7 20110
391 24 2 5 830
70 453 3 5 1239
428 250 10 3 163
427 93 6 5 2576
235 500 6 5 2885
476 259 8 3 111
140 144 3 5 555
373 167 9 3 155
413 463 3 5 1034
100 419 4 7 21026
67 49 9 4 203
148 127 2 5 691
227 117 5 6 7461
147 283 5 5 684
464 193 3 6 8539
281 305 2 6 1938
168 300 2 8 555417
456 265 8 5 4078
74 34 4 5 2758
228 497 5 6 6872
84 178 4 4 189
47 339 3 6 7298
137 364 10 3 153
419 487 6 6 6667
497 260 6 6 6906
432 171 9 4 471
104 329 4 6 4093
16 90 8 7 59400
14 244 1 7 25157
56 483 2 4 60
175 2 3 3 46
151 442 8 5 5429
372 443 2 7 12615
460 285 9 2 43
372 171 3 4 147
267 357 4 4 254
336 274 2 5 357
235 63 10 4 593
279 71 10 5 1400
251 475 4 10 22513696
440 88 9 4 835
169 453 3 4 87
172 264 6 5 2035
51 471 9 6 39154
503 172 6 5 1734
175 199 6 6 6330
230 291 5 5 2141
16 205 5 4 257
339 82 5 6 24069
449 137 7 5 2204
119 372 3 6 4633
499 126 6 5 892
485 290 10 5 1883
181 127 4 6 3419
505 298 2 7 12897
290 489 9 4 345
34 249 5 7 54962
179 277 3 5 1008
440 73 6 3 88
343 395 7 6 9615
87 478 10 4 508
316 6 2 4 139
307 144 7 5 3577
308 435 2 6 4255
233 510 8 6 23330
126 354 6 5 832
272 162 7 6 7410
135 122 1 7 6118
365 389 8 7 219509
235 479 10 6 22501
125 110 7 7 156951
289 302 1 7 9143
13 387 5 8 297066
345 228 6 6 9461
10 105 8 5 1172
311 286 10 4 785
126 229 1 5 144
286 221 9 7 72853
171 11 1 4 38
172 342 1 6 3981
245 407 4 4 444
63 188 3 6 7716
253 232 10 5 1793
435 104 9 4 458
87 138 5 4 167
30 432 5 5 698
476 53 1 6 1219
107 103 7 5 2950
409 12 7 6 17953
344 183 5 7 90338
440 85 10 7 63849
210 133 2 5 384
45 192 6 7 65293
352 234 5 5 587
354 440 8 4 469
28 170 9 3 71
281 2 2 6 3064
361 251 7 4 335
35 364 5 4 421
433 81 2 8 151531
281 159 9 7 227007
495 148 1 6 4332
316 239 3 5 1914
143 130 3 7 32339
26 136 6 4 141
424 419 10 6 9657
395 202 8 6 36344
136 352 5 4 332
380 360 4 5 1634
146 72 6 5 2608
424 450 4 6 2911
147 425 9 4 652
451 285 7 3 74
195 101 5 6 10173
457 177 4 5 1406
81 208 7 6 6500
182 200 4 7 32766
436 509 2 5 1102
29 18 2 6 4215
149 453 7 2 34
330 473 5 3 45
73 53 8 5 4060
340 196 3 6 3827
256 444 4 6 5381
270 428 4 8 162076
407 87 3 5 805
346 295 8 3 56
78 410 8 8 1689991
87 205 3 6 5010
331 59 10 5 2313
45 83 5 4 129
411 217 6 7 91804
262 497 6 5 1235
267 226 7 4 266
456 426 10 6 10026
321 505 4 5 1668
479 424 4 9 8273354
488 420 3 3 32
236 272 1 5 302
507 217 10 4 625
366 165 5 4 234
227 338 7 4 271
228 346 2 5 481
488 324 2 4 205
116 214 4 5 656
499 343 8 4 800
155 118 1 5 492
480 256 9 6 7851
176 478 9 5 6079
375 389 6 3 119
139 438 1 7 7609
366 395 5 5 2293
42 36 1 7 14220
470 372 3 5 1685
127 490 6 5 843
407 209 8 4 191
455 68 3 6 2325
222 99 3 3 57
351 55 9 3 115
418 87 2 7 18391
254 89 6 3 51
256 83 8 5 948
225 147 8 3 143
73 89 1 7 6187
376 270 7 6 9688
415 507 6 6 10978
414 382 7 5 2786
319 321 10 5 4858
257 29 7 6 18149
312 374 9 6 17520
43 150 10 4 239
82 423 2 6 8170
226 280 5 6 4545
125 299 4 6 8213
202 220 4 5 2228
290 116 9 4 900
130 118 1 6 1296
358 76 2 6 3737
243 500 8 5 2705
163 155 8 5 2642
445 227 8 6 7019
240 177 8 3 167
299 246 10 6 12290
347 136 10 4 971
211 323 3 6 3099
318 227 10 5 1350
174 222 6 8 573975
35 492 9 4 768
441 58 10 6 7537
196 346 10 6 21502
511 236 7 6 5030
485 390 1 5 134
104 59 6 6 7847
479 450 9 7 214171
138 5 8 4 358
37 172 9 5 3859
138 363 9 5 1471
242 4 6 4 400
482 154 10 4 411
149 188 3 4 144
99 460 10 4 319
425 450 5 6 8655
357 26 10 4 224
161 115 1 5 347
381 37 3 6 3588
132 19 1 6 3768
187 142 2 5 577
491 238 4 6 12603
159 315 2 7 12115
210 320 5 3 45
412 304 2 6 2674
455 221 8 3 110
206 67 8 4 533
49 231 3 4 292
148 56 5 7 49102
418 274 6 3 124
101 374 8 5 2589
262 368 2 5 334
508 424 2 7 10823
337 46 9 6 17528
509 305 6 5 1735
204 60 2 5 1162
96 195 2 5 1091
339 139 6 5 1482
437 348 2 7 31697
121 269 4 4 151
246 328 10 3 219
484 17 2 4 176
69 250 7 8 1689114
402 7 8 3 140
129 389 10 6 18563
119 123 1 5 116
197 210 9 4 356
363 165 1 5 681
87 5 10 3 71
221 486 3 6 3205
247 221 8 5 2116
413 265 5 5 1691
111 499 7 4 702
448 258 7 4 165
49 166 1 6 4604
110 115 6 6 5988
26 425 2 5 228
72 204 1 6 727
315 355 9 5 1998
189 99 5 3 48
509 155 4 6 5792
483 167 2 5 673
82 471 3 5 1153
145 45 2 6 9831
297 442 2 5 401
55 250 7 6 6282
288 110 6 3 42
445 503 8 4 491
503 235 4 7 21207
332 103 10 4 680
489 487 9 8 876880
127 123 7 5 837
358 357 9 7 51029
330 332 3 4 167
501 372 6 6 14598
253 133 5 3 56
78 174 10 4 906
337 445 1 8 189166
85 334 6 7 53710
498 277 9 4 833
210 80 10 7 81855
42 223 3 8 848182
168 27 8 3 146
160 87 4 4 314
55 270 3 8 166469
36 223 3 6 4065
314 10 7 4 420
410 213 7 4 746
484 485 6 6 5858
309 28 4 6 8482
10 219 5 4 296
69 297 1 7 16590
18 402 6 6 6578
457 206 6 4 478
319 504 1 6 2528
401 246 5 4 299
422 501 8 5 1855
26 11 5 6 21739
245 501 5 5 2937
211 451 6 6 9099
7 275 4 4 100
293 502 10 6 38960
340 55 4 5 2272
385 449 9 4 339
474 142 7 5 2897
186 407 9 5 4560
116 149 1 5 130
83 372 9 3 83
228 281 10 4 230
265 65 6 8 456481
230 241 2 7 21097
435 123 6 5 1057
288 386 8 4 866
497 427 6 5 1532
452 23 7 7 87856
256 360 4 5 2435
227 132 8 5 939
352 378 9 6 21441
294 84 4 6 6605
434 225 1 4 66
26 289 1 7 11992
415 461 1 8 232299
231 103 2 5 424
58 371 6 6 13627
109 176 3 5 403
445 329 5 5 1909
255 165 3 4 301
219 451 6 5 2229
162 205 2 6 2832
491 62 8 5 3141
7 308 4 4 414
18 332 10 4 334
76 390 6 5 3379
197 166 5 5 1396
235 507 9 6 20601
116 328 1 5 313
197 207 1 8 99297
109 115 5 6 7264
412 293 3 4 86
350 270 9 4 359
112 330 9 5 1169
94 410 6 8 254941
244 108 3 6 5662
430 322 10 5 2145
38 287 3 6 3135
413 145 7 4 351
132 195 4 4 110
366 374 1 6 2138
276 123 5 5 1721
72 257 7 9 17663296
83 370 8 5 1939
94 1 7 4 171
125 184 1 5 675
322 156 10 3 162
427 192 8 5 2199
107 214 3 6 2230
399 122 9 5 1670
121 386 2 6 1573
219 414 6 5 761
430 401 5 8 354294
363 468 6 5 2744
209 498 4 5 493
481 116 4 3 56
123 216 9 5 1509
377 330 3 5 1089
450 12 2 6 4082
432 20 10 3 146
470 270 5 5 3089
337 139 9 6 20824
301 389 9 4 505
135 200 7 3 123
159 50 10 4 310
359 397 3 7 31765
33 149 3 8 150423
136 288 9 5 2946
413 16 6 6 8334
463 182 5 6 4686
198 105 10 5 2221
49 140 2 5 522
33 261 4 5 638
305 456 5 7 41916
349 1 8 4 805
504 327 4 5 494
286 335 3 4 293
283 48 9 4 535
60 394 4 7 48269
227 316 7 5 3611
436 460 2 10 18980175
88 61 9 6 8257
100 508 9 5 3650
477 260 2 6 2060
153 235 5 6 6615
315 224 1 6 1086
418 362 4 4 228
349 509 3 5 1067
35 59 4 6 6670
77 252 6 6 24635
461 97 7 5 2372
411 182 10 4 795
509 70 1 5 259
184 381 6 6 16363
316 475 10 5 1797
199 51 2 6 2616
239 85 7 5 2036
495 137 1 6 2631
178 75 2 6 6377
49 269 4 4 426
473 106 2 5 574
276 111 9 6 7580
441 332 5 5 2882
205 450 2 9 4605379
65 173 8 6 19343
154 383 8 5 2441
63 404 5 6 15814
171 161 7 4 436
118 224 8 2 15
435 190 10 6 12197
108 470 5 6 11629
463 209 7 6 5826
147 93 1 6 4736
120 408 4 4 436
370 455 1 5 532
238 401 3 4 87
376 455 1 6 2565
468 266 4 4 149
282 469 1 4 65
200 118 1 6 1202
239 435 6 5 1211
29 477 2 6 1873
183 3 7 6 6553
232 241 5 5 890
160 491 8 6 7518
384 176 7 8 1032951
303 407 7 6 5166
244 2 1 5 423
90 477 8 6 6156
269 160 10 6 43217
9 255 8 6 5753
500 323 5 6 10656
226 17 5 3 78
162 100 8 6 6211
442 354 3 4 121
254 56 5 4 379
177 70 3 3 62
283 413 9 5 3362
467 303 8 6 8908
506 52 7 5 2968
402 315 2 7 21880
44 66 9 4 840
205 376 1 4 48
78 375 5 4 129
45 468 6 6 17488
300 11 8 5 1797
288 143 9 4 684
238 91 10 6 10553
423 101 3 6 7445
159 455 5 7 46774
46 77 8 5 2426
438 456 7 5 1441
168 438 5 7 98166
228 205 7 4 312
60 109 4 3 30
97 31 1 2 3
56 135 2 6 9036
215 138 7 5 1020
305 446 1 6 845
195 390 5 7 49999
181 508 3 5 479
511 454 5 5 2915
388 279 2 6 8113
13 343 3 4 187
132 121 5 7 26701
420 165 10 4 393
279 398 5 5 2983
334 466 9 5 2171
76 96 8 3 131
397 429 6 6 12061
271 172 9 7 69825
297 357 7 5 3683
398 305 7 4 609
266 449 7 4 419
380 322 8 6 5564
511 252 10 4 315
412 136 2 7 16112
273 453 5 5 2180
440 111 6 4 149
88 261 2 4 121
40 321 5 6 8120
221 370 9 4 264
200 348 3 7 29937
141 425 10 5 1279
461 442 5 5 1953
496 325 9 3 119
504 467 5 4 113
148 320 2 5 1105
274 53 7 4 260
133 312 3 4 125
166 318 2 5 970
326 491 9 4 690
131 60 6 6 4627
336 448 4 6 18430
392 136 3 5 1794
64 75 2 6 1655
211 433 9 7 119061
405 393 9 6 33852
415 14 7 3 61
475 69 3 7 107114
125 335 8 5 4058
481 214 5 6 12583
125 1 1 7 13133
345 352 10 3 195
511 191 10 5 4404
398 405 6 4 213
204 231 5 4 418
61 220 9 6 12638
359 498 4 7 22319
413 159 10 5 1916
4 62 3 6 5660
458 351 8 4 478
218 325 6 4 150
184 488 8 5 2189
131 327 6 5 2079
29 210 6 6 15240
74 138 2 5 403
48 333 4 6 5219
110 339 7 6 23638
408 186 6 5 2966
340 441 3 5 549
251 446 9 5 1409
31 254 4 4 188
336 79 3 5 1927
111 375 8 6 23301
199 351 1 6 2635
258 429 10 7 371221
503 484 10 4 567
152 452 1 5 235
247 166 5 5 3001
460 442 5 6 9188
81 489 8 5 1910
91 476 6 4 441
202 449 6 6 6891
137 230 1 5 135
147 127 10 7 58668
229 424 4 5 1125
462 27 7 6 5355
387 140 4 7 69565
322 160 10 6 15408
177 218 7 7 204162
53 275 3 5 501
268 37 6 4 309
330 88 7 4 265
107 462 2 6 1694
508 252 8 5 2418
343 78 9 5 4170
385 88 8 5 4141
403 66 7 4 230
424 490 3 6 13218
266 293 8 7 300707
177 182 1 8 214019
149 4 9 3 85
423 324 3 9 1138722
504 180 3 6 3230
457 115 9 5 5617
493 85 4 6 6939
257 240 1 9 2819133
470 36 3 4 251
179 507 10 4 961
473 504 10 4 891
125 304 5 8 210982
363 434 7 8 429247
175 87 1 5 197
183 464 6 6 4998
186 482 10 3 85
146 458 4 7 85467
51 209 6 4 215
413 464 4 4 240
331 130 4 5 2697
194 161 1 5 313
345 204 6 5 2080
342 194 3 6 9992
10 115 8 6 16515
160 432 7 6 26196
215 229 9 4 731
484 191 1 7 8296
41 250 1 7 5172
339 86 8 6 11028
244 91 7 6 12886
61 236 9 6 35758
190 394 8 6 6436
125 6 4 7 70775
508 205 7 3 82
248 408 2 7 21765
411 280 7 6 5749
262 392 1 6 2191
400 392 10 6 21470
386 265 3 7 16422
174 34 7 4 363
96 121 7 8 337528
263 96 2 6 6767
410 447 4 5 575
306 460 3 6 2572
191 279 1 6 3795
35 83 8 3 61
192 242 2 5 273
369 247 3 4 79
350 153 6 5 820
479 274 5 5 1324
26 418 6 6 12119
301 269 10 4 222
390 181 7 6 5597
316 65 10 5 4280
85 146 8 7 140990
356 361 7 5 3889
241 163 3 3 33
284 239 9 6 7308
364 384 1 10 4381702
70 284 6 6 4553
248 479 6 7 138567
483 142 5 5 589
38 189 1 7 33894
407 298 5 4 319
285 240 5 5 2455
22 131 7 6 14936
427 98 6 6 12329
293 274 1 6 1397
119 489 9 5 1194
332 489 10 5 2189
283 245 8 3 152
358 491 5 4 450
283 272 2 6 9424
162 72 2 6 1706
207 259 1 8 41302
246 89 4 3 35
359 59 8 6 12596
71 492 1 5 175
39 234 6 8 1644448
297 212 7 5 1582
256 326 7 5 3877
400 423 3 6 4279
418 165 5 6 3789
461 334 10 4 731
451 500 10 5 2002
63 480 3 5 869
276 339 2 8 471501
141 172 10 1 9
299 64 7 5 2703
93 402 4 6 5167
90 165 10 5 3928
433 169 1 6 2350
445 468 4 4 417
367 36 7 4 752
375 508 8 5 5458
225 288 2 6 4204
82 296 5 4 498
156 481 10 5 1404
366 8 9 2 42
100 420 1 5 127
264 109 10 5 1420
92 14 10 5 6620
134 35 7 6 10017
414 441 7 3 65
187 57 5 6 4262
42 133 6 6 8031
473 266 9 4 291
458 119 1 7 33630
192 360 4 7 39818
94 81 7 3 65
216 13 1 7 20672
76 173 3 7 27246
120 454 2 7 18027
343 60 8 4 801
192 460 5 7 31422
184 465 1 6 1763
69 61 2 5 339
487 247 5 6 4531
266 308 3 6 2102
423 257 5 3 75
421 192 10 6 38286
143 98 1 8 58908
89 380 7 5 2594
228 398 6 5 3476
312 208 2 8 148487
51 506 4 4 154
373 53 7 5 3014
494 121 3 5 1639
329 228 1 6 1210
86 229 10 4 260
476 119 5 6 4165
76 148 5 3 55
58 21 6 3 40
443 33 5 4 121
233 353 5 5 1946
141 25 6 4 262
195 58 6 4 347
287 178 8 6 24472
181 421 10 5 1202
419 33 2 6 2212
386 116 2 5 490
163 39 7 10 53658714
185 33 2 4 175
185 471 6 4 374
186 5 7 5 4698
452 308 9 9 4720663
382 35 10 4 843
172 211 2 6 2713
260 59 3 5 536
333 111 10 5 6620
57 59 5 6 4597
202 115 3 6 4732
141 195 2 3 17
510 426 2 6 2037
444 365 2 5 770
39 406 4 6 6030
115 421 7 5 3819
317 45 9 6 14909
161 54 1 6 810
459 283 3 6 4257
299 249 6 4 438
3 507 5 6 7834
229 428 8 3 92
29 73 4 6 3867
330 30 9 4 678
398 118 7 1 11
223 402 7 6 5094
158 29 9 7 74280
235 346 2 6 8869
361 212 4 5 933
112 326 9 4 375
345 235 8 7 120085
358 223 3 5 1042
86 283 10 4 232
467 161 9 6 41266
473 223 6 7 53494
29 209 3 6 9801
376 243 1 7 12387
72 50 2 5 362
349 439 8 3 54
308 170 2 6 2510
140 271 7 4 675
279 3 2 5 1134
207 34 9 3 127
32 332 1 6 1350
149 170 8 6 7836
183 54 6 4 274
325 171 9 3 182
91 163 10 2 46
40 473 9 4 590
363 384 6 5 1014
268 451 7 7 170806
399 15 10 6 33110
356 368 1 6 3283
486 70 7 6 11424
105 340 5 4 133
435 24 8 2 24
508 242 4 4 277
417 254 3 6 4789
386 441 3 5 1344
89 423 4 6 5919
390 24 9 5 1654
504 122 5 6 15561
186 208 1 4 55
70 485 1 6 1338
165 337 3 4 194
18 30 5 5 2796
169 36 8 5 2290
212 392 1 5 285
248 453 1 6 820
169 310 9 7 68619
495 378 1 7 5145
241 469 1 5 120
179 231 4 6 10781
119 322 1 6 2935
411 311 5 5 768
227 258 7 5 1798
160 45 2 4 149
463 202 9 5 1541
208 153 6 7 77809
140 420 5 6 5468
198 185 3 4 166
154 510 7 5 890
314 121 2 6 4392
251 401 4 7 118275
100 409 8 3 58
112 412 5 4 528
28 505 3 3 31
296 137 6 5 2925
495 323 10 6 9977
43 180 1 6 1431
159 171 10 6 8903
109 281 5 4 343
232 145 5 7 157944
381 27 9 4 341
140 401 2 7 36043
103 320 3 7 14862
86 459 3 5 1087
489 382 9 5 1718
185 52 8 6 28635
127 172 5 5 2074
456 357 10 4 319
355 326 2 5 279
9 219 9 5 1595
160 508 7 5 3308
303 177 7 6 14091
463 456 4 6 16059
163 224 10 5 1437
233 28 8 4 292
142 354 10 5 6776
269 336 6 5 2338
258 44 6 4 166
341 396 10 5 1630
436 81 4 5 515
232 130 8 4 576
60 340 5 5 2955
145 318 1 7 16436
487 498 4 5 794
165 470 5 5 928
123 193 1 5 621
128 495 4 5 1481
465 349 9 7 54239
146 365 3 8 406050
425 335 9 6 32114
425 197 8 5 4498
9 241 3 7 32232
128 424 4 6 2869
140 125 9 5 2880
143 503 5 3 39
109 200 9 4 1015
100 10 3 4 255
358 496 1 4 40
42 454 7 4 697
463 107 8 5 1116
239 177 6 6 13843
511 267 1 6 4470
498 163 4 7 101185
281 392 3 5 1097
436 508 5 6 21166
270 121 2 6 6411
289 495 6 4 145
327 260 8 8 722099
288 510 1 7 7312
13 86 4 4 158
484 104 1 6 1463
76 320 7 4 558
34 270 3 4 307
417 262 3 5 1259
339 117 3 4 107
310 380 4 4 116
112 259 4 6 8869
26 406 5 5 1291
255 223 8 5 4010
45 291 3 5 1339
225 344 8 5 4365
440 106 10 7 127869
143 484 3 4 234
354 419 5 4 270
419 206 10 3 114
119 339 2 5 409
226 436 2 6 2950
439 497 9 6 7917
194 26 5 6 8712
100 262 7 4 610
77 56 7 5 1580
391 338 1 6 935
197 35 1 7 8273
505 417 10 4 699
508 260 5 6 7800
134 480 7 5 2400
209 492 5 4 465
463 286 8 6 11396
121 55 2 5 323
94 58 8 6 17301
174 474 2 7 30222
131 54 9 4 583
164 145 10 8 415105
288 487 7 6 6378
310 363 5 5 1023
79 402 4 7 27201
178 332 7 4 319
3 218 10 5 1814
70 382 9 5 5076
331 321 5 3 39
357 509 1 5 309
187 274 6 4 676
179 105 6 4 298
292 415 6 5 3808
153 385 9 4 290
98 383 2 7 18229
250 191 10 3 66
80 417 5 6 10068
165 178 2 7 35496
296 247 2 5 1133
66 366 9 4 281
185 205 8 4 193
39 301 5 7 72351
495 509 1 5 293
324 396 2 6 3538
484 215 2 7 18768
461 40 6 4 137
468 365 7 5 1213
421 91 5 4 473
478 225 10 5 3510
259 305 8 3 173
64 82 1 6 4130
357 475 6 4 195
89 270 1 6 2566
296 90 4 4 119
428 311 4 5 526
473 126 5 7 49295
348 165 10 5 1879
245 192 10 2 44
53 264 9 5 2257
252 453 8 4 237
13 167 5 6 7286
245 367 10 6 20081
65 488 1 7 15166
178 501 1 5 337
55 321 9 5 2559
217 504 5 5 946
280 176 1 5 267
472 426 1 6 1394
260 434 1 7 33831
54 13 1 6 4505
118 10 7 6 30806
164 315 4 6 3792
203 425 4 4 205
460 428 1 7 15436
106 164 10 6 9980
342 261 9 5 5401
343 26 10 3 167
188 194 1 7 29776
501 128 3 6 2332
265 301 8 4 686
106 340 2 5 1113
449 100 7 4 654
25 280 9 5 5213
