933 1.4535662037717354e-06 
4673 5.357357239187389e-06 
9208 5.174250356449949e-06 
9134 6.888409218583965e-08 
6193 3.396193017711317e-07 
1665 2.647864073774869e-07 
8180 1.3015918821912553e-08 
3727 5.329733078073169e-08 
1881 2.5527045350066206e-06 
710 4.0461485365856547e-07 
3893 2.7394946881765733e-07 
4775 1.3510687021760226e-07 
9263 1.53646627880283e-05 
9832 2.931251378896021e-06 
8269 3.470030427017229e-05 
9785 2.8034953271704273e-05 
1220 6.361103653169275e-07 
3201 2.9761834390105364e-06 
6985 7.860573469863335e-07 
8281 7.553069419029539e-08 
4895 9.053115063162309e-10 
8670 7.703927920351387e-07 
8800 2.731215053914033e-07 
5128 5.633480430903727e-06 
13 5.345348466168163e-08 
5981 2.298855325506152e-06 
2729 5.16693933992618e-09 
889 1.835000953296538e-05 
6966 1.4546810239090005e-05 
6089 1.1548171879784824e-07 
5170 1.679405601823919e-08 
69 4.89029913975324e-07 
5479 2.3697684174029944e-06 
2054 1.5125946854419037e-08 
5906 9.413637502191444e-08 
7818 6.685967958853273e-06 
6367 1.5184516835514902e-05 
9159 5.433688553054146e-07 
1719 1.7512325542826113e-08 
3968 1.0307944175638208e-05 
5472 3.1444759447169695e-07 
78 2.6836546729525285e-07 
9811 1.4951293066074256e-07 
1695 4.0280299425793364e-09 
605 1.2208171174931531e-08 
1598 3.2231582572351224e-06 
1403 5.635238183246817e-07 
6818 1.418349330234504e-06 
9169 8.284814183483832e-06 
7073 8.411352855768702e-06 
1566 2.1798622921444133e-06 
1047 3.397885980807797e-06 
3724 1.9632411624090083e-05 
2900 5.501428323657535e-07 
5976 2.8058344073137354e-07 
7604 1.6291712423566196e-10 
751 5.06403539555014e-05 
1120 2.1401333838961894e-07 
6465 6.270597765017341e-07 
8192 2.997795914103896e-06 
4238 3.717405759831474e-07 
9049 1.5290111082415016e-05 
2108 1.3943767118332107e-05 
9217 3.2736992773736706e-08 
6984 3.55450901325452e-08 
7125 6.78103376048543e-06 
7999 2.1312239749035622e-08 
805 3.08648671224019e-08 
4458 3.9160144571503963e-10 
5245 1.9696323150155542e-08 
5347 5.766263918010207e-08 
280 2.1517380725488114e-07 
7599 5.893994968871523e-06 
6970 1.031800576207077e-06 
1007 2.4115097909288867e-07 
9745 2.456291939318279e-07 
8573 6.6691420705643075e-06 
9211 1.403019357624485e-06 
1513 1.1710802737954567e-06 
4392 2.5595581854188733e-06 
6921 8.937445119176855e-07 
4804 1.3258365691829987e-05 
5982 3.0524640367212905e-08 
4089 9.968037773233065e-08 
718 1.4084274290815895e-05 
4026 6.770270173477033e-09 
8175 4.7913121746165355e-08 
3139 4.7284810737041605e-09 
1841 6.402688613668661e-08 
6880 1.5787993620082954e-05 
7494 1.9790129387017626e-05 
9596 1.7535187850359346e-09 
127 2.1926183061174963e-07 
2069 1.5778826859225658e-06 
4865 7.529222964348714e-07 
9846 1.6352484973114627e-05 
4408 8.005678119273222e-06 
1205 8.037993888911944e-08 
6767 1.4148360182275567e-07 
3985 1.4024392999342772e-08 
3010 1.6239835087827778e-06 
5544 1.3683061897633846e-05 
3256 8.442801416818323e-08 
2266 4.778487820733014e-08 
235 8.687164812216886e-06 
4682 1.2593584600617304e-05 
5643 2.8671315248789716e-06 
6929 1.3616365431475132e-06 
2303 9.203093655630722e-08 
6433 3.149235976191854e-07 
5700 1.8533954673652462e-07 
7893 4.1265495187570167e-10 
3519 2.5799101850947775e-08 
2733 7.987347575878767e-09 
894 3.1951163684870026e-08 
34 3.319132968743876e-05 
9878 1.7033074868090525e-08 
9422 7.156883752058049e-07 
2807 2.2500927823147893e-05 
7747 2.4325337368329374e-05 
7778 1.399276239909871e-07 
9972 9.532133115816577e-09 
5740 8.875663865306734e-07 
5146 1.905608424991625e-06 
827 3.4842123160808364e-07 
3704 4.0378548021789934e-07 
515 5.010905162632681e-07 
6630 1.238800737917681e-07 
6518 3.194685207631178e-06 
3555 3.0921968388054517e-06 
8752 1.8210711619226494e-09 
9210 5.623664731308799e-08 
9242 1.0116196982021018e-05 
3885 1.416161997541427e-07 
3890 5.017052089390618e-06 
6288 1.7506862077208696e-08 
379 1.3057162647085764e-05 
3067 5.64144428216555e-08 
4043 5.443941270032778e-08 
5018 1.725842257579221e-05 
4841 1.6589852612318434e-08 
2539 2.399346825493572e-06 
4802 9.970575172020944e-06 
836 6.458522843180492e-07 
391 3.743186821889347e-07 
1212 4.881082961546903e-08 
3288 2.6573140399615685e-06 
1925 1.2595955858628235e-06 
204 5.759017683801428e-07 
2776 4.153083987823436e-10 
1832 6.040436618839733e-08 
7347 3.242393311199485e-05 
6978 8.031445047134065e-06 
5699 6.015720268193886e-08 
705 4.479651229765198e-05 
4493 2.4560161358328685e-07 
4103 1.7463210202683715e-07 
5190 4.838483487961483e-07 
2399 2.5039832528660623e-07 
1342 1.2014368110710058e-05 
