1 2 2 3 14
1 47 9 1 6
2 31 10 2 24
2 35 7 5 3243
2 406 8 3 63
3 4 7 5 2379
3 5 3 4 115
3 26 4 4 97
5 57 3 6 7358
15 16 2 4 49
15 36 3 5 476
16 25 10 4 318
17 18 5 4 157
17 36 5 3 30
18 33 8 6 10158
19 20 8 3 126
19 21 8 3 99
20 142 8 4 202
20 148 9 2 20
21 22 1 4 65
22 23 3 3 36
23 24 4 3 48
24 25 3 3 20
24 28 5 3 58
26 27 10 4 1050
27 29 4 4 349
27 30 3 5 349
28 29 3 4 326
31 33 1 6 751
32 33 2 4 60
32 34 4 3 33
32 69 3 4 219
34 35 9 4 324
34 73 2 4 197
36 37 2 3 25
36 75 9 4 327
37 52 1 5 156
37 43 4 4 99
46 47 9 1 12
47 448 7 3 69
52 67 10 4 639
53 54 6 2 14
53 59 10 5 1558
53 418 10 2 22
54 163 4 4 267
55 56 5 3 63
55 59 7 3 111
56 57 6 4 240
56 66 7 4 179
58 59 6 4 306
58 60 7 3 58
58 199 6 3 51
58 458 4 4 96
60 63 6 5 823
63 225 3 4 311
64 65 1 5 304
64 66 9 2 41
65 67 8 3 158
69 70 7 3 62
70 71 2 4 198
71 101 5 2 20
72 73 4 4 93
72 101 7 2 31
73 76 4 3 53
73 77 6 5 1822
96 97 9 4 273
96 111 3 7 53416
97 101 2 5 452
98 99 9 4 418
98 100 2 4 159
99 138 6 4 215
100 116 10 3 110
105 106 1 5 166
105 111 1 3 13
106 107 2 4 121
107 108 7 3 91
111 114 7 4 465
113 114 6 4 257
113 116 3 3 46
115 116 5 2 26
115 409 1 6 795
118 119 7 3 57
119 138 8 3 78
120 121 1 5 173
120 122 10 3 90
120 304 10 4 956
121 296 4 4 207
122 123 8 5 1968
122 124 7 4 175
124 125 3 4 156
134 135 5 3 73
134 332 8 2 35
135 136 1 4 55
135 137 8 3 57
137 139 5 4 336
139 140 7 6 22866
139 141 2 3 44
139 399 2 4 121
141 400 3 3 45
154 155 3 4 73
154 156 10 4 520
154 172 7 5 1382
155 168 1 3 19
156 157 5 3 31
156 171 7 3 88
157 158 8 3 61
158 159 6 3 119
158 177 1 3 6
159 160 1 4 23
159 161 7 4 224
159 196 10 4 238
161 162 9 3 103
161 197 9 3 96
163 164 5 3 76
164 165 2 3 20
165 166 6 3 47
165 104 4 3 75
166 167 4 3 49
167 168 1 4 40
169 170 8 5 1276
169 171 5 5 687
169 174 1 5 558
170 172 9 3 141
170 173 8 4 745
170 419 6 3 35
171 178 3 3 27
173 174 7 4 248
174 179 10 4 246
175 176 9 3 114
176 214 9 5 1336
177 178 7 4 161
177 191 2 5 228
178 421 5 3 69
179 192 1 4 27
180 181 8 4 623
180 208 5 4 381
181 192 4 5 888
182 183 8 3 104
182 184 10 4 228
184 185 9 2 27
184 208 1 6 4110
185 186 10 6 11747
185 207 5 3 71
186 187 4 4 187
186 230 3 4 158
187 188 9 4 470
187 193 10 7 54970
188 189 4 3 41
188 191 9 3 156
189 190 10 5 1814
189 191 3 4 116
193 194 3 2 7
193 217 10 2 20
194 195 7 3 82
194 217 4 4 146
195 196 4 2 17
195 216 7 5 4642
196 197 3 5 992
196 476 1 5 244
197 216 5 5 1139
198 199 6 3 69
198 221 10 2 32
199 200 10 4 592
200 10 4 4 109
201 202 4 5 686
201 203 4 6 11278
201 351 9 4 556
202 213 4 3 59
203 204 2 6 3628
203 205 10 4 643
205 206 6 4 192
205 231 6 4 185
205 360 5 4 254
206 207 9 3 48
206 232 9 3 93
207 233 10 2 18
208 209 9 3 54
210 211 9 3 87
210 212 10 3 143
211 215 6 3 50
212 213 3 3 50
212 342 5 4 209
213 340 3 4 165
214 215 9 4 307
216 219 5 4 189
217 218 2 4 112
218 222 9 2 31
219 220 5 5 579
220 221 4 4 299
220 222 9 4 439
222 226 2 5 260
223 224 9 4 310
223 225 4 4 346
223 7 6 4 183
224 229 4 5 903
227 228 4 4 359
227 229 10 1 15
227 272 5 4 221
228 230 9 7 115250
229 401 2 4 105
231 281 2 5 238
232 265 8 4 265
233 264 5 3 86
233 150 5 2 9
234 235 1 5 460
234 278 10 5 1254
236 237 5 4 244
236 280 6 5 758
237 238 3 4 156
237 239 3 5 950
239 240 9 4 321
240 241 7 3 48
241 243 1 5 207
241 442 3 3 36
242 243 10 2 38
242 244 2 7 12612
242 314 7 4 259
242 80 3 4 338
243 293 8 5 5194
244 247 7 2 15
245 246 9 4 373
245 247 2 4 112
247 248 8 3 43
248 249 10 2 20
249 250 9 2 19
249 312 3 4 269
250 251 5 5 667
250 321 2 4 181
251 252 5 3 70
252 253 5 4 112
252 327 1 4 97
252 301 7 3 51
253 254 5 2 25
253 277 8 5 3760
253 266 5 3 59
254 255 2 4 63
254 256 8 4 212
256 257 10 3 87
257 258 1 5 240
257 259 4 6 8484
260 261 5 4 272
260 262 1 5 192
260 263 4 4 279
263 264 8 1 14
263 479 5 4 212
266 267 8 3 66
267 268 7 4 439
267 299 10 3 172
268 269 5 4 300
269 270 2 5 714
269 294 1 6 2416
270 271 9 2 30
271 295 3 4 70
271 133 9 4 413
272 273 10 3 71
272 274 4 3 23
274 275 8 4 336
275 276 8 4 710
275 277 7 5 2016
275 291 2 4 98
278 279 1 5 474
278 282 2 6 7483
279 280 10 1 17
280 287 6 2 19
281 289 9 3 91
282 288 2 7 47448
283 284 2 6 1535
283 285 2 4 212
283 305 3 3 47
284 290 2 4 102
284 365 9 3 50
285 286 3 4 172
285 306 1 5 172
286 287 1 6 929
286 306 8 2 41
286 452 3 6 10823
287 293 10 5 1386
288 289 2 5 323
289 290 1 5 550
291 292 8 3 115
297 298 7 4 776
297 454 9 4 368
298 299 10 3 81
300 301 1 7 8314
300 302 4 3 81
302 303 10 4 324
302 304 7 3 76
302 330 10 2 51
305 306 10 3 104
305 308 10 4 239
306 308 5 4 468
307 308 5 4 197
307 309 4 4 128
309 310 10 2 18
309 338 6 5 877
309 379 4 5 1263
310 311 3 4 248
310 85 7 2 18
311 312 4 2 12
313 314 8 3 73
315 316 6 4 144
315 317 3 4 177
315 499 10 3 210
316 334 6 4 191
316 398 3 4 223
317 318 4 4 155
317 503 6 3 34
318 319 7 3 90
318 502 2 3 17
318 510 10 5 2237
319 320 10 5 1536
320 333 1 3 10
321 322 3 5 397
322 323 1 4 73
322 325 4 4 155
322 333 9 2 26
323 324 6 3 38
325 326 2 3 24
326 328 1 3 14
327 328 7 3 128
328 329 1 5 171
328 495 9 3 65
329 330 4 3 34
329 331 4 6 4064
331 332 4 3 28
331 489 6 6 5825
332 481 1 4 97
333 493 10 4 491
334 335 10 4 229
336 337 3 4 195
336 500 1 4 95
337 338 1 5 198
337 382 1 5 526
338 339 2 5 706
338 377 8 3 58
340 341 5 4 206
340 349 8 4 415
340 354 2 4 90
341 343 4 2 16
342 343 6 2 14
344 345 10 1 13
344 346 4 4 114
344 385 8 3 77
346 347 6 4 353
347 348 4 5 1434
347 387 7 4 223
348 349 5 3 47
348 386 10 5 1246
350 351 2 7 12923
350 359 4 5 1286
350 13 9 4 230
351 352 8 2 40
352 353 2 4 208
352 356 6 4 207
353 354 8 6 16719
354 355 3 5 833
355 356 5 3 66
356 357 10 3 54
358 359 10 3 93
358 361 5 4 113
358 362 8 2 22
358 360 1 5 248
358 92 3 5 1920
360 413 6 3 33
361 388 7 6 6494
362 367 7 4 582
363 364 3 6 6618
363 365 3 2 14
363 370 4 4 124
364 395 1 5 210
365 366 5 4 124
365 371 1 4 41
366 144 10 4 228
367 368 10 4 732
367 369 8 5 1412
370 380 7 3 143
371 372 2 3 13
371 373 4 4 213
371 374 6 5 904
375 376 5 2 10
375 383 6 5 951
376 384 8 4 620
377 378 9 2 47
377 381 9 2 29
378 384 8 4 296
381 383 5 4 112
382 496 8 4 551
383 384 6 5 1740
388 389 2 4 94
388 392 10 8 520079
389 390 5 3 59
390 391 2 4 163
392 393 4 3 22
392 394 8 4 501
395 396 5 3 29
399 411 10 3 148
400 405 8 4 181
404 405 6 6 18431
404 412 4 5 868
405 89 7 3 102
408 409 8 3 49
411 412 7 4 375
411 415 5 3 102
411 482 3 3 51
412 415 6 6 5150
415 427 3 4 249
415 487 1 6 2076
427 428 1 5 139
427 431 10 4 236
427 487 5 5 1967
427 424 5 3 56
428 429 2 6 2802
428 432 10 3 75
481 482 10 4 279
482 488 6 7 30123
483 484 2 5 543
483 485 5 4 325
484 492 8 4 856
485 486 1 5 200
486 487 3 3 53
489 490 1 5 511
490 491 4 4 374
490 492 2 3 44
493 508 10 2 46
494 495 10 2 25
494 507 4 3 39
496 497 3 4 146
496 62 10 4 331
497 498 3 5 836
497 499 9 3 54
499 501 2 4 98
501 447 1 5 200
502 511 3 4 68
503 450 7 3 57
504 505 2 4 175
504 506 8 3 153
505 508 1 8 83795
505 509 5 2 13
506 507 2 4 200
509 510 4 5 2036
509 511 6 3 83
7 8 8 4 205
7 6 2 3 16
10 9 1 5 166
10 11 7 4 158
13 12 3 4 108
12 14 10 4 390
144 38 4 3 34
144 145 6 2 16
38 39 4 5 547
89 68 7 6 12774
89 88 8 2 20
68 40 10 4 556
68 102 2 4 68
40 41 5 4 149
40 81 1 5 219
102 50 8 6 23841
50 51 7 4 170
41 95 4 5 739
81 146 7 5 2471
95 456 8 5 985
95 143 6 6 8826
95 146 2 4 144
146 410 3 4 140
43 42 7 5 1742
133 130 10 2 34
128 117 3 4 69
128 132 2 4 155
117 129 1 4 102
117 110 4 2 21
132 130 7 3 46
129 127 6 3 33
127 44 4 5 2600
130 131 7 2 36
44 45 10 4 396
110 109 7 4 170
110 126 6 2 12
109 112 3 4 100
62 49 1 4 72
62 61 8 2 22
48 49 6 3 61
75 74 8 3 158
77 78 2 5 349
80 79 4 4 98
92 90 3 4 144
82 83 4 4 118
83 91 1 5 185
91 90 3 4 210
90 93 9 2 33
93 94 2 5 298
85 84 7 3 42
84 86 7 6 7400
84 87 8 1 13
86 87 6 3 48
104 103 10 3 93
148 147 4 3 66
147 149 7 3 73
150 153 2 7 30028
150 151 2 5 232
152 153 6 3 35
398 397 2 4 120
401 402 9 4 304
401 403 1 4 49
406 407 8 3 57
416 407 2 2 8
413 434 10 5 3827
413 414 10 4 252
433 434 5 4 467
418 417 3 3 65
419 420 3 6 5070
419 430 5 4 234
421 422 10 2 43
421 423 10 3 149
424 425 4 3 75
424 426 3 3 62
424 438 4 4 225
438 437 7 2 33
437 439 3 3 40
454 453 3 3 22
454 435 6 3 49
453 455 5 4 233
455 460 6 4 191
435 436 6 4 337
460 463 6 4 153
463 462 4 2 16
461 462 9 2 17
461 464 9 2 42
464 466 3 3 49
466 467 8 4 223
452 451 10 2 29
452 440 10 4 541
451 459 5 3 52
459 473 1 3 20
440 441 8 6 18838
473 472 1 4 55
442 443 9 4 374
448 444 3 4 139
444 445 10 3 93
465 445 9 6 23733
465 468 10 3 81
468 469 10 5 2455
469 470 3 4 68
470 471 8 2 15
447 446 10 5 5734
450 449 4 4 222
458 457 5 4 253
476 474 2 4 223
476 477 4 4 115
474 475 1 4 95
477 478 2 5 753
479 480 3 3 28
284 177 6 3 77
391 291 7 4 165
397 161 7 2 31
376 187 2 4 57
322 42 3 3 50
399 318 2 5 490
463 89 2 4 148
343 194 5 3 96
437 265 8 3 98
239 53 5 3 76
411 475 7 6 8110
21 372 6 3 121
508 449 10 4 696
24 51 4 4 406
54 280 9 4 392
261 73 2 3 39
2 307 10 3 82
476 36 2 4 113
374 231 4 4 171
483 72 4 4 307
188 248 2 5 751
326 346 4 5 907
458 449 8 5 1599
435 58 10 4 721
225 130 3 4 106
484 174 2 4 160
322 33 7 3 63
369 191 2 5 237
330 20 5 4 131
324 21 1 5 443
18 385 10 3 128
252 297 5 3 78
7 178 5 4 205
30 43 6 4 193
397 191 5 3 88
450 80 6 4 231
458 335 1 5 176
171 48 9 3 67
485 267 8 3 52
104 136 3 4 84
47 507 9 4 617
302 429 7 4 224
424 132 9 3 107
55 69 6 4 674
81 28 6 4 215
346 114 1 5 400
84 284 8 4 303
57 44 7 3 57
112 358 8 5 2885
103 252 9 3 130
202 401 6 4 176
106 343 7 1 12
297 285 2 7 23780
47 27 3 7 39392
391 38 5 4 491
292 297 8 3 96
292 334 6 5 1016
149 56 6 4 161
56 464 7 4 161
252 487 6 3 67
491 427 1 5 121
112 439 3 7 34430
62 365 5 4 349
315 75 7 2 21
445 373 2 4 98
373 228 1 4 82
459 103 9 2 16
5 34 8 3 133
357 412 3 6 7430
195 208 4 5 815
362 282 3 6 5494
282 132 8 4 188
292 358 3 5 419
130 16 8 4 808
354 48 4 3 47
329 398 2 4 97
107 143 4 4 89
302 8 9 4 503
437 468 7 5 2220
391 24 9 4 210
70 453 3 4 95
428 250 1 5 142
427 93 7 4 159
235 500 1 5 201
476 259 9 4 471
140 144 6 4 210
373 167 4 3 82
413 463 10 3 99
100 419 9 4 322
67 49 9 2 19
148 127 4 3 70
227 117 3 3 19
147 283 9 4 375
464 193 1 5 206
281 305 10 3 85
168 300 8 4 260
456 265 1 6 1387
74 34 10 4 224
228 497 9 3 186
84 178 8 4 358
47 339 5 5 674
137 364 8 4 744
419 487 9 6 25195
497 260 1 4 104
432 171 8 4 215
104 329 2 3 24
16 90 10 4 412
14 244 9 3 191
56 483 7 3 150
175 2 9 4 869
151 442 3 4 303
372 443 1 5 141
460 285 5 3 66
372 171 2 5 832
267 357 9 3 103
336 274 2 4 129
235 63 3 5 636
279 71 5 1 8
251 475 7 1 11
440 88 5 3 44
169 453 9 4 291
172 264 5 4 152
51 471 5 3 42
503 172 9 2 19
175 199 10 4 240
230 291 4 4 254
16 205 5 3 69
339 82 9 4 376
449 137 6 3 37
119 372 2 5 354
499 126 1 4 38
485 290 10 4 287
181 127 5 4 246
505 298 7 4 224
290 489 10 4 286
34 249 2 4 127
179 277 7 4 517
440 73 10 3 106
343 395 10 3 168
87 478 7 3 81
316 6 3 4 246
307 144 10 2 38
308 435 10 2 48
233 510 10 2 32
126 354 4 4 111
272 162 6 3 100
135 122 10 3 69
365 389 8 4 839
235 479 4 4 437
125 110 7 1 10
289 302 7 2 20
13 387 9 4 829
345 228 5 6 6200
10 105 9 3 167
311 286 3 4 174
126 229 8 3 136
286 221 2 6 1624
171 11 1 4 44
172 342 9 4 599
245 407 2 5 611
63 188 2 5 547
253 232 6 3 64
435 104 1 5 387
87 138 6 4 135
30 432 8 3 117
476 53 6 3 131
107 103 5 3 60
409 12 1 5 237
344 183 8 5 4104
440 85 4 4 199
210 133 1 4 70
45 192 8 3 68
352 234 4 5 559
354 440 9 2 21
28 170 5 4 522
281 2 8 4 199
361 251 9 3 169
35 364 3 5 1059
433 81 9 4 395
281 159 6 5 1311
495 148 10 3 95
316 239 5 3 31
143 130 4 3 51
26 136 8 4 419
424 419 6 4 280
395 202 10 3 68
136 352 6 3 73
380 360 5 2 25
146 72 8 5 2550
424 450 1 6 2580
147 425 4 2 16
451 285 5 3 35
195 101 5 2 13
457 177 1 4 99
81 208 2 3 34
182 200 4 4 380
436 509 5 5 734
29 18 2 5 315
149 453 8 2 29
330 473 4 4 149
73 53 5 3 82
340 196 2 3 43
256 444 9 2 45
270 428 7 4 321
407 87 5 4 188
346 295 9 3 66
78 410 8 5 992
87 205 6 3 126
331 59 9 3 176
45 83 6 4 243
411 217 5 6 3496
262 497 7 6 21339
267 226 4 4 221
456 426 5 4 162
321 505 2 6 2034
479 424 8 4 222
488 420 7 5 2608
236 272 3 4 186
507 217 7 4 481
366 165 3 4 276
227 338 4 1 4
228 346 1 4 85
488 324 3 4 308
116 214 1 2 5
499 343 1 5 431
155 118 5 4 566
480 256 8 5 2400
176 478 1 5 358
375 389 6 3 80
139 438 8 5 2859
366 395 8 3 55
42 36 2 4 171
470 372 4 5 1239
127 490 6 4 282
407 209 7 2 26
455 68 7 3 91
222 99 4 4 95
351 55 6 6 8880
418 87 7 3 83
254 89 5 4 241
256 83 6 4 466
225 147 1 4 84
73 89 9 5 1827
376 270 5 1 8
415 507 6 2 23
414 382 7 3 84
319 321 5 5 2626
257 29 8 5 4486
312 374 7 3 76
43 150 10 4 390
82 423 4 6 9303
226 280 6 5 2305
125 299 10 5 1217
202 220 3 5 952
290 116 6 4 234
130 118 4 4 155
358 76 10 3 62
243 500 9 4 201
163 155 3 3 38
445 227 1 5 215
240 177 5 3 37
299 246 4 5 2220
347 136 2 4 126
211 323 1 4 50
318 227 4 4 93
174 222 5 4 165
35 492 7 4 176
441 58 4 4 220
196 346 3 4 123
511 236 6 3 120
485 390 5 4 165
104 59 1 4 84
479 450 9 2 42
138 5 9 3 75
37 172 1 4 64
138 363 1 5 234
242 4 1 4 69
482 154 3 4 107
149 188 7 4 179
99 460 3 4 73
425 450 9 3 147
357 26 8 3 61
161 115 9 4 724
381 37 7 4 259
132 19 7 3 80
187 142 8 4 818
491 238 6 3 99
159 315 3 4 85
210 320 9 3 148
412 304 8 3 124
455 221 5 4 522
206 67 6 3 94
49 231 5 4 426
148 56 3 4 105
418 274 4 4 128
101 374 9 3 57
262 368 4 2 19
508 424 2 4 93
337 46 1 4 57
509 305 4 3 25
204 60 4 4 333
96 195 10 2 49
339 139 7 4 172
437 348 9 3 77
121 269 3 4 286
246 328 10 3 101
484 17 10 4 473
69 250 6 4 169
402 7 3 5 643
129 389 1 5 255
119 123 4 2 20
197 210 5 4 122
363 165 6 4 149
87 5 9 3 61
221 486 2 4 76
247 221 2 5 300
413 265 8 3 74
111 499 2 5 291
448 258 10 6 7493
49 166 5 4 555
110 115 6 3 106
26 425 8 5 4964
72 204 8 3 76
315 355 9 5 3318
189 99 2 4 113
509 155 6 4 420
483 167 5 5 1280
82 471 9 3 193
145 45 2 5 263
297 442 1 3 15
55 250 4 4 229
288 110 1 4 111
445 503 9 2 21
503 235 8 2 21
332 103 4 4 114
489 487 2 5 327
127 123 5 4 297
358 357 10 3 131
330 332 7 4 595
501 372 4 6 3652
253 133 4 3 32
78 174 3 1 3
337 445 3 4 202
85 334 5 4 209
498 277 5 4 322
210 80 10 5 1686
42 223 9 4 231
168 27 2 4 67
160 87 6 5 2505
55 270 7 3 154
36 223 5 4 148
314 10 7 4 754
410 213 9 3 105
484 485 6 2 27
309 28 6 3 86
10 219 3 4 207
69 297 1 4 82
18 402 9 3 147
457 206 7 4 559
319 504 10 5 2144
401 246 6 3 62
422 501 9 4 248
26 11 4 5 2561
245 501 9 2 20
211 451 9 4 212
7 275 4 4 269
293 502 2 5 813
340 55 8 4 184
385 449 4 4 165
474 142 10 2 46
186 407 1 5 318
116 149 5 3 34
83 372 5 3 94
228 281 4 7 101770
265 65 8 3 84
230 241 9 4 514
435 123 10 5 3948
288 386 6 5 1122
497 427 8 3 69
452 23 4 3 55
256 360 9 3 52
227 132 5 3 53
352 378 9 4 230
294 84 2 7 13251
434 225 9 4 239
26 289 3 4 91
415 461 3 6 4719
231 103 5 7 25947
58 371 1 4 107
109 176 5 3 35
445 329 5 5 797
255 165 5 4 181
219 451 1 6 1377
162 205 2 4 195
491 62 6 4 552
7 308 2 4 191
18 332 8 6 6572
76 390 8 5 2866
197 166 10 3 93
235 507 8 4 211
116 328 5 4 221
197 207 10 3 85
109 115 2 4 136
412 293 1 6 2647
350 270 8 2 26
112 330 4 4 155
94 410 1 5 296
244 108 10 4 324
430 322 1 6 4837
38 287 2 6 2055
413 145 2 5 558
132 195 1 4 98
366 374 9 3 90
276 123 2 2 10
72 257 4 5 2415
83 370 8 4 482
94 1 4 4 193
125 184 5 6 5615
322 156 5 4 270
427 192 4 4 171
107 214 5 4 300
399 122 3 5 1268
121 386 7 4 427
219 414 10 3 60
430 401 1 4 48
363 468 5 2 21
209 498 9 4 525
481 116 3 4 108
123 216 2 5 261
377 330 4 5 1303
450 12 1 4 94
432 20 4 3 56
470 270 10 5 1929
337 139 2 5 253
301 389 8 3 98
135 200 5 5 1119
159 50 10 3 171
359 397 3 5 1652
33 149 4 5 2020
136 288 10 2 27
413 16 2 8 256697
463 182 1 5 224
198 105 4 4 157
49 140 7 4 240
33 261 7 5 1001
305 456 10 3 195
349 1 4 5 2426
504 327 3 6 2694
286 335 3 6 5208
283 48 6 3 101
60 394 7 5 1544
227 316 3 3 28
436 460 6 4 397
88 61 8 4 225
100 508 5 3 81
477 260 10 4 683
153 235 7 3 45
315 224 1 5 226
418 362 10 4 644
349 509 8 4 375
35 59 9 4 310
77 252 5 3 103
461 97 5 3 102
411 182 8 5 983
509 70 9 4 429
184 381 6 4 231
316 475 8 1 13
199 51 7 3 54
239 85 2 5 249
495 137 6 4 176
178 75 2 4 181
49 269 6 3 40
473 106 2 5 627
276 111 3 4 116
441 332 3 4 225
205 450 6 4 382
65 173 10 5 2101
154 383 1 6 2651
63 404 1 4 99
171 161 3 4 204
118 224 6 5 2278
435 190 3 2 10
108 470 9 4 217
463 209 4 4 282
147 93 8 3 140
120 408 1 5 393
370 455 9 5 1043
238 401 6 5 771
376 455 4 5 750
468 266 3 2 10
282 469 9 2 33
200 118 9 3 125
239 435 1 4 24
29 477 6 3 108
183 3 6 3 79
232 241 4 4 267
160 491 4 6 8621
384 176 6 3 69
303 407 4 2 12
244 2 1 5 383
90 477 10 3 198
269 160 7 6 7643
9 255 2 5 261
500 323 6 4 512
226 17 10 1 15
162 100 6 3 114
442 354 10 4 357
254 56 9 3 161
177 70 4 5 473
283 413 2 4 147
467 303 7 3 98
506 52 8 4 721
402 315 2 4 219
44 66 3 4 324
205 376 5 5 619
78 375 7 2 21
45 468 8 3 78
300 11 10 3 62
288 143 9 4 263
238 91 2 4 169
423 101 6 2 15
159 455 6 2 24
46 77 7 2 30
438 456 10 3 146
168 438 3 5 437
228 205 4 3 71
60 109 1 5 162
97 31 7 2 35
56 135 8 5 2940
215 138 9 3 176
305 446 4 1 7
195 390 7 3 57
181 508 8 4 455
511 454 9 3 77
388 279 5 4 127
13 343 10 3 148
132 121 2 4 53
420 165 5 4 198
279 398 4 4 264
334 466 4 3 27
76 96 5 4 326
397 429 4 5 603
271 172 1 5 325
297 357 7 4 276
398 305 1 6 2494
266 449 9 4 295
380 322 1 4 39
511 252 3 7 18919
412 136 2 4 53
273 453 2 5 228
440 111 4 3 54
88 261 3 5 614
40 321 9 4 462
221 370 9 3 189
200 348 4 5 585
141 425 4 3 29
461 442 9 3 56
496 325 2 3 25
504 467 10 4 235
148 320 1 6 1174
274 53 7 4 396
133 312 5 3 61
166 318 10 3 68
326 491 1 6 1022
131 60 9 2 32
336 448 7 3 137
392 136 1 4 84
64 75 3 6 2330
211 433 2 5 258
405 393 4 5 611
415 14 1 6 1695
475 69 7 3 125
125 335 4 4 138
481 214 3 5 535
125 1 2 7 58634
345 352 7 3 61
511 191 6 4 158
398 405 9 3 78
204 231 4 4 313
61 220 9 5 1954
359 498 5 4 331
413 159 8 4 192
4 62 8 3 89
458 351 5 4 149
218 325 8 3 101
184 488 3 7 22920
131 327 3 5 493
29 210 1 5 128
74 138 7 4 211
48 333 4 3 32
110 339 6 2 23
408 186 5 4 508
340 441 1 4 32
251 446 3 6 5262
31 254 6 2 21
336 79 10 4 314
111 375 4 4 254
199 351 7 4 199
258 429 1 4 56
503 484 6 3 32
152 452 6 3 39
247 166 8 4 301
460 442 3 4 128
81 489 5 3 95
91 476 3 2 9
202 449 5 3 62
137 230 6 3 97
147 127 8 4 614
229 424 10 3 69
462 27 10 3 208
387 140 1 5 479
322 160 4 3 38
177 218 7 5 2346
53 275 2 5 1029
268 37 6 3 32
330 88 7 3 72
107 462 3 6 2091
508 252 3 4 277
343 78 10 1 10
385 88 5 4 253
403 66 5 4 145
424 490 10 4 505
266 293 4 4 108
177 182 10 3 208
149 4 2 4 80
423 324 8 6 5642
504 180 7 1 7
457 115 6 3 129
493 85 9 2 33
257 240 3 2 9
470 36 2 3 26
179 507 5 3 38
473 504 7 4 224
125 304 5 3 76
363 434 3 4 121
175 87 1 4 28
183 464 2 5 541
186 482 1 4 51
146 458 9 5 1060
51 209 1 5 236
413 464 3 3 26
331 130 3 5 579
194 161 1 5 229
345 204 7 6 15230
342 194 2 5 248
10 115 1 5 131
160 432 9 3 175
215 229 4 4 239
484 191 5 2 16
41 250 1 4 36
339 86 4 3 24
244 91 1 5 129
61 236 10 4 509
190 394 1 4 25
125 6 10 3 217
508 205 8 3 46
248 408 3 4 79
411 280 7 5 2291
262 392 2 5 1368
400 392 5 4 554
386 265 2 4 55
174 34 6 1 10
96 121 6 3 114
263 96 10 4 454
410 447 8 3 133
306 460 6 3 64
191 279 3 4 152
35 83 8 4 726
192 242 1 5 296
369 247 5 3 91
350 153 5 4 250
479 274 4 4 301
26 418 10 3 182
301 269 10 3 65
390 181 8 2 31
316 65 4 4 182
85 146 4 5 1735
356 361 8 1 12
241 163 8 4 204
284 239 10 1 10
364 384 6 2 22
70 284 1 4 23
248 479 8 4 666
483 142 1 4 40
38 189 8 3 145
407 298 10 3 195
285 240 8 4 321
22 131 10 2 23
427 98 3 4 105
293 274 4 4 135
119 489 9 2 24
332 489 1 6 1623
283 245 5 4 248
358 491 8 4 283
283 272 2 4 74
162 72 4 4 134
207 259 3 4 68
246 89 7 2 36
359 59 2 7 64830
71 492 4 7 68638
39 234 1 4 46
297 212 5 4 274
256 326 1 4 48
400 423 7 4 505
418 165 5 4 329
461 334 1 6 2133
451 500 2 4 80
63 480 6 3 83
276 339 8 4 480
141 172 8 1 11
299 64 8 1 8
93 402 3 3 56
90 165 7 4 315
433 169 4 3 60
445 468 1 4 64
367 36 8 4 520
375 508 6 2 20
225 288 5 4 523
82 296 2 4 169
156 481 10 6 7552
366 8 8 3 83
100 420 2 5 291
264 109 5 3 73
92 14 2 6 1455
134 35 2 4 176
414 441 2 4 61
187 57 3 5 386
42 133 9 4 233
473 266 9 5 1146
458 119 6 4 260
192 360 5 2 21
94 81 5 4 182
216 13 5 3 49
76 173 3 5 1298
120 454 7 3 57
343 60 5 5 1704
192 460 2 4 78
184 465 4 3 83
69 61 6 3 58
487 247 1 4 110
266 308 2 3 31
423 257 4 5 1077
421 192 9 4 325
143 98 5 3 107
89 380 2 5 479
228 398 6 4 650
312 208 10 4 1022
51 506 2 5 454
373 53 6 3 124
494 121 8 3 155
329 228 6 4 146
86 229 4 4 163
476 119 10 2 31
76 148 8 4 191
58 21 1 4 97
443 33 1 4 50
233 353 10 3 202
141 25 2 7 32654
195 58 2 4 176
287 178 4 6 2994
181 421 4 4 99
419 33 3 3 22
386 116 9 4 279
163 39 10 7 60020
185 33 4 1 6
185 471 9 4 353
186 5 1 5 130
452 308 1 5 291
382 35 9 4 231
172 211 3 3 30
260 59 3 3 24
333 111 2 4 153
57 59 6 5 1596
202 115 10 4 235
141 195 7 4 165
510 426 4 4 370
444 365 8 5 1884
39 406 10 4 855
115 421 10 4 278
317 45 4 4 261
161 54 6 2 26
459 283 7 3 143
299 249 7 5 1423
3 507 4 4 122
229 428 4 5 1253
29 73 6 5 1454
330 30 7 4 405
398 118 1 5 186
223 402 2 5 253
158 29 4 2 15
235 346 8 3 162
361 212 6 3 68
112 326 4 3 74
345 235 3 3 36
358 223 5 3 63
86 283 10 3 86
467 161 1 3 13
473 223 3 4 80
29 209 2 3 17
376 243 3 4 124
72 50 8 3 66
349 439 5 4 113
308 170 2 6 4175
140 271 5 5 799
279 3 6 3 80
207 34 10 3 82
32 332 3 3 59
149 170 1 5 506
183 54 8 3 173
325 171 9 5 2065
91 163 5 1 7
40 473 5 4 164
363 384 10 2 49
268 451 2 5 364
399 15 6 3 37
356 368 6 4 283
486 70 5 4 261
105 340 3 4 131
435 24 8 3 154
508 242 1 5 186
417 254 4 3 46
386 441 10 3 131
89 423 10 3 123
390 24 7 4 364
504 122 4 2 12
186 208 8 2 22
70 485 10 4 375
165 337 1 4 50
18 30 1 6 2864
169 36 6 4 203
212 392 10 4 222
248 453 10 5 5566
169 310 5 3 62
495 378 1 5 215
241 469 3 4 118
179 231 6 5 1079
119 322 10 3 214
411 311 10 4 394
227 258 3 4 98
160 45 5 4 152
463 202 4 4 136
208 153 5 4 430
140 420 10 2 53
198 185 3 7 90373
154 510 8 3 97
314 121 7 5 1146
251 401 5 5 1974
100 409 6 5 702
112 412 1 5 232
28 505 4 2 18
296 137 1 4 74
495 323 2 4 70
43 180 7 3 43
159 171 2 3 28
109 281 6 2 27
232 145 8 4 198
381 27 7 4 156
140 401 6 3 58
103 320 4 5 699
86 459 3 4 139
489 382 1 2 4
185 52 9 3 49
127 172 4 4 172
456 357 8 1 9
355 326 1 5 114
9 219 7 4 170
160 508 1 5 169
303 177 10 2 49
463 456 3 6 8032
163 224 10 3 120
233 28 9 3 76
142 354 6 3 83
269 336 2 4 46
258 44 5 4 161
341 396 9 3 109
436 81 8 4 222
232 130 1 5 157
60 340 7 3 134
145 318 2 4 213
487 498 2 5 299
165 470 4 4 311
123 193 9 1 13
128 495 2 5 227
465 349 4 5 1001
146 365 7 5 1045
425 335 4 5 607
425 197 3 4 188
9 241 6 2 25
128 424 7 4 183
140 125 10 3 128
143 503 2 5 434
109 200 7 2 19
100 10 10 3 141
358 496 3 5 1028
42 454 8 4 326
463 107 10 4 311
239 177 9 5 2393
511 267 3 4 142
498 163 1 3 8
281 392 9 4 394
436 508 6 3 104
270 121 7 4 450
289 495 7 2 32
327 260 10 2 41
288 510 2 5 1343
13 86 3 3 46
484 104 3 4 340
76 320 9 3 57
34 270 8 4 191
417 262 5 4 154
339 117 3 3 47
310 380 4 4 262
112 259 10 3 194
26 406 9 4 861
255 223 8 3 69
45 291 2 3 37
225 344 9 3 111
440 106 3 5 1314
143 484 7 4 433
354 419 5 4 275
419 206 5 4 146
119 339 10 2 47
226 436 7 4 158
439 497 10 4 1077
194 26 9 1 6
100 262 3 5 2064
77 56 8 5 1384
391 338 6 4 145
197 35 8 5 1331
505 417 3 4 301
508 260 6 4 175
134 480 10 2 47
209 492 8 5 2512
463 286 8 3 100
121 55 2 4 67
94 58 5 2 16
174 474 4 5 714
131 54 1 5 123
164 145 2 5 303
288 487 9 4 328
310 363 4 3 31
79 402 4 3 61
178 332 8 2 24
3 218 8 3 45
70 382 8 3 68
331 321 6 4 342
357 509 1 5 126
187 274 7 4 299
179 105 2 3 16
292 415 6 5 931
153 385 9 4 582
98 383 10 5 1443
250 191 6 3 43
80 417 4 4 102
165 178 1 5 276
296 247 3 5 580
66 366 3 3 31
185 205 6 6 4959
39 301 6 2 22
495 509 3 4 123
324 396 1 8 171251
484 215 8 4 194
461 40 3 5 355
468 365 9 3 105
421 91 10 3 59
478 225 7 4 172
259 305 3 3 23
64 82 9 2 16
357 475 8 4 463
89 270 7 4 547
296 90 1 6 3829
428 311 7 4 394
473 126 5 6 4147
348 165 4 3 32
245 192 8 5 3155
53 264 6 4 623
252 453 4 4 301
13 167 1 3 13
245 367 4 5 746
65 488 5 6 11122
178 501 5 2 16
55 321 8 4 276
217 504 10 4 528
280 176 10 1 12
472 426 10 3 79
260 434 10 2 39
54 13 6 4 190
118 10 10 2 33
164 315 6 3 43
203 425 8 3 57
460 428 8 5 998
106 164 7 5 1737
342 261 7 3 138
343 26 9 4 208
188 194 4 4 112
501 128 6 3 101
265 301 4 4 304
106 340 6 4 153
449 100 1 6 1348
25 280 7 3 44
