1234 1.4729682478457002e-05 
9782 3.0813311501831465e-06 
6173 3.0799530688998833e-06 
9736 7.979577843581645e-07 
5863 3.0318260708886056e-07 
220 8.72954504977405e-08 
5855 1.2525709833682873e-06 
7776 2.433539440771629e-07 
3892 1.7386499920698733e-06 
305 1.2180130038529188e-07 
51 3.1636821562078856e-06 
1784 1.8451795133936622e-06 
726 2.8008122066394692e-08 
795 1.1665655904600709e-05 
8684 2.122047604900461e-06 
4655 5.746344907641058e-07 
9555 2.4811554682693775e-06 
8654 2.535780255933008e-06 
9006 6.959044945408898e-08 
7365 1.5125683815784618e-06 
5692 2.635197835268964e-08 
8675 2.64359699013362e-06 
3203 8.552125698065016e-08 
7704 3.1588152843829217e-06 
2125 1.5691617994616916e-06 
666 2.1088877821460007e-06 
984 6.480048743605796e-06 
3962 4.407057280760918e-07 
5521 4.050880514345635e-06 
7591 5.707929998446937e-09 
9053 3.040009373664115e-07 
9160 5.212245490394082e-06 
8163 3.582783494608447e-06 
9020 1.345458592430423e-06 
8387 7.5486493756189965e-06 
7498 1.1953077104646343e-05 
3711 5.029927604705331e-06 
7083 2.5374517064436113e-06 
5981 1.2570396698325705e-05 
7912 8.985528439902564e-07 
9015 6.658721143915081e-10 
312 4.109505482427552e-06 
3262 2.9401439761447413e-06 
1329 6.80263758188271e-07 
876 6.402401797781212e-06 
8134 8.785979636914247e-06 
227 1.4615184639313352e-05 
6412 9.573281717735746e-06 
9741 5.549565140099357e-06 
9166 8.466525289650724e-06 
8755 6.355043377833581e-07 
3218 6.4045788291555074e-06 
8258 1.6290660495957015e-06 
4737 4.442840099173706e-06 
326 3.709879763504412e-08 
8538 1.879297582285406e-07 
7196 6.80216398086977e-07 
1780 4.700819955769895e-06 
1459 1.3054628515135201e-07 
9124 4.891692663085178e-07 
8405 5.9023371342840275e-06 
7494 4.853885166042228e-06 
3476 4.34951485899691e-06 
3624 1.0342048825100572e-05 
8640 8.934440036863074e-06 
1730 2.9217659074424026e-06 
3303 3.7793253287951843e-06 
2093 3.1752286116953016e-06 
6457 5.239642160493002e-06 
2263 5.518816046477834e-06 
4961 1.3014687080578495e-06 
2462 5.942456988302131e-07 
179 5.14705858178636e-06 
4370 4.0752299077947445e-06 
1208 7.868046663478582e-07 
9024 7.602145351109187e-06 
775 7.737024692488204e-07 
9467 1.045557083793891e-08 
6034 6.05847009857182e-07 
9653 5.187408771844171e-06 
1611 4.7167087656020325e-06 
2432 1.314098445600909e-06 
2102 5.7275042194480355e-06 
121 3.240114392327048e-08 
6868 8.675209930424262e-07 
7020 1.9936489005805053e-06 
3158 2.2393420806064257e-07 
1 1.5388060520044341e-06 
4294 4.626452985309606e-06 
960 8.295150978776645e-06 
1777 8.016482252527587e-06 
4994 4.667634722675681e-06 
6316 4.8302662248084875e-06 
1931 8.327449437113295e-07 
9393 1.7030722147186143e-07 
394 1.491287397614411e-05 
6665 4.7481127035634983e-07 
871 7.317370128377686e-06 
8473 6.984759074068338e-06 
4512 1.6698199882276415e-08 
4264 7.6612459816587e-07 
9660 1.383514585936779e-07 
4646 7.54634082455216e-08 
5037 3.554107851945925e-06 
2304 3.323142171255073e-06 
1629 1.08120930099161e-05 
3709 4.55012214614034e-06 
6206 5.966678539249258e-06 
5930 6.334767988614527e-08 
8325 2.004035495303572e-06 
5847 1.1181818454549963e-06 
454 2.2631367472364865e-06 
9039 1.4917112276682648e-06 
6558 1.9193646732168284e-07 
8566 4.2829848451673046e-06 
8432 5.083167971948557e-06 
5084 1.1243657117964831e-05 
6465 1.7076729362049208e-06 
3663 1.4838206778769194e-05 
7326 2.6797092426131775e-06 
6147 3.523572881218835e-05 
4084 2.0277303171468584e-07 
7685 7.056519539511532e-08 
1060 6.97026379318564e-06 
2420 3.511186038353504e-06 
7193 5.179343153277838e-06 
2388 2.8101015153897174e-07 
1481 1.4123115965336089e-06 
5973 3.0183426743558216e-06 
6428 5.001126714035235e-08 
6928 2.7058301058961666e-07 
6090 1.0538492270170414e-07 
5 3.657891428482402e-06 
5563 2.797607794018081e-06 
1200 8.432998545147603e-06 
6788 3.874660012815977e-07 
8340 8.252067953915744e-06 
6684 5.516421502858014e-07 
2780 6.113040143608247e-06 
7322 7.074511489008394e-06 
691 5.537809133304532e-07 
2700 8.31625699785894e-08 
81 3.4441658966310014e-06 
9018 3.6511955549294777e-07 
1516 1.829339376801634e-05 
7541 6.751020693725072e-06 
5838 5.016949315804686e-06 
2562 1.8383467475053222e-06 
7218 6.74472751850959e-07 
8806 1.8497333001261354e-07 
4068 5.509777391716217e-08 
4764 5.579491403942344e-06 
1511 5.104804770422498e-06 
8770 3.4948965391799704e-06 
5571 4.097935389976167e-07 
7265 2.44783707263534e-07 
2344 8.533838429208722e-06 
8789 3.066787275195025e-06 
6324 1.2770158893918139e-06 
6258 7.404448477233783e-08 
7920 2.782864840945876e-06 
2379 5.817984578833612e-07 
3371 1.6613043843435662e-06 
3337 2.2950002846528276e-06 
1485 4.677322783045507e-06 
9379 6.7805427246706715e-06 
2367 7.70132480531734e-08 
6921 2.2789658618155244e-06 
4557 1.525255270276647e-07 
2257 5.299933516179644e-06 
8386 9.68864620141845e-06 
615 8.422476047143228e-07 
2769 6.2608252405442165e-06 
8908 6.206734518948414e-06 
8077 4.9211062814135744e-06 
8693 1.4842193254890526e-05 
8732 1.6206294160216097e-06 
6728 6.867745463949688e-06 
4690 1.1815245539755779e-06 
7847 1.1268822292541312e-05 
9145 7.681670773148223e-06 
5790 8.35589312771018e-07 
7050 1.6122096934239314e-07 
1191 5.283984464272557e-06 
7064 1.4415506619555603e-06 
2926 1.467554190627534e-05 
475 5.581737174680266e-07 
5364 8.896441309339899e-06 
2044 3.990062638801353e-07 
4648 5.141508859290585e-07 
8725 5.196785518406244e-09 
1021 1.12164792825634e-05 
1373 3.862461788132657e-06 
5400 5.206069641044209e-06 
5624 2.7705739739610704e-06 
1559 1.0693105087241186e-05 
7315 2.918827824564042e-06 
8400 2.433767899910087e-06 
9062 1.6778134963521828e-06 
4110 7.558106716529341e-06 
2985 3.1660818731707464e-06 
6704 1.2450024534853645e-07 
9550 2.838167480548326e-09 
7448 1.1985609309778354e-06 
5932 5.3614889474157094e-08 
3595 1.9156753120810064e-06 
3656 2.5254893690650535e-06 
2551 8.138561050439731e-07 
4621 1.101108585245601e-07 
6747 9.117289393978244e-07 
9835 7.211744072706033e-08 
4598 2.177410487840926e-06 
5773 3.5095683367341435e-06 
263 4.15073773016056e-06 
2541 2.5868477092412143e-06 
9993 4.2623220614070105e-07 
211 4.476060712113329e-06 
2655 4.0102947285490043e-07 
3748 6.746675905222995e-06 
811 4.306271587548836e-06 
1215 6.486149295290749e-08 
4381 9.416648918955828e-07 
2775 3.452365490229207e-07 
2039 5.424663829728657e-06 
4258 4.165084820613971e-06 
8104 1.2599480357864128e-07 
4730 2.019583502432179e-06 
9871 6.365604945941767e-07 
2540 9.179536003229736e-06 
956 2.803439282725692e-06 
6020 2.4896142079543497e-07 
2343 1.0318134715324554e-07 
6492 2.341738750685034e-06 
5314 1.1673131926027779e-05 
6614 6.973801498701468e-06 
4756 1.4103257462146448e-07 
2105 1.1036631804902186e-06 
8224 3.8161970791169067e-07 
6616 6.739110583985685e-07 
8854 6.1403486852099615e-06 
7817 4.2822022641113256e-06 
4425 4.280879714167335e-06 
6257 6.154272138152472e-06 
8082 5.40164330102089e-08 
275 1.6160708648740472e-07 
4065 2.13302130458501e-06 
2141 1.5468040721103293e-05 
4322 3.4379009093881295e-06 
3870 3.659023633553355e-06 
3314 3.866906703930749e-06 
1044 7.371196250774704e-06 
9840 1.2052159677633731e-06 
5763 1.1205961706061167e-07 
9927 5.818663561619491e-06 
3956 5.366208240743335e-06 
6359 2.3433083789395524e-06 
4676 6.424480580854803e-06 
3479 9.371619625826324e-07 
5176 1.0351878081744946e-05 
5440 7.018147213876007e-06 
7384 6.430773856570734e-07 
7905 1.5324394419592192e-07 
1622 5.5705987692278135e-06 
4402 3.6009754335590994e-07 
9728 2.435382423683752e-06 
4678 7.00858706010124e-09 
6583 3.580181355206585e-07 
8517 5.670615996482746e-06 
9761 1.4401563426427197e-06 
9719 3.860532241724094e-06 
3174 6.392840570673092e-06 
6357 6.550525376528564e-06 
593 6.443458487218327e-06 
1386 8.960923372385442e-06 
9428 2.8187948518716283e-06 
4529 1.5259414061106688e-08 
8034 3.538983047661861e-07 
6386 1.6404871579480091e-06 
419 7.655133932546565e-07 
9849 2.9406759639778485e-06 
5762 4.270174983595384e-06 
9715 2.795332260187887e-06 
3715 6.031011573677005e-08 
4740 3.143090360005001e-06 
8702 3.2753150863856046e-06 
4372 5.249553211399138e-09 
8109 7.50017079047751e-06 
9447 2.3972170293711295e-07 
1760 1.521806395291453e-06 
9233 6.285158902520601e-06 
6790 2.4721887682148462e-06 
872 5.4120497051995815e-06 
500 4.028078452591669e-06 
2800 1.430602612186786e-07 
7852 2.4326245491720563e-08 
6552 2.205330838698825e-06 
177 8.673588035863419e-06 
1075 1.5439879305430693e-06 
9176 4.763382476568155e-06 
538 4.986639390371793e-06 
8433 7.849741502207602e-09 
6417 1.070065134570143e-07 
1385 3.381559464972366e-06 
1499 2.851104494804983e-06 
2819 3.7978903405741526e-07 
2537 6.367212786821085e-06 
6795 2.6813355793803496e-06 
2443 1.6447268863052648e-06 
3194 1.7775684880955281e-06 
512 4.060980536309596e-06 
8119 4.452207637142483e-07 
7582 5.5539882661542024e-06 
2611 2.366456964908361e-06 
4324 1.3418784483315945e-05 
9430 4.305415146839048e-06 
58 3.5759004186550203e-09 
2820 4.861671738637212e-06 
9828 4.028030774264033e-06 
6243 4.084246822378086e-06 
8319 6.722174511230871e-06 
5358 2.340216568045789e-06 
3780 7.580210062609261e-06 
3219 8.890997374294303e-07 
841 1.2169639567005098e-05 
8595 1.4572527931368803e-06 
8504 2.8701541855651143e-06 
3402 9.871721818557302e-06 
2253 4.8242954108781595e-06 
8065 7.563482074813981e-06 
9610 5.217102534794502e-06 
5702 6.564706582826672e-08 
1448 5.59195464062357e-06 
1267 4.3786634002246555e-06 
7363 2.8155425586687613e-08 
6971 1.8351738259265211e-06 
1375 2.218383459395711e-06 
9451 4.871242873941961e-07 
3064 3.960044864779761e-08 
3002 2.724188684832016e-06 
9730 9.186206055435626e-06 
2486 9.751054073556954e-07 
9810 9.289323315707539e-08 
2679 9.27134904743062e-06 
7461 2.3542161667560021e-07 
6100 4.193708818274154e-06 
684 1.6579345155930372e-06 
6914 5.263437776608982e-06 
2081 4.495521970687483e-06 
7177 4.986311450557164e-06 
1870 4.7042778523641375e-07 
5679 3.6041126307120813e-06 
4156 5.614645371392345e-07 
4369 1.0823898639438188e-05 
3095 9.512729756314748e-06 
3620 4.566446864884725e-06 
2756 3.1235550353003576e-07 
6609 5.996725208829139e-06 
372 3.4808004362543446e-06 
7226 2.3876093927020607e-07 
2626 7.116732993884545e-06 
8018 6.273592790163811e-07 
9520 2.1402348973241495e-06 
3484 1.38805766892097e-07 
5013 2.0863387596814866e-07 
4385 6.016075918349704e-06 
7775 5.505994084001668e-06 
3917 4.757074528993499e-06 
348 1.0572201055911428e-07 
4135 8.357832846374597e-07 
5502 6.6566898902555775e-06 
1661 2.4048591466563932e-06 
2103 2.1204902521704333e-06 
7555 4.837054003560895e-08 
285 1.1319228802425768e-06 
1406 8.492098530845112e-06 
7399 6.022746070323635e-08 
825 2.442007411404184e-06 
3990 1.3464713523675106e-06 
7373 2.2500453968543263e-08 
7276 4.227367992603651e-06 
689 6.520838314243258e-07 
7318 6.171432948010036e-10 
6594 8.153827670566562e-06 
3744 7.847139311323482e-06 
4422 5.3913888041237195e-06 
2944 9.575848547241033e-07 
5939 5.013741961532037e-09 
6657 1.2852892546779207e-06 
8225 1.974496028195628e-06 
6563 2.687758380770043e-06 
5904 2.0162200968160564e-06 
620 7.293339928411755e-06 
543 9.414993752417773e-07 
3340 5.78113923884603e-06 
3759 8.855192355302113e-06 
8819 1.019419256610241e-05 
7774 1.4331317243868046e-06 
2657 1.0275488087003234e-06 
7329 1.4276386390107325e-07 
3001 3.9944564768422224e-07 
4360 5.589278362528176e-06 
3608 4.534555149159455e-06 
8289 5.824361085150526e-07 
7880 5.047324020502655e-06 
4216 7.381464471741486e-06 
2519 2.2762484541550766e-06 
8531 5.591888275422721e-08 
1998 1.1413174095203432e-05 
3630 5.01397169820424e-06 
3496 1.9152395980129754e-06 
9146 2.174813839204249e-07 
8796 1.515450647685949e-05 
7280 8.461086182886864e-06 
1733 5.83334649595064e-06 
578 1.3254878385263758e-05 
1353 7.498801837588123e-06 
3768 5.971027010265919e-07 
8613 7.381179273216812e-08 
6073 3.570231340809914e-06 
8560 1.3833242060004246e-05 
5645 3.490758479145556e-06 
800 7.457741424130629e-06 
3776 6.636177427774806e-07 
2776 1.3222703134916952e-07 
9040 1.881368125367474e-06 
3459 2.425683812405671e-07 
7936 4.891544690525532e-06 
85 7.487322800935102e-08 
5279 3.8727146436647e-07 
5014 4.423184430912349e-06 
7392 1.0719153676470783e-06 
6825 1.101006099770498e-06 
964 3.0399939097472376e-06 
1443 5.437268503504016e-06 
535 1.9437500131913284e-07 
8551 6.400107090267582e-08 
8722 6.785474380220122e-06 
1295 4.914608386699639e-06 
499 1.6965465485759067e-07 
4474 3.234357197166312e-07 
3311 6.879595976740687e-06 
310 4.254279580016665e-06 
9227 1.132249888170908e-07 
7364 1.9620536763807425e-06 
7742 2.0551306456910965e-05 
818 3.735451781437365e-07 
6109 1.5192694052479916e-06 
7179 8.713665971300787e-06 
3603 2.023790679335076e-06 
9134 2.7600133135707123e-07 
7830 2.7852072704341378e-06 
1835 9.236906651914914e-06 
309 4.041481972212255e-06 
5760 1.5593677579511973e-07 
8525 1.6064730350021442e-08 
694 5.223526671710509e-06 
1899 5.6529667445950936e-06 
3327 4.769904924649437e-07 
9383 5.609148251815182e-07 
1313 7.841756853459687e-07 
3615 1.8440454740354848e-07 
3755 9.454729079749584e-08 
2223 8.133272805244118e-10 
5526 5.167439898243928e-06 
1357 5.68856740280445e-06 
8522 7.442049092331664e-06 
4362 2.7689484000166375e-06 
6079 8.798461062849459e-07 
6267 8.730629226239932e-07 
1940 3.400082111115735e-06 
9255 1.941670468855562e-06 
1710 3.6427619766434496e-06 
5167 6.047747977166388e-06 
7358 1.2204261718907106e-07 
524 5.878922520680059e-06 
2178 1.8381935361588787e-07 
7796 5.410280770984672e-07 
3375 3.9227653602429744e-06 
9682 2.071729209605633e-06 
5836 8.138486081577098e-08 
8890 2.1066626886563165e-06 
4355 5.927734163868488e-06 
9489 5.466890486543633e-06 
5410 2.156434137444521e-06 
2348 1.3118264239572896e-05 
42 2.9090881098388402e-06 
3846 2.2830115816031133e-07 
209 2.696829735706772e-06 
9002 3.298589046535299e-06 
9209 3.547109746998091e-06 
6164 6.378660825104515e-08 
8308 7.792355237756084e-06 
3443 5.620498219862563e-06 
3170 7.39334626269462e-06 
3176 5.825694562979109e-06 
1422 7.608586985293277e-06 
5117 4.431229880669603e-06 
8987 1.4346967284920321e-06 
1141 9.064841042696797e-07 
4934 6.441992231579995e-07 
9542 4.461413697560729e-07 
6208 1.2427508684346701e-05 
4627 6.9171904624727045e-06 
5199 2.565482879124134e-06 
7693 6.513199211733974e-06 
1180 4.420108274018289e-06 
5556 7.424730556825975e-06 
4175 4.063528939787987e-06 
2075 1.066789017255318e-05 
4040 1.0357039340760578e-06 
1849 5.915940655771717e-06 
7222 2.4000711096831467e-06 
4098 7.100744121607983e-08 
9287 4.378387242875149e-06 
9471 8.502221039264611e-07 
8349 1.0997843564916311e-05 
5774 1.9116053283135728e-07 
5224 3.510070262767337e-07 
6151 4.544541232676287e-08 
9584 1.6282379759653365e-06 
8147 1.0226881035894088e-06 
5599 1.3557050394524517e-06 
9399 9.378940562269341e-06 
7164 3.892642312380652e-06 
3543 1.530637754411402e-06 
8573 4.287195521338298e-06 
8348 6.623966696734957e-07 
3198 2.5394018438425917e-06 
7335 2.3853329068901363e-09 
2792 6.919886522503823e-07 
2043 4.2418968106250045e-06 
5801 5.535441272861561e-07 
2896 8.172649068137811e-06 
5698 3.1769939917649548e-06 
6850 1.6965817657005333e-08 
1014 1.1249434649421557e-07 
5608 6.332098640222095e-07 
4257 2.33909767174731e-07 
5857 3.385877405305158e-07 
3163 1.5397209526289766e-07 
2267 2.397645042700195e-06 
321 3.7213356710339785e-07 
9511 1.133798592406536e-06 
1794 4.5936440796063255e-06 
2897 2.517350241754815e-06 
1638 4.741741411580068e-06 
5242 3.1957717404865386e-06 
6705 7.151625851891356e-06 
4461 4.906606284989811e-06 
8778 2.912946021315377e-06 
9652 4.061414719551927e-07 
9522 3.576284280946364e-06 
5841 5.518899025282511e-06 
3950 8.135799974747716e-07 
4513 5.375024257360034e-06 
8676 2.938904314635807e-07 
5448 7.132640528545085e-06 
8876 2.8552699256197787e-06 
3963 4.0592788823160065e-06 
8145 4.3863447808096365e-06 
6877 4.90858066017603e-07 
4578 2.9730318196672753e-06 
2488 4.112765914979896e-06 
4319 1.627279984622702e-07 
5712 7.988623139786397e-06 
1127 9.683755247350311e-07 
7414 4.5380323695501085e-06 
6752 1.2759186369804942e-06 
2689 6.4974358536764254e-06 
3081 5.37337095107807e-06 
2904 9.820186919326165e-08 
6804 4.7665219774097e-06 
3269 4.183817941262769e-06 
5478 5.386217143859433e-06 
2510 5.814533064798773e-07 
1856 2.54109838731685e-07 
4940 2.365979520296957e-06 
935 3.837293459368253e-06 
4876 1.0067903247201748e-09 
6285 6.271773949094159e-06 
7676 2.162331153663377e-06 
5545 1.505450661853057e-08 
9857 9.357628411947196e-06 
3851 3.31084234900089e-06 
3117 1.3357361228812786e-08 
4069 7.328890587243232e-06 
3031 6.540007913727835e-07 
8336 5.474450959255437e-06 
7343 1.0303122936190283e-05 
7862 1.8218201629092604e-06 
3347 3.658336910436685e-06 
2434 1.2277928453430624e-06 
2752 6.005506669495767e-06 
4500 5.032463955427938e-06 
8055 3.4465033569911224e-06 
732 3.6015856118750993e-06 
1283 7.4582280663444705e-06 
9848 5.94759780801142e-06 
8469 3.640745776256355e-07 
4788 4.502093096018196e-06 
9293 5.461383093953236e-06 
7982 5.6707210558340196e-06 
5850 2.9230320608419902e-08 
3055 6.406444758689329e-08 
4977 1.964310961954037e-06 
3632 1.5018593977919075e-05 
4028 1.5828194036121953e-06 
4775 2.1488911619692754e-06 
4417 4.080926843924024e-06 
3692 4.270729932761305e-06 
6356 4.71474780156179e-06 
6841 6.39229410731066e-06 
3428 1.2843091946904923e-05 
9495 1.2705101109929153e-06 
5688 2.3208167240153423e-06 
5132 1.626731502804789e-06 
4661 1.1776127589676363e-06 
1000 7.441780267370145e-06 
5724 6.254716826631783e-07 
5748 2.526209176436542e-06 
9144 3.2177631565248416e-06 
7738 6.127510809037311e-06 
5660 4.688124383716129e-07 
8099 6.061743168457215e-07 
1173 1.2547516001023174e-07 
9530 1.4933154985974078e-05 
6986 2.1009847640408982e-06 
1351 2.2555464756200044e-06 
2360 6.581040266554181e-06 
6003 3.7595906544202196e-09 
6433 2.3439572421655395e-06 
1982 2.1441468104601664e-06 
4053 6.1186262618989286e-06 
2612 1.8168872879101315e-06 
2784 1.5744882493679994e-06 
9939 3.5620626010823675e-06 
2606 6.33783297580002e-08 
891 1.8737543250128113e-06 
9327 2.739604877532314e-07 
6452 1.0453982807001251e-06 
