1 2 2 1 1
1 47 8 1 0
2 31 6 1 0
2 35 6 1 1
2 406 1 1 0
3 4 5 1 1
3 5 5 1 1
3 26 1 1 1
5 57 4 1 0
15 16 1 1 1
15 36 2 1 1
16 25 10 1 1
17 18 6 1 1
17 36 4 1 1
18 33 5 1 1
19 20 1 1 1
19 21 9 1 0
20 142 9 1 0
20 148 7 1 0
21 22 4 1 0
22 23 3 1 1
23 24 8 1 0
24 25 8 1 1
24 28 5 1 1
26 27 9 1 1
27 29 7 1 0
27 30 6 1 0
28 29 2 1 0
31 33 1 1 1
32 33 2 1 1
32 34 1 1 1
32 69 10 1 1
34 35 5 1 1
34 73 10 1 0
36 37 7 1 1
36 75 3 1 0
37 52 8 1 0
37 43 2 1 1
46 47 9 1 0
47 448 2 1 0
52 67 6 1 1
53 54 4 1 0
53 59 6 1 1
53 418 7 1 1
54 163 8 1 0
55 56 1 1 0
55 59 5 1 0
56 57 8 1 1
56 66 7 1 1
58 59 8 1 1
58 60 2 1 1
58 199 2 1 1
58 458 1 1 1
60 63 9 1 1
63 225 2 1 1
64 65 7 1 0
64 66 10 1 0
65 67 8 1 1
69 70 2 1 1
70 71 3 1 1
71 101 9 1 0
72 73 6 1 1
72 101 1 1 1
73 76 4 1 1
73 77 5 1 1
96 97 1 1 1
96 111 5 1 0
97 101 2 1 0
98 99 5 1 0
98 100 3 1 1
99 138 6 1 0
100 116 8 1 1
105 106 2 1 0
105 111 4 1 1
106 107 4 1 1
107 108 3 1 0
111 114 4 1 1
113 114 7 1 1
113 116 5 1 1
115 116 3 1 1
115 409 8 1 0
118 119 7 1 1
119 138 2 1 1
120 121 4 1 0
120 122 1 1 1
120 304 3 1 0
121 296 6 1 0
122 123 3 1 0
122 124 2 1 1
124 125 6 1 1
134 135 6 1 0
134 332 1 1 1
135 136 1 1 1
135 137 6 1 1
137 139 8 1 0
139 140 8 1 0
139 141 3 1 1
139 399 9 1 0
141 400 2 1 0
154 155 3 1 0
154 156 5 1 0
154 172 8 1 1
155 168 2 1 0
156 157 8 1 1
156 171 4 1 1
157 158 5 1 1
158 159 5 1 0
158 177 5 1 1
159 160 5 1 1
159 161 5 1 0
159 196 7 1 1
161 162 10 1 1
161 197 1 1 1
163 164 2 1 1
164 165 10 1 1
165 166 6 1 1
165 104 4 1 1
166 167 1 1 1
167 168 8 1 1
169 170 4 1 1
169 171 5 1 0
169 174 5 1 1
170 172 3 1 1
170 173 7 1 1
170 419 8 1 1
171 178 5 1 1
173 174 7 1 0
174 179 9 1 1
175 176 3 1 1
176 214 6 1 1
177 178 8 1 0
177 191 3 1 0
178 421 9 1 1
179 192 5 1 0
180 181 7 1 0
180 208 4 1 1
181 192 3 1 0
182 183 4 1 0
182 184 9 1 1
184 185 8 1 0
184 208 3 1 0
185 186 9 1 1
185 207 8 1 1
186 187 9 1 0
186 230 3 1 1
187 188 1 1 0
187 193 6 1 1
188 189 1 1 1
188 191 6 1 1
189 190 6 1 1
189 191 5 1 1
193 194 7 1 0
193 217 9 1 1
194 195 8 1 1
194 217 6 1 1
195 196 10 1 1
195 216 10 1 1
196 197 10 1 1
196 476 9 1 1
197 216 9 1 1
198 199 3 1 1
198 221 7 1 1
199 200 5 1 0
200 10 3 1 1
201 202 7 1 1
201 203 8 1 0
201 351 9 1 0
202 213 4 1 1
203 204 4 1 0
203 205 5 1 0
205 206 5 1 1
205 231 4 1 1
205 360 9 1 0
206 207 2 1 0
206 232 6 1 1
207 233 8 1 0
208 209 3 1 1
210 211 7 1 0
210 212 6 1 0
211 215 2 1 1
212 213 4 1 1
212 342 1 1 1
213 340 9 1 0
214 215 10 1 1
216 219 6 1 1
217 218 6 1 0
218 222 3 1 1
219 220 8 1 0
220 221 2 1 0
220 222 8 1 0
222 226 6 1 1
223 224 2 1 0
223 225 9 1 1
223 7 1 1 1
224 229 1 1 1
227 228 4 1 0
227 229 7 1 1
227 272 3 1 1
228 230 8 1 1
229 401 4 1 1
231 281 1 1 1
232 265 9 1 0
233 264 6 1 1
233 150 3 1 0
234 235 7 1 1
234 278 8 1 0
236 237 7 1 0
236 280 1 1 1
237 238 4 1 1
237 239 1 1 1
239 240 1 1 1
240 241 8 1 1
241 243 3 1 0
241 442 2 1 1
242 243 6 1 1
242 244 7 1 1
242 314 2 1 1
242 80 4 1 0
243 293 5 1 0
244 247 6 1 1
245 246 3 1 1
245 247 5 1 1
247 248 5 1 0
248 249 6 1 1
249 250 7 1 1
249 312 5 1 1
250 251 1 1 0
250 321 4 1 1
251 252 4 1 1
252 253 6 1 0
252 327 4 1 1
252 301 2 1 1
253 254 1 1 1
253 277 5 1 0
253 266 8 1 0
254 255 8 1 1
254 256 3 1 0
256 257 9 1 1
257 258 8 1 0
257 259 4 1 1
260 261 8 1 1
260 262 8 1 1
260 263 5 1 0
263 264 1 1 1
263 479 7 1 1
266 267 1 1 1
267 268 3 1 1
267 299 5 1 0
268 269 6 1 1
269 270 2 1 0
269 294 8 1 1
270 271 8 1 1
271 295 1 1 0
271 133 8 1 0
272 273 6 1 1
272 274 10 1 1
274 275 1 1 1
275 276 5 1 1
275 277 9 1 0
275 291 1 1 0
278 279 5 1 1
278 282 7 1 1
279 280 8 1 0
280 287 8 1 1
281 289 6 1 1
282 288 1 1 0
283 284 8 1 0
283 285 1 1 1
283 305 6 1 1
284 290 5 1 1
284 365 7 1 1
285 286 7 1 0
285 306 7 1 0
286 287 1 1 0
286 306 8 1 1
286 452 6 1 1
287 293 6 1 0
288 289 4 1 1
289 290 8 1 1
291 292 4 1 1
297 298 8 1 0
297 454 5 1 1
298 299 4 1 1
300 301 2 1 1
300 302 5 1 0
302 303 4 1 1
302 304 8 1 0
302 330 3 1 0
305 306 7 1 1
305 308 7 1 1
306 308 3 1 1
307 308 7 1 1
307 309 4 1 1
309 310 6 1 1
309 338 3 1 0
309 379 2 1 1
310 311 9 1 0
310 85 3 1 0
311 312 9 1 1
313 314 4 1 1
315 316 7 1 1
315 317 2 1 0
315 499 4 1 1
316 334 3 1 0
316 398 10 1 1
317 318 7 1 0
317 503 7 1 1
318 319 5 1 0
318 502 5 1 1
318 510 5 1 1
319 320 6 1 1
320 333 4 1 0
321 322 7 1 0
322 323 4 1 0
322 325 7 1 0
322 333 5 1 1
323 324 2 1 1
325 326 1 1 1
326 328 2 1 1
327 328 8 1 0
328 329 3 1 0
328 495 6 1 1
329 330 4 1 1
329 331 6 1 1
331 332 9 1 0
331 489 8 1 0
332 481 8 1 1
333 493 8 1 1
334 335 1 1 1
336 337 9 1 0
336 500 10 1 1
337 338 3 1 1
337 382 7 1 1
338 339 5 1 0
338 377 1 1 1
340 341 8 1 0
340 349 8 1 1
340 354 9 1 0
341 343 9 1 0
342 343 8 1 1
344 345 1 1 0
344 346 7 1 1
344 385 10 1 1
346 347 7 1 1
347 348 3 1 0
347 387 5 1 1
348 349 5 1 1
348 386 2 1 0
350 351 3 1 1
350 359 4 1 0
350 13 3 1 1
351 352 5 1 1
352 353 1 1 0
352 356 3 1 1
353 354 4 1 1
354 355 5 1 1
355 356 5 1 0
356 357 9 1 1
358 359 3 1 1
358 361 5 1 1
358 362 1 1 1
358 360 4 1 0
358 92 6 1 1
360 413 5 1 1
361 388 2 1 0
362 367 6 1 0
363 364 2 1 0
363 365 3 1 1
363 370 6 1 1
364 395 5 1 1
365 366 4 1 1
365 371 9 1 1
366 144 3 1 1
367 368 1 1 1
367 369 3 1 1
370 380 1 1 1
371 372 1 1 1
371 373 8 1 1
371 374 10 1 1
375 376 5 1 0
375 383 4 1 0
376 384 3 1 0
377 378 10 1 1
377 381 2 1 1
378 384 10 1 1
381 383 9 1 1
382 496 7 1 1
383 384 8 1 0
388 389 4 1 0
388 392 5 1 1
389 390 5 1 1
390 391 7 1 0
392 393 8 1 0
392 394 1 1 0
395 396 7 1 1
399 411 5 1 1
400 405 2 1 0
404 405 1 1 1
404 412 8 1 1
405 89 10 1 0
408 409 10 1 1
411 412 5 1 1
411 415 9 1 0
411 482 8 1 0
412 415 3 1 1
415 427 1 1 0
415 487 4 1 0
427 428 6 1 1
427 431 7 1 1
427 487 9 1 1
427 424 5 1 0
428 429 9 1 1
428 432 10 1 0
481 482 10 1 1
482 488 1 1 0
483 484 7 1 1
483 485 6 1 1
484 492 9 1 0
485 486 3 1 0
486 487 7 1 1
489 490 6 1 1
490 491 9 1 1
490 492 9 1 0
493 508 9 1 0
494 495 6 1 0
494 507 9 1 1
496 497 1 1 1
496 62 6 1 1
497 498 8 1 1
497 499 1 1 1
499 501 7 1 1
501 447 5 1 1
502 511 9 1 1
503 450 9 1 0
504 505 6 1 0
504 506 6 1 1
505 508 4 1 1
505 509 8 1 1
506 507 10 1 1
509 510 2 1 1
509 511 4 1 1
7 8 3 1 1
7 6 2 1 0
10 9 9 1 1
10 11 9 1 1
13 12 2 1 0
12 14 2 1 1
144 38 10 1 0
144 145 9 1 1
38 39 2 1 1
89 68 6 1 1
89 88 9 1 0
68 40 10 1 1
68 102 3 1 1
40 41 4 1 1
40 81 6 1 1
102 50 10 1 0
50 51 3 1 1
41 95 1 1 1
81 146 7 1 1
95 456 3 1 1
95 143 8 1 0
95 146 9 1 0
146 410 8 1 1
43 42 2 1 0
133 130 10 1 1
128 117 3 1 0
128 132 2 1 1
117 129 7 1 1
117 110 5 1 1
132 130 7 1 0
129 127 8 1 1
127 44 1 1 0
130 131 8 1 1
44 45 9 1 1
110 109 7 1 0
110 126 1 1 0
109 112 9 1 1
62 49 1 1 1
62 61 9 1 0
48 49 5 1 1
75 74 1 1 1
77 78 7 1 1
80 79 5 1 1
92 90 8 1 1
82 83 7 1 0
83 91 8 1 1
91 90 5 1 1
90 93 4 1 1
93 94 5 1 0
85 84 6 1 1
84 86 3 1 1
84 87 10 1 1
86 87 10 1 0
104 103 9 1 1
148 147 2 1 1
147 149 1 1 1
150 153 10 1 1
150 151 3 1 1
152 153 8 1 1
398 397 9 1 1
401 402 1 1 1
401 403 8 1 1
406 407 6 1 1
416 407 8 1 1
413 434 6 1 1
413 414 9 1 0
433 434 8 1 1
418 417 8 1 1
419 420 8 1 1
419 430 6 1 1
421 422 8 1 0
421 423 4 1 1
424 425 4 1 1
424 426 3 1 1
424 438 2 1 1
438 437 9 1 1
437 439 6 1 1
454 453 10 1 1
454 435 4 1 0
453 455 8 1 1
455 460 2 1 0
435 436 10 1 3
460 463 9 1 1
463 462 1 1 1
461 462 9 1 1
461 464 4 1 1
464 466 9 1 0
466 467 5 1 1
452 451 8 1 1
452 440 6 1 1
451 459 1 1 0
459 473 8 1 1
440 441 7 1 0
473 472 6 1 1
442 443 2 1 0
448 444 9 1 0
444 445 8 1 0
465 445 9 1 1
465 468 10 1 0
468 469 3 1 1
469 470 8 1 0
470 471 7 1 0
447 446 7 1 1
450 449 2 1 1
458 457 1 1 1
476 474 3 1 0
476 477 5 1 1
474 475 2 1 0
477 478 3 1 1
479 480 2 1 0
284 177 5 1 1
391 291 5 1 1
397 161 1 1 0
376 187 5 1 0
322 42 7 1 1
399 318 1 1 1
463 89 6 1 1
343 194 3 1 1
437 265 7 1 0
239 53 7 1 1
411 475 9 1 1
21 372 8 1 1
508 449 8 1 1
24 51 5 1 1
54 280 5 1 1
261 73 1 1 1
2 307 6 1 1
476 36 9 1 0
374 231 3 1 1
483 72 1 1 1
188 248 3 1 1
326 346 2 1 1
458 449 6 1 0
435 58 8 1 1
225 130 8 1 1
484 174 7 1 1
322 33 2 1 1
369 191 2 1 1
330 20 3 1 1
324 21 3 1 1
18 385 1 1 1
252 297 10 1 1
7 178 4 1 0
30 43 5 1 1
397 191 7 1 1
450 80 1 1 1
458 335 7 1 1
171 48 10 1 0
485 267 2 1 1
104 136 1 1 1
47 507 1 1 1
302 429 2 1 1
424 132 10 1 0
55 69 4 1 1
81 28 7 1 1
346 114 3 1 1
84 284 8 1 0
57 44 5 1 1
112 358 10 1 1
103 252 6 1 1
202 401 10 1 1
106 343 1 1 1
297 285 9 1 1
47 27 8 1 1
391 38 1 1 1
292 297 8 1 2
292 334 7 1 1
149 56 1 1 1
56 464 8 1 1
252 487 1 1 1
491 427 10 1 0
112 439 4 1 1
62 365 4 1 0
315 75 7 1 1
445 373 7 1 1
373 228 5 1 0
459 103 7 1 1
5 34 8 1 1
357 412 5 1 1
195 208 2 1 0
362 282 5 1 0
282 132 10 1 1
292 358 9 1 1
130 16 8 1 1
354 48 7 1 1
329 398 4 1 0
107 143 4 1 1
302 8 7 1 1
437 468 5 1 1
391 24 9 1 0
70 453 3 1 0
428 250 7 1 1
427 93 10 1 0
235 500 3 1 1
476 259 2 1 1
140 144 5 1 1
373 167 7 1 1
413 463 2 1 0
100 419 9 1 1
67 49 3 1 0
148 127 9 1 1
227 117 4 1 1
147 283 8 1 1
464 193 1 1 0
281 305 8 1 0
168 300 9 1 1
456 265 2 1 1
74 34 4 1 0
228 497 9 1 0
84 178 2 1 0
47 339 9 1 1
137 364 1 1 1
419 487 1 1 0
497 260 1 1 0
432 171 9 1 1
104 329 4 1 1
16 90 8 1 1
14 244 5 1 1
56 483 6 1 0
175 2 3 1 0
151 442 7 1 1
372 443 4 1 0
460 285 10 1 1
372 171 9 1 1
267 357 10 1 1
336 274 7 1 1
235 63 4 1 1
279 71 6 1 1
251 475 9 1 1
440 88 1 1 1
169 453 10 1 0
172 264 2 1 1
51 471 2 1 1
503 172 2 1 1
175 199 4 1 1
230 291 4 1 0
16 205 6 1 0
339 82 2 1 0
449 137 7 1 1
119 372 1 1 1
499 126 3 1 0
485 290 5 1 1
181 127 10 1 0
505 298 1 1 0
290 489 5 1 3
34 249 10 1 1
179 277 8 1 1
440 73 1 1 0
343 395 9 1 1
87 478 8 1 0
316 6 4 1 1
307 144 6 1 1
308 435 10 1 1
233 510 8 1 1
126 354 5 1 0
272 162 2 1 0
135 122 7 1 1
365 389 9 1 1
235 479 6 1 0
125 110 9 1 0
289 302 6 1 1
13 387 3 1 0
345 228 4 1 1
10 105 10 1 1
311 286 5 1 1
126 229 10 1 1
286 221 5 1 0
171 11 9 1 0
172 342 2 1 1
245 407 7 1 1
63 188 9 1 1
253 232 7 1 1
435 104 10 1 1
87 138 6 1 0
30 432 6 1 1
476 53 9 1 0
107 103 3 1 1
409 12 7 1 0
344 183 4 1 1
440 85 10 1 0
210 133 1 1 0
45 192 2 1 0
352 234 4 1 1
354 440 9 1 1
28 170 4 1 1
281 2 4 1 0
361 251 8 1 1
35 364 8 1 0
433 81 10 1 0
281 159 1 1 1
495 148 3 1 0
316 239 8 1 1
143 130 1 1 0
26 136 4 1 1
424 419 6 1 0
395 202 7 1 1
136 352 10 1 1
380 360 9 1 1
146 72 1 1 0
424 450 7 1 1
147 425 4 1 0
451 285 3 1 1
195 101 4 1 1
457 177 7 1 0
81 208 2 1 0
182 200 6 1 1
436 509 10 1 0
29 18 6 1 1
149 453 4 1 1
330 473 9 1 0
73 53 10 1 0
340 196 8 1 1
256 444 9 1 1
270 428 9 1 0
407 87 4 1 0
346 295 4 1 1
78 410 6 1 0
87 205 2 1 0
331 59 3 1 1
45 83 9 1 1
411 217 8 1 1
262 497 3 1 1
267 226 2 1 0
456 426 5 1 1
321 505 3 1 0
479 424 4 1 0
488 420 5 1 1
236 272 10 1 1
507 217 7 1 1
366 165 1 1 1
227 338 4 1 1
228 346 10 1 1
488 324 2 1 1
116 214 5 1 1
499 343 2 1 1
155 118 9 1 1
480 256 8 1 0
176 478 6 1 1
375 389 6 1 1
139 438 1 1 1
366 395 10 1 1
42 36 3 1 1
470 372 10 1 1
127 490 10 1 0
407 209 10 1 0
455 68 4 1 0
222 99 2 1 1
351 55 3 1 0
418 87 9 1 1
254 89 10 1 1
256 83 1 1 1
225 147 9 1 1
73 89 6 1 1
376 270 8 1 0
415 507 3 1 1
414 382 7 1 1
319 321 9 1 1
257 29 1 1 0
312 374 5 1 0
43 150 6 1 1
82 423 8 1 1
226 280 5 1 1
125 299 8 1 1
202 220 1 1 1
290 116 7 1 1
130 118 6 1 1
358 76 1 1 1
243 500 9 1 1
163 155 1 1 0
445 227 8 1 0
240 177 10 1 1
299 246 8 1 1
347 136 6 1 1
211 323 2 1 0
318 227 3 1 1
174 222 4 1 1
35 492 9 1 0
441 58 8 1 1
196 346 6 1 1
511 236 2 1 1
485 390 4 1 1
104 59 1 1 1
479 450 4 1 0
138 5 9 1 0
37 172 10 1 1
138 363 5 1 1
242 4 1 1 1
482 154 10 1 0
149 188 9 1 1
99 460 7 1 1
425 450 2 1 0
357 26 2 1 0
161 115 2 1 1
381 37 3 1 0
132 19 10 1 1
187 142 3 1 1
491 238 3 1 0
159 315 4 1 1
210 320 10 1 1
412 304 2 1 0
455 221 9 1 1
206 67 2 1 1
49 231 4 1 0
148 56 8 1 0
418 274 1 1 1
101 374 6 1 0
262 368 4 1 0
508 424 10 1 1
337 46 9 1 1
509 305 4 1 1
204 60 1 1 0
96 195 8 1 1
339 139 5 1 1
437 348 3 1 1
121 269 2 1 1
246 328 3 1 1
484 17 9 1 0
69 250 5 1 1
402 7 9 1 0
129 389 4 1 1
119 123 4 1 1
197 210 4 1 1
363 165 2 1 1
87 5 5 1 1
221 486 10 1 1
247 221 10 1 1
413 265 8 1 0
111 499 5 1 0
448 258 7 1 1
49 166 9 1 0
110 115 2 1 1
26 425 3 1 1
72 204 6 1 0
315 355 10 1 1
189 99 8 1 0
509 155 10 1 1
483 167 2 1 0
82 471 8 1 0
145 45 4 1 1
297 442 8 1 1
55 250 1 1 1
288 110 5 1 1
445 503 3 1 1
503 235 1 1 0
332 103 2 1 0
489 487 5 1 1
127 123 10 1 1
358 357 7 1 0
330 332 4 1 1
501 372 9 1 1
253 133 1 1 1
78 174 8 1 1
337 445 8 1 0
85 334 6 1 1
498 277 5 1 1
210 80 5 1 1
42 223 3 1 0
168 27 8 1 1
160 87 1 1 0
55 270 3 1 1
36 223 1 1 1
314 10 10 1 1
410 213 3 1 1
484 485 10 1 1
309 28 4 1 1
10 219 10 1 0
69 297 2 1 1
18 402 7 1 1
457 206 9 1 1
319 504 10 1 1
401 246 4 1 1
422 501 7 1 1
26 11 8 1 1
245 501 5 1 0
211 451 8 1 1
7 275 3 1 1
293 502 3 1 1
340 55 2 1 0
385 449 2 1 0
474 142 4 1 1
186 407 7 1 3
116 149 5 1 0
83 372 6 1 1
228 281 9 1 1
265 65 1 1 1
230 241 10 1 0
435 123 6 1 1
288 386 6 1 1
497 427 3 1 0
452 23 6 1 0
256 360 5 1 1
227 132 4 1 1
352 378 6 1 1
294 84 6 1 1
434 225 5 1 0
26 289 10 1 1
415 461 6 1 0
231 103 6 1 1
58 371 9 1 0
109 176 8 1 1
445 329 4 1 1
255 165 5 1 1
219 451 8 1 1
162 205 1 1 1
491 62 2 1 1
7 308 7 1 1
18 332 2 1 0
76 390 3 1 1
197 166 3 1 1
235 507 10 1 1
116 328 10 1 1
197 207 3 1 1
109 115 6 1 0
412 293 7 1 0
350 270 5 1 1
112 330 10 1 2
94 410 6 1 1
244 108 4 1 1
430 322 7 1 0
38 287 3 1 1
413 145 8 1 1
132 195 6 1 0
366 374 4 1 1
276 123 8 1 0
72 257 8 1 0
83 370 10 1 0
94 1 8 1 0
125 184 9 1 1
322 156 5 1 0
427 192 4 1 0
107 214 2 1 1
399 122 8 1 0
121 386 4 1 1
219 414 6 1 1
430 401 1 1 1
363 468 7 1 0
209 498 7 1 1
481 116 6 1 0
123 216 8 1 1
377 330 6 1 1
450 12 9 1 1
432 20 10 1 0
470 270 1 1 0
337 139 4 1 1
301 389 4 1 0
135 200 6 1 1
159 50 5 1 0
359 397 3 1 1
33 149 4 1 1
136 288 4 1 1
413 16 3 1 0
463 182 5 1 1
198 105 3 1 0
49 140 5 1 1
33 261 1 1 1
305 456 3 1 1
349 1 6 1 0
504 327 3 1 0
286 335 1 1 1
283 48 4 1 0
60 394 8 1 0
227 316 9 1 0
436 460 9 1 1
88 61 6 1 0
100 508 3 1 1
477 260 2 1 0
153 235 7 1 0
315 224 6 1 1
418 362 4 1 0
349 509 3 1 1
35 59 5 1 0
77 252 6 1 1
461 97 3 1 0
411 182 2 1 0
509 70 10 1 1
184 381 9 1 0
316 475 5 1 1
199 51 9 1 1
239 85 8 1 1
495 137 5 1 1
178 75 8 1 1
49 269 7 1 1
473 106 6 1 1
276 111 6 1 0
441 332 3 1 0
205 450 4 1 1
65 173 2 1 0
154 383 3 1 1
63 404 6 1 1
171 161 6 1 1
118 224 4 1 1
435 190 1 1 1
108 470 6 1 1
463 209 3 1 0
147 93 5 1 1
120 408 7 1 0
370 455 10 1 0
238 401 1 1 1
376 455 6 1 0
468 266 1 1 1
282 469 8 1 1
200 118 10 1 0
239 435 4 1 0
29 477 8 1 1
183 3 9 1 1
232 241 2 1 0
160 491 9 1 1
384 176 10 1 1
303 407 4 1 0
244 2 1 1 1
90 477 5 1 1
269 160 4 1 0
9 255 8 1 1
500 323 4 1 1
226 17 4 1 1
162 100 7 1 0
442 354 4 1 0
254 56 10 1 1
177 70 2 1 1
283 413 3 1 0
467 303 7 1 1
506 52 9 1 1
402 315 3 1 1
44 66 2 1 0
205 376 6 1 1
78 375 2 1 1
45 468 7 1 0
300 11 6 1 0
288 143 7 1 1
238 91 2 1 0
423 101 4 1 0
159 455 9 1 1
46 77 4 1 0
438 456 8 1 0
168 438 5 1 1
228 205 6 1 1
60 109 8 1 0
97 31 9 1 0
56 135 2 1 1
215 138 2 1 0
305 446 1 1 1
195 390 4 1 1
181 508 7 1 1
511 454 2 1 0
388 279 3 1 1
13 343 4 1 0
132 121 2 1 1
420 165 3 1 0
279 398 3 1 0
334 466 9 1 1
76 96 4 1 1
397 429 5 1 1
271 172 1 1 1
297 357 9 1 1
398 305 8 1 0
266 449 6 1 0
380 322 4 1 1
511 252 1 1 0
412 136 4 1 1
273 453 7 1 0
440 111 9 1 0
88 261 9 1 1
40 321 7 1 1
221 370 10 1 1
200 348 1 1 1
141 425 10 1 1
461 442 3 1 0
496 325 10 1 1
504 467 1 1 0
148 320 10 1 1
274 53 2 1 0
133 312 9 1 1
166 318 1 1 1
326 491 4 1 1
131 60 4 1 1
336 448 10 1 0
392 136 8 1 1
64 75 8 1 -15
211 433 3 1 0
405 393 6 1 1
415 14 8 1 0
475 69 1 1 1
125 335 2 1 1
481 214 1 1 1
125 1 3 1 1
345 352 8 1 0
511 191 8 1 1
398 405 2 1 0
204 231 10 1 1
61 220 6 1 1
359 498 7 1 1
413 159 4 1 1
4 62 3 1 1
458 351 10 1 1
218 325 8 1 0
184 488 2 1 0
131 327 10 1 1
29 210 7 1 1
74 138 2 1 1
48 333 2 1 0
110 339 5 1 1
408 186 7 1 1
340 441 2 1 0
251 446 1 1 1
31 254 3 1 0
336 79 8 1 1
111 375 5 1 1
199 351 3 1 1
258 429 8 1 0
503 484 3 1 1
152 452 4 1 0
247 166 3 1 1
460 442 3 1 0
81 489 3 1 1
91 476 1 1 1
202 449 2 1 1
137 230 10 1 1
147 127 9 1 0
229 424 3 1 1
462 27 9 1 0
387 140 10 1 0
322 160 9 1 1
177 218 7 1 1
53 275 2 1 1
268 37 3 1 1
330 88 1 1 1
107 462 3 1 1
508 252 10 1 1
343 78 3 1 1
385 88 7 1 0
403 66 9 1 0
424 490 3 1 1
266 293 9 1 1
177 182 1 1 1
149 4 2 1 1
423 324 9 1 1
504 180 3 1 1
457 115 10 1 1
493 85 8 1 1
257 240 8 1 1
470 36 4 1 1
179 507 8 1 1
473 504 1 1 1
125 304 9 1 1
363 434 9 1 1
175 87 9 1 1
183 464 10 1 1
186 482 6 1 1
146 458 1 1 1
51 209 9 1 1
413 464 4 1 1
331 130 1 1 1
194 161 2 1 1
345 204 7 1 1
342 194 2 1 1
10 115 10 1 1
160 432 9 1 1
215 229 8 1 0
484 191 2 1 0
41 250 6 1 1
339 86 1 1 1
244 91 8 1 0
61 236 5 1 0
190 394 1 1 1
125 6 9 1 0
508 205 5 1 0
248 408 10 1 1
411 280 2 1 1
262 392 6 1 0
400 392 9 1 1
386 265 7 1 1
174 34 7 1 0
96 121 10 1 1
263 96 4 1 1
410 447 10 1 1
306 460 2 1 1
191 279 10 1 1
35 83 2 1 0
192 242 9 1 1
369 247 5 1 1
350 153 10 1 1
479 274 1 1 1
26 418 7 1 0
301 269 2 1 1
390 181 5 1 0
316 65 7 1 1
85 146 10 1 0
356 361 2 1 1
241 163 2 1 1
284 239 1 1 1
364 384 3 1 1
70 284 7 1 0
248 479 10 1 0
483 142 2 1 1
38 189 8 1 1
407 298 5 1 1
285 240 9 1 1
22 131 8 1 0
427 98 4 1 1
293 274 4 1 0
119 489 4 1 1
332 489 7 1 1
283 245 6 1 0
358 491 3 1 1
283 272 7 1 1
162 72 1 1 1
207 259 4 1 1
246 89 4 1 1
359 59 6 1 1
71 492 1 1 1
39 234 5 1 0
297 212 8 1 1
256 326 4 1 1
400 423 4 1 0
418 165 5 1 0
461 334 8 1 1
451 500 4 1 1
63 480 8 1 1
276 339 6 1 1
141 172 5 1 1
299 64 7 1 0
93 402 4 1 1
90 165 7 1 1
433 169 8 1 1
445 468 3 1 0
367 36 10 1 1
375 508 3 1 1
225 288 9 1 1
82 296 6 1 0
156 481 1 1 1
366 8 6 1 0
100 420 2 1 0
264 109 5 1 1
92 14 6 1 1
134 35 9 1 0
414 441 4 1 0
187 57 2 1 0
42 133 5 1 1
473 266 1 1 1
458 119 2 1 0
192 360 9 1 0
94 81 4 1 1
216 13 9 1 1
76 173 10 1 1
120 454 2 1 0
343 60 1 1 1
192 460 7 1 1
184 465 9 1 1
69 61 6 1 1
487 247 6 1 1
266 308 7 1 1
423 257 9 1 1
421 192 1 1 0
143 98 10 1 1
89 380 10 1 0
228 398 5 1 1
312 208 8 1 1
51 506 6 1 0
373 53 6 1 1
494 121 6 1 1
329 228 8 1 1
86 229 9 1 0
476 119 5 1 0
76 148 4 1 0
58 21 5 1 1
443 33 8 1 1
233 353 10 1 1
141 25 6 1 1
195 58 6 1 1
287 178 10 1 0
181 421 9 1 1
419 33 1 1 0
386 116 5 1 1
163 39 3 1 1
185 33 6 1 1
185 471 2 1 1
186 5 4 1 1
452 308 9 1 1
382 35 4 1 1
172 211 5 1 0
260 59 10 1 1
333 111 3 1 0
57 59 5 1 1
202 115 1 1 0
141 195 10 1 1
510 426 3 1 0
444 365 3 1 1
39 406 9 1 0
115 421 2 1 0
317 45 7 1 1
161 54 2 1 1
459 283 4 1 1
299 249 7 1 1
3 507 1 1 1
229 428 10 1 1
29 73 4 1 1
330 30 8 1 0
398 118 8 1 0
223 402 1 1 0
158 29 7 1 0
235 346 1 1 1
361 212 10 1 1
112 326 5 1 0
345 235 9 1 0
358 223 3 1 0
86 283 10 1 0
467 161 5 1 1
473 223 5 1 1
29 209 1 1 0
376 243 1 1 0
72 50 2 1 1
349 439 3 1 1
308 170 7 1 1
140 271 1 1 0
279 3 2 1 1
207 34 9 1 1
32 332 9 1 1
149 170 2 1 1
183 54 7 1 1
325 171 3 1 1
91 163 5 1 0
40 473 6 1 1
363 384 6 1 1
268 451 3 1 0
399 15 2 1 1
356 368 2 1 1
486 70 2 1 1
105 340 2 1 1
435 24 4 1 0
508 242 4 1 1
417 254 7 1 1
386 441 8 1 1
89 423 8 1 0
390 24 7 1 1
504 122 9 1 1
186 208 10 1 0
70 485 9 1 0
165 337 8 1 1
18 30 5 1 0
169 36 1 1 1
212 392 2 1 0
248 453 5 1 1
169 310 7 1 0
495 378 10 1 1
241 469 3 1 0
179 231 10 1 1
119 322 4 1 1
411 311 2 1 1
227 258 6 1 1
160 45 1 1 0
463 202 6 1 0
208 153 6 1 1
140 420 7 1 0
198 185 5 1 1
154 510 7 1 1
314 121 7 1 1
251 401 1 1 1
100 409 9 1 1
112 412 4 1 0
28 505 9 1 1
296 137 4 1 0
495 323 1 1 1
43 180 3 1 1
159 171 2 1 0
109 281 6 1 0
232 145 2 1 1
381 27 10 1 1
140 401 8 1 1
103 320 9 1 0
86 459 10 1 1
489 382 1 1 0
185 52 4 1 1
127 172 6 1 1
456 357 6 1 1
355 326 10 1 1
9 219 5 1 0
160 508 5 1 1
303 177 7 1 1
463 456 9 1 0
163 224 4 1 0
233 28 6 1 0
142 354 3 1 0
269 336 1 1 0
258 44 2 1 1
341 396 10 1 0
436 81 5 1 1
232 130 5 1 0
60 340 7 1 0
145 318 9 1 0
487 498 10 1 1
165 470 4 1 0
123 193 4 1 1
128 495 3 1 0
465 349 4 1 1
146 365 7 1 1
425 335 1 1 1
425 197 7 1 2
9 241 5 1 1
128 424 8 1 1
140 125 2 1 1
143 503 2 1 0
109 200 10 1 1
100 10 7 1 1
358 496 6 1 0
42 454 4 1 1
463 107 8 1 0
239 177 1 1 1
511 267 8 1 1
498 163 1 1 0
281 392 7 1 1
436 508 4 1 0
270 121 7 1 1
289 495 2 1 0
327 260 9 1 1
288 510 10 1 0
13 86 3 1 1
484 104 4 1 1
76 320 7 1 1
34 270 5 1 1
417 262 9 1 0
339 117 10 1 0
310 380 8 1 1
112 259 6 1 0
26 406 8 1 1
255 223 10 1 1
45 291 2 1 1
225 344 3 1 0
440 106 8 1 1
143 484 10 1 1
354 419 8 1 1
419 206 5 1 1
119 339 8 1 1
226 436 9 1 0
439 497 7 1 1
194 26 2 1 1
100 262 1 1 1
77 56 4 1 0
391 338 5 1 0
197 35 6 1 0
505 417 2 1 0
508 260 10 1 1
134 480 8 1 0
209 492 5 1 1
463 286 5 1 1
121 55 2 1 1
94 58 2 1 1
174 474 7 1 1
131 54 7 1 0
164 145 9 1 1
288 487 7 1 0
310 363 10 1 1
79 402 5 1 0
178 332 3 1 1
3 218 7 1 0
70 382 9 1 1
331 321 8 1 1
357 509 5 1 1
187 274 9 1 1
179 105 10 1 0
292 415 7 1 0
153 385 9 1 1
98 383 9 1 1
250 191 4 1 1
80 417 9 1 1
165 178 4 1 0
296 247 9 1 0
66 366 8 1 1
185 205 6 1 1
39 301 4 1 1
495 509 7 1 1
324 396 9 1 1
484 215 3 1 0
461 40 4 1 1
468 365 5 1 0
421 91 9 1 1
478 225 1 1 0
259 305 3 1 1
64 82 6 1 1
357 475 9 1 1
89 270 9 1 1
296 90 7 1 1
428 311 3 1 1
473 126 6 1 0
348 165 10 1 1
245 192 7 1 0
53 264 10 1 1
252 453 9 1 0
13 167 6 1 1
245 367 9 1 1
65 488 9 1 0
178 501 9 1 0
55 321 7 1 1
217 504 3 1 1
280 176 1 1 0
472 426 2 1 1
260 434 3 1 0
54 13 2 1 1
118 10 10 1 1
164 315 6 1 0
203 425 9 1 1
460 428 6 1 1
106 164 4 1 1
342 261 9 1 1
343 26 1 1 1
188 194 1 1 1
501 128 7 1 1
265 301 9 1 1
106 340 2 1 0
449 100 9 1 0
25 280 8 1 1
