8697 -3.346416477256753e-09 
3416 -3.118431013415801e-09 
2339 -3.4577167240534834e-09 
4683 -2.3085324207805513e-09 
1479 5.2438918478336927e-08 
3886 2.2080387518386146e-10 
3110 -3.6350158438835933e-09 
8268 -3.0596394862136833e-09 
3239 1.7042930960369657e-06 
918 -3.4552630756579106e-09 
6846 3.805477821750003e-09 
6887 -3.5524445607393318e-09 
5248 -2.504454477136875e-09 
6600 -3.397237546831633e-09 
396 -2.0081933893578707e-09 
2970 -1.4911198109590629e-09 
9889 1.8824357350677445e-09 
3631 -3.666897896437149e-09 
7930 -3.672631976314733e-09 
9862 -3.6604479447532867e-09 
9350 -3.5388003638558985e-09 
4280 -3.040006385512939e-09 
5288 -3.491654410048284e-09 
6855 -3.4845176744013884e-09 
8475 -3.661838832158537e-09 
6050 -3.6715519513563777e-09 
7473 -3.6234943934232433e-09 
4590 -2.7848287287302043e-09 
9426 -3.549242011402498e-09 
7355 6.049856581674673e-08 
9302 4.52103812650928e-08 
3583 -3.60694718537502e-09 
9501 1.865120030641876e-09 
4208 -3.56164586712282e-09 
4902 -2.658957415357932e-09 
9774 -3.5997369529638945e-09 
9306 -3.560050032547224e-09 
3681 -3.3367701934849947e-09 
645 -3.0308996146199974e-09 
2514 -3.64779140227256e-09 
