1 2 3 5 892
1 47 9 3 147
2 31 6 3 54
2 35 4 5 1592
2 406 6 3 32
3 4 3 2 9
3 5 3 3 17
3 26 5 4 342
5 57 4 3 75
15 16 2 5 288
15 36 4 3 47
16 25 7 4 360
17 18 6 2 28
17 36 4 4 92
18 33 10 1 5
19 20 6 3 97
19 21 9 4 225
20 142 1 5 376
20 148 1 4 74
21 22 8 4 295
22 23 4 3 43
23 24 8 3 126
24 25 10 2 20
24 28 2 3 14
26 27 6 5 725
27 29 2 4 87
27 30 1 3 22
28 29 1 5 464
31 33 8 3 44
32 33 8 4 609
32 34 5 2 21
32 69 4 3 40
34 35 10 3 114
34 73 3 4 74
36 37 9 3 57
36 75 9 4 204
37 52 2 4 203
37 43 4 4 181
46 47 3 5 1544
47 448 10 6 24080
52 67 3 4 179
53 54 2 4 215
53 59 9 5 1563
53 418 4 4 332
54 163 7 3 134
55 56 6 4 179
55 59 5 4 342
56 57 4 4 92
56 66 8 3 157
58 59 7 5 3083
58 60 7 3 138
58 199 10 3 76
58 458 10 3 71
60 63 10 5 4238
63 225 9 3 106
64 65 8 3 69
64 66 5 3 27
65 67 2 4 197
69 70 3 3 35
70 71 6 6 4877
71 101 5 5 708
72 73 6 4 167
72 101 2 6 5472
73 76 8 2 19
73 77 8 4 323
96 97 4 3 50
96 111 10 4 355
97 101 8 4 372
98 99 2 3 31
98 100 6 2 22
99 138 7 4 354
100 116 2 4 162
105 106 6 4 289
105 111 2 4 84
106 107 6 4 178
107 108 9 3 178
111 114 9 3 84
113 114 1 4 30
113 116 10 3 217
115 116 5 4 446
115 409 7 5 864
118 119 10 4 222
119 138 3 4 185
120 121 10 3 56
120 122 9 3 63
120 304 3 3 20
121 296 6 5 771
122 123 4 3 38
122 124 1 6 968
124 125 6 5 2498
134 135 7 2 25
134 332 10 3 94
135 136 4 5 917
135 137 6 4 152
137 139 1 5 206
139 140 9 6 15842
139 141 7 5 1538
139 399 5 3 103
141 400 9 2 45
154 155 7 5 1301
154 156 1 5 229
154 172 3 7 17202
155 168 10 5 1261
156 157 2 4 138
156 171 9 1 9
157 158 8 3 52
158 159 3 5 558
158 177 2 5 528
159 160 9 1 14
159 161 7 3 51
159 196 1 6 2895
161 162 7 4 493
161 197 6 3 124
163 164 5 4 116
164 165 3 5 350
165 166 2 4 58
165 104 8 3 89
166 167 3 4 119
167 168 3 4 132
169 170 2 6 1506
169 171 1 4 69
169 174 2 5 292
170 172 4 4 139
170 173 2 4 48
170 419 3 4 149
171 178 2 5 352
173 174 9 3 80
174 179 1 6 1660
175 176 7 5 947
176 214 1 5 690
177 178 3 4 130
177 191 4 5 835
178 421 10 3 95
179 192 10 4 268
180 181 5 3 52
180 208 2 4 51
181 192 7 4 550
182 183 7 3 47
182 184 9 1 14
184 185 9 4 635
184 208 7 3 53
185 186 3 6 10067
185 207 6 3 128
186 187 9 4 279
186 230 8 6 23557
187 188 4 4 355
187 193 2 3 21
188 189 8 2 40
188 191 6 5 2233
189 190 4 4 160
189 191 8 4 196
193 194 1 6 1631
193 217 5 4 253
194 195 8 3 65
194 217 3 2 15
195 196 5 4 452
195 216 6 4 216
196 197 9 5 1566
196 476 5 3 80
197 216 9 5 1304
198 199 4 5 476
198 221 8 2 30
199 200 3 4 85
200 10 8 4 182
201 202 7 3 80
201 203 6 6 10284
201 351 9 3 57
202 213 2 4 58
203 204 7 3 101
203 205 9 4 534
205 206 10 3 153
205 231 9 4 449
205 360 5 3 75
206 207 10 4 310
206 232 5 4 259
207 233 4 4 126
208 209 4 3 40
210 211 10 2 41
210 212 4 3 55
211 215 8 6 12493
212 213 1 3 12
212 342 8 3 117
213 340 10 3 62
214 215 1 6 1561
216 219 9 2 34
217 218 6 3 127
218 222 3 5 736
219 220 6 3 32
220 221 5 3 71
220 222 10 4 484
222 226 5 3 86
223 224 1 4 27
223 225 6 4 202
223 7 7 2 20
224 229 2 3 19
227 228 3 4 127
227 229 2 5 238
227 272 7 4 197
228 230 3 4 69
229 401 6 2 15
231 281 9 3 96
232 265 3 3 34
233 264 9 4 220
233 150 7 3 56
234 235 6 5 1328
234 278 7 3 108
236 237 10 4 367
236 280 5 4 228
237 238 4 4 221
237 239 5 6 5905
239 240 8 4 255
240 241 2 4 61
241 243 7 3 86
241 442 8 4 237
242 243 5 3 60
242 244 4 4 162
242 314 5 4 156
242 80 2 4 202
243 293 6 2 25
244 247 2 4 129
245 246 5 4 339
245 247 6 7 225533
247 248 6 4 156
248 249 5 4 290
249 250 8 3 104
249 312 6 3 57
250 251 10 4 440
250 321 6 5 1399
251 252 4 4 154
252 253 9 3 56
252 327 2 6 2783
252 301 9 2 30
253 254 8 3 164
253 277 6 5 693
253 266 3 4 185
254 255 6 3 83
254 256 2 4 147
256 257 4 3 33
257 258 10 4 798
257 259 6 5 3493
260 261 10 3 91
260 262 3 4 68
260 263 8 4 262
263 264 1 6 722
263 479 1 5 150
266 267 9 5 2449
267 268 5 3 50
267 299 1 7 4948
268 269 6 4 149
269 270 3 6 6279
269 294 6 4 346
270 271 3 5 564
271 295 5 3 81
271 133 10 2 18
272 273 2 3 43
272 274 10 4 609
274 275 10 3 188
275 276 3 5 452
275 277 9 3 56
275 291 4 3 84
278 279 9 5 4444
278 282 9 6 6609
279 280 9 4 977
280 287 2 3 35
281 289 1 4 46
282 288 5 6 3805
283 284 6 3 96
283 285 10 3 143
283 305 2 4 48
284 290 7 4 172
284 365 9 5 1368
285 286 9 4 251
285 306 7 3 61
286 287 7 3 47
286 306 10 5 3431
286 452 5 3 60
287 293 9 2 16
288 289 1 5 228
289 290 7 2 31
291 292 1 5 513
297 298 6 5 876
297 454 9 4 218
298 299 6 3 99
300 301 10 3 106
300 302 10 3 76
302 303 6 6 9709
302 304 3 3 49
302 330 1 4 36
305 306 6 3 124
305 308 6 2 18
306 308 4 5 673
307 308 1 6 911
307 309 1 5 155
309 310 3 4 136
309 338 3 4 298
309 379 3 3 58
310 311 2 5 1045
310 85 2 5 253
311 312 1 6 4919
313 314 1 5 247
315 316 7 4 537
315 317 4 4 111
315 499 6 4 235
316 334 2 4 113
316 398 8 3 75
317 318 9 3 58
317 503 5 3 110
318 319 9 4 502
318 502 1 4 37
318 510 8 4 495
319 320 4 4 140
320 333 9 4 729
321 322 5 4 386
322 323 9 4 400
322 325 10 4 923
322 333 5 3 27
323 324 1 5 241
325 326 4 3 23
326 328 1 4 89
327 328 9 5 3572
328 329 7 4 412
328 495 9 3 148
329 330 2 4 134
329 331 10 5 3150
331 332 7 3 95
331 489 8 4 229
332 481 1 5 456
333 493 1 5 547
334 335 5 5 755
336 337 2 4 48
336 500 4 3 55
337 338 5 4 407
337 382 9 4 269
338 339 7 4 241
338 377 1 5 120
340 341 9 5 1626
340 349 1 6 695
340 354 8 4 525
341 343 1 7 38485
342 343 5 4 319
344 345 9 4 346
344 346 9 4 736
344 385 4 4 176
346 347 6 2 28
347 348 8 7 92640
347 387 5 3 39
348 349 5 5 1350
348 386 7 5 1728
350 351 5 2 23
350 359 3 4 209
350 13 1 5 224
351 352 4 2 9
352 353 8 6 5761
352 356 1 4 50
353 354 1 5 561
354 355 5 4 404
355 356 1 4 62
356 357 7 4 158
358 359 10 3 78
358 361 5 4 274
358 362 1 4 97
358 360 1 5 159
358 92 1 5 137
360 413 10 2 39
361 388 6 3 48
362 367 7 3 131
363 364 3 5 1197
363 365 9 3 61
363 370 10 4 856
364 395 8 5 1066
365 366 2 4 124
365 371 10 4 438
366 144 8 4 707
367 368 3 6 2843
367 369 5 3 28
370 380 10 4 622
371 372 8 3 88
371 373 10 3 115
371 374 7 4 608
375 376 8 4 386
375 383 10 3 133
376 384 3 3 53
377 378 2 4 206
377 381 6 3 96
378 384 3 4 335
381 383 8 5 1545
382 496 5 4 227
383 384 2 3 21
388 389 6 4 452
388 392 6 5 1590
389 390 7 2 23
390 391 10 4 308
392 393 6 5 991
392 394 1 3 10
395 396 8 3 58
399 411 9 3 194
400 405 8 4 627
404 405 9 1 8
404 412 8 4 270
405 89 4 3 24
408 409 8 4 352
411 412 5 4 167
411 415 1 4 26
411 482 3 3 63
412 415 1 4 42
415 427 6 4 198
415 487 4 4 254
427 428 9 5 1536
427 431 3 4 141
427 487 1 6 2049
427 424 2 4 129
428 429 5 5 2063
428 432 5 3 44
481 482 9 3 142
482 488 2 4 55
483 484 2 4 174
483 485 6 4 149
484 492 4 5 467
485 486 6 4 502
486 487 5 5 1016
489 490 8 3 143
490 491 10 4 235
490 492 3 5 365
493 508 2 6 5506
494 495 3 4 130
494 507 9 5 2018
496 497 6 4 163
496 62 1 4 79
497 498 2 4 146
497 499 10 3 138
499 501 3 2 6
501 447 5 5 934
502 511 6 5 1333
503 450 3 3 34
504 505 9 3 102
504 506 5 4 200
505 508 4 4 383
505 509 6 2 27
506 507 7 2 33
509 510 2 4 53
509 511 9 4 305
7 8 8 4 642
7 6 1 4 34
10 9 6 4 250
10 11 6 4 139
13 12 10 6 22965
12 14 5 4 159
144 38 3 5 389
144 145 1 4 49
38 39 8 4 207
89 68 6 6 18678
89 88 9 4 410
68 40 3 3 41
68 102 6 5 2722
40 41 8 5 4371
40 81 5 4 505
102 50 4 5 2550
50 51 9 5 1478
41 95 8 2 29
81 146 5 3 48
95 456 6 5 757
95 143 5 1 6
95 146 2 4 59
146 410 10 3 91
43 42 5 3 89
133 130 4 4 92
128 117 8 4 179
128 132 3 5 1088
117 129 10 5 4908
117 110 4 4 162
132 130 7 4 585
129 127 7 2 21
127 44 2 4 79
130 131 4 5 535
44 45 1 3 13
110 109 8 3 112
110 126 9 3 83
109 112 10 3 61
62 49 5 4 307
62 61 2 4 149
48 49 7 4 739
75 74 9 6 8469
77 78 4 3 85
80 79 7 4 398
92 90 7 5 1456
82 83 7 4 179
83 91 7 4 265
91 90 6 4 351
90 93 3 4 115
93 94 2 4 65
85 84 6 4 279
84 86 6 5 4106
84 87 9 4 209
86 87 9 4 363
104 103 4 4 260
148 147 7 4 785
147 149 2 4 212
150 153 4 4 210
150 151 10 3 112
152 153 10 3 116
398 397 2 5 652
401 402 1 3 17
401 403 7 4 170
406 407 3 3 27
416 407 4 3 48
413 434 9 3 55
413 414 1 7 31329
433 434 8 4 808
418 417 2 4 188
419 420 9 5 1844
419 430 5 5 741
421 422 4 5 2186
421 423 7 2 14
424 425 2 4 220
424 426 1 5 201
424 438 7 3 73
438 437 4 3 73
437 439 10 4 466
454 453 10 2 21
454 435 2 4 181
453 455 4 4 295
455 460 5 5 934
435 436 9 5 1859
460 463 2 4 215
463 462 7 3 74
461 462 10 5 4358
461 464 5 4 132
464 466 4 3 44
466 467 6 4 220
452 451 6 2 11
452 440 5 4 228
451 459 8 3 46
459 473 10 3 201
440 441 5 7 84687
473 472 3 5 697
442 443 2 5 358
448 444 5 3 79
444 445 10 1 17
465 445 8 3 69
465 468 6 6 4789
468 469 5 5 1577
469 470 7 3 69
470 471 5 5 868
447 446 2 7 63139
450 449 9 4 476
458 457 1 5 236
476 474 3 4 147
476 477 6 5 806
474 475 5 6 13433
477 478 9 1 5
479 480 5 2 21
284 177 10 6 49109
391 291 5 4 203
397 161 5 4 354
376 187 3 3 41
322 42 3 6 2763
399 318 5 3 82
463 89 9 3 98
343 194 3 5 852
437 265 3 5 470
239 53 2 4 106
411 475 7 4 272
21 372 2 3 30
508 449 8 4 246
24 51 4 3 62
54 280 4 5 527
261 73 3 2 13
2 307 10 3 94
476 36 7 2 19
374 231 6 4 420
483 72 8 1 9
188 248 6 4 226
326 346 3 4 213
458 449 9 4 442
435 58 5 3 28
225 130 3 3 55
484 174 10 3 104
322 33 7 3 63
369 191 8 4 291
330 20 8 3 76
324 21 9 4 904
18 385 6 2 17
252 297 7 4 664
7 178 8 6 30012
30 43 7 4 222
397 191 2 5 231
450 80 10 1 16
458 335 2 4 217
171 48 3 4 72
485 267 8 4 234
104 136 9 2 42
47 507 7 2 19
302 429 10 3 138
424 132 8 4 360
55 69 5 3 48
81 28 7 5 3376
346 114 2 3 12
84 284 3 5 408
57 44 8 5 5173
112 358 6 5 1193
103 252 1 4 48
202 401 3 3 53
106 343 10 4 245
297 285 10 5 6077
47 27 8 7 102384
391 38 8 3 153
292 297 9 4 300
292 334 7 3 95
149 56 5 2 20
56 464 3 4 155
252 487 3 3 44
491 427 1 5 516
112 439 9 4 525
62 365 6 5 994
315 75 9 6 29113
445 373 5 4 275
373 228 7 3 74
459 103 8 4 250
5 34 2 3 11
357 412 6 4 397
195 208 8 2 37
362 282 3 5 1710
282 132 5 4 135
292 358 3 3 34
130 16 4 4 413
354 48 3 5 434
329 398 7 1 4
107 143 9 3 164
302 8 5 3 108
437 468 2 3 18
391 24 2 4 169
70 453 7 2 25
428 250 5 6 16657
427 93 2 4 63
235 500 8 3 75
476 259 2 5 232
140 144 6 3 72
373 167 1 5 122
413 463 4 3 36
100 419 10 3 145
67 49 7 4 301
148 127 4 4 437
227 117 3 6 7318
147 283 6 4 456
464 193 7 4 185
281 305 7 4 183
168 300 8 3 69
456 265 8 3 68
74 34 1 5 184
228 497 6 4 332
84 178 3 4 120
47 339 9 4 748
137 364 6 4 170
419 487 5 3 35
497 260 4 3 72
432 171 6 3 68
104 329 2 4 125
16 90 3 7 63760
14 244 8 3 45
56 483 4 4 261
175 2 1 3 17
151 442 8 3 83
372 443 2 4 203
460 285 5 3 45
372 171 9 1 14
267 357 10 5 5218
336 274 7 3 54
235 63 1 5 257
279 71 6 2 25
251 475 5 4 371
440 88 8 3 75
169 453 9 4 498
172 264 3 3 59
51 471 4 4 389
503 172 4 6 6779
175 199 1 5 117
230 291 10 3 98
16 205 2 5 1314
339 82 3 3 38
449 137 5 3 83
119 372 3 3 59
499 126 1 4 59
485 290 2 5 1109
181 127 8 4 738
505 298 2 5 1198
290 489 10 3 217
34 249 10 6 24421
179 277 2 8 230134
440 73 2 4 68
343 395 1 5 145
87 478 2 4 104
316 6 9 4 367
307 144 4 4 138
308 435 8 5 1504
233 510 7 4 333
126 354 3 4 109
272 162 4 4 121
135 122 9 2 30
365 389 8 3 106
235 479 3 3 66
125 110 3 5 1847
289 302 3 2 7
13 387 9 3 193
345 228 8 3 120
10 105 2 4 143
311 286 9 3 131
126 229 10 5 1280
286 221 6 4 166
171 11 2 6 5468
172 342 2 4 69
245 407 10 5 2468
63 188 3 3 24
253 232 10 3 120
435 104 5 3 84
87 138 3 3 46
30 432 2 3 26
476 53 6 3 101
107 103 4 4 178
409 12 3 4 113
344 183 5 3 42
440 85 9 3 125
210 133 1 5 315
45 192 7 5 1100
352 234 1 5 186
354 440 9 3 97
28 170 8 4 422
281 2 6 4 176
361 251 3 5 457
35 364 3 5 1428
433 81 3 4 96
281 159 5 4 331
495 148 10 3 95
316 239 2 3 22
143 130 2 7 25539
26 136 9 2 19
424 419 6 3 79
395 202 3 5 358
136 352 9 3 85
380 360 8 2 40
146 72 3 5 587
424 450 4 6 4869
147 425 7 2 31
451 285 1 5 232
195 101 6 4 258
457 177 9 2 23
81 208 5 4 284
182 200 10 2 20
436 509 2 7 12164
29 18 6 4 262
149 453 6 5 2129
330 473 5 3 108
73 53 8 2 23
340 196 4 4 279
256 444 3 2 9
270 428 7 3 42
407 87 1 5 219
346 295 10 1 17
78 410 3 5 564
87 205 7 4 176
331 59 9 5 1145
45 83 9 4 205
411 217 4 5 1239
262 497 8 5 991
267 226 5 4 207
456 426 4 4 429
321 505 1 6 784
479 424 1 4 71
488 420 4 4 109
236 272 2 4 58
507 217 8 3 43
366 165 7 4 776
227 338 1 4 98
228 346 9 3 127
488 324 10 3 72
116 214 1 4 37
499 343 7 4 694
155 118 5 4 144
480 256 10 5 2232
176 478 3 4 137
375 389 1 6 2975
139 438 2 6 7489
366 395 2 5 625
42 36 2 2 5
470 372 5 5 703
127 490 10 2 41
407 209 10 3 87
455 68 9 3 97
222 99 9 4 246
351 55 2 4 94
418 87 1 4 92
254 89 1 6 879
256 83 4 5 1294
225 147 2 4 52
73 89 8 2 40
376 270 10 4 364
415 507 5 5 1408
414 382 9 3 124
319 321 7 5 2692
257 29 3 4 72
312 374 6 2 29
43 150 1 5 290
82 423 4 2 20
226 280 3 6 8207
125 299 1 6 735
202 220 6 3 40
290 116 8 4 246
130 118 7 3 100
358 76 8 4 187
243 500 3 5 360
163 155 7 3 90
445 227 1 5 261
240 177 10 3 101
299 246 8 4 243
347 136 8 4 217
211 323 10 3 72
318 227 5 3 66
174 222 7 3 43
35 492 2 5 1052
441 58 4 4 183
196 346 9 4 300
511 236 4 3 55
485 390 4 4 398
104 59 6 4 149
479 450 9 5 1078
138 5 2 4 57
37 172 1 4 74
138 363 3 4 104
242 4 2 7 21629
482 154 1 5 364
149 188 1 4 59
99 460 10 3 144
425 450 10 4 281
357 26 1 5 689
161 115 1 5 408
381 37 2 3 36
132 19 4 3 26
187 142 4 5 470
491 238 3 5 959
159 315 2 5 426
210 320 5 3 81
412 304 8 3 69
455 221 7 3 98
206 67 7 2 22
49 231 8 4 313
148 56 9 4 1009
418 274 7 3 56
101 374 6 2 31
262 368 1 5 436
508 424 6 3 41
337 46 10 4 311
509 305 9 3 193
204 60 3 3 65
96 195 4 4 288
339 139 6 3 47
437 348 9 4 303
121 269 9 6 7936
246 328 8 3 49
484 17 4 3 69
69 250 8 4 659
402 7 8 4 509
129 389 3 4 217
119 123 10 3 201
197 210 7 5 1797
363 165 8 2 32
87 5 3 5 702
221 486 7 2 17
247 221 9 4 332
413 265 9 3 76
111 499 9 2 36
448 258 6 7 47356
49 166 6 4 374
110 115 1 6 834
26 425 8 5 2287
72 204 6 3 57
315 355 5 3 54
189 99 6 2 15
509 155 6 4 145
483 167 7 3 48
82 471 1 5 541
145 45 5 5 2294
297 442 8 4 575
55 250 8 2 20
288 110 8 4 185
445 503 9 3 111
503 235 3 5 645
332 103 1 5 418
489 487 8 5 1645
127 123 3 5 462
358 357 9 3 105
330 332 4 4 235
501 372 8 5 3326
253 133 8 2 24
78 174 7 3 43
337 445 7 4 156
85 334 5 5 736
498 277 1 5 540
210 80 5 3 81
42 223 2 6 6853
168 27 4 2 15
160 87 8 4 528
55 270 1 4 62
36 223 2 4 185
314 10 2 5 381
410 213 9 5 1473
484 485 10 3 82
309 28 6 3 78
10 219 2 4 149
69 297 4 5 622
18 402 5 3 66
457 206 1 4 48
319 504 2 4 193
401 246 9 4 376
422 501 4 3 74
26 11 8 5 3836
245 501 9 3 118
211 451 3 4 88
7 275 3 5 421
293 502 5 3 107
340 55 5 3 37
385 449 4 5 2378
474 142 8 4 250
186 407 3 6 2224
116 149 8 3 165
83 372 5 4 396
228 281 9 3 142
265 65 3 4 114
230 241 9 3 71
435 123 7 3 77
288 386 6 3 99
497 427 4 4 236
452 23 3 4 149
256 360 8 5 913
227 132 7 2 20
352 378 1 4 52
294 84 1 7 17219
434 225 1 7 5333
26 289 6 4 166
415 461 9 5 1081
231 103 5 5 815
58 371 4 5 471
109 176 7 3 133
445 329 3 6 6616
255 165 5 4 253
219 451 6 3 57
162 205 7 3 60
491 62 1 4 62
7 308 10 4 852
18 332 2 6 3227
76 390 9 3 134
197 166 7 3 100
235 507 9 3 114
116 328 4 3 43
197 207 9 2 18
109 115 4 3 51
412 293 3 4 94
350 270 7 4 173
112 330 10 4 800
94 410 7 4 202
244 108 9 3 133
430 322 3 3 26
38 287 9 2 38
413 145 10 4 235
132 195 8 4 321
366 374 10 4 289
276 123 2 4 117
72 257 5 6 20243
83 370 8 5 1236
94 1 5 4 169
125 184 7 2 31
322 156 10 2 46
427 192 2 4 47
107 214 9 3 93
399 122 5 5 3328
121 386 6 3 132
219 414 4 4 265
430 401 10 5 1157
363 468 9 4 208
209 498 8 4 203
481 116 6 3 87
123 216 7 4 501
377 330 9 2 36
450 12 9 3 51
432 20 5 4 118
470 270 2 4 45
337 139 1 5 586
301 389 1 5 123
135 200 3 5 638
159 50 1 5 439
359 397 7 3 145
33 149 9 4 302
136 288 8 4 205
413 16 9 4 735
463 182 9 4 277
198 105 7 3 121
49 140 6 4 218
33 261 2 4 45
305 456 10 2 18
349 1 4 4 92
504 327 4 6 3622
286 335 8 3 94
283 48 6 4 154
60 394 7 4 458
227 316 4 3 76
436 460 10 4 288
88 61 6 3 94
100 508 1 5 235
477 260 2 6 4022
153 235 7 4 495
315 224 5 5 617
418 362 2 4 123
349 509 8 3 132
35 59 1 4 35
77 252 1 5 145
461 97 5 6 9166
411 182 7 5 828
509 70 5 4 340
184 381 1 5 322
316 475 10 5 4382
199 51 4 5 1813
239 85 6 3 34
495 137 7 3 107
178 75 8 4 327
49 269 8 3 51
473 106 1 5 321
276 111 7 4 560
441 332 9 3 105
205 450 8 4 275
65 173 10 6 16007
154 383 5 5 1729
63 404 4 4 99
171 161 7 4 298
118 224 3 4 73
435 190 10 5 1644
108 470 5 4 131
463 209 1 5 145
147 93 4 4 295
120 408 2 5 770
370 455 9 6 28429
238 401 3 4 69
376 455 6 3 91
468 266 7 5 996
282 469 10 5 2288
200 118 10 3 73
239 435 2 5 1033
29 477 8 3 62
183 3 3 4 165
232 241 8 5 1139
160 491 2 4 211
384 176 1 4 23
303 407 8 3 92
244 2 4 4 267
90 477 9 3 62
269 160 4 4 423
9 255 5 4 146
500 323 4 6 2883
226 17 1 4 89
162 100 1 4 61
442 354 1 4 34
254 56 1 4 94
177 70 8 4 184
283 413 1 5 298
467 303 1 6 3226
506 52 5 4 158
402 315 4 5 1137
44 66 4 4 90
205 376 4 5 1320
78 375 10 4 237
45 468 2 3 20
300 11 6 3 32
288 143 9 2 18
238 91 5 5 1434
423 101 10 4 633
159 455 8 4 512
46 77 4 4 310
438 456 6 4 165
168 438 7 3 66
228 205 8 5 2554
60 109 5 3 60
97 31 2 6 3486
56 135 4 5 2256
215 138 2 3 41
305 446 7 2 26
195 390 3 4 228
181 508 3 5 386
511 454 1 5 205
388 279 7 3 69
13 343 10 5 1169
132 121 4 3 44
420 165 9 4 389
279 398 4 4 106
334 466 6 6 6200
76 96 6 4 215
397 429 8 5 2604
271 172 10 2 41
297 357 9 4 994
398 305 1 6 2000
266 449 5 4 173
380 322 5 3 105
511 252 6 2 13
412 136 3 4 118
273 453 6 4 433
440 111 4 4 125
88 261 1 4 81
40 321 3 4 163
221 370 1 4 63
200 348 7 4 387
141 425 7 5 972
461 442 9 4 395
496 325 4 4 184
504 467 9 3 140
148 320 1 7 27143
274 53 5 3 55
133 312 9 5 1669
166 318 5 4 142
326 491 1 5 289
131 60 1 7 6559
336 448 7 5 2490
392 136 1 5 182
64 75 6 5 809
211 433 6 2 15
405 393 3 5 810
415 14 10 4 489
475 69 1 6 1277
125 335 7 2 28
481 214 4 7 32484
125 1 4 5 867
345 352 8 4 228
511 191 3 4 174
398 405 10 3 193
204 231 3 5 760
61 220 1 5 215
359 498 10 5 1737
413 159 2 4 54
4 62 7 3 44
458 351 1 5 280
218 325 7 3 52
184 488 3 4 77
131 327 2 4 65
29 210 10 3 95
74 138 1 4 94
48 333 7 4 205
110 339 6 4 150
408 186 5 4 186
340 441 10 3 81
251 446 10 4 468
31 254 3 6 8740
336 79 7 3 117
111 375 2 5 312
199 351 1 5 123
258 429 7 4 494
503 484 10 3 54
152 452 9 5 1088
247 166 10 4 567
460 442 9 3 116
81 489 10 4 331
91 476 2 4 98
202 449 5 4 218
137 230 7 4 300
147 127 1 6 877
229 424 3 5 455
462 27 8 5 928
387 140 5 5 926
322 160 10 3 100
177 218 3 6 6926
53 275 10 4 437
268 37 9 3 81
330 88 10 4 333
107 462 8 2 19
508 252 2 5 251
343 78 8 2 37
385 88 2 5 237
403 66 2 4 63
424 490 10 3 180
266 293 8 1 7
177 182 6 4 140
149 4 3 4 187
423 324 8 2 31
504 180 7 3 117
457 115 9 3 193
493 85 4 3 45
257 240 9 5 2479
470 36 4 4 239
179 507 1 5 276
473 504 2 5 891
125 304 3 4 85
363 434 3 5 763
175 87 4 4 142
183 464 1 5 119
186 482 7 3 120
146 458 1 3 15
51 209 7 6 27338
413 464 9 2 18
331 130 7 5 2559
194 161 10 2 44
345 204 9 3 131
342 194 7 5 1275
10 115 8 3 94
160 432 6 1 6
215 229 6 4 141
484 191 9 3 69
41 250 2 3 28
339 86 1 5 147
244 91 6 4 259
61 236 9 1 11
190 394 9 3 103
125 6 10 3 128
508 205 1 4 34
248 408 8 2 18
411 280 8 3 98
262 392 2 6 1755
400 392 3 3 30
386 265 5 3 86
174 34 1 4 82
96 121 5 3 58
263 96 1 4 49
410 447 1 5 425
306 460 9 2 27
191 279 5 4 193
35 83 3 4 158
192 242 4 4 190
369 247 1 4 92
350 153 5 4 384
479 274 6 3 83
26 418 5 3 33
301 269 7 2 21
390 181 1 8 64533
316 65 4 3 39
85 146 1 6 1064
356 361 6 3 40
241 163 6 5 790
284 239 4 4 211
364 384 10 6 17457
70 284 8 2 20
248 479 7 4 238
483 142 9 4 340
38 189 6 3 90
407 298 9 3 100
285 240 4 4 157
22 131 7 4 202
427 98 7 2 36
293 274 8 4 771
119 489 10 3 125
332 489 6 4 402
283 245 4 4 165
358 491 10 2 28
283 272 3 4 89
162 72 1 4 93
207 259 3 2 14
246 89 6 2 13
359 59 10 3 183
71 492 3 7 42596
39 234 8 5 2845
297 212 10 3 119
256 326 4 3 27
400 423 2 4 197
418 165 8 4 396
461 334 2 6 8830
451 500 1 3 22
63 480 1 5 241
276 339 1 6 1658
141 172 10 5 4399
299 64 5 3 71
93 402 4 5 488
90 165 7 4 660
433 169 7 4 190
445 468 8 2 26
367 36 6 4 158
375 508 3 6 6949
225 288 3 5 549
82 296 6 3 56
156 481 10 6 9959
366 8 8 4 529
100 420 8 4 308
264 109 9 3 103
92 14 10 3 77
134 35 4 4 126
414 441 2 3 36
187 57 9 3 60
42 133 10 4 387
473 266 10 3 98
458 119 8 4 257
192 360 8 3 50
94 81 8 3 45
216 13 3 6 3674
76 173 5 4 383
120 454 10 4 423
343 60 6 3 44
192 460 2 5 301
184 465 6 3 63
69 61 3 5 584
487 247 7 4 351
266 308 4 4 214
423 257 2 5 732
421 192 5 4 477
143 98 9 4 820
89 380 2 5 284
228 398 2 4 59
312 208 3 4 188
51 506 10 1 11
373 53 2 3 31
494 121 5 5 1809
329 228 9 5 3431
86 229 3 5 1794
476 119 1 5 158
76 148 7 1 8
58 21 1 4 77
443 33 3 5 1178
233 353 10 3 160
141 25 2 5 602
195 58 7 3 84
287 178 9 2 36
181 421 9 4 361
419 33 7 5 2483
386 116 4 5 825
163 39 1 3 22
185 33 3 3 35
185 471 1 4 23
186 5 2 5 548
452 308 1 5 215
382 35 3 4 183
172 211 10 2 36
260 59 1 6 1386
333 111 7 4 247
57 59 5 4 149
202 115 3 3 26
141 195 10 3 220
510 426 8 5 2962
444 365 4 4 376
39 406 2 5 417
115 421 10 3 140
317 45 9 3 126
161 54 5 5 2732
459 283 8 4 492
299 249 4 5 1267
3 507 8 4 212
229 428 1 6 2061
29 73 7 2 28
330 30 8 3 64
398 118 3 5 352
223 402 10 2 45
158 29 10 6 15842
235 346 4 4 110
361 212 1 5 256
112 326 2 4 45
345 235 4 3 27
358 223 7 6 9416
86 283 3 3 28
467 161 2 3 43
473 223 5 4 262
29 209 7 3 84
376 243 1 5 314
72 50 4 5 2740
349 439 5 4 351
308 170 6 5 1326
140 271 3 3 27
279 3 9 4 627
207 34 3 4 109
32 332 2 3 40
149 170 6 4 221
183 54 6 4 220
325 171 5 5 1892
91 163 1 6 990
40 473 9 1 15
363 384 10 3 175
268 451 8 6 15473
399 15 10 2 25
356 368 3 5 559
486 70 2 5 706
105 340 7 3 93
435 24 9 3 102
508 242 10 5 5017
417 254 2 4 52
386 441 1 4 30
89 423 1 5 344
390 24 3 5 912
504 122 6 4 357
186 208 3 4 129
70 485 4 3 41
165 337 9 2 33
18 30 4 3 81
169 36 4 3 85
212 392 5 3 37
248 453 5 5 966
169 310 9 5 1315
495 378 1 6 1869
241 469 1 5 122
179 231 9 3 58
119 322 2 5 227
411 311 5 3 61
227 258 7 3 70
160 45 5 2 25
463 202 1 5 229
208 153 10 4 238
140 420 5 4 447
198 185 4 3 42
154 510 2 4 149
314 121 9 1 3
251 401 1 5 237
100 409 9 5 1764
112 412 8 4 525
28 505 10 4 438
296 137 5 4 117
495 323 5 4 182
43 180 4 4 308
159 171 10 3 92
109 281 9 3 165
232 145 5 7 41516
381 27 4 3 30
140 401 1 5 200
103 320 4 3 35
86 459 6 3 35
489 382 1 5 301
185 52 1 4 28
127 172 9 3 107
456 357 1 3 21
355 326 9 4 781
9 219 10 5 4141
160 508 6 3 88
303 177 10 2 28
463 456 4 6 4975
163 224 7 3 68
233 28 6 3 75
142 354 3 4 188
269 336 6 4 220
258 44 8 3 50
341 396 5 3 89
436 81 2 5 329
232 130 4 3 31
60 340 9 3 128
145 318 8 3 174
487 498 3 4 177
165 470 7 1 9
123 193 4 3 42
128 495 10 1 9
465 349 8 6 8018
146 365 6 3 122
425 335 6 4 407
425 197 8 4 256
9 241 4 5 787
128 424 5 3 62
140 125 1 6 2720
143 503 10 3 62
109 200 2 4 77
100 10 8 3 49
358 496 6 5 1263
42 454 5 5 682
463 107 2 4 176
239 177 5 4 310
511 267 2 5 557
498 163 9 7 52208
281 392 6 4 291
436 508 10 4 768
270 121 7 3 79
289 495 5 4 430
327 260 1 5 186
288 510 10 3 126
13 86 2 4 120
484 104 10 4 500
76 320 10 3 163
34 270 1 5 498
417 262 9 2 36
339 117 9 2 22
310 380 2 4 171
112 259 6 3 123
26 406 4 4 309
255 223 10 3 120
45 291 8 2 24
225 344 1 4 92
440 106 2 6 1860
143 484 2 5 548
354 419 9 2 31
419 206 8 4 382
119 339 6 3 67
226 436 7 6 25063
439 497 6 4 262
194 26 7 5 4333
100 262 10 3 57
77 56 10 3 130
391 338 3 4 226
197 35 5 3 65
505 417 1 4 59
508 260 4 3 73
134 480 5 3 62
209 492 6 5 1339
463 286 2 4 148
121 55 5 4 221
94 58 5 4 233
174 474 9 3 51
131 54 5 3 56
164 145 4 4 369
288 487 8 4 442
310 363 10 3 124
79 402 6 3 35
178 332 7 3 45
3 218 4 3 48
70 382 2 5 362
331 321 9 6 10144
357 509 2 5 470
187 274 5 3 79
179 105 10 4 779
292 415 3 4 277
153 385 5 5 1602
98 383 9 3 188
250 191 8 4 420
80 417 10 3 200
165 178 3 5 587
296 247 6 3 87
66 366 5 4 126
185 205 1 7 6809
39 301 2 3 27
495 509 3 3 24
324 396 8 3 153
484 215 4 4 287
461 40 1 5 456
468 365 4 4 415
421 91 4 6 4396
478 225 9 2 44
259 305 7 4 196
64 82 6 4 138
357 475 1 5 154
89 270 5 3 28
296 90 6 2 27
428 311 4 5 649
473 126 1 5 453
348 165 7 5 843
245 192 9 1 10
53 264 3 4 331
252 453 1 7 8309
13 167 4 3 27
245 367 5 3 68
65 488 9 2 36
178 501 6 3 101
55 321 8 4 547
217 504 5 4 222
280 176 7 1 4
472 426 1 4 47
260 434 8 3 164
54 13 10 3 193
118 10 8 4 728
164 315 6 4 170
203 425 3 5 1168
460 428 6 3 33
106 164 8 4 877
342 261 9 6 23856
343 26 5 4 226
188 194 3 4 221
501 128 10 3 70
265 301 3 4 75
106 340 3 4 242
449 100 4 3 27
25 280 2 4 208
