7057 7.701784247246186e-06 
3806 3.390229263609055e-06 
1479 6.894944012726879e-06 
4658 2.2242595252482404e-07 
3986 1.4766241718794863e-06 
9706 9.356711114369904e-06 
9664 1.757860986683821e-07 
4365 1.2954903106019211e-05 
9744 4.919593562825177e-07 
6447 9.890064218231536e-06 
167 2.3509085279578654e-07 
1868 5.037446943917528e-06 
3701 1.9183723233205077e-06 
6993 8.659152026526316e-06 
5884 3.0719309696372586e-06 
1385 4.5265991837052414e-06 
1238 2.665534922958199e-07 
6393 9.4113284543498e-07 
9983 5.910445256467312e-06 
4847 1.8630925079990153e-06 
330 9.511595665121758e-07 
5985 1.099637698884303e-05 
5390 6.112249581952789e-06 
1555 6.203423945658833e-07 
7330 4.7479111362309305e-07 
2523 2.9979877989860793e-09 
6727 5.056608806368464e-07 
1473 2.0813975306024983e-05 
412 4.843708568295621e-06 
1914 6.719138849264208e-06 
8635 1.2727867229661759e-05 
8805 1.233009694810933e-07 
3439 2.342575910607783e-06 
7170 3.107567460131638e-06 
8807 4.673147457591373e-06 
5325 1.6231857206263865e-05 
4682 6.129736123925244e-06 
7068 1.384785924009912e-06 
1149 1.2523431491017452e-06 
324 8.373392361117997e-06 
197 6.186281820079708e-07 
5940 1.1418482287686084e-05 
7504 4.912510546988322e-07 
8052 3.039456735693736e-07 
2160 8.432062250470678e-07 
6832 7.70971871298928e-06 
3313 5.768145999123123e-06 
8294 4.821636449478528e-09 
6329 1.9771007874631432e-05 
7278 9.870200119019485e-07 
863 5.482041329101287e-07 
6699 1.0072966239763443e-05 
9918 2.4677665389212676e-06 
6817 1.1006432606410189e-05 
5301 1.2969261983200681e-06 
9054 3.229950571522096e-08 
3067 2.2588824383142515e-07 
8548 1.9876951156824246e-06 
3502 7.37052683481714e-06 
8341 6.169615897756256e-06 
2916 6.7127848494033926e-06 
4013 7.276394339698119e-08 
4652 5.247676809414908e-07 
9034 1.1806112838024448e-06 
4228 8.10928665193405e-06 
8118 1.6034178073182477e-06 
2685 9.182466485129766e-06 
9883 2.09445547964033e-06 
8198 5.375815015609047e-07 
6855 6.434195108061456e-06 
9662 3.829186942375974e-08 
3458 2.426174384849585e-07 
3255 1.3046830951438109e-05 
2217 5.556860943955002e-07 
3675 7.721915014706077e-06 
2115 1.2382808334177098e-05 
5700 8.377222927516837e-07 
1144 5.235503609284835e-07 
8572 6.056950978266943e-07 
393 7.5715442627518045e-06 
8390 2.642421846820282e-06 
5553 1.1647183012379115e-06 
8256 6.03248173314461e-06 
1963 6.512853541517344e-06 
6696 4.488175252056887e-06 
7683 5.686650775448638e-06 
2737 2.961181836048039e-06 
1491 7.20216434957026e-06 
6297 8.88146434797097e-06 
187 5.910763447792614e-06 
5731 9.582856733047865e-06 
961 6.450514057577577e-06 
2934 6.362877072809987e-07 
3140 1.2879525318766673e-05 
3874 1.4613093898613003e-06 
7875 5.740117965809222e-07 
8163 4.676204020165514e-06 
6023 6.238958528833146e-07 
1052 1.0898035671364588e-06 
6554 1.4854911265661397e-06 
5242 5.557621638447822e-06 
7463 2.01673714691231e-06 
9135 1.9099415617419564e-07 
9871 9.880293512863666e-07 
352 2.6901427085044575e-06 
9426 2.3696370819362546e-07 
3957 2.2309700354507623e-06 
4192 6.8654699029954255e-06 
4873 2.7515607845953025e-07 
6568 2.8341836938403803e-06 
3125 1.4420111229193723e-06 
283 7.917912112304021e-06 
3646 3.079517628347009e-06 
8145 4.648271711177827e-06 
3145 5.198063432300588e-06 
6968 1.299536545592097e-07 
1645 2.6319241383874094e-06 
5319 2.2465637157561137e-07 
779 4.581549835585822e-06 
8744 1.1845875811430234e-07 
534 8.038531022233774e-07 
6944 2.5018516967324766e-08 
869 3.0311770007608587e-06 
4049 3.001283779795292e-06 
1837 9.768648158921488e-06 
4261 4.148219255269744e-06 
7020 1.7839962248690643e-06 
3812 1.2197116639584901e-05 
4665 3.0202606282001653e-06 
524 1.1384902290299532e-05 
5508 9.392159223175022e-06 
4882 6.1087032214569855e-06 
6365 5.153974647875681e-07 
7580 7.421289105649359e-06 
5382 4.826562987057761e-06 
2795 7.021245447730273e-06 
4278 3.405625409089695e-08 
2248 5.00877464248586e-06 
2218 4.574958277271159e-06 
2927 4.6744657118458155e-06 
8785 3.200312141996444e-06 
4440 4.817864748361816e-06 
8217 4.223699977476403e-07 
780 2.0408506465185964e-05 
7772 4.168943732834181e-07 
2203 3.07786254879084e-08 
3746 4.677333552935343e-06 
1908 1.1090685327320832e-05 
2090 1.8314093123972253e-09 
4102 1.7484312193312892e-05 
6535 2.1083622243401635e-07 
1282 5.293290378845797e-07 
1509 8.963723978946524e-08 
3651 3.293475976879137e-08 
2337 1.3188393651431896e-07 
1201 2.0530401944789967e-06 
3753 5.826133619272525e-06 
2909 2.4666652652296367e-08 
3719 7.671617748126437e-06 
36 4.476434956989916e-08 
6932 2.0448422979963614e-07 
9633 1.005073582799802e-05 
7027 1.6921173858711854e-06 
5487 8.224466156113879e-06 
450 6.930314416200624e-06 
5717 4.135221124389741e-07 
8299 9.696895128646158e-06 
8849 4.8328485993076495e-06 
6856 4.220042927976181e-06 
7191 4.2025187199942945e-06 
2287 7.144035698951334e-09 
4497 2.6783268127323334e-06 
4715 6.440343255955634e-06 
6982 2.3069576160771347e-07 
7176 6.506795955835921e-06 
1800 4.891622731996399e-07 
2917 3.2049919598391716e-07 
5449 5.35139176449683e-07 
8629 5.465370999279328e-07 
2883 1.1205093849527838e-05 
7453 2.9864477493833207e-07 
9991 1.0293098506730325e-06 
1354 3.192477302813517e-07 
9487 9.034520579456978e-07 
3113 3.2593687099589713e-07 
1655 1.3218209843700213e-05 
5609 2.8342093051682564e-07 
7544 1.0485593632973404e-06 
9859 3.6535306227291244e-06 
653 1.6824651116951182e-07 
1778 3.1628638617965167e-07 
1262 4.9074989611015135e-06 
9690 3.887818093503692e-09 
8611 5.049979427917552e-06 
7793 2.584499101198556e-06 
6152 3.0638158903408427e-06 
7482 7.857370927020398e-07 
5838 2.399510650658462e-06 
8448 7.628405490953515e-06 
1605 1.3627095863461109e-05 
8494 8.84013969566576e-06 
5506 7.409152741717873e-06 
462 7.206264489511003e-06 
2855 2.47605226872267e-07 
2167 1.0587066319109328e-08 
9728 4.311047913474249e-06 
2338 1.1870538062507289e-07 
5618 7.098183495576229e-07 
5896 1.623135500435282e-06 
3945 4.0474633166006583e-07 
4834 5.183991524333932e-07 
5280 3.2383651196842446e-06 
6730 5.908557073591031e-07 
5804 2.237617350908569e-06 
4751 4.7077816127948666e-07 
5792 4.882089610139914e-06 
429 1.0304653001593392e-05 
8869 4.791523241498823e-07 
7349 8.954512120335782e-06 
8119 4.2754695628520977e-07 
3126 6.938841874276632e-06 
9838 3.3916278268962657e-06 
9761 2.8752484053899555e-07 
3884 5.065408456528149e-06 
6713 2.7407876629990207e-06 
2787 5.12591006858042e-06 
7297 5.546756299722065e-06 
9520 3.005390278859561e-06 
3507 6.831286531987042e-06 
8833 6.399458068504605e-06 
357 2.6887000655947348e-06 
7404 7.323317927410326e-06 
3855 9.662955340673181e-06 
6030 6.183118699060577e-06 
7010 1.2969082670049768e-05 
7363 1.007083673659065e-08 
5398 7.821297649236806e-07 
6132 5.132066199231024e-07 
7151 2.4259380699390367e-06 
8966 6.845236006909443e-08 
3992 7.991199149822174e-07 
7536 6.855659913803003e-06 
2700 1.1013423176965635e-06 
6712 8.022036407981185e-06 
6051 5.69900656644559e-06 
6194 7.0132101472867246e-06 
8781 1.7284827938450918e-06 
1321 6.520523047047092e-07 
8795 1.0448395856456026e-05 
6960 8.921123971652014e-08 
9481 1.6521705919113074e-05 
8745 3.732815850475066e-08 
3525 5.0953500104421945e-06 
3253 6.7596148758744e-06 
1542 4.902374347336212e-07 
2019 1.5879004226290357e-05 
9526 2.1847437163002734e-06 
5480 1.2768742707231953e-05 
6124 1.1605021981425979e-06 
7711 1.922076173506914e-06 
3578 7.154453929661629e-06 
8672 8.615211652007211e-07 
9650 3.487636212693055e-06 
1134 1.1903697008449792e-05 
1334 1.3392454849277668e-05 
5424 5.24575589049991e-06 
9293 2.675598046558569e-05 
258 5.843272967610976e-07 
5692 1.4221504962634015e-07 
4020 7.0552028282730905e-06 
9528 7.493043764285694e-06 
241 1.5218304281305653e-06 
4737 3.5379260390222674e-06 
8705 4.533162069203889e-06 
209 7.4814161185708006e-06 
5656 1.0440350459003575e-06 
8909 1.249320463028196e-05 
1417 2.5193169575428746e-07 
3952 5.40018841997859e-07 
21 3.6775743490522392e-06 
7098 1.3501679583217796e-05 
1762 2.5473732022132053e-06 
1232 1.979857994773315e-06 
5024 1.2469753193054564e-05 
3581 7.451519461354778e-06 
6169 3.5895120815100106e-06 
2658 6.142248531583288e-06 
4839 3.204213460385549e-07 
8717 4.449910930031474e-06 
6709 4.086290126899028e-07 
1173 6.540205408560144e-08 
9049 5.6785625792140436e-06 
7438 4.065318637021424e-06 
4804 7.267752462936638e-06 
3358 1.7917627206326784e-06 
5153 1.3191787952984134e-06 
7936 6.633335773338623e-06 
6963 1.0503986553797413e-05 
118 7.427228714156524e-06 
4573 2.3781151351465203e-06 
1239 2.9208761082120255e-08 
1401 6.164721265121793e-06 
6481 1.9243349656182553e-06 
6542 2.1922063887898923e-05 
7013 1.185239641848801e-08 
1606 4.3366812170319605e-06 
4026 7.385087753733043e-08 
6916 2.3964639940662544e-08 
962 1.7670128297410864e-05 
2962 6.490088613179898e-06 
1636 4.239541197736833e-06 
1764 2.0310122358868928e-06 
6313 1.0259117642471734e-05 
7808 3.457920038241885e-08 
3839 5.202346325027759e-06 
3683 3.7096277743945405e-06 
7075 6.622762581583999e-07 
3341 2.7620208772059888e-05 
9529 2.2688372204419938e-08 
8423 5.36676155831137e-07 
3050 9.986143736829157e-07 
8223 2.5539026968499788e-06 
3983 1.7561199820188963e-07 
4843 1.3089291415810853e-05 
5687 1.9822589550056114e-05 
3738 5.67342345601015e-08 
1935 5.913678388054755e-06 
1042 2.037747177763123e-05 
3668 6.646936969673698e-06 
8592 3.2048187953682093e-06 
5 2.6932436523647157e-06 
6836 3.7587530101914734e-07 
4059 4.360843822420052e-08 
8142 9.585814577531753e-07 
7630 2.9859939593584784e-06 
7332 1.2541451422558214e-05 
1153 2.2250586742051835e-06 
3870 1.7009133913199092e-06 
7727 2.526196385454432e-06 
3788 7.753447802038365e-06 
8160 1.0419834535877001e-05 
3045 1.6029169480968307e-06 
5406 9.106211301182623e-07 
7394 1.2340363667399372e-05 
1924 2.546599761855691e-06 
9248 2.559264900864462e-06 
5036 3.2374760019493126e-06 
4898 1.9827300924409128e-07 
4369 7.1465274173079404e-06 
40 1.7154865414780892e-06 
7971 9.270492064686341e-06 
4482 8.345041810089464e-07 
6881 1.6655801039251609e-07 
4282 6.655874003660199e-07 
8039 8.824666971989081e-09 
237 9.853633208654092e-07 
8263 7.120576322850675e-06 
1891 3.4732796991381574e-07 
5421 1.5694447679404522e-07 
6788 5.975017106099682e-07 
9898 9.018210600521679e-06 
2792 6.909453479652549e-07 
5518 2.632906680012593e-06 
1838 1.0470134204621957e-06 
6896 6.656494417068076e-07 
511 1.4819398619286554e-06 
6860 5.503571384368441e-06 
9112 4.861559928515578e-06 
1680 4.947893916878725e-06 
980 1.2209106980792908e-06 
5208 2.97819136474246e-06 
525 3.2687653468280783e-06 
3511 2.958235401667368e-06 
2657 9.861365559336483e-07 
9631 4.1098090972690256e-07 
7508 6.565230571526763e-06 
4599 7.185298498316754e-06 
8844 5.583347058724374e-07 
353 2.1326072849862744e-06 
9998 4.195478759546706e-07 
1484 7.687729381301162e-08 
1304 1.759628522381003e-06 
5771 1.0296085103557649e-06 
5057 7.944636293451268e-09 
8981 6.731269068181419e-07 
6831 2.441159806677576e-06 
3592 1.0058437403231616e-05 
9288 1.1817668580022846e-07 
2178 8.906863274813111e-08 
3795 2.4801562551228204e-06 
9861 1.5220943153883782e-06 
5986 1.867075954561697e-05 
3809 7.634526983703776e-06 
5494 8.047077109442152e-06 
5992 5.2135472436834985e-06 
3106 9.007338222353995e-06 
8926 1.4356587022378836e-05 
2694 4.645302737295425e-06 
4610 9.578117314349216e-07 
8910 6.493106870540856e-06 
634 3.586191603052735e-08 
9495 1.7577077104703222e-06 
1915 7.265792010418235e-06 
8778 1.2590474483194529e-06 
1977 1.0620896829971865e-05 
7564 2.921577719450581e-06 
3081 8.143992197897756e-06 
6211 4.774007302483032e-07 
3790 6.2277961051306375e-06 
2263 4.924996750914674e-06 
1751 4.564391566180229e-07 
953 2.668906845526564e-09 
4044 1.7495260890552584e-05 
8184 6.299528550011905e-06 
8072 6.5474286345408675e-06 
1111 7.692025880009499e-06 
8250 1.8960717045269021e-07 
9764 1.2614862358737355e-07 
9762 7.6049772753674224e-06 
9417 4.425177527852452e-06 
2835 9.925041837027153e-08 
2727 2.7115069441271608e-08 
5615 1.1462139812411858e-06 
5989 3.4707550889161035e-05 
4708 2.246889127201679e-07 
5460 6.678334934212156e-06 
7114 1.2762000464467194e-06 
580 2.9225644851420606e-06 
9610 6.8310117081152744e-06 
7654 3.247709048220804e-08 
7054 1.0257992435439445e-06 
6294 8.124206530485685e-06 
7018 1.4984573287903482e-07 
8823 3.3416589213719627e-06 
1061 6.819999902077407e-06 
6980 1.249808470971146e-05 
9416 2.6273710851622276e-06 
2736 3.1255089126187467e-06 
8631 4.927357075513569e-06 
2514 1.2944809446818577e-07 
9785 9.586776986964446e-06 
6259 7.518991880545951e-07 
805 4.612789474584965e-07 
8630 3.519934518508945e-06 
6743 2.2873521346600137e-06 
9519 3.8946368934337713e-08 
2081 6.4772061564004495e-06 
7777 5.850332184259689e-06 
1093 9.141477474039557e-06 
227 9.238025118894868e-06 
3666 5.430336067199167e-06 
3539 2.0187842284783094e-06 
7643 3.347887730870483e-07 
4453 1.2645522945524312e-06 
9107 2.0671389616670082e-07 
2639 2.840344875396409e-07 
8842 8.791399301973828e-08 
1519 1.3876123354429133e-05 
8545 1.4585497999244827e-05 
7089 4.639731411296805e-06 
4200 1.0700775166038484e-06 
6722 3.2005768540874803e-06 
3130 1.6425820809961516e-05 
6586 5.560792995555147e-07 
8012 8.369545850324224e-06 
5191 8.31916058861373e-06 
5135 1.0704507513894235e-05 
2631 1.4018553218431958e-05 
3291 5.506639728813961e-07 
2107 4.732394310835907e-06 
9714 2.365736968820207e-06 
8060 2.9160038902538406e-06 
9769 8.409393870937188e-08 
1113 6.546515826233154e-06 
3474 2.24293283715598e-06 
1190 1.1916250705132502e-05 
5817 2.1851979011000555e-09 
3796 2.680694548559746e-07 
4196 3.7285741553491213e-06 
7608 6.1716951758378355e-06 
9693 1.299853157708938e-07 
8618 5.563011284482125e-08 
3185 9.222172091882371e-06 
2408 7.969486418727282e-07 
2528 1.5436765073921065e-07 
9716 1.5384952072353911e-07 
5859 2.7403019114741103e-07 
7507 1.249786614867035e-08 
9016 2.584245790555851e-07 
5271 6.093567592321218e-08 
5757 4.93033679147343e-06 
6811 9.488660789059668e-06 
5968 1.1591308887050531e-06 
7526 1.6134789948118317e-08 
6092 1.0346222223474716e-05 
4139 1.678530684779815e-06 
1582 3.9430302324079274e-06 
2870 2.7253500070735155e-05 
9059 2.7811041596064357e-06 
3396 1.3707449502693947e-06 
6410 1.8217410283885484e-07 
6581 3.6234365548269178e-06 
9180 1.4185687038117912e-07 
8893 1.9568498529176836e-06 
5326 2.2492991324268517e-06 
9614 1.0119414301041711e-05 
1050 7.803698350375516e-06 
2712 5.571800109739344e-06 
6325 1.9454771955570993e-07 
7895 4.242722842054143e-06 
9986 6.559516304895107e-07 
8147 1.0275127290966632e-06 
7226 5.160926790863222e-07 
1613 1.0063538782284414e-06 
7736 3.747367336865368e-06 
5101 1.0254448122011551e-05 
9700 2.12818234851059e-06 
7948 5.782856385045008e-06 
4284 1.427395306032725e-07 
2948 8.937393077386371e-06 
4325 3.5281436479577484e-06 
2384 9.657190811955967e-06 
6577 1.7994781582867868e-06 
4504 1.334072236450841e-07 
4980 7.72537566885846e-06 
8609 1.0237530242048474e-06 
468 2.609705736842533e-06 
311 1.971390990260139e-06 
2017 1.6664175496512615e-07 
6017 6.010103320240668e-06 
5419 5.120501435521577e-06 
9158 5.371297171259984e-06 
2406 2.1444544531654596e-07 
2833 9.648361831704477e-10 
9276 6.233160934512698e-08 
8614 1.00138006957641e-06 
4877 8.849103196030242e-06 
5370 6.400303696236331e-06 
8613 6.443050392507515e-08 
1513 3.1727445332571793e-06 
6366 1.5599337112131e-07 
9594 8.474061832394545e-06 
6829 2.6950096420729546e-06 
1505 7.129778360249767e-08 
8323 7.2528854399984476e-06 
5297 2.3145109843415453e-06 
8125 2.029532126827533e-06 
7198 6.78747660204237e-06 
9277 4.475891317026858e-06 
2002 1.2717535984409085e-06 
4199 3.911231092161433e-06 
5803 3.02704439876523e-05 
7500 1.209784606049566e-06 
1467 8.273466863408525e-06 
579 3.2322883451628056e-06 
3654 3.338673061419018e-07 
405 5.108348408748205e-06 
2552 5.6086612205424066e-06 
9949 2.368876312155864e-06 
344 4.778692858025655e-06 
5022 5.288971948512824e-07 
2747 9.041905902013123e-08 
2965 1.0633660491640023e-08 
5448 5.098703117176692e-06 
3133 5.010681964364992e-06 
3674 5.430067623949635e-06 
4058 8.01055620040573e-06 
799 7.266177773291763e-06 
5649 5.890218895207575e-06 
2292 7.653409273864165e-07 
4443 1.7047925350406165e-05 
919 1.2195576717414304e-06 
4297 4.779577045146803e-08 
8597 2.6044897116611887e-06 
2944 1.2537315114109575e-06 
5580 5.372963037808809e-06 
5470 1.650201800219818e-05 
677 7.325905929486351e-06 
5538 5.9582251561790765e-06 
6926 5.488259283765603e-06 
6778 3.320271002734375e-08 
2165 2.304238948789387e-05 
2563 5.1953339428452395e-06 
7503 7.32877954133797e-08 
7552 5.176972879564825e-07 
4499 1.101941315344155e-06 
9205 3.5930123106604165e-06 
6611 3.3965788047070637e-07 
7548 1.06617465651462e-05 
5314 7.92361491583708e-06 
8225 1.383809014168198e-06 
1205 1.0113933317726777e-06 
4415 3.198272886992509e-07 
307 7.221595791219275e-08 
8037 8.204488915726851e-07 
4865 1.0453299769155033e-05 
4778 2.8910610013634657e-06 
6461 2.306127061472937e-06 
698 4.757691452699145e-06 
4374 5.4378854743372255e-06 
2543 5.181190325208301e-07 
9596 1.0261707305940504e-08 
1619 1.7793674236548839e-06 
5514 9.899098493457539e-07 
1572 6.910126957129386e-06 
9555 4.552878974531132e-06 
5987 4.4301573520755255e-10 
7270 2.6375448267199724e-06 
2283 4.986991744390288e-07 
6134 5.799673678469824e-07 
1546 2.537953569116511e-07 
9345 5.78598817709462e-06 
4072 7.412841767818104e-06 
7246 3.766266089917711e-06 
2510 1.948536778954282e-07 
2983 5.809174574046691e-07 
906 5.858335717317067e-06 
7783 2.1701217818077026e-06 
991 5.425422336177987e-06 
4093 2.8856366942804673e-06 
8765 5.997603362507597e-07 
2721 1.004639437003579e-05 
9601 3.999866748865183e-06 
4393 3.273662566390164e-06 
1867 9.038271346516861e-07 
5491 1.730971582283417e-05 
7038 7.510898440996272e-06 
809 7.269967640623767e-06 
8850 1.0236562941157212e-05 
4620 3.499360898316997e-08 
8022 9.207038949850745e-06 
4826 6.82087843128764e-06 
1980 6.64755396673489e-07 
6047 5.480913034433576e-07 
7132 1.7246290159866895e-08 
8770 3.0573624517582258e-06 
2655 7.731030412300429e-07 
6732 9.928502772518528e-07 
3948 8.716834963130221e-06 
9225 6.201982467412994e-06 
