0 0 2 3 40
0 1 2 4 193
0 2 2 4 49
0 3 8 3 100
0 4 6 5 1044
0 5 4 3 35
0 6 1 5 346
0 7 4 3 31
0 8 5 3 38
0 9 2 3 22
0 10 7 2 26
0 11 3 6 3347
0 12 9 5 2889
0 13 3 5 1499
0 14 4 4 110
0 15 2 4 70
0 16 2 5 1216
0 17 9 3 65
0 18 1 5 228
0 19 3 4 87
0 20 10 4 334
0 21 3 4 87
0 22 8 3 161
0 23 5 5 3156
0 24 6 3 87
0 25 9 6 9601
0 26 2 4 67
0 27 2 4 55
0 28 4 3 78
0 29 5 3 59
0 30 5 4 346
0 31 2 5 277
0 32 6 4 210
0 33 2 3 40
0 34 9 3 53
0 35 4 3 70
0 36 6 5 705
0 37 5 4 231
0 38 1 5 503
0 39 9 4 246
0 40 2 4 63
0 41 1 6 1640
0 42 9 4 612
0 43 7 3 52
0 44 6 5 706
0 45 1 6 2838
0 46 4 4 357
0 47 10 5 1764
0 48 5 3 89
0 49 3 5 2034
0 50 2 7 32641
0 51 2 6 6516
0 52 4 3 52
0 53 8 3 156
0 54 3 5 543
0 55 9 4 604
0 56 6 3 40
0 57 10 2 25
0 58 10 4 820
0 59 9 4 944
0 60 4 5 521
0 61 10 2 32
0 62 7 3 130
0 63 6 6 8663
1 0 7 4 434
1 1 4 7 99399
1 2 3 5 475
1 3 4 4 120
1 4 10 2 27
1 5 8 4 481
1 6 9 2 41
1 7 8 4 674
1 8 4 4 411
1 9 4 3 87
1 10 9 3 113
1 11 8 2 32
1 12 4 3 27
1 13 4 6 5658
1 14 4 5 1864
1 15 5 3 59
1 16 1 4 86
1 17 9 5 6061
1 18 4 4 132
1 19 1 4 70
1 20 9 2 31
1 21 4 3 37
1 22 1 5 166
1 23 2 6 7992
1 24 9 4 330
1 25 8 7 290834
1 26 9 6 40486
1 27 4 4 173
1 28 4 3 37
1 29 10 4 489
1 30 3 3 53
1 31 8 5 1308
1 32 4 4 108
1 33 8 3 59
1 34 2 4 104
1 35 6 3 75
1 36 7 2 19
1 37 3 5 374
1 38 10 4 391
1 39 3 5 464
1 40 3 4 244
1 41 4 3 55
1 42 5 5 2421
1 43 5 3 48
1 44 1 5 558
1 45 9 4 218
1 46 3 5 522
1 47 4 4 105
1 48 9 3 57
1 49 9 3 148
1 50 9 4 490
1 51 4 5 529
1 52 1 7 15439
1 53 4 5 2055
1 54 6 5 686
1 55 7 3 76
1 56 5 6 5937
1 57 4 4 144
1 58 8 2 31
1 59 9 3 69
1 60 8 2 36
1 61 8 3 98
1 62 9 3 57
1 63 6 2 20
2 0 9 2 42
2 1 7 5 895
2 2 10 2 35
2 3 5 4 293
2 4 5 4 529
2 5 10 4 517
2 6 8 2 18
2 7 7 4 492
2 8 2 3 37
2 9 8 2 41
2 10 4 4 213
2 11 7 3 93
2 12 7 3 64
2 13 7 1 7
2 14 1 4 71
2 15 10 3 200
2 16 8 2 41
2 17 10 3 86
2 18 7 3 63
2 19 7 6 31174
2 20 2 5 533
2 21 4 4 199
2 22 7 6 4897
2 23 7 3 88
2 24 2 3 41
2 25 8 2 37
2 26 8 3 64
2 27 3 5 1106
2 28 9 2 44
2 29 2 3 40
2 30 9 3 120
2 31 5 6 6370
2 32 4 3 37
2 33 3 5 425
2 34 1 6 1512
2 35 10 6 18247
2 36 5 4 130
2 37 4 3 85
2 38 8 5 994
2 39 3 2 15
2 40 4 4 123
2 41 3 4 177
2 42 2 5 578
2 43 8 2 30
2 44 8 2 29
2 45 3 4 136
2 46 2 4 91
2 47 3 4 173
2 48 1 4 112
2 49 2 4 54
2 50 10 4 937
2 51 1 4 33
2 52 9 3 87
2 53 6 2 16
2 54 8 3 130
2 55 3 3 35
2 56 4 5 513
2 57 2 4 89
2 58 6 2 25
2 59 8 2 37
2 60 1 4 34
2 61 8 4 380
2 62 9 3 55
2 63 3 5 508
3 0 2 4 144
3 1 3 4 119
3 2 9 3 80
3 3 2 5 575
3 4 5 3 86
3 5 3 4 147
3 6 4 4 375
3 7 5 5 942
3 8 3 7 116910
3 9 5 3 40
3 10 10 6 8060
3 11 6 6 19534
3 12 3 5 1099
3 13 4 3 26
3 14 7 3 87
3 15 7 4 178
3 16 2 4 72
3 17 9 2 43
3 18 4 2 14
3 19 7 4 559
3 20 7 4 275
3 21 1 5 334
3 22 8 4 879
3 23 3 4 85
3 24 7 3 49
3 25 8 4 211
3 26 9 4 285
3 27 5 3 53
3 28 10 1 16
3 29 10 3 119
3 30 5 3 80
3 31 8 3 52
3 32 9 3 81
3 33 3 5 930
3 34 2 4 99
3 35 9 3 173
3 36 2 4 70
3 37 1 4 93
3 38 10 2 45
3 39 2 4 94
3 40 6 3 115
3 41 8 4 285
3 42 3 5 808
3 43 9 3 100
3 44 2 4 142
3 45 2 4 180
3 46 8 5 2732
3 47 7 4 759
3 48 3 6 2429
3 49 10 2 30
3 50 2 7 10776
3 51 3 5 650
3 52 8 5 1283
3 53 7 4 696
3 54 10 6 23008
3 55 8 2 20
3 56 6 3 55
3 57 7 3 101
3 58 5 4 141
3 59 3 4 97
3 60 5 2 13
3 61 4 3 44
3 62 6 5 2480
3 63 6 5 969
4 0 5 4 278
4 1 3 4 318
4 2 7 4 438
4 3 7 5 2829
4 4 10 2 25
4 5 8 3 76
4 6 4 4 309
4 7 3 3 63
4 8 9 2 45
4 9 6 5 1418
4 10 2 4 153
4 11 6 5 2564
4 12 1 5 140
4 13 3 3 32
4 14 7 4 194
4 15 9 3 100
4 16 9 5 2065
4 17 8 4 692
4 18 6 4 200
4 19 2 5 656
4 20 4 6 3060
4 21 5 3 49
4 22 9 2 35
4 23 1 5 280
4 24 6 5 2592
4 25 2 4 192
4 26 1 7 11335
4 27 5 4 148
4 28 6 3 63
4 29 7 5 1754
4 30 10 5 1532
4 31 1 2 3
4 32 10 6 27474
4 33 2 5 348
4 34 3 3 51
4 35 5 5 624
4 36 4 3 55
4 37 6 5 2198
4 38 9 2 29
4 39 4 3 56
4 40 10 4 919
4 41 8 4 207
4 42 1 6 1176
4 43 4 3 46
4 44 9 3 51
4 45 10 5 1889
4 46 1 7 5398
4 47 1 4 40
4 48 4 5 459
4 49 7 2 30
4 50 1 5 382
4 51 9 3 76
4 52 4 3 44
4 53 6 4 136
4 54 9 3 129
4 55 7 3 52
4 56 8 3 63
4 57 2 5 1144
4 58 8 5 1631
4 59 9 2 30
4 60 2 3 24
4 61 5 4 543
4 62 1 7 8015
4 63 4 5 561
5 0 7 3 42
5 1 10 3 86
5 2 4 2 12
5 3 2 4 48
5 4 10 2 52
5 5 7 3 47
5 6 10 6 7954
5 7 10 3 109
5 8 6 4 162
5 9 10 3 94
5 10 1 4 83
5 11 2 4 221
5 12 7 3 51
5 13 1 4 23
5 14 3 5 685
5 15 10 2 36
5 16 9 2 40
5 17 3 4 333
5 18 6 4 539
5 19 9 4 269
5 20 7 4 484
5 21 10 3 119
5 22 9 5 4374
5 23 3 3 29
5 24 2 3 38
5 25 5 3 100
5 26 8 3 56
5 27 1 4 53
5 28 4 4 224
5 29 8 3 73
5 30 1 4 36
5 31 1 6 968
5 32 6 4 328
5 33 6 3 33
5 34 6 3 90
5 35 4 5 993
5 36 1 5 136
5 37 7 2 23
5 38 2 4 112
5 39 4 4 109
5 40 6 4 141
5 41 1 7 29116
5 42 7 2 32
5 43 9 6 18403
5 44 9 2 41
5 45 4 5 896
5 46 6 3 65
5 47 6 4 140
5 48 9 2 39
5 49 4 5 600
5 50 5 3 55
5 51 3 4 208
5 52 3 6 2240
5 53 3 3 57
5 54 7 4 294
5 55 7 4 273
5 56 7 4 243
5 57 8 1 14
5 58 5 5 1577
5 59 6 5 1134
5 60 4 5 1641
5 61 5 3 108
5 62 1 4 67
5 63 6 4 360
6 0 7 4 157
6 1 9 4 354
6 2 8 4 558
6 3 3 3 47
6 4 7 4 161
6 5 4 6 3644
6 6 3 5 978
6 7 6 3 42
6 8 1 7 7783
6 9 6 5 2447
6 10 9 3 87
6 11 4 5 843
6 12 1 9 469887
6 13 1 7 6417
6 14 3 6 7753
6 15 9 3 82
6 16 8 3 121
6 17 4 4 264
6 18 8 4 202
6 19 10 3 194
6 20 5 3 28
6 21 6 4 195
6 22 1 4 95
6 23 1 6 978
6 24 2 3 42
6 25 6 3 38
6 26 6 4 235
6 27 2 3 34
6 28 8 2 27
6 29 2 5 237
6 30 8 4 424
6 31 3 3 29
6 32 1 5 275
6 33 8 2 33
6 34 3 4 297
6 35 4 4 141
6 36 6 3 41
6 37 1 5 152
6 38 5 2 20
6 39 5 6 9833
6 40 6 2 26
6 41 4 4 316
6 42 3 6 4317
6 43 8 5 1621
6 44 7 4 716
6 45 7 3 48
6 46 4 7 34731
6 47 4 4 113
6 48 5 3 69
6 49 4 4 109
6 50 9 3 182
6 51 9 4 886
6 52 5 3 65
6 53 6 2 21
6 54 6 5 1991
6 55 1 7 5953
6 56 4 3 64
6 57 4 4 136
6 58 3 6 2619
6 59 7 3 84
6 60 2 2 10
6 61 6 4 340
6 62 5 3 79
6 63 7 4 170
7 0 8 2 17
7 1 4 3 65
7 2 5 3 37
7 3 7 3 91
7 4 6 3 75
7 5 8 1 8
7 6 2 5 1002
7 7 2 4 177
7 8 7 4 245
7 9 5 2 12
7 10 2 4 162
7 11 7 4 172
7 12 3 4 85
7 13 6 5 1849
7 14 4 3 26
7 15 10 3 178
7 16 10 4 227
7 17 5 3 61
7 18 10 2 25
7 19 10 5 1856
7 20 1 6 1135
7 21 5 4 121
7 22 1 6 1068
7 23 5 3 43
7 24 5 5 1215
7 25 8 3 137
7 26 2 7 13363
7 27 3 7 98625
7 28 10 1 16
7 29 9 5 1287
7 30 8 3 125
7 31 5 3 41
7 32 8 3 110
7 33 6 4 145
7 34 4 4 122
7 35 8 5 1870
7 36 9 4 334
7 37 1 6 993
7 38 2 5 245
7 39 8 4 541
7 40 7 3 63
7 41 6 3 53
7 42 10 3 103
7 43 9 4 472
7 44 4 6 3398
7 45 8 2 42
7 46 1 7 16113
7 47 4 4 438
7 48 6 3 77
7 49 7 2 16
7 50 1 5 126
7 51 9 4 387
7 52 10 3 57
7 53 2 5 293
7 54 1 5 644
7 55 8 2 29
7 56 10 2 31
7 57 1 4 89
7 58 5 4 410
7 59 8 3 76
7 60 2 6 5776
7 61 9 2 20
7 62 2 5 696
7 63 3 3 18
8 0 1 6 3979
8 1 4 3 84
8 2 5 3 67
8 3 10 3 66
8 4 4 6 3541
8 5 5 2 26
8 6 1 5 115
8 7 6 2 14
8 8 5 3 68
8 9 8 3 151
8 10 1 4 62
8 11 8 2 38
8 12 2 4 84
8 13 8 4 291
8 14 8 2 33
8 15 9 3 62
8 16 2 4 221
8 17 2 5 227
8 18 1 5 139
8 19 1 4 100
8 20 7 3 45
8 21 6 4 134
8 22 1 5 284
8 23 5 2 24
8 24 5 3 53
8 25 1 5 151
8 26 3 4 120
8 27 7 5 2229
8 28 1 3 16
8 29 3 4 295
8 30 5 3 69
8 31 1 5 199
8 32 7 5 4770
8 33 9 5 1069
8 34 3 5 752
8 35 1 5 262
8 36 8 3 97
8 37 8 4 514
8 38 2 4 58
8 39 6 3 39
8 40 1 5 286
8 41 1 5 370
8 42 8 3 64
8 43 4 4 329
8 44 7 2 25
8 45 8 2 15
8 46 10 4 620
8 47 4 3 24
8 48 3 3 34
8 49 5 3 35
8 50 3 4 68
8 51 2 4 103
8 52 7 3 58
8 53 2 4 138
8 54 6 3 35
8 55 2 4 197
8 56 7 5 1774
8 57 5 3 28
8 58 1 4 45
8 59 3 5 1862
8 60 3 4 82
8 61 2 4 73
8 62 8 2 36
8 63 4 4 443
9 0 2 4 125
9 1 7 3 98
9 2 4 2 8
9 3 10 5 1220
9 4 5 4 239
9 5 6 4 328
9 6 3 4 112
9 7 4 5 618
9 8 6 5 1660
9 9 5 2 26
9 10 6 1 8
9 11 8 3 135
9 12 8 4 426
9 13 10 3 129
9 14 9 4 235
9 15 4 5 1560
9 16 2 3 26
9 17 8 5 1573
9 18 5 3 49
9 19 1 4 85
9 20 1 3 18
9 21 5 3 57
9 22 9 4 389
9 23 1 4 86
9 24 8 4 237
9 25 9 3 63
9 26 3 6 2633
9 27 4 3 44
9 28 2 4 56
9 29 4 5 1033
9 30 1 4 67
9 31 8 4 214
9 32 9 5 2141
9 33 5 3 64
9 34 4 4 156
9 35 7 3 44
9 36 8 3 54
9 37 5 3 65
9 38 3 5 711
9 39 5 3 103
9 40 2 4 96
9 41 5 4 117
9 42 7 5 835
9 43 3 3 50
9 44 2 4 70
9 45 2 5 1208
9 46 10 4 839
9 47 2 4 94
9 48 1 4 88
9 49 4 4 207
9 50 3 4 334
9 51 1 7 13307
9 52 9 3 116
9 53 3 4 148
9 54 8 3 84
9 55 6 3 45
9 56 8 3 43
9 57 2 5 324
9 58 1 4 58
9 59 4 3 79
9 60 3 4 180
9 61 7 3 58
9 62 10 3 56
9 63 10 4 301
10 0 7 4 284
10 1 10 4 1084
10 2 6 3 125
10 3 3 3 35
10 4 7 3 95
10 5 6 3 108
10 6 6 3 40
10 7 7 5 4064
10 8 1 5 188
10 9 3 4 140
10 10 4 3 62
10 11 4 3 28
10 12 6 4 136
10 13 10 2 34
10 14 7 4 247
10 15 3 4 250
10 16 10 2 27
10 17 5 4 273
10 18 4 3 45
10 19 3 6 2813
10 20 8 3 142
10 21 3 4 192
10 22 5 4 133
10 23 7 4 166
10 24 5 5 1073
10 25 8 3 46
10 26 5 3 27
10 27 2 5 892
10 28 9 5 3345
10 29 3 3 62
10 30 6 3 52
10 31 9 4 444
10 32 8 3 175
10 33 4 7 21308
10 34 3 3 26
10 35 9 3 49
10 36 2 3 43
10 37 2 4 135
10 38 5 4 420
10 39 1 4 111
10 40 7 3 83
10 41 1 5 378
10 42 3 4 83
10 43 9 4 542
10 44 3 3 43
10 45 9 4 273
10 46 8 3 98
10 47 8 3 78
10 48 1 4 88
10 49 1 4 35
10 50 2 5 440
10 51 10 2 50
10 52 2 4 69
10 53 9 2 37
10 54 2 4 207
10 55 5 5 2780
10 56 2 5 1190
10 57 7 3 86
10 58 7 3 88
10 59 1 6 863
10 60 9 4 855
10 61 5 4 273
10 62 1 4 82
10 63 7 3 93
11 0 10 3 173
11 1 6 3 37
11 2 5 3 31
11 3 3 4 292
11 4 2 6 4959
11 5 10 3 149
11 6 7 2 26
11 7 5 4 458
11 8 9 4 774
11 9 6 3 96
11 10 8 3 73
11 11 4 3 42
11 12 10 5 6562
11 13 3 3 26
11 14 4 2 16
11 15 3 7 14912
11 16 10 2 21
11 17 1 6 726
11 18 4 3 85
11 19 6 3 42
11 20 9 4 344
11 21 5 5 1654
11 22 9 4 715
11 23 4 5 597
11 24 9 3 163
11 25 10 4 292
11 26 9 2 33
11 27 9 2 22
11 28 6 6 23002
11 29 2 4 45
11 30 9 6 31304
11 31 4 6 4022
11 32 7 4 426
11 33 1 5 155
11 34 4 5 625
11 35 3 4 228
11 36 4 5 507
11 37 5 3 30
11 38 5 5 2494
11 39 10 3 56
11 40 4 3 39
11 41 2 4 56
11 42 10 3 65
11 43 8 3 59
11 44 4 5 563
11 45 5 5 868
11 46 10 5 1369
11 47 8 6 20529
11 48 8 3 58
11 49 3 6 10191
11 50 1 5 393
11 51 9 5 1368
11 52 1 4 42
11 53 4 3 50
11 54 5 3 83
11 55 7 3 89
11 56 9 2 32
11 57 7 4 786
11 58 4 3 79
11 59 2 4 45
11 60 5 3 47
11 61 2 4 67
11 62 4 4 276
11 63 6 6 7250
12 0 5 3 52
12 1 10 2 45
12 2 5 5 1655
12 3 6 4 420
12 4 6 3 78
12 5 4 2 9
12 6 6 5 1901
12 7 8 3 73
12 8 2 4 196
12 9 4 4 130
12 10 2 5 302
12 11 3 4 129
12 12 3 4 155
12 13 4 4 153
12 14 4 5 589
12 15 10 4 702
12 16 3 3 37
12 17 7 6 10332
12 18 2 4 162
12 19 3 3 52
12 20 8 2 23
12 21 8 5 2942
12 22 7 4 312
12 23 6 5 933
12 24 3 4 87
12 25 1 4 70
12 26 9 4 804
12 27 2 6 2134
12 28 3 5 396
12 29 4 3 31
12 30 10 2 32
12 31 8 6 5629
12 32 3 4 101
12 33 9 6 29075
12 34 2 3 19
12 35 2 4 150
12 36 9 6 13048
12 37 8 2 30
12 38 10 4 482
12 39 5 3 101
12 40 9 4 350
12 41 4 4 253
12 42 7 2 19
12 43 7 2 28
12 44 10 5 3309
12 45 4 4 100
12 46 5 3 65
12 47 1 4 72
12 48 3 4 68
12 49 9 3 197
12 50 6 6 8621
12 51 2 4 111
12 52 3 3 38
12 53 10 4 312
12 54 5 3 71
12 55 2 4 75
12 56 1 3 20
12 57 2 4 78
12 58 6 6 5263
12 59 10 3 57
12 60 7 4 420
12 61 7 2 24
12 62 7 2 24
12 63 5 5 1538
13 0 9 6 29274
13 1 1 5 117
13 2 10 5 1188
13 3 6 6 21862
13 4 9 2 46
13 5 8 3 154
13 6 8 1 11
13 7 7 4 284
13 8 8 4 320
13 9 7 2 33
13 10 7 3 51
13 11 8 6 21985
13 12 5 4 148
13 13 5 6 3528
13 14 2 2 5
13 15 8 3 138
13 16 10 4 308
13 17 1 5 438
13 18 1 3 16
13 19 6 2 31
13 20 5 4 486
13 21 6 4 538
13 22 9 3 186
13 23 5 3 31
13 24 10 3 157
13 25 7 3 39
13 26 5 3 48
13 27 9 4 520
13 28 5 5 1319
13 29 8 3 102
13 30 6 3 87
13 31 5 4 270
13 32 6 6 5343
13 33 3 4 118
13 34 10 3 70
13 35 8 2 37
13 36 7 4 433
13 37 8 5 1263
13 38 8 2 21
13 39 8 3 137
13 40 6 2 24
13 41 8 2 31
13 42 4 3 74
13 43 6 3 80
13 44 7 2 15
13 45 1 4 93
13 46 3 4 130
13 47 1 5 182
13 48 1 4 30
13 49 7 4 167
13 50 3 4 194
13 51 6 3 55
13 52 6 4 461
13 53 3 4 73
13 54 7 5 2017
13 55 4 3 32
13 56 7 2 29
13 57 6 4 159
13 58 2 7 17125
13 59 10 3 74
13 60 9 4 522
13 61 1 5 198
13 62 2 4 154
13 63 1 5 130
14 0 10 4 593
14 1 6 4 679
14 2 7 6 10266
14 3 4 4 373
14 4 2 5 347
14 5 9 2 25
14 6 5 3 45
14 7 5 2 13
14 8 1 4 37
14 9 6 4 469
14 10 7 2 26
14 11 5 3 84
14 12 8 5 4264
14 13 8 5 5198
14 14 6 4 467
14 15 5 5 1009
14 16 2 4 199
14 17 10 4 292
14 18 2 3 29
14 19 7 3 109
14 20 3 3 23
14 21 6 4 343
14 22 3 4 256
14 23 4 3 71
14 24 9 3 147
14 25 4 4 309
14 26 6 3 129
14 27 5 5 2874
14 28 4 3 28
14 29 4 3 33
14 30 2 4 83
14 31 7 3 50
14 32 7 4 212
14 33 1 4 52
14 34 10 2 31
14 35 1 4 56
14 36 3 4 73
14 37 10 3 106
14 38 3 3 56
14 39 3 4 99
14 40 10 5 3894
14 41 9 1 12
14 42 2 3 27
14 43 5 6 16480
14 44 3 3 46
14 45 3 3 41
14 46 1 3 8
14 47 2 3 31
14 48 8 3 94
14 49 5 2 9
14 50 6 3 49
14 51 5 3 102
14 52 6 2 18
14 53 5 2 10
14 54 7 4 264
14 55 5 4 171
14 56 10 3 56
14 57 3 4 178
14 58 5 4 177
14 59 1 4 76
14 60 6 2 17
14 61 5 4 301
14 62 5 3 40
14 63 8 3 115
15 0 6 4 177
15 1 8 3 143
15 2 7 3 133
15 3 8 3 70
15 4 5 3 89
15 5 7 4 509
15 6 4 5 830
15 7 8 4 329
15 8 10 5 3110
15 9 6 4 647
15 10 8 4 315
15 11 6 4 417
15 12 3 4 105
15 13 9 2 43
15 14 7 3 130
15 15 7 3 54
15 16 10 3 82
15 17 4 4 150
15 18 6 4 184
15 19 7 3 135
15 20 2 5 329
15 21 3 3 58
15 22 6 3 72
15 23 5 4 210
15 24 4 5 731
15 25 6 3 43
15 26 8 2 29
15 27 6 3 53
15 28 9 2 38
15 29 6 3 71
15 30 9 5 3546
15 31 9 5 4555
15 32 5 2 22
15 33 8 4 803
15 34 6 5 941
15 35 2 4 106
15 36 10 5 3224
15 37 5 5 1562
15 38 5 3 30
15 39 4 3 41
15 40 9 3 93
15 41 8 4 180
15 42 10 4 374
15 43 8 4 385
15 44 5 4 168
15 45 3 3 22
15 46 3 2 13
15 47 3 3 51
15 48 4 5 475
15 49 7 2 32
15 50 5 2 13
15 51 5 3 39
15 52 4 3 42
15 53 2 3 29
15 54 6 5 1606
15 55 9 3 168
15 56 10 3 60
15 57 9 1 10
15 58 10 2 45
15 59 10 4 478
15 60 7 3 49
15 61 7 5 1897
15 62 7 3 109
15 63 7 6 10828
16 0 8 4 401
16 1 5 3 60
16 2 4 6 2846
16 3 1 3 21
16 4 1 3 9
16 5 9 4 258
16 6 5 2 11
16 7 10 4 676
16 8 5 4 279
16 9 7 4 613
16 10 10 2 39
16 11 2 4 125
16 12 3 3 65
16 13 1 4 102
16 14 8 2 38
16 15 5 4 242
16 16 3 3 18
16 17 1 4 100
16 18 6 1 10
16 19 1 5 203
16 20 2 4 137
16 21 9 2 28
16 22 9 4 555
16 23 4 5 521
16 24 10 3 135
16 25 1 5 116
16 26 10 2 40
16 27 2 4 63
16 28 4 3 28
16 29 1 7 6211
16 30 2 4 187
16 31 5 3 40
16 32 6 5 2536
16 33 2 4 56
16 34 8 3 83
16 35 9 5 1193
16 36 4 3 57
16 37 7 3 104
16 38 4 4 113
16 39 10 5 1532
16 40 6 4 209
16 41 7 5 2367
16 42 8 3 57
16 43 9 3 88
16 44 8 4 624
16 45 2 3 36
16 46 9 2 42
16 47 1 5 203
16 48 7 5 4753
16 49 6 3 115
16 50 4 3 36
16 51 5 5 859
16 52 9 2 33
16 53 8 4 804
16 54 8 6 7291
16 55 3 4 173
16 56 10 3 98
16 57 6 6 5480
16 58 3 3 38
16 59 2 4 120
16 60 9 5 2609
16 61 9 3 136
16 62 7 3 80
16 63 10 4 250
17 0 8 3 54
17 1 6 5 778
17 2 5 5 3339
17 3 7 3 89
17 4 7 4 488
17 5 7 2 30
17 6 3 3 43
17 7 1 4 102
17 8 10 2 41
17 9 8 3 71
17 10 6 4 293
17 11 6 5 782
17 12 3 3 24
17 13 7 4 472
17 14 8 3 47
17 15 4 4 164
17 16 9 3 104
17 17 10 4 956
17 18 3 5 515
17 19 5 5 1983
17 20 2 6 2961
17 21 1 5 211
17 22 5 3 73
17 23 3 4 329
17 24 8 5 2341
17 25 6 3 102
17 26 10 4 542
17 27 1 5 420
17 28 10 2 50
17 29 1 5 251
17 30 2 6 2606
17 31 7 3 55
17 32 4 7 55046
17 33 6 3 71
17 34 10 3 95
17 35 10 3 58
17 36 10 4 347
17 37 5 2 26
17 38 7 3 82
17 39 4 4 231
17 40 3 5 688
17 41 1 6 2187
17 42 9 4 306
17 43 3 3 64
17 44 8 4 464
17 45 3 3 59
17 46 1 4 94
17 47 6 3 53
17 48 5 3 43
17 49 10 5 1744
17 50 4 4 127
17 51 7 5 859
17 52 5 3 80
17 53 2 4 49
17 54 2 4 159
17 55 10 3 72
17 56 1 5 163
17 57 2 7 20554
17 58 8 3 58
17 59 8 2 34
17 60 3 4 153
17 61 8 4 394
17 62 6 3 67
17 63 4 3 64
18 0 2 6 4007
18 1 1 4 52
18 2 1 5 168
18 3 2 5 594
18 4 1 4 76
18 5 7 4 193
18 6 8 4 184
18 7 10 2 29
18 8 1 4 90
18 9 10 2 37
18 10 9 2 26
18 11 4 6 5234
18 12 2 5 402
18 13 5 3 54
18 14 4 3 47
18 15 10 4 267
18 16 7 7 75969
18 17 10 3 90
18 18 1 5 137
18 19 3 5 381
18 20 10 3 79
18 21 4 5 714
18 22 1 4 39
18 23 9 3 68
18 24 3 5 578
18 25 10 3 70
18 26 9 3 105
18 27 7 3 71
18 28 7 3 140
18 29 7 3 64
18 30 1 4 88
18 31 7 2 29
18 32 8 1 14
18 33 8 3 175
18 34 4 3 48
18 35 10 7 102650
18 36 3 5 408
18 37 9 1 6
18 38 8 2 26
18 39 8 2 31
18 40 10 2 47
18 41 1 6 2055
18 42 8 3 71
18 43 10 5 1144
18 44 2 3 25
18 45 3 4 101
18 46 6 4 199
18 47 10 4 391
18 48 2 5 492
18 49 2 3 22
18 50 2 6 2328
18 51 10 3 67
18 52 2 5 378
18 53 2 4 135
18 54 4 5 768
18 55 4 3 80
18 56 7 3 84
18 57 5 3 42
18 58 3 4 68
18 59 8 2 41
18 60 2 2 9
18 61 2 4 46
18 62 4 4 123
18 63 10 5 2708
19 0 5 3 48
19 1 9 3 77
19 2 8 3 65
19 3 3 4 134
19 4 4 6 16608
19 5 10 4 574
19 6 6 3 42
19 7 1 6 833
19 8 5 5 1152
19 9 10 5 2659
19 10 4 6 8536
19 11 9 5 3506
19 12 6 4 151
19 13 3 6 11495
19 14 2 4 214
19 15 3 5 406
19 16 6 2 19
19 17 3 4 233
19 18 7 3 73
19 19 6 4 176
19 20 8 3 45
19 21 6 3 99
19 22 9 5 1188
19 23 7 5 2826
19 24 8 2 39
19 25 10 3 86
19 26 3 5 364
19 27 1 4 91
19 28 10 4 327
19 29 6 3 98
19 30 7 4 384
19 31 9 2 29
19 32 6 3 89
19 33 10 6 25236
19 34 6 3 40
19 35 3 4 73
19 36 3 5 510
19 37 10 1 16
19 38 3 4 200
19 39 3 4 70
19 40 5 4 174
19 41 1 4 79
19 42 2 4 67
19 43 2 5 940
19 44 10 5 2858
19 45 4 3 45
19 46 10 4 659
19 47 6 4 229
19 48 4 3 33
19 49 9 3 66
19 50 4 3 23
19 51 5 4 153
19 52 8 5 1498
19 53 7 1 10
19 54 8 3 99
19 55 7 2 37
19 56 7 4 396
19 57 3 5 421
19 58 7 6 8396
19 59 5 5 1064
19 60 5 3 33
19 61 4 3 32
19 62 2 5 251
19 63 2 4 107
20 0 9 2 27
20 1 5 2 21
20 2 6 3 73
20 3 8 3 54
20 4 10 4 477
20 5 2 4 45
20 6 2 6 3436
20 7 7 3 49
20 8 1 7 13023
20 9 9 3 59
20 10 3 3 39
20 11 9 2 30
20 12 8 3 106
20 13 5 3 102
20 14 3 4 115
20 15 10 3 69
20 16 2 5 284
20 17 6 3 56
20 18 2 4 64
20 19 8 3 115
20 20 10 3 68
20 21 9 2 23
20 22 9 2 19
20 23 1 4 29
20 24 2 4 148
20 25 6 4 407
20 26 3 5 1384
20 27 5 2 14
20 28 5 4 231
20 29 5 3 34
20 30 3 2 15
20 31 9 5 1372
20 32 6 4 357
20 33 7 2 26
20 34 9 4 283
20 35 1 5 168
20 36 5 3 45
20 37 1 4 65
20 38 7 4 714
20 39 9 3 93
20 40 5 5 637
20 41 2 3 29
20 42 3 4 188
20 43 3 4 183
20 44 6 3 51
20 45 9 2 35
20 46 6 3 51
20 47 6 4 366
20 48 6 5 1504
20 49 2 4 139
20 50 3 3 43
20 51 7 2 27
20 52 9 4 758
20 53 9 4 287
20 54 4 4 188
20 55 1 6 743
20 56 7 3 52
20 57 10 4 449
20 58 2 4 173
20 59 7 5 1966
20 60 2 4 165
20 61 5 4 181
20 62 9 4 469
20 63 6 3 44
21 0 10 2 30
21 1 1 4 63
21 2 3 6 4381
21 3 1 5 193
21 4 5 4 155
21 5 2 4 164
21 6 9 3 125
21 7 3 3 23
21 8 4 5 549
21 9 10 3 65
21 10 5 3 37
21 11 9 2 24
21 12 8 3 131
21 13 10 3 101
21 14 5 4 314
21 15 4 5 672
21 16 2 6 5575
21 17 10 3 137
21 18 10 6 11487
21 19 6 4 136
21 20 1 6 972
21 21 3 3 28
21 22 3 6 6526
21 23 4 3 48
21 24 8 4 362
21 25 9 4 203
21 26 5 4 414
21 27 1 6 1576
21 28 9 3 100
21 29 2 4 109
21 30 8 2 36
21 31 4 3 39
21 32 2 4 56
21 33 10 4 383
21 34 8 2 33
21 35 10 4 1032
21 36 9 4 325
21 37 5 4 205
21 38 3 4 167
21 39 9 3 68
21 40 1 4 50
21 41 4 4 294
21 42 8 5 1290
21 43 8 4 178
21 44 1 6 864
21 45 7 3 76
21 46 2 3 12
21 47 2 4 62
21 48 6 3 58
21 49 6 4 239
21 50 9 3 118
21 51 10 2 31
21 52 7 6 25290
21 53 8 3 93
21 54 5 4 133
21 55 4 3 73
21 56 5 4 557
21 57 3 3 42
21 58 9 4 312
21 59 10 2 45
21 60 5 4 220
21 61 10 3 55
21 62 5 5 610
21 63 5 4 113
22 0 3 5 1370
22 1 5 4 115
22 2 2 4 110
22 3 6 3 61
22 4 5 6 12025
22 5 9 6 17676
22 6 3 4 230
22 7 5 3 56
22 8 10 1 15
22 9 9 2 21
22 10 8 6 14339
22 11 6 5 768
22 12 2 3 37
22 13 2 6 1745
22 14 6 2 26
22 15 1 4 34
22 16 2 3 26
22 17 1 5 678
22 18 10 5 2049
22 19 4 4 105
22 20 7 3 55
22 21 2 3 36
22 22 7 2 27
22 23 4 4 195
22 24 8 4 532
22 25 7 4 167
22 26 1 5 116
22 27 9 4 704
22 28 5 6 11304
22 29 5 5 1570
22 30 2 5 593
22 31 9 5 3102
22 32 1 4 35
22 33 2 3 23
22 34 9 3 198
22 35 9 3 53
22 36 2 4 105
22 37 7 3 51
22 38 8 3 82
22 39 10 3 57
22 40 4 5 2333
22 41 1 4 38
22 42 2 4 55
22 43 10 5 2190
22 44 10 3 195
22 45 6 3 37
22 46 3 5 1410
22 47 10 2 48
22 48 5 4 123
22 49 5 2 18
22 50 2 4 69
22 51 10 3 182
22 52 3 3 25
22 53 10 3 108
22 54 8 2 37
22 55 7 5 1440
22 56 9 2 31
22 57 10 4 329
22 58 2 4 214
22 59 7 3 96
22 60 9 1 14
22 61 1 6 1111
22 62 8 2 29
22 63 4 6 7576
23 0 8 4 322
23 1 10 4 729
23 2 7 3 43
23 3 8 6 35296
23 4 3 3 61
23 5 2 6 6212
23 6 4 4 252
23 7 9 1 13
23 8 3 4 321
23 9 4 3 34
23 10 3 4 77
23 11 4 2 20
23 12 7 4 324
23 13 1 4 49
23 14 4 5 842
23 15 6 4 227
23 16 1 4 31
23 17 9 3 83
23 18 5 4 134
23 19 7 3 86
23 20 10 2 53
23 21 2 4 149
23 22 4 6 4205
23 23 4 5 2039
23 24 7 4 626
23 25 1 4 24
23 26 9 1 15
23 27 9 4 236
23 28 5 6 8351
23 29 6 5 1816
23 30 4 3 79
23 31 10 4 961
23 32 3 3 37
23 33 7 4 440
23 34 10 3 126
23 35 10 3 75
23 36 6 5 1402
23 37 4 2 14
23 38 3 3 36
23 39 4 3 39
23 40 5 3 93
23 41 3 5 1502
23 42 3 4 92
23 43 8 3 56
23 44 6 6 17673
23 45 6 3 40
23 46 6 5 1086
23 47 8 3 56
23 48 3 3 28
23 49 8 2 19
23 50 8 5 1022
23 51 4 6 18851
23 52 8 4 266
23 53 3 4 98
23 54 1 4 27
23 55 1 5 461
23 56 8 3 171
23 57 1 7 30660
23 58 9 2 19
23 59 9 5 2108
23 60 9 4 297
23 61 7 2 22
23 62 6 7 45833
23 63 2 4 196
24 0 9 2 27
24 1 7 3 52
24 2 1 7 17220
24 3 10 5 2166
24 4 2 7 52334
24 5 9 3 166
24 6 10 4 487
24 7 6 3 115
24 8 1 4 50
24 9 10 2 42
24 10 8 5 5097
24 11 10 5 1167
24 12 9 2 26
24 13 2 4 72
24 14 2 4 74
24 15 10 3 205
24 16 7 3 102
24 17 1 5 388
24 18 5 3 109
24 19 2 4 217
24 20 6 4 268
24 21 6 6 7949
24 22 7 5 873
24 23 1 3 22
24 24 5 3 34
24 25 8 5 1035
24 26 8 4 277
24 27 8 3 92
24 28 5 3 44
24 29 10 3 79
24 30 5 3 33
24 31 3 4 90
24 32 2 3 13
24 33 3 5 502
24 34 5 6 5606
24 35 7 3 136
24 36 2 3 20
24 37 1 7 24221
24 38 4 3 33
24 39 9 4 377
24 40 3 3 30
24 41 7 3 53
24 42 3 3 32
24 43 6 3 37
24 44 5 5 1913
24 45 8 3 111
24 46 1 4 23
24 47 1 4 65
24 48 7 3 116
24 49 8 5 909
24 50 7 3 52
24 51 8 2 21
24 52 9 4 266
24 53 9 4 836
24 54 6 2 31
24 55 9 2 25
24 56 3 6 2110
24 57 1 5 124
24 58 3 3 66
24 59 3 4 129
24 60 4 4 238
24 61 7 5 3109
24 62 9 2 47
24 63 2 5 910
25 0 3 3 44
25 1 10 3 104
25 2 1 4 102
25 3 7 4 432
25 4 7 5 2589
25 5 5 4 235
25 6 8 3 50
25 7 8 2 25
25 8 9 4 671
25 9 2 5 254
25 10 8 4 184
25 11 6 5 3550
25 12 8 3 87
25 13 9 2 33
25 14 8 4 259
25 15 1 4 34
25 16 2 3 19
25 17 8 5 1063
25 18 1 6 1314
25 19 9 3 123
25 20 5 4 216
25 21 2 5 837
25 22 9 3 112
25 23 2 3 41
25 24 7 4 172
25 25 3 5 1322
25 26 4 3 46
25 27 7 4 436
25 28 2 3 18
25 29 6 3 35
25 30 2 4 48
25 31 3 3 33
25 32 1 4 71
25 33 6 3 81
25 34 9 2 16
25 35 1 5 518
25 36 6 5 3187
25 37 5 5 1161
25 38 6 5 3320
25 39 2 5 532
25 40 9 3 54
25 41 5 5 2310
25 42 10 2 25
25 43 1 5 159
25 44 10 6 10171
25 45 6 4 410
25 46 9 1 14
25 47 1 4 48
25 48 5 3 47
25 49 5 4 164
25 50 2 4 85
25 51 3 3 39
25 52 8 2 40
25 53 6 4 251
25 54 2 4 79
25 55 6 2 13
25 56 1 4 46
25 57 1 4 66
25 58 7 3 137
25 59 5 5 638
25 60 10 3 70
25 61 9 5 1660
25 62 8 2 33
25 63 1 5 349
26 0 2 3 18
26 1 6 3 35
26 2 6 3 34
26 3 6 3 107
26 4 1 4 47
26 5 7 5 1237
26 6 9 3 112
26 7 1 5 460
26 8 9 3 101
26 9 1 5 584
26 10 6 6 4704
26 11 1 5 229
26 12 1 3 14
26 13 3 6 3430
26 14 5 2 20
26 15 6 2 21
26 16 1 4 94
26 17 6 3 99
26 18 7 3 68
26 19 2 4 62
26 20 1 5 175
26 21 3 4 159
26 22 8 2 16
26 23 9 4 481
26 24 2 4 78
26 25 9 3 153
26 26 1 3 14
26 27 2 4 49
26 28 7 4 366
26 29 8 4 747
26 30 2 4 204
26 31 5 5 1547
26 32 8 3 84
26 33 6 3 90
26 34 7 3 58
26 35 2 4 77
26 36 9 3 126
26 37 10 2 52
26 38 7 3 138
26 39 5 5 2729
26 40 5 3 48
26 41 2 3 28
26 42 3 4 275
26 43 5 4 247
26 44 8 5 1221
26 45 4 4 121
26 46 9 2 30
26 47 1 4 96
26 48 9 3 54
26 49 10 5 1753
26 50 2 6 3628
26 51 2 5 228
26 52 3 4 186
26 53 2 4 190
26 54 6 3 38
26 55 9 3 106
26 56 4 4 227
26 57 7 3 53
26 58 7 3 108
26 59 3 3 20
26 60 3 3 37
26 61 3 2 13
26 62 2 3 36
26 63 10 3 65
27 0 3 4 106
27 1 3 4 198
27 2 3 3 57
27 3 5 3 62
27 4 7 2 35
27 5 6 3 67
27 6 2 5 299
27 7 6 4 617
27 8 9 3 156
27 9 7 4 404
27 10 5 4 128
27 11 8 4 200
27 12 6 3 99
27 13 8 3 116
27 14 5 5 3312
27 15 5 6 9069
27 16 4 2 16
27 17 2 4 52
27 18 9 3 118
27 19 6 3 97
27 20 7 3 89
27 21 6 4 346
27 22 5 3 85
27 23 4 4 90
27 24 2 5 1317
27 25 8 3 159
27 26 4 3 58
27 27 2 4 111
27 28 5 2 25
27 29 2 4 116
27 30 3 3 35
27 31 6 2 22
27 32 6 3 40
27 33 5 5 1014
27 34 9 2 21
27 35 8 3 61
27 36 4 3 25
27 37 7 4 190
27 38 5 4 254
27 39 2 2 9
27 40 8 3 107
27 41 8 4 189
27 42 5 3 96
27 43 9 4 202
27 44 1 4 92
27 45 3 5 523
27 46 5 3 35
27 47 7 4 169
27 48 4 3 54
27 49 9 5 1035
27 50 5 5 2963
27 51 1 3 22
27 52 10 3 74
27 53 5 2 19
27 54 5 4 557
27 55 8 4 288
27 56 10 3 69
27 57 5 4 114
27 58 8 3 121
27 59 1 4 77
27 60 2 5 372
27 61 7 4 515
27 62 8 4 593
27 63 8 4 667
28 0 6 5 862
28 1 2 4 82
28 2 4 4 102
28 3 4 3 39
28 4 10 3 150
28 5 2 6 1401
28 6 6 3 90
28 7 8 2 34
28 8 4 4 168
28 9 5 4 496
28 10 8 3 63
28 11 2 5 1232
28 12 6 5 1576
28 13 2 6 5113
28 14 10 3 136
28 15 8 3 43
28 16 6 3 55
28 17 4 5 815
28 18 6 1 9
28 19 9 4 313
28 20 8 4 205
28 21 2 4 102
28 22 5 5 1219
28 23 2 6 3856
28 24 2 4 82
28 25 9 3 64
28 26 1 4 35
28 27 2 5 396
28 28 1 4 74
28 29 2 6 7298
28 30 7 4 559
28 31 10 3 123
28 32 10 2 20
28 33 3 7 23315
28 34 4 3 54
28 35 7 3 82
28 36 7 4 232
28 37 6 4 139
28 38 4 3 55
28 39 9 2 31
28 40 8 3 70
28 41 3 6 3093
28 42 4 2 19
28 43 10 4 989
28 44 8 4 346
28 45 4 5 1576
28 46 8 5 2049
28 47 2 5 321
28 48 5 4 113
28 49 7 3 110
28 50 2 5 1066
28 51 10 5 1139
28 52 2 7 29238
28 53 1 4 93
28 54 9 4 484
28 55 2 4 53
28 56 7 3 126
28 57 7 3 86
28 58 5 3 84
28 59 7 2 30
28 60 5 5 692
28 61 2 3 41
28 62 6 4 404
28 63 9 2 40
29 0 4 3 22
29 1 10 3 111
29 2 10 4 241
29 3 9 6 17919
29 4 6 4 290
29 5 10 3 185
29 6 10 5 5853
29 7 2 5 237
29 8 3 3 41
29 9 2 4 140
29 10 2 3 27
29 11 2 3 40
29 12 4 3 35
29 13 5 4 220
29 14 4 6 7238
29 15 5 4 522
29 16 1 5 334
29 17 2 5 370
29 18 7 3 70
29 19 10 4 532
29 20 2 4 47
29 21 2 4 49
29 22 10 2 42
29 23 1 5 121
29 24 1 5 540
29 25 3 4 150
29 26 8 2 22
29 27 1 4 93
29 28 4 4 202
29 29 5 5 850
29 30 6 2 24
29 31 8 4 767
29 32 3 5 441
29 33 2 6 2089
29 34 8 4 186
29 35 5 4 463
29 36 1 4 48
29 37 2 5 416
29 38 8 4 338
29 39 5 4 171
29 40 9 3 136
29 41 10 4 548
29 42 2 5 450
29 43 10 2 25
29 44 1 4 30
29 45 7 7 35760
29 46 2 4 201
29 47 4 4 369
29 48 10 4 331
29 49 7 3 79
29 50 7 3 76
29 51 3 6 5384
29 52 10 2 23
29 53 5 2 18
29 54 9 2 46
29 55 10 4 352
29 56 2 4 95
29 57 10 3 86
29 58 7 3 48
29 59 10 3 71
29 60 10 3 157
29 61 6 4 502
29 62 9 6 7216
29 63 8 2 39
30 0 6 4 295
30 1 10 3 114
30 2 10 2 43
30 3 3 6 2213
30 4 9 3 62
30 5 6 3 116
30 6 4 4 370
30 7 2 4 47
30 8 8 5 3146
30 9 2 4 76
30 10 4 4 173
30 11 7 4 347
30 12 5 3 47
30 13 10 2 23
30 14 7 3 44
30 15 6 4 387
30 16 1 5 221
30 17 10 3 55
30 18 6 3 33
30 19 7 3 124
30 20 7 3 41
30 21 4 4 250
30 22 4 4 250
30 23 2 5 495
30 24 9 4 315
30 25 7 3 41
30 26 9 2 39
30 27 8 4 309
30 28 3 4 301
30 29 6 3 69
30 30 8 6 16075
30 31 6 3 33
30 32 6 5 3655
30 33 2 4 190
30 34 6 2 29
30 35 9 5 1295
30 36 5 3 90
30 37 4 2 20
30 38 9 2 33
30 39 7 3 83
30 40 9 3 60
30 41 6 3 92
30 42 4 4 101
30 43 8 2 27
30 44 8 3 50
30 45 10 2 19
30 46 10 4 228
30 47 8 2 31
30 48 2 5 275
30 49 8 5 2479
30 50 1 3 16
30 51 8 4 334
30 52 9 2 22
30 53 3 3 36
30 54 8 3 70
30 55 7 3 115
30 56 9 3 104
30 57 10 7 73306
30 58 2 4 132
30 59 2 5 586
30 60 9 4 559
30 61 8 3 56
30 62 7 4 662
30 63 10 3 61
31 0 3 3 26
31 1 8 3 96
31 2 3 5 1203
31 3 7 4 546
31 4 10 2 42
31 5 9 3 105
31 6 5 5 1807
31 7 3 3 32
31 8 5 3 60
31 9 3 4 69
31 10 9 2 40
31 11 10 2 43
31 12 4 5 1042
31 13 9 5 4642
31 14 8 3 81
31 15 10 4 1066
31 16 8 3 148
31 17 4 4 109
31 18 7 3 66
31 19 7 3 73
31 20 8 4 291
31 21 8 3 66
31 22 3 3 51
31 23 6 3 111
31 24 5 4 164
31 25 10 3 87
31 26 3 3 35
31 27 9 2 33
31 28 9 4 358
31 29 8 4 706
31 30 8 5 971
31 31 10 4 423
31 32 10 2 38
31 33 5 3 44
31 34 8 2 33
31 35 1 5 212
31 36 5 6 4495
31 37 8 3 91
31 38 4 6 4749
31 39 5 4 231
31 40 6 3 70
31 41 7 4 402
31 42 9 3 108
31 43 9 3 56
31 44 6 4 306
31 45 3 3 35
31 46 9 2 47
31 47 6 3 80
31 48 5 4 259
31 49 5 3 96
31 50 4 4 92
31 51 4 4 286
31 52 4 6 3661
31 53 7 3 44
31 54 8 3 98
31 55 6 3 113
31 56 8 3 109
31 57 5 4 351
31 58 10 4 282
31 59 8 2 38
31 60 1 5 186
31 61 1 5 116
31 62 9 4 258
31 63 1 6 1575
32 0 4 5 461
32 1 9 2 47
32 2 9 3 52
32 3 7 4 369
32 4 2 4 173
32 5 7 4 386
32 6 2 8 134544
32 7 2 3 24
32 8 7 3 61
32 9 1 6 1147
32 10 5 3 30
32 11 10 3 114
32 12 7 3 69
32 13 7 3 73
32 14 1 4 49
32 15 7 2 36
32 16 2 5 484
32 17 7 5 1025
32 18 8 3 70
32 19 9 4 378
32 20 10 3 138
32 21 7 3 45
32 22 8 2 42
32 23 2 3 32
32 24 7 4 206
32 25 2 5 233
32 26 4 4 207
32 27 8 4 857
32 28 9 4 677
32 29 7 3 51
32 30 7 4 423
32 31 4 4 124
32 32 10 5 1757
32 33 7 2 36
32 34 2 4 77
32 35 6 4 250
32 36 10 2 18
32 37 1 4 52
32 38 4 5 912
32 39 7 3 76
32 40 7 5 2097
32 41 1 4 38
32 42 1 4 42
32 43 2 7 12233
32 44 5 6 5977
32 45 4 3 27
32 46 8 2 41
32 47 6 6 8947
32 48 3 6 3066
32 49 2 5 1306
32 50 4 3 38
32 51 1 6 4207
32 52 7 2 28
32 53 7 6 9586
32 54 9 3 68
32 55 10 4 282
32 56 8 3 144
32 57 8 4 254
32 58 7 3 50
32 59 1 5 116
32 60 5 4 209
32 61 9 4 351
32 62 7 2 18
32 63 6 6 5488
33 0 10 6 19545
33 1 7 3 69
33 2 9 3 148
33 3 4 5 2018
33 4 2 4 127
33 5 5 2 20
33 6 6 2 14
33 7 4 3 79
33 8 7 3 49
33 9 6 2 18
33 10 8 4 313
33 11 2 3 20
33 12 6 3 88
33 13 10 4 544
33 14 8 4 296
33 15 8 3 169
33 16 3 4 71
33 17 7 5 2219
33 18 9 3 63
33 19 5 3 43
33 20 4 3 42
33 21 1 4 59
33 22 9 4 223
33 23 8 3 89
33 24 10 1 9
33 25 6 5 2527
33 26 3 5 440
33 27 5 3 51
33 28 9 3 96
33 29 3 4 231
33 30 7 4 447
33 31 3 3 21
33 32 7 3 49
33 33 7 6 16831
33 34 9 3 191
33 35 5 4 340
33 36 1 8 79334
33 37 1 4 49
33 38 5 4 172
33 39 7 3 52
33 40 8 4 372
33 41 7 2 19
33 42 9 2 29
33 43 3 5 1117
33 44 4 4 99
33 45 7 3 41
33 46 1 6 3525
33 47 5 3 53
33 48 2 7 43667
33 49 10 4 277
33 50 2 4 159
33 51 8 3 126
33 52 9 3 58
33 53 6 3 33
33 54 9 3 84
33 55 3 3 61
33 56 1 4 75
33 57 7 3 45
33 58 8 3 111
33 59 3 3 50
33 60 5 3 53
33 61 10 5 1858
33 62 2 3 31
33 63 3 3 64
34 0 8 3 62
34 1 8 3 107
34 2 1 5 121
34 3 1 3 14
34 4 6 3 65
34 5 6 2 13
34 6 2 4 112
34 7 8 6 7056
34 8 9 2 36
34 9 9 2 42
34 10 8 6 7805
34 11 4 5 1133
34 12 1 6 1278
34 13 9 1 13
34 14 4 3 25
34 15 5 4 507
34 16 1 5 507
34 17 4 5 2007
34 18 9 4 639
34 19 10 3 211
34 20 7 1 12
34 21 2 3 28
34 22 6 3 42
34 23 2 4 53
34 24 2 5 293
34 25 5 4 168
34 26 4 5 1111
34 27 4 6 6713
34 28 2 4 80
34 29 8 4 247
34 30 1 5 199
34 31 2 6 7900
34 32 3 3 42
34 33 10 3 114
34 34 10 3 61
34 35 1 5 231
34 36 8 2 27
34 37 7 3 54
34 38 9 4 286
34 39 7 4 348
34 40 3 4 101
34 41 9 4 772
34 42 7 3 59
34 43 7 3 142
34 44 3 3 34
34 45 6 3 89
34 46 6 4 307
34 47 4 5 781
34 48 9 5 1062
34 49 9 4 921
34 50 8 2 42
34 51 9 2 20
34 52 6 4 400
34 53 4 5 2339
34 54 1 5 119
34 55 1 5 208
34 56 5 3 36
34 57 6 2 14
34 58 5 4 140
34 59 4 3 33
34 60 3 6 2626
34 61 8 4 734
34 62 1 4 31
34 63 4 5 879
35 0 8 3 48
35 1 7 5 1338
35 2 5 5 3345
35 3 7 5 3361
35 4 2 6 2496
35 5 10 4 385
35 6 2 5 755
35 7 3 6 2845
35 8 9 4 210
35 9 7 7 48452
35 10 5 4 265
35 11 4 4 106
35 12 4 4 89
35 13 5 4 270
35 14 4 4 97
35 15 8 3 121
35 16 8 4 256
35 17 6 5 1040
35 18 10 3 173
35 19 4 3 68
35 20 10 3 78
35 21 9 4 990
35 22 5 4 270
35 23 3 5 745
35 24 1 4 109
35 25 3 6 2255
35 26 4 4 157
35 27 6 3 50
35 28 7 4 194
35 29 2 4 95
35 30 4 4 286
35 31 6 3 65
35 32 8 3 138
35 33 5 4 502
35 34 3 4 139
35 35 10 3 172
35 36 4 4 331
35 37 10 2 44
35 38 3 4 185
35 39 5 3 42
35 40 4 3 76
35 41 9 4 214
35 42 9 3 140
35 43 1 6 2167
35 44 4 3 65
35 45 4 4 184
35 46 4 4 262
35 47 5 4 251
35 48 9 7 191194
35 49 6 5 732
35 50 1 4 101
35 51 6 3 57
35 52 9 3 104
35 53 1 6 1696
35 54 7 6 23213
35 55 2 5 292
35 56 6 4 165
35 57 9 4 846
35 58 5 4 205
35 59 9 4 447
35 60 5 5 1218
35 61 3 4 323
35 62 6 3 104
35 63 9 3 129
36 0 5 3 51
36 1 2 6 3190
36 2 8 4 246
36 3 10 4 450
36 4 7 3 48
36 5 2 6 4007
36 6 5 4 426
36 7 6 3 39
36 8 2 4 45
36 9 10 2 42
36 10 7 4 243
36 11 8 3 66
36 12 10 3 90
36 13 4 5 768
36 14 4 4 124
36 15 1 4 63
36 16 4 3 39
36 17 2 4 185
36 18 3 4 148
36 19 9 5 1288
36 20 5 3 29
36 21 3 3 56
36 22 8 5 1191
36 23 5 3 108
36 24 1 4 104
36 25 7 4 208
36 26 1 4 45
36 27 8 3 54
36 28 9 1 10
36 29 10 2 34
36 30 7 3 87
36 31 2 5 269
36 32 10 2 43
36 33 5 3 42
36 34 3 6 10323
36 35 4 3 76
36 36 6 7 186329
36 37 9 2 39
36 38 6 4 307
36 39 4 3 79
36 40 2 4 68
36 41 9 4 280
36 42 6 5 1049
36 43 1 7 5679
36 44 3 4 81
36 45 5 4 121
36 46 5 2 19
36 47 4 3 66
36 48 1 6 1073
36 49 9 3 130
36 50 2 5 229
36 51 10 3 100
36 52 1 7 11292
36 53 7 4 527
36 54 8 4 211
36 55 7 6 6912
36 56 9 2 39
36 57 6 5 1096
36 58 6 4 322
36 59 2 5 355
36 60 8 3 77
36 61 7 7 91104
36 62 3 4 140
36 63 8 4 225
37 0 2 5 1343
37 1 6 4 135
37 2 1 7 11214
37 3 10 2 26
37 4 3 4 72
37 5 9 2 41
37 6 3 5 749
37 7 8 1 14
37 8 8 4 856
37 9 5 3 33
37 10 8 5 1393
37 11 1 4 48
37 12 1 5 600
37 13 6 3 58
37 14 4 3 24
37 15 6 3 49
37 16 1 4 43
37 17 9 6 7655
37 18 8 4 178
37 19 3 5 1011
37 20 2 3 44
37 21 7 3 112
37 22 8 3 63
37 23 7 3 115
37 24 6 4 223
37 25 2 4 132
37 26 2 3 37
37 27 8 5 3144
37 28 9 5 5553
37 29 9 3 68
37 30 4 5 571
37 31 10 3 87
37 32 2 7 59517
37 33 4 3 47
37 34 1 5 341
37 35 6 4 221
37 36 6 3 45
37 37 5 4 373
37 38 1 5 223
37 39 2 5 335
37 40 3 4 67
37 41 7 3 40
37 42 4 3 43
37 43 8 2 37
37 44 5 3 79
37 45 6 5 838
37 46 2 5 305
37 47 5 3 44
37 48 6 3 78
37 49 5 2 25
37 50 6 3 91
37 51 7 4 659
37 52 2 5 754
37 53 7 7 95265
37 54 8 3 165
37 55 4 4 130
37 56 10 3 158
37 57 5 5 2013
37 58 9 4 288
37 59 5 6 5985
37 60 5 3 62
37 61 2 4 64
37 62 8 4 688
37 63 9 2 30
38 0 7 5 4722
38 1 2 5 275
38 2 8 2 30
38 3 5 5 2240
38 4 5 5 708
38 5 2 5 871
38 6 5 5 1558
38 7 1 4 44
38 8 1 4 25
38 9 5 4 120
38 10 6 3 89
38 11 7 3 55
38 12 8 3 87
38 13 2 7 11542
38 14 7 3 43
38 15 10 2 26
38 16 2 6 3861
38 17 10 4 335
38 18 1 5 206
38 19 7 5 1310
38 20 4 5 1730
38 21 8 4 238
38 22 10 1 15
38 23 1 6 2372
38 24 3 4 112
38 25 1 4 63
38 26 1 4 56
38 27 8 5 2289
38 28 1 5 274
38 29 2 2 6
38 30 9 4 940
38 31 4 6 3306
38 32 7 5 845
38 33 9 4 463
38 34 1 5 138
38 35 9 3 49
38 36 6 6 5746
38 37 9 4 624
38 38 3 5 646
38 39 8 3 147
38 40 7 3 39
38 41 1 3 12
38 42 6 2 15
38 43 6 4 573
38 44 4 3 88
38 45 7 3 128
38 46 6 2 17
38 47 3 3 27
38 48 4 5 628
38 49 4 3 56
38 50 4 5 1576
38 51 6 3 61
38 52 10 4 260
38 53 2 3 39
38 54 6 4 180
38 55 5 5 853
38 56 8 3 59
38 57 5 2 15
38 58 8 4 254
38 59 8 4 535
38 60 2 5 321
38 61 8 2 19
38 62 5 3 27
38 63 8 4 452
39 0 4 4 169
39 1 9 3 49
39 2 9 4 659
39 3 2 4 109
39 4 1 3 15
39 5 10 3 220
39 6 2 4 72
39 7 4 6 3242
39 8 8 3 88
39 9 7 6 10902
39 10 3 4 80
39 11 1 6 1838
39 12 1 4 23
39 13 9 3 154
39 14 7 3 81
39 15 2 5 671
39 16 5 2 22
39 17 10 3 100
39 18 5 4 222
39 19 9 3 57
39 20 8 3 63
39 21 4 6 4652
39 22 2 3 24
39 23 10 3 80
39 24 8 3 121
39 25 4 3 46
39 26 5 6 4907
39 27 7 4 202
39 28 2 3 21
39 29 9 2 31
39 30 4 3 63
39 31 8 2 17
39 32 1 4 25
39 33 5 3 63
39 34 3 4 282
39 35 8 1 14
39 36 9 3 100
39 37 10 3 66
39 38 3 6 8430
39 39 8 3 123
39 40 6 2 26
39 41 9 2 29
39 42 1 6 3624
39 43 4 4 174
39 44 3 5 1305
39 45 4 5 599
39 46 2 4 201
39 47 1 5 397
39 48 4 5 786
39 49 9 3 101
39 50 10 4 337
39 51 5 3 33
39 52 2 4 215
39 53 4 5 1342
39 54 1 4 46
39 55 4 3 79
39 56 2 4 131
39 57 1 5 178
39 58 7 4 274
39 59 8 3 113
39 60 3 3 34
39 61 10 4 526
39 62 2 4 110
39 63 7 3 94
40 0 3 2 6
40 1 6 7 58234
40 2 6 4 534
40 3 3 3 39
40 4 10 3 65
40 5 5 3 57
40 6 8 2 18
40 7 1 7 15531
40 8 6 3 35
40 9 1 4 45
40 10 8 3 88
40 11 2 4 58
40 12 5 3 34
40 13 3 3 55
40 14 7 4 483
40 15 10 2 43
40 16 1 5 620
40 17 10 4 489
40 18 5 6 7631
40 19 3 4 151
40 20 4 2 17
40 21 3 5 650
40 22 9 3 134
40 23 5 2 26
40 24 9 3 184
40 25 10 2 41
40 26 10 2 32
40 27 1 4 83
40 28 2 4 53
40 29 7 4 330
40 30 8 5 1287
40 31 10 3 106
40 32 6 4 238
40 33 10 1 9
40 34 1 4 26
40 35 2 3 13
40 36 7 4 438
40 37 10 3 118
40 38 3 4 82
40 39 8 3 98
40 40 7 4 481
40 41 9 3 123
40 42 6 3 130
40 43 5 4 236
40 44 7 3 52
40 45 2 4 80
40 46 5 2 18
40 47 1 6 4829
40 48 4 4 107
40 49 9 2 38
40 50 8 2 29
40 51 8 3 93
40 52 9 3 59
40 53 7 3 65
40 54 1 5 124
40 55 2 4 59
40 56 3 5 711
40 57 5 4 123
40 58 9 3 64
40 59 7 2 35
40 60 7 2 27
40 61 7 2 27
40 62 8 5 2137
40 63 1 6 715
41 0 5 5 1084
41 1 1 4 35
41 2 8 3 164
41 3 5 3 107
41 4 4 3 40
41 5 5 3 39
41 6 4 3 66
41 7 1 4 57
41 8 1 4 94
41 9 6 3 105
41 10 6 6 6168
41 11 2 6 7790
41 12 3 4 173
41 13 6 6 4859
41 14 1 4 100
41 15 2 4 110
41 16 3 3 37
41 17 9 5 1205
41 18 4 3 32
41 19 5 4 210
41 20 1 4 39
41 21 9 5 1329
41 22 8 3 57
41 23 10 4 517
41 24 6 3 35
41 25 6 3 44
41 26 5 5 905
41 27 5 5 639
41 28 8 2 39
41 29 3 4 148
41 30 6 3 101
41 31 5 5 924
41 32 6 4 153
41 33 9 2 27
41 34 10 3 220
41 35 4 3 69
41 36 6 3 56
41 37 10 3 78
41 38 5 2 18
41 39 5 3 99
41 40 4 4 208
41 41 6 3 47
41 42 5 5 942
41 43 7 2 32
41 44 7 3 83
41 45 2 3 13
41 46 2 3 16
41 47 1 5 236
41 48 8 4 487
41 49 8 2 32
41 50 7 2 26
41 51 3 5 1092
41 52 4 5 480
41 53 3 4 81
41 54 8 2 38
41 55 2 4 172
41 56 2 4 52
41 57 9 4 380
41 58 3 4 150
41 59 2 5 258
41 60 6 3 35
41 61 5 5 685
41 62 10 3 99
41 63 3 4 82
42 0 6 3 104
42 1 2 5 938
42 2 3 3 29
42 3 10 3 66
42 4 2 5 494
42 5 10 3 92
42 6 1 3 9
42 7 5 2 16
42 8 5 3 31
42 9 7 3 43
42 10 7 3 60
42 11 9 3 50
42 12 3 5 390
42 13 10 2 37
42 14 3 3 31
42 15 5 4 135
42 16 5 3 43
42 17 10 3 126
42 18 5 5 837
42 19 10 3 105
42 20 10 2 34
42 21 2 5 260
42 22 6 4 169
42 23 10 4 374
42 24 1 3 14
42 25 6 6 5175
42 26 5 4 283
42 27 9 3 69
42 28 10 3 123
42 29 8 7 44043
42 30 4 4 438
42 31 7 3 127
42 32 5 3 34
42 33 3 3 27
42 34 2 3 18
42 35 3 2 15
42 36 10 3 194
42 37 9 4 576
42 38 8 3 55
42 39 7 4 307
42 40 7 7 49370
42 41 9 4 692
42 42 9 3 49
42 43 2 4 119
42 44 6 2 21
42 45 8 5 1180
42 46 8 5 4003
42 47 10 2 40
42 48 8 4 216
42 49 2 4 101
42 50 6 4 144
42 51 1 4 105
42 52 5 4 394
42 53 3 3 51
42 54 5 3 38
42 55 3 4 205
42 56 1 6 4619
42 57 3 3 42
42 58 7 4 192
42 59 6 3 131
42 60 5 4 467
42 61 4 5 1474
42 62 5 3 53
42 63 7 3 72
43 0 9 3 109
43 1 5 4 152
43 2 2 5 1151
43 3 6 4 163
43 4 6 4 444
43 5 3 2 14
43 6 6 3 58
43 7 3 3 21
43 8 2 4 54
43 9 4 4 165
43 10 9 3 60
43 11 6 2 17
43 12 7 4 240
43 13 7 3 85
43 14 7 3 98
43 15 6 5 3577
43 16 7 4 466
43 17 9 2 47
43 18 2 3 41
43 19 3 4 251
43 20 7 3 48
43 21 1 4 81
43 22 5 3 39
43 23 2 4 108
43 24 7 5 3166
43 25 4 6 4567
43 26 5 3 33
43 27 10 2 25
43 28 6 5 824
43 29 5 2 24
43 30 4 6 5986
43 31 9 5 2228
43 32 5 5 1581
43 33 8 4 210
43 34 1 5 151
43 35 6 3 107
43 36 2 4 139
43 37 1 6 2761
43 38 1 5 208
43 39 5 4 164
43 40 10 2 24
43 41 2 5 1105
43 42 9 4 443
43 43 5 3 36
43 44 7 3 38
43 45 1 4 26
43 46 6 3 99
43 47 5 5 2984
43 48 2 5 762
43 49 6 5 1415
43 50 9 3 149
43 51 2 6 4050
43 52 6 3 83
43 53 9 4 539
43 54 5 3 58
43 55 5 2 20
43 56 1 6 2044
43 57 6 4 372
43 58 7 4 255
43 59 6 5 3150
43 60 5 3 30
43 61 2 4 97
43 62 7 5 844
43 63 2 3 28
44 0 5 3 91
44 1 10 3 65
44 2 2 2 6
44 3 2 5 1074
44 4 4 4 97
44 5 5 3 78
44 6 1 7 5624
44 7 8 1 4
44 8 3 3 28
44 9 1 5 306
44 10 2 4 201
44 11 10 3 60
44 12 8 3 89
44 13 3 4 219
44 14 7 2 15
44 15 10 6 26038
44 16 3 4 78
44 17 9 4 249
44 18 6 3 98
44 19 6 5 804
44 20 5 4 443
44 21 10 3 81
44 22 10 2 33
44 23 4 3 39
44 24 1 5 354
44 25 7 5 973
44 26 6 4 498
44 27 6 3 132
44 28 10 2 45
44 29 9 3 49
44 30 8 5 1966
44 31 8 2 16
44 32 4 3 50
44 33 8 1 13
44 34 9 2 33
44 35 10 3 90
44 36 10 2 51
44 37 5 3 83
44 38 9 3 63
44 39 3 4 254
44 40 1 4 46
44 41 2 3 17
44 42 2 3 37
44 43 4 3 74
44 44 7 5 1210
44 45 6 4 185
44 46 9 3 168
44 47 1 5 137
44 48 5 4 120
44 49 10 4 970
44 50 5 4 280
44 51 4 5 567
44 52 8 4 785
44 53 7 4 374
44 54 4 7 27447
44 55 4 4 96
44 56 6 3 75
44 57 6 2 14
44 58 8 3 94
44 59 1 4 113
44 60 3 6 4380
44 61 1 4 91
44 62 8 3 55
44 63 6 4 628
45 0 10 3 57
45 1 2 3 28
45 2 9 4 488
45 3 9 4 461
45 4 4 7 19834
45 5 5 6 6113
45 6 7 4 381
45 7 7 5 1806
45 8 5 4 485
45 9 10 4 578
45 10 10 3 75
45 11 1 5 181
45 12 8 3 117
45 13 1 4 92
45 14 10 3 113
45 15 6 4 590
45 16 8 2 29
45 17 10 2 37
45 18 10 3 63
45 19 4 4 336
45 20 2 3 14
45 21 3 3 47
45 22 6 3 45
45 23 9 2 26
45 24 7 3 76
45 25 10 3 57
45 26 4 4 111
45 27 8 4 187
45 28 1 4 46
45 29 9 3 192
45 30 6 3 112
45 31 4 4 125
45 32 5 3 33
45 33 8 3 148
45 34 6 2 28
45 35 9 3 148
45 36 4 2 15
45 37 9 2 28
45 38 3 3 25
45 39 3 2 13
45 40 1 5 259
45 41 5 3 39
45 42 7 3 57
45 43 10 2 33
45 44 8 3 170
45 45 3 4 96
45 46 3 3 20
45 47 6 2 17
45 48 4 5 1047
45 49 6 6 16054
45 50 9 2 35
45 51 6 3 52
45 52 1 7 16013
45 53 9 4 714
45 54 8 2 34
45 55 3 4 70
45 56 3 4 73
45 57 5 4 167
45 58 10 2 41
45 59 3 4 125
45 60 7 4 301
45 61 8 4 541
45 62 1 4 45
45 63 7 3 76
46 0 4 4 315
46 1 10 3 141
46 2 5 5 698
46 3 5 4 212
46 4 7 3 138
46 5 7 4 513
46 6 5 6 5845
46 7 4 4 335
46 8 2 4 154
46 9 10 2 52
46 10 4 4 176
46 11 9 3 152
46 12 9 3 149
46 13 4 3 36
46 14 2 4 218
46 15 6 4 529
46 16 7 4 277
46 17 2 4 63
46 18 1 4 32
46 19 6 3 104
46 20 10 2 23
46 21 10 3 151
46 22 6 3 82
46 23 1 5 119
46 24 5 3 36
46 25 7 3 64
46 26 8 3 52
46 27 2 4 47
46 28 4 3 36
46 29 6 4 139
46 30 4 3 44
46 31 9 3 140
46 32 6 3 63
46 33 3 4 136
46 34 6 4 408
46 35 8 4 751
46 36 10 2 52
46 37 8 4 568
46 38 9 4 669
46 39 7 5 4682
46 40 7 3 121
46 41 7 3 49
46 42 2 5 325
46 43 10 3 86
46 44 10 2 31
46 45 9 5 2193
46 46 10 4 962
46 47 7 5 907
46 48 5 3 93
46 49 10 3 63
46 50 1 5 127
46 51 2 5 1203
46 52 7 4 541
46 53 5 3 31
46 54 7 6 7189
46 55 2 6 2780
46 56 10 4 239
46 57 2 3 41
46 58 2 5 767
46 59 2 4 74
46 60 8 2 24
46 61 1 4 40
46 62 6 3 80
46 63 3 4 69
47 0 8 2 41
47 1 3 3 62
47 2 2 4 220
47 3 9 5 1192
47 4 3 4 299
47 5 7 6 6806
47 6 3 4 285
47 7 5 5 571
47 8 9 4 234
47 9 1 9 511517
47 10 1 4 92
47 11 10 2 40
47 12 7 2 31
47 13 8 4 201
47 14 4 5 902
47 15 4 4 112
47 16 5 3 27
47 17 3 8 144101
47 18 4 3 52
47 19 3 4 95
47 20 2 3 32
47 21 4 5 768
47 22 1 5 115
47 23 2 4 68
47 24 4 4 353
47 25 2 6 1420
47 26 4 3 29
47 27 5 3 40
47 28 4 3 66
47 29 7 5 2768
47 30 2 6 1539
47 31 5 5 620
47 32 4 5 2738
47 33 2 7 12206
47 34 3 5 1205
47 35 10 3 56
47 36 4 5 771
47 37 10 5 2606
47 38 2 4 103
47 39 2 4 66
47 40 2 3 30
47 41 5 5 2663
47 42 8 5 2879
47 43 9 4 295
47 44 1 4 95
47 45 8 4 245
47 46 7 2 28
47 47 3 4 80
47 48 10 3 66
47 49 4 5 2746
47 50 9 3 118
47 51 6 3 62
47 52 10 4 679
47 53 6 4 354
47 54 2 5 261
47 55 10 4 365
47 56 3 8 567652
47 57 8 4 202
47 58 7 3 46
47 59 10 6 11387
47 60 2 6 8905
47 61 9 4 588
47 62 1 6 1608
47 63 10 3 156
48 0 8 2 26
48 1 4 3 52
48 2 9 3 50
48 3 1 5 606
48 4 4 5 2688
48 5 9 5 1656
48 6 2 5 1374
48 7 4 3 47
48 8 4 4 153
48 9 4 4 121
48 10 10 2 36
48 11 6 4 390
48 12 9 4 235
48 13 8 3 119
48 14 1 4 66
48 15 1 6 3393
48 16 3 5 519
48 17 2 4 75
48 18 9 4 255
48 19 6 6 5715
48 20 6 3 122
48 21 2 3 37
48 22 10 5 2407
48 23 9 2 40
48 24 10 5 2039
48 25 1 4 46
48 26 1 5 129
48 27 2 5 611
48 28 8 3 63
48 29 5 3 69
48 30 2 4 85
48 31 6 4 217
48 32 6 5 1486
48 33 1 4 35
48 34 6 3 45
48 35 1 6 869
48 36 9 4 566
48 37 1 4 107
48 38 3 4 120
48 39 1 4 45
48 40 4 3 60
48 41 3 6 13689
48 42 9 3 97
48 43 7 3 51
48 44 9 4 351
48 45 3 4 138
48 46 6 3 50
48 47 2 5 229
48 48 1 6 999
48 49 8 2 21
48 50 1 6 869
48 51 5 3 37
48 52 5 4 225
48 53 5 4 326
48 54 8 7 86176
48 55 8 3 46
48 56 1 4 98
48 57 9 3 196
48 58 3 5 409
48 59 7 4 165
48 60 1 4 59
48 61 9 3 49
48 62 4 3 62
48 63 7 4 360
49 0 5 4 208
49 1 2 5 904
49 2 6 4 177
49 3 2 4 48
49 4 3 5 481
49 5 5 4 139
49 6 8 3 54
49 7 1 4 29
49 8 4 4 109
49 9 3 5 836
49 10 2 3 35
49 11 10 3 75
49 12 3 3 22
49 13 1 5 629
49 14 3 3 58
49 15 3 3 59
49 16 3 3 36
49 17 10 3 164
49 18 7 5 945
49 19 2 4 82
49 20 5 4 132
49 21 6 5 795
49 22 7 4 308
49 23 1 4 54
49 24 8 3 52
49 25 8 3 162
49 26 5 5 1683
49 27 2 4 84
49 28 7 3 41
49 29 7 3 83
49 30 6 6 13902
49 31 8 4 527
49 32 8 3 138
49 33 8 3 83
49 34 10 4 272
49 35 8 4 315
49 36 5 3 43
49 37 5 3 77
49 38 6 3 81
49 39 2 4 77
49 40 10 2 53
49 41 4 4 123
49 42 7 4 677
49 43 3 3 29
49 44 5 5 625
49 45 2 4 95
49 46 9 4 567
49 47 5 4 368
49 48 10 6 11850
49 49 9 5 2385
49 50 4 4 207
49 51 6 2 23
49 52 2 3 24
49 53 3 3 40
49 54 7 3 66
49 55 8 2 28
49 56 8 4 191
49 57 2 4 129
49 58 8 3 85
49 59 10 2 51
49 60 10 4 289
49 61 10 3 211
49 62 10 4 486
49 63 4 5 874
50 0 5 2 25
50 1 3 4 114
50 2 1 6 1531
50 3 10 3 56
50 4 6 3 44
50 5 5 2 16
50 6 10 2 29
50 7 10 3 76
50 8 8 2 22
50 9 6 3 61
50 10 6 3 49
50 11 8 5 3128
50 12 8 6 5614
50 13 1 3 17
50 14 8 2 33
50 15 7 6 12177
50 16 1 4 102
50 17 6 3 104
50 18 5 5 2361
50 19 8 3 139
50 20 4 7 24295
50 21 6 4 200
50 22 6 4 169
50 23 2 2 9
50 24 7 3 47
50 25 6 4 135
50 26 9 6 18588
50 27 2 6 1807
50 28 4 3 24
50 29 2 4 69
50 30 3 3 18
50 31 4 3 22
50 32 4 3 33
50 33 7 3 86
50 34 8 3 159
50 35 4 4 269
50 36 2 5 1082
50 37 3 2 13
50 38 5 3 96
50 39 7 3 43
50 40 5 3 30
50 41 4 1 6
50 42 6 3 48
50 43 6 3 103
50 44 3 4 266
50 45 2 2 8
50 46 5 3 38
50 47 1 4 29
50 48 8 3 49
50 49 2 6 2701
50 50 9 5 1759
50 51 2 4 80
50 52 10 2 18
50 53 2 3 41
50 54 8 2 41
50 55 7 4 623
50 56 8 3 117
50 57 7 3 57
50 58 4 3 81
50 59 9 3 174
50 60 9 4 214
50 61 2 5 389
50 62 8 3 63
50 63 6 5 2327
51 0 6 4 568
51 1 5 4 453
51 2 9 5 1936
51 3 1 5 275
51 4 7 3 90
51 5 8 4 200
51 6 9 2 18
51 7 4 3 34
51 8 2 5 970
51 9 4 4 294
51 10 7 4 681
51 11 3 5 806
51 12 10 5 1562
51 13 8 4 769
51 14 2 4 80
51 15 8 3 171
51 16 8 2 34
51 17 6 5 1650
51 18 5 4 209
51 19 5 3 95
51 20 8 4 447
51 21 2 5 770
51 22 9 3 118
51 23 3 5 1707
51 24 6 4 385
51 25 6 3 109
51 26 1 5 298
51 27 8 4 420
51 28 6 2 31
51 29 2 5 524
51 30 1 4 43
51 31 8 2 32
51 32 6 3 109
51 33 4 4 114
51 34 6 3 118
51 35 7 4 221
51 36 7 3 93
51 37 5 3 35
51 38 7 5 1171
51 39 6 4 159
51 40 8 5 921
51 41 8 3 66
51 42 9 2 24
51 43 7 4 386
51 44 3 4 174
51 45 2 4 73
51 46 9 3 168
51 47 8 3 154
51 48 8 4 746
51 49 4 4 143
51 50 5 5 727
51 51 7 3 42
51 52 7 2 37
51 53 7 3 51
51 54 6 3 117
51 55 1 4 39
51 56 10 2 50
51 57 2 5 1150
51 58 3 3 31
51 59 8 3 144
51 60 7 4 209
51 61 9 2 21
51 62 4 3 41
51 63 7 4 163
52 0 3 6 3650
52 1 1 5 237
52 2 3 4 214
52 3 7 2 35
52 4 10 1 11
52 5 9 2 21
52 6 1 4 97
52 7 10 3 153
52 8 3 4 73
52 9 6 4 269
52 10 8 3 69
52 11 10 6 9583
52 12 8 4 781
52 13 8 3 148
52 14 10 3 76
52 15 8 3 144
52 16 4 4 252
52 17 6 4 262
52 18 6 4 389
52 19 1 5 131
52 20 2 4 134
52 21 5 3 76
52 22 4 4 153
52 23 6 4 225
52 24 6 3 72
52 25 2 5 340
52 26 9 4 298
52 27 10 3 92
52 28 4 5 487
52 29 2 4 89
52 30 1 4 83
52 31 1 4 111
52 32 3 6 3064
52 33 5 3 39
52 34 3 3 26
52 35 9 4 348
52 36 8 4 240
52 37 3 5 369
52 38 1 6 1923
52 39 4 3 49
52 40 8 2 29
52 41 2 4 64
52 42 6 6 11714
52 43 5 3 52
52 44 9 4 442
52 45 4 4 207
52 46 1 4 77
52 47 6 5 720
52 48 9 4 540
52 49 10 3 151
52 50 6 3 50
52 51 10 6 7092
52 52 2 3 24
52 53 7 3 56
52 54 3 4 111
52 55 1 5 346
52 56 1 6 3825
52 57 7 2 34
52 58 3 3 45
52 59 5 3 38
52 60 3 3 25
52 61 8 2 19
52 62 8 4 243
52 63 4 3 31
53 0 1 4 37
53 1 2 4 141
53 2 9 3 86
53 3 4 2 21
53 4 3 3 32
53 5 7 2 14
53 6 5 3 34
53 7 4 3 65
53 8 1 6 1178
53 9 3 5 636
53 10 5 4 259
53 11 3 3 33
53 12 2 5 266
53 13 1 4 54
53 14 7 4 156
53 15 4 3 31
53 16 4 2 16
53 17 5 3 85
53 18 6 5 2111
53 19 7 4 792
53 20 6 3 114
53 21 9 4 381
53 22 3 4 138
53 23 5 4 203
53 24 7 3 72
53 25 7 3 57
53 26 4 3 61
53 27 1 4 82
53 28 7 3 50
53 29 4 3 37
53 30 6 5 1552
53 31 2 4 64
53 32 4 4 155
53 33 3 3 29
53 34 9 2 33
53 35 4 3 64
53 36 8 2 27
53 37 5 3 45
53 38 10 2 24
53 39 10 4 248
53 40 8 5 2408
53 41 3 3 62
53 42 4 4 208
53 43 2 5 231
53 44 7 3 57
53 45 2 6 4141
53 46 8 2 31
53 47 7 2 35
53 48 7 2 34
53 49 5 3 62
53 50 1 4 100
53 51 7 2 29
53 52 5 6 6885
53 53 10 2 43
53 54 10 5 1541
53 55 7 5 3717
53 56 5 2 23
53 57 6 2 21
53 58 2 6 2125
53 59 2 5 244
53 60 3 4 103
53 61 1 6 4405
53 62 6 3 33
53 63 1 4 111
54 0 1 5 240
54 1 5 3 44
54 2 10 3 85
54 3 3 4 97
54 4 8 3 147
54 5 2 5 247
54 6 2 3 17
54 7 1 4 34
54 8 3 4 172
54 9 8 2 42
54 10 6 3 63
54 11 5 4 493
54 12 2 4 185
54 13 1 5 429
54 14 4 4 101
54 15 2 4 115
54 16 4 3 41
54 17 5 5 1001
54 18 1 4 108
54 19 10 3 201
54 20 10 3 99
54 21 2 3 16
54 22 7 3 66
54 23 8 4 556
54 24 4 4 118
54 25 10 4 261
54 26 6 2 23
54 27 5 6 9553
54 28 9 3 72
54 29 9 3 50
54 30 2 5 628
54 31 2 4 64
54 32 2 4 107
54 33 4 3 39
54 34 6 4 134
54 35 5 7 74645
54 36 9 4 200
54 37 5 3 29
54 38 6 5 979
54 39 1 5 195
54 40 9 3 75
54 41 9 5 1170
54 42 9 2 39
54 43 2 4 82
54 44 6 4 451
54 45 6 3 54
54 46 2 3 43
54 47 4 3 44
54 48 9 2 39
54 49 9 4 409
54 50 3 4 112
54 51 7 3 46
54 52 4 3 35
54 53 6 2 25
54 54 9 4 262
54 55 8 3 59
54 56 6 5 3515
54 57 8 2 24
54 58 5 3 57
54 59 2 4 102
54 60 10 3 86
54 61 7 3 115
54 62 4 6 2907
54 63 2 7 13898
55 0 2 4 51
55 1 10 5 1325
55 2 9 3 139
55 3 1 5 198
55 4 6 3 84
55 5 4 4 230
55 6 9 4 300
55 7 9 4 273
55 8 1 4 91
55 9 9 4 805
55 10 7 4 206
55 11 10 2 46
55 12 1 4 81
55 13 3 3 64
55 14 2 4 134
55 15 7 2 36
55 16 4 2 18
55 17 2 4 109
55 18 8 2 16
55 19 7 5 1560
55 20 4 4 394
55 21 7 2 36
55 22 10 3 195
55 23 5 5 1724
55 24 8 4 216
55 25 4 3 66
55 26 9 4 983
55 27 2 6 1981
55 28 6 3 77
55 29 9 3 57
55 30 5 4 208
55 31 8 5 1051
55 32 5 4 314
55 33 7 3 144
55 34 3 4 117
55 35 7 4 279
55 36 4 3 87
55 37 10 3 114
55 38 3 3 48
55 39 4 3 57
55 40 2 6 3089
55 41 10 2 23
55 42 10 2 42
55 43 9 4 493
55 44 1 4 79
55 45 10 7 104914
55 46 3 4 159
55 47 7 4 441
55 48 9 2 38
55 49 10 3 110
55 50 3 3 44
55 51 8 2 27
55 52 8 3 58
55 53 7 4 182
55 54 2 6 1674
55 55 9 3 83
55 56 4 4 133
55 57 1 5 396
55 58 4 5 1621
55 59 1 4 86
55 60 10 2 26
55 61 6 2 29
55 62 9 6 16310
55 63 5 3 74
56 0 5 4 527
56 1 6 5 1196
56 2 9 2 45
56 3 2 3 29
56 4 6 5 779
56 5 10 3 80
56 6 8 5 2892
56 7 4 3 46
56 8 1 4 23
56 9 9 3 106
56 10 9 2 28
56 11 6 5 1073
56 12 10 3 187
56 13 2 5 351
56 14 2 3 36
56 15 8 5 911
56 16 9 3 178
56 17 9 6 23324
56 18 4 4 126
56 19 3 4 71
56 20 8 4 907
56 21 5 3 72
56 22 6 6 5393
56 23 9 5 4702
56 24 4 3 87
56 25 6 3 60
56 26 9 3 89
56 27 8 4 446
56 28 9 3 60
56 29 6 4 457
56 30 6 5 754
56 31 5 3 89
56 32 6 3 58
56 33 6 3 41
56 34 10 4 887
56 35 2 3 35
56 36 8 2 41
56 37 7 3 42
56 38 9 5 1699
56 39 6 3 106
56 40 7 5 2176
56 41 4 3 56
56 42 7 3 80
56 43 7 4 320
56 44 2 5 1140
56 45 2 2 10
56 46 9 3 100
56 47 9 4 232
56 48 2 5 502
56 49 1 7 7010
56 50 3 5 550
56 51 1 4 44
56 52 9 4 568
56 53 2 3 42
56 54 6 4 190
56 55 9 2 39
56 56 10 4 416
56 57 9 3 101
56 58 1 5 202
56 59 1 4 63
56 60 6 3 122
56 61 7 4 187
56 62 10 2 43
56 63 3 4 96
57 0 7 3 50
57 1 7 5 1237
57 2 4 4 101
57 3 10 5 1672
57 4 6 4 181
57 5 4 6 14486
57 6 5 3 79
57 7 7 6 13951
57 8 10 4 534
57 9 2 3 43
57 10 7 4 360
57 11 3 7 23566
57 12 6 2 26
57 13 7 3 66
57 14 10 3 151
57 15 8 3 47
57 16 6 4 424
57 17 5 4 276
57 18 9 3 66
57 19 2 5 506
57 20 3 4 87
57 21 4 4 101
57 22 4 3 28
57 23 9 4 347
57 24 2 5 1312
57 25 9 3 128
57 26 2 6 2430
57 27 3 4 120
57 28 2 4 109
57 29 10 3 86
57 30 6 4 369
57 31 3 5 371
57 32 10 2 31
57 33 6 5 3879
57 34 9 3 48
57 35 2 5 232
57 36 3 5 446
57 37 9 2 32
57 38 6 4 363
57 39 8 3 53
57 40 10 4 659
57 41 7 5 1345
57 42 3 5 343
57 43 5 4 152
57 44 8 2 38
57 45 2 4 52
57 46 9 3 49
57 47 4 4 188
57 48 1 6 1708
57 49 8 4 403
57 50 8 3 119
57 51 7 3 60
57 52 8 5 1570
57 53 4 3 56
57 54 1 5 140
57 55 1 5 249
57 56 3 4 80
57 57 9 1 7
57 58 4 5 2200
57 59 6 2 26
57 60 10 5 1257
57 61 5 5 1056
57 62 5 4 395
57 63 10 5 1242
58 0 1 5 397
58 1 6 3 42
58 2 7 4 227
58 3 10 4 670
58 4 7 4 331
58 5 3 3 33
58 6 1 5 203
58 7 7 6 8704
58 8 4 4 260
58 9 8 4 241
58 10 9 3 98
58 11 9 2 28
58 12 1 4 37
58 13 9 4 815
58 14 2 4 107
58 15 8 2 15
58 16 2 3 29
58 17 10 5 6455
58 18 7 5 1253
58 19 9 6 30530
58 20 5 4 287
58 21 1 3 11
58 22 7 2 30
58 23 9 2 23
58 24 4 3 59
58 25 5 4 201
58 26 7 2 27
58 27 9 3 93
58 28 6 3 120
58 29 9 3 110
58 30 8 5 2130
58 31 5 3 53
58 32 2 5 555
58 33 4 2 8
58 34 8 2 25
58 35 4 5 503
58 36 10 2 35
58 37 5 5 2090
58 38 9 4 383
58 39 4 4 413
58 40 2 4 171
58 41 10 3 96
58 42 5 3 56
58 43 1 4 24
58 44 4 4 200
58 45 5 4 181
58 46 2 4 200
58 47 7 2 24
58 48 9 2 24
58 49 10 2 49
58 50 2 5 508
58 51 9 4 584
58 52 4 2 20
58 53 2 4 127
58 54 2 5 379
58 55 1 5 332
58 56 7 3 39
58 57 2 5 1125
58 58 9 6 14277
58 59 8 6 27460
58 60 8 4 363
58 61 2 4 108
58 62 9 3 177
58 63 7 3 65
59 0 6 3 127
59 1 3 5 1983
59 2 7 4 169
59 3 7 6 8713
59 4 5 2 11
59 5 9 3 60
59 6 5 3 78
59 7 1 4 83
59 8 1 4 71
59 9 7 3 117
59 10 9 3 58
59 11 6 2 27
59 12 10 2 19
59 13 4 5 814
59 14 1 4 34
59 15 7 3 98
59 16 6 3 34
59 17 10 4 315
59 18 2 3 22
59 19 8 3 152
59 20 3 4 74
59 21 10 6 16928
59 22 2 3 15
59 23 1 4 110
59 24 5 6 19529
59 25 10 2 43
59 26 10 3 98
59 27 8 2 41
59 28 9 1 15
59 29 6 3 123
59 30 2 4 71
59 31 10 4 322
59 32 5 3 84
59 33 8 3 100
59 34 2 3 36
59 35 5 3 27
59 36 4 4 149
59 37 10 4 236
59 38 8 2 33
59 39 1 5 177
59 40 5 2 17
59 41 2 4 79
59 42 2 5 696
59 43 2 3 39
59 44 6 3 33
59 45 4 4 124
59 46 1 4 72
59 47 5 7 77752
59 48 10 4 453
59 49 3 3 61
59 50 10 1 16
59 51 7 5 1133
59 52 9 2 47
59 53 3 6 2737
59 54 8 2 24
59 55 8 4 242
59 56 4 3 45
59 57 1 5 139
59 58 5 3 36
59 59 8 2 35
59 60 9 3 176
59 61 5 3 92
59 62 2 4 63
59 63 6 3 100
60 0 6 4 155
60 1 2 6 7346
60 2 9 5 1323
60 3 2 4 91
60 4 6 3 63
60 5 6 2 24
60 6 6 4 192
60 7 10 4 456
60 8 3 4 198
60 9 4 2 18
60 10 7 3 41
60 11 1 5 248
60 12 1 5 370
60 13 8 3 108
60 14 8 4 534
60 15 5 4 454
60 16 2 3 13
60 17 8 5 1426
60 18 6 5 2772
60 19 1 5 418
60 20 7 4 725
60 21 7 2 32
60 22 6 4 238
60 23 4 4 282
60 24 6 4 557
60 25 4 4 165
60 26 5 2 14
60 27 10 3 149
60 28 4 3 42
60 29 6 4 259
60 30 2 4 76
60 31 9 2 39
60 32 10 5 3558
60 33 3 4 94
60 34 10 4 1110
60 35 5 4 345
60 36 6 4 175
60 37 1 5 296
60 38 4 3 29
60 39 3 3 45
60 40 6 3 38
60 41 2 4 116
60 42 5 3 77
60 43 6 3 95
60 44 3 4 258
60 45 7 4 406
60 46 1 6 4140
60 47 7 4 512
60 48 9 3 193
60 49 10 2 24
60 50 2 4 170
60 51 5 3 57
60 52 7 2 32
60 53 10 4 556
60 54 7 4 457
60 55 7 5 4228
60 56 6 5 4105
60 57 2 4 124
60 58 5 2 23
60 59 5 3 49
60 60 9 2 38
60 61 9 3 122
60 62 2 5 310
60 63 7 5 1331
61 0 6 5 1687
61 1 3 4 71
61 2 7 3 147
61 3 6 6 9078
61 4 7 3 148
61 5 3 3 25
61 6 2 4 96
61 7 9 6 11201
61 8 4 5 2168
61 9 1 4 36
61 10 3 4 99
61 11 5 8 244661
61 12 7 3 38
61 13 9 3 60
61 14 7 2 27
61 15 7 6 8275
61 16 6 3 44
61 17 5 4 170
61 18 7 2 27
61 19 9 4 349
61 20 7 3 152
61 21 9 3 198
61 22 9 6 34909
61 23 7 4 494
61 24 7 5 1791
61 25 5 4 145
61 26 6 3 53
61 27 2 4 122
61 28 1 5 138
61 29 3 4 189
61 30 7 4 297
61 31 5 2 25
61 32 8 2 41
61 33 3 3 41
61 34 4 3 46
61 35 2 3 24
61 36 5 4 372
61 37 7 3 84
61 38 3 4 75
61 39 2 5 1037
61 40 2 4 48
61 41 4 4 160
61 42 5 3 51
61 43 3 4 81
61 44 6 4 367
61 45 6 4 316
61 46 2 5 393
61 47 10 3 87
61 48 4 4 105
61 49 3 6 3910
61 50 2 4 55
61 51 8 4 263
61 52 6 3 114
61 53 4 3 25
61 54 5 3 41
61 55 10 5 3732
61 56 1 7 13961
61 57 7 3 40
61 58 2 5 745
61 59 4 5 2441
61 60 5 3 59
61 61 4 3 68
61 62 2 4 155
61 63 3 6 11128
62 0 5 2 11
62 1 4 3 74
62 2 2 4 218
62 3 5 3 107
62 4 2 4 140
62 5 7 4 182
62 6 7 5 1449
62 7 1 4 89
62 8 2 7 26826
62 9 2 4 57
62 10 7 4 167
62 11 3 3 45
62 12 5 4 394
62 13 7 4 347
62 14 4 3 41
62 15 7 4 161
62 16 1 4 38
62 17 2 4 49
62 18 4 2 14
62 19 5 4 447
62 20 7 4 345
62 21 4 3 44
62 22 2 3 43
62 23 8 4 373
62 24 9 4 732
62 25 9 3 72
62 26 6 6 18391
62 27 7 3 40
62 28 8 4 428
62 29 4 4 93
62 30 5 5 598
62 31 6 4 336
62 32 3 4 211
62 33 5 4 111
62 34 5 3 64
62 35 2 4 177
62 36 1 4 47
62 37 10 3 70
62 38 10 2 37
62 39 8 4 706
62 40 4 5 560
62 41 2 4 212
62 42 7 7 40983
62 43 5 4 176
62 44 6 3 114
62 45 7 5 1236
62 46 4 3 64
62 47 7 4 281
62 48 2 5 471
62 49 4 4 326
62 50 9 6 19238
62 51 1 4 101
62 52 5 3 88
62 53 2 3 28
62 54 4 3 47
62 55 10 4 280
62 56 10 3 71
62 57 6 3 34
62 58 9 4 508
62 59 7 4 253
62 60 9 4 572
62 61 7 2 29
62 62 7 2 36
62 63 5 4 117
63 0 2 3 34
63 1 4 4 440
63 2 8 3 147
63 3 4 4 186
63 4 6 2 23
63 5 1 6 1346
63 6 7 1 12
63 7 7 3 74
63 8 1 5 308
63 9 4 5 622
63 10 8 4 248
63 11 3 4 161
63 12 7 1 5
63 13 6 4 158
63 14 10 4 504
63 15 3 6 8172
63 16 7 2 25
63 17 10 5 2805
63 18 3 4 290
63 19 4 3 38
63 20 4 3 81
63 21 8 3 69
63 22 9 7 56995
63 23 9 4 469
63 24 10 3 123
63 25 3 3 66
63 26 3 4 130
63 27 5 4 207
63 28 5 3 103
63 29 6 3 53
63 30 2 4 120
63 31 10 3 208
63 32 5 4 136
63 33 8 4 859
63 34 3 3 29
63 35 3 3 24
63 36 9 3 59
63 37 5 6 4753
63 38 2 6 2386
63 39 9 4 382
63 40 3 4 147
63 41 5 4 396
63 42 10 3 118
63 43 7 3 82
63 44 4 3 51
63 45 2 7 18393
63 46 3 4 67
63 47 7 5 2878
63 48 8 4 451
63 49 4 3 54
63 50 10 2 35
63 51 9 2 32
63 52 2 4 50
63 53 6 3 65
63 54 9 2 34
63 55 3 5 376
63 56 10 6 25764
63 57 10 4 407
63 58 7 2 28
63 59 8 2 16
63 60 7 2 17
63 61 6 5 1092
63 62 2 4 122
63 63 2 5 551
