7052 5.737798699645385e-07 
4077 2.472783031725058e-08 
8716 6.986243264466497e-08 
6076 1.256847440517087e-06 
2617 4.303228749789716e-09 
9124 4.6858871638596686e-09 
4582 1.3547172513881053e-07 
7288 6.526676197232601e-07 
4006 3.561717319988417e-08 
6815 6.852555082615189e-09 
2615 5.670264330761471e-07 
1618 1.2758135606630457e-06 
588 1.0670187854940972e-08 
6740 1.1191650889949044e-07 
8753 4.2756939006759754e-08 
3515 3.943796928135637e-09 
9008 5.930863838631288e-09 
1866 6.061948260649181e-07 
1496 1.449456085154182e-07 
1794 4.916749756330363e-09 
5922 3.365255891633152e-09 
6197 5.210054004976122e-10 
3492 1.7412261344687714e-09 
6102 3.258073288690819e-08 
7765 7.255147700889724e-08 
4551 8.063606719152451e-09 
1901 4.2312644697515095e-07 
8578 2.468477037535034e-08 
6125 7.899035681164112e-08 
4456 9.944850083614817e-08 
259 3.362245265343855e-06 
9426 3.307060971450464e-09 
2392 1.5376462559922924e-08 
3173 6.090900779892365e-07 
3801 1.6293137576896505e-08 
4160 1.8944740244601587e-06 
3110 7.04221689019598e-09 
6432 3.46337638506806e-07 
9666 4.29228282102889e-09 
4507 4.116252937355047e-08 
3269 1.5467781152786125e-07 
9157 4.97507271273942e-10 
2922 2.1578296770793728e-07 
5823 3.279384155671148e-08 
5148 4.43260533981615e-08 
6055 2.3012152057609787e-07 
6492 8.467647858895198e-08 
3083 7.2002032007939315e-09 
2341 4.95455894193586e-10 
2620 2.1105099144754825e-07 
3627 1.4059475342840036e-09 
362 2.400997710383119e-09 
9936 1.719862740140872e-08 
4213 9.847521371952576e-07 
6734 2.225620885369756e-08 
6146 7.448288381243731e-08 
8077 2.105998747163234e-07 
3393 1.2389012837539862e-09 
4193 5.592901905927122e-09 
5689 3.4649483552834975e-06 
9918 8.691572632701363e-09 
9247 4.3828920411699125e-07 
6888 4.895184528275114e-07 
7101 2.9159852834023193e-06 
9254 8.153735169664998e-07 
422 8.966016465454845e-07 
3468 1.7864437752983416e-09 
1307 2.2611684852089177e-07 
3133 2.3987090165635167e-06 
8175 7.114425455373833e-08 
4852 2.4879810944630576e-07 
6450 3.9285589164700385e-08 
840 6.893116930659731e-08 
4928 7.797462375993498e-08 
9821 2.794760569290681e-09 
5609 6.132451953091544e-09 
462 3.5626580478395568e-06 
1194 2.9283918089480837e-07 
7767 1.3828849712845266e-07 
3781 2.043960131328668e-07 
1689 3.057872530265671e-08 
9224 1.8104612967769114e-09 
3770 1.5165908207348559e-06 
2363 2.0979146744923298e-07 
8819 7.810272943911019e-07 
1749 2.221858831730157e-08 
8685 7.36803661363844e-07 
9681 8.340111530333164e-09 
6514 2.727278480553182e-09 
3021 3.5605537639903106e-08 
6823 4.6088695360158027e-10 
8822 1.1453315811148816e-06 
6292 1.4078342062750872e-06 
2736 8.460605044208484e-09 
6246 3.4738871877055963e-08 
5131 6.550570809984698e-09 
1394 2.471715657780707e-06 
9708 2.7863340895632077e-08 
5897 1.707645982083894e-10 
2672 1.3069130756173043e-07 
5051 1.719040279195901e-08 
9299 2.2394528192946103e-08 
7572 1.4266009324913473e-07 
7355 2.0255528457049445e-07 
9616 3.230704020615343e-07 
3817 7.856536957605719e-07 
5540 6.4401831881982525e-09 
2223 4.958028324959866e-08 
2458 7.835490878577243e-09 
9386 1.0061797312392877e-08 
4076 6.474630412784928e-09 
3210 9.388167992573776e-10 
6341 2.6619527943750736e-07 
5064 2.6915020731360824e-09 
8069 4.255773016978437e-10 
394 2.2747703607966055e-07 
8622 4.468610199498594e-08 
7092 8.05371340756423e-08 
6326 3.307995412698598e-08 
3653 2.2298434911254792e-08 
3294 3.518984919452122e-07 
7470 4.69198790923784e-08 
2610 3.213414004135876e-08 
8670 1.8065181903102475e-07 
9712 9.932377086607205e-07 
7839 4.111858361094025e-06 
3822 1.3880429496880575e-08 
7028 7.53459249084624e-08 
232 2.550158424896911e-06 
9538 9.751930335304138e-10 
3285 8.982214504818747e-07 
8821 2.754028662491166e-07 
9690 5.103231400137572e-08 
8162 7.820388492980803e-09 
5242 1.840178113718811e-08 
8265 6.108352907882404e-08 
9187 1.1883618372024831e-08 
5584 3.623181487314285e-07 
116 1.0612376012998095e-08 
983 9.960055163995272e-09 
3479 1.0394060006259645e-07 
9964 8.98718232097632e-08 
4658 1.99099037350006e-08 
9573 1.6064284334526024e-07 
5938 1.3201515243858061e-08 
2468 1.5643117440343555e-08 
5704 4.131952684247996e-09 
4177 1.1326947421552865e-08 
7235 3.4535387618092e-07 
9243 8.419061143984463e-08 
3870 3.837444167390392e-09 
2700 4.475991630044666e-09 
5019 8.291366400967407e-10 
8429 1.1574461321582776e-07 
3440 1.000372744797233e-06 
2975 2.0812784862197542e-07 
4882 2.853429476968377e-06 
5169 2.823762165626037e-07 
2727 2.7190917103650904e-08 
4857 5.4426695238119405e-08 
7083 9.512380087451047e-07 
1292 2.335819013438929e-07 
2024 9.774982513764105e-07 
6784 5.1243293061481736e-08 
3180 7.91034406705261e-08 
2261 2.1669636378254115e-09 
3674 1.2932948017154617e-07 
9726 8.742646923536484e-07 
9593 1.773542811084768e-07 
5693 6.157904789381996e-10 
3536 9.418747789433643e-09 
7828 2.520748499846896e-07 
9643 1.6086227065189196e-08 
9824 1.5415581046173348e-07 
8107 1.522635056521428e-07 
149 8.915451422078156e-08 
1699 2.853574959432377e-06 
3111 1.6038146409762804e-07 
7378 3.715162015466977e-07 
1518 7.829857292043774e-10 
4426 1.1750329780685874e-08 
2879 1.715958046391141e-09 
5188 6.933333303763369e-09 
1092 8.594120184625588e-07 
3453 1.1213800773602846e-06 
6857 3.6331780733065994e-09 
1277 1.0764489839449676e-08 
8715 1.1864154349420608e-08 
7699 1.6088586726869928e-08 
5070 7.234197322646001e-08 
6045 1.4938901724823918e-08 
9092 8.589793607018317e-07 
6796 1.6713894197874506e-08 
5102 4.5119614129423245e-09 
2712 1.1587706226173013e-06 
175 4.776012514049214e-09 
2288 1.3616458606683485e-08 
662 1.2940868392086397e-08 
4799 2.6132893187373265e-08 
9797 4.937689027059032e-08 
7309 9.773738836489632e-10 
8257 1.5994267220346297e-08 
2696 1.537532515584819e-09 
2638 2.9848136752983233e-06 
8850 1.9342511499178237e-08 
2742 8.268652011616079e-07 
9575 4.7012105392339634e-08 
974 1.8527197116802192e-06 
4173 2.884074948515501e-08 
279 1.1379772779722104e-08 
7501 1.5170146323519614e-07 
4335 2.0241223150425816e-08 
8830 2.770623226829548e-09 
1018 8.492307703410196e-10 
1003 3.840104756478845e-09 
219 2.2538706127601073e-07 
9648 7.507334612907174e-10 
4457 7.372273893281578e-07 
3883 1.4891050046036065e-07 
8294 1.1540143910383652e-08 
1125 5.76059955687241e-09 
1373 1.466758999926558e-06 
8934 1.6693451388469054e-09 
4092 2.6924711201138212e-08 
4042 1.4046574735425302e-08 
1940 4.0693863920401715e-06 
551 9.886588563542971e-07 
8128 7.947917734916562e-08 
6674 7.338075514389626e-09 
2896 1.2842974257933836e-07 
5576 1.9146675260886536e-10 
9698 4.832500545559615e-11 
5010 2.819705582847616e-09 
7315 1.3834354639484124e-08 
9687 5.079631463627715e-08 
3395 4.201270042131217e-08 
3532 7.759799977168254e-09 
4336 5.287065382868802e-09 
8462 4.776812263397947e-07 
8742 3.875464732980993e-08 
1480 3.9121185867077406e-09 
3262 1.296786218659515e-07 
7284 2.201853779636997e-08 
1613 8.8247845320691e-06 
2567 7.383788244269248e-09 
6321 1.7907215193548944e-07 
9958 9.44362464498234e-07 
7989 3.114361892725057e-06 
4168 3.825328065278019e-06 
5045 3.664484708076017e-07 
9298 1.5714219340212784e-07 
5032 1.6203334347705725e-08 
8381 2.412083680524129e-09 
3924 1.8634823462176292e-07 
6320 1.683972180644031e-07 
5428 4.1746362488360444e-08 
3082 3.405245635292446e-08 
7595 3.4728234348034397e-09 
2843 1.0158595151058339e-09 
8199 1.3824644987720685e-08 
8807 6.748103741165835e-08 
2323 2.49520835562569e-07 
804 2.8779365337474916e-08 
1255 5.0244060100199884e-08 
9848 1.5261223439525537e-08 
1024 3.818360207575813e-08 
5921 9.649186576969236e-08 
1527 8.81512471429505e-08 
8052 2.3966322053512704e-08 
371 8.898804669617297e-07 
5352 1.412081433697985e-07 
8124 4.2835529177540077e-10 
1121 6.132338918809121e-07 
8506 4.418016544429195e-09 
6666 1.043086810886628e-08 
6528 8.785096683320073e-10 
2840 8.764462814172982e-07 
2011 1.4846006099841118e-08 
8177 2.163843418247907e-09 
3032 3.1594329728740596e-07 
2954 3.168791123832874e-08 
8237 3.2170674463022526e-08 
860 3.638897397383987e-06 
1100 1.4075686939932407e-07 
904 1.1474733473700158e-08 
4309 1.6750524464808593e-06 
4328 2.6152952492150534e-06 
3103 7.344191269307328e-08 
6165 2.481501328162657e-07 
3945 7.899929625396207e-10 
4126 3.122426602761026e-08 
757 1.1602875069294466e-08 
1283 1.3710966745276065e-08 
6234 3.761928906408085e-10 
5839 7.443067130576498e-08 
5469 2.006249933772423e-06 
3569 9.248087608701597e-07 
1118 9.880258131253541e-08 
922 1.196855647161979e-06 
2416 1.3842067948074664e-07 
7976 1.954907837786632e-07 
4455 4.285293634862224e-09 
9250 4.703391827160126e-09 
7319 9.76677072550558e-12 
4571 3.6030576075875634e-09 
563 4.61864583471e-10 
3323 1.8395882861179114e-07 
1748 2.1160776429718364e-10 
692 1.066512139663721e-06 
2315 4.758759430077957e-09 
1456 1.5523777686983467e-06 
5490 1.23592091892872e-07 
7150 5.6993394830427726e-08 
774 4.852565249364856e-07 
5279 9.336231116942946e-09 
6257 9.653022316836547e-08 
5060 3.9974371280025356e-07 
877 2.4783752157556273e-08 
5285 1.5782538621893173e-08 
9924 4.6416027171716345e-09 
8200 2.8852793549095838e-06 
8348 3.49458472626612e-07 
1064 2.940029286631266e-06 
888 1.9353531671813457e-08 
9401 3.5269057054206077e-10 
8856 1.0580691250247306e-08 
8796 3.964269562028361e-07 
7422 2.569225803556363e-08 
7577 1.53765924874906e-07 
6891 1.4663739210068904e-07 
6539 4.826213549480065e-08 
5086 2.5906337762890864e-08 
2166 8.918551371157903e-08 
6085 1.549678710098868e-07 
5863 4.179894792665813e-08 
6781 6.626683428362758e-09 
1420 2.899106283965787e-08 
6931 6.259225566329266e-07 
4056 2.4126096337430945e-08 
6401 6.759936065621866e-08 
9262 1.8976202245706486e-08 
2915 4.595641151677043e-06 
6154 1.1288856628852953e-08 
9490 2.8999473338352935e-07 
8489 3.4457308130054487e-06 
2239 3.331678706790936e-10 
6966 1.0988474909897077e-08 
1085 1.0130133521425917e-08 
2762 2.0475838495806367e-08 
6114 1.0009173259979015e-08 
523 1.224838238867412e-06 
3409 8.409991798411561e-07 
6211 2.9965770064283167e-07 
5328 2.791078626848591e-07 
290 3.541546498076407e-07 
569 1.1138971315423005e-09 
6108 4.819212993077693e-10 
319 6.5009804784961316e-09 
4572 2.0577830715448608e-10 
6789 4.1382818482746386e-10 
7014 5.167219935351547e-10 
6800 4.816478864105103e-08 
7493 1.7463804179900302e-09 
777 4.6838009246931537e-07 
4327 2.9013970056641644e-07 
3993 6.655689460597843e-08 
412 4.614947137328643e-09 
3237 1.4675173919143916e-08 
7296 2.3619470599454386e-07 
9531 3.236914861766849e-08 
5912 1.4634940474116467e-09 
7927 4.026681809783482e-08 
9201 2.3905508625251734e-08 
634 6.588753200813973e-09 
5557 3.018005349781196e-09 
6461 8.014991103184313e-09 
6412 2.3765853909739007e-08 
9016 3.4440561930684606e-06 
7928 8.066181678156326e-07 
3211 1.7514457153660408e-07 
5418 4.2881428472113756e-07 
2999 2.333129406687629e-08 
4595 4.711945179462592e-07 
6195 1.262509161722037e-09 
8335 8.742272243291483e-07 
8362 4.186968247587783e-09 
8675 4.864382210700629e-09 
6358 1.5695414659701406e-07 
5212 8.761505829941768e-09 
6902 2.3224575914259773e-07 
1646 8.307039843596582e-08 
5266 1.8232245169993652e-09 
8403 7.945293836048029e-09 
7007 2.450977304631081e-09 
5840 1.894027661923594e-07 
1840 2.245360706524033e-08 
613 2.6295245540116144e-08 
8834 7.132129205616189e-08 
5274 1.0818625772795673e-09 
7075 2.023246573808901e-08 
3752 1.3169824039923153e-08 
5233 3.952000633084614e-08 
7205 1.6025534268744937e-09 
6897 1.0319017234258353e-06 
7031 3.2617882810416325e-09 
3812 6.188319525473533e-09 
8280 9.008658867798625e-07 
9957 7.98811330344801e-09 
7882 1.2981467608220824e-09 
3368 2.008904473410047e-07 
7255 1.1253398439327127e-08 
5374 1.6685363020630057e-08 
9130 1.8801325945538828e-08 
4894 9.745914062754546e-10 
6623 4.113520615713767e-09 
4047 6.6529514290412085e-06 
8600 1.1042042408353683e-06 
5959 7.589750987122056e-08 
8221 1.411062027965003e-09 
9922 9.812871959476584e-08 
7193 3.046035083196965e-08 
7079 1.7154231672035674e-06 
6979 6.179128422042351e-10 
5221 1.4865382605080075e-07 
9284 2.0213246321023343e-07 
5780 1.827976604014273e-07 
2509 4.463340827247062e-08 
5961 3.8418009552919015e-07 
1961 1.7884164009744283e-09 
4945 3.0011123057564716e-08 
4164 6.745232414602191e-07 
6748 4.2603277714265287e-07 
9030 4.145749673726629e-08 
311 5.065924921852019e-08 
1142 6.75213037305139e-09 
6389 2.9066594721212146e-08 
2113 1.8167329777596213e-09 
8062 8.212278358146248e-08 
4393 3.3443969539616856e-08 
1785 2.4567619150605027e-07 
3631 2.5194774147064574e-07 
5962 8.75715673069568e-08 
8645 6.84831637846806e-08 
1777 2.27504657371281e-08 
3430 3.5841288270610505e-11 
9503 8.71414615708383e-08 
3733 7.220733337425997e-10 
9264 1.297957019488296e-06 
6219 9.713273816333448e-08 
4428 1.838753191320177e-09 
7696 2.885660126089537e-06 
5423 6.077632325291652e-08 
7553 3.2051992384555074e-08 
2445 2.1784568002360973e-08 
8126 3.384076344498723e-08 
3150 9.872639997879416e-09 
1170 4.2388818412685144e-08 
4667 2.230302466326803e-08 
4203 6.576828323657175e-08 
6874 9.897401163248044e-08 
8726 5.879443991462131e-07 
3681 3.3344968520326565e-06 
9772 2.2329624604823533e-08 
6081 5.537275152213342e-08 
519 1.464444387820897e-07 
5873 5.475256088360164e-10 
7867 1.2586041338224332e-07 
8050 4.787449417665212e-09 
5303 3.99131659902328e-08 
6487 5.033414973883155e-10 
9179 4.872495380260633e-10 
626 1.0782884968478801e-07 
80 1.1188958708120353e-09 
4707 4.055232082696581e-09 
7356 2.219141018738451e-07 
8790 2.1194033137883158e-08 
5907 1.4490543058250253e-07 
270 2.751246607663503e-06 
5594 1.6676310788054066e-08 
7736 9.507622857410358e-10 
9395 2.006309315383969e-08 
4058 7.464861733302176e-08 
8785 7.847769271072686e-09 
3444 1.0587113224988574e-08 
7659 9.968224352688598e-08 
9760 2.5874060312731727e-08 
2946 1.715231075841597e-07 
7862 3.5406062861215384e-06 
9493 3.1894673623728776e-06 
9598 1.8408125021474664e-06 
2937 1.6909630017712975e-07 
1740 7.734858074133141e-10 
8097 3.794631870252042e-08 
8571 1.855250034598613e-07 
3946 8.600550852207868e-08 
7011 2.998533983340334e-09 
8812 4.101351569561068e-09 
7104 2.644023888720426e-12 
5092 1.666381864898659e-07 
3475 3.01170465441807e-08 
9751 3.5191855904714e-07 
2582 2.3157949989429643e-07 
5359 6.667681468801659e-09 
8215 3.2720644925961646e-08 
791 4.458999700580683e-08 
2939 2.3401148633878793e-09 
9949 1.398352025783646e-07 
8100 2.3048443121760246e-08 
499 1.616516229558442e-08 
7240 2.0643149166131106e-08 
5837 1.967118328735958e-07 
2574 4.3189863649523663e-07 
1324 7.030909990944664e-08 
9319 2.5092960950203955e-08 
3618 8.5644218652609e-09 
2398 6.533515965066042e-08 
4050 3.9229621804698415e-08 
431 3.073161926752829e-07 
1290 3.7312769358891623e-07 
6724 8.759259167301229e-09 
2344 5.387663866901096e-08 
3142 1.5613821393992334e-07 
4500 9.74139157263e-07 
8564 8.105018757677924e-08 
160 5.209394796424289e-08 
5639 8.16408529154214e-07 
403 2.166826608104269e-07 
2633 1.12830126560692e-07 
8570 9.467139870728175e-08 
9577 2.341530530233782e-09 
4353 2.517333159174522e-07 
783 3.301194669441145e-08 
5745 1.703164268429068e-06 
9762 1.9298433879053356e-07 
1053 7.958781392172071e-10 
9242 4.088964019798591e-08 
4363 9.177906091367705e-11 
4179 8.223340877087102e-09 
6896 2.2446556004977053e-09 
7256 3.120981939679169e-08 
6411 3.700100945185691e-08 
2627 1.451280353629848e-08 
7874 1.499046756378236e-07 
7198 1.7201695226109863e-09 
8353 9.908346293258845e-07 
3714 4.1661352642424884e-08 
5238 7.675872984513004e-08 
152 4.7312697105794116e-07 
6339 4.161096728440934e-09 
3991 3.7188405778542323e-07 
6441 2.2545217705263575e-08 
2528 3.133338329412594e-08 
1328 2.7079476793173305e-08 
7774 1.6005105638210236e-08 
8141 5.070723269929873e-09 
8899 8.848809002032832e-07 
307 4.5222768172053157e-08 
6744 4.844593896493788e-07 
6654 3.368004099028719e-08 
6600 3.6371900391734347e-07 
605 7.34590479975379e-07 
6021 9.752959510963763e-10 
2123 1.4477684255110625e-08 
3215 2.9408918939422685e-09 
2165 3.0781561229083017e-07 
4065 7.229722175857995e-08 
4425 4.835704205304804e-08 
7516 5.050976702642078e-07 
8140 3.454477764747914e-08 
7160 6.657648368787107e-08 
2236 9.537593021337612e-07 
6331 3.8620021345377676e-07 
3431 5.2007412747028726e-08 
7073 2.08659450990297e-08 
4246 7.397303776468522e-11 
5074 8.170127814032813e-08 
37 2.563187554511983e-09 
853 6.759461318065841e-09 
8809 3.4757643740490445e-08 
7407 2.8717028905527746e-07 
2034 6.282665388369219e-10 
6445 7.466796024606067e-09 
9141 7.343564215761284e-09 
925 7.889818557068663e-09 
1225 6.7974018784543525e-09 
9194 8.651604892737852e-07 
8939 1.9937381567735588e-07 
7177 1.0730003639502772e-07 
680 2.3537888941057071e-07 
1046 3.208444682315751e-07 
3563 1.1134150026967187e-08 
2251 3.497572800211814e-08 
3643 2.3404272204813897e-07 
8122 5.335338920609624e-08 
2650 1.0765769081734894e-06 
3918 8.576866505460131e-07 
4528 3.248014163240832e-08 
9433 1.577022443883776e-07 
1713 1.3409329286572435e-08 
4411 2.3688332358254095e-07 
8487 3.30917154212052e-09 
7726 5.621774925096347e-09 
618 4.444912996365982e-08 
2851 2.6998527268549434e-09 
6223 1.4866968833973486e-08 
2115 2.845576027414587e-10 
8529 2.0327990754446038e-09 
3605 1.6749225791035105e-10 
3265 1.6384512154444706e-08 
2387 4.305720608532718e-09 
5948 1.823019026208695e-08 
6364 5.624366583361837e-09 
9741 2.7500843801807253e-08 
4007 8.109438094813637e-07 
481 1.2116835709590455e-08 
2064 7.899409061728623e-09 
7725 7.243703391629432e-09 
8120 1.571133281890694e-08 
2492 3.843432061591864e-08 
8816 4.97600846525927e-09 
1409 3.3623874734836634e-10 
7171 2.9952856957170746e-07 
4872 6.746355810503174e-07 
5569 2.392109112204984e-07 
4009 6.21089429736611e-07 
8823 1.4545982556071201e-06 
1400 3.593584532959773e-08 
5378 9.065719185232616e-07 
7667 5.344529829871547e-08 
2473 2.378359892103103e-07 
9132 6.56294455976883e-09 
1875 1.887645133740812e-08 
1845 1.4689618731776447e-07 
9656 9.635855839755461e-07 
5259 7.700988442858187e-10 
3143 6.139087621758335e-07 
4135 3.0895319542760433e-07 
7261 2.5981861995469965e-08 
7227 2.5660915645661257e-08 
8095 1.5831841447942903e-08 
8883 2.6277658779885385e-08 
751 1.0497186659892774e-08 
6569 1.3527902527995769e-06 
6485 2.2713060107834235e-09 
8318 5.88775313653324e-08 
3177 2.198038049426018e-08 
4591 2.096634799206732e-09 
1987 1.2678117220334476e-09 
5598 1.249002359871021e-10 
5730 4.4352761277360945e-08 
2117 2.4309140251252036e-07 
1422 7.307094680096076e-08 
2709 7.991887494161893e-08 
1197 5.476741653503286e-10 
4764 2.436809586698333e-07 
826 2.004904737456885e-07 
4291 7.104951436343947e-07 
7671 1.4400682543584845e-06 
339 5.958293657943678e-08 
4096 4.160161805603963e-07 
7871 1.3004214703630142e-07 
714 4.593190472364011e-09 
3250 6.849014915310376e-09 
3511 9.803128993599941e-09 
5551 9.547088533146467e-10 
9263 9.819102708978796e-09 
7610 4.666334224249973e-08 
8432 4.02465692502939e-09 
4809 1.741391243345507e-07 
4083 1.0271495788298508e-07 
3560 5.384251058730421e-07 
5299 3.008015904014307e-09 
6050 1.6409650137188193e-07 
6482 1.5451164387028446e-06 
7201 2.268732544797824e-08 
5492 4.273649477961766e-08 
7746 6.968672574864283e-08 
5601 2.877425779986226e-08 
7788 1.9684765609741222e-07 
5315 2.0063742933772513e-09 
7444 2.5537193887315013e-11 
9383 4.477940866908639e-08 
3322 1.3400361920017888e-07 
4662 9.16101542389053e-07 
8519 6.079436970766886e-07 
7961 6.178190288328742e-08 
8355 7.181466689747073e-08 
534 3.96676345821716e-08 
7734 1.8924747706502586e-08 
8537 1.4675195774037299e-08 
3379 4.971787900945107e-09 
4865 2.7553093610601055e-06 
9450 5.245888437660213e-09 
2104 8.449297121335131e-10 
6018 5.453323364591993e-07 
1291 7.612761934808684e-08 
4258 4.1124373996614434e-08 
4355 1.2381292024889624e-08 
1851 3.412072037898203e-08 
8861 2.8523196436746804e-08 
2277 2.408609912972308e-09 
5310 2.2856132217440907e-09 
7843 2.688925329818735e-08 
6095 8.74373900368778e-08 
4290 6.616752669646314e-09 
7857 7.54729739387976e-08 
8372 2.5241412462755644e-07 
8754 9.403899838801614e-08 
7709 9.390591939684514e-09 
9207 6.259278722510094e-08 
5443 1.7645776247523018e-09 
7035 3.130950378223607e-08 
2279 1.4151886455619494e-06 
3156 4.2812742937950385e-07 
1015 2.591854991434996e-06 
9209 7.979179547410007e-09 
3646 6.032831184053448e-08 
9005 2.1814738990905136e-10 
5112 3.642604495642917e-08 
2131 2.566147543097601e-08 
2097 4.886728629307233e-09 
1500 1.8608939785593206e-07 
7283 1.83882932958037e-09 
999 1.3829578568990346e-06 
9020 4.018453551574177e-07 
4953 2.823301096441572e-08 
4352 9.589313210798937e-09 
6901 1.4605509456457577e-06 
9595 2.6551670848952436e-09 
2026 2.1472689090931587e-08 
8602 2.4815655801633653e-06 
4671 6.307267719392329e-09 
6915 8.743501517897707e-09 
5397 1.8222391989601832e-08 
9865 2.801426917808738e-08 
8591 1.3499838496440508e-08 
940 1.3699093126986719e-07 
4490 2.558553034503663e-07 
2254 3.411901942172572e-08 
911 2.2386709317909204e-09 
7166 4.206045671506914e-08 
8360 3.76076879801229e-08 
2081 4.321845762181049e-09 
9576 2.8804634387654284e-06 
8060 8.377179278205547e-08 
6928 6.386663130563417e-09 
9011 1.152869502090315e-07 
9713 3.2715790727541605e-09 
7613 2.6129058225806074e-08 
4463 6.333196718704553e-08 
631 1.4229503312205107e-08 
8229 2.7019509344743527e-08 
6216 3.611120068448175e-08 
1181 9.806736329031826e-10 
9504 1.3770572182547625e-10 
4833 1.0416159031310672e-06 
9169 2.670242643306555e-07 
9888 2.39504891676034e-06 
6023 4.7812878400363794e-08 
4767 6.648605478692298e-09 
6846 1.8132563421474645e-08 
4091 6.115459192447174e-08 
7178 1.761970425632339e-07 
4017 4.2511136117378214e-07 
6586 1.5930296583947822e-08 
1101 1.1651682823993746e-08 
6129 1.7689913353602371e-09 
1189 3.0678086529998573e-09 
8766 5.772425714791535e-08 
8055 1.260726326768406e-06 
3594 2.5610576908000315e-08 
2965 2.891433031617858e-06 
9197 8.04542249445081e-10 
9352 1.477501052767901e-06 
5368 2.5489917974707033e-07 
1093 8.287160241205335e-08 
6249 1.4354654964687796e-10 
4839 1.8779433849553686e-08 
8061 2.5845058625187567e-07 
1281 5.4150499357870946e-08 
1336 1.8963906093970095e-06 
6254 1.93433501870417e-08 
414 1.6691588629143044e-07 
3168 3.073106268019181e-08 
5977 1.419318569848467e-07 
8801 1.8779425801785233e-08 
6478 1.0249471129221562e-08 
8835 4.1529948503586656e-09 
7808 8.891664965212627e-08 
8139 1.7935069868726646e-08 
3364 5.153894239493872e-08 
1343 2.6144427356043483e-08 
5923 1.919413890723274e-06 
1498 2.5841937475060768e-08 
9282 1.532845520756381e-08 
8799 3.84729297929665e-07 
4226 1.179712586980461e-06 
6998 7.0818933807774865e-09 
2757 1.012614645298923e-06 
7149 7.635515907887094e-08 
3442 3.450351468539713e-09 
7596 2.8333158382670438e-09 
3773 1.3787262676145225e-06 
5990 5.6754024164457496e-08 
9357 2.4584106595087202e-06 
8203 1.488718039360619e-09 
4081 8.086243649276907e-07 
9843 6.808016594822054e-09 
6792 7.523023494890043e-08 
9121 2.2248797228933796e-09 
3816 1.2456481458819418e-08 
8950 3.898839690363488e-08 
7209 3.979594716527311e-07 
5253 8.356447070363747e-09 
2839 1.9051033414562585e-08 
7793 4.7954143894862777e-08 
9802 1.2453381291683066e-09 
7694 4.741919132122159e-08 
9884 2.942336162041749e-06 
3271 1.1724959449194067e-06 
2563 1.49899521933052e-07 
5107 1.7905914916467848e-06 
2285 5.1342548605357944e-08 
2699 2.8313077170044523e-09 
3432 4.157018848696984e-09 
2183 5.14493396391054e-08 
7247 6.502900544336767e-07 
525 2.1848134890726864e-07 
5760 1.0604438509148452e-07 
317 5.0247694078433096e-08 
8486 2.4028508193167487e-07 
8298 2.4938299783694028e-08 
5688 6.473867371502751e-09 
644 1.2371561264000758e-07 
9290 2.0820520651190895e-06 
537 4.1526373346648446e-08 
8710 1.3419537457103644e-08 
5597 9.995129134255494e-07 
5957 1.4998971514256503e-06 
4790 4.420932156598209e-09 
986 2.0910398620287423e-07 
4955 2.08555255416419e-06 
2373 1.2973083986868349e-08 
513 2.659071245306461e-07 
7213 3.536589375013678e-07 
9858 2.6126818498386703e-09 
4111 2.16331969541848e-09 
4980 1.867599190268277e-07 
6135 7.430782536488843e-09 
5905 1.562268042270308e-07 
4242 4.656614033722838e-07 
8345 1.4630729965594495e-08 
7383 4.594476629986473e-09 
7537 3.87947748350748e-08 
4635 3.51210053796145e-08 
2722 4.282091578159753e-09 
6300 1.9821395290205352e-08 
8559 2.7856948841143824e-08 
2923 2.5980783463805297e-06 
9960 1.0091193028139963e-08 
1151 3.495557813116315e-08 
1454 6.574172601817735e-08 
5100 9.690381591757771e-07 
6191 5.933220064697452e-07 
7399 2.533570011772901e-10 
4256 1.0795637647720291e-10 
8356 1.9101597091228124e-08 
1764 2.578205964774141e-09 
6737 1.9567091151025574e-07 
1780 1.2655707028197124e-06 
1440 2.413593350192051e-09 
4725 5.593009688714809e-09 
2774 2.516703607015683e-09 
2061 2.429727401836908e-07 
4511 2.3755443094940464e-08 
6136 1.5372241951583376e-09 
558 2.2113378822427786e-07 
847 1.2744317160099237e-06 
7920 2.520963547226273e-06 
6402 2.9244052900849818e-09 
675 3.125605776803375e-10 
1120 2.160528368395147e-06 
26 1.1166449288082259e-06 
3202 5.7617425837619115e-09 
916 4.6210220213284477e-08 
965 2.912893469210172e-09 
728 9.087835851896936e-08 
423 1.892702896706444e-08 
1180 5.433841767391683e-07 
3084 3.7285536285926657e-08 
248 1.6999769684934891e-09 
2734 3.824006178468906e-09 
3239 4.819106309963744e-08 
7033 1.1242778287833606e-08 
9641 2.7398112685922914e-08 
2972 1.3509593350029085e-08 
5355 6.352088044628286e-08 
6369 2.1716528214783506e-07 
7080 4.1843879370021217e-07 
1184 1.0412447605055838e-08 
3913 1.5586193273495952e-07 
4829 1.8084946128539905e-09 
5706 1.1104330361980401e-08 
6400 1.580761310325025e-08 
5015 4.720849120583466e-09 
9719 1.5254283675238009e-06 
8869 1.1653788874204816e-08 
3602 4.432777398604672e-08 
8178 1.4978342290141843e-07 
140 7.952992693812216e-07 
5603 1.1580674050199504e-07 
2521 1.0654368102809705e-08 
9140 1.428038256493553e-07 
8369 1.2672211942982292e-09 
9835 5.115194421610329e-08 
8406 1.8881562979800037e-12 
2316 1.6745612342243521e-06 
3559 3.175311051421825e-10 
3038 9.110615754529942e-07 
984 1.176505186707561e-07 
8957 4.761409388482794e-09 
4308 1.0645393840524528e-09 
1930 5.879760101219246e-09 
7433 1.0909923375617301e-07 
810 1.334370022218782e-08 
2176 3.752647114321723e-08 
8439 4.44245847609568e-08 
721 1.2295676895088873e-07 
4567 3.1544720925465667e-06 
4174 2.3117335119638883e-07 
2249 5.698577834045422e-09 
5461 9.82290161824497e-07 
5528 1.659192689598861e-09 
5640 2.0784204444107503e-07 
642 2.424954828377758e-06 
8365 5.151371976042611e-08 
396 1.6780597209180097e-08 
8000 8.96077731495624e-09 
4385 6.337599212053813e-09 
9572 1.9150241214910365e-06 
2280 2.5722713287616115e-08 
2198 2.1764553799690585e-08 
3959 9.048777153296925e-08 
7037 7.001567400705924e-08 
1484 2.954091351114877e-08 
8163 1.91324574663404e-07 
4170 1.2420987615827684e-07 
4526 1.1145660222663598e-09 
8032 2.8015019890565637e-07 
4269 1.1483850802638558e-07 
3971 2.035105459749064e-09 
3214 6.320832681276666e-09 
9114 4.3484072227624346e-08 
7354 4.0620478684690655e-08 
3962 1.228670073148019e-08 
2107 2.6568366139966336e-07 
2530 9.70767416382153e-08 
6822 2.1958382132268064e-07 
7853 6.921117699699784e-07 
823 2.4383164535851307e-09 
7790 1.799751231881553e-08 
9168 4.706046011893452e-09 
9885 3.646542072519745e-06 
7795 2.645942407193218e-07 
9981 1.1612960018242999e-08 
444 1.017607117783334e-07 
5894 6.287920406632206e-09 
5631 5.459336988010816e-08 
571 4.287428398419557e-11 
539 4.145233263292825e-08 
8608 2.406414310566327e-06 
3777 9.706796992911682e-07 
9649 7.670570594572445e-08 
8932 8.90759292822006e-07 
464 1.6696336772925645e-08 
4437 1.760438456107152e-08 
3229 6.049726639771387e-08 
697 8.407343371720423e-08 
1768 4.066116321648867e-07 
5454 3.0529869856146807e-09 
5620 1.5088198704253805e-06 
9535 2.0007241082018335e-08 
9496 8.08717956317373e-10 
8968 1.1011727759478474e-07 
4201 5.8233313828074404e-08 
7230 1.0452681110671977e-07 
7674 1.340092808515956e-08 
8827 5.634461047282187e-09 
1495 2.7304189627417198e-08 
3661 5.6482360399001406e-08 
8760 5.110558376328495e-08 
2653 7.257663212816359e-10 
4788 1.0629815294465984e-06 
8011 5.040851375095849e-09 
5815 6.2725941467177025e-09 
5329 2.2877968567443403e-09 
6047 1.0065386882846905e-08 
9806 2.0774537703396634e-08 
3094 3.313022992009379e-08 
2601 2.610734737824947e-09 
5157 1.333495097937537e-08 
2652 1.4780668278838894e-06 
9091 1.8248471696409585e-09 
8839 2.5783802619627614e-08 
689 1.5172832195229235e-07 
5954 3.77222717881545e-09 
7128 2.777756863272895e-07 
333 4.243296485117596e-07 
8183 6.78944609435867e-08 
4552 1.911494657795955e-08 
8105 1.1662251444503197e-09 
6777 5.0652440866877715e-09 
8241 3.548833767037942e-08 
177 3.3680166264705037e-09 
9177 6.044704004167555e-08 
8213 2.3343169546510373e-08 
3562 4.809524250918868e-09 
4450 2.3810040701761383e-09 
1571 1.508522942832483e-08 
4219 5.550998251784795e-07 
5001 4.5139517112945796e-08 
9221 3.610895321017375e-07 
8736 1.6777724097904889e-07 
2552 3.7140635801222177e-09 
8499 4.643579960654509e-10 
7093 5.645471856985866e-07 
6805 3.937765064070676e-08 
409 1.6114407259769421e-07 
2721 8.35247229989981e-09 
2560 4.887051676722874e-09 
7214 1.296748746793322e-09 
9667 9.646568921578016e-09 
5160 1.363489908245416e-07 
8864 3.831349318318342e-09 
7730 1.8499352738811034e-08 
9039 2.706270841058558e-07 
633 9.281138832297409e-08 
6515 6.238501339432198e-09 
6763 8.379194446462928e-09 
878 2.6272370535977635e-07 
5013 2.839967498367789e-08 
5128 2.596756986724533e-06 
9006 1.0540670557958055e-07 
3047 7.263942658900739e-07 
4802 5.042065247348962e-06 
1188 6.425730645842047e-08 
480 4.5298271991039973e-10 
6206 2.0800604629624392e-07 
5317 1.8675530786811754e-08 
4412 1.575556386179836e-07 
4054 2.8717798471174585e-08 
242 1.2400750773541177e-06 
3258 9.154105744908422e-10 
4441 1.357940743738125e-09 
2499 1.4555729803464177e-07 
4063 6.269883085236752e-07 
1586 4.391620770504132e-07 
9950 4.938685168807086e-08 
5354 2.882458808902747e-06 
7672 1.0278736399353672e-09 
7132 3.815536555818841e-07 
52 1.1338153570314077e-09 
8135 1.866114747591744e-09 
3702 8.458434897238914e-09 
2888 3.020560576481998e-09 
9351 1.3111076570969702e-07 
51 6.086730775960822e-07 
2480 3.3888875063375207e-09 
6829 2.7570572127405546e-10 
6228 1.3238593664988477e-08 
2066 4.763355541628116e-09 
4818 3.805389752841207e-07 
8855 1.4537653558048822e-07 
9967 1.6581541754348735e-09 
2422 3.375758615086386e-08 
4378 2.2493463542284448e-07 
6109 4.774815075891267e-08 
8770 2.8806069491428543e-08 
4130 1.5738775085817418e-08 
5079 1.6973060240274562e-10 
8247 8.252377156800293e-08 
7996 2.4502496724611947e-06 
7114 2.8285354126755336e-08 
2378 3.3108167410715508e-09 
2221 4.050913236572348e-07 
3549 1.6941346560577896e-08 
6708 1.047836787173087e-09 
743 1.6323970907650347e-06 
1156 2.6213755849151255e-09 
9705 4.236314328574364e-09 
2606 1.2035499369041427e-09 
4870 4.599942393299344e-09 
9146 2.140505046808841e-06 
4265 3.42662181363417e-09 
2368 2.9742097667004178e-08 
8253 1.0736677930813863e-07 
7602 3.393056574868948e-08 
9052 1.1598779009994078e-08 
5896 2.4525019265853737e-09 
8160 5.664793542017529e-09 
9529 2.4550575524894154e-09 
1347 4.597571004070479e-07 
3341 1.4435696802519798e-08 
3454 4.698195079505529e-10 
5044 1.2958756494076454e-08 
3092 1.1018305364721582e-08 
94 2.443882285463835e-07 
6061 6.755411697482311e-09 
5513 3.814012849914168e-08 
7720 3.22370077657546e-08 
3330 2.861910809672649e-06 
2684 1.5945369220522853e-07 
3710 3.6693221759506427e-07 
589 1.0697001928345934e-07 
3055 2.505442645885092e-10 
3707 1.920772030468941e-09 
8746 8.726029100680766e-11 
6198 3.738236543232576e-10 
1747 1.8348801600850227e-06 
4027 1.530884703867478e-08 
172 2.3017708083581718e-08 
2399 1.640524944838005e-06 
6531 4.1139715161820226e-07 
3792 2.3102636207078878e-09 
6553 4.023047324980183e-08 
744 1.1436602575754393e-07 
5487 4.984533267908542e-10 
2268 1.7920691217848466e-08 
7531 1.829946387173966e-06 
5555 1.0614485679294461e-10 
6530 1.3722241515937161e-08 
8708 2.4987070572357606e-10 
3311 2.289752770564943e-06 
9288 1.6415775403854838e-07 
9622 1.103749262126863e-10 
9740 1.0548232017666345e-09 
6544 1.9366048604810017e-06 
1076 1.263796801224574e-08 
1009 1.5691510405488676e-09 
5349 1.4132470855250392e-06 
6447 1.4394669562073972e-07 
240 3.852212360271013e-09 
7391 4.245735412279194e-08 
6255 1.2678537339413744e-06 
5180 1.2342112498862756e-07 
4191 3.2675854311642474e-08 
2501 3.369921051426386e-08 
7050 1.6327824161948765e-08 
8983 7.849027818768541e-09 
749 2.0910100360003282e-08 
5187 1.7698847249976793e-09 
945 3.2720870852230577e-09 
1592 2.4254553511704165e-08 
9120 1.6125024286748474e-09 
7717 6.512999874685358e-07 
1519 4.150033370376218e-08 
5369 1.9673388414142808e-08 
2960 7.734960480280939e-10 
4673 5.153016331528228e-08 
9343 3.295193480462055e-07 
540 3.650884887077899e-09 
2305 5.190124055274969e-07 
1504 5.400753082598908e-10 
6506 3.960247447765955e-09 
217 9.697956094361043e-09 
8546 3.298994735004187e-08 
6130 2.346536435054628e-08 
6015 1.036120530391802e-06 
4194 8.35259319475752e-09 
6517 1.6610223552225144e-08 
6965 2.7835982348302753e-08 
1862 7.388078078377271e-08 
5321 6.057051271217733e-08 
1059 1.0975091397269147e-07 
9453 2.3362348167265144e-08 
8908 1.9759595491013432e-08 
2297 2.8962693251451197e-08 
2789 9.06156252464263e-10 
6850 6.285083532102777e-07 
8239 7.395887060331757e-10 
4933 1.1034918408724115e-09 
2783 2.0359343526898808e-08 
7138 7.026715973402348e-10 
3805 7.267320898175393e-08 
6011 1.995181502650878e-09 
118 5.838091908646037e-07 
2643 6.435731904133059e-08 
9384 6.020705643828878e-08 
1037 3.014947813555421e-07 
9588 1.071476393892844e-08 
9028 5.899247920644916e-09 
4602 1.335179358115084e-07 
8606 8.140902189713683e-09 
8550 3.6549081675659595e-09 
3003 6.8733906732735845e-09 
1611 6.303680064288582e-07 
5918 3.950401856762237e-10 
5003 8.727562602922718e-08 
7094 8.506361990372721e-07 
2950 2.881323515179708e-08 
8388 2.7918720311949016e-09 
4166 5.0720395762603e-09 
8118 5.354145147425556e-08 
4216 2.474399784341166e-07 
828 1.1001944447501576e-06 
9945 5.486032192761336e-10 
5152 1.0562274438867453e-06 
3684 6.208402368590438e-11 
3680 4.426795914455302e-09 
5091 7.562339643385485e-12 
447 1.351253382949301e-09 
7635 8.244306513186527e-07 
6008 2.5631801199991116e-08 
8450 1.617491461711083e-06 
9541 7.488967112217288e-09 
5943 2.2636260007460066e-08 
6718 4.2584192786867875e-06 
6066 2.0527637104196497e-06 
3896 8.150777889713752e-08 
3905 5.4055655202668525e-08 
6859 6.991518246676687e-07 
6660 2.6052567710539563e-08 
2106 3.8398191502615785e-07 
2726 2.043618626421586e-07 
3649 5.9500288874245796e-09 
8586 2.0606284929456537e-06 
9147 1.9871349314290465e-10 
7070 6.151338133574864e-07 
7259 2.5985268133120134e-07 
4271 2.8211315483829102e-08 
873 1.2462467228289978e-06 
5933 1.9618643113151492e-08 
8210 8.474342686009524e-07 
159 1.5403277847536805e-06 
9050 2.7899107237449936e-06 
8769 1.1897874549634471e-07 
9164 1.456716845529138e-08 
1082 3.535650534855638e-08 
1107 4.870549676010702e-07 
4026 2.3223188484549316e-09 
3086 1.2732968235509943e-08 
4420 4.816364792380523e-08 
5992 9.37809988228787e-09 
9855 3.060134566517493e-07 
9165 1.1387159555131116e-09 
1407 2.723378068012585e-07 
2559 1.1296748606004492e-10 
8275 3.1032228549256625e-09 
8408 1.3325957542846024e-09 
6493 3.717956157184786e-07 
6599 2.7619633579192577e-09 
3906 3.7375429862924357e-07 
205 9.69374347680157e-09 
8698 9.754954564104297e-08 
5186 1.8012104405620464e-06 
7038 7.422976247210761e-08 
7673 8.566035070794954e-08 
9786 3.0568791920389883e-07 
206 3.702309323598804e-07 
825 2.4691627670985626e-07 
6022 1.3351827533674386e-09 
4548 3.79370805234612e-09 
334 8.565289945180929e-08 
1897 1.239462771843701e-07 
6844 2.051978339944309e-07 
4524 1.8748799464338354e-07 
4001 1.1249388293309724e-07 
5793 3.8615092191537914e-09 
2397 4.225831163240292e-09 
6230 5.2761929634354e-10 
1367 7.2669354478821545e-09 
5571 4.2188441335676714e-08 
5612 1.4976863059148107e-06 
4973 4.89079477278296e-07 
1659 4.94245772728848e-08 
5714 4.3921866144103205e-11 
7954 9.901815814216541e-08 
7919 2.852594833687212e-07 
3264 1.2331289156222703e-08 
7487 1.0064955838174836e-09 
7915 3.563635130910999e-06 
6383 3.780148009636117e-09 
3550 1.4219099064097251e-08 
5813 9.403723335099704e-08 
1295 6.40978008311134e-08 
5663 8.315807714957477e-09 
4875 7.003007106929941e-07 
5909 3.638821054370578e-10 
4532 1.5752309344790297e-08 
9142 3.2445948210149344e-06 
8986 1.0687338436548264e-08 
736 3.1150556912605426e-07 
6073 2.582232495366033e-07 
58 2.3699847257819314e-08 
1195 9.015171855558668e-11 
4491 6.095759854974774e-08 
6324 2.74656859366559e-08 
641 1.7200101644043526e-06 
741 3.7092137087998034e-08 
8993 6.328454383681883e-08 
4814 9.423881135393881e-08 
2190 3.990483621703377e-07 
2766 7.359109239050072e-08 
4071 1.771038910657215e-08 
2608 1.0408610767651425e-06 
72 4.774171665639093e-10 
6753 3.39759823156675e-09 
2531 2.5732407804224275e-07 
6936 8.598423893414776e-07 
7971 5.34519419441831e-07 
1361 2.0551983213514403e-08 
8539 1.269504596606609e-09 
9032 1.2370999930239133e-08 
6682 5.1203004750572756e-08 
4102 1.8374910484234702e-09 
3802 2.4357326468959502e-08 
6546 7.815346388239807e-09 
7757 4.643915493037637e-10 
3288 1.6272272280900895e-06 
3391 2.4339821763764795e-08 
6971 3.5199574716045674e-07 
3317 5.471574626947319e-09 
3106 1.3716239129191697e-09 
1972 2.1207507963373054e-08 
7091 4.873408819266531e-08 
9869 4.9694120838185245e-09 
9734 1.6779930095233006e-08 
8549 2.4059386887109637e-08 
8800 5.943732540296143e-07 
5530 2.3064274488803697e-08 
6436 9.063342087467854e-10 
5094 1.921267922045441e-09 
2884 1.6866721623624284e-08 
5108 4.174698610037757e-08 
2777 4.2961197919778645e-07 
7785 8.40850232678734e-07 
3145 7.093739660566853e-09 
8002 2.4501993949859726e-07 
6063 4.1729796177083654e-07 
2893 3.933034783894533e-09 
9637 7.246960300721895e-09 
731 2.0580222254170766e-08 
9878 6.337988949612445e-09 
2515 1.3525827429281277e-07 
8363 3.6438323553414757e-07 
7379 1.2769087774286008e-07 
3902 7.810644204583254e-09 
4754 3.4177459840110253e-09 
282 8.031461240124793e-09 
2056 3.377804286192312e-08 
24 1.505552940571863e-08 
6686 2.0398971346374242e-08 
9047 5.756364954227202e-09 
8538 1.0016380254447457e-08 
7958 2.881314069777755e-08 
5696 3.5583451774714553e-07 
4109 8.862265955811299e-11 
6116 1.3677670886625033e-09 
8048 7.210311778897127e-08 
6630 5.145842850144262e-07 
6788 9.217251435841498e-10 
1039 9.792284623994624e-09 
4791 7.876522888797201e-07 
5312 7.146342924059153e-08 
3426 9.298791772390305e-09 
7140 1.2087043687381601e-08 
5700 1.400874295308819e-09 
1678 2.2565260375420653e-07 
3488 1.4879450640384205e-06 
7111 1.173744901452997e-06 
3407 3.7883264671675475e-09 
2505 1.679171502473771e-09 
7557 1.445824626470997e-06 
3353 7.329293497229704e-09 
7755 3.94285759447774e-06 
9655 9.25561582011561e-09 
7163 7.865850332230844e-08 
5479 5.747377539166987e-10 
166 8.700591382342776e-10 
7267 2.053087419280816e-06 
8064 8.253092419186339e-07 
2132 1.109412704980656e-08 
7799 4.298363218208588e-07 
857 4.321353875199124e-08 
101 1.833760837424921e-07 
6939 2.226824070487036e-06 
3017 1.7923686883650203e-10 
4259 3.5728588209125105e-08 
9700 2.7637664032353904e-10 
8877 3.0274014107346133e-06 
1398 1.527709926963376e-07 
706 1.3570801277556208e-08 
7465 4.654954023451804e-09 
2233 2.529198886296219e-07 
1672 1.667911976392498e-08 
88 3.36800799337518e-09 
1880 4.909210052603253e-06 
3580 8.342429881139633e-09 
3867 5.432157540689903e-08 
5694 8.128680860596537e-07 
3481 4.191952232383833e-09 
677 1.256636526607291e-09 
1905 1.935757165455118e-09 
3380 7.588209923695827e-10 
8268 1.619999080571514e-07 
5206 1.0687142228788413e-07 
2256 1.1914111246851542e-08 
7022 7.670880851091272e-10 
5416 3.6384728846302657e-08 
4155 1.4983201541961548e-08 
8274 5.530809738175284e-09 
4252 3.384237679015579e-07 
7403 1.8848823870967177e-06 
8558 1.5910773367577038e-07 
4052 1.5418128052491903e-09 
5682 3.913015823467185e-08 
1727 7.288843471969224e-07 
7930 1.160053926594627e-06 
4774 8.723172191550869e-07 
9900 1.7464979595943622e-07 
8435 2.995362131249664e-08 
9887 4.6436817980915367e-07 
3109 4.681821463202668e-09 
4615 1.7210545393345211e-09 
9036 1.471770786840021e-10 
1908 5.233858521448664e-07 
1688 9.714331486370222e-09 
6855 1.2892959999791753e-07 
1615 2.273183253693087e-08 
278 4.68960178592122e-09 
756 2.674184792876566e-10 
9017 1.0811149050776135e-07 
8890 1.4961646711012438e-07 
7846 3.7715174823913545e-07 
213 9.497022948618192e-08 
5179 3.648084223393711e-08 
7582 1.1641064603235223e-06 
2580 1.1641877007472769e-06 
1475 1.313695795033002e-07 
7618 3.398948538511188e-08 
4315 1.665916841276895e-07 
1707 4.025175224064943e-08 
4407 2.302684860329288e-08 
4745 3.7015156056217165e-07 
4608 4.245120007619657e-08 
7678 2.0189063599333474e-08 
4714 1.4024348800466645e-07 
7826 1.3582211174620372e-06 
3601 3.414977947076785e-08 
6996 2.539367530813262e-09 
7457 4.604968135774671e-07 
5953 4.6466935007585515e-08 
6117 1.5763464586624948e-06 
6342 1.0519555886101539e-10 
2046 6.323026116138271e-08 
5400 2.4560657655333778e-08 
8677 1.8523003449078114e-06 
4999 9.123224979374574e-08 
3008 1.578564489945668e-07 
5059 3.0794533261430255e-06 
9389 5.9410170537134993e-08 
3429 5.509072840059401e-09 
8745 1.7118033388768192e-07 
9015 5.4083287589600236e-08 
970 2.403735665373885e-10 
5565 2.796496698337196e-08 
4486 1.3237387323325024e-06 
8583 4.4559528065313974e-08 
6925 9.33215382422671e-09 
9331 1.4255646254956848e-07 
5118 1.8915210869287734e-08 
7931 1.6449883220250765e-08 
2184 1.2012658126255363e-09 
2602 3.9131872408857605e-07 
9519 2.8245446164810485e-09 
7608 5.313699682681011e-07 
7428 1.2081413239620198e-09 
9714 1.7047963327479487e-09 
3101 2.2923024199303366e-10 
448 8.82033339799074e-08 
3936 3.5664576570595876e-09 
1196 5.4276781684048565e-08 
527 2.097594385357485e-06 
6540 7.687963552527137e-08 
4285 6.730177579302735e-08 
3678 1.2019450121362974e-08 
5510 2.617587086022272e-09 
5499 7.777234979001904e-09 
9840 7.442833051087071e-09 
3502 4.616893295623925e-10 
7263 5.310121341256394e-09 
9447 7.250296651028706e-10 
7591 2.3281356046028594e-09 
8576 1.8158456666180316e-07 
5462 4.997117467625267e-08 
7741 2.4761499171704963e-08 
2594 6.754843098446982e-06 
4696 2.8052576494380643e-10 
1206 4.0416024614683515e-08 
2656 1.017482671872977e-08 
3170 8.544115787456e-08 
3061 3.321453039917495e-06 
5356 1.518362328770985e-09 
5226 1.9888677346415722e-07 
8394 2.843545433839356e-10 
4600 3.6084083290810476e-10 
674 1.4638218207148613e-07 
1311 5.767077658171615e-08 
9752 1.1907579482809956e-08 
2848 3.0382862068259464e-10 
8503 5.918278231003842e-08 
934 1.653868254994302e-08 
9678 1.643999720883633e-07 
4970 4.96821837040356e-07 
5262 1.1409512310628367e-10 
8051 9.48385176272569e-10 
1129 2.7492931447592094e-06 
433 5.995410617328136e-08 
5316 2.005608475023695e-08 
8863 5.410147176420157e-08 
7027 1.0368055088428495e-07 
6112 3.487595614609868e-08 
6469 9.250069390149064e-08 
7647 3.284642859436153e-08 
9344 3.445321354890769e-08 
5120 5.494742090744308e-09 
6185 1.4745680524208093e-08 
8096 1.3105769861914802e-07 
9961 3.562703956123351e-09 
6663 2.882534004810264e-09 
3751 7.766294135731179e-08 
2133 9.27225976989323e-08 
5615 4.338215180940989e-09 
8368 3.65586688783073e-08 
5641 1.1021142771921935e-07 
3546 1.0730813676998311e-08 
301 6.392841960386355e-08 
9239 7.545924608328251e-07 
9955 6.5573152973453326e-09 
7935 4.74598640020448e-08 
2437 5.752608596697488e-09 
3089 3.337122004919797e-09 
9612 5.61698373383534e-09 
5666 6.8486734935546e-10 
4513 1.1878304179419104e-07 
29 6.486372217574273e-08 
2622 6.118094373648705e-09 
7776 7.339398683665595e-09 
4663 4.0706425380372216e-07 
9639 7.682896986921187e-08 
9638 3.5659120936821272e-09 
3873 9.308112005099829e-09 
9277 1.0160598588960569e-08 
9185 1.802928220662958e-07 
323 3.3999215864466816e-08 
1299 3.3422143734429164e-08 
808 8.784646777122639e-08 
9031 5.752826663468996e-08 
4204 1.072359584725239e-07 
276 5.4639286644375096e-08 
1133 8.50106399333458e-08 
473 2.5118331515830872e-08 
6696 4.4546521978072165e-08 
9316 4.013883471565548e-08 
2932 1.5705721470240944e-08 
8498 1.0162712829031562e-08 
8788 2.181935624485497e-07 
3708 1.0274135842659512e-06 
8752 3.486960175593761e-07 
3200 7.122770253803804e-09 
7529 3.281168083734876e-08 
8242 1.3302484280397033e-06 
4742 1.3429883080116434e-08 
6140 3.655986134220408e-07 
6879 4.7594628496309313e-07 
5348 1.0593681547405256e-06 
3201 7.768894674033267e-08 
2403 2.8549518050102925e-08 
2570 7.984105812397188e-08 
8722 8.436113590915576e-08 
6318 4.92695105707388e-07 
9854 5.090843351284987e-09 
8072 1.3802975342804813e-07 
2195 8.976425346980026e-09 
1057 4.238270974763836e-09 
7334 1.8242782724695625e-08 
1709 3.319445222535624e-08 
2919 6.268030073172807e-06 
6172 9.297260415144858e-08 
2408 1.7488236823315535e-08 
9062 1.3208918111101731e-06 
7020 3.0962252597340416e-08 
8520 1.9160842249212255e-06 
3796 1.2453896776907017e-08 
9318 1.821501366943833e-08 
7220 3.765970852574957e-09 
2125 4.3252152814268614e-07 
1130 1.4761961542633254e-06 
5550 2.3799144092242307e-07 
811 7.405101253666104e-08 
