0 0 4 4 285
0 1 5 4 506
0 2 9 2 16
0 3 3 3 21
0 4 1 4 49
0 5 7 2 37
0 6 4 4 155
0 7 8 3 129
0 8 4 2 15
0 9 8 2 28
0 10 5 2 24
0 11 3 5 599
0 12 2 2 10
0 13 10 3 79
0 14 4 4 290
0 15 1 4 59
0 16 6 5 3184
0 17 5 5 2415
0 18 3 3 64
0 19 8 4 231
0 20 9 3 67
0 21 1 4 66
0 22 5 2 21
0 23 6 2 18
0 24 5 2 18
0 25 9 6 8051
0 26 5 2 16
0 27 6 4 176
0 28 4 3 83
0 29 3 2 11
0 30 10 3 99
0 31 9 4 781
0 32 5 4 550
0 33 1 4 23
0 34 3 3 31
0 35 5 3 77
0 36 9 3 156
0 37 6 3 44
0 38 7 4 245
0 39 10 6 20248
0 40 1 5 150
0 41 6 5 1111
0 42 6 5 793
0 43 9 1 12
0 44 4 2 14
0 45 6 3 97
0 46 5 3 35
0 47 4 5 1979
0 48 4 3 26
0 49 8 1 13
0 50 2 3 19
0 51 4 4 92
0 52 7 3 73
0 53 6 2 18
0 54 3 3 33
0 55 7 2 25
0 56 5 3 104
0 57 2 3 25
0 58 4 3 68
0 59 2 5 999
0 60 2 4 130
0 61 1 4 24
0 62 1 3 9
0 63 10 4 452
1 0 2 4 54
1 1 4 1 6
1 2 8 3 44
1 3 6 3 93
1 4 9 4 798
1 5 9 2 44
1 6 1 7 5568
1 7 5 3 38
1 8 3 4 131
1 9 6 4 156
1 10 3 3 25
1 11 7 3 154
1 12 7 3 44
1 13 8 2 20
1 14 2 4 99
1 15 10 4 562
1 16 2 3 28
1 17 2 7 10600
1 18 7 3 45
1 19 1 4 34
1 20 10 2 26
1 21 7 3 73
1 22 1 7 6449
1 23 7 4 234
1 24 10 4 864
1 25 9 5 1411
1 26 10 3 136
1 27 1 4 85
1 28 8 2 16
1 29 6 4 205
1 30 9 2 26
1 31 5 4 345
1 32 3 3 23
1 33 2 5 1295
1 34 1 4 90
1 35 1 4 69
1 36 7 4 256
1 37 10 2 33
1 38 6 5 1481
1 39 9 4 698
1 40 2 5 240
1 41 4 5 498
1 42 7 3 46
1 43 7 3 77
1 44 1 4 95
1 45 4 3 47
1 46 5 5 2595
1 47 1 6 1237
1 48 6 2 15
1 49 6 5 1896
1 50 1 4 32
1 51 4 5 803
1 52 5 4 305
1 53 3 3 18
1 54 9 3 68
1 55 1 5 305
1 56 1 5 137
1 57 2 5 341
1 58 1 3 22
1 59 7 4 191
1 60 9 3 90
1 61 8 3 94
1 62 7 2 24
1 63 8 2 20
2 0 7 4 187
2 1 2 5 394
2 2 3 2 6
2 3 3 3 21
2 4 7 2 35
2 5 4 5 639
2 6 3 3 33
2 7 3 5 1135
2 8 10 2 33
2 9 7 2 27
2 10 3 5 1269
2 11 6 3 92
2 12 9 3 89
2 13 8 3 105
2 14 7 3 41
2 15 1 5 253
2 16 4 3 37
2 17 7 3 59
2 18 3 5 793
2 19 9 2 46
2 20 4 4 302
2 21 2 4 121
2 22 4 4 287
2 23 1 5 169
2 24 3 3 51
2 25 8 3 93
2 26 4 4 222
2 27 7 5 1039
2 28 4 4 115
2 29 9 4 239
2 30 1 4 49
2 31 4 4 379
2 32 4 3 55
2 33 6 3 125
2 34 8 4 767
2 35 6 3 113
2 36 3 4 128
2 37 5 4 427
2 38 1 5 197
2 39 6 4 308
2 40 9 2 41
2 41 1 5 356
2 42 5 5 576
2 43 3 4 76
2 44 10 1 14
2 45 2 4 88
2 46 3 4 181
2 47 3 3 37
2 48 4 3 49
2 49 4 3 51
2 50 2 5 1143
2 51 10 5 2881
2 52 9 3 64
2 53 4 3 24
2 54 10 1 8
2 55 6 2 15
2 56 6 3 44
2 57 1 4 88
2 58 10 2 25
2 59 4 2 13
2 60 10 1 17
2 61 1 4 94
2 62 5 2 24
2 63 1 3 17
3 0 9 2 39
3 1 10 1 6
3 2 7 4 613
3 3 1 6 709
3 4 1 5 148
3 5 1 7 15967
3 6 2 5 695
3 7 1 5 386
3 8 7 2 17
3 9 9 3 86
3 10 7 3 126
3 11 9 6 8382
3 12 10 2 28
3 13 3 3 22
3 14 10 2 28
3 15 7 3 40
3 16 5 4 112
3 17 1 6 3043
3 18 5 3 48
3 19 4 4 93
3 20 5 3 77
3 21 3 3 54
3 22 5 5 673
3 23 3 5 523
3 24 7 3 110
3 25 6 3 48
3 26 5 3 83
3 27 4 3 22
3 28 8 3 150
3 29 10 3 184
3 30 4 2 16
3 31 3 4 120
3 32 1 6 2656
3 33 5 4 484
3 34 5 3 70
3 35 7 3 47
3 36 4 4 96
3 37 1 4 41
3 38 6 3 68
3 39 1 4 40
3 40 3 5 1898
3 41 6 2 12
3 42 1 8 40503
3 43 10 4 819
3 44 7 2 35
3 45 9 3 86
3 46 4 3 37
3 47 2 4 53
3 48 5 4 357
3 49 3 4 100
3 50 1 5 293
3 51 9 5 4761
3 52 9 3 61
3 53 2 3 42
3 54 10 2 29
3 55 4 2 12
3 56 1 3 16
3 57 5 3 51
3 58 10 3 133
3 59 5 3 27
3 60 5 3 39
3 61 5 3 29
3 62 10 2 30
3 63 6 3 55
4 0 4 6 3253
4 1 1 4 59
4 2 3 3 26
4 3 5 2 15
4 4 9 2 40
4 5 5 4 248
4 6 10 3 116
4 7 1 4 60
4 8 6 3 62
4 9 4 5 1769
4 10 1 6 940
4 11 9 5 1918
4 12 1 4 26
4 13 6 2 28
4 14 3 4 67
4 15 4 2 11
4 16 9 5 2402
4 17 5 4 136
4 18 10 6 38027
4 19 10 5 1187
4 20 7 3 53
4 21 7 3 140
4 22 9 3 48
4 23 9 5 1711
4 24 1 6 1096
4 25 1 3 14
4 26 6 3 115
4 27 6 3 107
4 28 3 3 39
4 29 4 4 93
4 30 7 4 521
4 31 7 3 114
4 32 10 1 17
4 33 1 5 664
4 34 7 2 28
4 35 6 4 474
4 36 2 3 40
4 37 8 6 7047
4 38 8 2 29
4 39 2 4 133
4 40 5 3 34
4 41 2 5 738
4 42 6 3 32
4 43 1 4 24
4 44 9 3 114
4 45 7 5 2989
4 46 2 6 2177
4 47 1 6 1983
4 48 5 5 1955
4 49 7 2 27
4 50 8 4 809
4 51 7 3 61
4 52 1 4 45
4 53 7 4 271
4 54 1 4 26
4 55 5 3 53
4 56 5 6 6708
4 57 4 6 3589
4 58 2 5 289
4 59 6 2 30
4 60 9 1 13
4 61 9 4 773
4 62 9 4 610
4 63 7 5 1036
5 0 3 4 78
5 1 1 4 51
5 2 2 2 7
5 3 6 3 58
5 4 4 3 88
5 5 3 4 73
5 6 7 4 583
5 7 6 4 154
5 8 8 3 47
5 9 10 2 32
5 10 10 3 54
5 11 3 3 61
5 12 2 2 7
5 13 1 4 42
5 14 6 4 151
5 15 5 3 33
5 16 8 2 30
5 17 1 4 25
5 18 7 3 70
5 19 4 5 685
5 20 7 3 52
5 21 10 2 27
5 22 5 3 41
5 23 7 3 48
5 24 6 3 36
5 25 8 2 18
5 26 3 3 40
5 27 9 4 203
5 28 5 6 9519
5 29 2 3 24
5 30 4 3 38
5 31 10 3 152
5 32 8 4 389
5 33 10 2 20
5 34 2 4 95
5 35 8 4 282
5 36 1 4 66
5 37 1 6 1622
5 38 1 5 664
5 39 8 2 42
5 40 3 4 180
5 41 3 3 28
5 42 4 3 66
5 43 2 4 166
5 44 3 3 41
5 45 3 5 1413
5 46 5 4 306
5 47 1 3 17
5 48 1 3 18
5 49 4 3 46
5 50 4 3 30
5 51 2 7 12175
5 52 8 4 227
5 53 7 6 11111
5 54 5 3 73
5 55 10 4 879
5 56 4 4 150
5 57 6 2 29
5 58 9 4 612
5 59 3 4 107
5 60 6 3 119
5 61 6 5 2004
5 62 7 1 11
5 63 3 4 191
6 0 1 4 107
6 1 4 4 214
6 2 1 5 202
6 3 6 3 44
6 4 3 4 163
6 5 7 3 131
6 6 4 4 293
6 7 2 3 39
6 8 8 5 3798
6 9 5 3 45
6 10 6 3 46
6 11 8 5 1856
6 12 4 3 23
6 13 8 2 16
6 14 1 6 1111
6 15 1 5 524
6 16 2 4 45
6 17 6 3 127
6 18 6 3 48
6 19 2 4 70
6 20 3 3 23
6 21 2 4 69
6 22 8 3 156
6 23 7 3 58
6 24 10 3 151
6 25 7 3 60
6 26 8 2 36
6 27 10 2 22
6 28 10 3 56
6 29 7 2 28
6 30 6 5 725
6 31 5 3 79
6 32 10 2 43
6 33 7 3 101
6 34 5 4 479
6 35 9 2 24
6 36 4 4 103
6 37 6 3 118
6 38 4 2 18
6 39 8 2 15
6 40 9 2 18
6 41 3 3 48
6 42 9 3 55
6 43 2 3 44
6 44 7 3 48
6 45 8 4 755
6 46 9 6 29483
6 47 6 5 1651
6 48 9 2 23
6 49 6 4 636
6 50 9 3 58
6 51 10 3 122
6 52 2 4 159
6 53 7 3 121
6 54 7 4 313
6 55 8 1 10
6 56 2 3 41
6 57 1 5 346
6 58 9 5 2654
6 59 3 4 219
6 60 2 4 60
6 61 1 4 23
6 62 10 3 176
6 63 4 4 391
7 0 5 3 46
7 1 4 8 200803
7 2 2 3 32
7 3 6 3 129
7 4 3 3 16
7 5 9 2 33
7 6 3 4 68
7 7 3 4 80
7 8 4 3 70
7 9 6 3 67
7 10 5 4 156
7 11 3 4 127
7 12 7 4 180
7 13 5 3 29
7 14 10 2 23
7 15 8 5 3485
7 16 4 5 603
7 17 8 4 213
7 18 1 5 235
7 19 9 2 39
7 20 9 2 38
7 21 2 3 30
7 22 3 4 130
7 23 10 2 46
7 24 1 6 735
7 25 3 3 50
7 26 3 3 59
7 27 4 5 713
7 28 8 3 50
7 29 1 4 50
7 30 10 1 10
7 31 9 4 379
7 32 9 2 25
7 33 8 3 54
7 34 8 7 136604
7 35 5 5 1435
7 36 1 5 135
7 37 2 4 70
7 38 2 4 204
7 39 3 6 2995
7 40 6 3 121
7 41 2 3 33
7 42 3 4 138
7 43 6 3 106
7 44 1 4 91
7 45 6 2 30
7 46 5 7 29683
7 47 10 2 44
7 48 6 3 53
7 49 6 2 25
7 50 5 3 69
7 51 4 3 67
7 52 6 3 50
7 53 9 4 467
7 54 4 4 233
7 55 1 4 40
7 56 8 2 20
7 57 9 5 1823
7 58 2 3 44
7 59 10 1 14
7 60 10 6 14491
7 61 6 2 19
7 62 6 2 27
7 63 7 2 23
8 0 9 5 1274
8 1 5 4 161
8 2 1 5 275
8 3 10 5 2409
8 4 9 6 12037
8 5 10 1 15
8 6 8 2 25
8 7 7 2 35
8 8 2 3 24
8 9 4 4 336
8 10 1 4 76
8 11 8 2 23
8 12 10 3 192
8 13 4 5 2126
8 14 2 3 23
8 15 4 3 49
8 16 8 2 37
8 17 2 5 1083
8 18 5 4 253
8 19 3 4 153
8 20 10 5 2085
8 21 10 5 3310
8 22 1 4 37
8 23 3 4 157
8 24 1 4 48
8 25 5 2 23
8 26 10 4 508
8 27 7 3 144
8 28 8 3 58
8 29 2 5 382
8 30 9 3 51
8 31 4 3 34
8 32 4 5 2325
8 33 1 5 665
8 34 9 4 343
8 35 3 4 70
8 36 1 4 99
8 37 9 4 325
8 38 1 4 27
8 39 1 4 40
8 40 5 2 20
8 41 9 3 69
8 42 7 4 293
8 43 3 5 557
8 44 8 2 19
8 45 4 2 19
8 46 8 4 410
8 47 2 3 13
8 48 8 3 47
8 49 2 4 126
8 50 5 5 2668
8 51 5 3 110
8 52 2 4 68
8 53 7 5 3089
8 54 8 3 62
8 55 1 4 90
8 56 2 4 109
8 57 3 3 24
8 58 5 3 96
8 59 8 2 30
8 60 7 3 50
8 61 3 3 25
8 62 10 3 121
8 63 6 2 27
9 0 3 7 15004
9 1 7 2 18
9 2 7 5 1893
9 3 9 5 1532
9 4 10 3 73
9 5 5 5 2415
9 6 3 2 15
9 7 9 4 587
9 8 5 2 26
9 9 5 2 12
9 10 9 3 55
9 11 5 4 132
9 12 2 4 72
9 13 2 5 834
9 14 7 3 114
9 15 1 6 800
9 16 9 2 35
9 17 4 4 309
9 18 4 3 57
9 19 9 3 59
9 20 2 3 16
9 21 7 2 16
9 22 8 3 73
9 23 5 5 2020
9 24 8 3 167
9 25 2 3 22
9 26 1 5 391
9 27 9 6 18730
9 28 6 5 840
9 29 4 5 714
9 30 2 4 54
9 31 9 2 36
9 32 9 4 522
9 33 6 4 394
9 34 5 3 97
9 35 5 4 143
9 36 7 4 240
9 37 4 3 43
9 38 9 4 277
9 39 1 4 28
9 40 7 2 22
9 41 10 2 18
9 42 5 4 336
9 43 6 2 17
9 44 1 5 462
9 45 8 3 69
9 46 5 5 1046
9 47 2 4 61
9 48 2 3 23
9 49 6 3 33
9 50 2 6 6450
9 51 5 5 1174
9 52 9 2 17
9 53 7 2 28
9 54 6 4 273
9 55 4 2 10
9 56 6 3 41
9 57 6 3 62
9 58 6 3 36
9 59 8 2 34
9 60 7 2 23
9 61 1 5 267
9 62 9 2 39
9 63 5 4 146
10 0 2 4 209
10 1 10 5 2148
10 2 10 4 504
10 3 8 4 487
10 4 9 2 35
10 5 2 3 16
10 6 3 3 22
10 7 9 3 71
10 8 9 5 2100
10 9 10 3 136
10 10 4 3 85
10 11 4 5 491
10 12 9 3 70
10 13 5 3 33
10 14 4 3 33
10 15 7 4 231
10 16 8 2 33
10 17 7 2 26
10 18 5 3 29
10 19 9 3 127
10 20 6 5 1248
10 21 2 4 46
10 22 3 5 1341
10 23 4 3 41
10 24 3 3 19
10 25 7 2 18
10 26 2 3 19
10 27 7 6 7215
10 28 9 2 44
10 29 1 5 317
10 30 4 3 26
10 31 8 3 70
10 32 4 4 115
10 33 6 4 328
10 34 2 3 18
10 35 9 2 27
10 36 7 3 70
10 37 1 4 59
10 38 6 2 26
10 39 5 5 966
10 40 10 4 247
10 41 10 3 94
10 42 7 5 825
10 43 6 6 7848
10 44 7 3 145
10 45 9 1 11
10 46 5 4 342
10 47 5 4 136
10 48 4 3 61
10 49 1 3 22
10 50 3 2 7
10 51 9 2 28
10 52 2 4 127
10 53 7 5 1586
10 54 9 4 395
10 55 8 5 1842
10 56 5 3 105
10 57 5 4 205
10 58 4 4 104
10 59 3 3 55
10 60 8 2 17
10 61 4 5 461
10 62 3 4 216
10 63 3 2 14
11 0 1 4 71
11 1 7 2 30
11 2 6 3 43
11 3 3 6 2161
11 4 3 4 193
11 5 5 5 1136
11 6 10 3 150
11 7 3 3 19
11 8 6 6 10269
11 9 5 3 56
11 10 10 4 762
11 11 6 3 44
11 12 7 4 509
11 13 10 3 150
11 14 7 3 46
11 15 4 4 104
11 16 3 3 39
11 17 8 3 68
11 18 9 2 16
11 19 1 4 26
11 20 1 6 1096
11 21 6 5 2191
11 22 10 4 464
11 23 10 2 33
11 24 6 2 20
11 25 10 3 195
11 26 4 3 29
11 27 6 3 69
11 28 8 5 1003
11 29 1 5 122
11 30 10 6 48683
11 31 10 1 16
11 32 7 4 441
11 33 4 6 4609
11 34 6 3 38
11 35 10 5 3572
11 36 2 3 36
11 37 10 2 44
11 38 5 3 83
11 39 5 3 85
11 40 2 3 32
11 41 4 5 513
11 42 9 2 33
11 43 4 2 8
11 44 5 3 49
11 45 8 4 668
11 46 6 2 16
11 47 4 3 60
11 48 8 3 67
11 49 9 6 8395
11 50 10 3 158
11 51 8 5 3364
11 52 5 4 516
11 53 7 4 255
11 54 10 3 131
11 55 3 4 157
11 56 3 3 22
11 57 5 4 148
11 58 4 3 74
11 59 5 4 144
11 60 3 4 217
11 61 9 3 74
11 62 4 3 82
11 63 6 4 361
12 0 4 2 15
12 1 2 4 203
12 2 3 6 5388
12 3 9 1 14
12 4 6 2 24
12 5 3 3 33
12 6 6 6 21556
12 7 8 5 2422
12 8 2 3 23
12 9 7 2 16
12 10 8 3 74
12 11 2 5 242
12 12 6 5 807
12 13 1 4 92
12 14 6 4 227
12 15 7 3 43
12 16 6 4 204
12 17 8 6 14899
12 18 8 3 159
12 19 6 2 22
12 20 10 2 26
12 21 2 5 369
12 22 3 4 303
12 23 4 3 47
12 24 8 4 476
12 25 3 3 18
12 26 9 2 43
12 27 9 2 41
12 28 1 4 55
12 29 6 2 23
12 30 1 5 253
12 31 10 3 58
12 32 2 3 32
12 33 8 2 29
12 34 2 3 31
12 35 8 3 94
12 36 2 4 87
12 37 6 3 36
12 38 10 3 74
12 39 8 3 102
12 40 1 5 414
12 41 2 3 14
12 42 10 3 86
12 43 8 2 32
12 44 6 2 20
12 45 7 3 40
12 46 3 4 138
12 47 10 3 83
12 48 5 3 29
12 49 10 2 43
12 50 10 2 30
12 51 10 1 13
12 52 8 3 49
12 53 8 3 132
12 54 9 3 139
12 55 7 3 145
12 56 4 3 33
12 57 7 4 354
12 58 9 5 1761
12 59 5 4 148
12 60 8 4 240
12 61 3 3 56
12 62 5 2 19
12 63 8 4 177
13 0 7 2 36
13 1 9 2 44
13 2 5 5 995
13 3 4 4 256
13 4 3 4 179
13 5 5 4 230
13 6 9 3 60
13 7 2 5 680
13 8 1 5 242
13 9 2 4 91
13 10 1 5 142
13 11 9 3 58
13 12 8 2 24
13 13 1 6 4257
13 14 1 3 18
13 15 5 5 1086
13 16 1 5 244
13 17 10 4 374
13 18 8 3 118
13 19 4 2 13
13 20 9 2 29
13 21 1 4 43
13 22 7 4 584
13 23 8 5 2658
13 24 7 6 5856
13 25 8 1 14
13 26 7 3 83
13 27 4 4 207
13 28 7 3 65
13 29 7 2 26
13 30 1 5 327
13 31 5 5 1524
13 32 2 6 2768
13 33 2 4 74
13 34 6 2 22
13 35 6 5 968
13 36 6 2 23
13 37 10 2 42
13 38 3 2 13
13 39 2 5 1340
13 40 4 3 65
13 41 1 4 51
13 42 4 3 84
13 43 3 3 42
13 44 8 2 29
13 45 1 3 19
13 46 9 5 1565
13 47 4 4 162
13 48 9 2 30
13 49 3 5 552
13 50 9 5 1147
13 51 7 4 438
13 52 9 2 45
13 53 2 4 52
13 54 6 5 2155
13 55 10 2 21
13 56 9 2 31
13 57 10 3 161
13 58 9 3 80
13 59 5 3 42
13 60 10 2 51
13 61 9 5 2428
13 62 6 5 2008
13 63 2 4 175
14 0 2 5 783
14 1 3 5 1073
14 2 2 2 5
14 3 9 3 61
14 4 1 5 578
14 5 6 3 85
14 6 9 4 539
14 7 9 1 4
14 8 9 2 20
14 9 1 3 16
14 10 10 2 22
14 11 9 3 142
14 12 8 4 225
14 13 5 3 67
14 14 9 4 271
14 15 2 3 25
14 16 3 3 51
14 17 10 4 284
14 18 6 3 47
14 19 1 4 38
14 20 10 1 10
14 21 7 5 796
14 22 10 3 86
14 23 9 4 366
14 24 10 2 50
14 25 7 2 19
14 26 7 3 85
14 27 10 5 1773
14 28 6 3 39
14 29 7 4 158
14 30 1 4 82
14 31 1 5 180
14 32 2 3 29
14 33 1 4 54
14 34 2 5 911
14 35 1 4 65
14 36 3 4 96
14 37 7 4 268
14 38 6 4 402
14 39 4 3 78
14 40 8 3 67
14 41 8 3 44
14 42 2 4 104
14 43 10 2 53
14 44 6 3 118
14 45 6 4 133
14 46 4 3 44
14 47 8 3 70
14 48 4 2 16
14 49 10 3 119
14 50 5 4 449
14 51 4 3 26
14 52 9 2 32
14 53 9 2 18
14 54 8 3 69
14 55 1 6 3235
14 56 8 3 48
14 57 8 4 283
14 58 5 3 68
14 59 2 3 38
14 60 5 1 7
14 61 2 6 4837
14 62 3 3 47
14 63 9 4 616
15 0 1 5 518
15 1 4 4 98
15 2 1 5 123
15 3 5 3 40
15 4 6 6 7122
15 5 6 3 49
15 6 7 3 140
15 7 4 3 83
15 8 2 5 896
15 9 10 5 1184
15 10 1 5 575
15 11 1 3 8
15 12 9 1 11
15 13 5 3 110
15 14 7 3 39
15 15 3 3 20
15 16 7 3 43
15 17 1 4 60
15 18 3 4 104
15 19 4 6 4544
15 20 10 5 2083
15 21 2 6 5628
15 22 7 3 128
15 23 7 3 113
15 24 1 6 772
15 25 10 3 58
15 26 9 2 21
15 27 8 3 135
15 28 1 4 44
15 29 5 1 7
15 30 6 3 49
15 31 3 4 124
15 32 3 2 13
15 33 6 4 297
15 34 1 4 75
15 35 8 4 749
15 36 5 5 658
15 37 6 4 164
15 38 8 3 169
15 39 8 2 33
15 40 4 4 99
15 41 5 4 242
15 42 1 4 29
15 43 4 2 11
15 44 2 5 450
15 45 9 1 8
15 46 7 3 114
15 47 1 3 14
15 48 5 2 20
15 49 8 2 25
15 50 4 4 129
15 51 8 2 19
15 52 10 4 988
15 53 10 4 399
15 54 3 4 72
15 55 10 4 235
15 56 9 2 17
15 57 8 4 227
15 58 3 3 21
15 59 9 3 79
15 60 3 3 25
15 61 5 2 19
15 62 3 3 38
15 63 9 4 205
16 0 4 3 51
16 1 2 4 204
16 2 6 4 192
16 3 7 2 30
16 4 4 3 51
16 5 9 3 66
16 6 6 2 21
16 7 9 3 49
16 8 1 5 181
16 9 2 2 7
16 10 7 3 63
16 11 10 2 19
16 12 2 4 106
16 13 1 5 146
16 14 10 3 141
16 15 8 5 2158
16 16 8 3 49
16 17 10 1 12
16 18 3 3 36
16 19 3 5 1466
16 20 6 1 4
16 21 1 3 20
16 22 5 5 844
16 23 9 4 442
16 24 10 1 17
16 25 2 4 71
16 26 10 2 24
16 27 9 4 217
16 28 1 3 9
16 29 6 2 13
16 30 4 5 1742
16 31 7 5 2100
16 32 9 2 28
16 33 3 3 50
16 34 3 3 36
16 35 5 4 140
16 36 2 3 19
16 37 1 4 59
16 38 10 2 34
16 39 9 2 26
16 40 9 4 337
16 41 9 3 68
16 42 8 2 33
16 43 5 4 494
16 44 5 6 9854
16 45 10 5 2563
16 46 3 3 62
16 47 5 5 685
16 48 4 4 203
16 49 5 3 71
16 50 7 2 19
16 51 2 4 82
16 52 5 2 18
16 53 9 2 21
16 54 3 6 8303
16 55 1 4 74
16 56 7 3 39
16 57 9 7 64845
16 58 5 3 30
16 59 3 4 81
16 60 9 4 296
16 61 2 4 104
16 62 9 3 58
16 63 5 3 56
17 0 3 3 41
17 1 10 3 132
17 2 2 3 14
17 3 1 4 36
17 4 5 3 72
17 5 5 5 1503
17 6 9 2 20
17 7 7 2 18
17 8 4 3 68
17 9 5 3 89
17 10 8 1 6
17 11 9 3 62
17 12 4 4 189
17 13 10 2 41
17 14 6 2 31
17 15 4 6 6778
17 16 7 3 100
17 17 5 3 32
17 18 6 4 134
17 19 2 4 135
17 20 3 5 740
17 21 2 6 9307
17 22 8 2 34
17 23 9 3 53
17 24 8 5 1816
17 25 6 6 7383
17 26 2 4 45
17 27 6 4 329
17 28 3 3 36
17 29 10 4 222
17 30 3 4 136
17 31 9 4 661
17 32 2 4 50
17 33 3 4 146
17 34 5 3 65
17 35 10 3 219
17 36 4 4 118
17 37 9 1 12
17 38 10 1 17
17 39 2 6 2885
17 40 5 3 40
17 41 4 5 1133
17 42 8 4 367
17 43 4 3 67
17 44 6 2 21
17 45 5 2 17
17 46 5 3 46
17 47 4 4 91
17 48 5 2 13
17 49 3 2 15
17 50 6 2 29
17 51 10 2 40
17 52 4 4 100
17 53 9 3 184
17 54 5 3 97
17 55 3 3 47
17 56 3 4 78
17 57 5 6 5531
17 58 1 4 24
17 59 9 2 43
17 60 2 4 160
17 61 5 3 103
17 62 5 2 26
17 63 10 4 280
18 0 4 4 193
18 1 9 3 88
18 2 2 3 31
18 3 9 4 271
18 4 5 3 29
18 5 7 5 3386
18 6 3 2 12
18 7 10 5 1939
18 8 4 3 35
18 9 3 2 11
18 10 5 3 59
18 11 10 3 59
18 12 7 4 372
18 13 9 4 532
18 14 1 5 250
18 15 6 3 40
18 16 9 2 44
18 17 9 4 520
18 18 9 3 73
18 19 1 4 73
18 20 9 3 54
18 21 2 6 1952
18 22 6 3 44
18 23 3 3 32
18 24 4 5 844
18 25 10 6 19472
18 26 2 5 1324
18 27 3 3 38
18 28 3 7 118457
18 29 4 2 12
18 30 1 4 90
18 31 2 4 133
18 32 5 2 13
18 33 4 3 68
18 34 6 4 360
18 35 7 3 99
18 36 3 4 133
18 37 6 3 78
18 38 4 2 19
18 39 4 3 27
18 40 8 2 17
18 41 10 4 371
18 42 10 3 107
18 43 10 2 39
18 44 1 5 226
18 45 9 4 200
18 46 4 6 5328
18 47 2 4 153
18 48 1 4 65
18 49 5 5 1989
18 50 8 3 53
18 51 6 2 11
18 52 3 4 200
18 53 2 4 81
18 54 9 3 90
18 55 6 3 69
18 56 9 4 410
18 57 7 2 21
18 58 7 2 35
18 59 10 5 2508
18 60 6 2 17
18 61 10 3 93
18 62 4 3 34
18 63 3 5 492
19 0 10 3 160
19 1 1 5 147
19 2 1 4 49
19 3 2 4 127
19 4 4 6 12725
19 5 5 4 117
19 6 1 4 36
19 7 9 5 4750
19 8 3 3 49
19 9 7 8 661793
19 10 1 4 71
19 11 5 5 1539
19 12 3 4 307
19 13 5 4 130
19 14 5 5 734
19 15 3 4 251
19 16 10 3 83
19 17 9 3 172
19 18 6 6 8853
19 19 8 3 56
19 20 3 3 29
19 21 9 3 135
19 22 2 6 2414
19 23 4 5 786
19 24 4 3 24
19 25 4 3 76
19 26 4 4 339
19 27 9 2 42
19 28 7 5 1568
19 29 3 4 162
19 30 8 6 31934
19 31 5 3 30
19 32 3 5 1430
19 33 5 6 12623
19 34 7 3 56
19 35 4 3 50
19 36 6 4 398
19 37 1 4 51
19 38 6 3 36
19 39 2 5 881
19 40 7 3 57
19 41 4 3 85
19 42 1 3 17
19 43 2 5 346
19 44 4 4 209
19 45 3 3 34
19 46 4 6 2960
19 47 7 3 81
19 48 8 3 67
19 49 2 4 226
19 50 7 3 120
19 51 3 5 1026
19 52 3 4 157
19 53 1 5 182
19 54 2 2 5
19 55 10 3 76
19 56 5 3 67
19 57 9 2 31
19 58 7 5 2672
19 59 4 4 92
19 60 9 3 149
19 61 4 4 402
19 62 4 3 86
19 63 3 5 631
20 0 1 6 2107
20 1 1 3 12
20 2 9 1 15
20 3 9 4 467
20 4 5 3 68
20 5 2 4 46
20 6 3 4 175
20 7 7 1 4
20 8 10 3 155
20 9 3 3 51
20 10 1 5 315
20 11 4 2 17
20 12 1 3 22
20 13 4 4 160
20 14 9 4 858
20 15 2 4 121
20 16 10 4 388
20 17 6 3 115
20 18 2 4 74
20 19 3 4 158
20 20 10 3 66
20 21 5 3 65
20 22 8 3 57
20 23 1 4 26
20 24 6 3 85
20 25 7 4 384
20 26 8 4 256
20 27 5 5 2697
20 28 9 3 74
20 29 1 4 58
20 30 10 2 35
20 31 6 1 6
20 32 6 5 958
20 33 3 4 102
20 34 1 5 211
20 35 10 4 945
20 36 2 3 15
20 37 7 2 35
20 38 3 4 139
20 39 3 4 301
20 40 6 5 851
20 41 3 3 19
20 42 5 4 314
20 43 2 5 276
20 44 1 5 380
20 45 2 4 62
20 46 4 3 29
20 47 10 3 201
20 48 5 4 116
20 49 6 4 143
20 50 3 3 48
20 51 2 4 62
20 52 3 2 10
20 53 1 4 64
20 54 2 3 30
20 55 10 3 79
20 56 4 3 36
20 57 3 5 348
20 58 9 4 309
20 59 10 4 338
20 60 4 2 18
20 61 9 2 22
20 62 2 4 89
20 63 1 4 66
21 0 7 2 35
21 1 4 5 2417
21 2 1 4 84
21 3 2 6 2237
21 4 1 4 28
21 5 2 5 525
21 6 9 3 155
21 7 4 3 29
21 8 6 3 98
21 9 3 2 6
21 10 7 2 29
21 11 6 2 23
21 12 4 3 24
21 13 9 4 235
21 14 3 4 109
21 15 10 2 19
21 16 1 7 10756
21 17 2 3 23
21 18 6 4 179
21 19 2 3 33
21 20 5 4 361
21 21 3 3 44
21 22 10 5 1490
21 23 3 4 256
21 24 10 1 15
21 25 3 6 5676
21 26 4 3 56
21 27 6 2 14
21 28 5 2 10
21 29 5 3 105
21 30 2 3 12
21 31 10 3 201
21 32 9 3 60
21 33 10 3 169
21 34 3 3 18
21 35 1 5 185
21 36 3 4 137
21 37 4 5 500
21 38 9 2 17
21 39 2 4 64
21 40 2 3 12
21 41 10 3 127
21 42 5 3 80
21 43 7 2 26
21 44 9 3 76
21 45 1 4 23
21 46 2 5 1182
21 47 3 5 456
21 48 6 2 14
21 49 10 4 314
21 50 8 4 397
21 51 5 2 21
21 52 9 3 82
21 53 3 3 36
21 54 6 2 22
21 55 6 4 178
21 56 9 2 44
21 57 3 2 12
21 58 4 2 8
21 59 7 2 24
21 60 2 4 150
21 61 8 3 43
21 62 4 4 213
21 63 4 3 73
22 0 7 4 769
22 1 8 3 62
22 2 3 3 55
22 3 6 4 286
22 4 5 6 4058
22 5 3 3 29
22 6 10 3 83
22 7 8 4 402
22 8 10 4 514
22 9 2 3 32
22 10 6 3 44
22 11 7 3 89
22 12 7 3 42
22 13 6 6 6462
22 14 6 2 30
22 15 8 2 42
22 16 7 3 54
22 17 9 3 140
22 18 1 4 60
22 19 7 3 152
22 20 9 2 34
22 21 2 3 25
22 22 3 3 38
22 23 2 4 84
22 24 1 4 55
22 25 9 2 17
22 26 8 4 204
22 27 2 4 49
22 28 6 4 149
22 29 2 4 87
22 30 10 4 483
22 31 6 4 323
22 32 2 5 239
22 33 3 3 27
22 34 9 2 25
22 35 9 5 1309
22 36 9 3 80
22 37 2 4 153
22 38 6 3 50
22 39 9 3 95
22 40 3 4 133
22 41 5 3 38
22 42 10 3 68
22 43 4 5 1498
22 44 3 5 502
22 45 9 4 413
22 46 9 4 215
22 47 8 5 2059
22 48 7 2 15
22 49 8 4 630
22 50 7 2 18
22 51 3 4 316
22 52 3 4 171
22 53 6 3 75
22 54 1 6 960
22 55 10 4 230
22 56 1 4 37
22 57 4 5 2408
22 58 7 3 137
22 59 8 2 26
22 60 5 2 24
22 61 9 5 1581
22 62 7 4 657
22 63 9 4 261
23 0 1 6 909
23 1 3 4 67
23 2 3 3 22
23 3 10 3 118
23 4 4 6 3224
23 5 10 3 105
23 6 9 4 446
23 7 3 5 1245
23 8 3 4 145
23 9 8 2 31
23 10 9 2 26
23 11 5 3 41
23 12 6 4 411
23 13 1 4 25
23 14 7 5 2561
23 15 10 3 214
23 16 6 4 247
23 17 2 2 4
23 18 6 5 849
23 19 2 3 21
23 20 9 2 25
23 21 3 5 669
23 22 10 3 183
23 23 3 3 54
23 24 4 3 39
23 25 8 2 23
23 26 2 5 356
23 27 1 6 1416
23 28 3 3 60
23 29 5 3 82
23 30 6 2 19
23 31 4 5 1614
23 32 6 2 11
23 33 10 2 40
23 34 10 2 18
23 35 8 3 83
23 36 3 6 4220
23 37 8 3 59
23 38 2 4 176
23 39 3 5 393
23 40 8 4 206
23 41 1 4 50
23 42 7 3 90
23 43 4 3 26
23 44 3 4 323
23 45 1 6 897
23 46 9 3 101
23 47 1 5 391
23 48 6 2 30
23 49 6 2 18
23 50 9 2 43
23 51 9 6 7777
23 52 4 4 277
23 53 10 4 821
23 54 9 3 188
23 55 4 3 54
23 56 2 4 87
23 57 10 2 40
23 58 3 3 28
23 59 4 4 283
23 60 8 3 137
23 61 9 3 118
23 62 2 8 171910
23 63 6 4 379
24 0 8 3 46
24 1 9 4 227
24 2 2 6 2038
24 3 6 4 634
24 4 8 6 13433
24 5 9 4 679
24 6 1 3 9
24 7 2 3 21
24 8 2 3 14
24 9 9 3 49
24 10 7 3 59
24 11 8 4 555
24 12 5 3 33
24 13 6 2 21
24 14 2 5 915
24 15 9 5 1057
24 16 5 5 2057
24 17 10 3 68
24 18 8 3 72
24 19 5 3 58
24 20 9 4 1019
24 21 8 6 9177
24 22 5 1 6
24 23 9 3 190
24 24 10 3 75
24 25 8 3 138
24 26 10 4 557
24 27 2 3 30
24 28 5 3 76
24 29 1 4 35
24 30 7 2 23
24 31 3 6 2318
24 32 5 4 331
24 33 9 2 41
24 34 6 3 36
24 35 7 3 100
24 36 1 5 176
24 37 10 3 118
24 38 6 3 118
24 39 9 4 251
24 40 4 2 20
24 41 3 3 51
24 42 5 3 43
24 43 7 4 169
24 44 10 3 111
24 45 10 5 3671
24 46 1 3 11
24 47 8 2 31
24 48 4 3 57
24 49 1 5 142
24 50 3 4 78
24 51 4 3 31
24 52 8 4 204
24 53 9 4 268
24 54 10 4 414
24 55 7 2 30
24 56 10 4 278
24 57 4 4 156
24 58 2 4 92
24 59 1 4 23
24 60 7 3 145
24 61 3 5 1721
24 62 3 4 86
24 63 2 7 27545
25 0 1 4 23
25 1 5 2 11
25 2 6 3 37
25 3 2 4 46
25 4 10 2 53
25 5 9 3 188
25 6 6 3 35
25 7 1 5 552
25 8 5 5 1235
25 9 6 3 35
25 10 1 4 34
25 11 10 1 17
25 12 1 4 45
25 13 2 4 59
25 14 5 3 57
25 15 8 3 47
25 16 8 4 599
25 17 7 4 226
25 18 7 3 39
25 19 7 3 95
25 20 3 5 401
25 21 10 2 33
25 22 4 3 73
25 23 4 3 34
25 24 8 4 255
25 25 1 5 476
25 26 7 3 93
25 27 3 6 3683
25 28 4 3 28
25 29 6 2 25
25 30 10 2 20
25 31 3 3 30
25 32 9 3 102
25 33 5 5 1531
25 34 1 5 501
25 35 6 3 96
25 36 1 6 2398
25 37 4 4 292
25 38 6 2 22
25 39 5 5 738
25 40 7 3 65
25 41 6 2 30
25 42 9 5 3879
25 43 5 8 1153770
25 44 10 3 61
25 45 3 4 73
25 46 7 3 51
25 47 1 4 28
25 48 7 2 35
25 49 10 3 57
25 50 9 3 58
25 51 8 5 2609
25 52 1 4 27
25 53 1 5 155
25 54 1 5 178
25 55 5 3 42
25 56 8 3 145
25 57 4 3 53
25 58 8 3 57
25 59 2 6 1636
25 60 3 3 46
25 61 10 2 28
25 62 3 3 29
25 63 3 4 71
26 0 9 1 12
26 1 9 1 10
26 2 8 1 8
26 3 1 5 594
26 4 8 3 98
26 5 3 3 22
26 6 4 2 13
26 7 10 4 416
26 8 9 2 21
26 9 10 6 13121
26 10 7 3 144
26 11 1 5 132
26 12 7 3 69
26 13 4 4 152
26 14 5 3 33
26 15 4 3 31
26 16 9 2 41
26 17 8 3 105
26 18 10 4 581
26 19 5 2 20
26 20 10 2 45
26 21 2 4 73
26 22 3 6 2456
26 23 1 3 8
26 24 10 3 64
26 25 3 3 63
26 26 3 2 14
26 27 5 2 10
26 28 1 4 27
26 29 7 6 5958
26 30 9 3 64
26 31 6 3 116
26 32 10 3 118
26 33 8 3 147
26 34 7 3 90
26 35 7 3 49
26 36 7 4 409
26 37 3 3 19
26 38 8 3 52
26 39 6 6 7550
26 40 10 2 39
26 41 7 3 38
26 42 9 2 18
26 43 4 4 426
26 44 1 7 6202
26 45 10 1 11
26 46 7 2 20
26 47 10 2 32
26 48 7 3 151
26 49 1 3 20
26 50 4 5 759
26 51 10 2 34
26 52 8 3 72
26 53 10 3 54
26 54 1 4 62
26 55 5 4 155
26 56 1 5 228
26 57 9 2 19
26 58 4 3 60
26 59 9 2 23
26 60 5 5 2208
26 61 4 3 37
26 62 1 3 18
26 63 7 3 48
27 0 8 5 985
27 1 10 3 70
27 2 10 3 66
27 3 8 3 79
27 4 7 3 56
27 5 2 6 3320
27 6 8 6 20401
27 7 3 5 1007
27 8 1 5 133
27 9 9 4 473
27 10 6 3 110
27 11 1 4 84
27 12 5 3 74
27 13 9 3 49
27 14 5 4 247
27 15 5 3 97
27 16 9 4 489
27 17 4 3 68
27 18 8 3 52
27 19 4 6 3051
27 20 8 2 31
27 21 8 4 255
27 22 9 4 222
27 23 1 4 31
27 24 6 5 1021
27 25 1 4 74
27 26 2 6 8509
27 27 4 3 23
27 28 9 1 14
27 29 4 3 23
27 30 6 3 39
27 31 2 5 385
27 32 1 3 16
27 33 2 5 739
27 34 5 3 77
27 35 2 3 31
27 36 10 2 29
27 37 4 6 7846
27 38 9 2 18
27 39 5 4 351
27 40 8 2 41
27 41 5 3 100
27 42 6 5 698
27 43 1 5 249
27 44 10 5 3664
27 45 8 2 19
27 46 4 3 23
27 47 4 5 967
27 48 5 3 37
27 49 8 6 13147
27 50 7 4 289
27 51 4 4 223
27 52 2 6 1545
27 53 7 2 20
27 54 3 3 50
27 55 9 3 69
27 56 3 5 418
27 57 7 2 30
27 58 1 7 18748
27 59 1 4 100
27 60 5 6 4749
27 61 5 3 58
27 62 7 2 30
27 63 1 4 59
28 0 9 4 415
28 1 7 4 442
28 2 3 3 27
28 3 1 4 52
28 4 4 3 28
28 5 4 5 1348
28 6 10 4 617
28 7 5 7 139419
28 8 10 3 183
28 9 9 4 635
28 10 5 3 70
28 11 7 2 14
28 12 4 3 40
28 13 4 5 648
28 14 10 2 45
28 15 4 3 25
28 16 8 3 48
28 17 5 3 48
28 18 6 3 34
28 19 1 4 55
28 20 5 3 105
28 21 3 3 60
28 22 7 2 31
28 23 6 5 917
28 24 1 4 37
28 25 4 3 79
28 26 2 3 22
28 27 5 3 100
28 28 2 4 51
28 29 1 4 71
28 30 8 3 87
28 31 4 4 135
28 32 7 3 45
28 33 7 4 236
28 34 10 1 15
28 35 4 4 322
28 36 6 3 32
28 37 9 2 17
28 38 10 2 31
28 39 8 1 13
28 40 3 4 89
28 41 10 2 35
28 42 6 3 34
28 43 4 5 589
28 44 6 3 82
28 45 6 3 37
28 46 7 5 3831
28 47 10 3 79
28 48 1 4 40
28 49 6 2 25
28 50 9 3 82
28 51 1 4 59
28 52 1 4 63
28 53 8 5 947
28 54 1 4 27
28 55 1 3 15
28 56 3 7 21394
28 57 10 2 33
28 58 3 3 39
28 59 6 3 63
28 60 1 4 113
28 61 3 4 267
28 62 2 3 29
28 63 9 1 9
29 0 1 4 39
29 1 1 4 95
29 2 2 5 419
29 3 7 2 29
29 4 6 4 355
29 5 3 4 158
29 6 2 5 437
29 7 6 3 130
29 8 9 2 32
29 9 4 2 10
29 10 10 2 22
29 11 8 5 3415
29 12 9 2 21
29 13 1 5 243
29 14 1 4 26
29 15 6 6 7190
29 16 3 5 780
29 17 9 2 43
29 18 9 3 138
29 19 5 4 147
29 20 9 1 14
29 21 7 2 21
29 22 7 4 241
29 23 9 3 153
29 24 10 4 635
29 25 4 3 50
29 26 6 3 33
29 27 9 3 78
29 28 6 4 230
29 29 9 3 137
29 30 6 2 24
29 31 2 6 1885
29 32 4 4 429
29 33 4 4 195
29 34 7 4 441
29 35 4 3 52
29 36 2 3 39
29 37 9 1 5
29 38 1 4 52
29 39 2 3 23
29 40 7 4 262
29 41 5 4 456
29 42 7 2 17
29 43 8 4 187
29 44 5 3 52
29 45 6 3 126
29 46 5 3 79
29 47 3 3 34
29 48 9 3 143
29 49 5 6 5941
29 50 5 5 917
29 51 9 4 212
29 52 5 3 27
29 53 8 2 20
29 54 5 3 48
29 55 5 3 28
29 56 3 4 70
29 57 7 4 212
29 58 7 4 479
29 59 5 2 24
29 60 5 4 208
29 61 7 4 270
29 62 10 5 1620
29 63 3 4 144
30 0 6 3 40
30 1 5 3 61
30 2 2 3 16
30 3 6 3 95
30 4 7 3 72
30 5 1 4 29
30 6 5 6 4322
30 7 9 3 67
30 8 8 5 3199
30 9 8 2 23
30 10 8 3 92
30 11 2 3 31
30 12 6 3 51
30 13 3 3 33
30 14 4 4 95
30 15 7 4 351
30 16 4 4 206
30 17 4 2 10
30 18 3 3 24
30 19 5 3 40
30 20 2 4 110
30 21 2 3 34
30 22 9 5 2109
30 23 7 5 1662
30 24 6 3 104
30 25 9 2 20
30 26 6 3 62
30 27 1 3 18
30 28 5 4 247
30 29 5 4 116
30 30 5 6 12741
30 31 6 1 5
30 32 10 2 38
30 33 4 4 159
30 34 7 2 15
30 35 3 5 1338
30 36 1 4 33
30 37 2 3 20
30 38 7 2 21
30 39 2 3 41
30 40 5 3 108
30 41 5 3 91
30 42 8 3 68
30 43 10 2 35
30 44 2 3 26
30 45 6 2 20
30 46 3 4 83
30 47 9 2 21
30 48 10 2 51
30 49 7 3 41
30 50 2 4 87
30 51 7 4 754
30 52 3 3 25
30 53 2 3 22
30 54 8 2 22
30 55 8 4 779
30 56 4 3 27
30 57 3 3 28
30 58 7 3 147
30 59 4 3 39
30 60 6 6 11406
30 61 1 5 405
30 62 1 4 68
30 63 7 2 15
31 0 5 3 44
31 1 5 5 582
31 2 1 6 2080
31 3 3 5 405
31 4 1 3 9
31 5 2 4 47
31 6 7 5 1146
31 7 6 3 86
31 8 5 4 300
31 9 3 4 134
31 10 8 3 60
31 11 2 3 17
31 12 3 5 604
31 13 2 4 156
31 14 10 6 9917
31 15 3 5 1037
31 16 10 3 101
31 17 9 2 37
31 18 7 3 73
31 19 1 4 72
31 20 6 4 182
31 21 4 4 174
31 22 6 3 34
31 23 2 4 54
31 24 7 2 19
31 25 8 2 41
31 26 10 3 61
31 27 7 3 42
31 28 10 2 38
31 29 5 2 15
31 30 9 2 22
31 31 2 6 3089
31 32 9 4 379
31 33 9 1 11
31 34 3 3 36
31 35 1 4 107
31 36 6 4 134
31 37 7 2 28
31 38 4 5 2391
31 39 7 2 14
31 40 1 4 81
31 41 1 3 19
31 42 6 2 31
31 43 4 3 22
31 44 7 3 94
31 45 1 4 24
31 46 8 3 108
31 47 2 3 14
31 48 2 5 1130
31 49 10 2 24
31 50 10 2 22
31 51 9 1 10
31 52 7 5 2551
31 53 6 3 40
31 54 3 5 525
31 55 9 2 40
31 56 5 3 52
31 57 8 5 1358
31 58 8 4 339
31 59 6 4 227
31 60 9 3 48
31 61 9 3 51
31 62 5 4 464
31 63 5 2 14
32 0 3 3 36
32 1 9 3 181
32 2 6 3 106
32 3 8 3 100
32 4 8 6 15060
32 5 3 5 378
32 6 8 4 177
32 7 1 3 17
32 8 8 3 49
32 9 1 6 2202
32 10 6 3 36
32 11 5 4 383
32 12 10 2 22
32 13 8 4 476
32 14 3 3 40
32 15 5 3 50
32 16 9 2 23
32 17 7 2 35
32 18 6 3 97
32 19 2 4 55
32 20 3 3 23
32 21 1 4 26
32 22 1 4 42
32 23 7 6 5278
32 24 5 4 175
32 25 10 2 42
32 26 4 3 80
32 27 3 5 353
32 28 1 6 1018
32 29 10 1 6
32 30 4 4 373
32 31 5 3 32
32 32 6 1 6
32 33 6 2 17
32 34 9 1 6
32 35 3 5 1630
32 36 1 5 171
32 37 9 4 215
32 38 3 4 266
32 39 2 3 28
32 40 3 4 193
32 41 7 2 33
32 42 2 4 65
32 43 3 4 69
32 44 3 5 394
32 45 4 3 83
32 46 3 3 17
32 47 3 5 1503
32 48 4 3 57
32 49 2 6 4153
32 50 2 2 8
32 51 5 3 108
32 52 8 2 27
32 53 3 6 4302
32 54 5 5 2438
32 55 6 4 186
32 56 1 6 1610
32 57 3 5 526
32 58 7 4 503
32 59 9 2 29
32 60 3 4 113
32 61 7 3 65
32 62 9 3 67
32 63 1 7 9421
33 0 3 4 95
33 1 5 4 153
33 2 4 3 27
33 3 1 6 2003
33 4 8 3 88
33 5 5 3 72
33 6 4 3 46
33 7 4 3 38
33 8 4 3 44
33 9 3 3 49
33 10 4 3 83
33 11 7 3 111
33 12 9 5 1055
33 13 8 1 8
33 14 10 3 63
33 15 5 3 92
33 16 7 4 274
33 17 2 4 54
33 18 1 4 82
33 19 8 3 89
33 20 7 4 417
33 21 9 2 30
33 22 9 4 208
33 23 6 4 200
33 24 4 3 26
33 25 10 3 60
33 26 5 4 444
33 27 4 3 30
33 28 5 3 38
33 29 3 5 863
33 30 6 4 140
33 31 2 4 171
33 32 8 3 57
33 33 9 2 34
33 34 7 4 505
33 35 2 6 5532
33 36 1 8 92883
33 37 2 4 119
33 38 10 4 294
33 39 6 3 124
33 40 10 4 445
33 41 10 2 38
33 42 7 2 32
33 43 4 4 403
33 44 5 4 129
33 45 4 3 30
33 46 8 3 84
33 47 1 4 46
33 48 7 4 336
33 49 4 3 52
33 50 6 3 79
33 51 3 7 22284
33 52 4 4 112
33 53 1 4 44
33 54 10 3 82
33 55 6 4 393
33 56 9 3 151
33 57 4 3 58
33 58 1 4 45
33 59 2 5 1144
33 60 5 4 137
33 61 4 4 335
33 62 2 3 39
33 63 7 3 38
34 0 1 5 195
34 1 2 4 50
34 2 7 4 681
34 3 8 2 20
34 4 10 1 8
34 5 2 4 52
34 6 1 5 139
34 7 1 5 305
34 8 4 2 10
34 9 8 2 23
34 10 8 4 601
34 11 2 4 127
34 12 7 1 10
34 13 8 2 42
34 14 4 4 180
34 15 9 2 27
34 16 6 4 367
34 17 9 3 99
34 18 6 4 306
34 19 2 4 80
34 20 7 4 270
34 21 4 4 242
34 22 1 7 6758
34 23 8 5 1336
34 24 9 2 22
34 25 3 5 439
34 26 9 3 136
34 27 2 5 422
34 28 5 4 111
34 29 1 5 135
34 30 6 5 3085
34 31 1 5 477
34 32 2 4 55
34 33 1 5 186
34 34 4 2 20
34 35 6 4 539
34 36 1 3 15
34 37 2 3 15
34 38 1 4 48
34 39 10 5 1169
34 40 4 3 88
34 41 9 3 52
34 42 7 4 213
34 43 9 3 57
34 44 6 6 6422
34 45 8 5 1087
34 46 9 4 546
34 47 4 3 64
34 48 8 4 341
34 49 4 4 166
34 50 2 4 81
34 51 7 1 11
34 52 9 4 573
34 53 10 3 131
34 54 2 3 17
34 55 7 4 439
34 56 4 3 34
34 57 10 2 32
34 58 9 4 601
34 59 10 2 19
34 60 8 3 123
34 61 10 3 74
34 62 8 2 38
34 63 4 3 28
35 0 1 4 34
35 1 8 3 101
35 2 6 3 32
35 3 7 2 36
35 4 7 3 62
35 5 10 3 59
35 6 10 4 254
35 7 7 5 851
35 8 9 4 456
35 9 8 5 1006
35 10 4 4 124
35 11 5 2 26
35 12 5 3 28
35 13 10 4 821
35 14 2 4 81
35 15 8 3 115
35 16 8 3 91
35 17 2 6 1750
35 18 7 2 26
35 19 10 2 26
35 20 10 4 233
35 21 6 3 94
35 22 4 4 164
35 23 7 3 65
35 24 9 2 37
35 25 7 5 985
35 26 4 3 25
35 27 2 3 43
35 28 10 3 216
35 29 4 3 70
35 30 6 3 119
35 31 8 2 39
35 32 6 2 22
35 33 4 4 334
35 34 3 4 102
35 35 10 4 253
35 36 3 3 32
35 37 7 3 62
35 38 1 4 27
35 39 8 2 29
35 40 9 3 183
35 41 1 4 77
35 42 5 3 27
35 43 1 5 221
35 44 9 2 43
35 45 1 4 26
35 46 2 4 219
35 47 8 2 15
35 48 2 4 82
35 49 1 5 680
35 50 6 3 49
35 51 10 1 15
35 52 7 3 76
35 53 3 6 5456
35 54 6 7 115401
35 55 7 4 278
35 56 9 2 37
35 57 10 4 302
35 58 7 3 52
35 59 2 5 390
35 60 4 4 113
35 61 9 5 5538
35 62 9 3 50
35 63 2 4 78
36 0 9 2 33
36 1 7 2 13
36 2 6 3 68
36 3 9 4 863
36 4 2 3 13
36 5 4 3 80
36 6 3 5 459
36 7 5 2 12
36 8 5 3 47
36 9 1 3 8
36 10 3 3 44
36 11 3 3 22
36 12 5 3 75
36 13 6 4 249
36 14 2 4 172
36 15 2 4 77
36 16 9 2 25
36 17 1 5 682
36 18 10 3 125
36 19 10 3 126
36 20 10 1 15
36 21 9 3 151
36 22 9 4 913
36 23 9 2 22
36 24 7 1 11
36 25 8 6 10921
36 26 9 2 29
36 27 10 2 31
36 28 2 6 1792
36 29 6 3 38
36 30 7 3 66
36 31 5 3 31
36 32 3 5 381
36 33 10 2 40
36 34 7 3 134
36 35 5 3 80
36 36 5 3 32
36 37 6 3 72
36 38 9 4 561
36 39 10 2 29
36 40 2 5 485
36 41 9 4 767
36 42 10 4 405
36 43 9 2 37
36 44 10 3 117
36 45 3 4 81
36 46 5 2 25
36 47 4 3 31
36 48 2 4 188
36 49 4 4 98
36 50 1 4 47
36 51 5 5 1002
36 52 10 3 54
36 53 2 4 223
36 54 10 4 893
36 55 9 4 353
36 56 8 2 27
36 57 1 5 183
36 58 4 2 15
36 59 3 6 7635
36 60 10 2 24
36 61 10 2 50
36 62 9 2 18
36 63 9 3 148
37 0 8 2 25
37 1 3 3 27
37 2 3 6 2452
37 3 1 4 24
37 4 7 3 53
37 5 7 3 108
37 6 1 4 104
37 7 5 3 52
37 8 2 6 3652
37 9 8 1 13
37 10 1 4 55
37 11 1 5 128
37 12 7 5 1764
37 13 8 2 34
37 14 10 3 97
37 15 5 4 223
37 16 9 4 604
37 17 7 4 256
37 18 3 4 135
37 19 10 3 140
37 20 5 2 15
37 21 7 5 1210
37 22 9 3 118
37 23 3 4 142
37 24 6 4 271
37 25 7 4 169
37 26 2 4 213
37 27 3 5 1029
37 28 7 6 14303
37 29 2 3 27
37 30 2 5 501
37 31 4 3 55
37 32 2 3 17
37 33 3 5 940
37 34 4 4 219
37 35 10 2 41
37 36 1 3 17
37 37 3 3 38
37 38 6 4 188
37 39 7 4 340
37 40 8 3 152
37 41 1 3 9
37 42 2 3 18
37 43 5 2 25
37 44 8 4 231
37 45 1 4 101
37 46 10 4 265
37 47 9 3 190
37 48 3 3 24
37 49 8 4 193
37 50 7 4 188
37 51 9 3 124
37 52 9 5 1217
37 53 9 4 256
37 54 2 4 73
37 55 8 1 13
37 56 2 3 27
37 57 8 3 120
37 58 1 6 794
37 59 7 4 646
37 60 8 4 195
37 61 9 3 64
37 62 7 2 15
37 63 1 3 8
38 0 5 4 187
38 1 7 2 34
38 2 5 4 240
38 3 6 3 45
38 4 10 4 778
38 5 5 5 785
38 6 10 5 1229
38 7 4 3 23
38 8 1 3 19
38 9 1 3 17
38 10 9 3 86
38 11 9 3 57
38 12 9 5 3622
38 13 7 1 10
38 14 2 5 265
38 15 5 3 36
38 16 5 3 30
38 17 7 4 223
38 18 10 4 566
38 19 3 4 90
38 20 2 3 12
38 21 2 3 41
38 22 3 4 111
38 23 8 3 85
38 24 4 3 50
38 25 2 3 17
38 26 7 2 16
38 27 5 4 128
38 28 4 4 101
38 29 6 4 180
38 30 3 5 499
38 31 8 3 79
38 32 10 4 1051
38 33 5 4 141
38 34 2 4 188
38 35 7 3 42
38 36 9 2 44
38 37 2 5 266
38 38 6 6 6629
38 39 10 1 10
38 40 4 1 6
38 41 5 3 37
38 42 2 4 68
38 43 9 1 13
38 44 6 1 5
38 45 4 3 41
38 46 3 3 22
38 47 9 2 19
38 48 7 4 192
38 49 2 3 12
38 50 6 6 16647
38 51 2 3 11
38 52 8 4 177
38 53 7 5 1589
38 54 10 2 48
38 55 5 4 233
38 56 8 6 24062
38 57 2 4 194
38 58 7 4 229
38 59 8 2 29
38 60 5 4 119
38 61 10 1 11
38 62 8 4 245
38 63 2 6 7182
39 0 1 6 1849
39 1 7 2 15
39 2 2 5 319
39 3 7 4 239
39 4 1 2 5
39 5 3 4 76
39 6 3 3 51
39 7 4 4 439
39 8 9 2 28
39 9 5 5 1086
39 10 3 5 1260
39 11 5 4 163
39 12 4 3 32
39 13 8 4 220
39 14 5 3 85
39 15 9 5 1355
39 16 5 4 198
39 17 6 3 38
39 18 7 4 157
39 19 3 3 22
39 20 8 3 134
39 21 6 3 130
39 22 10 4 567
39 23 3 5 844
39 24 10 4 237
39 25 4 3 60
39 26 10 5 3347
39 27 3 4 110
39 28 10 2 41
39 29 3 3 32
39 30 2 3 23
39 31 3 6 5414
39 32 7 2 14
39 33 3 4 129
39 34 5 4 231
39 35 9 3 197
39 36 7 3 80
39 37 3 3 44
39 38 6 5 3434
39 39 9 2 29
39 40 5 2 15
39 41 7 3 120
39 42 10 4 445
39 43 9 6 30465
39 44 5 4 183
39 45 1 4 33
39 46 10 2 33
39 47 8 4 283
39 48 3 4 218
39 49 2 3 44
39 50 6 5 3175
39 51 6 4 219
39 52 7 6 5169
39 53 3 3 37
39 54 6 2 19
39 55 7 3 62
39 56 7 3 42
39 57 6 4 193
39 58 1 6 759
39 59 1 4 69
39 60 8 1 14
39 61 10 6 42128
39 62 9 1 9
39 63 9 3 102
40 0 3 3 46
40 1 8 3 156
40 2 7 1 10
40 3 8 2 22
40 4 8 2 32
40 5 1 7 6503
40 6 6 3 44
40 7 2 4 57
40 8 1 4 35
40 9 1 4 47
40 10 3 3 37
40 11 1 4 26
40 12 9 2 24
40 13 1 6 2491
40 14 9 3 77
40 15 6 3 52
40 16 9 4 337
40 17 2 5 651
40 18 7 6 5990
40 19 2 3 22
40 20 3 4 83
40 21 7 2 18
40 22 7 3 65
40 23 2 3 13
40 24 9 2 36
40 25 8 2 40
40 26 2 3 16
40 27 8 3 52
40 28 7 3 81
40 29 8 2 28
40 30 10 3 79
40 31 2 5 998
40 32 5 4 152
40 33 9 2 34
40 34 4 3 30
40 35 8 2 16
40 36 1 6 2173
40 37 3 4 91
40 38 6 4 528
40 39 8 2 32
40 40 9 3 110
40 41 7 1 6
40 42 7 6 8195
40 43 8 2 38
40 44 9 2 29
40 45 3 4 101
40 46 7 5 807
40 47 7 2 13
40 48 6 4 620
40 49 10 2 24
40 50 1 4 24
40 51 1 5 469
40 52 9 2 18
40 53 10 1 15
40 54 9 3 106
40 55 2 4 152
40 56 1 6 3644
40 57 6 4 642
40 58 1 6 785
40 59 7 2 29
40 60 5 2 15
40 61 2 3 37
40 62 9 4 344
40 63 2 4 49
41 0 7 1 6
41 1 7 3 39
41 2 8 2 27
41 3 1 6 1080
41 4 8 4 505
41 5 9 1 13
41 6 2 5 1110
41 7 7 3 124
41 8 9 5 2797
41 9 3 3 44
41 10 3 6 3099
41 11 4 4 121
41 12 5 5 1727
41 13 7 5 2319
41 14 10 4 630
41 15 2 4 171
41 16 1 4 29
41 17 2 5 255
41 18 7 3 127
41 19 6 5 3631
41 20 3 4 69
41 21 9 4 290
41 22 9 2 43
41 23 5 3 71
41 24 5 2 14
41 25 5 3 33
41 26 5 4 225
41 27 6 3 33
41 28 1 4 64
41 29 6 2 30
41 30 1 5 128
41 31 5 4 248
41 32 8 3 112
41 33 1 3 18
41 34 9 6 19058
41 35 10 3 136
41 36 3 3 38
41 37 6 4 291
41 38 7 2 16
41 39 8 4 227
41 40 5 4 145
41 41 5 4 310
41 42 3 4 128
41 43 5 2 13
41 44 4 3 32
41 45 6 5 1085
41 46 9 2 35
41 47 6 4 222
41 48 3 3 53
41 49 8 2 21
41 50 7 1 12
41 51 4 4 93
41 52 3 7 61839
41 53 5 3 31
41 54 3 4 73
41 55 4 3 66
41 56 4 3 86
41 57 2 6 1852
41 58 5 3 76
41 59 2 5 910
41 60 9 3 168
41 61 8 7 151593
41 62 3 5 602
41 63 5 3 66
42 0 1 7 10640
42 1 4 3 46
42 2 5 2 20
42 3 6 3 45
42 4 7 4 381
42 5 7 3 126
42 6 7 5 2573
42 7 8 4 197
42 8 5 2 23
42 9 4 3 42
42 10 2 4 108
42 11 1 4 46
42 12 10 2 30
42 13 5 3 86
42 14 8 2 30
42 15 8 4 339
42 16 3 4 218
42 17 6 3 98
42 18 1 6 3725
42 19 10 3 81
42 20 3 3 21
42 21 3 1 5
42 22 9 2 22
42 23 8 3 43
42 24 4 3 27
42 25 9 2 18
42 26 3 5 556
42 27 8 2 38
42 28 1 4 39
42 29 8 2 25
42 30 7 3 49
42 31 5 4 230
42 32 10 1 7
42 33 9 4 364
42 34 5 4 154
42 35 9 3 194
42 36 5 4 417
42 37 5 3 43
42 38 7 4 381
42 39 1 6 807
42 40 4 2 11
42 41 6 4 146
42 42 7 3 38
42 43 9 3 153
42 44 9 3 78
42 45 10 3 161
42 46 9 3 54
42 47 6 3 52
42 48 8 4 455
42 49 6 3 46
42 50 4 2 8
42 51 8 5 1211
42 52 3 4 92
42 53 10 3 63
42 54 10 2 53
42 55 10 3 73
42 56 7 3 41
42 57 10 1 16
42 58 8 4 206
42 59 6 2 18
42 60 7 5 1043
42 61 2 5 391
42 62 4 4 213
42 63 6 4 349
43 0 3 3 49
43 1 5 2 26
43 2 9 3 129
43 3 3 3 56
43 4 10 4 223
43 5 9 3 179
43 6 7 3 86
43 7 2 3 29
43 8 8 2 38
43 9 6 5 2018
43 10 2 3 18
43 11 7 1 12
43 12 1 6 2097
43 13 3 3 37
43 14 8 5 3187
43 15 8 2 42
43 16 10 4 425
43 17 6 1 6
43 18 8 2 39
43 19 6 2 14
43 20 7 3 145
43 21 8 5 2053
43 22 4 3 31
43 23 1 5 536
43 24 2 4 188
43 25 7 4 497
43 26 2 3 20
43 27 8 3 145
43 28 3 5 1025
43 29 8 3 142
43 30 8 4 185
43 31 2 5 347
43 32 5 3 72
43 33 8 4 179
43 34 8 4 376
43 35 1 5 165
43 36 10 3 126
43 37 6 3 35
43 38 10 5 1675
43 39 9 3 56
43 40 4 5 931
43 41 5 3 41
43 42 8 5 2382
43 43 1 3 19
43 44 6 2 12
43 45 1 3 18
43 46 9 3 72
43 47 3 3 49
43 48 4 4 140
43 49 5 3 95
43 50 3 3 61
43 51 3 4 301
43 52 4 4 147
43 53 10 4 758
43 54 9 4 290
43 55 7 1 11
43 56 8 4 391
43 57 6 3 34
43 58 1 5 173
43 59 7 2 21
43 60 3 3 17
43 61 1 5 380
43 62 8 2 23
43 63 3 3 21
44 0 7 3 97
44 1 8 3 44
44 2 1 6 918
44 3 1 5 320
44 4 4 5 2058
44 5 4 3 64
44 6 4 4 113
44 7 5 4 161
44 8 4 3 59
44 9 4 4 177
44 10 9 5 4222
44 11 6 3 124
44 12 3 5 1659
44 13 10 2 23
44 14 1 3 13
44 15 4 3 27
44 16 8 2 21
44 17 10 3 88
44 18 4 3 41
44 19 4 3 81
44 20 10 5 2683
44 21 3 3 22
44 22 10 2 38
44 23 1 4 27
44 24 7 3 123
44 25 1 4 50
44 26 4 4 122
44 27 7 2 34
44 28 9 3 154
44 29 3 4 277
44 30 3 4 86
44 31 4 1 7
44 32 10 3 146
44 33 6 2 22
44 34 3 5 759
44 35 1 4 24
44 36 9 3 75
44 37 10 3 92
44 38 7 2 27
44 39 2 3 21
44 40 3 3 50
44 41 5 2 14
44 42 6 3 71
44 43 3 7 29900
44 44 10 2 43
44 45 9 3 177
44 46 3 7 20319
44 47 2 5 426
44 48 5 3 46
44 49 9 2 36
44 50 7 4 360
44 51 7 5 1320
44 52 1 4 95
44 53 6 3 49
44 54 1 6 1374
44 55 7 3 144
44 56 6 4 346
44 57 5 3 95
44 58 3 4 109
44 59 1 4 32
44 60 1 4 83
44 61 10 2 30
44 62 5 2 10
44 63 3 4 281
45 0 8 4 270
45 1 2 3 24
45 2 5 3 29
45 3 10 2 34
45 4 1 5 392
45 5 5 2 11
45 6 2 3 31
45 7 2 4 48
45 8 9 3 158
45 9 6 4 383
45 10 4 4 162
45 11 10 3 71
45 12 9 4 250
45 13 8 3 92
45 14 9 2 46
45 15 5 5 2328
45 16 9 2 38
45 17 7 2 24
45 18 3 4 289
45 19 2 4 90
45 20 5 3 36
45 21 1 6 2151
45 22 4 5 785
45 23 3 3 21
45 24 10 3 129
45 25 1 3 10
45 26 3 3 61
45 27 7 4 212
45 28 8 3 85
45 29 3 5 1251
45 30 4 2 20
45 31 4 5 615
45 32 3 4 104
45 33 10 1 12
45 34 8 3 97
45 35 3 4 171
45 36 9 1 11
45 37 4 6 13068
45 38 4 3 25
45 39 9 2 19
45 40 9 4 352
45 41 2 5 862
45 42 2 3 31
45 43 1 3 11
45 44 4 3 50
45 45 3 3 25
45 46 2 5 759
45 47 4 5 1680
45 48 9 3 160
45 49 7 6 8498
45 50 5 3 37
45 51 1 3 18
45 52 8 7 316886
45 53 7 2 27
45 54 3 3 45
45 55 10 3 97
45 56 8 2 24
45 57 4 5 2345
45 58 2 4 199
45 59 6 3 47
45 60 2 7 35282
45 61 1 4 33
45 62 2 3 26
45 63 9 3 168
46 0 1 5 231
46 1 4 3 31
46 2 8 4 562
46 3 6 3 86
46 4 10 3 86
46 5 9 5 1110
46 6 9 3 179
46 7 2 4 91
46 8 5 3 42
46 9 2 3 41
46 10 1 4 72
46 11 9 4 296
46 12 5 5 658
46 13 10 3 67
46 14 2 5 470
46 15 5 3 108
46 16 9 3 66
46 17 6 2 24
46 18 4 4 90
46 19 2 3 27
46 20 7 2 16
46 21 4 4 126
46 22 2 4 51
46 23 6 2 14
46 24 2 3 16
46 25 6 4 192
46 26 5 2 12
46 27 9 3 80
46 28 5 3 29
46 29 10 6 44169
46 30 6 3 70
46 31 1 4 66
46 32 4 4 230
46 33 4 3 66
46 34 4 4 356
46 35 9 4 578
46 36 10 2 49
46 37 1 6 1335
46 38 5 4 143
46 39 10 2 38
46 40 5 3 59
46 41 8 3 66
46 42 7 4 262
46 43 7 2 18
46 44 8 2 28
46 45 9 2 27
46 46 5 3 40
46 47 7 5 1882
46 48 4 4 234
46 49 6 4 413
46 50 4 3 67
46 51 6 4 637
46 52 6 3 52
46 53 10 3 66
46 54 5 5 1145
46 55 9 4 851
46 56 2 5 429
46 57 7 5 2308
46 58 10 4 360
46 59 5 3 27
46 60 6 2 20
46 61 3 4 125
46 62 2 4 59
46 63 7 2 19
47 0 3 3 26
47 1 10 4 327
47 2 10 2 51
47 3 10 3 133
47 4 7 1 6
47 5 1 6 749
47 6 10 3 69
47 7 7 3 127
47 8 7 3 104
47 9 6 3 58
47 10 6 2 26
47 11 7 3 74
47 12 2 3 38
47 13 7 3 144
47 14 6 4 659
47 15 2 4 47
47 16 7 2 29
47 17 2 8 97369
47 18 4 3 41
47 19 5 3 62
47 20 7 2 32
47 21 10 3 84
47 22 3 3 45
47 23 9 3 61
47 24 4 2 21
47 25 8 3 110
47 26 9 3 69
47 27 1 4 49
47 28 2 3 14
47 29 10 3 206
47 30 9 3 171
47 31 10 2 31
47 32 7 2 19
47 33 4 5 1590
47 34 7 3 83
47 35 5 4 138
47 36 2 5 228
47 37 8 5 2314
47 38 2 4 97
47 39 5 4 158
47 40 5 3 28
47 41 6 5 3813
47 42 5 3 51
47 43 5 3 109
47 44 5 3 40
47 45 10 1 13
47 46 8 4 252
47 47 5 3 34
47 48 8 3 48
47 49 3 5 1360
47 50 10 3 76
47 51 2 3 11
47 52 5 5 1405
47 53 8 4 225
47 54 1 4 30
47 55 2 5 486
47 56 7 8 1267778
47 57 2 4 80
47 58 3 3 17
47 59 8 4 390
47 60 10 5 3867
47 61 1 5 613
47 62 2 6 3737
47 63 3 4 249
48 0 7 1 12
48 1 10 1 13
48 2 2 4 225
48 3 8 4 188
48 4 10 5 6117
48 5 10 4 633
48 6 7 5 952
48 7 9 3 63
48 8 2 5 275
48 9 8 3 65
48 10 6 2 19
48 11 3 4 288
48 12 9 2 32
48 13 7 3 57
48 14 2 8 195566
48 15 3 4 198
48 16 2 6 6330
48 17 9 3 65
48 18 2 4 72
48 19 9 3 111
48 20 5 2 20
48 21 1 3 21
48 22 7 3 70
48 23 4 3 28
48 24 2 6 2651
48 25 3 3 16
48 26 7 4 249
48 27 4 3 33
48 28 8 4 214
48 29 3 3 27
48 30 8 2 17
48 31 9 3 61
48 32 3 4 208
48 33 6 2 27
48 34 8 4 357
48 35 8 4 194
48 36 8 6 16038
48 37 4 3 38
48 38 4 2 19
48 39 8 3 67
48 40 1 5 221
48 41 1 5 123
48 42 2 3 18
48 43 1 4 51
48 44 5 4 557
48 45 7 3 86
48 46 6 3 36
48 47 3 4 170
48 48 8 5 2410
48 49 2 3 18
48 50 4 5 491
48 51 8 2 36
48 52 8 3 115
48 53 7 4 211
48 54 5 6 6000
48 55 4 3 24
48 56 6 4 216
48 57 4 4 107
48 58 6 2 30
48 59 6 3 43
48 60 9 1 4
48 61 3 6 9744
48 62 5 4 116
48 63 8 4 205
49 0 9 3 107
49 1 9 4 608
49 2 5 4 455
49 3 8 2 36
49 4 10 1 14
49 5 6 3 38
49 6 1 5 125
49 7 10 3 88
49 8 6 5 987
49 9 10 5 2749
49 10 4 3 33
49 11 3 5 575
49 12 8 3 85
49 13 4 5 647
49 14 10 3 163
49 15 7 2 30
49 16 2 5 454
49 17 5 3 89
49 18 3 3 44
49 19 2 3 24
49 20 4 4 129
49 21 4 5 1012
49 22 1 4 99
49 23 5 5 1237
49 24 3 3 21
49 25 7 5 1261
49 26 6 5 3020
49 27 9 3 61
49 28 3 5 451
49 29 10 3 109
49 30 3 3 37
49 31 7 4 409
49 32 2 4 92
49 33 3 4 237
49 34 5 5 600
49 35 9 4 754
49 36 7 2 28
49 37 1 4 53
49 38 7 3 45
49 39 10 3 71
49 40 2 3 14
49 41 3 4 249
49 42 5 5 948
49 43 8 2 37
49 44 5 5 969
49 45 7 3 43
49 46 9 4 792
49 47 2 5 310
49 48 8 3 55
49 49 4 4 232
49 50 5 7 27887
49 51 1 3 6
49 52 8 3 148
49 53 1 4 39
49 54 8 3 102
49 55 10 2 35
49 56 5 3 75
49 57 5 3 86
49 58 3 3 24
49 59 1 7 14698
49 60 7 3 77
49 61 9 4 468
49 62 3 4 111
49 63 9 3 159
50 0 5 3 40
50 1 6 6 4874
50 2 4 2 10
50 3 1 4 29
50 4 6 4 193
50 5 9 5 5302
50 6 2 4 147
50 7 1 8 40813
50 8 7 5 2319
50 9 5 2 15
50 10 3 3 37
50 11 3 6 2107
50 12 1 5 198
50 13 1 5 232
50 14 3 3 54
50 15 7 2 34
50 16 2 4 53
50 17 7 1 10
50 18 10 5 2528
50 19 6 3 74
50 20 10 2 18
50 21 5 4 464
50 22 3 5 1964
50 23 2 3 19
50 24 7 2 17
50 25 8 3 70
50 26 2 4 63
50 27 8 5 3111
50 28 4 3 39
50 29 2 3 44
50 30 9 2 18
50 31 10 4 276
50 32 4 3 56
50 33 6 3 56
50 34 4 3 57
50 35 6 5 1333
50 36 4 5 552
50 37 2 3 37
50 38 6 4 307
50 39 3 5 1734
50 40 6 2 25
50 41 7 3 61
50 42 8 2 20
50 43 8 3 54
50 44 9 3 85
50 45 10 1 6
50 46 2 4 142
50 47 5 2 25
50 48 7 2 28
50 49 7 2 16
50 50 9 1 13
50 51 4 3 71
50 52 8 4 389
50 53 9 2 41
50 54 9 2 16
50 55 10 4 261
50 56 3 3 64
50 57 4 3 51
50 58 1 6 2392
50 59 1 5 208
50 60 5 3 90
50 61 6 3 35
50 62 6 2 11
50 63 8 4 243
51 0 3 4 98
51 1 7 3 50
51 2 7 3 67
51 3 8 2 31
51 4 6 4 163
51 5 7 3 76
51 6 5 3 49
51 7 9 2 16
51 8 10 3 58
51 9 5 2 17
51 10 10 3 128
51 11 2 4 110
51 12 3 5 342
51 13 7 2 14
51 14 8 6 34577
51 15 4 4 403
51 16 6 3 38
51 17 7 5 1427
51 18 6 5 1025
51 19 6 3 73
51 20 4 4 89
51 21 8 3 63
51 22 1 4 25
51 23 6 4 183
51 24 1 6 986
51 25 5 5 1977
51 26 3 3 28
51 27 5 3 28
51 28 7 2 24
51 29 8 2 23
51 30 6 6 21033
51 31 10 2 40
51 32 10 3 79
51 33 4 4 89
51 34 1 3 17
51 35 10 4 648
51 36 9 2 47
51 37 5 3 43
51 38 8 3 45
51 39 5 3 62
51 40 7 3 100
51 41 4 3 66
51 42 4 3 28
51 43 3 2 6
51 44 4 4 433
51 45 4 2 12
51 46 5 4 134
51 47 7 4 203
51 48 8 4 418
51 49 5 2 24
51 50 3 2 6
51 51 6 5 769
51 52 2 4 77
51 53 10 1 9
51 54 2 4 188
51 55 3 5 550
51 56 3 3 30
51 57 8 2 24
51 58 8 3 135
51 59 9 3 94
51 60 10 3 220
51 61 8 4 251
51 62 6 4 237
51 63 3 4 70
52 0 9 3 51
52 1 7 3 65
52 2 10 3 135
52 3 3 3 63
52 4 7 2 26
52 5 7 3 63
52 6 4 4 264
52 7 5 1 3
52 8 3 4 268
52 9 5 4 214
52 10 5 2 21
52 11 6 4 213
52 12 1 6 1190
52 13 3 5 1256
52 14 8 4 322
52 15 7 4 196
52 16 2 4 159
52 17 3 3 25
52 18 4 3 37
52 19 5 3 80
52 20 6 3 118
52 21 2 3 39
52 22 9 4 558
52 23 3 4 252
52 24 4 3 24
52 25 7 5 1059
52 26 6 2 27
52 27 1 4 61
52 28 1 3 15
52 29 5 4 493
52 30 9 2 30
52 31 2 4 80
52 32 2 4 89
52 33 4 3 49
52 34 1 4 92
52 35 4 4 110
52 36 8 3 80
52 37 4 4 180
52 38 1 5 226
52 39 6 2 28
52 40 9 2 16
52 41 2 3 40
52 42 4 4 191
52 43 5 3 27
52 44 1 6 1223
52 45 1 5 265
52 46 9 3 56
52 47 7 3 147
52 48 5 4 240
52 49 8 5 2448
52 50 4 4 261
52 51 2 3 42
52 52 3 3 26
52 53 2 2 5
52 54 10 4 357
52 55 10 4 708
52 56 6 4 335
52 57 9 3 139
52 58 7 3 46
52 59 7 2 24
52 60 10 3 108
52 61 10 2 43
52 62 3 5 425
52 63 7 3 39
53 0 6 3 81
53 1 6 2 21
53 2 10 4 329
53 3 2 3 14
53 4 9 1 12
53 5 6 4 530
53 6 8 2 28
53 7 7 4 248
53 8 5 6 3565
53 9 3 4 274
53 10 7 2 35
53 11 1 4 50
53 12 7 3 41
53 13 5 4 354
53 14 6 4 234
53 15 7 3 45
53 16 1 5 230
53 17 10 2 31
53 18 7 3 64
53 19 5 3 71
53 20 1 4 24
53 21 1 5 380
53 22 5 3 48
53 23 6 3 46
53 24 4 5 742
53 25 3 4 67
53 26 4 3 29
53 27 3 6 3126
53 28 5 3 64
53 29 1 4 41
53 30 1 7 8599
53 31 2 6 2677
53 32 10 5 1524
53 33 6 6 6220
53 34 3 3 22
53 35 7 3 87
53 36 5 2 20
53 37 9 2 38
53 38 3 3 40
53 39 1 5 378
53 40 4 4 223
53 41 6 3 107
53 42 5 2 23
53 43 9 2 43
53 44 5 3 50
53 45 8 4 354
53 46 9 4 248
53 47 7 4 267
53 48 10 2 21
53 49 3 2 15
53 50 8 2 24
53 51 10 2 44
53 52 5 5 1489
53 53 8 4 686
53 54 9 3 153
53 55 4 3 44
53 56 9 3 55
53 57 8 4 225
53 58 2 4 50
53 59 6 4 484
53 60 2 5 412
53 61 6 3 39
53 62 6 2 27
53 63 1 4 54
54 0 2 5 254
54 1 3 3 55
54 2 2 5 536
54 3 3 4 246
54 4 1 4 109
54 5 5 6 7559
54 6 4 2 20
54 7 4 3 23
54 8 3 3 26
54 9 4 4 216
54 10 9 2 32
54 11 1 4 45
54 12 2 4 103
54 13 5 5 1815
54 14 4 3 41
54 15 4 5 737
54 16 1 4 35
54 17 7 4 622
54 18 6 5 1125
54 19 7 2 35
54 20 1 4 48
54 21 2 4 161
54 22 9 2 27
54 23 10 2 20
54 24 10 4 247
54 25 9 7 55216
54 26 9 2 23
54 27 2 5 341
54 28 6 4 575
54 29 10 2 35
54 30 7 4 364
54 31 8 1 11
54 32 3 4 81
54 33 1 3 19
54 34 5 5 1850
54 35 2 4 59
54 36 8 3 66
54 37 10 3 57
54 38 5 5 969
54 39 1 5 454
54 40 5 3 86
54 41 5 5 1021
54 42 10 1 6
54 43 1 4 43
54 44 6 3 39
54 45 6 3 38
54 46 9 2 27
54 47 6 2 23
54 48 5 3 66
54 49 7 6 31405
54 50 7 1 7
54 51 3 3 66
54 52 3 5 421
54 53 3 4 209
54 54 3 6 7438
54 55 8 4 188
54 56 10 3 71
54 57 2 3 38
54 58 8 4 234
54 59 4 3 47
54 60 5 3 57
54 61 10 1 5
54 62 6 3 63
54 63 2 4 54
55 0 2 4 50
55 1 7 4 353
55 2 3 4 94
55 3 2 4 108
55 4 4 5 2254
55 5 4 3 51
55 6 3 4 70
55 7 6 4 284
55 8 3 4 101
55 9 4 6 4299
55 10 8 4 206
55 11 6 2 26
55 12 5 3 102
55 13 6 3 76
55 14 5 4 335
55 15 9 2 40
55 16 1 5 582
55 17 3 4 72
55 18 3 3 18
55 19 9 3 104
55 20 3 3 59
55 21 8 2 28
55 22 7 3 141
55 23 7 2 20
55 24 10 3 71
55 25 1 5 338
55 26 7 3 57
55 27 5 3 99
55 28 6 5 857
55 29 2 3 23
55 30 10 3 103
55 31 10 4 1105
55 32 5 4 295
55 33 3 5 481
55 34 7 4 662
55 35 10 3 74
55 36 4 3 27
55 37 2 5 255
55 38 6 3 67
55 39 8 2 32
55 40 8 3 98
55 41 7 1 12
55 42 2 3 19
55 43 8 1 11
55 44 6 3 78
55 45 8 2 39
55 46 4 3 27
55 47 8 3 106
55 48 7 4 347
55 49 1 5 156
55 50 8 3 70
55 51 1 4 32
55 52 2 3 32
55 53 8 3 52
55 54 7 4 259
55 55 3 5 773
55 56 3 4 117
55 57 10 3 195
55 58 5 5 1380
55 59 6 6 4751
55 60 4 2 18
55 61 1 3 17
55 62 8 3 150
55 63 3 4 186
56 0 1 7 5770
56 1 9 4 387
56 2 10 3 65
56 3 1 4 24
56 4 2 4 45
56 5 3 4 86
56 6 5 6 4128
56 7 8 2 30
56 8 2 3 44
56 9 8 2 33
56 10 1 4 30
56 11 2 4 46
56 12 10 3 54
56 13 6 4 191
56 14 4 3 83
56 15 5 4 423
56 16 6 3 91
56 17 6 4 184
56 18 4 3 46
56 19 6 4 195
56 20 4 3 30
56 21 3 3 26
56 22 5 3 109
56 23 3 7 84993
56 24 2 4 61
56 25 9 4 206
56 26 4 4 197
56 27 10 3 134
56 28 5 3 82
56 29 5 4 248
56 30 4 5 832
56 31 7 5 2331
56 32 4 2 15
56 33 1 5 122
56 34 10 2 50
56 35 4 2 18
56 36 6 2 22
56 37 6 3 49
56 38 8 5 4327
56 39 3 4 116
56 40 7 2 30
56 41 10 2 41
56 42 7 4 366
56 43 6 4 520
56 44 10 2 40
56 45 8 1 11
56 46 5 3 103
56 47 10 3 110
56 48 7 3 129
56 49 3 6 2847
56 50 6 4 232
56 51 2 4 81
56 52 4 5 1579
56 53 6 3 73
56 54 7 2 24
56 55 7 5 1965
56 56 10 3 170
56 57 10 2 51
56 58 10 3 62
56 59 5 4 165
56 60 7 3 56
56 61 5 3 69
56 62 7 3 42
56 63 2 3 41
57 0 8 3 60
57 1 8 5 2609
57 2 6 2 15
57 3 2 5 437
57 4 8 4 282
57 5 9 1 11
57 6 10 3 162
57 7 5 7 38798
57 8 7 2 31
57 9 3 4 134
57 10 6 4 157
57 11 3 4 82
57 12 1 4 26
57 13 10 2 30
57 14 10 2 33
57 15 3 3 38
57 16 9 3 56
57 17 6 3 90
57 18 2 3 27
57 19 10 4 472
57 20 1 6 728
57 21 10 2 42
57 22 8 2 17
57 23 8 4 515
57 24 5 4 235
57 25 3 2 7
57 26 4 2 19
57 27 1 5 610
57 28 7 4 401
57 29 6 3 91
57 30 4 3 28
57 31 9 2 25
57 32 8 2 34
57 33 6 3 89
57 34 8 2 42
57 35 5 3 86
57 36 1 3 19
57 37 3 5 490
57 38 2 5 528
57 39 9 3 60
57 40 9 4 498
57 41 10 3 213
57 42 2 4 77
57 43 6 2 12
57 44 5 3 43
57 45 9 3 51
57 46 3 3 27
57 47 4 4 303
57 48 7 4 579
57 49 4 5 2765
57 50 10 2 22
57 51 8 3 54
57 52 3 5 657
57 53 5 2 20
57 54 3 4 170
57 55 8 4 352
57 56 9 3 128
57 57 10 4 240
57 58 6 5 1056
57 59 4 2 21
57 60 1 6 2240
57 61 7 3 40
57 62 6 4 596
57 63 6 3 40
58 0 6 2 22
58 1 2 3 31
58 2 4 3 45
58 3 10 4 480
58 4 5 4 211
58 5 8 2 25
58 6 3 4 104
58 7 7 7 57685
58 8 7 4 295
58 9 1 5 272
58 10 2 4 49
58 11 1 4 37
58 12 4 4 183
58 13 8 3 162
58 14 3 3 58
58 15 3 2 11
58 16 7 3 54
58 17 2 5 235
58 18 7 5 1895
58 19 2 5 685
58 20 4 2 20
58 21 8 3 54
58 22 1 4 62
58 23 4 3 26
58 24 4 3 23
58 25 8 3 46
58 26 4 3 33
58 27 5 5 1232
58 28 3 4 97
58 29 5 3 69
58 30 7 5 839
58 31 2 3 12
58 32 6 4 193
58 33 2 7 16657
58 34 6 5 1138
58 35 4 4 176
58 36 1 4 26
58 37 7 3 61
58 38 6 3 34
58 39 1 4 31
58 40 6 2 17
58 41 1 4 67
58 42 4 3 39
58 43 3 3 18
58 44 10 5 1818
58 45 4 3 37
58 46 5 2 15
58 47 2 3 40
58 48 3 3 35
58 49 2 3 19
58 50 5 3 51
58 51 1 5 248
58 52 7 3 44
58 53 9 4 444
58 54 8 1 10
58 55 7 5 1809
58 56 9 8 422660
58 57 5 5 2224
58 58 4 4 139
58 59 8 3 44
58 60 10 2 52
58 61 3 4 231
58 62 4 2 10
58 63 3 5 524
59 0 6 4 594
59 1 2 5 464
59 2 2 3 14
59 3 2 5 227
59 4 4 3 77
59 5 8 2 37
59 6 9 2 27
59 7 8 6 6917
59 8 5 4 380
59 9 4 2 16
59 10 4 3 49
59 11 9 1 15
59 12 4 5 608
59 13 3 3 50
59 14 6 2 28
59 15 4 3 75
59 16 1 6 3155
59 17 5 3 80
59 18 7 2 20
59 19 5 3 32
59 20 8 4 228
59 21 5 4 380
59 22 4 3 79
59 23 10 3 63
59 24 7 5 2567
59 25 9 3 122
59 26 4 2 10
59 27 4 2 17
59 28 6 4 253
59 29 2 5 684
59 30 3 4 75
59 31 10 2 32
59 32 8 4 854
59 33 1 5 184
59 34 10 2 40
59 35 5 5 962
59 36 4 5 459
59 37 6 3 52
59 38 1 4 101
59 39 4 3 59
59 40 3 4 78
59 41 2 3 39
59 42 9 2 43
59 43 7 2 28
59 44 8 2 27
59 45 7 4 372
59 46 2 7 36173
59 47 9 2 19
59 48 8 3 84
59 49 2 4 117
59 50 2 3 22
59 51 9 5 1082
59 52 4 5 583
59 53 7 4 215
59 54 3 3 21
59 55 9 4 204
59 56 5 3 56
59 57 8 3 162
59 58 2 4 196
59 59 1 3 18
59 60 10 3 181
59 61 8 3 85
59 62 9 3 91
59 63 10 3 144
60 0 1 4 24
60 1 2 2 10
60 2 9 5 3179
60 3 9 3 60
60 4 10 2 35
60 5 5 3 28
60 6 5 4 198
60 7 10 4 278
60 8 1 4 96
60 9 5 2 15
60 10 2 6 2465
60 11 6 3 59
60 12 1 4 60
60 13 2 4 52
60 14 4 5 672
60 15 4 2 9
60 16 5 3 43
60 17 8 3 116
60 18 10 2 46
60 19 3 3 56
60 20 10 2 18
60 21 1 5 173
60 22 9 4 274
60 23 8 2 42
60 24 7 4 191
60 25 5 4 152
60 26 4 2 18
60 27 10 3 111
60 28 7 6 22982
60 29 9 7 87508
60 30 2 3 37
60 31 10 2 50
60 32 7 2 29
60 33 9 2 22
60 34 4 3 65
60 35 1 6 1595
60 36 3 3 58
60 37 4 4 250
60 38 3 2 15
60 39 10 3 55
60 40 7 3 115
60 41 6 3 35
60 42 1 4 36
60 43 1 4 39
60 44 5 4 329
60 45 6 2 27
60 46 8 3 60
60 47 8 4 483
60 48 9 3 116
60 49 7 1 11
60 50 2 3 16
60 51 9 3 91
60 52 8 2 30
60 53 9 2 24
60 54 2 6 3848
60 55 3 3 59
60 56 1 4 23
60 57 4 3 38
60 58 7 2 36
60 59 5 4 142
60 60 8 5 2222
60 61 3 4 151
60 62 2 4 62
60 63 9 2 18
61 0 5 4 341
61 1 6 3 75
61 2 9 4 374
61 3 6 4 314
61 4 9 3 124
61 5 10 2 34
61 6 2 4 120
61 7 1 3 21
61 8 2 3 27
61 9 2 3 17
61 10 2 4 197
61 11 10 7 193582
61 12 10 2 21
61 13 1 4 75
61 14 4 3 35
61 15 10 6 8383
61 16 6 4 488
61 17 8 4 193
61 18 4 2 9
61 19 8 3 81
61 20 3 4 218
61 21 4 3 41
61 22 4 3 42
61 23 6 4 639
61 24 4 3 85
61 25 6 5 3036
61 26 1 3 14
61 27 5 4 177
61 28 9 2 17
61 29 6 3 68
61 30 1 5 175
61 31 1 4 48
61 32 9 3 58
61 33 1 5 125
61 34 7 3 44
61 35 1 4 35
61 36 1 5 127
61 37 7 3 111
61 38 10 2 41
61 39 10 3 131
61 40 8 2 33
61 41 8 3 154
61 42 4 4 397
61 43 8 5 3310
61 44 3 4 98
61 45 5 3 33
61 46 4 3 56
61 47 5 4 286
61 48 2 4 138
61 49 8 6 6688
61 50 9 3 186
61 51 3 4 89
61 52 7 3 73
61 53 5 3 30
61 54 2 3 21
61 55 5 5 2436
61 56 4 4 96
61 57 1 4 62
61 58 3 5 341
61 59 1 6 696
61 60 3 6 13165
61 61 3 4 147
61 62 6 2 24
61 63 6 6 5377
62 0 8 3 62
62 1 4 4 256
62 2 8 3 78
62 3 1 6 781
62 4 8 2 30
62 5 8 5 3133
62 6 2 6 2362
62 7 4 4 288
62 8 3 3 38
62 9 7 3 102
62 10 1 4 38
62 11 5 3 30
62 12 1 4 30
62 13 8 3 75
62 14 10 4 446
62 15 1 5 456
62 16 1 7 6161
62 17 10 1 8
62 18 3 3 40
62 19 10 4 366
62 20 2 3 29
62 21 10 2 24
62 22 3 2 12
62 23 2 6 4066
62 24 3 3 29
62 25 9 1 8
62 26 8 5 1524
62 27 5 2 25
62 28 4 5 734
62 29 10 4 286
62 30 8 3 54
62 31 5 4 276
62 32 9 5 1293
62 33 1 5 189
62 34 2 5 292
62 35 6 2 28
62 36 9 4 201
62 37 10 4 241
62 38 1 4 77
62 39 4 3 49
62 40 4 3 24
62 41 2 5 1023
62 42 1 4 67
62 43 10 4 782
62 44 6 3 50
62 45 4 2 19
62 46 1 4 72
62 47 4 7 29713
62 48 6 4 484
62 49 9 3 194
62 50 3 3 25
62 51 8 3 59
62 52 1 5 381
62 53 3 3 18
62 54 4 3 27
62 55 10 4 1095
62 56 3 4 138
62 57 6 3 35
62 58 4 3 66
62 59 5 2 22
62 60 2 5 583
62 61 7 3 40
62 62 7 4 185
62 63 5 4 179
63 0 6 3 111
63 1 4 5 490
63 2 4 4 176
63 3 10 3 119
63 4 4 2 19
63 5 7 1 9
63 6 9 2 27
63 7 10 2 32
63 8 9 4 230
63 9 8 3 96
63 10 3 5 437
63 11 4 2 17
63 12 5 5 948
63 13 4 4 140
63 14 4 3 45
63 15 6 3 69
63 16 10 2 50
63 17 4 3 68
63 18 4 3 48
63 19 4 3 23
63 20 5 4 231
63 21 1 5 538
63 22 3 5 1265
63 23 10 5 5194
63 24 2 4 59
63 25 7 2 24
63 26 3 3 54
63 27 10 3 84
63 28 9 3 153
63 29 3 3 28
63 30 4 3 43
63 31 9 3 89
63 32 4 2 13
63 33 6 4 246
63 34 3 2 11
63 35 5 4 147
63 36 7 2 17
63 37 10 2 52
63 38 10 3 126
63 39 10 3 81
63 40 9 4 738
63 41 9 4 278
63 42 2 3 21
63 43 4 4 237
63 44 1 6 1798
63 45 9 4 239
63 46 2 7 11858
63 47 8 4 389
63 48 4 3 82
63 49 7 4 236
63 50 2 5 248
63 51 5 7 109218
63 52 7 3 52
63 53 10 4 231
63 54 1 3 16
63 55 1 5 116
63 56 10 2 35
63 57 7 4 768
63 58 2 4 168
63 59 8 2 31
63 60 2 4 140
63 61 1 4 32
63 62 6 3 50
63 63 9 3 110
