0 0 4 1 0
0 1 8 1 0
0 2 3 1 0
0 3 8 1 0
0 4 1 1 0
0 5 9 1 0
0 6 7 1 1
0 7 7 1 0
0 8 9 1 0
0 9 8 1 0
0 10 5 1 0
0 11 2 1 0
0 12 9 1 0
0 13 1 1 0
0 14 1 1 0
0 15 7 1 0
0 16 5 1 0
0 17 4 1 0
0 18 5 1 0
0 19 9 1 0
0 20 1 1 0
0 21 8 1 1
0 22 4 1 0
0 23 6 1 0
0 24 6 1 0
0 25 2 1 0
0 26 8 1 0
0 27 2 1 0
0 28 2 1 0
0 29 4 1 0
0 30 3 1 0
0 31 7 1 0
0 32 5 1 0
0 33 6 1 0
0 34 5 1 0
0 35 10 1 0
0 36 7 1 0
0 37 10 1 0
0 38 9 1 0
0 39 9 1 0
0 40 2 1 0
0 41 3 1 0
0 42 10 1 0
0 43 8 1 0
0 44 6 1 0
0 45 10 1 0
0 46 8 1 0
0 47 2 1 -6
0 48 2 1 0
0 49 10 1 0
0 50 10 1 0
0 51 4 1 0
0 52 2 1 0
0 53 6 1 0
0 54 3 1 0
0 55 2 1 0
0 56 4 1 0
0 57 7 1 0
0 58 7 1 0
0 59 4 1 0
0 60 7 1 0
0 61 4 1 0
0 62 7 1 0
0 63 1 1 0
1 0 1 1 0
1 1 8 1 0
1 2 5 1 0
1 3 4 1 0
1 4 2 1 0
1 5 2 1 0
1 6 1 1 0
1 7 2 1 0
1 8 10 1 0
1 9 8 1 0
1 10 10 1 0
1 11 9 1 0
1 12 1 1 0
1 13 2 1 0
1 14 7 1 0
1 15 1 1 0
1 16 6 1 0
1 17 3 1 0
1 18 1 1 0
1 19 2 1 0
1 20 9 1 0
1 21 8 1 0
1 22 2 1 0
1 23 8 1 0
1 24 10 1 0
1 25 6 1 0
1 26 2 1 0
1 27 4 1 1
1 28 10 1 0
1 29 1 1 0
1 30 6 1 0
1 31 9 1 0
1 32 6 1 0
1 33 7 1 0
1 34 4 1 0
1 35 9 1 0
1 36 6 1 0
1 37 8 1 0
1 38 8 1 0
1 39 5 1 0
1 40 9 1 0
1 41 6 1 0
1 42 7 1 0
1 43 5 1 0
1 44 1 1 0
1 45 2 1 0
1 46 1 1 0
1 47 1 1 0
1 48 10 1 0
1 49 8 1 0
1 50 1 1 0
1 51 3 1 0
1 52 10 1 0
1 53 4 1 0
1 54 4 1 0
1 55 5 1 0
1 56 2 1 0
1 57 2 1 0
1 58 10 1 0
1 59 9 1 0
1 60 2 1 0
1 61 1 1 0
1 62 5 1 0
1 63 7 1 0
2 0 8 1 0
2 1 10 1 0
2 2 8 1 0
2 3 2 1 0
2 4 2 1 0
2 5 5 1 0
2 6 4 1 0
2 7 3 1 0
2 8 3 1 1
2 9 2 1 0
2 10 6 1 1
2 11 9 1 0
2 12 5 1 0
2 13 1 1 0
2 14 8 1 0
2 15 9 1 0
2 16 9 1 0
2 17 3 1 0
2 18 1 1 0
2 19 6 1 0
2 20 3 1 0
2 21 4 1 0
2 22 3 1 0
2 23 8 1 0
2 24 3 1 0
2 25 10 1 0
2 26 9 1 0
2 27 7 1 0
2 28 6 1 0
2 29 8 1 0
2 30 2 1 1
2 31 6 1 0
2 32 8 1 0
2 33 10 1 0
2 34 7 1 0
2 35 4 1 0
2 36 5 1 0
2 37 8 1 0
2 38 10 1 0
2 39 9 1 0
2 40 5 1 0
2 41 6 1 0
2 42 2 1 0
2 43 4 1 0
2 44 3 1 0
2 45 3 1 0
2 46 4 1 0
2 47 4 1 0
2 48 8 1 0
2 49 7 1 0
2 50 7 1 0
2 51 7 1 0
2 52 2 1 0
2 53 4 1 0
2 54 2 1 0
2 55 7 1 0
2 56 7 1 0
2 57 6 1 0
2 58 9 1 0
2 59 6 1 0
2 60 6 1 0
2 61 2 1 0
2 62 9 1 0
2 63 5 1 0
3 0 2 1 0
3 1 8 1 0
3 2 1 1 0
3 3 2 1 0
3 4 9 1 0
3 5 7 1 0
3 6 8 1 0
3 7 6 1 0
3 8 9 1 0
3 9 10 1 0
3 10 2 1 0
3 11 9 1 0
3 12 7 1 0
3 13 6 1 0
3 14 7 1 0
3 15 5 1 0
3 16 8 1 0
3 17 5 1 0
3 18 10 1 0
3 19 3 1 0
3 20 6 1 0
3 21 10 1 0
3 22 2 1 0
3 23 5 1 0
3 24 9 1 0
3 25 3 1 0
3 26 8 1 0
3 27 2 1 0
3 28 9 1 1
3 29 6 1 0
3 30 2 1 0
3 31 7 1 0
3 32 6 1 0
3 33 5 1 1
3 34 8 1 0
3 35 5 1 0
3 36 4 1 0
3 37 9 1 0
3 38 6 1 0
3 39 10 1 0
3 40 3 1 0
3 41 6 1 0
3 42 3 1 0
3 43 7 1 0
3 44 6 1 0
3 45 9 1 0
3 46 3 1 0
3 47 5 1 0
3 48 7 1 0
3 49 7 1 0
3 50 10 1 0
3 51 2 1 0
3 52 6 1 0
3 53 9 1 0
3 54 9 1 0
3 55 4 1 0
3 56 3 1 0
3 57 4 1 0
3 58 10 1 0
3 59 10 1 0
3 60 6 1 0
3 61 6 1 0
3 62 3 1 0
3 63 9 1 0
4 0 10 1 0
4 1 9 1 0
4 2 6 1 0
4 3 10 1 0
4 4 10 1 0
4 5 5 1 0
4 6 2 1 0
4 7 3 1 0
4 8 4 1 0
4 9 7 1 1
4 10 3 1 0
4 11 4 1 0
4 12 8 1 0
4 13 2 1 0
4 14 4 1 0
4 15 6 1 0
4 16 7 1 0
4 17 9 1 0
4 18 7 1 0
4 19 4 1 0
4 20 3 1 0
4 21 8 1 0
4 22 4 1 0
4 23 1 1 0
4 24 10 1 0
4 25 6 1 0
4 26 6 1 0
4 27 7 1 0
4 28 3 1 0
4 29 6 1 0
4 30 8 1 0
4 31 1 1 0
4 32 1 1 0
4 33 7 1 0
4 34 6 1 0
4 35 10 1 0
4 36 5 1 0
4 37 9 1 0
4 38 6 1 0
4 39 3 1 0
4 40 10 1 0
4 41 7 1 0
4 42 8 1 0
4 43 9 1 0
4 44 6 1 0
4 45 4 1 0
4 46 4 1 0
4 47 7 1 0
4 48 3 1 0
4 49 6 1 0
4 50 10 1 0
4 51 2 1 0
4 52 3 1 0
4 53 10 1 0
4 54 6 1 0
4 55 9 1 0
4 56 4 1 0
4 57 10 1 0
4 58 9 1 0
4 59 4 1 0
4 60 10 1 0
4 61 5 1 0
4 62 6 1 0
4 63 8 1 0
5 0 10 1 0
5 1 5 1 0
5 2 9 1 0
5 3 3 1 0
5 4 2 1 0
5 5 9 1 0
5 6 6 1 0
5 7 7 1 0
5 8 9 1 0
5 9 4 1 0
5 10 7 1 0
5 11 5 1 0
5 12 9 1 0
5 13 7 1 0
5 14 5 1 0
5 15 10 1 0
5 16 4 1 0
5 17 3 1 0
5 18 5 1 0
5 19 7 1 0
5 20 3 1 0
5 21 5 1 0
5 22 5 1 0
5 23 10 1 0
5 24 4 1 0
5 25 5 1 0
5 26 8 1 0
5 27 1 1 0
5 28 2 1 0
5 29 10 1 0
5 30 4 1 0
5 31 6 1 0
5 32 1 1 0
5 33 10 1 0
5 34 10 1 0
5 35 9 1 0
5 36 7 1 0
5 37 8 1 0
5 38 4 1 0
5 39 6 1 0
5 40 3 1 -1
5 41 7 1 0
5 42 10 1 0
5 43 6 1 0
5 44 4 1 0
5 45 1 1 0
5 46 4 1 0
5 47 10 1 0
5 48 6 1 0
5 49 10 1 0
5 50 7 1 0
5 51 4 1 0
5 52 3 1 0
5 53 3 1 0
5 54 2 1 0
5 55 1 1 0
5 56 2 1 0
5 57 10 1 0
5 58 4 1 0
5 59 10 1 0
5 60 4 1 0
5 61 10 1 0
5 62 7 1 0
5 63 9 1 0
6 0 2 1 0
6 1 7 1 0
6 2 6 1 0
6 3 8 1 0
6 4 4 1 0
6 5 2 1 0
6 6 7 1 0
6 7 5 1 0
6 8 6 1 0
6 9 9 1 0
6 10 2 1 0
6 11 3 1 0
6 12 6 1 0
6 13 5 1 0
6 14 10 1 0
6 15 1 1 0
6 16 10 1 0
6 17 9 1 0
6 18 1 1 0
6 19 1 1 0
6 20 6 1 0
6 21 8 1 0
6 22 9 1 0
6 23 6 1 0
6 24 8 1 0
6 25 7 1 0
6 26 4 1 0
6 27 1 1 0
6 28 4 1 0
6 29 8 1 0
6 30 10 1 0
6 31 6 1 0
6 32 4 1 0
6 33 8 1 0
6 34 3 1 0
6 35 7 1 -4
6 36 10 1 0
6 37 7 1 0
6 38 10 1 0
6 39 4 1 0
6 40 3 1 0
6 41 8 1 0
6 42 7 1 0
6 43 8 1 0
6 44 7 1 0
6 45 2 1 0
6 46 6 1 0
6 47 10 1 0
6 48 6 1 0
6 49 10 1 0
6 50 5 1 0
6 51 1 1 0
6 52 3 1 0
6 53 8 1 0
6 54 1 1 0
6 55 7 1 0
6 56 2 1 0
6 57 3 1 0
6 58 7 1 0
6 59 4 1 0
6 60 10 1 0
6 61 2 1 0
6 62 5 1 0
6 63 9 1 0
7 0 4 1 0
7 1 4 1 0
7 2 3 1 0
7 3 5 1 0
7 4 7 1 0
7 5 2 1 1
7 6 8 1 0
7 7 2 1 0
7 8 6 1 0
7 9 4 1 0
7 10 3 1 0
7 11 10 1 0
7 12 6 1 0
7 13 3 1 0
7 14 7 1 0
7 15 7 1 0
7 16 5 1 0
7 17 9 1 0
7 18 6 1 0
7 19 5 1 0
7 20 6 1 0
7 21 1 1 0
7 22 6 1 0
7 23 3 1 0
7 24 5 1 0
7 25 9 1 0
7 26 7 1 0
7 27 8 1 0
7 28 1 1 0
7 29 9 1 0
7 30 5 1 0
7 31 9 1 0
7 32 3 1 0
7 33 2 1 0
7 34 3 1 0
7 35 5 1 0
7 36 1 1 0
7 37 10 1 0
7 38 5 1 0
7 39 1 1 0
7 40 10 1 0
7 41 9 1 0
7 42 2 1 0
7 43 3 1 0
7 44 2 1 0
7 45 6 1 0
7 46 3 1 0
7 47 8 1 0
7 48 9 1 0
7 49 5 1 0
7 50 4 1 0
7 51 9 1 0
7 52 7 1 0
7 53 4 1 0
7 54 8 1 0
7 55 10 1 0
7 56 4 1 0
7 57 7 1 0
7 58 1 1 1
7 59 6 1 0
7 60 10 1 0
7 61 7 1 0
7 62 2 1 0
7 63 7 1 0
8 0 9 1 0
8 1 6 1 0
8 2 7 1 0
8 3 2 1 0
8 4 3 1 0
8 5 7 1 0
8 6 4 1 0
8 7 7 1 0
8 8 9 1 0
8 9 4 1 0
8 10 7 1 0
8 11 9 1 0
8 12 9 1 0
8 13 10 1 -1
8 14 8 1 0
8 15 7 1 0
8 16 1 1 0
8 17 8 1 1
8 18 5 1 0
8 19 8 1 0
8 20 3 1 0
8 21 7 1 0
8 22 8 1 0
8 23 2 1 0
8 24 7 1 0
8 25 8 1 0
8 26 2 1 0
8 27 1 1 0
8 28 7 1 0
8 29 9 1 0
8 30 5 1 1
8 31 7 1 0
8 32 6 1 0
8 33 3 1 0
8 34 3 1 0
8 35 4 1 0
8 36 4 1 0
8 37 9 1 0
8 38 2 1 0
8 39 6 1 0
8 40 5 1 0
8 41 5 1 0
8 42 3 1 0
8 43 5 1 0
8 44 6 1 0
8 45 4 1 0
8 46 10 1 0
8 47 9 1 0
8 48 7 1 0
8 49 7 1 0
8 50 6 1 0
8 51 1 1 0
8 52 9 1 0
8 53 6 1 0
8 54 6 1 0
8 55 7 1 0
8 56 10 1 0
8 57 3 1 0
8 58 2 1 0
8 59 3 1 0
8 60 5 1 0
8 61 2 1 0
8 62 3 1 0
8 63 9 1 0
9 0 3 1 0
9 1 3 1 0
9 2 4 1 0
9 3 6 1 0
9 4 9 1 0
9 5 6 1 0
9 6 2 1 0
9 7 5 1 0
9 8 4 1 0
9 9 8 1 0
9 10 3 1 0
9 11 4 1 0
9 12 1 1 0
9 13 2 1 0
9 14 7 1 0
9 15 6 1 0
9 16 10 1 0
9 17 3 1 0
9 18 5 1 0
9 19 1 1 0
9 20 8 1 0
9 21 1 1 0
9 22 9 1 0
9 23 3 1 0
9 24 1 1 0
9 25 6 1 0
9 26 3 1 0
9 27 8 1 0
9 28 3 1 0
9 29 5 1 0
9 30 3 1 0
9 31 6 1 0
9 32 6 1 0
9 33 7 1 0
9 34 6 1 0
9 35 4 1 0
9 36 2 1 0
9 37 7 1 0
9 38 10 1 0
9 39 2 1 0
9 40 5 1 0
9 41 4 1 0
9 42 7 1 0
9 43 8 1 0
9 44 4 1 0
9 45 8 1 0
9 46 1 1 0
9 47 1 1 0
9 48 7 1 0
9 49 9 1 0
9 50 10 1 0
9 51 6 1 0
9 52 10 1 0
9 53 10 1 0
9 54 6 1 0
9 55 8 1 0
9 56 2 1 0
9 57 10 1 0
9 58 2 1 0
9 59 10 1 0
9 60 6 1 0
9 61 7 1 0
9 62 8 1 0
9 63 10 1 0
10 0 7 1 0
10 1 5 1 0
10 2 8 1 0
10 3 7 1 0
10 4 5 1 0
10 5 2 1 0
10 6 6 1 0
10 7 4 1 0
10 8 9 1 0
10 9 7 1 0
10 10 3 1 0
10 11 9 1 0
10 12 3 1 0
10 13 5 1 0
10 14 9 1 0
10 15 7 1 0
10 16 4 1 0
10 17 3 1 0
10 18 8 1 0
10 19 8 1 0
10 20 9 1 0
10 21 6 1 0
10 22 4 1 0
10 23 3 1 0
10 24 7 1 0
10 25 3 1 0
10 26 4 1 -1
10 27 4 1 0
10 28 9 1 0
10 29 2 1 0
10 30 1 1 0
10 31 2 1 0
10 32 8 1 0
10 33 4 1 0
10 34 9 1 0
10 35 10 1 0
10 36 10 1 0
10 37 7 1 0
10 38 1 1 0
10 39 5 1 0
10 40 1 1 0
10 41 1 1 0
10 42 1 1 0
10 43 2 1 0
10 44 7 1 0
10 45 9 1 0
10 46 3 1 0
10 47 10 1 0
10 48 2 1 0
10 49 7 1 0
10 50 7 1 0
10 51 8 1 0
10 52 8 1 0
10 53 9 1 0
10 54 2 1 0
10 55 9 1 0
10 56 3 1 0
10 57 2 1 0
10 58 3 1 0
10 59 6 1 0
10 60 1 1 0
10 61 3 1 0
10 62 2 1 0
10 63 6 1 0
11 0 2 1 0
11 1 10 1 0
11 2 3 1 0
11 3 6 1 0
11 4 3 1 0
11 5 8 1 0
11 6 5 1 0
11 7 5 1 0
11 8 4 1 0
11 9 8 1 0
11 10 3 1 0
11 11 2 1 0
11 12 3 1 0
11 13 1 1 0
11 14 6 1 0
11 15 6 1 0
11 16 10 1 0
11 17 3 1 0
11 18 8 1 0
11 19 10 1 0
11 20 6 1 0
11 21 9 1 0
11 22 7 1 0
11 23 4 1 0
11 24 10 1 0
11 25 6 1 0
11 26 3 1 0
11 27 9 1 0
11 28 6 1 1
11 29 3 1 0
11 30 1 1 -3
11 31 5 1 0
11 32 7 1 0
11 33 7 1 0
11 34 9 1 0
11 35 5 1 0
11 36 1 1 0
11 37 1 1 0
11 38 2 1 0
11 39 10 1 0
11 40 8 1 0
11 41 5 1 0
11 42 2 1 0
11 43 10 1 0
11 44 5 1 0
11 45 2 1 0
11 46 3 1 0
11 47 8 1 0
11 48 6 1 0
11 49 3 1 0
11 50 5 1 0
11 51 2 1 0
11 52 1 1 0
11 53 1 1 0
11 54 3 1 0
11 55 7 1 0
11 56 4 1 0
11 57 2 1 0
11 58 8 1 0
11 59 2 1 0
11 60 3 1 0
11 61 6 1 0
11 62 3 1 0
11 63 2 1 0
12 0 10 1 0
12 1 8 1 0
12 2 2 1 0
12 3 5 1 0
12 4 9 1 0
12 5 9 1 0
12 6 9 1 0
12 7 10 1 0
12 8 10 1 0
12 9 8 1 0
12 10 6 1 0
12 11 5 1 0
12 12 5 1 0
12 13 3 1 0
12 14 1 1 0
12 15 7 1 0
12 16 3 1 0
12 17 3 1 0
12 18 4 1 0
12 19 6 1 0
12 20 5 1 0
12 21 5 1 0
12 22 3 1 0
12 23 9 1 0
12 24 10 1 0
12 25 9 1 0
12 26 2 1 0
12 27 8 1 0
12 28 3 1 0
12 29 9 1 0
12 30 3 1 0
12 31 5 1 0
12 32 10 1 0
12 33 6 1 0
12 34 9 1 0
12 35 3 1 0
12 36 4 1 0
12 37 4 1 0
12 38 4 1 0
12 39 2 1 0
12 40 8 1 0
12 41 5 1 0
12 42 7 1 0
12 43 7 1 0
12 44 5 1 0
12 45 6 1 0
12 46 6 1 0
12 47 3 1 0
12 48 6 1 0
12 49 1 1 0
12 50 10 1 0
12 51 5 1 0
12 52 3 1 0
12 53 9 1 0
12 54 6 1 0
12 55 4 1 0
12 56 6 1 0
12 57 6 1 0
12 58 5 1 -3
12 59 2 1 0
12 60 10 1 0
12 61 8 1 0
12 62 4 1 0
12 63 4 1 0
13 0 7 1 0
13 1 5 1 0
13 2 8 1 0
13 3 5 1 0
13 4 4 1 0
13 5 7 1 0
13 6 4 1 0
13 7 6 1 0
13 8 1 1 0
13 9 2 1 0
13 10 3 1 0
13 11 2 1 0
13 12 10 1 0
13 13 6 1 0
13 14 2 1 0
13 15 10 1 0
13 16 10 1 0
13 17 1 1 0
13 18 3 1 0
13 19 8 1 0
13 20 8 1 0
13 21 10 1 0
13 22 5 1 0
13 23 1 1 0
13 24 1 1 0
13 25 6 1 0
13 26 7 1 0
13 27 2 1 0
13 28 10 1 0
13 29 2 1 0
13 30 5 1 0
13 31 4 1 0
13 32 8 1 0
13 33 6 1 -1
13 34 3 1 0
13 35 5 1 0
13 36 3 1 0
13 37 3 1 0
13 38 5 1 0
13 39 5 1 0
13 40 3 1 0
13 41 6 1 0
13 42 7 1 0
13 43 9 1 0
13 44 8 1 0
13 45 2 1 0
13 46 7 1 0
13 47 2 1 0
13 48 6 1 0
13 49 4 1 0
13 50 8 1 0
13 51 9 1 0
13 52 10 1 0
13 53 5 1 0
13 54 1 1 0
13 55 1 1 0
13 56 7 1 0
13 57 5 1 0
13 58 10 1 0
13 59 5 1 0
13 60 2 1 0
13 61 7 1 0
13 62 1 1 0
13 63 8 1 0
14 0 4 1 0
14 1 10 1 0
14 2 5 1 0
14 3 7 1 0
14 4 5 1 0
14 5 7 1 0
14 6 5 1 0
14 7 4 1 0
14 8 2 1 0
14 9 6 1 0
14 10 4 1 0
14 11 3 1 0
14 12 1 1 0
14 13 5 1 0
14 14 9 1 0
14 15 5 1 0
14 16 7 1 0
14 17 9 1 0
14 18 4 1 0
14 19 1 1 0
14 20 5 1 0
14 21 3 1 0
14 22 10 1 0
14 23 8 1 0
14 24 10 1 0
14 25 7 1 0
14 26 9 1 0
14 27 1 1 0
14 28 9 1 0
14 29 8 1 0
14 30 2 1 0
14 31 7 1 0
14 32 1 1 0
14 33 2 1 0
14 34 4 1 0
14 35 7 1 0
14 36 7 1 0
14 37 8 1 0
14 38 1 1 0
14 39 2 1 0
14 40 7 1 0
14 41 9 1 0
14 42 9 1 0
14 43 8 1 0
14 44 7 1 0
14 45 1 1 0
14 46 5 1 0
14 47 9 1 0
14 48 9 1 0
14 49 6 1 0
14 50 9 1 0
14 51 1 1 0
14 52 9 1 0
14 53 4 1 0
14 54 2 1 0
14 55 7 1 0
14 56 6 1 0
14 57 5 1 0
14 58 4 1 0
14 59 1 1 0
14 60 5 1 0
14 61 6 1 0
14 62 7 1 0
14 63 1 1 0
15 0 1 1 0
15 1 5 1 0
15 2 1 1 0
15 3 8 1 0
15 4 9 1 0
15 5 9 1 0
15 6 8 1 0
15 7 4 1 0
15 8 6 1 0
15 9 4 1 0
15 10 6 1 0
15 11 4 1 0
15 12 9 1 0
15 13 4 1 0
15 14 5 1 0
15 15 8 1 0
15 16 2 1 0
15 17 7 1 0
15 18 5 1 0
15 19 10 1 0
15 20 5 1 0
15 21 6 1 0
15 22 2 1 0
15 23 3 1 0
15 24 10 1 0
15 25 1 1 0
15 26 4 1 0
15 27 6 1 0
15 28 2 1 0
15 29 5 1 0
15 30 6 1 0
15 31 9 1 0
15 32 4 1 0
15 33 1 1 0
15 34 10 1 0
15 35 3 1 0
15 36 6 1 0
15 37 2 1 0
15 38 1 1 0
15 39 3 1 0
15 40 1 1 0
15 41 2 1 0
15 42 1 1 0
15 43 7 1 0
15 44 3 1 0
15 45 10 1 0
15 46 7 1 0
15 47 6 1 0
15 48 3 1 0
15 49 6 1 0
15 50 10 1 0
15 51 9 1 0
15 52 4 1 0
15 53 7 1 0
15 54 6 1 0
15 55 6 1 0
15 56 4 1 0
15 57 4 1 0
15 58 1 1 0
15 59 6 1 0
15 60 2 1 0
15 61 1 1 0
15 62 4 1 0
15 63 8 1 0
16 0 7 1 0
16 1 3 1 0
16 2 1 1 0
16 3 2 1 0
16 4 9 1 0
16 5 9 1 0
16 6 1 1 0
16 7 2 1 0
16 8 2 1 0
16 9 10 1 0
16 10 5 1 0
16 11 5 1 0
16 12 5 1 0
16 13 3 1 0
16 14 4 1 0
16 15 10 1 0
16 16 1 1 0
16 17 3 1 0
16 18 10 1 0
16 19 9 1 0
16 20 7 1 0
16 21 7 1 0
16 22 10 1 0
16 23 9 1 0
16 24 8 1 0
16 25 4 1 0
16 26 5 1 0
16 27 10 1 0
16 28 2 1 0
16 29 5 1 0
16 30 2 1 0
16 31 3 1 0
16 32 4 1 0
16 33 2 1 0
16 34 2 1 0
16 35 6 1 0
16 36 4 1 0
16 37 5 1 0
16 38 6 1 0
16 39 7 1 0
16 40 7 1 0
16 41 8 1 0
16 42 7 1 0
16 43 2 1 0
16 44 1 1 0
16 45 7 1 0
16 46 9 1 0
16 47 7 1 0
16 48 4 1 0
16 49 4 1 0
16 50 1 1 0
16 51 9 1 0
16 52 4 1 0
16 53 6 1 0
16 54 8 1 0
16 55 10 1 0
16 56 5 1 0
16 57 7 1 0
16 58 7 1 0
16 59 3 1 0
16 60 6 1 0
16 61 9 1 0
16 62 4 1 0
16 63 2 1 0
17 0 2 1 0
17 1 6 1 0
17 2 7 1 0
17 3 3 1 0
17 4 3 1 1
17 5 7 1 0
17 6 5 1 0
17 7 4 1 0
17 8 8 1 0
17 9 7 1 0
17 10 6 1 0
17 11 2 1 0
17 12 2 1 0
17 13 7 1 0
17 14 1 1 0
17 15 8 1 0
17 16 7 1 0
17 17 3 1 0
17 18 9 1 0
17 19 4 1 0
17 20 5 1 0
17 21 2 1 0
17 22 4 1 0
17 23 4 1 0
17 24 6 1 0
17 25 2 1 0
17 26 7 1 0
17 27 4 1 0
17 28 9 1 0
17 29 6 1 0
17 30 1 1 0
17 31 10 1 0
17 32 1 1 0
17 33 3 1 0
17 34 2 1 0
17 35 10 1 0
17 36 6 1 0
17 37 5 1 0
17 38 9 1 0
17 39 4 1 0
17 40 1 1 0
17 41 3 1 0
17 42 1 1 0
17 43 2 1 0
17 44 3 1 0
17 45 10 1 0
17 46 1 1 0
17 47 6 1 0
17 48 1 1 0
17 49 3 1 0
17 50 10 1 0
17 51 5 1 0
17 52 2 1 0
17 53 10 1 0
17 54 4 1 0
17 55 2 1 0
17 56 8 1 0
17 57 4 1 0
17 58 10 1 0
17 59 10 1 0
17 60 2 1 0
17 61 9 1 0
17 62 5 1 0
17 63 6 1 0
18 0 4 1 0
18 1 9 1 1
18 2 3 1 0
18 3 10 1 0
18 4 10 1 0
18 5 6 1 0
18 6 5 1 0
18 7 6 1 0
18 8 4 1 0
18 9 9 1 0
18 10 4 1 0
18 11 4 1 0
18 12 1 1 0
18 13 8 1 0
18 14 8 1 0
18 15 4 1 1
18 16 6 1 0
18 17 10 1 0
18 18 9 1 0
18 19 4 1 0
18 20 4 1 0
18 21 10 1 0
18 22 4 1 0
18 23 10 1 0
18 24 6 1 0
18 25 6 1 0
18 26 3 1 0
18 27 2 1 0
18 28 3 1 0
18 29 5 1 0
18 30 10 1 0
18 31 6 1 0
18 32 1 1 0
18 33 8 1 0
18 34 9 1 0
18 35 7 1 0
18 36 10 1 0
18 37 8 1 0
18 38 9 1 0
18 39 2 1 0
18 40 10 1 0
18 41 4 1 0
18 42 6 1 0
18 43 4 1 0
18 44 9 1 0
18 45 1 1 1
18 46 6 1 0
18 47 7 1 0
18 48 3 1 0
18 49 5 1 0
18 50 4 1 0
18 51 10 1 -1
18 52 9 1 0
18 53 2 1 0
18 54 3 1 0
18 55 5 1 0
18 56 9 1 0
18 57 5 1 0
18 58 2 1 0
18 59 9 1 0
18 60 7 1 0
18 61 9 1 0
18 62 1 1 0
18 63 6 1 0
19 0 6 1 0
19 1 2 1 0
19 2 3 1 0
19 3 6 1 0
19 4 8 1 0
19 5 7 1 0
19 6 2 1 0
19 7 9 1 0
19 8 4 1 0
19 9 1 1 0
19 10 6 1 0
19 11 9 1 0
19 12 5 1 -9
19 13 6 1 0
19 14 4 1 0
19 15 10 1 0
19 16 3 1 0
19 17 2 1 0
19 18 6 1 0
19 19 8 1 1
19 20 7 1 0
19 21 10 1 0
19 22 3 1 0
19 23 3 1 0
19 24 5 1 0
19 25 8 1 0
19 26 7 1 0
19 27 4 1 0
19 28 10 1 0
19 29 6 1 0
19 30 8 1 0
19 31 9 1 0
19 32 5 1 0
19 33 10 1 0
19 34 3 1 0
19 35 5 1 0
19 36 4 1 0
19 37 2 1 0
19 38 1 1 0
19 39 1 1 0
19 40 4 1 0
19 41 1 1 0
19 42 8 1 0
19 43 10 1 0
19 44 4 1 0
19 45 6 1 0
19 46 5 1 0
19 47 8 1 0
19 48 7 1 0
19 49 8 1 0
19 50 9 1 0
19 51 2 1 0
19 52 4 1 0
19 53 4 1 0
19 54 9 1 0
19 55 5 1 0
19 56 5 1 0
19 57 10 1 0
19 58 8 1 0
19 59 3 1 0
19 60 7 1 0
19 61 9 1 0
19 62 3 1 1
19 63 9 1 0
20 0 1 1 0
20 1 8 1 0
20 2 6 1 0
20 3 1 1 0
20 4 5 1 0
20 5 9 1 0
20 6 8 1 0
20 7 6 1 0
20 8 8 1 0
20 9 7 1 0
20 10 10 1 0
20 11 9 1 0
20 12 1 1 0
20 13 2 1 0
20 14 6 1 0
20 15 10 1 0
20 16 2 1 0
20 17 3 1 0
20 18 4 1 0
20 19 7 1 0
20 20 2 1 0
20 21 8 1 0
20 22 3 1 0
20 23 9 1 0
20 24 8 1 0
20 25 4 1 0
20 26 8 1 0
20 27 9 1 0
20 28 9 1 0
20 29 1 1 0
20 30 4 1 0
20 31 5 1 0
20 32 5 1 0
20 33 6 1 0
20 34 10 1 0
20 35 9 1 0
20 36 3 1 0
20 37 2 1 0
20 38 7 1 0
20 39 10 1 0
20 40 9 1 0
20 41 6 1 0
20 42 1 1 0
20 43 8 1 0
20 44 8 1 0
20 45 2 1 0
20 46 1 1 0
20 47 7 1 0
20 48 10 1 0
20 49 10 1 0
20 50 3 1 0
20 51 2 1 0
20 52 2 1 0
20 53 5 1 0
20 54 6 1 0
20 55 5 1 0
20 56 8 1 0
20 57 10 1 0
20 58 10 1 0
20 59 4 1 0
20 60 5 1 0
20 61 8 1 0
20 62 3 1 0
20 63 9 1 0
21 0 7 1 0
21 1 6 1 0
21 2 10 1 0
21 3 7 1 0
21 4 2 1 0
21 5 8 1 0
21 6 6 1 0
21 7 10 1 0
21 8 1 1 0
21 9 2 1 0
21 10 8 1 0
21 11 10 1 0
21 12 6 1 0
21 13 10 1 0
21 14 7 1 0
21 15 3 1 0
21 16 2 1 0
21 17 2 1 0
21 18 2 1 0
21 19 5 1 0
21 20 1 1 0
21 21 2 1 0
21 22 1 1 0
21 23 9 1 0
21 24 1 1 0
21 25 1 1 -18
21 26 7 1 0
21 27 7 1 0
21 28 8 1 0
21 29 1 1 0
21 30 8 1 0
21 31 9 1 0
21 32 10 1 0
21 33 5 1 0
21 34 2 1 0
21 35 3 1 0
21 36 6 1 0
21 37 10 1 0
21 38 7 1 0
21 39 10 1 0
21 40 9 1 0
21 41 5 1 0
21 42 10 1 0
21 43 7 1 0
21 44 2 1 0
21 45 8 1 0
21 46 4 1 0
21 47 1 1 0
21 48 4 1 0
21 49 6 1 0
21 50 6 1 0
21 51 3 1 0
21 52 9 1 0
21 53 4 1 0
21 54 10 1 0
21 55 2 1 0
21 56 2 1 0
21 57 8 1 0
21 58 8 1 0
21 59 5 1 0
21 60 4 1 0
21 61 9 1 0
21 62 9 1 0
21 63 6 1 0
22 0 6 1 0
22 1 4 1 1
22 2 8 1 0
22 3 5 1 0
22 4 6 1 0
22 5 1 1 0
22 6 7 1 0
22 7 9 1 0
22 8 1 1 0
22 9 1 1 0
22 10 7 1 0
22 11 5 1 0
22 12 4 1 0
22 13 8 1 0
22 14 10 1 0
22 15 2 1 0
22 16 9 1 0
22 17 6 1 0
22 18 4 1 0
22 19 4 1 0
22 20 1 1 0
22 21 8 1 0
22 22 5 1 0
22 23 9 1 0
22 24 9 1 0
22 25 2 1 0
22 26 1 1 0
22 27 8 1 0
22 28 1 1 0
22 29 4 1 0
22 30 4 1 0
22 31 8 1 0
22 32 2 1 0
22 33 1 1 0
22 34 6 1 0
22 35 2 1 0
22 36 6 1 0
22 37 1 1 0
22 38 5 1 0
22 39 9 1 0
22 40 5 1 0
22 41 9 1 0
22 42 2 1 0
22 43 2 1 0
22 44 8 1 0
22 45 8 1 0
22 46 9 1 0
22 47 2 1 0
22 48 6 1 0
22 49 4 1 0
22 50 5 1 0
22 51 6 1 0
22 52 1 1 0
22 53 4 1 0
22 54 1 1 0
22 55 2 1 0
22 56 5 1 0
22 57 3 1 0
22 58 9 1 0
22 59 7 1 0
22 60 3 1 0
22 61 7 1 0
22 62 3 1 0
22 63 2 1 0
23 0 4 1 0
23 1 8 1 0
23 2 9 1 0
23 3 2 1 0
23 4 1 1 0
23 5 6 1 0
23 6 8 1 0
23 7 10 1 0
23 8 1 1 0
23 9 9 1 0
23 10 9 1 0
23 11 10 1 0
23 12 1 1 0
23 13 10 1 0
23 14 7 1 0
23 15 5 1 0
23 16 3 1 0
23 17 3 1 0
23 18 3 1 0
23 19 10 1 0
23 20 10 1 0
23 21 3 1 0
23 22 10 1 0
23 23 4 1 0
23 24 4 1 0
23 25 7 1 0
23 26 9 1 0
23 27 10 1 0
23 28 4 1 0
23 29 9 1 0
23 30 8 1 0
23 31 1 1 0
23 32 2 1 0
23 33 9 1 0
23 34 6 1 0
23 35 9 1 0
23 36 5 1 0
23 37 6 1 0
23 38 6 1 0
23 39 2 1 0
23 40 2 1 0
23 41 6 1 0
23 42 6 1 0
23 43 8 1 0
23 44 8 1 0
23 45 4 1 0
23 46 2 1 0
23 47 6 1 -4
23 48 8 1 0
23 49 10 1 0
23 50 5 1 0
23 51 7 1 0
23 52 10 1 0
23 53 5 1 0
23 54 5 1 0
23 55 10 1 0
23 56 6 1 0
23 57 6 1 0
23 58 3 1 0
23 59 5 1 0
23 60 8 1 1
23 61 8 1 0
23 62 3 1 0
23 63 3 1 0
24 0 2 1 0
24 1 5 1 0
24 2 3 1 0
24 3 7 1 0
24 4 5 1 0
24 5 5 1 0
24 6 10 1 0
24 7 9 1 0
24 8 1 1 0
24 9 10 1 0
24 10 6 1 0
24 11 2 1 0
24 12 7 1 0
24 13 5 1 0
24 14 6 1 0
24 15 10 1 0
24 16 4 1 0
24 17 1 1 0
24 18 1 1 0
24 19 4 1 0
24 20 9 1 0
24 21 6 1 0
24 22 5 1 0
24 23 2 1 0
24 24 3 1 0
24 25 5 1 0
24 26 5 1 0
24 27 4 1 0
24 28 9 1 0
24 29 7 1 0
24 30 5 1 0
24 31 6 1 0
24 32 3 1 0
24 33 6 1 0
24 34 9 1 0
24 35 10 1 0
24 36 7 1 0
24 37 6 1 0
24 38 1 1 0
24 39 2 1 0
24 40 2 1 0
24 41 8 1 0
24 42 1 1 0
24 43 4 1 0
24 44 7 1 0
24 45 9 1 0
24 46 1 1 0
24 47 10 1 0
24 48 9 1 0
24 49 7 1 0
24 50 4 1 0
24 51 4 1 0
24 52 10 1 0
24 53 2 1 0
24 54 5 1 0
24 55 9 1 0
24 56 5 1 0
24 57 5 1 0
24 58 8 1 0
24 59 5 1 1
24 60 5 1 0
24 61 9 1 0
24 62 8 1 0
24 63 4 1 0
25 0 4 1 0
25 1 10 1 0
25 2 4 1 0
25 3 5 1 0
25 4 8 1 0
25 5 2 1 0
25 6 4 1 0
25 7 7 1 0
25 8 5 1 0
25 9 9 1 0
25 10 5 1 0
25 11 2 1 0
25 12 9 1 0
25 13 4 1 0
25 14 1 1 0
25 15 6 1 0
25 16 6 1 0
25 17 1 1 0
25 18 3 1 0
25 19 1 1 0
25 20 9 1 0
25 21 8 1 0
25 22 4 1 0
25 23 7 1 0
25 24 4 1 0
25 25 5 1 0
25 26 8 1 0
25 27 4 1 0
25 28 2 1 0
25 29 5 1 0
25 30 7 1 0
25 31 9 1 0
25 32 2 1 0
25 33 7 1 0
25 34 4 1 0
25 35 5 1 0
25 36 6 1 0
25 37 3 1 0
25 38 6 1 0
25 39 6 1 0
25 40 6 1 0
25 41 6 1 0
25 42 6 1 0
25 43 6 1 0
25 44 2 1 0
25 45 3 1 0
25 46 1 1 0
25 47 9 1 0
25 48 2 1 0
25 49 3 1 0
25 50 2 1 0
25 51 7 1 0
25 52 5 1 0
25 53 7 1 0
25 54 8 1 0
25 55 10 1 0
25 56 8 1 0
25 57 3 1 0
25 58 5 1 0
25 59 6 1 0
25 60 8 1 0
25 61 7 1 0
25 62 3 1 0
25 63 9 1 0
26 0 8 1 0
26 1 5 1 0
26 2 7 1 0
26 3 2 1 0
26 4 4 1 0
26 5 9 1 0
26 6 3 1 0
26 7 4 1 0
26 8 2 1 -11
26 9 1 1 0
26 10 8 1 0
26 11 4 1 0
26 12 4 1 0
26 13 9 1 0
26 14 9 1 0
26 15 2 1 0
26 16 9 1 0
26 17 10 1 0
26 18 7 1 0
26 19 9 1 0
26 20 8 1 0
26 21 3 1 0
26 22 10 1 0
26 23 1 1 0
26 24 4 1 0
26 25 6 1 0
26 26 8 1 0
26 27 5 1 0
26 28 1 1 0
26 29 8 1 0
26 30 6 1 0
26 31 4 1 0
26 32 1 1 0
26 33 10 1 0
26 34 10 1 0
26 35 10 1 0
26 36 1 1 0
26 37 5 1 0
26 38 4 1 0
26 39 7 1 0
26 40 7 1 0
26 41 5 1 0
26 42 4 1 0
26 43 4 1 0
26 44 2 1 0
26 45 8 1 0
26 46 2 1 0
26 47 3 1 0
26 48 4 1 0
26 49 3 1 0
26 50 8 1 0
26 51 4 1 0
26 52 5 1 0
26 53 4 1 0
26 54 10 1 0
26 55 2 1 0
26 56 7 1 0
26 57 9 1 0
26 58 2 1 0
26 59 8 1 0
26 60 1 1 0
26 61 8 1 0
26 62 10 1 0
26 63 9 1 0
27 0 4 1 0
27 1 5 1 0
27 2 10 1 0
27 3 6 1 0
27 4 2 1 0
27 5 9 1 0
27 6 10 1 0
27 7 10 1 0
27 8 4 1 0
27 9 6 1 0
27 10 2 1 0
27 11 8 1 0
27 12 1 1 0
27 13 10 1 0
27 14 6 1 0
27 15 4 1 0
27 16 4 1 0
27 17 8 1 0
27 18 1 1 0
27 19 2 1 0
27 20 4 1 0
27 21 7 1 0
27 22 6 1 0
27 23 10 1 0
27 24 5 1 0
27 25 1 1 0
27 26 5 1 0
27 27 6 1 0
27 28 4 1 0
27 29 8 1 0
27 30 6 1 0
27 31 4 1 0
27 32 8 1 0
27 33 9 1 0
27 34 4 1 0
27 35 7 1 0
27 36 8 1 0
27 37 9 1 0
27 38 2 1 0
27 39 10 1 0
27 40 1 1 0
27 41 6 1 0
27 42 1 1 0
27 43 8 1 0
27 44 1 1 0
27 45 3 1 0
27 46 4 1 0
27 47 5 1 0
27 48 9 1 0
27 49 10 1 0
27 50 9 1 1
27 51 2 1 0
27 52 4 1 0
27 53 5 1 0
27 54 5 1 0
27 55 7 1 0
27 56 3 1 0
27 57 6 1 0
27 58 1 1 0
27 59 1 1 0
27 60 4 1 0
27 61 10 1 0
27 62 8 1 0
27 63 1 1 0
28 0 6 1 0
28 1 9 1 0
28 2 6 1 0
28 3 7 1 0
28 4 8 1 0
28 5 9 1 0
28 6 8 1 0
28 7 2 1 0
28 8 10 1 0
28 9 4 1 0
28 10 6 1 0
28 11 2 1 0
28 12 3 1 0
28 13 10 1 0
28 14 4 1 0
28 15 8 1 0
28 16 8 1 0
28 17 2 1 0
28 18 7 1 0
28 19 6 1 0
28 20 9 1 0
28 21 9 1 0
28 22 10 1 0
28 23 5 1 0
28 24 5 1 0
28 25 7 1 0
28 26 3 1 0
28 27 10 1 0
28 28 7 1 0
28 29 5 1 0
28 30 6 1 0
28 31 2 1 0
28 32 7 1 0
28 33 9 1 0
28 34 2 1 0
28 35 8 1 0
28 36 7 1 0
28 37 8 1 0
28 38 4 1 0
28 39 7 1 0
28 40 4 1 0
28 41 4 1 0
28 42 9 1 0
28 43 7 1 0
28 44 7 1 0
28 45 6 1 1
28 46 8 1 0
28 47 1 1 0
28 48 4 1 0
28 49 3 1 0
28 50 4 1 1
28 51 8 1 0
28 52 4 1 1
28 53 3 1 0
28 54 9 1 0
28 55 5 1 0
28 56 7 1 0
28 57 7 1 0
28 58 1 1 0
28 59 1 1 0
28 60 10 1 0
28 61 8 1 0
28 62 4 1 0
28 63 3 1 0
29 0 3 1 0
29 1 3 1 0
29 2 5 1 0
29 3 7 1 0
29 4 2 1 0
29 5 10 1 0
29 6 8 1 0
29 7 2 1 0
29 8 10 1 0
29 9 5 1 0
29 10 7 1 0
29 11 3 1 -8
29 12 6 1 0
29 13 5 1 0
29 14 6 1 0
29 15 2 1 0
29 16 10 1 0
29 17 3 1 0
29 18 4 1 0
29 19 4 1 0
29 20 1 1 0
29 21 4 1 0
29 22 1 1 0
29 23 5 1 0
29 24 6 1 0
29 25 9 1 0
29 26 9 1 0
29 27 5 1 0
29 28 8 1 0
29 29 3 1 0
29 30 2 1 0
29 31 8 1 0
29 32 10 1 0
29 33 6 1 0
29 34 10 1 0
29 35 2 1 0
29 36 10 1 0
29 37 2 1 0
29 38 9 1 0
29 39 2 1 0
29 40 6 1 0
29 41 7 1 0
29 42 1 1 0
29 43 9 1 0
29 44 8 1 0
29 45 1 1 0
29 46 5 1 0
29 47 4 1 0
29 48 9 1 0
29 49 4 1 0
29 50 6 1 0
29 51 2 1 0
29 52 2 1 0
29 53 8 1 0
29 54 8 1 0
29 55 3 1 0
29 56 3 1 0
29 57 8 1 0
29 58 9 1 0
29 59 7 1 0
29 60 3 1 0
29 61 5 1 0
29 62 10 1 0
29 63 7 1 0
30 0 10 1 0
30 1 4 1 0
30 2 7 1 0
30 3 10 1 0
30 4 7 1 0
30 5 8 1 0
30 6 8 1 0
30 7 4 1 0
30 8 2 1 0
30 9 7 1 0
30 10 10 1 0
30 11 8 1 0
30 12 1 1 0
30 13 10 1 -2
30 14 7 1 0
30 15 2 1 0
30 16 1 1 0
30 17 3 1 0
30 18 4 1 0
30 19 3 1 0
30 20 7 1 0
30 21 10 1 0
30 22 4 1 0
30 23 3 1 0
30 24 9 1 0
30 25 2 1 0
30 26 10 1 0
30 27 10 1 0
30 28 3 1 0
30 29 5 1 0
30 30 8 1 0
30 31 9 1 0
30 32 4 1 0
30 33 10 1 0
30 34 2 1 0
30 35 10 1 0
30 36 3 1 0
30 37 1 1 0
30 38 10 1 0
30 39 1 1 0
30 40 10 1 0
30 41 4 1 0
30 42 9 1 0
30 43 8 1 0
30 44 3 1 0
30 45 6 1 0
30 46 1 1 0
30 47 7 1 0
30 48 7 1 0
30 49 7 1 0
30 50 4 1 0
30 51 6 1 0
30 52 10 1 0
30 53 4 1 0
30 54 7 1 0
30 55 8 1 0
30 56 10 1 0
30 57 5 1 0
30 58 9 1 1
30 59 3 1 0
30 60 8 1 0
30 61 10 1 0
30 62 5 1 0
30 63 5 1 0
31 0 8 1 0
31 1 10 1 0
31 2 1 1 0
31 3 2 1 0
31 4 5 1 0
31 5 1 1 0
31 6 3 1 0
31 7 5 1 0
31 8 7 1 0
31 9 7 1 0
31 10 10 1 0
31 11 4 1 0
31 12 5 1 0
31 13 5 1 0
31 14 6 1 0
31 15 6 1 0
31 16 6 1 0
31 17 9 1 0
31 18 5 1 0
31 19 3 1 1
31 20 1 1 0
31 21 5 1 0
31 22 5 1 0
31 23 6 1 0
31 24 7 1 1
31 25 5 1 0
31 26 9 1 0
31 27 8 1 0
31 28 10 1 0
31 29 2 1 0
31 30 5 1 0
31 31 10 1 0
31 32 7 1 0
31 33 4 1 0
31 34 3 1 0
31 35 1 1 0
31 36 3 1 0
31 37 3 1 0
31 38 1 1 0
31 39 1 1 0
31 40 9 1 0
31 41 8 1 0
31 42 2 1 0
31 43 1 1 0
31 44 3 1 0
31 45 10 1 0
31 46 7 1 0
31 47 6 1 0
31 48 3 1 0
31 49 9 1 0
31 50 2 1 0
31 51 4 1 0
31 52 10 1 0
31 53 8 1 0
31 54 4 1 0
31 55 8 1 0
31 56 6 1 0
31 57 9 1 0
31 58 6 1 0
31 59 8 1 0
31 60 3 1 0
31 61 8 1 0
31 62 1 1 0
31 63 7 1 0
32 0 5 1 0
32 1 7 1 0
32 2 4 1 0
32 3 1 1 0
32 4 8 1 0
32 5 8 1 1
32 6 6 1 0
32 7 2 1 0
32 8 8 1 0
32 9 9 1 0
32 10 6 1 0
32 11 4 1 0
32 12 2 1 0
32 13 1 1 0
32 14 9 1 0
32 15 8 1 0
32 16 5 1 0
32 17 8 1 0
32 18 5 1 0
32 19 8 1 0
32 20 3 1 0
32 21 10 1 0
32 22 5 1 0
32 23 4 1 0
32 24 8 1 0
32 25 4 1 0
32 26 3 1 0
32 27 6 1 0
32 28 7 1 0
32 29 3 1 0
32 30 5 1 0
32 31 2 1 0
32 32 10 1 0
32 33 5 1 0
32 34 6 1 0
32 35 8 1 0
32 36 1 1 0
32 37 10 1 0
32 38 7 1 0
32 39 8 1 0
32 40 4 1 1
32 41 4 1 0
32 42 9 1 0
32 43 5 1 0
32 44 9 1 0
32 45 8 1 0
32 46 2 1 0
32 47 5 1 0
32 48 2 1 0
32 49 8 1 0
32 50 9 1 0
32 51 2 1 0
32 52 1 1 0
32 53 3 1 0
32 54 2 1 0
32 55 7 1 0
32 56 3 1 0
32 57 5 1 0
32 58 9 1 0
32 59 10 1 0
32 60 6 1 0
32 61 10 1 0
32 62 6 1 0
32 63 3 1 0
33 0 5 1 0
33 1 9 1 0
33 2 4 1 0
33 3 4 1 0
33 4 8 1 0
33 5 5 1 0
33 6 7 1 0
33 7 6 1 0
33 8 2 1 0
33 9 9 1 0
33 10 2 1 0
33 11 5 1 0
33 12 8 1 0
33 13 1 1 0
33 14 2 1 0
33 15 5 1 0
33 16 9 1 0
33 17 7 1 0
33 18 9 1 0
33 19 1 1 0
33 20 9 1 0
33 21 3 1 0
33 22 3 1 0
33 23 3 1 0
33 24 9 1 0
33 25 6 1 0
33 26 9 1 0
33 27 2 1 0
33 28 6 1 0
33 29 4 1 0
33 30 5 1 0
33 31 3 1 0
33 32 10 1 0
33 33 3 1 0
33 34 1 1 0
33 35 7 1 0
33 36 6 1 0
33 37 3 1 0
33 38 7 1 0
33 39 8 1 0
33 40 9 1 0
33 41 7 1 0
33 42 5 1 0
33 43 8 1 0
33 44 1 1 0
33 45 9 1 0
33 46 1 1 0
33 47 3 1 0
33 48 4 1 0
33 49 1 1 0
33 50 1 1 0
33 51 10 1 0
33 52 1 1 0
33 53 8 1 0
33 54 10 1 0
33 55 7 1 0
33 56 1 1 0
33 57 5 1 0
33 58 8 1 0
33 59 5 1 0
33 60 6 1 0
33 61 1 1 0
33 62 8 1 0
33 63 6 1 0
34 0 4 1 0
34 1 7 1 0
34 2 8 1 0
34 3 2 1 0
34 4 7 1 0
34 5 8 1 0
34 6 1 1 0
34 7 1 1 0
34 8 9 1 0
34 9 2 1 0
34 10 5 1 0
34 11 9 1 0
34 12 8 1 0
34 13 8 1 0
34 14 2 1 0
34 15 3 1 0
34 16 6 1 0
34 17 5 1 0
34 18 9 1 0
34 19 6 1 0
34 20 4 1 0
34 21 3 1 0
34 22 8 1 0
34 23 1 1 0
34 24 4 1 0
34 25 1 1 0
34 26 1 1 0
34 27 7 1 0
34 28 3 1 0
34 29 6 1 0
34 30 1 1 0
34 31 7 1 0
34 32 10 1 0
34 33 5 1 0
34 34 7 1 0
34 35 2 1 0
34 36 9 1 0
34 37 4 1 0
34 38 10 1 0
34 39 4 1 0
34 40 8 1 0
34 41 6 1 0
34 42 7 1 0
34 43 6 1 0
34 44 2 1 0
34 45 9 1 0
34 46 7 1 0
34 47 2 1 0
34 48 7 1 0
34 49 8 1 0
34 50 1 1 0
34 51 3 1 0
34 52 1 1 0
34 53 10 1 0
34 54 8 1 0
34 55 5 1 1
34 56 7 1 0
34 57 2 1 0
34 58 8 1 0
34 59 4 1 0
34 60 2 1 0
34 61 10 1 0
34 62 5 1 0
34 63 10 1 0
35 0 4 1 0
35 1 2 1 0
35 2 2 1 0
35 3 4 1 0
35 4 3 1 0
35 5 7 1 0
35 6 7 1 0
35 7 7 1 0
35 8 6 1 0
35 9 4 1 0
35 10 5 1 0
35 11 5 1 0
35 12 10 1 0
35 13 6 1 0
35 14 5 1 0
35 15 3 1 0
35 16 9 1 0
35 17 4 1 0
35 18 1 1 0
35 19 10 1 0
35 20 9 1 0
35 21 8 1 0
35 22 3 1 0
35 23 7 1 0
35 24 6 1 0
35 25 4 1 0
35 26 2 1 0
35 27 9 1 0
35 28 2 1 0
35 29 3 1 0
35 30 7 1 0
35 31 8 1 0
35 32 5 1 0
35 33 3 1 0
35 34 6 1 0
35 35 4 1 0
35 36 10 1 0
35 37 2 1 0
35 38 4 1 0
35 39 9 1 0
35 40 3 1 0
35 41 4 1 0
35 42 5 1 0
35 43 7 1 0
35 44 1 1 0
35 45 9 1 0
35 46 7 1 0
35 47 8 1 1
35 48 7 1 -1
35 49 6 1 0
35 50 9 1 0
35 51 8 1 0
35 52 10 1 0
35 53 2 1 1
35 54 7 1 0
35 55 6 1 0
35 56 6 1 0
35 57 7 1 0
35 58 4 1 0
35 59 9 1 0
35 60 3 1 0
35 61 6 1 0
35 62 3 1 0
35 63 2 1 0
36 0 5 1 0
36 1 3 1 0
36 2 6 1 0
36 3 1 1 0
36 4 5 1 0
36 5 3 1 0
36 6 2 1 0
36 7 8 1 0
36 8 9 1 0
36 9 8 1 0
36 10 10 1 0
36 11 10 1 0
36 12 2 1 0
36 13 5 1 0
36 14 4 1 0
36 15 7 1 0
36 16 2 1 0
36 17 10 1 0
36 18 1 1 0
36 19 3 1 0
36 20 1 1 0
36 21 8 1 0
36 22 7 1 0
36 23 4 1 0
36 24 8 1 0
36 25 8 1 0
36 26 4 1 0
36 27 4 1 0
36 28 4 1 0
36 29 5 1 0
36 30 2 1 1
36 31 5 1 0
36 32 5 1 0
36 33 5 1 0
36 34 2 1 0
36 35 10 1 0
36 36 5 1 0
36 37 8 1 0
36 38 6 1 0
36 39 7 1 0
36 40 5 1 0
36 41 1 1 0
36 42 5 1 0
36 43 1 1 0
36 44 1 1 0
36 45 9 1 0
36 46 10 1 0
36 47 8 1 0
36 48 10 1 0
36 49 10 1 0
36 50 2 1 0
36 51 7 1 0
36 52 7 1 0
36 53 5 1 0
36 54 6 1 0
36 55 4 1 0
36 56 8 1 0
36 57 1 1 0
36 58 8 1 0
36 59 8 1 0
36 60 6 1 0
36 61 3 1 0
36 62 7 1 0
36 63 1 1 0
37 0 9 1 0
37 1 2 1 0
37 2 7 1 0
37 3 1 1 0
37 4 6 1 0
37 5 7 1 0
37 6 7 1 0
37 7 3 1 0
37 8 1 1 0
37 9 1 1 0
37 10 4 1 -5
37 11 8 1 0
37 12 7 1 0
37 13 6 1 0
37 14 7 1 0
37 15 8 1 0
37 16 3 1 0
37 17 9 1 0
37 18 1 1 0
37 19 5 1 0
37 20 9 1 0
37 21 5 1 0
37 22 6 1 0
37 23 6 1 0
37 24 2 1 0
37 25 7 1 0
37 26 9 1 0
37 27 3 1 0
37 28 1 1 0
37 29 5 1 0
37 30 2 1 0
37 31 7 1 0
37 32 7 1 0
37 33 6 1 0
37 34 8 1 0
37 35 3 1 0
37 36 9 1 0
37 37 6 1 0
37 38 9 1 0
37 39 3 1 0
37 40 5 1 0
37 41 5 1 0
37 42 3 1 0
37 43 5 1 0
37 44 8 1 0
37 45 9 1 0
37 46 6 1 0
37 47 6 1 0
37 48 1 1 0
37 49 8 1 0
37 50 5 1 0
37 51 2 1 0
37 52 1 1 0
37 53 4 1 0
37 54 7 1 0
37 55 7 1 0
37 56 6 1 0
37 57 5 1 0
37 58 3 1 0
37 59 10 1 0
37 60 2 1 0
37 61 1 1 0
37 62 5 1 0
37 63 2 1 0
38 0 2 1 0
38 1 7 1 0
38 2 7 1 0
38 3 9 1 0
38 4 7 1 0
38 5 10 1 0
38 6 3 1 0
38 7 2 1 -8
38 8 1 1 0
38 9 10 1 0
38 10 6 1 0
38 11 10 1 0
38 12 10 1 0
38 13 9 1 0
38 14 9 1 0
38 15 5 1 0
38 16 10 1 0
38 17 9 1 0
38 18 6 1 0
38 19 5 1 0
38 20 4 1 0
38 21 3 1 0
38 22 6 1 0
38 23 9 1 0
38 24 1 1 0
38 25 1 1 0
38 26 10 1 0
38 27 10 1 0
38 28 4 1 0
38 29 5 1 0
38 30 7 1 0
38 31 5 1 0
38 32 9 1 0
38 33 2 1 0
38 34 7 1 0
38 35 3 1 0
38 36 3 1 0
38 37 3 1 0
38 38 10 1 0
38 39 2 1 0
38 40 5 1 0
38 41 3 1 0
38 42 8 1 0
38 43 7 1 0
38 44 8 1 0
38 45 9 1 0
38 46 4 1 0
38 47 1 1 0
38 48 6 1 0
38 49 4 1 0
38 50 6 1 0
38 51 3 1 0
38 52 2 1 0
38 53 3 1 0
38 54 10 1 0
38 55 3 1 0
38 56 9 1 0
38 57 6 1 0
38 58 7 1 0
38 59 3 1 0
38 60 10 1 0
38 61 2 1 0
38 62 4 1 3
38 63 4 1 0
39 0 2 1 0
39 1 3 1 0
39 2 8 1 0
39 3 10 1 0
39 4 4 1 0
39 5 2 1 0
39 6 4 1 0
39 7 9 1 0
39 8 9 1 0
39 9 5 1 0
39 10 8 1 0
39 11 2 1 0
39 12 9 1 0
39 13 2 1 0
39 14 10 1 0
39 15 3 1 0
39 16 7 1 0
39 17 2 1 0
39 18 4 1 0
39 19 5 1 0
39 20 4 1 0
39 21 1 1 0
39 22 6 1 0
39 23 6 1 0
39 24 1 1 0
39 25 9 1 0
39 26 4 1 0
39 27 10 1 0
39 28 1 1 0
39 29 6 1 0
39 30 8 1 0
39 31 7 1 0
39 32 3 1 0
39 33 9 1 0
39 34 10 1 0
39 35 9 1 0
39 36 3 1 0
39 37 6 1 0
39 38 9 1 0
39 39 2 1 0
39 40 2 1 0
39 41 2 1 0
39 42 3 1 0
39 43 8 1 0
39 44 2 1 0
39 45 5 1 0
39 46 2 1 0
39 47 1 1 0
39 48 3 1 0
39 49 10 1 0
39 50 8 1 0
39 51 10 1 0
39 52 3 1 0
39 53 2 1 0
39 54 8 1 0
39 55 10 1 0
39 56 7 1 0
39 57 9 1 0
39 58 1 1 0
39 59 3 1 0
39 60 3 1 0
39 61 2 1 -4
39 62 6 1 0
39 63 8 1 0
40 0 9 1 0
40 1 10 1 0
40 2 10 1 0
40 3 7 1 0
40 4 6 1 0
40 5 6 1 0
40 6 5 1 0
40 7 3 1 0
40 8 10 1 0
40 9 1 1 0
40 10 8 1 0
40 11 5 1 0
40 12 6 1 0
40 13 6 1 0
40 14 6 1 0
40 15 7 1 0
40 16 3 1 0
40 17 9 1 0
40 18 10 1 0
40 19 2 1 0
40 20 8 1 0
40 21 10 1 0
40 22 5 1 0
40 23 9 1 0
40 24 9 1 0
40 25 10 1 0
40 26 10 1 0
40 27 6 1 1
40 28 9 1 0
40 29 2 1 0
40 30 7 1 0
40 31 1 1 0
40 32 2 1 0
40 33 7 1 0
40 34 8 1 0
40 35 3 1 0
40 36 1 1 0
40 37 6 1 0
40 38 2 1 0
40 39 1 1 0
40 40 6 1 0
40 41 9 1 0
40 42 3 1 0
40 43 6 1 0
40 44 10 1 0
40 45 10 1 0
40 46 8 1 0
40 47 5 1 0
40 48 2 1 0
40 49 5 1 1
40 50 1 1 0
40 51 8 1 0
40 52 4 1 0
40 53 8 1 0
40 54 3 1 0
40 55 1 1 0
40 56 1 1 -3
40 57 7 1 0
40 58 4 1 0
40 59 4 1 0
40 60 10 1 0
40 61 8 1 0
40 62 1 1 0
40 63 7 1 0
41 0 10 1 0
41 1 10 1 0
41 2 8 1 0
41 3 1 1 0
41 4 3 1 0
41 5 10 1 0
41 6 10 1 0
41 7 5 1 0
41 8 8 1 0
41 9 10 1 0
41 10 3 1 0
41 11 5 1 0
41 12 9 1 0
41 13 3 1 0
41 14 9 1 0
41 15 5 1 0
41 16 4 1 0
41 17 9 1 0
41 18 10 1 0
41 19 6 1 -1
41 20 7 1 0
41 21 4 1 0
41 22 5 1 0
41 23 2 1 0
41 24 4 1 0
41 25 3 1 0
41 26 2 1 0
41 27 6 1 0
41 28 2 1 0
41 29 2 1 0
41 30 9 1 0
41 31 8 1 0
41 32 2 1 0
41 33 8 1 0
41 34 5 1 0
41 35 3 1 0
41 36 1 1 0
41 37 5 1 0
41 38 5 1 0
41 39 1 1 0
41 40 3 1 0
41 41 5 1 0
41 42 5 1 0
41 43 6 1 0
41 44 4 1 0
41 45 1 1 0
41 46 9 1 0
41 47 3 1 0
41 48 8 1 0
41 49 9 1 0
41 50 1 1 0
41 51 5 1 0
41 52 2 1 0
41 53 7 1 0
41 54 9 1 0
41 55 2 1 0
41 56 6 1 0
41 57 4 1 0
41 58 4 1 0
41 59 2 1 0
41 60 7 1 0
41 61 5 1 0
41 62 4 1 0
41 63 10 1 0
42 0 3 1 0
42 1 5 1 0
42 2 6 1 0
42 3 2 1 0
42 4 8 1 0
42 5 6 1 0
42 6 3 1 0
42 7 5 1 0
42 8 7 1 0
42 9 1 1 0
42 10 3 1 0
42 11 10 1 0
42 12 8 1 0
42 13 7 1 0
42 14 8 1 0
42 15 9 1 0
42 16 4 1 0
42 17 6 1 0
42 18 5 1 0
42 19 6 1 0
42 20 9 1 0
42 21 1 1 0
42 22 2 1 0
42 23 8 1 0
42 24 3 1 0
42 25 8 1 0
42 26 1 1 0
42 27 8 1 0
42 28 3 1 0
42 29 4 1 0
42 30 9 1 0
42 31 1 1 0
42 32 8 1 0
42 33 8 1 0
42 34 7 1 0
42 35 10 1 0
42 36 8 1 0
42 37 10 1 0
42 38 2 1 0
42 39 2 1 0
42 40 1 1 0
42 41 4 1 0
42 42 6 1 0
42 43 8 1 0
42 44 10 1 0
42 45 8 1 0
42 46 8 1 0
42 47 6 1 0
42 48 8 1 0
42 49 9 1 0
42 50 8 1 0
42 51 9 1 0
42 52 10 1 0
42 53 2 1 0
42 54 4 1 0
42 55 7 1 0
42 56 6 1 0
42 57 9 1 0
42 58 8 1 0
42 59 7 1 0
42 60 2 1 0
42 61 1 1 0
42 62 9 1 0
42 63 6 1 0
43 0 7 1 0
43 1 10 1 0
43 2 10 1 0
43 3 8 1 0
43 4 8 1 0
43 5 9 1 0
43 6 7 1 0
43 7 9 1 0
43 8 2 1 0
43 9 8 1 0
43 10 1 1 0
43 11 10 1 0
43 12 1 1 0
43 13 10 1 0
43 14 8 1 -3
43 15 6 1 0
43 16 7 1 0
43 17 6 1 0
43 18 10 1 0
43 19 5 1 1
43 20 5 1 0
43 21 8 1 0
43 22 7 1 0
43 23 10 1 0
43 24 1 1 0
43 25 1 1 0
43 26 5 1 0
43 27 5 1 0
43 28 10 1 0
43 29 9 1 0
43 30 4 1 0
43 31 5 1 0
43 32 9 1 0
43 33 9 1 0
43 34 9 1 0
43 35 10 1 0
43 36 6 1 0
43 37 4 1 0
43 38 8 1 0
43 39 10 1 0
43 40 4 1 0
43 41 7 1 0
43 42 8 1 0
43 43 6 1 0
43 44 6 1 0
43 45 4 1 0
43 46 3 1 0
43 47 4 1 0
43 48 2 1 0
43 49 1 1 0
43 50 6 1 0
43 51 2 1 0
43 52 5 1 0
43 53 5 1 0
43 54 7 1 0
43 55 4 1 0
43 56 8 1 0
43 57 5 1 0
43 58 3 1 0
43 59 3 1 0
43 60 4 1 0
43 61 4 1 0
43 62 6 1 0
43 63 1 1 0
44 0 2 1 0
44 1 3 1 0
44 2 1 1 0
44 3 1 1 0
44 4 8 1 0
44 5 1 1 0
44 6 2 1 0
44 7 1 1 0
44 8 10 1 0
44 9 5 1 0
44 10 10 1 0
44 11 2 1 0
44 12 6 1 0
44 13 5 1 0
44 14 6 1 0
44 15 10 1 0
44 16 4 1 0
44 17 3 1 0
44 18 10 1 0
44 19 4 1 0
44 20 8 1 0
44 21 3 1 0
44 22 4 1 0
44 23 1 1 0
44 24 6 1 0
44 25 7 1 0
44 26 10 1 0
44 27 2 1 0
44 28 8 1 0
44 29 1 1 0
44 30 8 1 0
44 31 4 1 0
44 32 1 1 0
44 33 5 1 -2
44 34 6 1 0
44 35 7 1 0
44 36 1 1 0
44 37 1 1 0
44 38 3 1 0
44 39 7 1 0
44 40 8 1 0
44 41 10 1 0
44 42 4 1 1
44 43 1 1 0
44 44 6 1 -5
44 45 5 1 0
44 46 3 1 0
44 47 5 1 0
44 48 7 1 0
44 49 3 1 0
44 50 10 1 0
44 51 6 1 -2
44 52 7 1 0
44 53 3 1 0
44 54 9 1 0
44 55 5 1 0
44 56 9 1 0
44 57 4 1 0
44 58 2 1 0
44 59 9 1 0
44 60 8 1 0
44 61 7 1 0
44 62 2 1 0
44 63 1 1 0
45 0 9 1 0
45 1 8 1 0
45 2 2 1 0
45 3 8 1 0
45 4 5 1 0
45 5 6 1 0
45 6 4 1 0
45 7 7 1 0
45 8 3 1 0
45 9 7 1 0
45 10 7 1 0
45 11 9 1 0
45 12 1 1 0
45 13 8 1 0
45 14 8 1 0
45 15 8 1 0
45 16 5 1 0
45 17 8 1 0
45 18 5 1 0
45 19 6 1 0
45 20 3 1 0
45 21 7 1 0
45 22 9 1 0
45 23 2 1 0
45 24 2 1 0
45 25 2 1 0
45 26 4 1 0
45 27 4 1 0
45 28 4 1 0
45 29 7 1 0
45 30 5 1 0
45 31 7 1 0
45 32 3 1 0
45 33 8 1 0
45 34 10 1 0
45 35 7 1 0
45 36 3 1 0
45 37 3 1 0
45 38 7 1 0
45 39 8 1 0
45 40 4 1 0
45 41 3 1 0
45 42 8 1 0
45 43 4 1 0
45 44 6 1 0
45 45 5 1 0
45 46 2 1 0
45 47 2 1 0
45 48 9 1 0
45 49 10 1 0
45 50 8 1 0
45 51 5 1 0
45 52 9 1 -3
45 53 7 1 0
45 54 3 1 0
45 55 8 1 0
45 56 3 1 0
45 57 10 1 0
45 58 8 1 0
45 59 3 1 0
45 60 9 1 0
45 61 1 1 0
45 62 5 1 0
45 63 2 1 0
46 0 4 1 0
46 1 7 1 0
46 2 8 1 0
46 3 4 1 0
46 4 5 1 0
46 5 10 1 0
46 6 1 1 0
46 7 4 1 0
46 8 2 1 0
46 9 1 1 0
46 10 1 1 0
46 11 3 1 0
46 12 6 1 1
46 13 1 1 0
46 14 3 1 0
46 15 3 1 0
46 16 4 1 0
46 17 4 1 0
46 18 7 1 0
46 19 6 1 0
46 20 4 1 0
46 21 6 1 0
46 22 7 1 0
46 23 1 1 0
46 24 9 1 0
46 25 1 1 0
46 26 9 1 0
46 27 2 1 0
46 28 4 1 0
46 29 5 1 0
46 30 7 1 0
46 31 1 1 0
46 32 6 1 0
46 33 2 1 0
46 34 3 1 0
46 35 1 1 0
46 36 6 1 0
46 37 10 1 0
46 38 1 1 0
46 39 4 1 0
46 40 1 1 0
46 41 10 1 0
46 42 2 1 0
46 43 9 1 0
46 44 10 1 0
46 45 4 1 0
46 46 3 1 0
46 47 4 1 0
46 48 1 1 0
46 49 5 1 0
46 50 2 1 0
46 51 10 1 0
46 52 2 1 0
46 53 8 1 0
46 54 6 1 0
46 55 9 1 0
46 56 5 1 0
46 57 10 1 0
46 58 5 1 0
46 59 6 1 0
46 60 10 1 0
46 61 7 1 0
46 62 8 1 0
46 63 6 1 0
47 0 5 1 0
47 1 3 1 0
47 2 10 1 0
47 3 3 1 0
47 4 7 1 0
47 5 8 1 0
47 6 9 1 0
47 7 8 1 0
47 8 9 1 0
47 9 6 1 0
47 10 8 1 0
47 11 10 1 0
47 12 8 1 0
47 13 8 1 0
47 14 2 1 0
47 15 3 1 0
47 16 3 1 0
47 17 3 1 0
47 18 2 1 0
47 19 10 1 0
47 20 8 1 0
47 21 8 1 0
47 22 7 1 0
47 23 8 1 0
47 24 9 1 0
47 25 2 1 0
47 26 6 1 0
47 27 3 1 0
47 28 7 1 0
47 29 1 1 0
47 30 1 1 0
47 31 4 1 0
47 32 5 1 0
47 33 9 1 0
47 34 5 1 0
47 35 4 1 0
47 36 8 1 0
47 37 5 1 0
47 38 3 1 0
47 39 6 1 0
47 40 7 1 0
47 41 9 1 0
47 42 4 1 0
47 43 4 1 0
47 44 10 1 0
47 45 1 1 0
47 46 5 1 0
47 47 9 1 0
47 48 8 1 0
47 49 2 1 0
47 50 8 1 0
47 51 9 1 0
47 52 1 1 0
47 53 9 1 0
47 54 10 1 0
47 55 6 1 0
47 56 4 1 0
47 57 3 1 0
47 58 9 1 0
47 59 10 1 0
47 60 2 1 1
47 61 3 1 0
47 62 2 1 0
47 63 10 1 0
48 0 7 1 0
48 1 9 1 0
48 2 2 1 0
48 3 2 1 0
48 4 10 1 0
48 5 7 1 0
48 6 2 1 0
48 7 5 1 0
48 8 6 1 0
48 9 1 1 0
48 10 5 1 0
48 11 10 1 0
48 12 2 1 0
48 13 7 1 0
48 14 7 1 0
48 15 8 1 0
48 16 3 1 0
48 17 2 1 0
48 18 9 1 0
48 19 9 1 0
48 20 5 1 0
48 21 4 1 0
48 22 4 1 0
48 23 3 1 0
48 24 7 1 0
48 25 5 1 0
48 26 2 1 0
48 27 2 1 0
48 28 1 1 0
48 29 6 1 0
48 30 7 1 0
48 31 7 1 0
48 32 7 1 0
48 33 6 1 0
48 34 6 1 0
48 35 3 1 0
48 36 3 1 0
48 37 5 1 0
48 38 10 1 0
48 39 8 1 0
48 40 6 1 0
48 41 6 1 0
48 42 8 1 0
48 43 8 1 0
48 44 8 1 0
48 45 1 1 0
48 46 4 1 0
48 47 3 1 0
48 48 4 1 0
48 49 3 1 0
48 50 8 1 0
48 51 7 1 0
48 52 2 1 0
48 53 10 1 0
48 54 3 1 0
48 55 4 1 0
48 56 4 1 0
48 57 1 1 0
48 58 10 1 0
48 59 5 1 0
48 60 9 1 0
48 61 9 1 0
48 62 8 1 0
48 63 6 1 0
49 0 6 1 0
49 1 9 1 0
49 2 7 1 0
49 3 6 1 0
49 4 8 1 0
49 5 7 1 0
49 6 8 1 0
49 7 8 1 0
49 8 3 1 0
49 9 8 1 0
49 10 9 1 0
49 11 2 1 0
49 12 6 1 1
49 13 3 1 0
49 14 10 1 0
49 15 6 1 0
49 16 7 1 0
49 17 4 1 0
49 18 3 1 0
49 19 6 1 0
49 20 6 1 0
49 21 10 1 0
49 22 7 1 0
49 23 8 1 0
49 24 6 1 0
49 25 5 1 0
49 26 1 1 0
49 27 5 1 1
49 28 6 1 0
49 29 7 1 0
49 30 2 1 0
49 31 10 1 0
49 32 3 1 0
49 33 2 1 0
49 34 3 1 0
49 35 4 1 0
49 36 9 1 0
49 37 3 1 0
49 38 5 1 0
49 39 10 1 0
49 40 1 1 0
49 41 9 1 0
49 42 8 1 0
49 43 9 1 0
49 44 1 1 0
49 45 7 1 0
49 46 5 1 0
49 47 8 1 0
49 48 10 1 0
49 49 10 1 0
49 50 6 1 0
49 51 2 1 0
49 52 4 1 0
49 53 5 1 0
49 54 7 1 0
49 55 7 1 0
49 56 10 1 0
49 57 6 1 0
49 58 5 1 0
49 59 3 1 0
49 60 5 1 0
49 61 5 1 0
49 62 8 1 0
49 63 6 1 0
50 0 5 1 0
50 1 1 1 0
50 2 1 1 0
50 3 6 1 0
50 4 4 1 0
50 5 3 1 0
50 6 6 1 0
50 7 9 1 0
50 8 8 1 0
50 9 3 1 0
50 10 5 1 0
50 11 7 1 -2
50 12 2 1 0
50 13 4 1 0
50 14 6 1 0
50 15 9 1 0
50 16 2 1 0
50 17 8 1 0
50 18 3 1 0
50 19 10 1 0
50 20 7 1 0
50 21 9 1 0
50 22 9 1 0
50 23 5 1 0
50 24 6 1 0
50 25 9 1 0
50 26 3 1 0
50 27 2 1 0
50 28 10 1 0
50 29 5 1 0
50 30 5 1 0
50 31 1 1 0
50 32 9 1 0
50 33 8 1 0
50 34 1 1 0
50 35 9 1 0
50 36 7 1 0
50 37 8 1 0
50 38 10 1 0
50 39 5 1 0
50 40 3 1 0
50 41 2 1 0
50 42 2 1 -468
50 43 10 1 0
50 44 9 1 0
50 45 8 1 0
50 46 10 1 0
50 47 10 1 0
50 48 8 1 0
50 49 8 1 0
50 50 1 1 0
50 51 10 1 0
50 52 2 1 0
50 53 6 1 0
50 54 9 1 0
50 55 5 1 0
50 56 8 1 0
50 57 9 1 0
50 58 8 1 0
50 59 4 1 0
50 60 3 1 0
50 61 10 1 0
50 62 7 1 0
50 63 1 1 0
51 0 3 1 0
51 1 6 1 0
51 2 7 1 0
51 3 10 1 0
51 4 6 1 0
51 5 4 1 0
51 6 4 1 0
51 7 4 1 0
51 8 1 1 0
51 9 3 1 0
51 10 6 1 0
51 11 10 1 0
51 12 3 1 0
51 13 2 1 0
51 14 8 1 0
51 15 7 1 0
51 16 4 1 0
51 17 8 1 0
51 18 4 1 0
51 19 1 1 0
51 20 2 1 0
51 21 10 1 0
51 22 10 1 1
51 23 8 1 0
51 24 10 1 0
51 25 1 1 0
51 26 7 1 0
51 27 2 1 0
51 28 7 1 0
51 29 8 1 0
51 30 6 1 0
51 31 2 1 0
51 32 2 1 0
51 33 1 1 0
51 34 4 1 0
51 35 8 1 0
51 36 10 1 0
51 37 4 1 0
51 38 2 1 0
51 39 9 1 0
51 40 7 1 0
51 41 8 1 0
51 42 4 1 0
51 43 8 1 0
51 44 9 1 1
51 45 5 1 0
51 46 3 1 0
51 47 1 1 0
51 48 10 1 0
51 49 8 1 0
51 50 10 1 0
51 51 7 1 0
51 52 2 1 0
51 53 1 1 0
51 54 8 1 0
51 55 2 1 0
51 56 1 1 0
51 57 6 1 -1
51 58 3 1 0
51 59 4 1 0
51 60 3 1 0
51 61 4 1 0
51 62 8 1 0
51 63 8 1 0
52 0 9 1 0
52 1 10 1 0
52 2 6 1 0
52 3 6 1 0
52 4 2 1 0
52 5 2 1 0
52 6 7 1 0
52 7 10 1 0
52 8 5 1 0
52 9 1 1 0
52 10 9 1 0
52 11 10 1 0
52 12 7 1 0
52 13 6 1 0
52 14 3 1 0
52 15 9 1 0
52 16 7 1 0
52 17 8 1 0
52 18 2 1 0
52 19 4 1 0
52 20 9 1 0
52 21 9 1 0
52 22 1 1 0
52 23 9 1 0
52 24 1 1 -1
52 25 7 1 0
52 26 2 1 0
52 27 4 1 0
52 28 3 1 0
52 29 3 1 0
52 30 10 1 0
52 31 5 1 0
52 32 5 1 0
52 33 9 1 0
52 34 7 1 0
52 35 1 1 0
52 36 3 1 0
52 37 5 1 0
52 38 3 1 0
52 39 6 1 0
52 40 10 1 0
52 41 4 1 0
52 42 4 1 0
52 43 1 1 0
52 44 2 1 -2
52 45 8 1 0
52 46 9 1 0
52 47 6 1 0
52 48 1 1 0
52 49 5 1 0
52 50 8 1 0
52 51 5 1 0
52 52 3 1 0
52 53 5 1 0
52 54 6 1 0
52 55 3 1 0
52 56 8 1 0
52 57 6 1 0
52 58 1 1 0
52 59 9 1 0
52 60 1 1 0
52 61 4 1 0
52 62 1 1 0
52 63 10 1 0
53 0 7 1 0
53 1 3 1 0
53 2 3 1 0
53 3 1 1 0
53 4 9 1 0
53 5 6 1 0
53 6 4 1 0
53 7 2 1 0
53 8 9 1 0
53 9 8 1 0
53 10 6 1 0
53 11 2 1 0
53 12 10 1 0
53 13 6 1 0
53 14 2 1 0
53 15 3 1 0
53 16 9 1 0
53 17 3 1 0
53 18 9 1 0
53 19 6 1 0
53 20 5 1 0
53 21 2 1 0
53 22 4 1 1
53 23 2 1 0
53 24 7 1 0
53 25 6 1 0
53 26 3 1 0
53 27 2 1 0
53 28 4 1 0
53 29 1 1 0
53 30 8 1 0
53 31 9 1 0
53 32 7 1 0
53 33 6 1 0
53 34 1 1 0
53 35 7 1 0
53 36 2 1 0
53 37 1 1 0
53 38 3 1 1
53 39 7 1 0
53 40 10 1 0
53 41 8 1 0
53 42 8 1 0
53 43 2 1 0
53 44 5 1 0
53 45 6 1 0
53 46 2 1 0
53 47 10 1 0
53 48 8 1 0
53 49 4 1 0
53 50 9 1 0
53 51 4 1 0
53 52 2 1 0
53 53 5 1 0
53 54 5 1 0
53 55 9 1 0
53 56 5 1 0
53 57 3 1 0
53 58 5 1 0
53 59 3 1 0
53 60 9 1 0
53 61 4 1 0
53 62 6 1 1
53 63 7 1 0
54 0 6 1 0
54 1 10 1 0
54 2 9 1 0
54 3 8 1 0
54 4 4 1 0
54 5 1 1 0
54 6 7 1 0
54 7 8 1 0
54 8 6 1 0
54 9 6 1 0
54 10 4 1 0
54 11 8 1 0
54 12 8 1 0
54 13 5 1 0
54 14 4 1 0
54 15 3 1 0
54 16 5 1 0
54 17 9 1 0
54 18 6 1 0
54 19 8 1 0
54 20 2 1 0
54 21 10 1 0
54 22 8 1 0
54 23 2 1 0
54 24 8 1 0
54 25 9 1 0
54 26 6 1 0
54 27 4 1 0
54 28 5 1 0
54 29 7 1 0
54 30 9 1 0
54 31 7 1 0
54 32 6 1 0
54 33 6 1 0
54 34 4 1 0
54 35 10 1 0
54 36 9 1 0
54 37 7 1 0
54 38 9 1 0
54 39 9 1 0
54 40 5 1 0
54 41 6 1 0
54 42 8 1 0
54 43 7 1 0
54 44 6 1 0
54 45 8 1 0
54 46 2 1 0
54 47 5 1 0
54 48 6 1 0
54 49 4 1 0
54 50 8 1 0
54 51 3 1 0
54 52 8 1 0
54 53 3 1 0
54 54 6 1 0
54 55 3 1 0
54 56 7 1 0
54 57 4 1 0
54 58 8 1 0
54 59 6 1 0
54 60 8 1 0
54 61 10 1 0
54 62 1 1 1
54 63 5 1 0
55 0 1 1 0
55 1 2 1 0
55 2 4 1 0
55 3 5 1 0
55 4 8 1 0
55 5 3 1 0
55 6 7 1 0
55 7 2 1 0
55 8 2 1 0
55 9 8 1 0
55 10 5 1 0
55 11 2 1 0
55 12 9 1 0
55 13 10 1 0
55 14 9 1 0
55 15 10 1 0
55 16 2 1 0
55 17 6 1 1
55 18 10 1 0
55 19 8 1 0
55 20 2 1 0
55 21 3 1 0
55 22 7 1 0
55 23 8 1 0
55 24 6 1 0
55 25 6 1 0
55 26 1 1 0
55 27 8 1 0
55 28 8 1 0
55 29 7 1 1
55 30 10 1 0
55 31 9 1 0
55 32 3 1 0
55 33 4 1 0
55 34 10 1 0
55 35 2 1 0
55 36 5 1 0
55 37 6 1 0
55 38 9 1 0
55 39 7 1 0
55 40 5 1 0
55 41 8 1 0
55 42 2 1 0
55 43 9 1 0
55 44 10 1 0
55 45 3 1 0
55 46 9 1 0
55 47 2 1 0
55 48 10 1 0
55 49 7 1 0
55 50 1 1 0
55 51 5 1 0
55 52 10 1 0
55 53 6 1 0
55 54 5 1 0
55 55 6 1 0
55 56 3 1 0
55 57 2 1 0
55 58 7 1 0
55 59 6 1 0
55 60 10 1 0
55 61 10 1 0
55 62 10 1 0
55 63 6 1 0
56 0 9 1 0
56 1 3 1 0
56 2 1 1 0
56 3 8 1 0
56 4 9 1 0
56 5 6 1 0
56 6 7 1 0
56 7 7 1 0
56 8 6 1 0
56 9 6 1 0
56 10 1 1 0
56 11 3 1 0
56 12 5 1 0
56 13 7 1 0
56 14 5 1 0
56 15 4 1 0
56 16 5 1 0
56 17 4 1 0
56 18 6 1 0
56 19 3 1 0
56 20 3 1 0
56 21 10 1 0
56 22 3 1 0
56 23 4 1 0
56 24 3 1 0
56 25 7 1 1
56 26 4 1 0
56 27 8 1 0
56 28 5 1 0
56 29 2 1 0
56 30 9 1 0
56 31 10 1 0
56 32 4 1 0
56 33 9 1 0
56 34 1 1 0
56 35 1 1 0
56 36 6 1 0
56 37 5 1 0
56 38 8 1 0
56 39 5 1 0
56 40 9 1 0
56 41 9 1 0
56 42 4 1 0
56 43 7 1 0
56 44 1 1 0
56 45 10 1 0
56 46 5 1 0
56 47 2 1 0
56 48 10 1 0
56 49 6 1 0
56 50 2 1 0
56 51 6 1 0
56 52 3 1 0
56 53 2 1 0
56 54 7 1 0
56 55 1 1 0
56 56 7 1 0
56 57 7 1 0
56 58 10 1 0
56 59 9 1 0
56 60 7 1 0
56 61 4 1 0
56 62 6 1 0
56 63 5 1 0
57 0 8 1 0
57 1 7 1 0
57 2 4 1 0
57 3 5 1 0
57 4 3 1 0
57 5 10 1 0
57 6 5 1 0
57 7 9 1 0
57 8 5 1 -2
57 9 2 1 0
57 10 7 1 0
57 11 10 1 0
57 12 10 1 0
57 13 7 1 0
57 14 2 1 0
57 15 3 1 0
57 16 5 1 0
57 17 1 1 0
57 18 10 1 0
57 19 10 1 0
57 20 6 1 0
57 21 1 1 0
57 22 1 1 0
57 23 7 1 0
57 24 10 1 0
57 25 1 1 0
57 26 4 1 0
57 27 8 1 0
57 28 6 1 0
57 29 5 1 0
57 30 4 1 0
57 31 6 1 0
57 32 4 1 0
57 33 2 1 0
57 34 10 1 0
57 35 5 1 0
57 36 6 1 0
57 37 1 1 0
57 38 9 1 0
57 39 4 1 0
57 40 4 1 0
57 41 8 1 0
57 42 9 1 0
57 43 1 1 0
57 44 6 1 0
57 45 7 1 0
57 46 7 1 0
57 47 2 1 0
57 48 3 1 0
57 49 4 1 0
57 50 10 1 0
57 51 7 1 0
57 52 10 1 0
57 53 8 1 0
57 54 9 1 0
57 55 1 1 0
57 56 10 1 0
57 57 9 1 0
57 58 8 1 0
57 59 8 1 0
57 60 5 1 0
57 61 4 1 0
57 62 7 1 0
57 63 4 1 0
58 0 5 1 -1
58 1 1 1 0
58 2 4 1 0
58 3 2 1 0
58 4 8 1 0
58 5 6 1 0
58 6 1 1 0
58 7 10 1 0
58 8 5 1 0
58 9 10 1 0
58 10 6 1 0
58 11 3 1 0
58 12 8 1 0
58 13 7 1 0
58 14 1 1 0
58 15 7 1 0
58 16 5 1 0
58 17 5 1 0
58 18 6 1 0
58 19 5 1 0
58 20 6 1 0
58 21 3 1 0
58 22 9 1 0
58 23 8 1 0
58 24 7 1 0
58 25 7 1 0
58 26 7 1 0
58 27 10 1 0
58 28 1 1 0
58 29 10 1 1
58 30 8 1 0
58 31 8 1 0
58 32 3 1 1
58 33 4 1 0
58 34 1 1 0
58 35 9 1 0
58 36 1 1 0
58 37 8 1 0
58 38 10 1 -1
58 39 1 1 0
58 40 5 1 0
58 41 8 1 0
58 42 1 1 0
58 43 2 1 0
58 44 1 1 0
58 45 2 1 0
58 46 5 1 0
58 47 8 1 0
58 48 7 1 0
58 49 3 1 0
58 50 8 1 0
58 51 1 1 0
58 52 1 1 0
58 53 4 1 0
58 54 8 1 0
58 55 2 1 0
58 56 6 1 0
58 57 10 1 0
58 58 3 1 0
58 59 9 1 0
58 60 3 1 0
58 61 3 1 0
58 62 6 1 0
58 63 1 1 0
59 0 1 1 0
59 1 10 1 0
59 2 7 1 0
59 3 7 1 0
59 4 2 1 0
59 5 5 1 0
59 6 7 1 0
59 7 6 1 0
59 8 5 1 0
59 9 2 1 0
59 10 10 1 0
59 11 9 1 0
59 12 5 1 0
59 13 5 1 0
59 14 4 1 0
59 15 9 1 0
59 16 4 1 0
59 17 6 1 0
59 18 10 1 0
59 19 3 1 0
59 20 6 1 0
59 21 1 1 0
59 22 7 1 0
59 23 2 1 0
59 24 1 1 0
59 25 8 1 0
59 26 1 1 0
59 27 2 1 0
59 28 10 1 0
59 29 5 1 0
59 30 6 1 0
59 31 5 1 0
59 32 6 1 0
59 33 4 1 0
59 34 6 1 0
59 35 6 1 0
59 36 2 1 0
59 37 3 1 0
59 38 3 1 0
59 39 6 1 0
59 40 4 1 0
59 41 9 1 0
59 42 3 1 0
59 43 1 1 0
59 44 3 1 0
59 45 9 1 0
59 46 3 1 0
59 47 6 1 0
59 48 5 1 0
59 49 10 1 1
59 50 3 1 0
59 51 9 1 0
59 52 1 1 0
59 53 1 1 0
59 54 6 1 0
59 55 10 1 0
59 56 2 1 0
59 57 4 1 0
59 58 4 1 0
59 59 9 1 0
59 60 8 1 0
59 61 9 1 0
59 62 4 1 0
59 63 9 1 0
60 0 3 1 0
60 1 9 1 0
60 2 5 1 0
60 3 10 1 0
60 4 9 1 0
60 5 10 1 0
60 6 5 1 0
60 7 7 1 0
60 8 10 1 0
60 9 10 1 0
60 10 6 1 0
60 11 8 1 0
60 12 4 1 0
60 13 3 1 0
60 14 9 1 0
60 15 7 1 0
60 16 5 1 0
60 17 3 1 0
60 18 3 1 0
60 19 9 1 0
60 20 1 1 0
60 21 3 1 0
60 22 3 1 0
60 23 3 1 0
60 24 7 1 0
60 25 6 1 0
60 26 6 1 0
60 27 8 1 0
60 28 9 1 0
60 29 5 1 0
60 30 9 1 0
60 31 6 1 0
60 32 1 1 0
60 33 2 1 0
60 34 2 1 0
60 35 5 1 0
60 36 3 1 0
60 37 3 1 0
60 38 1 1 1
60 39 9 1 0
60 40 6 1 0
60 41 10 1 0
60 42 9 1 0
60 43 10 1 0
60 44 7 1 0
60 45 5 1 0
60 46 6 1 0
60 47 8 1 0
60 48 10 1 0
60 49 6 1 0
60 50 3 1 0
60 51 2 1 0
60 52 4 1 0
60 53 2 1 0
60 54 1 1 0
60 55 5 1 0
60 56 3 1 0
60 57 5 1 0
60 58 9 1 0
60 59 5 1 0
60 60 8 1 0
60 61 3 1 0
60 62 4 1 0
60 63 4 1 0
61 0 2 1 0
61 1 6 1 1
61 2 4 1 0
61 3 10 1 0
61 4 3 1 0
61 5 9 1 0
61 6 4 1 0
61 7 2 1 0
61 8 2 1 0
61 9 4 1 0
61 10 6 1 0
61 11 8 1 0
61 12 2 1 0
61 13 2 1 0
61 14 9 1 0
61 15 7 1 0
61 16 8 1 0
61 17 8 1 0
61 18 9 1 0
61 19 4 1 0
61 20 9 1 0
61 21 1 1 0
61 22 10 1 0
61 23 9 1 0
61 24 2 1 0
61 25 4 1 0
61 26 9 1 0
61 27 10 1 0
61 28 2 1 0
61 29 8 1 0
61 30 7 1 0
61 31 2 1 0
61 32 3 1 0
61 33 4 1 0
61 34 10 1 0
61 35 4 1 1
61 36 3 1 0
61 37 2 1 0
61 38 8 1 0
61 39 2 1 0
61 40 9 1 0
61 41 9 1 0
61 42 10 1 0
61 43 7 1 0
61 44 3 1 0
61 45 6 1 0
61 46 5 1 0
61 47 3 1 0
61 48 10 1 0
61 49 7 1 0
61 50 10 1 0
61 51 1 1 0
61 52 10 1 0
61 53 1 1 0
61 54 10 1 0
61 55 4 1 0
61 56 3 1 0
61 57 7 1 0
61 58 7 1 0
61 59 6 1 0
61 60 7 1 0
61 61 6 1 0
61 62 4 1 0
61 63 4 1 0
62 0 4 1 0
62 1 6 1 0
62 2 3 1 0
62 3 4 1 0
62 4 6 1 0
62 5 8 1 0
62 6 5 1 0
62 7 1 1 0
62 8 8 1 0
62 9 5 1 0
62 10 2 1 0
62 11 10 1 0
62 12 10 1 0
62 13 2 1 0
62 14 7 1 0
62 15 9 1 0
62 16 2 1 0
62 17 4 1 0
62 18 7 1 0
62 19 7 1 0
62 20 5 1 0
62 21 4 1 0
62 22 3 1 0
62 23 3 1 0
62 24 10 1 0
62 25 10 1 0
62 26 7 1 0
62 27 10 1 0
62 28 3 1 0
62 29 4 1 0
62 30 8 1 0
62 31 8 1 0
62 32 3 1 0
62 33 3 1 0
62 34 3 1 0
62 35 4 1 0
62 36 10 1 0
62 37 2 1 0
62 38 9 1 1
62 39 6 1 0
62 40 7 1 0
62 41 5 1 0
62 42 7 1 0
62 43 6 1 0
62 44 2 1 0
62 45 6 1 0
62 46 10 1 0
62 47 5 1 0
62 48 8 1 0
62 49 1 1 0
62 50 7 1 0
62 51 2 1 0
62 52 9 1 0
62 53 6 1 0
62 54 2 1 0
62 55 10 1 0
62 56 4 1 0
62 57 6 1 0
62 58 8 1 3
62 59 1 1 0
62 60 10 1 0
62 61 8 1 0
62 62 9 1 0
62 63 8 1 0
63 0 9 1 0
63 1 1 1 0
63 2 10 1 0
63 3 6 1 0
63 4 1 1 0
63 5 5 1 0
63 6 6 1 0
63 7 10 1 1
63 8 5 1 0
63 9 10 1 0
63 10 3 1 0
63 11 3 1 0
63 12 10 1 0
63 13 2 1 0
63 14 1 1 0
63 15 1 1 0
63 16 4 1 0
63 17 9 1 0
63 18 2 1 0
63 19 1 1 0
63 20 8 1 0
63 21 3 1 0
63 22 1 1 0
63 23 8 1 0
63 24 3 1 0
63 25 6 1 0
63 26 4 1 0
63 27 3 1 0
63 28 6 1 0
63 29 3 1 0
63 30 8 1 0
63 31 6 1 0
63 32 7 1 0
63 33 9 1 0
63 34 7 1 0
63 35 5 1 0
63 36 4 1 0
63 37 8 1 0
63 38 3 1 0
63 39 2 1 0
63 40 8 1 0
63 41 8 1 0
63 42 10 1 0
63 43 7 1 0
63 44 1 1 0
63 45 4 1 0
63 46 2 1 0
63 47 6 1 0
63 48 5 1 0
63 49 9 1 0
63 50 9 1 0
63 51 6 1 0
63 52 8 1 -47
63 53 6 1 0
63 54 4 1 0
63 55 3 1 0
63 56 8 1 0
63 57 6 1 0
63 58 7 1 0
63 59 8 1 0
63 60 5 1 0
63 61 9 1 0
63 62 8 1 0
63 63 6 1 0
