5295 5.684341886080802e-14 
9970 2.1316282072803006e-14 
5776 1.1368683772161603e-13 
8906 2.1316282072803006e-14 
4040 1.1368683772161603e-13 
4731 5.684341886080802e-14 
6865 1.4210854715202004e-14 
1087 5.000444502911705e-12 
1746 0.0 
4428 2.2737367544323206e-13 
2569 2.842170943040401e-14 
2490 1.4210854715202004e-14 
6434 0.0 
4320 1.4210854715202004e-14 
3205 1.4210854715202004e-14 
102 0.0 
7145 1.4210854715202004e-14 
963 1.7408297026122455e-13 
8722 0.0 
9930 0.0 
2771 0.0 
9626 -1.1368683772161603e-13 
1976 9.237055564881302e-14 
4395 0.0 
4742 0.0 
1446 1.7763568394002505e-14 
6233 0.0 
8659 7.345235530920036e-13 
8182 0.0 
9743 7.105427357601002e-15 
4728 2.896638484628511e-11 
2270 0.0 
3791 2.842170943040401e-14 
3268 0.0 
3526 0.0 
1166 0.0 
172 5.684341886080802e-14 
3744 -1.1368683772161603e-13 
5951 1.5987211554602254e-13 
1451 0.0 
184 0.0 
4556 1.1368683772161603e-13 
6683 0.0 
5636 0.0 
5479 0.0 
5550 2.1316282072803006e-14 
6101 2.2737367544323206e-13 
4848 1.7763568394002505e-14 
4771 1.4210854715202004e-14 
4391 2.842170943040401e-14 
9045 0.0 
315 1.7763568394002505e-14 
4023 1.4210854715202004e-14 
2524 7.105427357601002e-15 
1720 0.0 
7240 1.1368683772161603e-13 
1764 1.1368683772161603e-13 
9583 1.4210854715202004e-14 
4087 1.4210854715202004e-14 
1804 7.105427357601002e-15 
8009 0.0 
1929 2.2737367544323206e-13 
2206 2.2737367544323206e-13 
7243 1.4210854715202004e-14 
5383 9.769962616701378e-14 
3252 0.0 
4847 1.4210854715202004e-14 
9040 0.0 
3552 1.4210854715202004e-14 
9025 0.0 
8676 0.0 
3138 4.263256414560601e-14 
842 3.658850999954666e-12 
9772 0.0 
7335 4.973799150320701e-14 
4648 2.842170943040401e-14 
5329 2.2737367544323206e-13 
2575 0.0 
9284 0.0 
8572 2.1316282072803006e-14 
4632 2.842170943040401e-14 
3831 1.4210854715202004e-14 
6435 7.105427357601002e-15 
8454 2.842170943040401e-14 
7340 1.7763568394002505e-14 
8180 2.4868995751603507e-14 
2258 1.4210854715202004e-14 
6534 2.1316282072803006e-14 
4477 8.526512829121202e-14 
7127 2.1316282072803006e-14 
5489 0.0 
6100 0.0 
5996 0.0 
6726 0.0 
191 6.750155989720952e-14 
6372 2.842170943040401e-14 
9758 0.0 
3583 0.0 
385 0.0 
999 1.6342482922482304e-13 
520 1.1901590823981678e-13 
1908 3.943512183468556e-12 
947 0.0 
5102 1.1368683772161603e-13 
4679 2.2737367544323206e-13 
8040 1.7763568394002505e-14 
7106 0.0 
3887 0.0 
8528 1.7399415241925453e-12 
8649 0.0 
3457 0.0 
6635 7.275957614183426e-12 
1796 0.0 
6128 2.4868995751603507e-14 
5640 2.842170943040401e-14 
9160 0.0 
288 0.0 
882 2.1316282072803006e-14 
908 0.0 
3086 0.0 
2977 0.0 
1102 4.547473508864641e-13 
4708 7.105427357601002e-15 
503 0.0 
1675 1.4210854715202004e-14 
9309 2.2737367544323206e-13 
7071 2.842170943040401e-14 
7401 0.0 
6131 1.468158927764307e-12 
825 7.105427357601002e-15 
2749 4.547473508864641e-13 
8734 7.105427357601002e-15 
8901 2.842170943040401e-14 
4176 0.0 
206 1.4210854715202004e-14 
3201 1.4210854715202004e-14 
3695 5.684341886080802e-14 
813 7.105427357601002e-15 
7633 2.842170943040401e-14 
4237 5.684341886080802e-14 
4787 0.0 
359 7.105427357601002e-15 
1295 1.4210854715202004e-14 
5784 0.0 
9248 1.7763568394002505e-14 
9388 1.7763568394002505e-14 
2693 1.7763568394002505e-14 
2402 1.8474111129762605e-13 
4618 1.1368683772161603e-13 
9356 4.547473508864641e-13 
5987 4.547473508864641e-13 
2032 0.0 
9616 1.4210854715202004e-14 
4750 1.1368683772161603e-13 
1367 5.684341886080802e-14 
5778 1.4210854715202004e-14 
4550 2.842170943040401e-14 
2357 0.0 
5319 5.684341886080802e-14 
6135 5.684341886080802e-14 
