0 0 4 1 0
0 1 8 1 1
0 2 5 1 1
0 3 2 1 0
0 4 5 1 0
0 5 3 1 1
0 6 2 1 0
0 7 8 1 0
0 8 9 1 1
0 9 1 1 1
0 10 9 1 0
0 11 1 1 0
0 12 1 1 0
0 13 5 1 0
0 14 3 1 1
0 15 3 1 1
0 16 3 1 0
0 17 7 1 1
0 18 4 1 0
0 19 4 1 1
0 20 9 1 0
0 21 6 1 0
0 22 8 1 1
0 23 5 1 0
0 24 5 1 0
0 25 2 1 0
0 26 4 1 1
0 27 7 1 0
0 28 5 1 0
0 29 1 1 0
0 30 5 1 1
0 31 7 1 1
0 32 1 1 1
0 33 7 1 1
0 34 6 1 1
0 35 1 1 1
0 36 1 1 0
0 37 1 1 0
0 38 9 1 1
0 39 7 1 1
0 40 10 1 0
0 41 3 1 0
0 42 10 1 1
0 43 2 1 0
0 44 4 1 1
0 45 8 1 0
0 46 10 1 0
0 47 4 1 0
0 48 1 1 0
0 49 5 1 1
0 50 4 1 0
0 51 7 1 1
0 52 6 1 1
0 53 1 1 1
0 54 9 1 0
0 55 10 1 0
0 56 9 1 1
0 57 1 1 0
0 58 1 1 0
0 59 4 1 0
0 60 8 1 0
0 61 10 1 1
0 62 10 1 1
0 63 6 1 0
1 0 6 1 1
1 1 2 1 1
1 2 6 1 1
1 3 7 1 1
1 4 10 1 1
1 5 9 1 0
1 6 8 1 1
1 7 8 1 0
1 8 3 1 0
1 9 1 1 0
1 10 8 1 1
1 11 5 1 0
1 12 8 1 0
1 13 5 1 1
1 14 5 1 1
1 15 10 1 0
1 16 6 1 0
1 17 4 1 1
1 18 5 1 1
1 19 5 1 0
1 20 8 1 1
1 21 8 1 1
1 22 6 1 1
1 23 3 1 1
1 24 3 1 0
1 25 8 1 0
1 26 8 1 1
1 27 8 1 0
1 28 4 1 0
1 29 1 1 0
1 30 1 1 1
1 31 10 1 0
1 32 6 1 0
1 33 1 1 1
1 34 2 1 1
1 35 3 1 1
1 36 3 1 1
1 37 10 1 0
1 38 6 1 0
1 39 6 1 1
1 40 6 1 1
1 41 9 1 1
1 42 10 1 1
1 43 7 1 0
1 44 3 1 1
1 45 5 1 1
1 46 1 1 0
1 47 10 1 1
1 48 6 1 0
1 49 7 1 0
1 50 3 1 1
1 51 3 1 0
1 52 7 1 1
1 53 2 1 0
1 54 5 1 1
1 55 1 1 0
1 56 5 1 0
1 57 4 1 0
1 58 2 1 0
1 59 4 1 0
1 60 5 1 1
1 61 2 1 1
1 62 6 1 1
1 63 3 1 1
2 0 7 1 1
2 1 1 1 1
2 2 3 1 0
2 3 6 1 0
2 4 1 1 1
2 5 6 1 1
2 6 2 1 0
2 7 10 1 1
2 8 2 1 1
2 9 8 1 1
2 10 5 1 1
2 11 4 1 1
2 12 6 1 1
2 13 7 1 1
2 14 7 1 1
2 15 1 1 0
2 16 7 1 1
2 17 5 1 1
2 18 1 1 1
2 19 2 1 1
2 20 4 1 1
2 21 4 1 0
2 22 1 1 1
2 23 7 1 0
2 24 10 1 1
2 25 5 1 1
2 26 3 1 0
2 27 2 1 0
2 28 4 1 0
2 29 4 1 1
2 30 2 1 1
2 31 8 1 0
2 32 6 1 0
2 33 1 1 1
2 34 7 1 1
2 35 7 1 0
2 36 5 1 1
2 37 10 1 0
2 38 6 1 1
2 39 7 1 1
2 40 1 1 0
2 41 8 1 0
2 42 4 1 1
2 43 9 1 0
2 44 4 1 0
2 45 2 1 0
2 46 7 1 1
2 47 6 1 1
2 48 5 1 0
2 49 7 1 0
2 50 8 1 1
2 51 8 1 0
2 52 6 1 1
2 53 10 1 0
2 54 10 1 0
2 55 7 1 1
2 56 10 1 1
2 57 4 1 1
2 58 4 1 1
2 59 1 1 1
2 60 2 1 1
2 61 10 1 1
2 62 9 1 0
2 63 2 1 1
3 0 2 1 1
3 1 1 1 1
3 2 5 1 1
3 3 10 1 0
3 4 1 1 1
3 5 8 1 1
3 6 4 1 0
3 7 10 1 0
3 8 4 1 1
3 9 9 1 1
3 10 9 1 1
3 11 4 1 1
3 12 5 1 0
3 13 5 1 1
3 14 8 1 0
3 15 7 1 0
3 16 4 1 0
3 17 8 1 1
3 18 3 1 1
3 19 5 1 1
3 20 1 1 0
3 21 3 1 1
3 22 1 1 1
3 23 2 1 1
3 24 7 1 1
3 25 10 1 1
3 26 3 1 1
3 27 7 1 1
3 28 4 1 0
3 29 9 1 1
3 30 9 1 0
3 31 9 1 0
3 32 2 1 0
3 33 4 1 1
3 34 7 1 0
3 35 3 1 0
3 36 7 1 1
3 37 2 1 0
3 38 5 1 1
3 39 1 1 1
3 40 8 1 1
3 41 9 1 0
3 42 2 1 0
3 43 8 1 1
3 44 8 1 0
3 45 2 1 1
3 46 5 1 1
3 47 2 1 1
3 48 7 1 0
3 49 4 1 1
3 50 7 1 1
3 51 5 1 1
3 52 3 1 0
3 53 9 1 1
3 54 4 1 1
3 55 2 1 1
3 56 2 1 0
3 57 4 1 1
3 58 1 1 0
3 59 4 1 0
3 60 7 1 1
3 61 7 1 1
3 62 3 1 1
3 63 7 1 1
4 0 1 1 1
4 1 9 1 1
4 2 6 1 1
4 3 5 1 0
4 4 1 1 1
4 5 9 1 1
4 6 5 1 0
4 7 9 1 0
4 8 3 1 0
4 9 4 1 0
4 10 9 1 1
4 11 2 1 1
4 12 4 1 0
4 13 8 1 1
4 14 5 1 0
4 15 9 1 1
4 16 2 1 0
4 17 10 1 1
4 18 3 1 1
4 19 8 1 0
4 20 1 1 1
4 21 9 1 1
4 22 4 1 1
4 23 3 1 0
4 24 8 1 1
4 25 1 1 1
4 26 9 1 0
4 27 6 1 0
4 28 1 1 0
4 29 7 1 1
4 30 10 1 1
4 31 8 1 1
4 32 2 1 1
4 33 1 1 0
4 34 4 1 1
4 35 8 1 1
4 36 7 1 0
4 37 2 1 1
4 38 4 1 0
4 39 7 1 1
4 40 10 1 1
4 41 9 1 0
4 42 10 1 0
4 43 2 1 0
4 44 3 1 1
4 45 3 1 0
4 46 7 1 0
4 47 4 1 0
4 48 8 1 1
4 49 2 1 1
4 50 4 1 0
4 51 1 1 0
4 52 7 1 0
4 53 3 1 1
4 54 5 1 1
4 55 9 1 0
4 56 4 1 0
4 57 3 1 1
4 58 6 1 1
4 59 1 1 1
4 60 6 1 1
4 61 5 1 0
4 62 3 1 0
4 63 2 1 0
5 0 5 1 0
5 1 6 1 1
5 2 8 1 1
5 3 7 1 1
5 4 3 1 1
5 5 4 1 1
5 6 8 1 0
5 7 3 1 1
5 8 6 1 1
5 9 5 1 0
5 10 4 1 0
5 11 1 1 1
5 12 6 1 1
5 13 2 1 1
5 14 7 1 1
5 15 4 1 1
5 16 2 1 1
5 17 2 1 0
5 18 5 1 1
5 19 6 1 0
5 20 7 1 1
5 21 6 1 1
5 22 1 1 0
5 23 1 1 1
5 24 3 1 0
5 25 4 1 1
5 26 8 1 0
5 27 6 1 0
5 28 10 1 1
5 29 4 1 1
5 30 8 1 0
5 31 2 1 0
5 32 7 1 1
5 33 2 1 0
5 34 3 1 1
5 35 9 1 1
5 36 8 1 0
5 37 2 1 0
5 38 9 1 0
5 39 8 1 1
5 40 5 1 1
5 41 9 1 0
5 42 7 1 1
5 43 10 1 1
5 44 1 1 0
5 45 2 1 0
5 46 8 1 1
5 47 5 1 1
5 48 10 1 0
5 49 7 1 0
5 50 2 1 0
5 51 6 1 1
5 52 8 1 1
5 53 7 1 1
5 54 4 1 1
5 55 4 1 0
5 56 6 1 1
5 57 10 1 1
5 58 9 1 1
5 59 10 1 1
5 60 7 1 0
5 61 10 1 1
5 62 7 1 0
5 63 8 1 0
6 0 10 1 1
6 1 10 1 1
6 2 4 1 0
6 3 10 1 0
6 4 9 1 0
6 5 7 1 1
6 6 5 1 0
6 7 7 1 1
6 8 8 1 1
6 9 2 1 1
6 10 9 1 1
6 11 1 1 1
6 12 7 1 0
6 13 5 1 1
6 14 4 1 0
6 15 1 1 1
6 16 2 1 0
6 17 8 1 1
6 18 7 1 0
6 19 3 1 0
6 20 2 1 1
6 21 5 1 1
6 22 1 1 1
6 23 7 1 0
6 24 1 1 1
6 25 6 1 1
6 26 7 1 1
6 27 10 1 1
6 28 4 1 0
6 29 2 1 0
6 30 4 1 0
6 31 2 1 1
6 32 3 1 1
6 33 1 1 1
6 34 6 1 1
6 35 6 1 1
6 36 1 1 0
6 37 4 1 1
6 38 1 1 0
6 39 4 1 1
6 40 7 1 0
6 41 3 1 0
6 42 9 1 1
6 43 4 1 1
6 44 10 1 1
6 45 9 1 0
6 46 2 1 0
6 47 3 1 1
6 48 3 1 1
6 49 9 1 1
6 50 9 1 1
6 51 6 1 0
6 52 3 1 1
6 53 10 1 1
6 54 9 1 0
6 55 5 1 1
6 56 10 1 0
6 57 8 1 1
6 58 6 1 1
6 59 4 1 1
6 60 4 1 0
6 61 9 1 1
6 62 7 1 1
6 63 4 1 1
7 0 7 1 1
7 1 8 1 0
7 2 5 1 1
7 3 2 1 1
7 4 4 1 1
7 5 9 1 1
7 6 4 1 0
7 7 5 1 0
7 8 3 1 1
7 9 6 1 0
7 10 5 1 1
7 11 2 1 1
7 12 7 1 1
7 13 4 1 1
7 14 7 1 1
7 15 1 1 1
7 16 7 1 0
7 17 1 1 0
7 18 4 1 1
7 19 9 1 1
7 20 9 1 1
7 21 7 1 0
7 22 3 1 1
7 23 5 1 1
7 24 10 1 0
7 25 2 1 1
7 26 10 1 0
7 27 7 1 1
7 28 5 1 1
7 29 7 1 0
7 30 1 1 1
7 31 8 1 0
7 32 9 1 0
7 33 6 1 1
7 34 6 1 1
7 35 9 1 1
7 36 5 1 0
7 37 9 1 0
7 38 5 1 1
7 39 3 1 1
7 40 2 1 0
7 41 10 1 0
7 42 8 1 1
7 43 4 1 0
7 44 2 1 0
7 45 7 1 1
7 46 6 1 1
7 47 8 1 0
7 48 2 1 1
7 49 8 1 1
7 50 9 1 1
7 51 2 1 0
7 52 4 1 1
7 53 7 1 1
7 54 3 1 1
7 55 6 1 0
7 56 5 1 0
7 57 8 1 0
7 58 5 1 1
7 59 6 1 0
7 60 6 1 0
7 61 2 1 1
7 62 9 1 0
7 63 8 1 1
8 0 6 1 0
8 1 10 1 1
8 2 8 1 1
8 3 4 1 1
8 4 7 1 0
8 5 10 1 1
8 6 10 1 0
8 7 7 1 1
8 8 5 1 0
8 9 2 1 0
8 10 5 1 1
8 11 9 1 1
8 12 4 1 0
8 13 7 1 1
8 14 4 1 1
8 15 5 1 1
8 16 6 1 0
8 17 5 1 0
8 18 6 1 0
8 19 1 1 1
8 20 7 1 0
8 21 6 1 0
8 22 2 1 1
8 23 10 1 1
8 24 4 1 1
8 25 2 1 1
8 26 4 1 1
8 27 10 1 1
8 28 4 1 0
8 29 10 1 1
8 30 6 1 1
8 31 6 1 1
8 32 2 1 0
8 33 8 1 0
8 34 5 1 1
8 35 2 1 1
8 36 6 1 1
8 37 10 1 1
8 38 6 1 0
8 39 1 1 0
8 40 5 1 1
8 41 9 1 0
8 42 4 1 0
8 43 1 1 0
8 44 7 1 1
8 45 2 1 1
8 46 10 1 0
8 47 4 1 1
8 48 5 1 0
8 49 8 1 1
8 50 8 1 1
8 51 7 1 1
8 52 9 1 1
8 53 2 1 1
8 54 9 1 1
8 55 7 1 0
8 56 8 1 1
8 57 8 1 1
8 58 4 1 1
8 59 4 1 1
8 60 6 1 1
8 61 5 1 0
8 62 4 1 0
8 63 4 1 1
9 0 7 1 1
9 1 5 1 0
9 2 6 1 0
9 3 4 1 0
9 4 7 1 1
9 5 2 1 1
9 6 5 1 1
9 7 6 1 0
9 8 5 1 1
9 9 4 1 1
9 10 10 1 1
9 11 10 1 0
9 12 4 1 0
9 13 9 1 0
9 14 5 1 0
9 15 4 1 0
9 16 4 1 1
9 17 7 1 1
9 18 5 1 1
9 19 7 1 0
9 20 9 1 0
9 21 10 1 0
9 22 5 1 0
9 23 3 1 0
9 24 4 1 0
9 25 5 1 1
9 26 2 1 1
9 27 9 1 1
9 28 1 1 0
9 29 10 1 1
9 30 4 1 0
9 31 1 1 1
9 32 2 1 0
9 33 4 1 1
9 34 3 1 1
9 35 2 1 1
9 36 8 1 0
9 37 1 1 0
9 38 7 1 0
9 39 1 1 1
9 40 8 1 1
9 41 10 1 1
9 42 5 1 1
9 43 1 1 1
9 44 9 1 1
9 45 9 1 1
9 46 9 1 0
9 47 7 1 0
9 48 4 1 0
9 49 4 1 1
9 50 7 1 1
9 51 6 1 1
9 52 4 1 1
9 53 8 1 1
9 54 7 1 1
9 55 3 1 0
9 56 4 1 0
9 57 7 1 0
9 58 8 1 1
9 59 8 1 1
9 60 2 1 1
9 61 1 1 1
9 62 8 1 1
9 63 10 1 0
10 0 9 1 1
10 1 10 1 1
10 2 3 1 0
10 3 8 1 0
10 4 6 1 1
10 5 8 1 0
10 6 3 1 0
10 7 2 1 1
10 8 3 1 1
10 9 8 1 0
10 10 6 1 0
10 11 4 1 0
10 12 2 1 1
10 13 5 1 1
10 14 1 1 1
10 15 9 1 0
10 16 6 1 1
10 17 8 1 0
10 18 7 1 1
10 19 6 1 0
10 20 4 1 0
10 21 8 1 0
10 22 4 1 1
10 23 4 1 1
10 24 5 1 0
10 25 7 1 0
10 26 7 1 1
10 27 1 1 0
10 28 3 1 1
10 29 8 1 1
10 30 6 1 1
10 31 9 1 0
10 32 7 1 0
10 33 2 1 0
10 34 1 1 1
10 35 2 1 1
10 36 3 1 1
10 37 10 1 1
10 38 1 1 1
10 39 8 1 0
10 40 7 1 1
10 41 4 1 1
10 42 6 1 1
10 43 3 1 0
10 44 3 1 1
10 45 2 1 1
10 46 1 1 0
10 47 5 1 0
10 48 5 1 0
10 49 1 1 0
10 50 10 1 1
10 51 8 1 1
10 52 1 1 0
10 53 6 1 1
10 54 2 1 1
10 55 9 1 1
10 56 9 1 1
10 57 1 1 0
10 58 5 1 1
10 59 8 1 0
10 60 9 1 0
10 61 10 1 0
10 62 10 1 1
10 63 6 1 1
11 0 1 1 1
11 1 1 1 0
11 2 6 1 1
11 3 6 1 1
11 4 1 1 0
11 5 5 1 1
11 6 10 1 0
11 7 4 1 0
11 8 7 1 1
11 9 6 1 0
11 10 10 1 1
11 11 10 1 0
11 12 10 1 0
11 13 3 1 1
11 14 3 1 1
11 15 2 1 0
11 16 8 1 1
11 17 1 1 1
11 18 6 1 1
11 19 9 1 1
11 20 9 1 1
11 21 5 1 1
11 22 7 1 0
11 23 3 1 1
11 24 8 1 1
11 25 8 1 1
11 26 2 1 0
11 27 7 1 1
11 28 4 1 1
11 29 4 1 0
11 30 7 1 1
11 31 1 1 1
11 32 2 1 0
11 33 7 1 0
11 34 5 1 0
11 35 10 1 1
11 36 3 1 1
11 37 10 1 0
11 38 1 1 1
11 39 2 1 0
11 40 7 1 0
11 41 4 1 1
11 42 8 1 1
11 43 10 1 0
11 44 8 1 1
11 45 4 1 1
11 46 1 1 1
11 47 1 1 1
11 48 2 1 1
11 49 7 1 0
11 50 9 1 1
11 51 4 1 0
11 52 4 1 1
11 53 3 1 1
11 54 7 1 0
11 55 5 1 1
11 56 7 1 0
11 57 10 1 1
11 58 8 1 1
11 59 6 1 0
11 60 4 1 1
11 61 4 1 1
11 62 6 1 0
11 63 7 1 1
12 0 6 1 0
12 1 4 1 0
12 2 1 1 1
12 3 8 1 1
12 4 3 1 0
12 5 9 1 1
12 6 3 1 1
12 7 4 1 0
12 8 7 1 0
12 9 10 1 0
12 10 1 1 0
12 11 1 1 1
12 12 3 1 0
12 13 10 1 0
12 14 4 1 0
12 15 4 1 1
12 16 4 1 0
12 17 2 1 1
12 18 7 1 1
12 19 8 1 1
12 20 2 1 1
12 21 2 1 0
12 22 5 1 0
12 23 9 1 0
12 24 6 1 1
12 25 10 1 -94
12 26 3 1 1
12 27 6 1 1
12 28 3 1 0
12 29 3 1 0
12 30 3 1 0
12 31 4 1 0
12 32 4 1 1
12 33 7 1 1
12 34 5 1 0
12 35 7 1 0
12 36 1 1 1
12 37 10 1 0
12 38 9 1 0
12 39 9 1 1
12 40 8 1 0
12 41 1 1 0
12 42 5 1 0
12 43 4 1 1
12 44 6 1 1
12 45 9 1 0
12 46 10 1 0
12 47 5 1 1
12 48 3 1 1
12 49 9 1 1
12 50 4 1 1
12 51 6 1 0
12 52 3 1 1
12 53 9 1 1
12 54 5 1 1
12 55 5 1 1
12 56 9 1 0
12 57 2 1 1
12 58 9 1 0
12 59 7 1 1
12 60 5 1 1
12 61 4 1 0
12 62 8 1 0
12 63 6 1 1
13 0 1 1 1
13 1 1 1 0
13 2 2 1 0
13 3 6 1 1
13 4 5 1 1
13 5 1 1 1
13 6 5 1 1
13 7 10 1 0
13 8 3 1 1
13 9 3 1 0
13 10 3 1 1
13 11 6 1 0
13 12 7 1 1
13 13 6 1 1
13 14 10 1 1
13 15 5 1 1
13 16 6 1 1
13 17 1 1 1
13 18 8 1 0
13 19 6 1 1
13 20 1 1 1
13 21 5 1 0
13 22 9 1 1
13 23 8 1 1
13 24 5 1 1
13 25 2 1 1
13 26 6 1 0
13 27 8 1 1
13 28 5 1 1
13 29 1 1 0
13 30 4 1 0
13 31 10 1 1
13 32 3 1 1
13 33 5 1 1
13 34 2 1 1
13 35 8 1 1
13 36 4 1 1
13 37 3 1 0
13 38 8 1 1
13 39 9 1 1
13 40 5 1 1
13 41 8 1 1
13 42 5 1 0
13 43 6 1 1
13 44 4 1 0
13 45 5 1 1
13 46 8 1 1
13 47 5 1 1
13 48 2 1 0
13 49 10 1 1
13 50 7 1 0
13 51 5 1 1
13 52 1 1 1
13 53 2 1 0
13 54 5 1 0
13 55 9 1 1
13 56 5 1 1
13 57 2 1 1
13 58 2 1 0
13 59 7 1 0
13 60 9 1 0
13 61 2 1 1
13 62 5 1 1
13 63 3 1 1
14 0 3 1 1
14 1 1 1 1
14 2 8 1 0
14 3 3 1 1
14 4 7 1 1
14 5 4 1 1
14 6 1 1 0
14 7 2 1 1
14 8 6 1 1
14 9 3 1 1
14 10 6 1 1
14 11 1 1 1
14 12 10 1 1
14 13 1 1 1
14 14 8 1 0
14 15 6 1 1
14 16 7 1 1
14 17 7 1 1
14 18 10 1 1
14 19 3 1 1
14 20 3 1 1
14 21 5 1 1
14 22 7 1 0
14 23 5 1 1
14 24 7 1 0
14 25 1 1 1
14 26 3 1 1
14 27 2 1 0
14 28 10 1 0
14 29 3 1 1
14 30 5 1 1
14 31 6 1 1
14 32 7 1 1
14 33 6 1 1
14 34 3 1 1
14 35 4 1 0
14 36 6 1 1
14 37 7 1 1
14 38 5 1 0
14 39 6 1 1
14 40 8 1 1
14 41 7 1 1
14 42 9 1 0
14 43 6 1 1
14 44 8 1 1
14 45 4 1 1
14 46 5 1 0
14 47 1 1 1
14 48 4 1 1
14 49 8 1 1
14 50 9 1 1
14 51 10 1 0
14 52 4 1 1
14 53 1 1 0
14 54 7 1 0
14 55 6 1 1
14 56 3 1 1
14 57 8 1 1
14 58 2 1 1
14 59 8 1 0
14 60 4 1 1
14 61 9 1 0
14 62 8 1 1
14 63 4 1 1
15 0 7 1 0
15 1 8 1 0
15 2 4 1 1
15 3 8 1 1
15 4 5 1 0
15 5 5 1 1
15 6 5 1 1
15 7 2 1 1
15 8 1 1 1
15 9 4 1 0
15 10 4 1 1
15 11 1 1 1
15 12 9 1 1
15 13 3 1 0
15 14 7 1 0
15 15 8 1 0
15 16 1 1 0
15 17 10 1 1
15 18 1 1 1
15 19 2 1 1
15 20 7 1 1
15 21 3 1 1
15 22 4 1 1
15 23 3 1 1
15 24 10 1 0
15 25 8 1 0
15 26 6 1 1
15 27 1 1 1
15 28 4 1 1
15 29 9 1 1
15 30 9 1 0
15 31 9 1 1
15 32 8 1 0
15 33 3 1 0
15 34 8 1 1
15 35 5 1 1
15 36 8 1 1
15 37 5 1 1
15 38 8 1 0
15 39 9 1 1
15 40 5 1 0
15 41 2 1 1
15 42 1 1 1
15 43 5 1 1
15 44 4 1 1
15 45 6 1 1
15 46 7 1 1
15 47 9 1 0
15 48 10 1 0
15 49 7 1 1
15 50 8 1 0
15 51 4 1 1
15 52 4 1 0
15 53 5 1 1
15 54 7 1 1
15 55 8 1 0
15 56 3 1 1
15 57 2 1 0
15 58 2 1 1
15 59 7 1 0
15 60 1 1 1
15 61 1 1 0
15 62 7 1 1
15 63 9 1 0
16 0 8 1 1
16 1 9 1 0
16 2 5 1 1
16 3 4 1 1
16 4 3 1 1
16 5 8 1 1
16 6 7 1 1
16 7 2 1 1
16 8 4 1 0
16 9 3 1 1
16 10 10 1 0
16 11 6 1 0
16 12 6 1 1
16 13 6 1 0
16 14 8 1 1
16 15 4 1 0
16 16 8 1 1
16 17 3 1 0
16 18 5 1 0
16 19 1 1 1
16 20 6 1 1
16 21 5 1 0
16 22 8 1 0
16 23 5 1 0
16 24 5 1 0
16 25 10 1 1
16 26 6 1 1
16 27 5 1 1
16 28 3 1 1
16 29 8 1 1
16 30 7 1 1
16 31 9 1 0
16 32 2 1 1
16 33 4 1 0
16 34 1 1 1
16 35 9 1 1
16 36 1 1 0
16 37 1 1 0
16 38 9 1 1
16 39 1 1 1
16 40 1 1 1
16 41 10 1 0
16 42 3 1 0
16 43 9 1 0
16 44 8 1 1
16 45 4 1 1
16 46 6 1 1
16 47 5 1 0
16 48 2 1 1
16 49 4 1 0
16 50 5 1 1
16 51 10 1 1
16 52 2 1 0
16 53 9 1 1
16 54 10 1 1
16 55 4 1 1
16 56 7 1 1
16 57 8 1 1
16 58 2 1 1
16 59 10 1 1
16 60 9 1 0
16 61 10 1 1
16 62 6 1 1
16 63 1 1 1
17 0 10 1 1
17 1 4 1 1
17 2 6 1 0
17 3 2 1 1
17 4 8 1 1
17 5 8 1 0
17 6 1 1 0
17 7 8 1 1
17 8 7 1 1
17 9 8 1 1
17 10 3 1 1
17 11 3 1 0
17 12 6 1 0
17 13 2 1 0
17 14 4 1 1
17 15 9 1 0
17 16 8 1 1
17 17 1 1 0
17 18 7 1 1
17 19 4 1 1
17 20 4 1 1
17 21 3 1 1
17 22 7 1 1
17 23 10 1 1
17 24 7 1 1
17 25 3 1 1
17 26 7 1 0
17 27 1 1 0
17 28 7 1 1
17 29 4 1 0
17 30 7 1 0
17 31 9 1 1
17 32 3 1 1
17 33 9 1 0
17 34 10 1 0
17 35 9 1 1
17 36 6 1 0
17 37 3 1 1
17 38 6 1 1
17 39 8 1 1
17 40 5 1 0
17 41 7 1 0
17 42 3 1 0
17 43 1 1 0
17 44 7 1 0
17 45 1 1 1
17 46 6 1 1
17 47 8 1 0
17 48 3 1 1
17 49 7 1 0
17 50 9 1 0
17 51 4 1 0
17 52 2 1 1
17 53 6 1 1
17 54 5 1 0
17 55 2 1 1
17 56 5 1 1
17 57 3 1 0
17 58 2 1 0
17 59 2 1 1
17 60 7 1 1
17 61 8 1 1
17 62 9 1 1
17 63 6 1 1
18 0 2 1 1
18 1 5 1 0
18 2 6 1 0
18 3 4 1 0
18 4 7 1 0
18 5 9 1 1
18 6 2 1 1
18 7 8 1 1
18 8 7 1 1
18 9 7 1 1
18 10 5 1 0
18 11 3 1 0
18 12 7 1 1
18 13 8 1 0
18 14 8 1 0
18 15 1 1 0
18 16 5 1 1
18 17 9 1 1
18 18 7 1 1
18 19 5 1 0
18 20 10 1 0
18 21 6 1 1
18 22 10 1 1
18 23 2 1 1
18 24 9 1 0
18 25 5 1 0
18 26 10 1 1
18 27 8 1 1
18 28 10 1 1
18 29 9 1 1
18 30 1 1 1
18 31 3 1 1
18 32 3 1 0
18 33 5 1 1
18 34 2 1 0
18 35 3 1 1
18 36 2 1 1
18 37 9 1 1
18 38 1 1 0
18 39 6 1 0
18 40 10 1 0
18 41 4 1 1
18 42 7 1 0
18 43 4 1 1
18 44 1 1 1
18 45 9 1 1
18 46 8 1 1
18 47 4 1 1
18 48 6 1 1
18 49 2 1 0
18 50 10 1 1
18 51 8 1 0
18 52 8 1 0
18 53 4 1 0
18 54 7 1 0
18 55 4 1 0
18 56 7 1 0
18 57 1 1 1
18 58 3 1 0
18 59 2 1 1
18 60 4 1 1
18 61 8 1 1
18 62 3 1 1
18 63 4 1 1
19 0 9 1 1
19 1 5 1 1
19 2 3 1 0
19 3 6 1 0
19 4 8 1 1
19 5 1 1 1
19 6 8 1 0
19 7 6 1 0
19 8 6 1 0
19 9 2 1 0
19 10 5 1 0
19 11 10 1 1
19 12 8 1 0
19 13 6 1 0
19 14 9 1 0
19 15 7 1 1
19 16 1 1 0
19 17 10 1 1
19 18 5 1 1
19 19 6 1 1
19 20 2 1 1
19 21 8 1 1
19 22 10 1 1
19 23 2 1 1
19 24 2 1 1
19 25 2 1 1
19 26 9 1 0
19 27 4 1 1
19 28 8 1 1
19 29 9 1 1
19 30 4 1 0
19 31 7 1 0
19 32 2 1 0
19 33 6 1 1
19 34 5 1 1
19 35 3 1 1
19 36 4 1 0
19 37 8 1 1
19 38 4 1 1
19 39 4 1 1
19 40 9 1 1
19 41 7 1 0
19 42 9 1 0
19 43 7 1 0
19 44 1 1 0
19 45 2 1 1
19 46 4 1 0
19 47 6 1 0
19 48 2 1 1
19 49 6 1 1
19 50 7 1 1
19 51 2 1 1
19 52 10 1 1
19 53 9 1 1
19 54 8 1 1
19 55 8 1 1
19 56 5 1 1
19 57 10 1 1
19 58 4 1 0
19 59 2 1 0
19 60 9 1 1
19 61 1 1 0
19 62 5 1 1
19 63 5 1 1
20 0 6 1 1
20 1 7 1 0
20 2 6 1 0
20 3 8 1 0
20 4 8 1 1
20 5 7 1 1
20 6 9 1 0
20 7 10 1 1
20 8 5 1 0
20 9 7 1 0
20 10 5 1 0
20 11 5 1 1
20 12 5 1 1
20 13 6 1 0
20 14 9 1 1
20 15 9 1 1
20 16 1 1 0
20 17 7 1 1
20 18 2 1 0
20 19 2 1 1
20 20 8 1 0
20 21 7 1 1
20 22 6 1 1
20 23 4 1 0
20 24 5 1 1
20 25 10 1 0
20 26 2 1 1
20 27 6 1 0
20 28 6 1 0
20 29 7 1 1
20 30 1 1 1
20 31 8 1 1
20 32 2 1 1
20 33 7 1 0
20 34 2 1 1
20 35 1 1 1
20 36 8 1 1
20 37 7 1 1
20 38 4 1 1
20 39 9 1 1
20 40 8 1 0
20 41 4 1 1
20 42 10 1 1
20 43 5 1 0
20 44 8 1 1
20 45 10 1 1
20 46 7 1 0
20 47 4 1 1
20 48 4 1 1
20 49 1 1 1
20 50 6 1 1
20 51 9 1 1
20 52 1 1 1
20 53 6 1 1
20 54 8 1 1
20 55 7 1 1
20 56 10 1 0
20 57 5 1 0
20 58 9 1 0
20 59 4 1 0
20 60 8 1 1
20 61 7 1 1
20 62 6 1 1
20 63 5 1 1
21 0 6 1 1
21 1 8 1 0
21 2 5 1 1
21 3 3 1 0
21 4 2 1 1
21 5 3 1 0
21 6 1 1 1
21 7 3 1 0
21 8 4 1 1
21 9 1 1 0
21 10 5 1 1
21 11 4 1 1
21 12 10 1 1
21 13 7 1 0
21 14 7 1 1
21 15 8 1 1
21 16 8 1 1
21 17 3 1 0
21 18 4 1 0
21 19 10 1 0
21 20 8 1 0
21 21 1 1 0
21 22 9 1 1
21 23 9 1 1
21 24 10 1 0
21 25 3 1 0
21 26 10 1 0
21 27 7 1 0
21 28 5 1 1
21 29 5 1 0
21 30 3 1 0
21 31 9 1 0
21 32 1 1 1
21 33 8 1 0
21 34 7 1 1
21 35 8 1 1
21 36 9 1 1
21 37 3 1 0
21 38 1 1 1
21 39 6 1 1
21 40 8 1 1
21 41 5 1 1
21 42 2 1 1
21 43 4 1 1
21 44 4 1 0
21 45 10 1 1
21 46 4 1 0
21 47 8 1 1
21 48 4 1 1
21 49 6 1 1
21 50 3 1 0
21 51 8 1 1
21 52 1 1 0
21 53 5 1 1
21 54 3 1 1
21 55 2 1 0
21 56 3 1 1
21 57 2 1 1
21 58 9 1 0
21 59 3 1 1
21 60 4 1 1
21 61 5 1 1
21 62 5 1 0
21 63 2 1 1
22 0 10 1 0
22 1 2 1 0
22 2 5 1 0
22 3 1 1 1
22 4 10 1 0
22 5 10 1 1
22 6 3 1 1
22 7 3 1 0
22 8 5 1 1
22 9 5 1 0
22 10 4 1 0
22 11 9 1 1
22 12 8 1 1
22 13 2 1 1
22 14 4 1 0
22 15 2 1 1
22 16 5 1 1
22 17 5 1 1
22 18 8 1 1
22 19 4 1 1
22 20 5 1 0
22 21 3 1 1
22 22 2 1 1
22 23 2 1 1
22 24 6 1 0
22 25 4 1 0
22 26 3 1 1
22 27 3 1 0
22 28 4 1 0
22 29 5 1 0
22 30 4 1 0
22 31 1 1 1
22 32 9 1 1
22 33 2 1 1
22 34 4 1 1
22 35 8 1 0
22 36 4 1 1
22 37 2 1 1
22 38 2 1 0
22 39 5 1 0
22 40 9 1 1
22 41 8 1 1
22 42 7 1 0
22 43 1 1 0
22 44 6 1 0
22 45 1 1 0
22 46 2 1 1
22 47 10 1 1
22 48 1 1 1
22 49 5 1 1
22 50 8 1 1
22 51 10 1 1
22 52 7 1 1
22 53 5 1 1
22 54 5 1 1
22 55 9 1 1
22 56 8 1 1
22 57 3 1 0
22 58 3 1 1
22 59 4 1 1
22 60 7 1 1
22 61 8 1 0
22 62 10 1 1
22 63 7 1 1
23 0 10 1 1
23 1 7 1 0
23 2 7 1 1
23 3 2 1 1
23 4 7 1 1
23 5 4 1 1
23 6 6 1 0
23 7 7 1 1
23 8 6 1 1
23 9 3 1 0
23 10 10 1 1
23 11 1 1 1
23 12 2 1 0
23 13 3 1 0
23 14 4 1 1
23 15 10 1 0
23 16 8 1 1
23 17 6 1 1
23 18 7 1 1
23 19 7 1 1
23 20 5 1 0
23 21 8 1 0
23 22 10 1 0
23 23 8 1 1
23 24 10 1 0
23 25 10 1 0
23 26 2 1 1
23 27 5 1 1
23 28 7 1 1
23 29 1 1 0
23 30 2 1 1
23 31 9 1 0
23 32 8 1 1
23 33 2 1 1
23 34 4 1 1
23 35 4 1 1
23 36 10 1 1
23 37 5 1 0
23 38 8 1 1
23 39 8 1 1
23 40 4 1 0
23 41 5 1 1
23 42 10 1 1
23 43 3 1 1
23 44 2 1 1
23 45 4 1 1
23 46 6 1 0
23 47 2 1 0
23 48 9 1 1
23 49 4 1 1
23 50 2 1 1
23 51 2 1 0
23 52 6 1 0
23 53 4 1 1
23 54 9 1 1
23 55 3 1 0
23 56 4 1 1
23 57 4 1 1
23 58 7 1 0
23 59 3 1 0
23 60 6 1 1
23 61 10 1 1
23 62 2 1 0
23 63 8 1 1
24 0 6 1 0
24 1 9 1 0
24 2 7 1 1
24 3 7 1 1
24 4 3 1 1
24 5 7 1 0
24 6 5 1 1
24 7 1 1 1
24 8 7 1 0
24 9 5 1 1
24 10 7 1 0
24 11 1 1 1
24 12 1 1 0
24 13 10 1 0
24 14 5 1 0
24 15 6 1 0
24 16 4 1 1
24 17 10 1 1
24 18 4 1 1
24 19 10 1 1
24 20 10 1 1
24 21 10 1 0
24 22 10 1 0
24 23 6 1 1
24 24 7 1 1
24 25 8 1 1
24 26 5 1 1
24 27 7 1 0
24 28 7 1 0
24 29 2 1 0
24 30 3 1 1
24 31 6 1 0
24 32 4 1 1
24 33 9 1 0
24 34 6 1 1
24 35 10 1 0
24 36 7 1 1
24 37 5 1 0
24 38 2 1 0
24 39 4 1 1
24 40 2 1 0
24 41 7 1 0
24 42 2 1 0
24 43 7 1 1
24 44 1 1 1
24 45 2 1 0
24 46 2 1 1
24 47 10 1 1
24 48 8 1 1
24 49 1 1 1
24 50 7 1 1
24 51 8 1 1
24 52 8 1 1
24 53 4 1 1
24 54 6 1 1
24 55 8 1 0
24 56 9 1 1
24 57 4 1 1
24 58 8 1 0
24 59 8 1 1
24 60 9 1 1
24 61 6 1 1
24 62 2 1 0
24 63 7 1 0
25 0 2 1 1
25 1 2 1 1
25 2 10 1 1
25 3 5 1 1
25 4 4 1 1
25 5 4 1 1
25 6 4 1 0
25 7 3 1 0
25 8 3 1 0
25 9 5 1 1
25 10 1 1 1
25 11 3 1 1
25 12 9 1 1
25 13 7 1 0
25 14 4 1 0
25 15 5 1 0
25 16 1 1 1
25 17 1 1 0
25 18 1 1 1
25 19 1 1 1
25 20 5 1 1
25 21 4 1 1
25 22 10 1 1
25 23 2 1 1
25 24 3 1 1
25 25 3 1 0
25 26 4 1 1
25 27 10 1 1
25 28 1 1 0
25 29 3 1 0
25 30 3 1 0
25 31 7 1 1
25 32 1 1 0
25 33 4 1 0
25 34 2 1 1
25 35 10 1 1
25 36 3 1 1
25 37 9 1 1
25 38 3 1 1
25 39 4 1 1
25 40 10 1 1
25 41 1 1 0
25 42 2 1 1
25 43 2 1 0
25 44 5 1 1
25 45 10 1 1
25 46 6 1 1
25 47 5 1 1
25 48 10 1 1
25 49 1 1 0
25 50 6 1 0
25 51 1 1 1
25 52 2 1 0
25 53 10 1 0
25 54 5 1 1
25 55 7 1 1
25 56 10 1 0
25 57 8 1 1
25 58 5 1 1
25 59 3 1 0
25 60 1 1 1
25 61 2 1 1
25 62 5 1 1
25 63 10 1 0
26 0 1 1 1
26 1 9 1 1
26 2 6 1 1
26 3 3 1 1
26 4 10 1 1
26 5 6 1 0
26 6 3 1 1
26 7 2 1 0
26 8 3 1 0
26 9 5 1 1
26 10 9 1 0
26 11 10 1 1
26 12 3 1 1
26 13 10 1 0
26 14 5 1 0
26 15 6 1 1
26 16 6 1 0
26 17 9 1 1
26 18 1 1 1
26 19 10 1 1
26 20 2 1 1
26 21 3 1 0
26 22 1 1 0
26 23 9 1 0
26 24 8 1 0
26 25 7 1 0
26 26 4 1 1
26 27 1 1 1
26 28 9 1 0
26 29 1 1 1
26 30 7 1 0
26 31 10 1 1
26 32 3 1 0
26 33 6 1 1
26 34 1 1 1
26 35 1 1 1
26 36 9 1 1
26 37 10 1 0
26 38 6 1 0
26 39 9 1 1
26 40 1 1 0
26 41 5 1 1
26 42 10 1 1
26 43 5 1 0
26 44 5 1 1
26 45 8 1 1
26 46 8 1 1
26 47 4 1 0
26 48 9 1 1
26 49 5 1 0
26 50 6 1 1
26 51 10 1 0
26 52 9 1 1
26 53 1 1 0
26 54 2 1 1
26 55 5 1 0
26 56 8 1 1
26 57 7 1 0
26 58 1 1 0
26 59 2 1 0
26 60 8 1 0
26 61 7 1 1
26 62 1 1 0
26 63 4 1 0
27 0 1 1 0
27 1 3 1 0
27 2 9 1 0
27 3 6 1 0
27 4 2 1 1
27 5 10 1 1
27 6 7 1 1
27 7 5 1 1
27 8 7 1 0
27 9 1 1 0
27 10 8 1 0
27 11 8 1 0
27 12 5 1 1
27 13 10 1 1
27 14 6 1 1
27 15 5 1 0
27 16 1 1 0
27 17 4 1 1
27 18 8 1 0
27 19 7 1 1
27 20 8 1 1
27 21 3 1 1
27 22 1 1 0
27 23 9 1 0
27 24 10 1 1
27 25 5 1 1
27 26 8 1 0
27 27 1 1 1
27 28 5 1 1
27 29 9 1 0
27 30 8 1 0
27 31 10 1 1
27 32 2 1 1
27 33 6 1 1
27 34 8 1 0
27 35 4 1 1
27 36 8 1 1
27 37 3 1 1
27 38 3 1 1
27 39 4 1 0
27 40 6 1 0
27 41 7 1 1
27 42 9 1 1
27 43 6 1 0
27 44 1 1 1
27 45 1 1 1
27 46 8 1 1
27 47 2 1 0
27 48 2 1 1
27 49 4 1 0
27 50 7 1 1
27 51 7 1 1
27 52 3 1 0
27 53 8 1 0
27 54 7 1 1
27 55 10 1 1
27 56 10 1 0
27 57 2 1 0
27 58 9 1 0
27 59 9 1 0
27 60 10 1 1
27 61 4 1 1
27 62 10 1 0
27 63 4 1 1
28 0 2 1 1
28 1 2 1 1
28 2 7 1 0
28 3 1 1 0
28 4 9 1 0
28 5 9 1 0
28 6 5 1 1
28 7 2 1 0
28 8 5 1 1
28 9 3 1 0
28 10 6 1 1
28 11 2 1 0
28 12 10 1 0
28 13 6 1 1
28 14 3 1 0
28 15 8 1 1
28 16 7 1 0
28 17 9 1 1
28 18 9 1 1
28 19 5 1 1
28 20 10 1 0
28 21 9 1 1
28 22 3 1 0
28 23 1 1 0
28 24 3 1 1
28 25 3 1 0
28 26 1 1 0
28 27 6 1 1
28 28 2 1 0
28 29 5 1 0
28 30 7 1 0
28 31 8 1 0
28 32 7 1 1
28 33 9 1 1
28 34 9 1 0
28 35 8 1 1
28 36 7 1 1
28 37 7 1 0
28 38 6 1 1
28 39 1 1 1
28 40 9 1 1
28 41 10 1 0
28 42 8 1 1
28 43 7 1 1
28 44 2 1 1
28 45 6 1 1
28 46 1 1 0
28 47 3 1 1
28 48 10 1 1
28 49 3 1 0
28 50 3 1 1
28 51 7 1 0
28 52 5 1 1
28 53 4 1 1
28 54 4 1 0
28 55 2 1 0
28 56 10 1 0
28 57 7 1 1
28 58 5 1 1
28 59 5 1 0
28 60 5 1 1
28 61 10 1 0
28 62 1 1 0
28 63 9 1 1
29 0 7 1 1
29 1 5 1 1
29 2 7 1 1
29 3 3 1 1
29 4 2 1 1
29 5 10 1 0
29 6 10 1 1
29 7 5 1 0
29 8 8 1 1
29 9 5 1 1
29 10 2 1 0
29 11 3 1 1
29 12 10 1 1
29 13 1 1 1
29 14 6 1 0
29 15 5 1 1
29 16 7 1 1
29 17 10 1 1
29 18 3 1 0
29 19 9 1 0
29 20 5 1 0
29 21 10 1 1
29 22 1 1 1
29 23 4 1 1
29 24 6 1 1
29 25 7 1 0
29 26 7 1 0
29 27 1 1 1
29 28 6 1 1
29 29 7 1 1
29 30 8 1 1
29 31 3 1 1
29 32 7 1 1
29 33 6 1 0
29 34 2 1 0
29 35 8 1 1
29 36 4 1 1
29 37 4 1 1
29 38 2 1 0
29 39 7 1 0
29 40 8 1 0
29 41 3 1 1
29 42 10 1 1
29 43 2 1 1
29 44 3 1 1
29 45 5 1 0
29 46 9 1 0
29 47 7 1 0
29 48 2 1 0
29 49 2 1 0
29 50 10 1 1
29 51 10 1 1
29 52 5 1 1
29 53 5 1 0
29 54 10 1 1
29 55 7 1 1
29 56 10 1 1
29 57 8 1 1
29 58 3 1 1
29 59 2 1 0
29 60 7 1 1
29 61 10 1 1
29 62 10 1 1
29 63 8 1 1
30 0 9 1 0
30 1 5 1 1
30 2 9 1 1
30 3 1 1 1
30 4 9 1 0
30 5 9 1 0
30 6 9 1 0
30 7 5 1 1
30 8 8 1 0
30 9 2 1 0
30 10 8 1 0
30 11 4 1 1
30 12 2 1 1
30 13 3 1 0
30 14 1 1 1
30 15 8 1 1
30 16 2 1 1
30 17 4 1 1
30 18 3 1 1
30 19 9 1 0
30 20 9 1 1
30 21 9 1 1
30 22 6 1 0
30 23 9 1 0
30 24 6 1 0
30 25 7 1 0
30 26 4 1 1
30 27 10 1 0
30 28 1 1 1
30 29 3 1 1
30 30 4 1 1
30 31 2 1 1
30 32 8 1 1
30 33 7 1 0
30 34 9 1 1
30 35 10 1 0
30 36 9 1 1
30 37 2 1 0
30 38 8 1 0
30 39 9 1 1
30 40 8 1 1
30 41 4 1 0
30 42 2 1 1
30 43 8 1 0
30 44 1 1 1
30 45 10 1 1
30 46 7 1 1
30 47 4 1 1
30 48 1 1 1
30 49 9 1 1
30 50 5 1 0
30 51 7 1 1
30 52 2 1 1
30 53 2 1 1
30 54 3 1 1
30 55 10 1 1
30 56 8 1 1
30 57 8 1 0
30 58 8 1 1
30 59 1 1 1
30 60 6 1 1
30 61 8 1 1
30 62 5 1 1
30 63 1 1 0
31 0 6 1 0
31 1 6 1 1
31 2 6 1 1
31 3 6 1 1
31 4 3 1 1
31 5 4 1 0
31 6 1 1 1
31 7 1 1 0
31 8 2 1 0
31 9 9 1 1
31 10 9 1 0
31 11 10 1 0
31 12 4 1 1
31 13 1 1 0
31 14 8 1 1
31 15 7 1 0
31 16 2 1 1
31 17 1 1 1
31 18 7 1 1
31 19 7 1 1
31 20 4 1 0
31 21 3 1 1
31 22 5 1 0
31 23 1 1 1
31 24 8 1 0
31 25 8 1 0
31 26 2 1 0
31 27 6 1 0
31 28 2 1 0
31 29 2 1 0
31 30 7 1 1
31 31 5 1 0
31 32 9 1 1
31 33 2 1 1
31 34 1 1 1
31 35 4 1 1
31 36 9 1 0
31 37 5 1 1
31 38 6 1 1
31 39 8 1 1
31 40 1 1 0
31 41 9 1 1
31 42 10 1 0
31 43 8 1 1
31 44 10 1 1
31 45 2 1 1
31 46 10 1 1
31 47 2 1 0
31 48 2 1 1
31 49 9 1 0
31 50 9 1 1
31 51 9 1 1
31 52 5 1 1
31 53 5 1 1
31 54 2 1 1
31 55 3 1 0
31 56 8 1 0
31 57 1 1 1
31 58 5 1 1
31 59 9 1 0
31 60 10 1 1
31 61 9 1 0
31 62 8 1 1
31 63 1 1 0
32 0 4 1 0
32 1 10 1 1
32 2 3 1 0
32 3 3 1 0
32 4 6 1 0
32 5 1 1 0
32 6 8 1 1
32 7 4 1 1
32 8 3 1 1
32 9 6 1 1
32 10 9 1 1
32 11 6 1 1
32 12 5 1 1
32 13 10 1 1
32 14 9 1 1
32 15 10 1 0
32 16 3 1 0
32 17 5 1 0
32 18 2 1 0
32 19 9 1 0
32 20 7 1 1
32 21 5 1 1
32 22 10 1 1
32 23 9 1 0
32 24 6 1 1
32 25 10 1 1
32 26 6 1 0
32 27 9 1 1
32 28 8 1 1
32 29 6 1 1
32 30 6 1 0
32 31 10 1 1
32 32 1 1 1
32 33 1 1 1
32 34 10 1 1
32 35 3 1 1
32 36 6 1 1
32 37 5 1 0
32 38 4 1 1
32 39 10 1 0
32 40 4 1 1
32 41 6 1 0
32 42 9 1 0
32 43 5 1 0
32 44 7 1 0
32 45 3 1 1
32 46 5 1 1
32 47 2 1 1
32 48 1 1 0
32 49 9 1 0
32 50 5 1 1
32 51 10 1 0
32 52 7 1 0
32 53 4 1 1
32 54 2 1 1
32 55 5 1 0
32 56 2 1 0
32 57 9 1 1
32 58 5 1 0
32 59 5 1 0
32 60 3 1 1
32 61 1 1 0
32 62 5 1 1
32 63 6 1 0
33 0 9 1 0
33 1 1 1 0
33 2 10 1 0
33 3 2 1 0
33 4 3 1 0
33 5 10 1 0
33 6 5 1 0
33 7 8 1 1
33 8 7 1 0
33 9 2 1 0
33 10 6 1 0
33 11 2 1 1
33 12 5 1 0
33 13 8 1 1
33 14 4 1 0
33 15 5 1 0
33 16 5 1 1
33 17 9 1 0
33 18 2 1 1
33 19 1 1 1
33 20 4 1 1
33 21 7 1 1
33 22 6 1 1
33 23 8 1 0
33 24 9 1 1
33 25 9 1 1
33 26 6 1 0
33 27 5 1 1
33 28 10 1 0
33 29 10 1 1
33 30 5 1 0
33 31 9 1 1
33 32 9 1 0
33 33 7 1 1
33 34 4 1 0
33 35 9 1 0
33 36 4 1 1
33 37 6 1 1
33 38 4 1 1
33 39 8 1 1
33 40 7 1 0
33 41 9 1 1
33 42 1 1 1
33 43 6 1 0
33 44 8 1 1
33 45 8 1 0
33 46 7 1 0
33 47 7 1 1
33 48 6 1 1
33 49 3 1 0
33 50 7 1 0
33 51 6 1 1
33 52 1 1 1
33 53 4 1 1
33 54 3 1 1
33 55 1 1 1
33 56 9 1 1
33 57 1 1 0
33 58 8 1 1
33 59 2 1 1
33 60 7 1 1
33 61 9 1 0
33 62 1 1 1
33 63 6 1 0
34 0 6 1 1
34 1 4 1 1
34 2 5 1 0
34 3 7 1 1
34 4 5 1 0
34 5 4 1 1
34 6 3 1 0
34 7 9 1 0
34 8 5 1 1
34 9 6 1 0
34 10 2 1 -25
34 11 4 1 1
34 12 5 1 1
34 13 4 1 0
34 14 3 1 0
34 15 10 1 0
34 16 7 1 0
34 17 8 1 1
34 18 10 1 1
34 19 2 1 0
34 20 7 1 1
34 21 3 1 0
34 22 7 1 0
34 23 1 1 1
34 24 8 1 1
34 25 4 1 1
34 26 5 1 0
34 27 6 1 1
34 28 1 1 1
34 29 5 1 1
34 30 10 1 0
34 31 6 1 1
34 32 5 1 1
34 33 1 1 0
34 34 8 1 1
34 35 1 1 1
34 36 10 1 0
34 37 5 1 1
34 38 7 1 0
34 39 6 1 0
34 40 5 1 1
34 41 2 1 1
34 42 1 1 0
34 43 9 1 0
34 44 4 1 1
34 45 1 1 1
34 46 4 1 0
34 47 4 1 1
34 48 3 1 1
34 49 1 1 1
34 50 9 1 0
34 51 9 1 1
34 52 2 1 1
34 53 3 1 1
34 54 9 1 1
34 55 8 1 0
34 56 8 1 1
34 57 7 1 0
34 58 3 1 1
34 59 2 1 1
34 60 4 1 0
34 61 6 1 1
34 62 3 1 1
34 63 1 1 1
35 0 9 1 0
35 1 4 1 1
35 2 5 1 1
35 3 2 1 1
35 4 1 1 0
35 5 5 1 0
35 6 3 1 1
35 7 7 1 1
35 8 6 1 1
35 9 9 1 1
35 10 1 1 1
35 11 6 1 1
35 12 8 1 1
35 13 5 1 1
35 14 6 1 0
35 15 4 1 1
35 16 3 1 0
35 17 10 1 1
35 18 9 1 0
35 19 2 1 1
35 20 1 1 1
35 21 2 1 0
35 22 9 1 1
35 23 5 1 1
35 24 8 1 1
35 25 6 1 1
35 26 1 1 0
35 27 5 1 0
35 28 1 1 0
35 29 2 1 0
35 30 5 1 1
35 31 6 1 1
35 32 8 1 1
35 33 4 1 1
35 34 10 1 1
35 35 10 1 1
35 36 10 1 0
35 37 2 1 0
35 38 2 1 0
35 39 8 1 1
35 40 7 1 1
35 41 4 1 1
35 42 5 1 1
35 43 6 1 1
35 44 9 1 0
35 45 8 1 1
35 46 10 1 0
35 47 8 1 0
35 48 10 1 1
35 49 6 1 1
35 50 6 1 1
35 51 2 1 0
35 52 2 1 0
35 53 9 1 1
35 54 7 1 1
35 55 3 1 1
35 56 2 1 1
35 57 4 1 1
35 58 7 1 1
35 59 9 1 0
35 60 5 1 1
35 61 3 1 1
35 62 2 1 1
35 63 10 1 0
36 0 4 1 1
36 1 3 1 0
36 2 1 1 0
36 3 4 1 1
36 4 6 1 0
36 5 10 1 1
36 6 2 1 1
36 7 10 1 1
36 8 1 1 1
36 9 7 1 1
36 10 9 1 1
36 11 7 1 0
36 12 4 1 0
36 13 4 1 1
36 14 3 1 1
36 15 3 1 0
36 16 5 1 1
36 17 9 1 1
36 18 3 1 1
36 19 10 1 1
36 20 5 1 1
36 21 8 1 1
36 22 9 1 0
36 23 7 1 0
36 24 2 1 1
36 25 9 1 0
36 26 1 1 1
36 27 10 1 1
36 28 1 1 0
36 29 3 1 1
36 30 7 1 0
36 31 1 1 0
36 32 10 1 0
36 33 2 1 1
36 34 2 1 1
36 35 1 1 1
36 36 1 1 1
36 37 9 1 0
36 38 5 1 1
36 39 10 1 1
36 40 1 1 0
36 41 4 1 1
36 42 7 1 1
36 43 1 1 1
36 44 2 1 1
36 45 1 1 1
36 46 5 1 0
36 47 2 1 1
36 48 7 1 1
36 49 2 1 1
36 50 10 1 1
36 51 7 1 1
36 52 5 1 1
36 53 7 1 0
36 54 5 1 1
36 55 2 1 0
36 56 4 1 1
36 57 7 1 0
36 58 5 1 0
36 59 4 1 1
36 60 4 1 0
36 61 10 1 1
36 62 8 1 1
36 63 3 1 0
37 0 4 1 0
37 1 2 1 1
37 2 3 1 0
37 3 7 1 1
37 4 1 1 1
37 5 9 1 1
37 6 7 1 1
37 7 1 1 0
37 8 1 1 0
37 9 2 1 0
37 10 6 1 1
37 11 10 1 1
37 12 4 1 1
37 13 6 1 0
37 14 10 1 1
37 15 3 1 1
37 16 2 1 1
37 17 1 1 1
37 18 3 1 0
37 19 10 1 0
37 20 7 1 1
37 21 7 1 1
37 22 2 1 1
37 23 8 1 1
37 24 1 1 0
37 25 6 1 0
37 26 8 1 1
37 27 10 1 1
37 28 4 1 0
37 29 4 1 0
37 30 3 1 0
37 31 9 1 1
37 32 10 1 0
37 33 4 1 1
37 34 7 1 0
37 35 1 1 1
37 36 8 1 0
37 37 1 1 1
37 38 9 1 0
37 39 9 1 1
37 40 9 1 1
37 41 2 1 1
37 42 2 1 1
37 43 4 1 1
37 44 7 1 1
37 45 8 1 1
37 46 8 1 1
37 47 4 1 0
37 48 6 1 0
37 49 4 1 0
37 50 2 1 1
37 51 6 1 1
37 52 9 1 1
37 53 6 1 1
37 54 2 1 0
37 55 1 1 0
37 56 6 1 0
37 57 6 1 1
37 58 7 1 0
37 59 5 1 0
37 60 9 1 1
37 61 7 1 1
37 62 2 1 1
37 63 8 1 1
38 0 9 1 1
38 1 2 1 0
38 2 6 1 0
38 3 8 1 0
38 4 10 1 1
38 5 5 1 0
38 6 4 1 1
38 7 8 1 0
38 8 9 1 1
38 9 7 1 1
38 10 9 1 1
38 11 2 1 1
38 12 10 1 0
38 13 4 1 0
38 14 2 1 1
38 15 2 1 3
38 16 4 1 1
38 17 4 1 0
38 18 9 1 0
38 19 10 1 1
38 20 2 1 0
38 21 5 1 0
38 22 3 1 1
38 23 2 1 1
38 24 3 1 1
38 25 2 1 1
38 26 10 1 1
38 27 10 1 0
38 28 3 1 1
38 29 2 1 0
38 30 2 1 0
38 31 3 1 1
38 32 5 1 0
38 33 1 1 1
38 34 10 1 0
38 35 4 1 1
38 36 8 1 1
38 37 5 1 0
38 38 10 1 0
38 39 3 1 1
38 40 3 1 0
38 41 2 1 0
38 42 10 1 1
38 43 6 1 0
38 44 6 1 1
38 45 5 1 0
38 46 6 1 0
38 47 10 1 1
38 48 9 1 0
38 49 10 1 1
38 50 5 1 1
38 51 2 1 1
38 52 9 1 0
38 53 9 1 0
38 54 6 1 0
38 55 5 1 0
38 56 3 1 0
38 57 1 1 0
38 58 8 1 0
38 59 4 1 1
38 60 3 1 0
38 61 3 1 0
38 62 3 1 0
38 63 8 1 1
39 0 7 1 1
39 1 9 1 0
39 2 1 1 1
39 3 5 1 1
39 4 10 1 0
39 5 3 1 1
39 6 8 1 1
39 7 2 1 1
39 8 2 1 0
39 9 9 1 1
39 10 7 1 0
39 11 6 1 0
39 12 4 1 0
39 13 4 1 1
39 14 6 1 1
39 15 6 1 0
39 16 7 1 1
39 17 3 1 0
39 18 2 1 1
39 19 4 1 0
39 20 1 1 1
39 21 9 1 1
39 22 6 1 1
39 23 5 1 1
39 24 2 1 0
39 25 8 1 1
39 26 5 1 0
39 27 1 1 1
39 28 8 1 1
39 29 2 1 1
39 30 8 1 1
39 31 8 1 1
39 32 6 1 1
39 33 6 1 0
39 34 4 1 1
39 35 3 1 0
39 36 3 1 1
39 37 9 1 1
39 38 6 1 1
39 39 1 1 0
39 40 6 1 1
39 41 2 1 1
39 42 2 1 1
39 43 7 1 0
39 44 9 1 1
39 45 3 1 1
39 46 6 1 0
39 47 7 1 1
39 48 4 1 0
39 49 8 1 1
39 50 10 1 1
39 51 5 1 1
39 52 2 1 1
39 53 8 1 0
39 54 5 1 0
39 55 8 1 0
39 56 7 1 0
39 57 2 1 0
39 58 9 1 1
39 59 5 1 1
39 60 9 1 0
39 61 7 1 0
39 62 2 1 1
39 63 4 1 1
40 0 4 1 1
40 1 3 1 1
40 2 7 1 1
40 3 1 1 1
40 4 8 1 1
40 5 9 1 0
40 6 10 1 1
40 7 8 1 0
40 8 1 1 0
40 9 8 1 0
40 10 4 1 0
40 11 2 1 1
40 12 6 1 0
40 13 1 1 1
40 14 8 1 1
40 15 7 1 1
40 16 9 1 1
40 17 5 1 1
40 18 7 1 0
40 19 1 1 0
40 20 2 1 0
40 21 2 1 1
40 22 9 1 0
40 23 5 1 1
40 24 10 1 1
40 25 10 1 0
40 26 4 1 1
40 27 4 1 0
40 28 2 1 0
40 29 10 1 1
40 30 4 1 0
40 31 8 1 0
40 32 10 1 0
40 33 10 1 0
40 34 7 1 1
40 35 8 1 1
40 36 1 1 0
40 37 8 1 1
40 38 1 1 0
40 39 8 1 0
40 40 8 1 1
40 41 9 1 0
40 42 1 1 1
40 43 1 1 1
40 44 5 1 0
40 45 4 1 1
40 46 2 1 1
40 47 2 1 0
40 48 1 1 1
40 49 4 1 1
40 50 9 1 0
40 51 1 1 0
40 52 10 1 0
40 53 4 1 0
40 54 4 1 0
40 55 1 1 0
40 56 3 1 1
40 57 7 1 0
40 58 4 1 0
40 59 4 1 1
40 60 7 1 1
40 61 3 1 0
40 62 7 1 1
40 63 2 1 0
41 0 6 1 1
41 1 4 1 1
41 2 1 1 1
41 3 5 1 0
41 4 7 1 1
41 5 1 1 1
41 6 9 1 0
41 7 5 1 0
41 8 8 1 1
41 9 9 1 1
41 10 5 1 0
41 11 1 1 0
41 12 8 1 1
41 13 5 1 1
41 14 4 1 0
41 15 4 1 0
41 16 5 1 1
41 17 7 1 0
41 18 5 1 0
41 19 7 1 0
41 20 8 1 0
41 21 2 1 1
41 22 5 1 1
41 23 8 1 1
41 24 10 1 1
41 25 5 1 1
41 26 6 1 1
41 27 7 1 1
41 28 6 1 1
41 29 7 1 1
41 30 5 1 0
41 31 5 1 0
41 32 1 1 1
41 33 1 1 1
41 34 2 1 0
41 35 2 1 1
41 36 5 1 1
41 37 4 1 1
41 38 4 1 0
41 39 4 1 1
41 40 4 1 1
41 41 5 1 0
41 42 1 1 1
41 43 6 1 1
41 44 1 1 1
41 45 6 1 1
41 46 4 1 0
41 47 7 1 1
41 48 8 1 1
41 49 5 1 1
41 50 2 1 0
41 51 7 1 1
41 52 3 1 0
41 53 1 1 0
41 54 2 1 1
41 55 6 1 1
41 56 6 1 1
41 57 3 1 0
41 58 6 1 1
41 59 10 1 0
41 60 1 1 1
41 61 7 1 0
41 62 5 1 1
41 63 3 1 1
42 0 8 1 0
42 1 9 1 0
42 2 3 1 1
42 3 6 1 1
42 4 3 1 1
42 5 8 1 1
42 6 10 1 0
42 7 1 1 1
42 8 5 1 0
42 9 6 1 0
42 10 10 1 0
42 11 10 1 1
42 12 5 1 0
42 13 7 1 0
42 14 1 1 0
42 15 8 1 1
42 16 1 1 0
42 17 8 1 1
42 18 1 1 1
42 19 4 1 0
42 20 8 1 1
42 21 7 1 0
42 22 4 1 1
42 23 7 1 1
42 24 5 1 1
42 25 5 1 1
42 26 4 1 1
42 27 6 1 0
42 28 3 1 1
42 29 2 1 0
42 30 6 1 1
42 31 1 1 1
42 32 1 1 0
42 33 7 1 0
42 34 6 1 1
42 35 4 1 1
42 36 1 1 0
42 37 7 1 0
42 38 9 1 0
42 39 8 1 0
42 40 9 1 0
42 41 2 1 0
42 42 5 1 0
42 43 10 1 1
42 44 5 1 1
42 45 5 1 0
42 46 5 1 1
42 47 5 1 1
42 48 5 1 1
42 49 7 1 1
42 50 4 1 1
42 51 1 1 1
42 52 6 1 0
42 53 1 1 1
42 54 7 1 1
42 55 1 1 1
42 56 3 1 1
42 57 2 1 1
42 58 7 1 1
42 59 8 1 0
42 60 4 1 0
42 61 5 1 1
42 62 10 1 0
42 63 4 1 0
43 0 9 1 1
43 1 9 1 1
43 2 2 1 0
43 3 4 1 0
43 4 10 1 1
43 5 6 1 0
43 6 3 1 0
43 7 10 1 0
43 8 4 1 0
43 9 1 1 0
43 10 2 1 1
43 11 10 1 0
43 12 9 1 0
43 13 8 1 0
43 14 4 1 1
43 15 6 1 0
43 16 5 1 1
43 17 9 1 0
43 18 4 1 0
43 19 5 1 1
43 20 6 1 0
43 21 2 1 1
43 22 4 1 0
43 23 7 1 1
43 24 1 1 1
43 25 10 1 0
43 26 3 1 0
43 27 5 1 0
43 28 2 1 1
43 29 2 1 0
43 30 10 1 0
43 31 1 1 0
43 32 10 1 0
43 33 8 1 1
43 34 2 1 1
43 35 8 1 0
43 36 6 1 1
43 37 6 1 1
43 38 3 1 0
43 39 4 1 1
43 40 8 1 0
43 41 7 1 0
43 42 1 1 1
43 43 5 1 1
43 44 2 1 0
43 45 1 1 1
43 46 6 1 1
43 47 10 1 1
43 48 4 1 1
43 49 4 1 1
43 50 2 1 1
43 51 7 1 1
43 52 10 1 1
43 53 10 1 0
43 54 5 1 0
43 55 10 1 0
43 56 7 1 0
43 57 6 1 0
43 58 10 1 1
43 59 5 1 1
43 60 3 1 1
43 61 2 1 0
43 62 8 1 0
43 63 5 1 0
44 0 7 1 0
44 1 6 1 1
44 2 10 1 1
44 3 5 1 1
44 4 10 1 1
44 5 1 1 0
44 6 2 1 1
44 7 3 1 0
44 8 4 1 0
44 9 10 1 1
44 10 3 1 1
44 11 3 1 1
44 12 4 1 1
44 13 1 1 1
44 14 2 1 1
44 15 5 1 0
44 16 3 1 0
44 17 4 1 0
44 18 4 1 0
44 19 5 1 0
44 20 8 1 1
44 21 9 1 0
44 22 9 1 1
44 23 10 1 0
44 24 9 1 1
44 25 10 1 0
44 26 1 1 0
44 27 7 1 1
44 28 9 1 1
44 29 2 1 1
44 30 1 1 0
44 31 1 1 0
44 32 5 1 1
44 33 6 1 1
44 34 3 1 1
44 35 5 1 0
44 36 2 1 0
44 37 9 1 1
44 38 9 1 1
44 39 6 1 0
44 40 3 1 1
44 41 6 1 0
44 42 7 1 1
44 43 9 1 1
44 44 4 1 1
44 45 6 1 1
44 46 8 1 1
44 47 8 1 1
44 48 8 1 1
44 49 7 1 0
44 50 3 1 1
44 51 4 1 1
44 52 3 1 1
44 53 5 1 1
44 54 2 1 1
44 55 3 1 0
44 56 9 1 1
44 57 4 1 1
44 58 5 1 1
44 59 5 1 0
44 60 7 1 1
44 61 6 1 0
44 62 5 1 1
44 63 2 1 0
45 0 5 1 1
45 1 2 1 0
45 2 9 1 0
45 3 10 1 1
45 4 9 1 0
45 5 2 1 1
45 6 4 1 1
45 7 7 1 0
45 8 8 1 0
45 9 7 1 0
45 10 4 1 1
45 11 4 1 0
45 12 7 1 1
45 13 6 1 1
45 14 6 1 0
45 15 8 1 0
45 16 8 1 1
45 17 9 1 1
45 18 2 1 1
45 19 5 1 0
45 20 3 1 1
45 21 7 1 1
45 22 1 1 1
45 23 10 1 1
45 24 10 1 0
45 25 4 1 0
45 26 3 1 0
45 27 7 1 1
45 28 6 1 1
45 29 8 1 0
45 30 1 1 1
45 31 6 1 0
45 32 2 1 1
45 33 4 1 1
45 34 9 1 1
45 35 7 1 1
45 36 10 1 1
45 37 10 1 1
45 38 7 1 1
45 39 1 1 0
45 40 5 1 1
45 41 3 1 0
45 42 8 1 0
45 43 6 1 1
45 44 6 1 1
45 45 1 1 1
45 46 8 1 1
45 47 8 1 0
45 48 10 1 1
45 49 5 1 0
45 50 6 1 1
45 51 2 1 0
45 52 9 1 1
45 53 10 1 1
45 54 10 1 0
45 55 3 1 1
45 56 1 1 0
45 57 4 1 0
45 58 5 1 0
45 59 5 1 1
45 60 3 1 0
45 61 1 1 1
45 62 7 1 1
45 63 5 1 0
46 0 3 1 1
46 1 4 1 1
46 2 4 1 1
46 3 3 1 0
46 4 1 1 1
46 5 9 1 1
46 6 9 1 0
46 7 4 1 1
46 8 5 1 1
46 9 3 1 1
46 10 3 1 1
46 11 2 1 0
46 12 6 1 1
46 13 8 1 0
46 14 2 1 1
46 15 4 1 1
46 16 4 1 0
46 17 10 1 0
46 18 2 1 1
46 19 6 1 0
46 20 10 1 0
46 21 9 1 0
46 22 9 1 1
46 23 7 1 1
46 24 4 1 1
46 25 6 1 1
46 26 6 1 1
46 27 10 1 0
46 28 6 1 1
46 29 1 1 1
46 30 3 1 0
46 31 8 1 1
46 32 9 1 0
46 33 8 1 1
46 34 5 1 1
46 35 8 1 1
46 36 3 1 0
46 37 6 1 0
46 38 2 1 1
46 39 10 1 1
46 40 10 1 0
46 41 8 1 0
46 42 5 1 0
46 43 2 1 1
46 44 3 1 0
46 45 10 1 1
46 46 1 1 1
46 47 3 1 0
46 48 9 1 0
46 49 6 1 0
46 50 8 1 1
46 51 7 1 1
46 52 8 1 1
46 53 3 1 0
46 54 5 1 1
46 55 8 1 1
46 56 3 1 0
46 57 10 1 0
46 58 9 1 1
46 59 6 1 1
46 60 7 1 0
46 61 6 1 1
46 62 10 1 0
46 63 4 1 1
47 0 9 1 1
47 1 6 1 1
47 2 2 1 1
47 3 1 1 0
47 4 2 1 1
47 5 4 1 1
47 6 6 1 1
47 7 8 1 0
47 8 8 1 1
47 9 5 1 1
47 10 8 1 1
47 11 7 1 1
47 12 6 1 1
47 13 9 1 1
47 14 9 1 1
47 15 7 1 1
47 16 8 1 1
47 17 3 1 1
47 18 2 1 0
47 19 7 1 1
47 20 3 1 0
47 21 9 1 1
47 22 8 1 1
47 23 8 1 1
47 24 4 1 0
47 25 7 1 1
47 26 2 1 0
47 27 3 1 1
47 28 5 1 0
47 29 4 1 1
47 30 9 1 0
47 31 3 1 0
47 32 8 1 0
47 33 5 1 0
47 34 5 1 0
47 35 8 1 1
47 36 5 1 0
47 37 10 1 1
47 38 5 1 0
47 39 6 1 0
47 40 7 1 1
47 41 7 1 0
47 42 1 1 0
47 43 6 1 0
47 44 3 1 0
47 45 6 1 1
47 46 8 1 1
47 47 4 1 1
47 48 4 1 1
47 49 1 1 0
47 50 2 1 0
47 51 1 1 1
47 52 5 1 0
47 53 5 1 1
47 54 5 1 0
47 55 6 1 0
47 56 1 1 0
47 57 2 1 0
47 58 5 1 1
47 59 8 1 1
47 60 5 1 0
47 61 3 1 1
47 62 3 1 1
47 63 3 1 0
48 0 1 1 0
48 1 7 1 1
48 2 5 1 0
48 3 10 1 1
48 4 10 1 0
48 5 8 1 1
48 6 3 1 0
48 7 3 1 0
48 8 8 1 0
48 9 3 1 1
48 10 8 1 1
48 11 7 1 1
48 12 2 1 1
48 13 4 1 0
48 14 5 1 0
48 15 3 1 0
48 16 4 1 1
48 17 10 1 0
48 18 3 1 0
48 19 3 1 0
48 20 2 1 1
48 21 10 1 1
48 22 7 1 1
48 23 3 1 0
48 24 6 1 0
48 25 10 1 1
48 26 6 1 1
48 27 9 1 1
48 28 8 1 0
48 29 5 1 1
48 30 5 1 0
48 31 7 1 1
48 32 4 1 1
48 33 9 1 1
48 34 9 1 1
48 35 10 1 1
48 36 5 1 0
48 37 6 1 1
48 38 7 1 1
48 39 3 1 1
48 40 9 1 1
48 41 9 1 1
48 42 2 1 0
48 43 9 1 1
48 44 3 1 0
48 45 5 1 0
48 46 4 1 0
48 47 4 1 1
48 48 9 1 1
48 49 8 1 1
48 50 8 1 1
48 51 10 1 0
48 52 7 1 0
48 53 7 1 1
48 54 5 1 1
48 55 4 1 1
48 56 5 1 0
48 57 7 1 1
48 58 2 1 1
48 59 3 1 0
48 60 7 1 0
48 61 5 1 1
48 62 3 1 0
48 63 10 1 1
49 0 1 1 0
49 1 6 1 0
49 2 7 1 1
49 3 2 1 0
49 4 10 1 0
49 5 2 1 1
49 6 10 1 0
49 7 10 1 1
49 8 4 1 0
49 9 4 1 0
49 10 8 1 0
49 11 1 1 1
49 12 2 1 1
49 13 9 1 1
49 14 9 1 0
49 15 10 1 1
49 16 9 1 0
49 17 4 1 0
49 18 10 1 0
49 19 4 1 1
49 20 8 1 0
49 21 7 1 1
49 22 9 1 0
49 23 6 1 1
49 24 6 1 0
49 25 7 1 1
49 26 4 1 1
49 27 7 1 1
49 28 4 1 0
49 29 10 1 1
49 30 3 1 0
49 31 1 1 0
49 32 7 1 0
49 33 9 1 0
49 34 9 1 0
49 35 4 1 1
49 36 5 1 1
49 37 4 1 1
49 38 7 1 1
49 39 6 1 0
49 40 8 1 1
49 41 4 1 0
49 42 1 1 0
49 43 10 1 0
49 44 2 1 0
49 45 10 1 1
49 46 3 1 0
49 47 4 1 1
49 48 4 1 1
49 49 6 1 1
49 50 5 1 0
49 51 5 1 1
49 52 5 1 1
49 53 8 1 1
49 54 4 1 1
49 55 4 1 1
49 56 3 1 1
49 57 1 1 1
49 58 5 1 1
49 59 3 1 0
49 60 6 1 1
49 61 3 1 1
49 62 2 1 1
49 63 6 1 1
50 0 5 1 1
50 1 5 1 1
50 2 3 1 1
50 3 1 1 0
50 4 10 1 0
50 5 2 1 1
50 6 5 1 0
50 7 2 1 1
50 8 6 1 0
50 9 3 1 1
50 10 4 1 1
50 11 4 1 0
50 12 8 1 1
50 13 4 1 1
50 14 8 1 1
50 15 8 1 0
50 16 4 1 1
50 17 3 1 1
50 18 4 1 1
50 19 4 1 1
50 20 4 1 0
50 21 10 1 1
50 22 10 1 1
50 23 5 1 1
50 24 10 1 1
50 25 5 1 1
50 26 2 1 1
50 27 1 1 0
50 28 5 1 0
50 29 3 1 1
50 30 7 1 0
50 31 7 1 1
50 32 1 1 0
50 33 2 1 1
50 34 8 1 0
50 35 4 1 1
50 36 3 1 1
50 37 2 1 0
50 38 1 1 1
50 39 7 1 1
50 40 4 1 0
50 41 9 1 1
50 42 8 1 0
50 43 9 1 0
50 44 3 1 1
50 45 1 1 1
50 46 10 1 1
50 47 10 1 1
50 48 7 1 1
50 49 8 1 0
50 50 7 1 1
50 51 8 1 0
50 52 3 1 1
50 53 10 1 1
50 54 7 1 1
50 55 10 1 1
50 56 5 1 1
50 57 6 1 0
50 58 2 1 1
50 59 1 1 1
50 60 2 1 0
50 61 5 1 1
50 62 4 1 1
50 63 4 1 1
51 0 5 1 1
51 1 9 1 1
51 2 6 1 1
51 3 9 1 1
51 4 10 1 1
51 5 2 1 1
51 6 2 1 1
51 7 3 1 0
51 8 2 1 1
51 9 1 1 1
51 10 3 1 0
51 11 2 1 1
51 12 4 1 1
51 13 2 1 1
51 14 10 1 0
51 15 2 1 1
51 16 7 1 1
51 17 6 1 1
51 18 6 1 1
51 19 9 1 1
51 20 10 1 1
51 21 10 1 0
51 22 5 1 1
51 23 9 1 0
51 24 7 1 0
51 25 5 1 1
51 26 8 1 1
51 27 6 1 1
51 28 9 1 0
51 29 9 1 1
51 30 7 1 0
51 31 10 1 0
51 32 10 1 1
51 33 1 1 0
51 34 2 1 0
51 35 2 1 0
51 36 1 1 0
51 37 3 1 0
51 38 8 1 0
51 39 10 1 1
51 40 8 1 0
51 41 9 1 1
51 42 2 1 1
51 43 5 1 0
51 44 6 1 1
51 45 8 1 1
51 46 3 1 1
51 47 8 1 0
51 48 2 1 0
51 49 7 1 1
51 50 2 1 1
51 51 2 1 1
51 52 1 1 1
51 53 10 1 1
51 54 4 1 1
51 55 9 1 0
51 56 3 1 1
51 57 7 1 0
51 58 2 1 1
51 59 3 1 1
51 60 3 1 0
51 61 10 1 1
51 62 1 1 1
51 63 10 1 1
52 0 1 1 1
52 1 5 1 0
52 2 8 1 0
52 3 8 1 1
52 4 8 1 1
52 5 3 1 1
52 6 7 1 0
52 7 10 1 0
52 8 6 1 1
52 9 8 1 1
52 10 8 1 0
52 11 9 1 1
52 12 2 1 1
52 13 4 1 1
52 14 3 1 1
52 15 1 1 1
52 16 9 1 1
52 17 8 1 1
52 18 3 1 1
52 19 7 1 0
52 20 4 1 1
52 21 10 1 1
52 22 9 1 0
52 23 9 1 1
52 24 10 1 1
52 25 1 1 1
52 26 4 1 0
52 27 4 1 0
52 28 9 1 1
52 29 4 1 1
52 30 8 1 1
52 31 10 1 1
52 32 3 1 1
52 33 2 1 0
52 34 4 1 0
52 35 7 1 1
52 36 3 1 1
52 37 5 1 0
52 38 10 1 1
52 39 9 1 0
52 40 9 1 0
52 41 9 1 0
52 42 2 1 0
52 43 2 1 0
52 44 2 1 1
52 45 8 1 0
52 46 10 1 1
52 47 5 1 0
52 48 9 1 0
52 49 5 1 1
52 50 6 1 1
52 51 10 1 1
52 52 9 1 1
52 53 5 1 0
52 54 10 1 1
52 55 3 1 1
52 56 3 1 1
52 57 3 1 1
52 58 8 1 1
52 59 4 1 0
52 60 8 1 1
52 61 6 1 1
52 62 3 1 0
52 63 8 1 0
53 0 8 1 0
53 1 10 1 0
53 2 3 1 0
53 3 10 1 0
53 4 8 1 0
53 5 2 1 1
53 6 2 1 1
53 7 2 1 0
53 8 8 1 0
53 9 10 1 1
53 10 1 1 1
53 11 4 1 1
53 12 6 1 0
53 13 8 1 1
53 14 9 1 1
53 15 6 1 0
53 16 9 1 0
53 17 4 1 1
53 18 2 1 1
53 19 3 1 1
53 20 5 1 1
53 21 10 1 1
53 22 5 1 0
53 23 3 1 1
53 24 8 1 1
53 25 4 1 0
53 26 9 1 0
53 27 2 1 0
53 28 8 1 1
53 29 9 1 0
53 30 2 1 0
53 31 3 1 1
53 32 1 1 0
53 33 5 1 0
53 34 9 1 0
53 35 5 1 0
53 36 8 1 1
53 37 9 1 1
53 38 10 1 0
53 39 6 1 0
53 40 7 1 0
53 41 4 1 1
53 42 6 1 1
53 43 7 1 1
53 44 4 1 0
53 45 9 1 1
53 46 5 1 1
53 47 2 1 0
53 48 9 1 0
53 49 7 1 0
53 50 8 1 0
53 51 10 1 1
53 52 8 1 0
53 53 4 1 0
53 54 5 1 1
53 55 10 1 1
53 56 5 1 1
53 57 1 1 0
53 58 5 1 1
53 59 3 1 1
53 60 2 1 0
53 61 3 1 0
53 62 9 1 0
53 63 5 1 1
54 0 8 1 0
54 1 4 1 0
54 2 6 1 0
54 3 1 1 0
54 4 4 1 0
54 5 7 1 0
54 6 9 1 1
54 7 1 1 0
54 8 10 1 1
54 9 9 1 1
54 10 7 1 1
54 11 10 1 1
54 12 6 1 0
54 13 1 1 1
54 14 5 1 1
54 15 2 1 1
54 16 2 1 1
54 17 7 1 0
54 18 7 1 0
54 19 2 1 1
54 20 4 1 0
54 21 4 1 0
54 22 8 1 0
54 23 8 1 1
54 24 1 1 0
54 25 2 1 1
54 26 2 1 1
54 27 2 1 0
54 28 8 1 1
54 29 7 1 1
54 30 5 1 1
54 31 4 1 1
54 32 5 1 1
54 33 5 1 1
54 34 8 1 1
54 35 1 1 1
54 36 4 1 1
54 37 4 1 0
54 38 8 1 0
54 39 4 1 0
54 40 5 1 1
54 41 5 1 0
54 42 8 1 1
54 43 3 1 1
54 44 7 1 1
54 45 9 1 0
54 46 6 1 0
54 47 5 1 1
54 48 10 1 1
54 49 1 1 0
54 50 10 1 1
54 51 1 1 0
54 52 7 1 1
54 53 9 1 0
54 54 5 1 0
54 55 2 1 1
54 56 6 1 0
54 57 5 1 1
54 58 6 1 0
54 59 6 1 1
54 60 7 1 0
54 61 6 1 1
54 62 1 1 1
54 63 10 1 1
55 0 7 1 1
55 1 5 1 0
55 2 9 1 1
55 3 6 1 1
55 4 7 1 0
55 5 5 1 1
55 6 3 1 0
55 7 1 1 1
55 8 3 1 1
55 9 3 1 0
55 10 1 1 1
55 11 3 1 0
55 12 5 1 0
55 13 10 1 0
55 14 2 1 1
55 15 7 1 1
55 16 8 1 1
55 17 9 1 1
55 18 9 1 0
55 19 4 1 1
55 20 3 1 1
55 21 8 1 1
55 22 6 1 1
55 23 5 1 1
55 24 8 1 1
55 25 8 1 0
55 26 10 1 1
55 27 2 1 0
55 28 4 1 0
55 29 4 1 1
55 30 4 1 0
55 31 8 1 1
55 32 2 1 0
55 33 2 1 0
55 34 8 1 0
55 35 6 1 1
55 36 5 1 0
55 37 10 1 0
55 38 2 1 0
55 39 1 1 1
55 40 10 1 1
55 41 8 1 1
55 42 7 1 1
55 43 6 1 1
55 44 3 1 0
55 45 7 1 1
55 46 6 1 0
55 47 3 1 1
55 48 9 1 0
55 49 5 1 0
55 50 3 1 0
55 51 8 1 1
55 52 4 1 0
55 53 4 1 1
55 54 4 1 0
55 55 4 1 0
55 56 9 1 0
55 57 4 1 0
55 58 5 1 0
55 59 8 1 0
55 60 3 1 1
55 61 2 1 1
55 62 2 1 1
55 63 7 1 0
56 0 4 1 0
56 1 6 1 1
56 2 5 1 0
56 3 8 1 0
56 4 5 1 0
56 5 10 1 1
56 6 5 1 1
56 7 8 1 1
56 8 3 1 1
56 9 7 1 0
56 10 4 1 1
56 11 3 1 1
56 12 10 1 1
56 13 5 1 1
56 14 6 1 0
56 15 6 1 0
56 16 9 1 1
56 17 5 1 1
56 18 7 1 1
56 19 9 1 0
56 20 2 1 0
56 21 5 1 1
56 22 1 1 0
56 23 10 1 1
56 24 10 1 0
56 25 9 1 1
56 26 10 1 0
56 27 3 1 1
56 28 1 1 0
56 29 2 1 1
56 30 6 1 0
56 31 5 1 1
56 32 3 1 1
56 33 7 1 1
56 34 8 1 1
56 35 8 1 1
56 36 2 1 1
56 37 7 1 0
56 38 4 1 1
56 39 6 1 0
56 40 10 1 0
56 41 9 1 0
56 42 6 1 0
56 43 6 1 1
56 44 10 1 0
56 45 9 1 0
56 46 9 1 0
56 47 6 1 0
56 48 10 1 0
56 49 4 1 0
56 50 6 1 0
56 51 4 1 0
56 52 1 1 1
56 53 1 1 1
56 54 2 1 1
56 55 4 1 0
56 56 1 1 1
56 57 10 1 0
56 58 9 1 1
56 59 7 1 0
56 60 4 1 0
56 61 1 1 1
56 62 6 1 1
56 63 7 1 0
57 0 3 1 -1
57 1 8 1 1
57 2 3 1 1
57 3 6 1 1
57 4 6 1 1
57 5 7 1 1
57 6 6 1 0
57 7 9 1 0
57 8 10 1 0
57 9 3 1 0
57 10 1 1 1
57 11 2 1 0
57 12 9 1 1
57 13 3 1 1
57 14 3 1 1
57 15 2 1 0
57 16 4 1 1
57 17 8 1 1
57 18 7 1 1
57 19 6 1 1
57 20 5 1 1
57 21 9 1 1
57 22 4 1 1
57 23 2 1 0
57 24 3 1 0
57 25 2 1 0
57 26 10 1 0
57 27 3 1 0
57 28 3 1 0
57 29 10 1 0
57 30 2 1 1
57 31 4 1 1
57 32 1 1 1
57 33 1 1 1
57 34 5 1 1
57 35 3 1 1
57 36 4 1 0
57 37 3 1 1
57 38 3 1 1
57 39 4 1 1
57 40 7 1 1
57 41 8 1 0
57 42 8 1 1
57 43 2 1 1
57 44 5 1 1
57 45 2 1 1
57 46 5 1 1
57 47 9 1 1
57 48 10 1 0
57 49 10 1 1
57 50 10 1 1
57 51 7 1 1
57 52 2 1 1
57 53 8 1 1
57 54 3 1 0
57 55 5 1 0
57 56 9 1 1
57 57 6 1 1
57 58 5 1 1
57 59 2 1 1
57 60 1 1 1
57 61 4 1 0
57 62 8 1 1
57 63 7 1 0
58 0 5 1 1
58 1 3 1 1
58 2 8 1 0
58 3 6 1 1
58 4 6 1 0
58 5 1 1 0
58 6 7 1 1
58 7 1 1 0
58 8 7 1 1
58 9 10 1 0
58 10 3 1 1
58 11 6 1 1
58 12 7 1 1
58 13 1 1 0
58 14 1 1 0
58 15 2 1 1
58 16 7 1 0
58 17 1 1 1
58 18 10 1 1
58 19 9 1 0
58 20 4 1 1
58 21 8 1 1
58 22 10 1 1
58 23 3 1 1
58 24 4 1 0
58 25 4 1 1
58 26 6 1 1
58 27 2 1 1
58 28 2 1 1
58 29 3 1 0
58 30 1 1 1
58 31 9 1 0
58 32 9 1 1
58 33 5 1 0
58 34 3 1 1
58 35 7 1 0
58 36 1 1 1
58 37 8 1 0
58 38 10 1 0
58 39 5 1 1
58 40 7 1 1
58 41 5 1 1
58 42 4 1 1
58 43 8 1 1
58 44 6 1 0
58 45 6 1 0
58 46 9 1 1
58 47 4 1 1
58 48 9 1 1
58 49 2 1 1
58 50 9 1 1
58 51 2 1 1
58 52 1 1 1
58 53 7 1 0
58 54 9 1 1
58 55 9 1 1
58 56 10 1 1
58 57 1 1 1
58 58 10 1 1
58 59 2 1 0
58 60 3 1 0
58 61 8 1 0
58 62 5 1 0
58 63 10 1 0
59 0 3 1 1
59 1 6 1 1
59 2 2 1 1
59 3 7 1 1
59 4 10 1 1
59 5 8 1 0
59 6 4 1 1
59 7 8 1 0
59 8 10 1 1
59 9 1 1 1
59 10 2 1 0
59 11 2 1 0
59 12 7 1 1
59 13 4 1 0
59 14 4 1 0
59 15 8 1 0
59 16 9 1 0
59 17 10 1 0
59 18 6 1 1
59 19 2 1 1
59 20 3 1 1
59 21 4 1 1
59 22 3 1 0
59 23 4 1 1
59 24 4 1 1
59 25 6 1 1
59 26 7 1 1
59 27 8 1 0
59 28 1 1 0
59 29 6 1 0
59 30 4 1 1
59 31 10 1 1
59 32 2 1 0
59 33 1 1 1
59 34 8 1 0
59 35 4 1 0
59 36 6 1 0
59 37 6 1 0
59 38 6 1 0
59 39 10 1 1
59 40 5 1 1
59 41 4 1 0
59 42 2 1 1
59 43 2 1 1
59 44 8 1 1
59 45 8 1 0
59 46 7 1 1
59 47 6 1 0
59 48 7 1 0
59 49 5 1 0
59 50 5 1 1
59 51 2 1 1
59 52 8 1 0
59 53 2 1 1
59 54 4 1 1
59 55 9 1 0
59 56 4 1 1
59 57 1 1 0
59 58 3 1 0
59 59 6 1 1
59 60 7 1 1
59 61 6 1 1
59 62 8 1 0
59 63 4 1 1
60 0 9 1 1
60 1 3 1 0
60 2 2 1 0
60 3 8 1 0
60 4 7 1 1
60 5 3 1 0
60 6 9 1 0
60 7 8 1 1
60 8 10 1 0
60 9 10 1 0
60 10 4 1 1
60 11 3 1 1
60 12 10 1 0
60 13 5 1 1
60 14 6 1 1
60 15 3 1 1
60 16 6 1 0
60 17 2 1 0
60 18 2 1 1
60 19 1 1 1
60 20 2 1 0
60 21 6 1 0
60 22 6 1 1
60 23 6 1 1
60 24 3 1 0
60 25 9 1 1
60 26 3 1 0
60 27 5 1 0
60 28 1 1 1
60 29 5 1 1
60 30 3 1 0
60 31 6 1 0
60 32 1 1 1
60 33 9 1 1
60 34 6 1 0
60 35 5 1 0
60 36 10 1 0
60 37 5 1 1
60 38 10 1 0
60 39 8 1 1
60 40 9 1 0
60 41 3 1 1
60 42 6 1 1
60 43 6 1 1
60 44 10 1 1
60 45 7 1 0
60 46 5 1 0
60 47 8 1 1
60 48 9 1 0
60 49 2 1 1
60 50 9 1 1
60 51 9 1 0
60 52 4 1 1
60 53 8 1 0
60 54 1 1 1
60 55 8 1 0
60 56 4 1 0
60 57 3 1 1
60 58 3 1 0
60 59 2 1 0
60 60 1 1 0
60 61 7 1 1
60 62 5 1 1
60 63 4 1 1
61 0 7 1 1
61 1 3 1 0
61 2 10 1 1
61 3 7 1 0
61 4 2 1 0
61 5 1 1 0
61 6 8 1 1
61 7 1 1 0
61 8 2 1 0
61 9 9 1 1
61 10 3 1 0
61 11 8 1 0
61 12 6 1 1
61 13 2 1 1
61 14 8 1 1
61 15 6 1 1
61 16 5 1 1
61 17 1 1 0
61 18 3 1 0
61 19 2 1 0
61 20 1 1 1
61 21 5 1 1
61 22 6 1 0
61 23 2 1 1
61 24 9 1 1
61 25 4 1 0
61 26 8 1 1
61 27 6 1 0
61 28 3 1 0
61 29 3 1 0
61 30 3 1 0
61 31 9 1 1
61 32 8 1 1
61 33 9 1 1
61 34 5 1 1
61 35 7 1 0
61 36 2 1 1
61 37 7 1 0
61 38 9 1 1
61 39 5 1 0
61 40 10 1 0
61 41 9 1 1
61 42 1 1 1
61 43 8 1 1
61 44 3 1 0
61 45 6 1 0
61 46 1 1 0
61 47 5 1 1
61 48 7 1 0
61 49 7 1 1
61 50 6 1 0
61 51 7 1 1
61 52 7 1 1
61 53 4 1 1
61 54 2 1 1
61 55 8 1 0
61 56 2 1 1
61 57 8 1 1
61 58 4 1 1
61 59 4 1 1
61 60 2 1 0
61 61 2 1 1
61 62 10 1 0
61 63 7 1 1
62 0 6 1 0
62 1 10 1 1
62 2 5 1 1
62 3 3 1 1
62 4 8 1 1
62 5 1 1 1
62 6 9 1 0
62 7 6 1 1
62 8 8 1 1
62 9 8 1 0
62 10 2 1 1
62 11 3 1 1
62 12 6 1 1
62 13 7 1 1
62 14 4 1 0
62 15 4 1 1
62 16 3 1 1
62 17 9 1 1
62 18 2 1 0
62 19 4 1 1
62 20 7 1 0
62 21 10 1 1
62 22 2 1 1
62 23 6 1 1
62 24 7 1 1
62 25 4 1 1
62 26 9 1 1
62 27 4 1 1
62 28 9 1 1
62 29 8 1 1
62 30 4 1 1
62 31 7 1 1
62 32 1 1 0
62 33 10 1 0
62 34 5 1 1
62 35 6 1 1
62 36 10 1 1
62 37 6 1 1
62 38 4 1 1
62 39 2 1 1
62 40 1 1 1
62 41 7 1 0
62 42 9 1 0
62 43 1 1 1
62 44 3 1 1
62 45 4 1 0
62 46 6 1 0
62 47 8 1 0
62 48 10 1 0
62 49 2 1 1
62 50 9 1 0
62 51 3 1 1
62 52 8 1 1
62 53 6 1 1
62 54 3 1 1
62 55 7 1 0
62 56 7 1 0
62 57 2 1 0
62 58 6 1 1
62 59 3 1 0
62 60 10 1 0
62 61 4 1 1
62 62 5 1 1
62 63 2 1 1
63 0 6 1 0
63 1 5 1 0
63 2 1 1 1
63 3 5 1 1
63 4 7 1 1
63 5 4 1 1
63 6 7 1 0
63 7 4 1 0
63 8 2 1 0
63 9 10 1 0
63 10 8 1 0
63 11 8 1 1
63 12 1 1 0
63 13 1 1 0
63 14 9 1 1
63 15 4 1 1
63 16 6 1 0
63 17 6 1 1
63 18 10 1 1
63 19 9 1 0
63 20 8 1 1
63 21 7 1 1
63 22 3 1 1
63 23 4 1 0
63 24 10 1 1
63 25 6 1 0
63 26 9 1 0
63 27 10 1 0
63 28 6 1 1
63 29 10 1 1
63 30 2 1 1
63 31 2 1 1
63 32 9 1 1
63 33 10 1 0
63 34 6 1 1
63 35 7 1 1
63 36 10 1 0
63 37 1 1 1
63 38 2 1 0
63 39 7 1 0
63 40 10 1 0
63 41 6 1 1
63 42 6 1 0
63 43 9 1 1
63 44 5 1 1
63 45 6 1 0
63 46 8 1 1
63 47 10 1 1
63 48 7 1 1
63 49 1 1 0
63 50 2 1 0
63 51 3 1 0
63 52 8 1 1
63 53 8 1 1
63 54 4 1 1
63 55 1 1 1
63 56 4 1 1
63 57 3 1 0
63 58 9 1 0
63 59 3 1 0
63 60 2 1 0
63 61 7 1 1
63 62 4 1 0
63 63 7 1 1
