5582 0.0 
6296 0.0 
4932 2.2737367544323206e-13 
5390 0.0 
1765 5.115907697472721e-13 
1249 7.275957614183426e-12 
9687 0.0 
6455 0.0 
3709 1.1368683772161603e-13 
2026 0.0 
9057 2.2737367544323206e-13 
8005 0.0 
5161 0.0 
4963 0.0 
7188 7.958078640513122e-13 
7593 0.0 
1093 1.7053025658242404e-13 
8218 0.0 
3848 1.1368683772161603e-13 
3531 1.1368683772161603e-13 
1332 -7.275957614183426e-12 
5977 1.1368683772161603e-13 
3963 -9.094947017729282e-13 
6316 0.0 
713 4.547473508864641e-13 
7938 0.0 
8997 0.0 
673 1.1368683772161603e-13 
4551 0.0 
7611 0.0 
7899 0.0 
5983 4.656612873077393e-10 
5748 -3.637978807091713e-12 
7640 -1.1641532182693481e-10 
6829 -2.9103830456733704e-11 
2844 -9.094947017729282e-13 
5264 0.0 
5133 2.8421709430404007e-13 
682 0.0 
1201 0.0 
3854 1.7053025658242404e-13 
7482 1.1368683772161603e-13 
9567 0.0 
3150 0.0 
7494 0.0 
9304 0.0 
759 0.0 
3572 0.0 
4568 0.0 
2939 0.0 
4145 1.1368683772161603e-13 
1750 1.1368683772161603e-13 
296 5.684341886080802e-14 
6596 0.0 
8931 2.5579538487363607e-13 
3477 0.0 
8130 0.0 
6519 -9.094947017729282e-13 
3231 4.547473508864641e-13 
269 0.0 
4585 0.0 
5687 9.094947017729282e-13 
9481 0.0 
4143 0.0 
301 0.0 
6384 0.0 
2808 -2.9103830456733704e-11 
1735 0.0 
2633 0.0 
3822 0.0 
154 0.0 
2347 0.0 
8562 7.105427357601002e-13 
6147 0.0 
6485 0.0 
5767 -3.637978807091713e-12 
9557 0.0 
5155 0.0 
6890 1.7053025658242404e-13 
2798 -1.1368683772161603e-13 
8145 3.979039320256561e-13 
9664 -1.4551915228366852e-11 
1592 -4.547473508864641e-13 
9419 5.684341886080802e-14 
1371 -4.547473508864641e-13 
3616 0.0 
9830 -1.8189894035458565e-12 
5578 0.0 
1460 0.0 
4035 0.0 
1480 0.0 
2014 0.0 
6556 -1.8189894035458565e-12 
5093 1.9895196601282805e-13 
6257 0.0 
7630 -1.8189894035458565e-12 
5464 0.0 
3982 0.0 
8628 0.0 
7913 0.0 
7859 0.0 
7476 0.0 
9457 -2.2737367544323206e-13 
3925 0.0 
9036 0.0 
9796 0.0 
933 0.0 
9204 -4.547473508864641e-13 
1972 -4.547473508864641e-13 
1707 0.0 
7820 -1.4551915228366852e-11 
9691 5.684341886080802e-14 
2400 0.0 
6756 0.0 
1210 1.1368683772161603e-13 
3698 9.094947017729282e-13 
8278 0.0 
5148 0.0 
4385 9.094947017729282e-13 
4417 0.0 
4229 1.1368683772161603e-13 
343 2.2737367544323206e-13 
6614 0.0 
7969 1.1368683772161603e-13 
7855 -4.547473508864641e-13 
5849 -4.547473508864641e-13 
6389 -4.547473508864641e-13 
7371 0.0 
1156 0.0 
3011 -1.8189894035458565e-12 
4421 -4.547473508864641e-13 
2057 -9.094947017729282e-13 
5397 -2.2737367544323206e-13 
8291 0.0 
8195 2.2737367544323206e-13 
3367 -1.1368683772161603e-13 
7883 0.0 
8270 0.0 
6831 -3.637978807091713e-12 
9056 -1.8189894035458565e-12 
9869 0.0 
4499 -9.094947017729282e-13 
9559 0.0 
680 5.684341886080802e-14 
8298 0.0 
2178 1.4626522215621662e-11 
5166 1.9895196601282805e-13 
4013 0.0 
8284 0.0 
1966 1.1368683772161603e-13 
7408 1.8900436771218665e-12 
6728 1.1368683772161603e-13 
2852 -2.2737367544323206e-13 
4293 0.0 
1366 0.0 
2358 -7.275957614183426e-12 
9697 0.0 
2535 -4.547473508864641e-13 
6355 4.725109192804666e-12 
1567 -7.275957614183426e-12 
