1 2 8 1 4
1 47 2 3 22
2 31 3 1 4
2 35 6 1 7
2 406 1 5 137
3 4 6 1 4
3 5 9 1 13
3 26 3 1 4
5 57 7 1 4
15 16 7 2 35
15 36 5 1 4
16 25 9 1 4
17 18 5 1 4
17 36 4 1 4
18 33 5 2 11
19 20 6 1 4
19 21 3 1 4
20 142 10 1 13
20 148 4 1 4
21 22 4 3 28
22 23 9 1 8
23 24 1 2 4
24 25 9 1 8
24 28 8 1 7
26 27 3 1 4
27 29 5 1 4
27 30 1 3 17
28 29 8 3 49
31 33 7 1 4
32 33 3 5 656
32 34 1 2 4
32 69 2 6 1727
34 35 1 2 4
34 73 1 2 4
36 37 6 1 7
36 75 9 1 5
37 52 4 1 4
37 43 7 1 4
46 47 8 4 179
47 448 5 1 4
52 67 7 1 4
53 54 1 7 18414
53 59 9 1 4
53 418 6 1 5
54 163 3 2 14
55 56 10 1 4
55 59 3 1 4
56 57 5 1 4
56 66 1 3 13
58 59 3 1 4
58 60 5 1 4
58 199 4 2 15
58 458 6 1 4
60 63 3 2 13
63 225 1 6 2300
64 65 8 1 8
64 66 1 3 14
65 67 5 3 43
69 70 5 3 47
70 71 3 3 17
71 101 3 1 5
72 73 6 1 8
72 101 3 3 24
73 76 8 1 6
73 77 10 3 101
96 97 4 1 4
96 111 10 1 4
97 101 4 1 4
98 99 4 6 3155
98 100 9 4 281
99 138 1 2 5
100 116 6 1 5
105 106 7 4 349
105 111 5 6 13265
106 107 4 4 104
107 108 3 2 11
111 114 10 1 4
113 114 3 3 61
113 116 1 3 14
115 116 5 2 11
115 409 10 1 4
118 119 6 2 11
119 138 6 7 54607
120 121 1 2 4
120 122 10 3 62
120 304 8 1 4
121 296 8 1 4
122 123 1 2 4
122 124 5 2 10
124 125 1 3 8
134 135 8 4 200
134 332 8 1 4
135 136 4 2 14
135 137 1 5 602
137 139 4 2 16
139 140 6 4 163
139 141 6 1 4
139 399 6 1 8
141 400 9 1 4
154 155 3 4 109
154 156 4 6 6074
154 172 6 1 4
155 168 3 2 8
156 157 8 4 470
156 171 4 1 4
157 158 5 3 34
158 159 3 6 2561
158 177 6 1 4
159 160 10 1 4
159 161 10 1 10
159 196 7 1 4
161 162 7 1 4
161 197 2 3 23
163 164 9 1 4
164 165 5 1 4
165 166 4 3 23
165 104 10 1 4
166 167 7 1 4
167 168 8 2 19
169 170 8 1 4
169 171 10 1 4
169 174 5 2 10
170 172 9 1 4
170 173 9 1 4
170 419 9 2 37
171 178 5 1 7
173 174 6 1 5
174 179 9 1 4
175 176 3 1 4
176 214 3 10 225085929492
177 178 9 4 679
177 191 8 1 10
178 421 4 1 4
179 192 4 2 8
180 181 2 2 4
180 208 4 1 5
181 192 3 1 4
182 183 5 1 4
182 184 10 4 777
184 185 3 4 80
184 208 3 6 2127
185 186 2 2 4
185 207 5 1 4
186 187 7 6 15048
186 230 9 2 18
187 188 1 5 230
187 193 6 1 7
188 189 3 1 4
188 191 6 2 12
189 190 3 1 4
189 191 4 1 4
193 194 8 4 448
193 217 6 3 37
194 195 3 3 51
194 217 1 3 7
195 196 2 2 6
195 216 8 1 4
196 197 5 1 4
196 476 6 1 4
197 216 2 7 17069
198 199 2 3 26
198 221 1 2 4
199 200 2 2 5
200 10 8 1 4
201 202 1 5 208
201 203 10 5 3575
201 351 10 3 218
202 213 10 1 7
203 204 2 2 4
203 205 2 2 4
205 206 8 3 106
205 231 8 1 4
205 360 5 1 4
206 207 5 1 4
206 232 9 1 4
207 233 7 4 303
208 209 6 3 94
210 211 8 1 4
210 212 5 1 4
211 215 10 2 40
212 213 8 3 53
212 342 1 2 4
213 340 3 3 47
214 215 2 2 7
216 219 8 1 11
217 218 8 1 4
218 222 10 2 37
219 220 8 2 23
220 221 5 1 4
220 222 3 5 494
222 226 2 2 4
223 224 5 1 7
223 225 2 2 10
223 7 2 3 22
224 229 7 1 4
227 228 9 1 4
227 229 8 1 4
227 272 6 1 8
228 230 9 3 70
229 401 6 1 4
231 281 3 7 17214
232 265 3 4 128
233 264 3 4 142
233 150 9 3 59
234 235 4 1 4
234 278 6 2 19
236 237 3 1 4
236 280 5 1 4
237 238 4 3 53
237 239 6 6 7913
239 240 1 2 5
240 241 10 3 80
241 243 10 3 65
241 442 1 5 355
242 243 1 2 4
242 244 7 4 441
242 314 2 2 10
242 80 10 1 9
243 293 10 1 8
244 247 6 1 4
245 246 5 1 4
245 247 1 2 4
247 248 8 1 4
248 249 10 1 4
249 250 1 3 13
249 312 10 1 14
250 251 1 2 4
250 321 7 1 8
251 252 6 3 67
252 253 1 2 4
252 327 9 1 10
252 301 7 1 4
253 254 9 3 134
253 277 3 1 4
253 266 2 2 4
254 255 5 1 5
254 256 8 1 6
256 257 1 6 1635
257 258 3 3 40
257 259 9 1 4
260 261 4 1 5
260 262 6 1 4
260 263 9 1 4
263 264 8 2 20
263 479 9 3 86
266 267 8 5 4629
267 268 7 1 4
267 299 7 7 66060
268 269 8 3 118
269 270 3 5 575
269 294 3 1 4
270 271 2 2 7
271 295 4 1 4
271 133 2 2 4
272 273 1 2 4
272 274 3 3 41
274 275 8 1 4
275 276 3 1 4
275 277 5 1 4
275 291 7 1 9
278 279 10 1 8
278 282 7 5 3866
279 280 1 5 147
280 287 9 1 8
281 289 4 1 4
282 288 7 1 9
283 284 3 4 170
283 285 3 1 4
283 305 9 1 4
284 290 3 1 5
284 365 2 2 4
285 286 7 1 4
285 306 9 2 47
286 287 6 1 4
286 306 7 1 4
286 452 9 1 4
287 293 1 3 17
288 289 1 2 4
289 290 5 1 4
291 292 8 1 5
297 298 7 1 4
297 454 5 6 16590
298 299 9 1 4
300 301 5 1 4
300 302 8 1 4
302 303 2 3 29
302 304 10 1 4
302 330 2 2 4
305 306 9 2 39
305 308 7 5 2352
306 308 5 5 1766
307 308 7 1 4
307 309 7 6 19971
309 310 2 2 4
309 338 10 5 3629
309 379 4 1 4
310 311 6 1 4
310 85 1 6 4713
311 312 2 2 4
313 314 3 6 6118
315 316 3 1 4
315 317 6 1 4
315 499 10 1 4
316 334 7 2 20
316 398 8 1 4
317 318 10 1 4
317 503 3 1 4
318 319 7 3 133
318 502 8 6 11217
318 510 1 2 4
319 320 5 1 4
320 333 6 1 4
321 322 1 2 5
322 323 3 2 9
322 325 10 4 502
322 333 9 6 24758
323 324 2 2 4
325 326 1 2 4
326 328 6 1 4
327 328 8 1 4
328 329 8 1 4
328 495 9 1 14
329 330 2 2 4
329 331 1 2 5
331 332 6 1 7
331 489 1 3 8
332 481 7 1 4
333 493 3 2 10
334 335 2 2 8
336 337 2 2 4
336 500 9 6 17019
337 338 8 1 4
337 382 5 1 4
338 339 7 1 10
338 377 5 4 392
340 341 9 5 4602
340 349 7 1 4
340 354 5 1 5
341 343 2 2 4
342 343 10 1 4
344 345 2 2 5
344 346 1 6 2675
344 385 9 1 10
346 347 2 2 4
347 348 7 4 429
347 387 7 2 25
348 349 2 2 4
348 386 4 1 4
350 351 8 1 4
350 359 3 1 4
350 13 3 1 4
351 352 4 1 5
352 353 5 7 49165
352 356 7 3 41
353 354 3 1 4
354 355 4 5 2558
355 356 3 7 32108
356 357 9 1 4
358 359 2 2 4
358 361 6 1 5
358 362 1 2 4
358 360 9 1 6
358 92 5 4 132
360 413 9 1 11
361 388 6 1 8
362 367 7 6 6552
363 364 1 3 10
363 365 7 1 4
363 370 5 1 4
364 395 2 9 1153985
365 366 7 1 4
365 371 10 1 4
366 144 9 4 399
367 368 9 1 4
367 369 10 1 11
370 380 9 1 4
371 372 6 1 7
371 373 8 3 92
371 374 10 4 239
375 376 4 6 11577
375 383 4 1 4
376 384 4 2 16
377 378 4 3 25
377 381 8 3 61
378 384 7 1 4
381 383 7 3 49
382 496 9 1 4
383 384 10 1 4
388 389 8 1 4
388 392 9 1 4
389 390 4 4 139
390 391 10 1 4
392 393 6 1 5
392 394 6 7 181221
395 396 4 1 4
399 411 6 1 8
400 405 1 2 4
404 405 3 6 2636
404 412 1 3 7
405 89 2 4 122
408 409 6 6 10131
411 412 6 3 37
411 415 4 5 779
411 482 3 6 13902
412 415 7 6 5003
415 427 10 2 38
415 487 5 4 270
427 428 10 1 4
427 431 10 1 4
427 487 10 3 90
427 424 8 1 7
428 429 8 1 4
428 432 8 4 686
481 482 9 2 20
482 488 9 1 6
483 484 5 1 4
483 485 9 1 4
484 492 7 1 5
485 486 9 5 1818
486 487 1 2 4
489 490 8 2 32
490 491 9 2 23
490 492 4 3 32
493 508 5 1 4
494 495 7 1 4
494 507 6 2 20
496 497 1 6 965
496 62 10 1 4
497 498 2 5 1289
497 499 7 1 4
499 501 8 1 14
501 447 2 2 4
502 511 6 5 2144
503 450 7 1 4
504 505 2 2 4
504 506 8 2 16
505 508 2 2 4
505 509 10 1 4
506 507 2 2 5
509 510 5 1 8
509 511 3 2 10
7 8 7 1 4
7 6 6 1 4
10 9 2 2 8
10 11 8 1 7
13 12 2 2 5
12 14 4 4 186
144 38 9 2 26
144 145 10 4 327
38 39 2 4 191
89 68 8 1 4
89 88 2 2 4
68 40 2 2 5
68 102 7 5 1492
40 41 6 1 5
40 81 1 7 10221
102 50 7 1 4
50 51 1 2 4
41 95 5 4 130
81 146 7 1 4
95 456 6 3 43
95 143 2 2 4
95 146 4 5 1223
146 410 7 2 28
43 42 4 3 47
133 130 1 5 602
128 117 2 2 4
128 132 5 1 4
117 129 4 10 4041532417
117 110 1 3 16
132 130 2 2 9
129 127 2 2 8
127 44 1 8 93529
130 131 1 2 4
44 45 4 1 4
110 109 1 2 4
110 126 5 1 4
109 112 1 3 11
62 49 10 4 270
62 61 2 3 23
48 49 7 2 13
75 74 8 1 4
77 78 9 2 29
80 79 4 3 43
92 90 5 1 4
82 83 3 4 170
83 91 5 1 8
91 90 10 1 4
90 93 1 2 4
93 94 8 2 27
85 84 3 7 29733
84 86 7 1 4
84 87 10 1 17
86 87 3 1 4
104 103 2 2 4
148 147 6 1 7
147 149 6 2 13
150 153 4 1 4
150 151 1 3 8
152 153 10 1 4
398 397 3 1 4
401 402 2 2 4
401 403 3 1 4
406 407 3 6 6947
416 407 7 3 79
413 434 5 4 474
413 414 7 1 4
433 434 1 2 4
418 417 1 3 6
419 420 2 2 4
419 430 3 5 438
421 422 2 2 4
421 423 5 4 419
424 425 3 1 4
424 426 9 1 4
424 438 1 2 4
438 437 7 1 4
437 439 9 6 7410
454 453 3 2 10
454 435 2 2 5
453 455 2 2 4
455 460 9 2 36
435 436 3 7 25535
460 463 8 2 34
463 462 8 1 4
461 462 7 6 6841
461 464 4 2 11
464 466 1 2 4
466 467 10 1 4
452 451 5 5 1859
452 440 1 3 13
451 459 5 6 3955
459 473 9 1 4
440 441 9 1 4
473 472 8 2 17
442 443 4 4 131
448 444 7 1 10
444 445 2 2 4
465 445 4 2 11
465 468 5 1 4
468 469 7 3 59
469 470 7 1 4
470 471 10 1 8
447 446 8 1 5
450 449 6 1 4
458 457 1 2 4
476 474 7 3 70
476 477 4 2 17
474 475 2 2 4
477 478 5 2 24
479 480 7 2 29
284 177 5 1 4
391 291 7 1 4
397 161 9 2 35
376 187 5 2 11
322 42 1 2 4
399 318 3 1 4
463 89 3 1 5
343 194 2 2 4
437 265 2 2 4
239 53 5 2 14
411 475 10 1 4
21 372 10 1 8
508 449 10 1 4
24 51 3 1 5
54 280 7 1 4
261 73 5 2 10
2 307 1 2 4
476 36 10 1 5
374 231 9 1 4
483 72 8 1 4
188 248 4 1 4
326 346 9 1 5
458 449 6 3 95
435 58 2 2 4
225 130 5 1 4
484 174 8 4 269
322 33 2 2 4
369 191 1 2 4
330 20 4 1 4
324 21 10 4 536
18 385 3 1 4
252 297 8 4 644
7 178 1 2 4
30 43 9 1 9
397 191 2 2 5
450 80 7 1 5
458 335 9 1 4
171 48 4 5 946
485 267 6 1 4
104 136 1 3 11
47 507 9 1 5
302 429 7 1 11
424 132 10 1 4
55 69 1 2 4
81 28 6 1 6
346 114 7 1 4
84 284 7 1 4
57 44 1 4 70
112 358 9 1 4
103 252 4 4 98
202 401 10 1 4
106 343 4 3 74
297 285 4 1 4
47 27 8 1 7
391 38 8 3 43
292 297 4 3 61
292 334 5 1 4
149 56 10 6 17754
56 464 4 4 266
252 487 8 1 14
491 427 1 2 4
112 439 2 2 4
62 365 7 1 4
315 75 5 1 4
445 373 6 1 10
373 228 2 2 4
459 103 1 5 379
5 34 5 3 70
357 412 7 2 13
195 208 1 2 4
362 282 4 2 17
282 132 5 2 15
292 358 5 4 191
130 16 1 2 5
354 48 3 2 8
329 398 1 2 4
107 143 10 2 37
302 8 3 1 4
437 468 6 1 4
391 24 1 2 4
70 453 5 4 146
428 250 8 1 7
427 93 5 2 22
235 500 10 1 4
476 259 9 1 4
140 144 6 1 4
373 167 5 1 6
413 463 4 4 196
100 419 4 1 6
67 49 3 2 7
148 127 9 5 2933
227 117 7 2 13
147 283 9 6 21735
464 193 3 2 8
281 305 4 1 4
168 300 4 1 7
456 265 6 1 4
74 34 6 5 2216
228 497 2 2 4
84 178 6 1 4
47 339 8 1 4
137 364 8 1 5
419 487 8 3 92
497 260 7 5 2117
432 171 1 3 19
104 329 9 1 4
16 90 6 2 23
14 244 3 2 6
56 483 4 1 4
175 2 5 1 5
151 442 4 1 4
372 443 10 1 7
460 285 6 1 7
372 171 9 2 28
267 357 1 2 4
336 274 6 1 4
235 63 2 8 547819
279 71 4 6 6876
251 475 3 2 11
440 88 2 6 2061
169 453 1 3 8
172 264 2 2 4
51 471 5 1 7
503 172 9 1 4
175 199 8 1 4
230 291 7 1 4
16 205 6 1 6
339 82 1 4 79
449 137 5 1 4
119 372 10 1 7
499 126 10 1 4
485 290 10 1 4
181 127 3 5 365
505 298 10 1 11
290 489 10 4 385
34 249 9 5 2477
179 277 4 4 235
440 73 4 4 243
343 395 1 3 7
87 478 2 4 45
316 6 2 6 1658
307 144 4 4 245
308 435 4 2 8
233 510 7 1 4
126 354 3 2 7
272 162 2 2 4
135 122 8 3 154
365 389 5 1 4
235 479 8 1 4
125 110 8 3 52
289 302 8 1 5
13 387 9 1 4
345 228 2 2 4
10 105 2 4 162
311 286 4 1 4
126 229 6 10 219723508
286 221 9 2 38
171 11 8 1 4
172 342 6 1 8
245 407 1 2 4
63 188 3 4 85
253 232 10 1 4
435 104 7 1 5
87 138 6 2 22
30 432 8 1 4
476 53 2 2 4
107 103 9 1 4
409 12 9 7 194955
344 183 1 4 90
440 85 6 4 182
210 133 5 3 32
45 192 7 3 38
352 234 5 5 1049
354 440 3 1 5
28 170 7 1 4
281 2 5 1 4
361 251 5 3 97
35 364 3 1 5
433 81 1 5 423
281 159 6 1 9
495 148 2 2 4
316 239 7 1 8
143 130 7 2 37
26 136 10 3 194
424 419 8 1 4
395 202 5 1 4
136 352 9 4 1001
380 360 6 1 4
146 72 3 3 44
424 450 3 5 1129
147 425 3 1 4
451 285 6 5 2115
195 101 8 6 6468
457 177 9 5 3626
81 208 4 5 990
182 200 1 4 44
436 509 1 2 4
29 18 6 1 4
149 453 9 2 34
330 473 3 1 4
73 53 6 5 1418
340 196 5 1 4
256 444 10 1 4
270 428 10 1 5
407 87 9 1 5
346 295 1 2 4
78 410 8 2 41
87 205 10 1 4
331 59 8 6 15356
45 83 2 5 259
411 217 8 2 17
262 497 8 1 4
267 226 4 7 50489
456 426 9 1 4
321 505 6 1 10
479 424 9 5 1765
488 420 3 1 4
236 272 2 5 467
507 217 3 1 4
366 165 7 3 68
227 338 4 1 4
228 346 3 1 4
488 324 3 5 529
116 214 2 2 4
499 343 4 7 62610
155 118 10 1 4
480 256 2 6 2082
176 478 9 1 11
375 389 10 1 5
139 438 10 1 4
366 395 1 2 4
42 36 1 2 4
470 372 4 1 4
127 490 9 1 7
407 209 2 3 14
455 68 2 2 4
222 99 8 1 4
351 55 7 1 4
418 87 6 1 4
254 89 2 2 4
256 83 9 1 4
225 147 3 1 5
73 89 8 1 4
376 270 9 1 4
415 507 1 9 571066
414 382 6 1 10
319 321 6 3 53
257 29 6 1 4
312 374 3 1 4
43 150 3 2 7
82 423 1 2 4
226 280 7 1 4
125 299 3 4 74
202 220 5 1 4
290 116 8 1 4
130 118 1 2 4
358 76 3 1 4
243 500 2 5 374
163 155 5 1 4
445 227 7 1 4
240 177 2 2 4
299 246 8 1 8
347 136 4 2 19
211 323 4 1 4
318 227 1 2 4
174 222 1 3 8
35 492 1 2 4
441 58 5 1 4
196 346 10 1 5
511 236 2 4 175
485 390 10 1 8
104 59 7 1 4
479 450 6 2 14
138 5 9 1 4
37 172 6 1 4
138 363 7 6 16332
242 4 10 1 4
482 154 10 1 7
149 188 2 3 16
99 460 6 1 4
425 450 7 1 4
357 26 7 2 19
161 115 7 1 5
381 37 2 3 13
132 19 1 3 16
187 142 7 1 4
491 238 6 1 7
159 315 4 1 4
210 320 3 1 4
412 304 7 1 4
455 221 3 1 4
206 67 8 1 5
49 231 9 1 4
148 56 5 4 175
418 274 5 1 5
101 374 6 3 64
262 368 8 1 4
508 424 5 6 3707
337 46 10 1 4
509 305 7 1 4
204 60 4 1 4
96 195 10 3 129
339 139 2 5 621
437 348 6 1 4
121 269 2 2 8
246 328 1 3 6
484 17 7 1 8
69 250 7 1 8
402 7 7 5 1067
129 389 3 3 23
119 123 10 1 4
197 210 6 1 4
363 165 9 4 784
87 5 10 1 6
221 486 9 1 4
247 221 1 4 41
413 265 9 1 10
111 499 9 2 16
448 258 7 2 13
49 166 6 3 54
110 115 4 3 71
26 425 5 4 535
72 204 8 1 5
315 355 4 1 4
189 99 8 1 4
509 155 8 4 374
483 167 2 2 8
82 471 5 1 4
145 45 4 3 22
297 442 3 1 4
55 250 2 2 10
288 110 7 1 7
445 503 8 1 6
503 235 10 1 4
332 103 4 1 7
489 487 9 1 4
127 123 9 1 4
358 357 8 2 30
330 332 4 2 14
501 372 2 9 4097919
253 133 2 2 4
78 174 10 1 8
337 445 6 1 7
85 334 6 3 115
498 277 4 1 4
210 80 7 1 10
42 223 5 1 4
168 27 9 1 11
160 87 3 1 4
55 270 5 1 4
36 223 8 1 10
314 10 7 5 3147
410 213 4 5 508
484 485 6 1 4
309 28 8 1 5
10 219 9 1 4
69 297 3 1 4
18 402 10 1 16
457 206 8 1 4
319 504 8 2 16
401 246 9 2 19
422 501 1 3 6
26 11 1 2 4
245 501 3 1 5
211 451 7 1 4
7 275 5 1 5
293 502 2 6 1677
340 55 1 4 34
385 449 5 5 710
474 142 8 4 292
186 407 8 2 20
116 149 9 1 4
83 372 1 2 4
228 281 7 3 74
265 65 10 1 4
230 241 10 4 934
435 123 1 2 4
288 386 7 6 17834
497 427 3 1 4
452 23 6 1 4
256 360 6 1 4
227 132 10 3 95
352 378 7 1 8
294 84 5 2 11
434 225 8 1 4
26 289 10 3 206
415 461 9 1 4
231 103 7 3 55
58 371 7 1 4
109 176 8 3 71
445 329 9 1 13
255 165 8 3 79
219 451 2 2 4
162 205 5 2 12
491 62 10 1 4
7 308 5 5 2201
18 332 9 3 102
76 390 5 2 11
197 166 2 2 4
235 507 10 3 170
116 328 4 1 4
197 207 10 1 5
109 115 10 1 11
412 293 10 1 7
350 270 7 1 5
112 330 10 1 4
94 410 6 1 4
244 108 6 1 5
430 322 9 3 152
38 287 6 2 13
413 145 8 1 4
132 195 10 1 11
366 374 3 3 17
276 123 10 1 4
72 257 4 1 4
83 370 6 1 4
94 1 4 1 4
125 184 4 1 7
322 156 4 1 4
427 192 3 1 4
107 214 9 1 4
399 122 10 1 4
121 386 2 2 4
219 414 5 3 39
430 401 1 6 4379
363 468 8 1 4
209 498 2 2 4
481 116 1 3 10
123 216 10 1 4
377 330 4 1 4
450 12 4 4 394
432 20 4 1 7
470 270 10 1 4
337 139 10 1 13
301 389 5 9 9134803
135 200 7 3 38
159 50 8 1 4
359 397 8 3 175
33 149 9 1 7
136 288 7 1 4
413 16 7 1 4
463 182 10 1 4
198 105 7 1 11
49 140 4 2 20
33 261 6 1 4
305 456 6 1 4
349 1 10 1 3
504 327 2 4 173
286 335 4 1 4
283 48 2 2 10
60 394 10 3 148
227 316 1 2 4
436 460 9 1 4
88 61 9 1 4
100 508 4 1 4
477 260 4 1 4
153 235 5 3 28
315 224 1 4 25
418 362 3 1 4
349 509 7 2 13
35 59 7 1 4
77 252 3 1 4
461 97 6 1 4
411 182 8 3 128
509 70 4 1 4
184 381 8 1 4
316 475 8 4 299
199 51 10 1 4
239 85 8 4 207
495 137 5 1 4
178 75 5 1 4
49 269 9 1 4
473 106 7 1 4
276 111 8 1 6
441 332 7 1 4
205 450 1 2 4
65 173 5 1 4
154 383 10 3 58
63 404 9 1 4
171 161 7 1 8
118 224 10 1 4
435 190 6 1 4
108 470 9 4 301
463 209 1 2 4
147 93 8 1 4
120 408 7 1 7
370 455 10 6 23192
238 401 5 3 52
376 455 1 2 4
468 266 2 2 4
282 469 3 1 4
200 118 3 1 5
239 435 5 1 4
29 477 7 1 4
183 3 9 1 4
232 241 3 2 11
160 491 7 1 4
384 176 3 1 4
303 407 9 1 5
244 2 3 1 4
90 477 9 2 32
269 160 6 5 1965
9 255 6 1 4
500 323 9 5 2447
226 17 1 4 55
162 100 6 4 262
442 354 3 1 5
254 56 1 2 4
177 70 7 1 11
283 413 3 2 8
467 303 9 1 4
506 52 9 1 5
402 315 10 3 59
44 66 3 1 4
205 376 4 1 5
78 375 5 4 251
45 468 5 1 4
300 11 6 4 215
288 143 1 2 4
238 91 5 1 4
423 101 6 1 4
159 455 8 1 7
46 77 2 2 4
438 456 9 1 5
168 438 5 1 4
228 205 10 1 13
60 109 1 3 11
97 31 1 4 65
56 135 6 2 11
215 138 1 4 25
305 446 8 1 4
195 390 5 7 87442
181 508 10 1 4
511 454 4 4 103
388 279 10 4 291
13 343 1 2 4
132 121 4 1 4
420 165 5 1 7
279 398 3 3 16
334 466 9 5 5192
76 96 10 1 7
397 429 10 1 4
271 172 1 6 927
297 357 4 2 8
398 305 4 1 4
266 449 5 1 4
380 322 9 2 37
511 252 4 5 1688
412 136 9 1 5
273 453 3 4 95
440 111 7 2 27
88 261 5 2 16
40 321 2 2 4
221 370 4 1 4
200 348 4 1 7
141 425 6 1 4
461 442 6 3 44
496 325 3 1 4
504 467 5 1 5
148 320 9 1 5
274 53 1 3 9
133 312 8 3 82
166 318 10 1 17
326 491 4 1 4
131 60 8 2 28
336 448 4 1 4
392 136 1 7 21663
64 75 4 4 112
211 433 7 2 23
405 393 10 1 16
415 14 10 1 4
475 69 1 2 4
125 335 7 1 4
481 214 7 1 5
125 1 5 2 19
345 352 8 1 4
511 191 4 3 41
398 405 8 1 4
204 231 4 1 4
61 220 3 2 6
359 498 9 4 205
413 159 6 1 8
4 62 3 1 4
458 351 10 3 157
218 325 4 1 4
184 488 4 2 20
131 327 7 1 4
29 210 9 1 4
74 138 7 1 4
48 333 9 1 4
110 339 8 3 155
408 186 9 1 4
340 441 4 1 7
251 446 1 3 10
31 254 1 7 18617
336 79 10 1 4
111 375 1 5 118
199 351 9 1 14
258 429 7 1 4
503 484 2 2 4
152 452 2 2 4
247 166 5 1 8
460 442 9 1 5
81 489 2 2 10
91 476 4 2 11
202 449 9 1 4
137 230 9 1 10
147 127 9 1 4
229 424 3 2 13
462 27 10 4 305
387 140 3 2 13
322 160 9 3 157
177 218 3 2 6
53 275 10 1 4
268 37 8 3 126
330 88 3 2 8
107 462 4 2 8
508 252 7 3 106
343 78 6 2 13
385 88 4 3 22
403 66 2 2 4
424 490 4 1 5
266 293 9 1 11
177 182 6 1 4
149 4 3 5 1808
423 324 9 1 4
504 180 9 1 13
457 115 9 2 26
493 85 5 1 5
257 240 2 7 47373
470 36 2 6 5597
179 507 1 4 26
473 504 5 1 4
125 304 10 4 314
363 434 8 1 4
175 87 5 1 8
183 464 9 2 17
186 482 3 5 612
146 458 10 2 23
51 209 1 2 4
413 464 1 6 1700
331 130 2 4 146
194 161 6 1 4
345 204 5 6 4506
342 194 8 1 4
10 115 5 1 4
160 432 2 2 4
215 229 3 1 4
484 191 2 3 13
41 250 4 3 35
339 86 6 1 4
244 91 1 4 62
61 236 5 1 4
190 394 10 1 4
125 6 2 3 35
508 205 6 1 7
248 408 2 4 49
411 280 8 4 244
262 392 10 3 107
400 392 2 2 4
386 265 10 1 4
174 34 6 1 7
96 121 9 5 1939
263 96 2 3 20
410 447 4 1 5
306 460 8 1 4
191 279 3 1 4
35 83 2 6 6701
192 242 3 4 77
369 247 10 1 4
350 153 9 1 4
479 274 9 1 11
26 418 9 1 4
301 269 10 3 95
390 181 7 1 10
316 65 8 2 16
85 146 6 1 8
356 361 6 1 4
241 163 5 2 14
284 239 4 1 5
364 384 2 2 8
70 284 9 5 2267
248 479 3 6 7569
483 142 5 1 4
38 189 7 7 36609
407 298 4 2 8
285 240 5 6 5921
22 131 1 3 20
427 98 9 1 4
293 274 5 2 17
119 489 8 7 50427
332 489 10 1 4
283 245 4 1 4
358 491 4 1 4
283 272 9 1 4
162 72 5 1 8
207 259 1 8 192921
246 89 8 1 4
359 59 4 3 28
71 492 6 5 1308
39 234 2 2 4
297 212 5 1 4
256 326 10 3 170
400 423 5 4 139
418 165 4 6 8136
461 334 6 1 4
451 500 7 1 4
63 480 8 3 46
276 339 6 6 23366
141 172 3 1 4
299 64 7 1 4
93 402 2 2 7
90 165 4 9 2708190
433 169 5 6 22107
445 468 6 2 16
367 36 4 1 5
375 508 4 1 4
225 288 10 1 4
82 296 3 1 4
156 481 2 3 27
366 8 5 1 4
100 420 8 1 4
264 109 6 1 4
92 14 5 1 4
134 35 3 1 4
414 441 5 7 32417
187 57 1 4 68
42 133 9 1 4
473 266 1 4 75
458 119 3 1 4
192 360 2 2 4
94 81 2 2 4
216 13 6 1 4
76 173 8 2 37
120 454 1 3 10
343 60 2 5 1219
192 460 8 1 4
184 465 4 1 4
69 61 9 1 4
487 247 10 2 51
266 308 3 5 1352
423 257 5 1 4
421 192 5 1 7
143 98 3 3 38
89 380 10 5 5552
228 398 6 2 17
312 208 2 3 30
51 506 1 3 6
373 53 9 1 4
494 121 10 1 4
329 228 10 1 10
86 229 4 1 4
476 119 2 2 4
76 148 6 1 4
58 21 7 1 11
443 33 7 1 9
233 353 4 4 409
141 25 8 1 4
195 58 7 2 25
287 178 2 2 4
181 421 5 1 4
419 33 4 1 7
386 116 9 1 10
163 39 7 1 7
185 33 6 1 5
185 471 8 1 4
186 5 10 2 26
452 308 1 2 4
382 35 9 5 1157
172 211 8 1 4
260 59 9 1 4
333 111 6 1 4
57 59 5 2 11
202 115 7 1 8
141 195 6 1 4
510 426 5 1 7
444 365 9 1 4
39 406 7 3 133
115 421 10 1 5
317 45 5 1 6
161 54 7 1 7
459 283 2 2 4
299 249 2 2 4
3 507 5 4 330
229 428 3 1 4
29 73 10 1 4
330 30 5 1 4
398 118 8 1 13
223 402 10 1 4
158 29 9 1 5
235 346 5 3 46
361 212 8 1 5
112 326 1 7 15737
345 235 5 1 4
358 223 1 2 4
86 283 5 5 573
467 161 10 1 4
473 223 4 3 37
29 209 7 1 7
376 243 9 2 29
72 50 10 3 114
349 439 6 3 40
308 170 6 2 23
140 271 9 3 105
279 3 9 5 2104
207 34 6 1 4
32 332 6 3 42
149 170 1 2 4
183 54 2 7 12680
325 171 9 1 4
91 163 10 1 7
40 473 2 2 4
363 384 8 1 4
268 451 8 4 377
399 15 10 7 108311
356 368 4 3 35
486 70 9 1 12
105 340 8 1 4
435 24 1 2 4
508 242 10 1 4
417 254 3 1 4
386 441 5 1 5
89 423 6 1 8
390 24 3 2 11
504 122 10 1 4
186 208 4 1 4
70 485 8 1 5
165 337 9 1 5
18 30 8 1 6
169 36 5 2 10
212 392 8 5 2545
248 453 2 2 4
169 310 1 3 19
495 378 2 3 16
241 469 8 1 6
179 231 6 1 5
119 322 4 1 4
411 311 6 2 17
227 258 9 1 5
160 45 1 2 4
463 202 10 1 4
208 153 6 6 26591
140 420 4 5 2107
198 185 1 2 4
154 510 9 1 4
314 121 1 2 4
251 401 6 7 33836
100 409 3 1 4
112 412 2 7 13407
28 505 7 5 1418
296 137 5 4 205
495 323 2 5 374
43 180 7 1 7
159 171 5 5 1116
109 281 9 3 130
232 145 1 2 4
381 27 9 1 8
140 401 2 3 13
103 320 3 1 4
86 459 6 1 4
489 382 8 1 9
185 52 1 5 122
127 172 9 1 4
456 357 8 1 4
355 326 4 1 5
9 219 2 2 4
160 508 5 1 7
303 177 1 2 4
463 456 3 1 4
163 224 6 2 11
233 28 5 1 6
142 354 6 7 80686
269 336 1 2 5
258 44 7 1 5
341 396 5 1 4
436 81 5 1 5
232 130 2 4 70
60 340 6 1 4
145 318 3 3 52
487 498 7 1 5
165 470 5 1 4
123 193 5 1 4
128 495 1 3 16
465 349 10 1 4
146 365 6 1 6
425 335 2 4 61
425 197 2 2 4
9 241 10 5 2288
128 424 6 3 37
140 125 1 4 37
143 503 9 1 4
109 200 7 1 4
100 10 2 2 4
358 496 3 3 32
42 454 8 1 5
463 107 7 1 4
239 177 4 1 4
511 267 2 2 4
498 163 10 1 10
281 392 4 1 4
436 508 5 1 4
270 121 2 2 4
289 495 7 7 145025
327 260 1 4 71
288 510 1 3 7
13 86 5 1 5
484 104 6 1 4
76 320 7 3 97
34 270 2 2 4
417 262 2 2 4
339 117 2 3 14
310 380 9 2 17
112 259 7 1 4
26 406 4 1 5
255 223 5 2 22
45 291 7 1 4
225 344 2 2 8
440 106 1 3 11
143 484 1 2 4
354 419 3 1 4
419 206 3 1 4
119 339 10 1 4
226 436 4 1 7
439 497 10 1 4
194 26 7 3 133
100 262 9 1 4
77 56 8 1 4
391 338 7 1 4
197 35 9 1 5
505 417 2 2 4
508 260 7 1 4
134 480 6 1 4
209 492 1 2 4
463 286 9 1 4
121 55 2 3 20
94 58 3 3 64
174 474 5 1 8
131 54 5 6 11837
164 145 4 1 5
288 487 6 2 11
310 363 9 1 4
79 402 9 1 4
178 332 10 1 4
3 218 2 2 4
70 382 4 4 329
331 321 5 1 4
357 509 3 2 13
187 274 9 1 7
179 105 7 2 26
292 415 5 1 4
153 385 5 1 4
98 383 1 2 5
250 191 1 2 4
80 417 1 4 69
165 178 7 2 16
296 247 3 1 4
66 366 9 1 5
185 205 3 1 4
39 301 10 1 7
495 509 7 1 4
324 396 10 3 105
484 215 6 1 5
461 40 1 2 4
468 365 10 5 2794
421 91 8 1 4
478 225 2 2 5
259 305 6 2 13
64 82 4 2 10
357 475 7 2 23
89 270 6 1 4
296 90 2 2 4
428 311 10 1 4
473 126 5 1 4
348 165 2 2 4
245 192 1 2 5
53 264 7 2 16
252 453 8 1 5
13 167 5 2 10
245 367 9 1 4
65 488 7 1 4
178 501 4 1 7
55 321 3 2 7
217 504 9 1 4
280 176 8 3 64
472 426 7 1 10
260 434 1 3 8
54 13 6 1 6
118 10 2 2 4
164 315 1 3 10
203 425 10 1 5
460 428 9 1 4
106 164 9 2 16
342 261 1 6 1462
343 26 4 5 1927
188 194 5 4 338
501 128 6 3 102
265 301 5 2 10
106 340 8 2 26
449 100 10 1 8
25 280 2 3 37
