294 2.7731372753692085e-11 
4949 1.8731813322681035e-10 
9201 8.962619951757844e-10 
2256 0.0011013087879898568 
2370 6.662570495308273e-11 
762 1.0162520824863464e-10 
4049 1.0669243266647754e-10 
8654 9.846412574177066e-11 
9736 3.654698765842568e-11 
3558 1.539326999200341e-10 
2269 1.779598690632156e-11 
5885 3.42866429692279e-10 
9423 1.70139458077756e-11 
3770 6.323830348264892e-13 
9609 4.0100922582553267e-11 
619 2.698102574694161e-10 
4011 5.054712204355383e-11 
2124 9.940431811017447e-11 
6843 4.689582056016661e-13 
425 1.6607237807164665e-10 
7022 3.38735706151283e-11 
7423 4.976463685579802e-12 
4950 2.201772097976118e-11 
452 1.8259657674768448e-10 
9824 4.386691010438426e-11 
2475 1.1796735810420955e-10 
3105 4.803268893738277e-12 
4754 1.2335599208768144e-10 
8223 1.7037926625107502e-11 
4749 2.881443972313491e-10 
5984 7.90740806166923e-11 
1017 1.8821388891865354e-11 
5597 2.8142155272803393e-11 
9711 3.836930773104541e-12 
6242 1.251351799957945e-10 
2712 1.4252221625099537e-10 
8187 5.118672152804038e-11 
8361 1.0753904225446753e-09 
4369 1.659561377209684e-10 
3756 2.476241434123949e-12 
