1 2 5 4 508
1 47 3 4 183
2 31 9 6 12488
2 35 6 6 6775
2 406 10 4 664
3 4 8 6 36736
3 5 5 4 445
3 26 1 8 82815
5 57 9 4 704
15 16 4 4 128
15 36 6 5 3838
16 25 5 5 598
17 18 7 7 50835
17 36 10 5 4663
18 33 8 6 36452
19 20 4 4 316
19 21 10 5 2939
20 142 9 1 5
20 148 1 4 62
21 22 9 5 1806
22 23 5 6 14945
23 24 1 8 58173
24 25 10 4 735
24 28 8 3 78
26 27 8 7 133901
27 29 3 6 2465
27 30 8 5 1723
28 29 6 6 11749
31 33 1 4 27
32 33 8 4 761
32 34 3 5 536
32 69 1 4 99
34 35 3 5 1409
34 73 7 4 427
36 37 3 5 389
36 75 9 5 2100
37 52 8 6 6318
37 43 7 3 38
46 47 8 4 232
47 448 5 6 4298
52 67 5 6 10758
53 54 4 4 200
53 59 5 5 887
53 418 1 5 160
54 163 5 6 3765
55 56 4 5 1145
55 59 7 4 398
56 57 3 3 36
56 66 8 4 763
58 59 9 3 133
58 60 1 6 4527
58 199 2 7 11626
58 458 4 6 10274
60 63 1 5 657
63 225 2 4 63
64 65 2 7 77922
64 66 7 6 10500
65 67 4 6 9911
69 70 1 6 1077
70 71 3 5 1250
71 101 6 4 627
72 73 1 5 134
72 101 5 4 152
73 76 10 2 33
73 77 2 5 396
96 97 5 6 6491
96 111 4 5 1248
97 101 2 5 484
98 99 10 6 14415
98 100 2 6 1755
99 138 1 5 250
100 116 9 2 21
105 106 7 5 850
105 111 1 7 14446
106 107 2 7 14105
107 108 5 4 296
111 114 10 5 3142
113 114 1 4 46
113 116 8 4 338
115 116 1 7 22819
115 409 8 4 491
118 119 7 5 1701
119 138 4 5 656
120 121 7 4 484
120 122 10 3 91
120 304 8 4 619
121 296 8 7 79611
122 123 10 4 278
122 124 6 5 2019
124 125 2 6 1591
134 135 5 5 2629
134 332 4 5 458
135 136 10 5 1326
135 137 9 3 56
137 139 6 4 363
139 140 4 9 2314351
139 141 8 5 1202
139 399 1 3 12
141 400 10 3 58
154 155 8 5 1735
154 156 3 8 144410
154 172 5 5 709
155 168 7 4 753
156 157 10 4 726
156 171 4 5 807
157 158 2 7 18729
158 159 3 3 24
158 177 6 4 295
159 160 10 5 1991
159 161 1 5 122
159 196 9 4 432
161 162 3 3 24
161 197 10 2 30
163 164 4 4 422
164 165 8 5 2517
165 166 9 4 566
165 104 5 5 1113
166 167 10 4 973
167 168 8 5 2030
169 170 9 4 224
169 171 9 5 1173
169 174 7 2 34
170 172 9 2 29
170 173 6 4 145
170 419 1 6 2037
171 178 9 3 143
173 174 1 7 16021
174 179 5 3 62
175 176 4 5 868
176 214 7 5 4513
177 178 4 4 90
177 191 6 5 2223
178 421 7 2 20
179 192 2 4 162
180 181 8 4 757
180 208 10 3 104
181 192 7 6 5592
182 183 2 3 26
182 184 4 5 547
184 185 1 4 36
184 208 10 4 1062
185 186 4 6 9037
185 207 4 6 3905
186 187 7 6 6229
186 230 7 5 2921
187 188 9 3 49
187 193 6 2 14
188 189 6 4 179
188 191 3 5 820
189 190 4 6 16996
189 191 7 7 134524
193 194 7 4 533
193 217 6 4 199
194 195 6 4 398
194 217 3 5 393
195 196 8 5 5479
195 216 6 1 3
196 197 7 9 13579000
196 476 3 7 16165
197 216 5 3 32
198 199 1 5 480
198 221 8 6 5945
199 200 4 5 1699
200 10 6 4 139
201 202 10 4 274
201 203 1 6 4876
201 351 9 4 424
202 213 4 4 440
203 204 10 4 371
203 205 2 5 301
205 206 9 4 389
205 231 5 7 86494
205 360 1 5 344
206 207 3 6 3375
206 232 5 4 141
207 233 4 3 43
208 209 2 5 1006
210 211 7 4 452
210 212 1 7 8017
211 215 1 8 161567
212 213 9 7 100872
212 342 2 8 106297
213 340 9 4 275
214 215 7 2 13
216 219 2 5 254
217 218 6 4 643
218 222 7 5 3802
219 220 6 4 485
220 221 8 3 62
220 222 5 5 969
222 226 10 3 197
223 224 7 2 13
223 225 5 3 51
223 7 1 4 48
224 229 6 3 58
227 228 8 3 50
227 229 6 4 151
227 272 2 6 2408
228 230 10 5 3399
229 401 1 5 318
231 281 10 3 139
232 265 2 6 2713
233 264 2 4 98
233 150 6 5 890
234 235 7 4 576
234 278 1 5 296
236 237 8 7 40968
236 280 2 3 15
237 238 4 7 32774
237 239 7 7 36696
239 240 1 5 191
240 241 1 4 98
241 243 5 4 432
241 442 4 5 740
242 243 7 3 63
242 244 4 8 205907
242 314 10 6 28304
242 80 4 3 60
243 293 9 4 419
244 247 9 4 566
245 246 8 7 42892
245 247 1 7 12652
247 248 7 4 698
248 249 8 6 11028
249 250 2 5 472
249 312 5 6 3689
250 251 8 3 63
250 321 3 5 355
251 252 9 4 618
252 253 3 4 102
252 327 5 2 23
252 301 2 5 529
253 254 6 4 397
253 277 8 7 74839
253 266 1 7 29497
254 255 2 4 65
254 256 4 5 461
256 257 6 5 1241
257 258 6 2 24
257 259 6 3 39
260 261 6 3 35
260 262 7 7 138171
260 263 2 6 2271
263 264 10 1 7
263 479 9 5 1226
266 267 2 5 603
267 268 6 4 241
267 299 2 6 6868
268 269 7 4 219
269 270 2 4 68
269 294 5 5 661
270 271 7 5 3007
271 295 6 5 3699
271 133 5 6 12364
272 273 9 5 1114
272 274 5 5 2422
274 275 5 5 685
275 276 6 4 260
275 277 8 3 99
275 291 10 6 18923
278 279 5 4 197
278 282 7 4 479
279 280 5 5 1651
280 287 9 4 423
281 289 5 6 4281
282 288 5 5 1622
283 284 10 2 34
283 285 4 5 1604
283 305 4 5 936
284 290 5 6 7830
284 365 2 8 404330
285 286 3 4 68
285 306 1 4 74
286 287 1 4 44
286 306 5 8 279685
286 452 2 4 59
287 293 9 4 200
288 289 4 5 880
289 290 5 6 5783
291 292 2 7 17759
297 298 2 7 18898
297 454 6 4 153
298 299 2 6 1393
300 301 10 3 136
300 302 5 2 26
302 303 1 5 236
302 304 2 3 37
302 330 3 4 88
305 306 3 3 52
305 308 4 4 93
306 308 2 3 19
307 308 8 5 1844
307 309 9 1 14
309 310 2 5 533
309 338 7 3 41
309 379 9 1 13
310 311 10 1 9
310 85 1 7 9650
311 312 2 5 632
313 314 10 1 10
315 316 10 5 2160
315 317 7 4 420
315 499 5 5 695
316 334 5 5 3116
316 398 7 3 45
317 318 7 3 38
317 503 4 5 1155
318 319 9 5 1042
318 502 2 4 150
318 510 10 6 35364
319 320 8 4 698
320 333 1 4 49
321 322 10 3 87
322 323 9 4 417
322 325 7 3 61
322 333 1 6 3554
323 324 3 4 154
325 326 9 4 304
326 328 3 5 560
327 328 9 2 19
328 329 8 4 751
328 495 9 3 73
329 330 3 5 947
329 331 8 4 457
331 332 1 5 232
331 489 9 4 560
332 481 1 6 896
333 493 1 6 3002
334 335 7 4 328
336 337 2 8 95491
336 500 8 2 39
337 338 10 6 23633
337 382 6 4 250
338 339 2 4 51
338 377 2 6 2313
340 341 3 5 591
340 349 2 4 63
340 354 7 3 63
341 343 1 5 219
342 343 3 6 7017
344 345 6 7 32995
344 346 8 3 88
344 385 2 5 272
346 347 1 6 2391
347 348 5 4 315
347 387 5 2 11
348 349 9 6 10730
348 386 5 7 42309
350 351 9 4 801
350 359 3 7 28009
350 13 7 6 22963
351 352 10 6 14276
352 353 8 5 1147
352 356 2 9 1230385
353 354 4 5 2520
354 355 1 6 3598
355 356 10 5 2562
356 357 9 6 8467
358 359 3 5 1946
358 361 1 5 682
358 362 7 5 1070
358 360 9 7 76875
358 92 6 6 5073
360 413 4 7 43840
361 388 5 5 943
362 367 6 8 489910
363 364 7 4 585
363 365 1 4 51
363 370 6 6 11249
364 395 3 4 161
365 366 7 4 199
365 371 10 8 464113
366 144 6 4 278
367 368 2 4 85
367 369 5 6 10274
370 380 8 5 945
371 372 7 3 55
371 373 8 2 29
371 374 3 7 28746
375 376 2 6 5837
375 383 6 6 7889
376 384 8 5 3443
377 378 7 4 497
377 381 1 7 19561
378 384 7 5 4853
381 383 3 2 9
382 496 7 3 103
383 384 6 4 147
388 389 6 4 259
388 392 6 5 2409
389 390 4 4 415
390 391 10 5 2987
392 393 4 9 1701322
392 394 9 1 15
395 396 9 4 386
399 411 10 4 782
400 405 4 4 159
404 405 9 4 505
404 412 9 5 3233
405 89 5 5 1868
408 409 9 5 1990
411 412 9 5 5778
411 415 1 5 218
411 482 5 3 61
412 415 9 3 150
415 427 6 3 47
415 487 2 6 4335
427 428 9 3 84
427 431 7 6 10309
427 487 3 5 420
427 424 8 6 25166
428 429 10 4 424
428 432 1 7 20152
481 482 8 3 68
482 488 5 3 31
483 484 2 6 5585
483 485 1 5 399
484 492 7 4 250
485 486 3 5 1012
486 487 5 3 44
489 490 6 4 270
490 491 4 5 667
490 492 10 3 217
493 508 10 3 211
494 495 7 3 50
494 507 2 9 852602
496 497 2 6 3730
496 62 7 4 575
497 498 3 4 284
497 499 1 5 271
499 501 1 4 66
501 447 8 7 265686
502 511 4 5 762
503 450 4 1 4
504 505 4 4 95
504 506 8 4 187
505 508 7 3 101
505 509 4 5 1849
506 507 5 5 2001
509 510 7 4 160
509 511 10 5 6010
7 8 4 5 1541
7 6 10 5 1532
10 9 3 5 1820
10 11 3 5 568
13 12 3 4 208
12 14 6 4 554
144 38 4 7 52864
144 145 7 7 204969
38 39 1 3 17
89 68 6 7 38375
89 88 5 3 55
68 40 5 4 537
68 102 8 4 274
40 41 7 4 378
40 81 5 4 146
102 50 4 4 248
50 51 7 5 2274
41 95 7 5 2477
81 146 2 4 169
95 456 9 4 351
95 143 5 7 25658
95 146 8 2 27
146 410 8 4 684
43 42 2 8 587871
133 130 9 7 68231
128 117 1 7 38070
128 132 3 4 236
117 129 6 3 55
117 110 4 4 194
132 130 4 5 2221
129 127 4 7 46207
127 44 5 8 248788
130 131 1 5 123
44 45 9 3 48
110 109 7 4 218
110 126 10 5 2216
109 112 5 4 113
62 49 8 4 269
62 61 9 4 391
48 49 4 8 265701
75 74 3 3 21
77 78 9 4 279
80 79 3 5 686
92 90 5 5 1374
82 83 2 7 17780
83 91 8 3 148
91 90 4 4 237
90 93 2 5 694
93 94 8 5 4197
85 84 6 4 610
84 86 7 4 438
84 87 2 6 1418
86 87 5 4 251
104 103 2 7 63448
148 147 10 4 240
147 149 10 2 29
150 153 5 4 237
150 151 2 5 1359
152 153 8 4 192
398 397 2 8 92434
401 402 10 4 882
401 403 10 5 1171
406 407 6 4 203
416 407 6 3 49
413 434 10 4 809
413 414 5 5 2904
433 434 6 6 10997
418 417 4 8 173122
419 420 8 6 5565
419 430 6 4 324
421 422 3 5 1878
421 423 3 6 4874
424 425 7 4 169
424 426 9 2 38
424 438 4 4 387
438 437 9 5 1783
437 439 8 5 947
454 453 2 4 166
454 435 9 4 425
453 455 10 4 583
455 460 8 5 4227
435 436 9 4 352
460 463 9 4 220
463 462 4 2 19
461 462 8 4 346
461 464 9 4 240
464 466 1 6 1698
466 467 6 4 215
452 451 8 5 4894
452 440 8 4 788
451 459 4 1 4
459 473 5 4 126
440 441 10 3 144
473 472 8 3 72
442 443 1 5 135
448 444 8 5 3829
444 445 5 5 1770
465 445 5 5 1730
465 468 10 2 29
468 469 10 4 460
469 470 8 3 139
470 471 9 6 6311
447 446 9 5 3580
450 449 5 8 678637
458 457 1 3 11
476 474 2 5 546
476 477 10 5 3381
474 475 6 3 47
477 478 7 3 111
479 480 10 4 261
284 177 5 4 255
391 291 7 4 557
397 161 7 4 496
376 187 7 7 37676
322 42 6 6 8789
399 318 7 1 6
463 89 2 7 29732
343 194 1 7 5966
437 265 10 5 5143
239 53 7 7 132145
411 475 1 7 8360
21 372 1 5 343
508 449 1 4 34
24 51 4 4 364
54 280 5 6 11431
261 73 2 3 40
2 307 6 5 4071
476 36 5 4 137
374 231 6 6 20340
483 72 6 2 22
188 248 8 4 686
326 346 6 5 1299
458 449 4 5 1937
435 58 2 4 94
225 130 3 6 2715
484 174 4 6 16105
322 33 2 5 282
369 191 7 4 158
330 20 4 5 580
324 21 4 10 620934582
18 385 2 4 67
252 297 10 4 522
7 178 1 4 46
30 43 9 4 745
397 191 2 4 45
450 80 7 1 6
458 335 3 4 221
171 48 3 5 1067
485 267 10 5 1306
104 136 8 6 6283
47 507 4 4 175
302 429 2 4 50
424 132 7 6 10105
55 69 4 7 133462
81 28 10 5 2192
346 114 6 2 23
84 284 5 5 1554
57 44 2 5 342
112 358 9 6 24806
103 252 4 3 58
202 401 4 3 86
106 343 2 5 239
297 285 9 7 107291
47 27 2 5 656
391 38 3 5 891
292 297 6 5 949
292 334 1 4 45
149 56 2 7 28472
56 464 1 3 17
252 487 2 5 287
491 427 5 6 20676
112 439 2 5 450
62 365 2 4 103
315 75 7 4 203
445 373 4 4 96
373 228 3 6 11974
459 103 3 4 268
5 34 9 4 273
357 412 1 6 1851
195 208 7 3 112
362 282 3 8 245786
282 132 7 4 159
292 358 10 6 11236
130 16 7 2 33
354 48 7 7 48434
329 398 8 3 130
107 143 10 5 2073
302 8 10 3 161
437 468 7 5 2500
391 24 5 6 3723
70 453 10 3 166
428 250 2 5 277
427 93 6 5 2487
235 500 5 6 6894
476 259 9 3 67
140 144 2 6 9686
373 167 2 5 1340
413 463 1 5 680
100 419 9 4 509
67 49 5 4 521
148 127 10 4 360
227 117 9 5 1875
147 283 6 4 172
464 193 7 5 3254
281 305 10 4 366
168 300 6 4 338
456 265 9 1 15
74 34 10 5 2058
228 497 2 8 435229
84 178 8 3 59
47 339 4 6 9699
137 364 7 5 1216
419 487 1 5 569
497 260 3 3 20
432 171 1 5 263
104 329 2 6 2309
16 90 7 7 56239
14 244 4 5 2572
56 483 7 8 315386
175 2 10 4 548
151 442 10 5 1985
372 443 3 5 1091
460 285 4 4 388
372 171 3 4 130
267 357 9 4 287
336 274 1 6 954
235 63 3 6 3012
279 71 6 2 14
251 475 6 1 7
440 88 1 5 656
169 453 4 4 328
172 264 7 6 12958
51 471 6 6 4235
503 172 1 5 205
175 199 8 7 105577
230 291 2 4 224
16 205 6 5 2027
339 82 10 5 1691
449 137 5 5 2639
119 372 4 4 382
499 126 4 6 2801
485 290 7 4 544
181 127 7 4 622
505 298 7 4 224
290 489 3 3 19
34 249 2 6 4460
179 277 2 5 265
440 73 10 2 42
343 395 3 6 6551
87 478 7 5 3083
316 6 1 5 145
307 144 1 6 906
308 435 4 4 264
233 510 3 4 104
126 354 3 7 15627
272 162 2 7 11768
135 122 6 4 147
365 389 5 6 6710
235 479 2 3 34
125 110 3 7 16735
289 302 4 3 84
13 387 8 4 642
345 228 3 4 172
10 105 9 4 963
311 286 3 5 493
126 229 9 4 530
286 221 7 4 322
171 11 10 3 85
172 342 10 4 313
245 407 7 4 369
63 188 5 2 20
253 232 7 2 25
435 104 3 4 227
87 138 8 5 3100
30 432 7 3 109
476 53 1 4 34
107 103 5 8 857910
409 12 2 6 1624
344 183 2 5 592
440 85 9 4 200
210 133 2 7 36483
45 192 5 5 2108
352 234 1 6 4371
354 440 7 5 3542
28 170 6 2 13
281 2 2 4 85
361 251 6 3 38
35 364 1 5 301
433 81 3 6 10357
281 159 6 5 1323
495 148 2 5 654
316 239 10 4 335
143 130 4 7 44001
26 136 4 5 694
424 419 10 4 862
395 202 1 8 62300
136 352 7 4 170
380 360 10 3 61
146 72 3 5 736
424 450 8 4 317
147 425 7 4 218
451 285 5 5 1781
195 101 1 4 98
457 177 9 3 156
81 208 8 3 90
182 200 4 6 5956
436 509 7 5 2395
29 18 1 5 557
149 453 2 6 1559
330 473 7 2 33
73 53 6 4 570
340 196 3 8 717348
256 444 8 4 435
270 428 2 5 629
407 87 4 6 6783
346 295 2 6 2242
78 410 1 4 70
87 205 3 4 258
331 59 3 6 12570
45 83 10 3 73
411 217 5 5 903
262 497 7 4 391
267 226 9 3 102
456 426 8 3 112
321 505 4 5 714
479 424 1 5 508
488 420 7 5 1339
236 272 1 5 368
507 217 7 5 795
366 165 8 6 21916
227 338 6 5 913
228 346 10 4 672
488 324 5 5 2580
116 214 6 3 68
499 343 2 6 5028
155 118 1 6 861
480 256 10 3 70
176 478 8 3 95
375 389 7 6 25792
139 438 7 2 19
366 395 3 4 313
42 36 6 5 3354
470 372 5 6 10275
127 490 4 6 8217
407 209 1 6 1963
455 68 2 4 82
222 99 8 3 50
351 55 4 3 52
418 87 9 4 305
254 89 5 3 75
256 83 5 3 27
225 147 2 7 63564
73 89 10 5 1268
376 270 3 6 5308
415 507 7 5 809
414 382 4 6 3143
319 321 7 7 47027
257 29 4 5 2348
312 374 10 4 1098
43 150 4 8 273806
82 423 7 3 80
226 280 6 5 1550
125 299 2 5 1331
202 220 5 4 434
290 116 5 3 43
130 118 9 3 135
358 76 8 5 1247
243 500 2 3 12
163 155 2 6 6443
445 227 4 5 2119
240 177 9 4 335
299 246 10 3 97
347 136 4 6 3768
211 323 3 5 1048
318 227 3 4 275
174 222 8 5 2108
35 492 4 6 5286
441 58 10 5 2576
196 346 7 4 161
511 236 6 4 651
485 390 3 4 81
104 59 9 4 233
479 450 5 5 1910
138 5 10 7 78337
37 172 8 4 210
138 363 9 4 479
242 4 1 5 625
482 154 7 2 26
149 188 5 6 3846
99 460 3 4 77
425 450 6 5 2632
357 26 5 4 277
161 115 4 3 61
381 37 5 4 359
132 19 8 3 76
187 142 4 5 1144
491 238 8 4 350
159 315 9 3 170
210 320 2 8 141096
412 304 8 5 1341
455 221 3 7 17942
206 67 10 3 67
49 231 1 6 965
148 56 4 4 204
418 274 2 5 449
101 374 8 4 363
262 368 7 5 802
508 424 4 3 43
337 46 10 1 6
509 305 2 4 67
204 60 10 5 5452
96 195 8 6 14584
339 139 2 5 458
437 348 9 4 334
121 269 10 3 170
246 328 9 7 54984
484 17 3 4 104
69 250 9 5 1198
402 7 5 3 84
129 389 4 7 77830
119 123 6 4 245
197 210 7 2 20
363 165 9 5 3947
87 5 3 4 99
221 486 8 2 32
247 221 5 6 5653
413 265 3 4 80
111 499 2 6 2907
448 258 7 1 7
49 166 4 4 164
110 115 6 3 42
26 425 8 3 66
72 204 3 4 80
315 355 8 6 31279
189 99 8 1 14
509 155 4 2 14
483 167 7 4 156
82 471 8 3 165
145 45 6 6 12066
297 442 9 4 437
55 250 7 2 33
288 110 3 3 43
445 503 5 5 1780
503 235 5 5 2077
332 103 5 3 39
489 487 9 3 60
127 123 4 5 1593
358 357 9 5 1057
330 332 10 4 1064
501 372 2 4 132
253 133 3 5 1214
78 174 6 7 38325
337 445 6 4 534
85 334 8 7 179176
498 277 10 1 16
210 80 4 3 86
42 223 5 6 10238
168 27 1 6 754
160 87 4 7 27465
55 270 7 6 5442
36 223 10 4 526
314 10 9 4 544
410 213 4 6 8863
484 485 2 4 161
309 28 4 6 4663
10 219 5 4 252
69 297 1 4 80
18 402 5 5 3276
457 206 8 4 708
319 504 3 3 63
401 246 2 4 52
422 501 1 7 8007
26 11 6 5 1153
245 501 3 5 1058
211 451 10 2 33
7 275 8 4 301
293 502 8 4 549
340 55 7 5 2680
385 449 10 4 1125
474 142 7 5 1590
186 407 9 3 109
116 149 10 3 185
83 372 3 7 73849
228 281 9 6 41589
265 65 2 6 8194
230 241 5 5 1075
435 123 5 5 2606
288 386 5 4 113
497 427 6 5 1450
452 23 6 5 1500
256 360 2 3 28
227 132 5 2 11
352 378 10 5 1810
294 84 10 4 707
434 225 3 5 359
26 289 6 5 1251
415 461 4 3 26
231 103 5 3 70
58 371 2 6 2893
109 176 2 5 1290
445 329 5 4 279
255 165 9 4 239
219 451 10 2 47
162 205 8 2 24
491 62 1 5 564
7 308 8 5 2586
18 332 2 3 15
76 390 3 4 208
197 166 6 4 157
235 507 3 7 14936
116 328 9 4 455
197 207 3 3 46
109 115 4 3 41
412 293 9 5 2196
350 270 10 6 20986
112 330 2 6 4098
94 410 7 3 52
244 108 6 4 203
430 322 5 4 145
38 287 6 3 93
413 145 4 4 89
132 195 5 7 41616
366 374 2 8 185134
276 123 10 3 149
72 257 2 9 2447446
83 370 5 3 76
94 1 5 6 5394
125 184 7 4 499
322 156 3 3 43
427 192 3 5 925
107 214 2 6 3859
399 122 8 3 152
121 386 6 4 274
219 414 3 3 50
430 401 6 5 1276
363 468 6 5 4132
209 498 10 5 2156
481 116 7 5 1135
123 216 10 3 111
377 330 3 3 18
450 12 4 6 12585
432 20 8 6 8004
470 270 6 3 112
337 139 5 4 257
301 389 2 7 78290
135 200 4 6 12605
159 50 7 4 739
359 397 9 3 121
33 149 7 8 324758
136 288 4 7 65089
413 16 6 5 1654
463 182 8 6 12460
198 105 3 2 9
49 140 2 3 21
33 261 5 6 6154
305 456 1 6 1603
349 1 1 5 333
504 327 3 4 245
286 335 6 3 37
283 48 1 7 6329
60 394 10 5 4503
227 316 5 4 175
436 460 10 3 206
88 61 2 6 1925
100 508 4 4 95
477 260 5 3 90
153 235 5 5 1097
315 224 5 3 98
418 362 9 3 190
349 509 2 8 188131
35 59 3 5 729
77 252 8 4 654
461 97 4 7 45476
411 182 5 6 6532
509 70 1 5 313
184 381 3 2 6
316 475 8 8 907090
199 51 5 5 1419
239 85 5 5 2811
495 137 7 5 1176
178 75 2 5 577
49 269 4 4 215
473 106 9 5 1211
276 111 4 6 14514
441 332 7 3 147
205 450 3 3 45
65 173 10 3 67
154 383 5 4 338
63 404 8 7 283954
171 161 3 3 57
118 224 1 3 6
435 190 8 3 51
108 470 7 4 624
463 209 7 2 28
147 93 3 5 747
120 408 10 4 797
370 455 4 5 817
238 401 1 4 31
376 455 2 4 163
468 266 4 6 3930
282 469 3 7 19768
200 118 5 6 11565
239 435 6 4 141
29 477 7 8 752251
183 3 8 4 749
232 241 3 5 532
160 491 5 3 58
384 176 7 1 6
303 407 3 3 56
244 2 6 4 279
90 477 7 2 36
269 160 4 6 3506
9 255 8 4 753
500 323 2 5 355
226 17 7 5 1843
162 100 4 5 1541
442 354 7 5 878
254 56 2 5 324
177 70 1 6 3033
283 413 4 5 1086
467 303 6 6 8330
506 52 8 4 388
402 315 7 3 53
44 66 5 6 4977
205 376 3 6 11626
78 375 4 7 47462
45 468 7 4 354
300 11 5 4 448
288 143 4 4 358
238 91 2 6 7542
423 101 6 3 66
159 455 8 2 36
46 77 4 5 1547
438 456 8 4 295
168 438 9 5 1337
228 205 4 4 241
60 109 4 4 316
97 31 3 5 510
56 135 3 3 40
215 138 9 3 81
305 446 2 7 10996
195 390 5 6 4520
181 508 10 4 251
511 454 3 4 147
388 279 4 3 44
13 343 6 4 607
132 121 1 5 272
420 165 1 7 6779
279 398 7 3 120
334 466 5 6 8401
76 96 4 5 738
397 429 7 4 483
271 172 9 4 575
297 357 5 3 31
398 305 4 7 44028
266 449 6 5 789
380 322 8 5 5551
511 252 10 4 641
412 136 9 3 51
273 453 5 4 547
440 111 2 6 3448
88 261 8 5 1938
40 321 9 5 1137
221 370 6 6 8008
200 348 8 4 297
141 425 3 6 2445
461 442 3 6 3166
496 325 2 8 533511
504 467 9 4 561
148 320 10 6 16089
274 53 10 3 89
133 312 3 3 56
166 318 3 5 738
326 491 7 6 5406
131 60 7 5 1680
336 448 9 2 29
392 136 3 7 19496
64 75 1 6 1109
211 433 10 3 91
405 393 3 4 140
415 14 5 8 772673
475 69 7 4 297
125 335 9 5 1600
481 214 2 5 727
125 1 5 5 697
345 352 6 4 590
511 191 3 7 55612
398 405 8 4 287
204 231 6 4 224
61 220 4 4 353
359 498 5 5 1440
413 159 10 4 280
4 62 4 5 681
458 351 10 5 5404
218 325 8 1 12
184 488 2 5 668
131 327 3 8 184593
29 210 9 3 130
74 138 9 7 53848
48 333 10 7 129772
110 339 9 4 615
408 186 10 4 728
340 441 7 3 106
251 446 6 5 1621
31 254 5 4 233
336 79 10 4 469
111 375 4 4 103
199 351 1 7 7117
258 429 9 3 55
503 484 4 7 132485
152 452 3 2 14
247 166 6 4 177
460 442 10 7 52212
81 489 4 6 10006
91 476 7 4 425
202 449 8 4 296
137 230 9 4 597
147 127 2 2 5
229 424 1 5 504
462 27 2 4 113
387 140 9 3 73
322 160 5 2 20
177 218 3 7 22037
53 275 9 3 53
268 37 10 3 56
330 88 3 5 1834
107 462 2 4 73
508 252 7 6 9613
343 78 6 3 33
385 88 8 4 549
403 66 5 4 130
424 490 9 5 2459
266 293 10 1 16
177 182 7 5 2205
149 4 4 7 85374
423 324 9 5 2956
504 180 8 6 16614
457 115 10 7 68667
493 85 1 6 878
257 240 5 3 56
470 36 7 4 455
179 507 3 3 52
473 504 2 7 21956
125 304 6 4 666
363 434 6 5 1508
175 87 10 3 65
183 464 9 8 440591
186 482 7 5 1445
146 458 4 7 59158
51 209 6 4 672
413 464 1 5 360
331 130 8 2 38
194 161 8 5 1075
345 204 5 5 1692
342 194 3 4 190
10 115 1 6 1401
160 432 3 5 644
215 229 9 4 242
484 191 10 3 73
41 250 3 4 205
339 86 7 5 2362
244 91 8 6 11097
61 236 5 5 920
190 394 10 3 142
125 6 10 4 744
508 205 9 3 192
248 408 8 6 7972
411 280 1 6 3268
262 392 2 3 14
400 392 10 4 1079
386 265 1 6 1647
174 34 10 2 42
96 121 1 6 1840
263 96 3 4 225
410 447 9 5 1416
306 460 10 4 385
191 279 9 3 69
35 83 2 4 124
192 242 8 4 804
369 247 4 5 2482
350 153 9 5 2709
479 274 2 5 480
26 418 4 4 168
301 269 4 5 1043
390 181 4 3 70
316 65 5 4 221
85 146 7 6 6842
356 361 6 5 2813
241 163 2 6 1611
284 239 6 5 2206
364 384 8 2 19
70 284 9 4 823
248 479 6 2 26
483 142 6 3 60
38 189 7 5 1474
407 298 3 5 1252
285 240 3 4 72
22 131 7 4 477
427 98 2 6 1589
293 274 5 2 24
119 489 10 3 93
332 489 5 3 88
283 245 8 6 8536
358 491 7 4 281
283 272 6 3 127
162 72 7 5 1413
207 259 10 7 76775
246 89 2 6 4556
359 59 1 7 6812
71 492 5 3 53
39 234 3 3 16
297 212 3 4 145
256 326 4 6 12306
400 423 7 6 9243
418 165 4 3 47
461 334 4 4 382
451 500 8 3 125
63 480 1 6 1717
276 339 6 4 378
141 172 1 5 455
299 64 8 3 77
93 402 10 4 221
90 165 6 5 3954
433 169 5 4 203
445 468 1 3 12
367 36 2 8 247551
375 508 3 5 402
225 288 8 3 120
82 296 10 4 392
156 481 7 4 325
366 8 9 5 2455
100 420 6 6 8209
264 109 4 5 577
92 14 6 3 113
134 35 10 4 893
414 441 8 3 107
187 57 5 4 212
42 133 7 4 609
473 266 4 4 324
458 119 5 6 8007
192 360 2 8 211537
94 81 1 3 18
216 13 3 6 3134
76 173 1 7 6078
120 454 1 4 37
343 60 1 6 836
192 460 7 3 63
184 465 10 2 51
69 61 9 4 506
487 247 4 5 1618
266 308 10 3 156
423 257 6 6 6737
421 192 9 5 1727
143 98 2 7 34132
89 380 6 4 589
228 398 2 5 255
312 208 5 2 21
51 506 7 7 42527
373 53 5 4 233
494 121 4 5 1750
329 228 3 8 123272
86 229 1 7 13850
476 119 2 5 382
76 148 7 4 418
58 21 3 6 9084
443 33 9 7 200744
233 353 9 3 158
141 25 4 5 579
195 58 10 5 2102
287 178 6 6 18260
181 421 9 4 523
419 33 1 4 47
386 116 7 4 545
163 39 8 4 318
185 33 2 4 82
185 471 10 3 72
186 5 5 6 8599
452 308 7 4 264
382 35 10 4 577
172 211 5 2 12
260 59 10 3 67
333 111 4 6 3167
57 59 3 3 48
202 115 4 4 97
141 195 7 5 1544
510 426 1 6 2699
444 365 2 5 566
39 406 6 3 81
115 421 9 1 12
317 45 3 6 8038
161 54 5 4 372
459 283 4 4 144
299 249 5 7 149359
3 507 7 5 2057
229 428 1 5 602
29 73 9 6 11288
330 30 5 5 1344
398 118 7 3 113
223 402 6 4 448
158 29 1 7 17798
235 346 1 6 4625
361 212 6 5 1212
112 326 5 6 6518
345 235 6 4 533
358 223 8 3 120
86 283 10 3 162
467 161 3 4 72
473 223 2 10 28205821
29 209 5 4 142
376 243 8 5 3013
72 50 2 4 192
349 439 3 6 2563
308 170 9 7 63233
140 271 10 3 169
279 3 10 3 88
207 34 7 4 393
32 332 10 4 880
149 170 7 3 75
183 54 8 3 106
325 171 4 4 121
91 163 6 5 1314
40 473 9 3 172
363 384 3 4 115
268 451 8 5 1328
399 15 5 4 253
356 368 7 3 60
486 70 7 5 1086
105 340 9 4 796
435 24 2 3 26
508 242 3 3 45
417 254 8 5 1116
386 441 8 4 184
89 423 9 5 2526
390 24 7 3 89
504 122 3 7 21678
186 208 3 5 483
70 485 6 3 65
165 337 8 5 2475
18 30 3 4 120
169 36 1 6 774
212 392 4 5 2491
248 453 7 5 2786
169 310 4 6 9821
495 378 5 5 1471
241 469 10 4 251
179 231 8 6 6695
119 322 5 3 40
411 311 7 6 26162
227 258 2 6 3178
160 45 5 5 921
463 202 2 5 314
208 153 8 2 29
140 420 2 5 597
198 185 6 2 19
154 510 6 6 11498
314 121 8 6 16147
251 401 9 7 72679
100 409 4 4 193
112 412 4 3 25
28 505 6 3 69
296 137 7 6 6174
495 323 5 3 48
43 180 4 5 865
159 171 6 2 18
109 281 6 4 354
232 145 9 6 9136
381 27 3 5 595
140 401 3 5 1845
103 320 3 4 329
86 459 9 3 72
489 382 1 5 126
185 52 8 4 658
127 172 4 4 353
456 357 8 5 1728
355 326 3 8 120477
9 219 6 7 64636
160 508 1 7 8125
303 177 8 4 706
463 456 4 4 107
163 224 7 3 107
233 28 8 4 330
142 354 9 2 28
269 336 3 7 16239
258 44 1 8 65582
341 396 3 7 29546
436 81 10 2 35
232 130 10 5 1207
60 340 2 3 24
145 318 1 8 108409
487 498 1 7 16965
165 470 4 5 931
123 193 1 5 122
128 495 6 4 215
465 349 1 4 67
146 365 4 5 835
425 335 4 5 1618
425 197 10 3 93
9 241 5 4 227
128 424 9 4 359
140 125 10 4 434
143 503 7 4 190
109 200 4 3 36
100 10 2 5 633
358 496 2 6 2702
42 454 3 8 147827
463 107 5 4 242
239 177 7 4 329
511 267 6 3 71
498 163 1 5 465
281 392 5 6 10331
436 508 3 5 970
270 121 3 3 45
289 495 2 6 5832
327 260 10 7 96082
288 510 1 6 1642
13 86 9 3 79
484 104 8 5 1442
76 320 3 5 507
34 270 10 3 217
417 262 9 3 91
339 117 10 7 170402
310 380 5 5 811
112 259 1 5 196
26 406 2 5 768
255 223 3 5 350
45 291 4 4 196
225 344 5 3 59
440 106 5 5 695
143 484 1 5 273
354 419 9 5 1872
419 206 2 5 393
119 339 7 3 80
226 436 1 7 5097
439 497 9 7 103253
194 26 4 7 27078
100 262 2 5 538
77 56 1 7 11175
391 338 3 3 40
197 35 1 5 187
505 417 4 5 579
508 260 8 4 425
134 480 7 3 56
209 492 5 3 62
463 286 10 2 40
121 55 1 8 111970
94 58 3 3 16
174 474 8 4 734
131 54 10 4 259
164 145 7 5 2166
288 487 8 4 308
310 363 7 3 42
79 402 10 5 3547
178 332 10 4 931
3 218 1 4 23
70 382 7 3 58
331 321 6 4 574
357 509 2 8 363478
187 274 1 9 1709629
179 105 6 3 82
292 415 5 4 168
153 385 9 4 643
98 383 10 4 285
250 191 2 3 26
80 417 3 4 137
165 178 6 4 385
296 247 2 9 1559693
66 366 8 5 3277
185 205 2 6 1959
39 301 1 5 396
495 509 2 4 83
324 396 3 8 277976
484 215 10 3 68
461 40 5 5 1650
468 365 7 4 412
421 91 7 7 43027
478 225 7 6 29961
259 305 6 2 22
64 82 5 5 584
357 475 9 4 715
89 270 5 3 41
296 90 4 5 2640
428 311 1 4 103
473 126 3 5 1506
348 165 9 3 120
245 192 4 3 76
53 264 5 5 1363
252 453 5 4 201
13 167 5 5 1019
245 367 4 5 2075
65 488 4 4 203
178 501 8 4 751
55 321 5 4 312
217 504 3 5 485
280 176 3 5 886
472 426 7 5 890
260 434 1 5 280
54 13 9 4 382
118 10 7 3 74
164 315 8 5 1343
203 425 5 7 150258
460 428 3 5 683
106 164 2 4 148
342 261 2 4 59
343 26 10 3 128
188 194 2 4 60
501 128 10 4 1028
265 301 9 8 425734
106 340 4 5 745
449 100 10 4 490
25 280 6 9 4871905
