9359 3.199061584106583e-08 
6994 1.541422913551568e-08 
3778 3.31000249561772e-10 
1670 1.5018762624069253e-09 
5665 2.485136337438288e-09 
5930 1.1184320774521711e-08 
833 1.3202772915364232e-07 
9190 3.067203842151051e-07 
7851 3.590607426848441e-07 
3268 1.4921126123242697e-08 
5587 9.420810985842339e-09 
775 3.345170559825028e-10 
6763 1.1431560734438272e-08 
7332 3.602025940753218e-08 
3235 9.776917862020678e-09 
5541 2.6594161649543004e-07 
6431 1.6876984857209354e-08 
6545 8.926366265323926e-09 
5581 5.444119763830042e-08 
9238 1.6442812004953703e-08 
7646 4.654846025775247e-10 
65 5.6022172722900625e-09 
8250 1.9338198138569337e-08 
2837 6.660253599623093e-09 
2766 2.58124823598882e-10 
6679 1.0440940993727832e-10 
3632 7.519888740033999e-06 
3168 3.623838555621983e-11 
9455 1.2166481849762434e-09 
3608 6.592603406544925e-10 
4989 7.775517308525666e-08 
8094 4.670888509271861e-08 
5420 1.1054965309516599e-06 
4458 3.4592548499158007e-06 
514 7.719930718471959e-07 
3334 3.559882522651008e-07 
3903 7.222071590948392e-07 
6800 1.8889166793212286e-10 
1397 8.259129394934048e-10 
9061 1.4512565723050382e-08 
694 1.0824141518987437e-08 
9501 6.328441006772439e-09 
3220 3.836059294448124e-08 
4711 4.1696161341425753e-07 
5250 8.806477560419431e-07 
8081 1.0930676884713961e-07 
5333 4.0719860637118474e-06 
3432 4.6096583632712716e-09 
6808 1.339475724371505e-06 
1550 4.566596811225775e-09 
7424 1.7402975691589026e-07 
1845 5.945282384862928e-09 
7184 1.4557263724127022e-07 
2944 8.59273087733231e-06 
4706 5.101188192682877e-09 
5880 2.7296905184768626e-07 
4701 1.2098662349746547e-11 
5279 5.509689573591829e-08 
277 2.1549900430673782e-08 
7969 4.669310397627745e-09 
136 8.847071499786701e-09 
3829 1.0690289309350396e-08 
6878 5.138350508970824e-11 
6080 5.711525624847724e-09 
8458 1.739463295624688e-10 
87 9.599348511717641e-10 
6997 5.451383421346931e-09 
2524 5.805197664739722e-09 
7633 1.1567376822109269e-07 
9544 3.4077781612198987e-10 
3354 4.5052368060648204e-08 
836 2.5006843395432375e-08 
9955 1.8021818791523307e-09 
214 2.0077317696830937e-09 
5480 1.5026340100252392e-08 
9696 4.303837020020842e-08 
96 1.6979834555437023e-07 
3898 1.7923931809257776e-09 
5885 1.8568669779924377e-06 
2248 1.1741729343916867e-09 
8586 3.824531336020279e-06 
3066 1.1923498275332454e-08 
9389 1.6907056058445245e-09 
6051 5.766119335476327e-10 
2465 1.6618059887158962e-09 
2629 5.143779193472231e-07 
3733 7.840613410682227e-09 
4469 9.40797875850921e-07 
4985 1.8860568659696496e-06 
8324 3.29533019545903e-09 
9218 2.2683591116567925e-11 
3242 9.342429355321835e-07 
5368 7.374188836779549e-07 
1894 7.859519947654627e-08 
3253 4.581951669581439e-08 
4946 1.368947675486551e-09 
9539 5.119593566533316e-09 
1881 9.820965007292131e-09 
912 2.439689210202711e-10 
2566 9.378628814315712e-10 
8072 1.2448528855413428e-09 
9431 2.5025387161913367e-08 
555 1.604631175699197e-08 
6643 2.4201782938826355e-11 
841 3.471494345458348e-09 
8150 1.0413046815249936e-06 
5448 3.540890130361526e-07 
449 1.096962422811799e-07 
2904 3.6823679120322975e-09 
145 4.5495804454516453e-10 
6929 8.117825015916974e-07 
4412 2.388341603485697e-08 
7129 4.87510868046187e-10 
8245 6.135163991098771e-08 
9581 1.61156398122142e-10 
496 1.000494172365203e-07 
3982 4.28111721941953e-07 
5697 2.4965597610060453e-09 
9017 1.5379870207249402e-10 
1233 2.3975993188973636e-09 
3664 4.99591623028883e-07 
2214 7.579143315208892e-09 
6335 6.16463465490753e-09 
2332 4.728865827466451e-08 
7838 1.0764811342473533e-08 
6986 1.0570339185108496e-08 
1372 8.774581134168152e-09 
6081 2.0419729252754357e-09 
4302 5.285645710771522e-07 
6137 6.830772128897651e-08 
4739 1.3426369765145183e-08 
6298 1.0743964736978362e-09 
6061 3.2139612238940574e-10 
3467 9.905510371362516e-10 
2127 8.110994883362191e-08 
6300 3.3916274238493563e-07 
2048 8.493169950221147e-09 
5994 1.2051537447175418e-07 
3618 3.1374902675906924e-13 
704 3.8576545702735676e-08 
7905 2.6853368487178564e-10 
7198 2.8240760206644385e-06 
7934 4.348670613194548e-06 
9986 1.3600896581978587e-08 
9832 2.477572918801034e-07 
7213 1.8917995642242502e-11 
1764 4.351520976503378e-06 
8897 1.0146604721328202e-07 
7167 1.6703043409656802e-09 
248 1.3315727714908858e-08 
6760 5.4216538021132526e-08 
3563 4.82410270857606e-07 
8323 1.871842472882468e-08 
6488 2.3634919722665863e-08 
5210 9.345772800399207e-10 
2539 2.504361868089164e-07 
1522 1.1417327167273202e-08 
7432 3.868934894964257e-09 
716 7.855186377335628e-09 
4943 8.835707475818417e-07 
