0 0 4 4 102
0 1 1 5 225
0 2 8 1 12
0 3 1 5 165
0 4 1 4 26
0 5 2 4 74
0 6 4 4 92
0 7 10 3 128
0 8 1 4 42
0 9 1 5 118
0 10 3 3 18
0 11 1 4 43
0 12 10 3 65
0 13 9 4 246
0 14 1 5 242
0 15 6 3 53
0 16 8 5 926
0 17 6 3 89
0 18 2 6 3498
0 19 10 7 108742
0 20 5 5 615
0 21 2 4 57
0 22 8 3 61
0 23 3 5 1844
0 24 10 3 184
0 25 8 3 146
0 26 5 4 278
0 27 5 5 684
0 28 2 4 94
0 29 3 5 847
0 30 7 2 26
0 31 4 7 25623
0 32 6 3 58
0 33 7 2 25
0 34 8 3 75
0 35 1 5 119
0 36 9 2 43
0 37 9 4 216
0 38 9 3 100
0 39 9 3 155
0 40 3 4 67
0 41 4 4 121
0 42 6 3 32
0 43 8 3 84
0 44 5 5 1574
0 45 8 3 85
0 46 1 4 99
0 47 1 6 1416
0 48 3 3 24
0 49 8 5 5050
0 50 4 4 283
0 51 8 2 18
0 52 6 3 66
0 53 7 5 907
0 54 9 2 35
0 55 6 5 1260
0 56 4 6 4053
0 57 7 5 1899
0 58 4 3 47
0 59 3 5 677
0 60 2 4 139
0 61 7 4 160
0 62 9 4 382
0 63 4 3 45
1 0 9 4 433
1 1 5 3 31
1 2 7 3 54
1 3 1 6 3600
1 4 8 5 5262
1 5 3 5 525
1 6 1 4 46
1 7 9 4 983
1 8 9 4 543
1 9 1 4 93
1 10 4 4 147
1 11 4 4 104
1 12 10 4 418
1 13 2 3 33
1 14 9 5 3078
1 15 6 4 564
1 16 3 3 59
1 17 7 5 909
1 18 5 5 790
1 19 2 4 47
1 20 2 4 154
1 21 2 5 297
1 22 6 5 1877
1 23 5 3 90
1 24 7 3 55
1 25 1 4 64
1 26 1 8 210480
1 27 8 5 1026
1 28 4 3 30
1 29 10 4 275
1 30 1 5 247
1 31 9 4 668
1 32 2 5 987
1 33 4 3 84
1 34 9 4 564
1 35 10 3 57
1 36 7 3 93
1 37 10 4 905
1 38 8 4 668
1 39 1 4 78
1 40 6 5 1229
1 41 5 4 185
1 42 10 4 610
1 43 7 3 40
1 44 5 4 149
1 45 3 4 174
1 46 4 4 281
1 47 9 5 5957
1 48 5 4 355
1 49 1 5 393
1 50 10 2 40
1 51 2 5 663
1 52 2 5 238
1 53 2 5 1105
1 54 10 6 12275
1 55 5 3 62
1 56 7 3 89
1 57 9 4 429
1 58 1 4 34
1 59 3 6 3068
1 60 1 5 300
1 61 6 2 28
1 62 3 5 596
1 63 6 3 34
2 0 6 4 296
2 1 1 6 1222
2 2 2 4 70
2 3 3 4 104
2 4 2 5 590
2 5 9 3 73
2 6 5 2 11
2 7 1 4 46
2 8 7 5 954
2 9 5 4 206
2 10 10 4 804
2 11 1 4 87
2 12 10 1 4
2 13 10 3 57
2 14 4 5 521
2 15 7 4 639
2 16 3 2 8
2 17 10 3 84
2 18 2 5 296
2 19 4 4 146
2 20 2 4 88
2 21 9 2 19
2 22 2 5 456
2 23 4 4 146
2 24 4 3 65
2 25 9 2 37
2 26 1 3 14
2 27 1 5 670
2 28 10 5 2186
2 29 9 3 85
2 30 1 5 213
2 31 8 3 79
2 32 10 2 45
2 33 3 5 685
2 34 8 5 1040
2 35 10 3 174
2 36 6 4 185
2 37 3 5 833
2 38 3 5 695
2 39 10 5 1357
2 40 4 4 183
2 41 2 4 125
2 42 8 4 421
2 43 10 3 78
2 44 1 4 43
2 45 10 3 57
2 46 2 4 47
2 47 6 5 2055
2 48 3 5 633
2 49 2 4 57
2 50 2 4 58
2 51 8 5 1330
2 52 2 4 74
2 53 2 3 13
2 54 10 5 1291
2 55 9 2 41
2 56 6 3 72
2 57 6 4 262
2 58 2 3 19
2 59 3 2 14
2 60 1 4 24
2 61 9 5 1867
2 62 9 2 17
2 63 3 4 257
3 0 9 6 15253
3 1 5 3 39
3 2 5 1 6
3 3 6 3 62
3 4 1 6 2548
3 5 7 6 7971
3 6 2 6 1529
3 7 4 5 829
3 8 5 8 249767
3 9 3 4 287
3 10 9 4 309
3 11 3 3 55
3 12 4 4 107
3 13 4 3 39
3 14 5 2 16
3 15 8 4 276
3 16 8 4 384
3 17 1 5 480
3 18 3 3 57
3 19 10 5 1728
3 20 4 4 274
3 21 5 3 59
3 22 6 3 106
3 23 2 3 15
3 24 7 2 14
3 25 3 3 38
3 26 10 4 372
3 27 2 3 35
3 28 3 4 314
3 29 10 4 414
3 30 6 5 3232
3 31 4 3 38
3 32 2 4 51
3 33 4 7 60875
3 34 5 4 135
3 35 6 4 578
3 36 4 5 559
3 37 10 3 80
3 38 3 3 23
3 39 9 2 35
3 40 3 3 42
3 41 5 4 208
3 42 9 7 276990
3 43 10 3 111
3 44 6 2 14
3 45 5 4 320
3 46 3 3 16
3 47 6 2 12
3 48 5 4 340
3 49 9 3 100
3 50 5 3 85
3 51 4 4 331
3 52 9 5 5684
3 53 9 4 209
3 54 7 2 27
3 55 10 2 26
3 56 9 2 18
3 57 9 4 714
3 58 10 4 345
3 59 3 3 30
3 60 2 4 48
3 61 1 4 48
3 62 2 4 222
3 63 3 5 974
4 0 3 4 82
4 1 2 3 22
4 2 8 5 2404
4 3 2 5 1057
4 4 6 3 62
4 5 8 2 23
4 6 10 3 102
4 7 8 3 69
4 8 8 3 104
4 9 4 7 41158
4 10 6 4 332
4 11 2 5 347
4 12 1 5 456
4 13 2 4 51
4 14 10 3 214
4 15 8 4 381
4 16 9 4 468
4 17 9 3 139
4 18 6 4 574
4 19 9 2 45
4 20 9 3 52
4 21 8 2 27
4 22 8 3 64
4 23 2 5 393
4 24 7 1 10
4 25 4 4 96
4 26 8 6 23878
4 27 7 4 258
4 28 6 4 228
4 29 9 6 11289
4 30 5 3 49
4 31 7 3 43
4 32 1 4 46
4 33 4 4 114
4 34 4 3 80
4 35 5 5 1121
4 36 10 3 112
4 37 1 5 571
4 38 2 3 21
4 39 4 3 42
4 40 10 3 101
4 41 7 4 320
4 42 3 3 63
4 43 7 3 41
4 44 2 4 74
4 45 9 5 2067
4 46 4 5 835
4 47 7 5 817
4 48 4 4 139
4 49 9 3 108
4 50 3 3 54
4 51 6 3 79
4 52 6 3 60
4 53 7 2 16
4 54 7 3 98
4 55 5 3 78
4 56 1 6 1775
4 57 2 5 253
4 58 6 4 275
4 59 7 2 24
4 60 3 3 40
4 61 8 3 72
4 62 9 5 5261
4 63 6 4 420
5 0 2 4 62
5 1 7 5 1028
5 2 1 4 23
5 3 4 3 28
5 4 6 3 55
5 5 3 4 233
5 6 3 4 80
5 7 10 4 226
5 8 3 5 403
5 9 4 4 152
5 10 10 4 429
5 11 1 4 64
5 12 1 4 30
5 13 6 3 65
5 14 8 3 153
5 15 2 4 90
5 16 5 3 46
5 17 4 4 224
5 18 10 5 5936
5 19 9 4 359
5 20 4 4 92
5 21 1 5 214
5 22 1 5 198
5 23 7 2 28
5 24 5 3 39
5 25 8 3 87
5 26 3 5 410
5 27 3 5 1720
5 28 3 7 42404
5 29 6 3 61
5 30 6 4 166
5 31 9 2 29
5 32 10 3 86
5 33 9 4 387
5 34 1 4 100
5 35 9 3 159
5 36 8 8 442954
5 37 7 2 31
5 38 8 4 292
5 39 1 5 141
5 40 4 6 9033
5 41 3 5 407
5 42 8 4 350
5 43 4 6 3078
5 44 6 4 264
5 45 5 7 40243
5 46 6 4 421
5 47 1 4 87
5 48 10 2 25
5 49 8 3 125
5 50 1 5 120
5 51 4 4 121
5 52 3 4 81
5 53 10 2 27
5 54 5 6 6695
5 55 8 6 6664
5 56 8 4 593
5 57 6 3 84
5 58 5 4 262
5 59 4 4 133
5 60 1 4 53
5 61 1 5 488
5 62 9 4 218
5 63 2 4 142
6 0 6 5 1987
6 1 8 5 3823
6 2 4 4 431
6 3 4 3 33
6 4 7 3 72
6 5 6 2 25
6 6 7 5 1989
6 7 4 3 40
6 8 8 6 13550
6 9 10 4 355
6 10 4 3 24
6 11 7 5 1011
6 12 9 2 36
6 13 3 4 147
6 14 3 4 102
6 15 5 3 59
6 16 4 4 418
6 17 1 5 129
6 18 9 2 44
6 19 8 6 21715
6 20 8 2 39
6 21 7 2 13
6 22 7 4 696
6 23 2 4 113
6 24 2 4 112
6 25 10 2 35
6 26 1 5 137
6 27 6 3 53
6 28 5 3 43
6 29 1 4 66
6 30 7 3 124
6 31 5 4 235
6 32 6 4 165
6 33 2 3 24
6 34 2 5 418
6 35 8 2 23
6 36 1 4 36
6 37 4 4 426
6 38 5 2 17
6 39 3 6 4035
6 40 6 3 49
6 41 5 4 154
6 42 2 4 185
6 43 7 5 2855
6 44 8 5 1256
6 45 5 1 7
6 46 4 4 188
6 47 2 5 242
6 48 4 3 78
6 49 8 4 354
6 50 8 4 695
6 51 1 6 1395
6 52 4 4 135
6 53 7 2 27
6 54 9 6 20475
6 55 10 3 76
6 56 10 3 67
6 57 4 3 41
6 58 10 3 153
6 59 8 3 48
6 60 8 4 304
6 61 4 3 80
6 62 3 4 98
6 63 4 5 667
7 0 9 2 26
7 1 6 7 171181
7 2 4 3 61
7 3 5 4 489
7 4 5 3 49
7 5 1 4 82
7 6 10 4 238
7 7 1 5 118
7 8 7 4 315
7 9 3 4 277
7 10 5 4 189
7 11 7 3 80
7 12 9 3 145
7 13 6 4 319
7 14 1 3 13
7 15 7 3 79
7 16 2 5 783
7 17 5 3 31
7 18 7 4 188
7 19 6 4 188
7 20 10 2 19
7 21 6 7 30095
7 22 7 4 355
7 23 5 4 119
7 24 6 4 629
7 25 8 3 61
7 26 4 7 39667
7 27 6 5 1218
7 28 8 3 116
7 29 9 5 1641
7 30 9 5 2346
7 31 3 4 78
7 32 2 4 193
7 33 6 2 29
7 34 10 2 51
7 35 9 3 181
7 36 1 5 148
7 37 2 5 949
7 38 2 4 51
7 39 7 4 780
7 40 1 6 1502
7 41 10 2 46
7 42 7 1 8
7 43 7 4 719
7 44 3 4 71
7 45 7 3 95
7 46 5 3 75
7 47 9 4 768
7 48 1 4 29
7 49 8 2 31
7 50 6 2 25
7 51 9 4 298
7 52 5 6 4695
7 53 5 2 10
7 54 9 3 66
7 55 10 1 13
7 56 3 3 17
7 57 4 6 3218
7 58 10 2 46
7 59 4 4 131
7 60 2 4 53
7 61 4 3 27
7 62 3 5 358
7 63 10 2 43
8 0 6 3 127
8 1 5 4 216
8 2 4 3 79
8 3 6 4 223
8 4 5 5 2460
8 5 6 4 327
8 6 8 4 339
8 7 2 4 71
8 8 1 4 43
8 9 5 3 72
8 10 9 5 1871
8 11 10 4 486
8 12 4 4 355
8 13 1 4 96
8 14 7 2 24
8 15 4 4 184
8 16 6 3 53
8 17 7 3 145
8 18 9 5 3956
8 19 2 5 265
8 20 4 4 160
8 21 4 3 40
8 22 10 6 8388
8 23 8 2 29
8 24 6 5 1511
8 25 1 4 29
8 26 7 4 692
8 27 9 4 580
8 28 10 3 65
8 29 7 5 1711
8 30 9 3 61
8 31 1 4 102
8 32 4 3 87
8 33 10 4 715
8 34 8 6 13763
8 35 1 4 38
8 36 8 5 1640
8 37 3 6 3311
8 38 2 3 33
8 39 9 2 20
8 40 7 2 16
8 41 9 3 188
8 42 8 4 243
8 43 5 5 2047
8 44 8 2 38
8 45 9 1 15
8 46 1 6 927
8 47 1 3 21
8 48 6 3 93
8 49 9 2 39
8 50 5 5 1880
8 51 1 5 366
8 52 5 3 103
8 53 2 4 109
8 54 2 3 30
8 55 10 4 259
8 56 5 5 1530
8 57 1 4 35
8 58 10 3 88
8 59 7 4 257
8 60 2 2 7
8 61 5 3 73
8 62 1 4 67
8 63 4 4 192
9 0 2 6 2222
9 1 10 3 54
9 2 5 3 85
9 3 10 3 177
9 4 8 3 83
9 5 6 3 52
9 6 4 3 77
9 7 5 5 2579
9 8 4 4 395
9 9 5 3 33
9 10 1 4 51
9 11 5 4 378
9 12 3 4 69
9 13 2 3 16
9 14 10 3 105
9 15 1 4 70
9 16 9 3 108
9 17 8 3 169
9 18 6 4 260
9 19 4 4 200
9 20 7 2 28
9 21 1 4 57
9 22 8 7 41894
9 23 1 7 13483
9 24 9 2 21
9 25 3 3 54
9 26 7 4 502
9 27 3 4 117
9 28 1 5 262
9 29 2 4 225
9 30 5 3 35
9 31 9 4 216
9 32 4 5 2577
9 33 5 2 19
9 34 5 4 123
9 35 2 4 50
9 36 5 6 4989
9 37 3 3 61
9 38 7 4 272
9 39 5 3 33
9 40 2 3 40
9 41 5 6 7591
9 42 3 3 55
9 43 6 3 64
9 44 6 4 563
9 45 2 4 94
9 46 9 5 3090
9 47 1 5 647
9 48 7 4 174
9 49 9 3 177
9 50 9 4 258
9 51 3 4 325
9 52 2 4 74
9 53 7 4 620
9 54 5 3 50
9 55 10 2 31
9 56 3 5 528
9 57 8 4 711
9 58 10 4 449
9 59 6 4 190
9 60 9 3 172
9 61 2 4 158
9 62 8 4 188
9 63 2 5 230
10 0 5 3 61
10 1 8 5 961
10 2 1 4 27
10 3 8 4 185
10 4 3 3 24
10 5 3 4 156
10 6 8 5 2244
10 7 4 3 75
10 8 2 4 46
10 9 10 2 41
10 10 8 3 49
10 11 8 2 31
10 12 3 5 377
10 13 5 3 47
10 14 3 2 10
10 15 5 2 17
10 16 7 4 290
10 17 8 3 85
10 18 4 4 124
10 19 10 2 28
10 20 10 4 989
10 21 6 3 72
10 22 9 3 175
10 23 2 5 753
10 24 10 3 133
10 25 2 3 19
10 26 4 4 101
10 27 9 3 100
10 28 10 3 76
10 29 5 5 821
10 30 8 2 33
10 31 4 4 131
10 32 6 4 319
10 33 3 5 450
10 34 8 2 18
10 35 7 3 46
10 36 3 2 15
10 37 7 3 83
10 38 9 4 494
10 39 7 5 1045
10 40 9 4 294
10 41 10 3 151
10 42 3 3 21
10 43 3 4 175
10 44 4 4 366
10 45 1 4 68
10 46 5 3 36
10 47 5 3 65
10 48 4 4 167
10 49 5 3 45
10 50 1 5 165
10 51 8 2 21
10 52 7 3 48
10 53 1 5 141
10 54 6 4 314
10 55 8 5 1600
10 56 6 2 26
10 57 7 4 235
10 58 4 3 38
10 59 1 6 793
10 60 1 5 126
10 61 8 4 178
10 62 6 5 875
10 63 9 2 21
11 0 2 4 64
11 1 8 2 19
11 2 5 4 266
11 3 5 4 336
11 4 10 2 21
11 5 8 6 9769
11 6 9 3 54
11 7 8 5 3510
11 8 9 4 376
11 9 5 7 34972
11 10 1 6 1483
11 11 9 2 42
11 12 6 5 3137
11 13 2 8 105851
11 14 10 2 31
11 15 2 5 450
11 16 5 2 20
11 17 6 5 1995
11 18 1 4 28
11 19 6 2 27
11 20 9 2 40
11 21 6 3 123
11 22 10 4 469
11 23 6 3 116
11 24 10 3 144
11 25 4 3 86
11 26 5 4 152
11 27 1 6 1669
11 28 3 4 108
11 29 3 4 140
11 30 8 6 33424
11 31 5 4 179
11 32 3 7 21146
11 33 5 6 21259
11 34 4 6 2889
11 35 5 3 71
11 36 5 5 1082
11 37 10 2 40
11 38 4 5 1925
11 39 1 5 191
11 40 6 3 40
11 41 7 5 1683
11 42 9 3 61
11 43 8 2 36
11 44 2 4 56
11 45 6 1 9
11 46 7 2 34
11 47 8 6 6138
11 48 4 6 11097
11 49 6 5 1188
11 50 5 3 45
11 51 7 4 265
11 52 2 4 58
11 53 9 3 178
11 54 6 5 1028
11 55 2 4 161
11 56 1 4 36
11 57 3 5 416
11 58 4 3 44
11 59 8 3 52
11 60 3 5 615
11 61 2 4 83
11 62 10 2 28
11 63 3 5 618
12 0 9 2 30
12 1 4 4 208
12 2 1 7 30623
12 3 10 3 182
12 4 6 4 188
12 5 3 5 906
12 6 3 3 40
12 7 1 5 553
12 8 5 5 2911
12 9 8 3 53
12 10 2 6 1843
12 11 2 4 52
12 12 4 6 3378
12 13 4 5 831
12 14 10 3 165
12 15 5 5 1859
12 16 5 3 34
12 17 10 3 102
12 18 5 2 22
12 19 8 4 247
12 20 5 3 96
12 21 5 2 9
12 22 5 3 60
12 23 10 4 651
12 24 2 4 113
12 25 6 4 154
12 26 9 4 312
12 27 7 4 345
12 28 10 3 156
12 29 6 3 48
12 30 8 2 27
12 31 1 6 4012
12 32 4 4 176
12 33 5 4 119
12 34 7 3 56
12 35 7 4 352
12 36 3 4 259
12 37 2 4 55
12 38 3 4 161
12 39 7 3 104
12 40 5 5 836
12 41 1 7 9062
12 42 6 3 57
12 43 10 2 26
12 44 9 3 54
12 45 3 6 2307
12 46 4 6 9693
12 47 10 3 84
12 48 7 3 50
12 49 10 5 1945
12 50 9 5 4560
12 51 3 4 125
12 52 4 4 134
12 53 8 4 179
12 54 9 5 1877
12 55 7 4 587
12 56 3 4 79
12 57 6 4 246
12 58 7 4 207
12 59 5 6 4475
12 60 6 3 72
12 61 10 4 901
12 62 2 3 35
12 63 7 4 209
13 0 10 6 9103
13 1 4 4 253
13 2 2 7 10054
13 3 2 4 185
13 4 7 4 255
13 5 10 2 40
13 6 10 1 16
13 7 9 3 123
13 8 7 4 337
13 9 8 4 305
13 10 2 4 51
13 11 3 6 13536
13 12 3 5 466
13 13 3 6 12071
13 14 6 2 21
13 15 3 4 103
13 16 1 6 869
13 17 9 1 11
13 18 9 3 113
13 19 1 4 25
13 20 3 5 365
13 21 6 3 128
13 22 5 6 5357
13 23 8 2 33
13 24 5 3 61
13 25 9 2 46
13 26 2 4 219
13 27 6 4 353
13 28 1 4 79
13 29 7 3 49
13 30 9 4 800
13 31 6 5 3955
13 32 2 5 306
13 33 1 5 241
13 34 8 2 30
13 35 3 3 36
13 36 5 3 84
13 37 7 3 144
13 38 3 2 14
13 39 6 4 141
13 40 6 4 138
13 41 8 2 35
13 42 5 4 224
13 43 4 4 119
13 44 9 2 33
13 45 10 3 108
13 46 9 2 34
13 47 4 4 213
13 48 8 3 47
13 49 5 6 16017
13 50 3 4 111
13 51 1 5 135
13 52 9 3 60
13 53 5 3 59
13 54 9 3 54
13 55 9 2 41
13 56 4 3 39
13 57 7 3 139
13 58 8 5 2438
13 59 8 2 29
13 60 3 4 81
13 61 8 2 19
13 62 4 4 390
13 63 8 3 106
14 0 8 3 174
14 1 6 3 105
14 2 1 3 9
14 3 2 4 90
14 4 7 4 377
14 5 4 3 42
14 6 8 3 112
14 7 2 4 191
14 8 8 3 88
14 9 8 7 80000
14 10 10 2 45
14 11 1 5 223
14 12 4 4 96
14 13 1 5 629
14 14 2 5 554
14 15 7 3 64
14 16 4 3 70
14 17 9 4 348
14 18 5 4 221
14 19 4 4 117
14 20 9 3 65
14 21 5 3 65
14 22 7 5 941
14 23 9 3 122
14 24 1 4 57
14 25 3 4 129
14 26 4 3 71
14 27 1 6 1457
14 28 1 5 276
14 29 7 5 3774
14 30 8 7 98090
14 31 7 4 245
14 32 9 3 74
14 33 8 3 56
14 34 8 5 1225
14 35 8 3 103
14 36 9 3 125
14 37 9 4 449
14 38 3 3 33
14 39 8 3 131
14 40 4 7 65872
14 41 8 2 21
14 42 9 3 72
14 43 7 3 114
14 44 10 2 35
14 45 7 3 61
14 46 5 4 147
14 47 6 2 21
14 48 9 3 92
14 49 4 4 246
14 50 8 2 38
14 51 9 2 18
14 52 4 4 110
14 53 5 2 19
14 54 9 3 49
14 55 5 3 31
14 56 5 4 174
14 57 2 6 2468
14 58 5 3 27
14 59 9 2 33
14 60 9 1 15
14 61 1 5 340
14 62 9 3 117
14 63 10 1 15
15 0 6 3 50
15 1 10 5 4994
15 2 10 2 20
15 3 5 4 218
15 4 7 2 20
15 5 9 4 272
15 6 8 3 132
15 7 8 4 645
15 8 6 5 1147
15 9 10 3 72
15 10 6 5 1757
15 11 9 2 22
15 12 1 6 1088
15 13 7 4 461
15 14 9 3 71
15 15 7 4 264
15 16 5 5 1077
15 17 10 2 49
15 18 3 4 213
15 19 5 4 119
15 20 7 6 6093
15 21 10 6 7281
15 22 6 3 92
15 23 10 3 66
15 24 2 2 10
15 25 9 4 280
15 26 10 2 25
15 27 1 5 233
15 28 10 2 30
15 29 2 4 59
15 30 9 3 183
15 31 3 6 4932
15 32 3 2 6
15 33 7 1 5
15 34 7 3 61
15 35 2 5 1338
15 36 7 5 2284
15 37 3 3 28
15 38 8 3 72
15 39 4 3 38
15 40 9 4 653
15 41 1 6 784
15 42 5 3 64
15 43 5 3 28
15 44 1 5 277
15 45 9 2 43
15 46 9 3 114
15 47 3 3 17
15 48 8 4 189
15 49 3 4 192
15 50 7 3 60
15 51 7 2 16
15 52 6 4 171
15 53 6 3 121
15 54 2 4 50
15 55 10 3 147
15 56 2 4 225
15 57 1 6 915
15 58 10 2 25
15 59 10 4 474
15 60 1 3 20
15 61 2 5 780
15 62 4 4 215
15 63 4 4 89
16 0 5 4 121
16 1 1 5 461
16 2 5 5 1770
16 3 1 4 40
16 4 3 4 94
16 5 6 3 61
16 6 3 3 27
16 7 1 4 39
16 8 8 4 398
16 9 4 3 44
16 10 2 5 1353
16 11 4 4 91
16 12 1 4 26
16 13 2 6 1499
16 14 3 4 84
16 15 7 3 84
16 16 1 8 76566
16 17 4 3 77
16 18 2 4 98
16 19 2 3 23
16 20 9 3 61
16 21 7 2 16
16 22 10 5 1183
16 23 5 4 381
16 24 2 4 47
16 25 9 2 44
16 26 6 3 96
16 27 4 3 51
16 28 6 2 27
16 29 9 3 198
16 30 6 2 31
16 31 2 3 40
16 32 4 4 386
16 33 2 4 61
16 34 7 3 39
16 35 3 5 441
16 36 8 4 184
16 37 9 3 69
16 38 10 4 854
16 39 10 2 20
16 40 5 2 26
16 41 9 2 22
16 42 10 2 33
16 43 10 2 38
16 44 5 6 6096
16 45 9 6 21958
16 46 3 3 45
16 47 5 5 742
16 48 3 6 2210
16 49 10 3 73
16 50 9 2 23
16 51 4 3 72
16 52 6 3 68
16 53 9 3 127
16 54 6 3 53
16 55 1 7 6766
16 56 6 4 375
16 57 2 8 234605
16 58 10 3 56
16 59 5 3 82
16 60 10 4 251
16 61 10 5 1351
16 62 4 4 380
16 63 4 4 385
17 0 5 3 45
17 1 2 4 52
17 2 2 5 727
17 3 10 4 518
17 4 8 7 255741
17 5 8 3 54
17 6 4 4 394
17 7 8 4 324
17 8 10 2 43
17 9 2 4 74
17 10 7 2 29
17 11 10 4 629
17 12 2 5 315
17 13 10 3 76
17 14 7 4 292
17 15 9 4 255
17 16 5 4 345
17 17 2 6 7040
17 18 8 4 493
17 19 10 3 181
17 20 4 3 57
17 21 2 3 25
17 22 8 2 25
17 23 4 3 73
17 24 8 5 1197
17 25 8 3 112
17 26 3 5 976
17 27 6 4 278
17 28 7 3 38
17 29 6 4 318
17 30 6 5 1810
17 31 6 3 91
17 32 10 4 320
17 33 5 4 209
17 34 10 3 69
17 35 7 4 265
17 36 1 5 291
17 37 4 3 35
17 38 10 2 31
17 39 5 4 112
17 40 9 4 424
17 41 4 5 2759
17 42 7 3 144
17 43 6 3 84
17 44 5 5 1243
17 45 1 4 53
17 46 10 2 45
17 47 10 2 47
17 48 8 5 2950
17 49 3 4 132
17 50 9 3 59
17 51 9 4 204
17 52 5 4 211
17 53 2 3 19
17 54 1 5 407
17 55 4 4 96
17 56 8 3 59
17 57 4 5 1178
17 58 10 3 90
17 59 8 2 34
17 60 6 3 46
17 61 8 3 129
17 62 7 2 31
17 63 4 4 324
18 0 7 4 547
18 1 9 3 185
18 2 3 4 89
18 3 10 3 85
18 4 6 3 77
18 5 7 5 4753
18 6 10 2 39
18 7 9 3 91
18 8 1 4 41
18 9 4 3 51
18 10 10 3 82
18 11 4 4 278
18 12 10 2 29
18 13 6 5 3444
18 14 2 3 43
18 15 3 5 601
18 16 6 3 44
18 17 6 3 68
18 18 6 4 289
18 19 7 7 93468
18 20 5 4 312
18 21 7 4 235
18 22 4 3 68
18 23 8 4 230
18 24 6 4 281
18 25 6 5 788
18 26 4 4 196
18 27 9 3 80
18 28 7 3 91
18 29 7 4 580
18 30 4 3 80
18 31 3 5 371
18 32 2 3 32
18 33 2 4 76
18 34 9 4 221
18 35 10 4 555
18 36 1 5 234
18 37 6 4 576
18 38 10 2 40
18 39 2 3 23
18 40 4 3 62
18 41 1 5 142
18 42 2 4 57
18 43 7 4 473
18 44 3 4 188
18 45 10 3 155
18 46 8 3 100
18 47 4 3 60
18 48 8 2 17
18 49 10 3 86
18 50 6 5 2030
18 51 10 3 62
18 52 10 4 516
18 53 9 3 72
18 54 1 5 253
18 55 9 1 14
18 56 3 3 45
18 57 10 3 86
18 58 9 4 471
18 59 6 5 919
18 60 10 3 104
18 61 7 3 149
18 62 5 3 63
18 63 3 4 192
19 0 7 3 55
19 1 1 4 110
19 2 5 3 40
19 3 1 6 910
19 4 1 6 748
19 5 3 6 4645
19 6 1 7 12226
19 7 5 4 160
19 8 8 3 105
19 9 1 7 5596
19 10 6 3 116
19 11 6 3 87
19 12 5 3 106
19 13 8 3 96
19 14 3 5 396
19 15 7 3 82
19 16 4 4 100
19 17 5 3 70
19 18 10 3 181
19 19 9 5 4202
19 20 8 4 514
19 21 10 4 511
19 22 4 3 27
19 23 3 4 101
19 24 3 3 18
19 25 2 3 30
19 26 3 5 516
19 27 5 3 81
19 28 8 2 39
19 29 10 2 52
19 30 6 3 81
19 31 9 2 28
19 32 3 3 26
19 33 1 5 315
19 34 4 3 39
19 35 3 3 39
19 36 9 3 102
19 37 7 2 23
19 38 1 6 4871
19 39 10 2 39
19 40 7 6 23747
19 41 2 4 87
19 42 6 2 15
19 43 7 4 673
19 44 7 5 1622
19 45 10 2 35
19 46 8 5 4483
19 47 9 3 50
19 48 5 2 16
19 49 2 4 136
19 50 3 5 811
19 51 2 5 608
19 52 6 3 79
19 53 8 4 182
19 54 3 6 4076
19 55 10 3 166
19 56 2 5 294
19 57 7 5 4586
19 58 6 5 1630
19 59 10 4 1099
19 60 2 4 60
19 61 4 3 72
19 62 1 4 31
19 63 5 8 227400
20 0 10 4 443
20 1 10 2 27
20 2 7 2 34
20 3 8 4 283
20 4 10 5 4525
20 5 4 3 63
20 6 7 4 327
20 7 5 5 2523
20 8 5 6 5710
20 9 2 6 2568
20 10 10 5 1392
20 11 9 2 27
20 12 1 5 178
20 13 8 3 149
20 14 3 4 83
20 15 6 3 69
20 16 4 4 208
20 17 1 6 792
20 18 9 3 72
20 19 1 5 207
20 20 2 6 3319
20 21 7 4 248
20 22 5 3 83
20 23 9 2 41
20 24 7 3 42
20 25 1 5 301
20 26 2 3 43
20 27 6 6 14617
20 28 3 4 182
20 29 3 3 20
20 30 4 3 50
20 31 8 4 286
20 32 10 6 10845
20 33 3 4 302
20 34 10 4 598
20 35 3 3 30
20 36 9 3 54
20 37 9 3 73
20 38 10 4 712
20 39 5 5 2023
20 40 6 5 936
20 41 4 5 605
20 42 6 2 16
20 43 9 3 184
20 44 7 4 218
20 45 10 3 93
20 46 7 3 140
20 47 6 4 161
20 48 10 6 34481
20 49 7 4 198
20 50 2 2 7
20 51 1 4 29
20 52 3 5 1075
20 53 3 3 44
20 54 9 3 155
20 55 7 3 103
20 56 2 3 32
20 57 3 4 203
20 58 4 5 1841
20 59 5 4 164
20 60 10 3 215
20 61 5 4 289
20 62 3 4 122
20 63 1 4 90
21 0 5 3 51
21 1 4 1 5
21 2 6 2 21
21 3 5 4 536
21 4 8 4 373
21 5 1 5 172
21 6 5 2 23
21 7 5 2 18
21 8 5 3 81
21 9 10 4 1113
21 10 8 3 68
21 11 10 1 10
21 12 5 5 594
21 13 9 4 847
21 14 10 4 333
21 15 7 5 1017
21 16 4 4 204
21 17 7 2 27
21 18 3 4 70
21 19 4 3 38
21 20 6 5 2537
21 21 9 2 30
21 22 10 4 445
21 23 3 5 711
21 24 10 3 204
21 25 1 5 264
21 26 5 4 187
21 27 4 6 8344
21 28 9 4 330
21 29 7 3 55
21 30 6 2 28
21 31 7 3 74
21 32 7 4 333
21 33 1 4 40
21 34 9 2 29
21 35 2 5 488
21 36 7 2 31
21 37 9 4 635
21 38 1 4 77
21 39 7 4 612
21 40 8 5 3343
21 41 2 5 644
21 42 5 4 177
21 43 9 4 692
21 44 10 3 122
21 45 2 4 76
21 46 4 5 707
21 47 10 5 1849
21 48 10 1 10
21 49 9 2 46
21 50 4 5 1255
21 51 8 2 22
21 52 6 5 1732
21 53 10 1 14
21 54 1 5 154
21 55 4 5 890
21 56 5 4 373
21 57 5 4 118
21 58 4 6 5718
21 59 2 4 101
21 60 1 5 232
21 61 4 3 28
21 62 7 3 63
21 63 3 5 412
22 0 4 5 991
22 1 7 4 369
22 2 4 3 83
22 3 10 3 66
22 4 5 4 339
22 5 3 4 189
22 6 8 3 126
22 7 6 4 403
22 8 7 5 1114
22 9 5 3 60
22 10 4 5 643
22 11 5 2 17
22 12 2 6 2240
22 13 9 3 154
22 14 3 3 23
22 15 1 5 288
22 16 7 3 77
22 17 6 5 1595
22 18 10 4 475
22 19 10 6 12754
22 20 4 2 17
22 21 7 4 177
22 22 5 3 50
22 23 2 4 58
22 24 8 5 1772
22 25 3 4 136
22 26 6 5 853
22 27 9 4 488
22 28 2 5 1126
22 29 8 5 3786
22 30 5 3 28
22 31 7 4 682
22 32 4 4 253
22 33 9 4 209
22 34 3 3 64
22 35 1 4 49
22 36 7 4 339
22 37 2 5 266
22 38 10 3 81
22 39 9 5 1052
22 40 2 3 39
22 41 3 4 112
22 42 8 4 261
22 43 6 4 220
22 44 7 4 341
22 45 5 5 1564
22 46 6 4 548
22 47 9 4 966
22 48 6 3 40
22 49 2 5 487
22 50 2 4 70
22 51 2 3 37
22 52 5 4 168
22 53 1 6 1033
22 54 2 5 962
22 55 9 3 60
22 56 6 4 272
22 57 5 5 959
22 58 4 3 40
22 59 10 2 48
22 60 5 2 22
22 61 5 5 1040
22 62 3 6 4677
22 63 7 2 21
23 0 6 3 61
23 1 7 3 146
23 2 6 3 89
23 3 10 3 86
23 4 10 3 173
23 5 6 5 1781
23 6 8 3 50
23 7 7 4 498
23 8 7 4 159
23 9 4 3 48
23 10 4 3 60
23 11 5 3 35
23 12 5 4 302
23 13 7 3 72
23 14 5 4 319
23 15 5 4 413
23 16 8 4 192
23 17 9 4 508
23 18 5 4 387
23 19 6 3 52
23 20 5 5 1958
23 21 1 4 85
23 22 1 7 9593
23 23 9 5 3095
23 24 6 4 422
23 25 8 3 49
23 26 2 5 729
23 27 8 4 836
23 28 5 4 272
23 29 7 3 53
23 30 4 3 85
23 31 5 4 117
23 32 6 1 8
23 33 8 6 9383
23 34 9 4 242
23 35 4 4 367
23 36 9 4 947
23 37 7 3 85
23 38 2 4 173
23 39 10 3 63
23 40 4 4 412
23 41 8 3 111
23 42 1 5 322
23 43 3 3 54
23 44 2 6 5311
23 45 6 3 107
23 46 7 4 559
23 47 2 4 177
23 48 6 3 33
23 49 4 3 61
23 50 10 2 48
23 51 6 4 135
23 52 8 3 146
23 53 2 7 12367
23 54 6 3 48
23 55 6 5 1276
23 56 10 3 138
23 57 4 4 225
23 58 7 3 86
23 59 8 4 317
23 60 3 3 61
23 61 8 4 239
23 62 6 7 49629
23 63 4 5 656
24 0 5 5 859
24 1 10 4 530
24 2 9 3 55
24 3 4 3 32
24 4 3 2 12
24 5 8 3 167
24 6 6 4 203
24 7 7 3 116
24 8 10 3 78
24 9 6 3 89
24 10 2 6 7412
24 11 10 1 8
24 12 4 2 16
24 13 7 2 26
24 14 9 4 227
24 15 1 4 107
24 16 2 4 134
24 17 7 9 3106503
24 18 5 2 22
24 19 7 6 7937
24 20 10 5 2583
24 21 5 5 1527
24 22 4 4 91
24 23 4 4 410
24 24 7 2 24
24 25 1 5 178
24 26 9 3 113
24 27 5 3 53
24 28 9 4 957
24 29 6 6 6894
24 30 6 4 255
24 31 6 4 301
24 32 7 3 44
24 33 4 3 32
24 34 4 4 293
24 35 3 5 882
24 36 10 2 22
24 37 2 5 443
24 38 1 7 8697
24 39 4 4 217
24 40 3 3 22
24 41 7 3 51
24 42 5 3 52
24 43 2 6 1738
24 44 9 4 977
24 45 3 7 33571
24 46 1 4 71
24 47 4 6 10829
24 48 4 4 232
24 49 10 5 2526
24 50 7 6 13462
24 51 3 3 49
24 52 9 4 299
24 53 10 3 118
24 54 5 3 77
24 55 1 3 16
24 56 7 4 294
24 57 4 3 72
24 58 8 3 59
24 59 4 4 117
24 60 8 2 42
24 61 6 4 428
24 62 8 4 242
24 63 3 5 1687
25 0 4 4 146
25 1 10 3 94
25 2 4 3 69
25 3 10 2 27
25 4 2 5 808
25 5 1 5 358
25 6 4 4 365
25 7 5 3 87
25 8 6 4 419
25 9 9 5 4799
25 10 7 3 45
25 11 7 3 60
25 12 9 2 20
25 13 10 3 55
25 14 7 3 54
25 15 3 4 80
25 16 4 4 123
25 17 10 2 48
25 18 10 3 95
25 19 4 3 36
25 20 4 5 544
25 21 10 3 62
25 22 2 4 81
25 23 5 3 48
25 24 5 4 118
25 25 8 4 235
25 26 9 3 185
25 27 4 4 214
25 28 10 2 44
25 29 10 2 30
25 30 6 3 73
25 31 6 2 22
25 32 6 4 284
25 33 8 5 1947
25 34 9 2 31
25 35 8 2 32
25 36 8 5 4050
25 37 6 3 62
25 38 8 3 53
25 39 2 4 108
25 40 6 3 38
25 41 10 3 63
25 42 7 3 96
25 43 6 4 475
25 44 7 4 440
25 45 2 4 87
25 46 7 3 45
25 47 3 5 395
25 48 1 4 56
25 49 8 3 77
25 50 6 6 10509
25 51 8 3 47
25 52 5 3 73
25 53 6 5 881
25 54 4 4 100
25 55 4 3 32
25 56 4 5 503
25 57 8 3 124
25 58 10 2 37
25 59 6 2 17
25 60 5 4 558
25 61 1 6 1551
25 62 5 6 3827
25 63 8 2 34
26 0 9 2 23
26 1 5 3 31
26 2 7 2 19
26 3 8 3 135
26 4 6 5 3416
26 5 6 4 272
26 6 6 3 75
26 7 8 5 3876
26 8 2 5 450
26 9 6 4 160
26 10 1 6 1298
26 11 3 4 248
26 12 9 3 69
26 13 2 4 170
26 14 10 3 64
26 15 8 3 115
26 16 9 2 31
26 17 7 4 623
26 18 9 5 4117
26 19 5 3 36
26 20 9 4 435
26 21 4 3 80
26 22 4 2 15
26 23 8 3 125
26 24 5 3 31
26 25 2 4 157
26 26 2 5 628
26 27 7 2 33
26 28 9 2 19
26 29 9 5 3356
26 30 6 3 102
26 31 1 4 80
26 32 2 4 84
26 33 4 5 472
26 34 3 4 216
26 35 2 5 1306
26 36 7 3 64
26 37 4 3 38
26 38 9 4 338
26 39 2 6 1439
26 40 5 3 95
26 41 3 3 29
26 42 9 6 23675
26 43 10 3 70
26 44 5 4 468
26 45 9 5 1514
26 46 10 2 39
26 47 4 4 132
26 48 6 4 331
26 49 3 4 239
26 50 9 4 911
26 51 9 2 28
26 52 2 4 199
26 53 1 4 84
26 54 8 2 36
26 55 3 4 326
26 56 4 4 128
26 57 3 3 65
26 58 2 6 5117
26 59 1 4 48
26 60 9 3 149
26 61 10 5 1505
26 62 5 3 41
26 63 2 4 50
27 0 3 5 1863
27 1 4 4 198
27 2 2 3 31
27 3 6 4 621
27 4 2 3 39
27 5 9 6 14933
27 6 5 3 32
27 7 5 3 39
27 8 9 2 43
27 9 8 4 223
27 10 6 5 2637
27 11 9 5 2287
27 12 6 3 57
27 13 6 3 119
27 14 6 3 74
27 15 2 5 657
27 16 9 4 848
27 17 8 2 26
27 18 4 3 43
27 19 2 3 31
27 20 4 5 2708
27 21 2 5 616
27 22 3 4 88
27 23 2 5 422
27 24 8 4 500
27 25 5 3 72
27 26 4 5 511
27 27 9 5 1209
27 28 1 4 33
27 29 9 6 16960
27 30 4 3 40
27 31 3 5 1235
27 32 6 2 24
27 33 3 1 4
27 34 10 3 65
27 35 7 2 36
27 36 1 4 66
27 37 4 3 34
27 38 3 4 252
27 39 6 3 64
27 40 6 4 175
27 41 2 4 188
27 42 2 4 102
27 43 4 3 33
27 44 8 2 32
27 45 10 5 2274
27 46 5 4 158
27 47 9 5 5186
27 48 7 4 319
27 49 3 3 45
27 50 3 6 8765
27 51 5 6 4616
27 52 5 3 65
27 53 3 3 62
27 54 6 2 14
27 55 3 6 2116
27 56 8 5 1518
27 57 5 3 80
27 58 10 4 370
27 59 9 3 196
27 60 8 3 45
27 61 6 6 6676
27 62 4 5 505
27 63 8 4 824
28 0 6 3 108
28 1 3 6 3110
28 2 7 3 51
28 3 4 3 25
28 4 10 1 16
28 5 9 6 13406
28 6 3 5 802
28 7 7 3 83
28 8 1 5 427
28 9 4 4 157
28 10 2 3 29
28 11 3 4 127
28 12 9 4 855
28 13 7 3 59
28 14 7 3 135
28 15 9 3 69
28 16 8 3 76
28 17 1 4 26
28 18 10 2 28
28 19 2 8 167388
28 20 8 4 477
28 21 1 4 54
28 22 10 2 35
28 23 7 6 6360
28 24 10 2 36
28 25 2 4 103
28 26 10 1 17
28 27 5 5 676
28 28 8 3 64
28 29 9 3 64
28 30 8 3 73
28 31 4 3 36
28 32 3 5 942
28 33 4 6 4673
28 34 2 3 36
28 35 2 5 848
28 36 3 3 60
28 37 10 4 468
28 38 1 4 68
28 39 6 1 10
28 40 10 5 3859
28 41 2 5 266
28 42 4 3 58
28 43 10 4 632
28 44 4 4 418
28 45 4 1 7
28 46 8 2 22
28 47 4 5 1622
28 48 7 2 31
28 49 1 4 97
28 50 2 3 38
28 51 10 2 42
28 52 2 4 75
28 53 8 3 66
28 54 5 4 129
28 55 7 3 51
28 56 3 7 24500
28 57 1 4 61
28 58 8 3 46
28 59 5 4 174
28 60 9 4 989
28 61 3 5 379
28 62 3 6 4086
28 63 2 3 36
29 0 7 2 25
29 1 8 4 459
29 2 10 2 35
29 3 10 2 35
29 4 7 3 89
29 5 3 3 35
29 6 2 5 931
29 7 10 3 158
29 8 1 4 30
29 9 8 3 83
29 10 7 2 30
29 11 4 5 2493
29 12 6 3 99
29 13 8 5 1446
29 14 6 3 41
29 15 5 4 162
29 16 7 5 3753
29 17 1 5 162
29 18 9 4 316
29 19 2 5 812
29 20 1 4 51
29 21 6 3 58
29 22 4 3 28
29 23 3 5 487
29 24 5 4 457
29 25 3 2 14
29 26 6 4 564
29 27 2 4 94
29 28 9 4 362
29 29 5 6 7664
29 30 5 2 26
29 31 5 6 9216
29 32 5 4 201
29 33 10 3 110
29 34 9 2 46
29 35 9 3 64
29 36 6 5 3799
29 37 10 5 1220
29 38 4 3 70
29 39 7 2 16
29 40 7 3 81
29 41 6 4 423
29 42 8 4 291
29 43 9 2 47
29 44 8 4 272
29 45 8 6 8088
29 46 2 4 47
29 47 7 2 32
29 48 6 6 7839
29 49 6 3 117
29 50 10 4 500
29 51 8 2 33
29 52 9 2 18
29 53 5 4 149
29 54 1 4 112
29 55 8 2 42
29 56 6 3 121
29 57 6 3 99
29 58 5 4 316
29 59 7 2 14
29 60 6 4 190
29 61 10 4 957
29 62 2 4 79
29 63 8 3 176
30 0 1 4 25
30 1 2 4 59
30 2 9 2 42
30 3 9 4 215
30 4 8 4 377
30 5 7 2 31
30 6 1 7 5154
30 7 6 3 65
30 8 1 6 4388
30 9 1 4 68
30 10 7 3 134
30 11 4 4 394
30 12 5 3 70
30 13 6 3 43
30 14 8 4 214
30 15 4 4 267
30 16 7 5 1551
30 17 4 2 21
30 18 8 2 37
30 19 5 3 60
30 20 1 7 20175
30 21 10 4 287
30 22 6 3 110
30 23 4 4 248
30 24 3 3 35
30 25 6 4 483
30 26 4 3 62
30 27 10 5 1141
30 28 1 4 23
30 29 2 4 57
30 30 8 3 83
30 31 10 2 33
30 32 2 6 1918
30 33 8 5 1137
30 34 8 2 39
30 35 6 3 54
30 36 6 3 38
30 37 6 5 2546
30 38 4 4 382
30 39 2 7 21034
30 40 2 5 293
30 41 8 4 504
30 42 6 5 1390
30 43 6 3 113
30 44 1 4 37
30 45 8 4 432
30 46 5 3 90
30 47 4 2 13
30 48 1 6 2420
30 49 8 4 630
30 50 6 4 540
30 51 2 4 76
30 52 7 3 42
30 53 2 3 33
30 54 9 4 522
30 55 8 4 275
30 56 3 4 159
30 57 5 3 62
30 58 10 2 27
30 59 6 4 383
30 60 7 3 47
30 61 7 5 1083
30 62 7 4 202
30 63 4 5 2094
31 0 3 3 45
31 1 4 3 25
31 2 7 5 876
31 3 5 4 159
31 4 10 3 56
31 5 9 3 78
31 6 2 2 5
31 7 9 2 29
31 8 6 3 116
31 9 8 3 91
31 10 10 4 406
31 11 9 2 22
31 12 10 2 51
31 13 8 3 70
31 14 8 3 135
31 15 5 5 758
31 16 3 4 275
31 17 5 5 826
31 18 9 3 51
31 19 9 3 122
31 20 3 5 1873
31 21 6 2 30
31 22 10 3 178
31 23 7 4 228
31 24 10 3 58
31 25 5 4 379
31 26 9 3 58
31 27 8 2 28
31 28 4 4 98
31 29 10 4 439
31 30 6 5 1523
31 31 3 4 120
31 32 3 4 121
31 33 1 4 104
31 34 10 2 35
31 35 7 4 322
31 36 7 6 14995
31 37 2 4 47
31 38 7 1 9
31 39 9 1 9
31 40 3 4 98
31 41 5 4 327
31 42 3 3 19
31 43 6 5 2503
31 44 6 4 334
31 45 9 3 68
31 46 3 5 748
31 47 5 3 36
31 48 2 5 1259
31 49 6 3 36
31 50 7 2 25
31 51 2 3 34
31 52 10 4 592
31 53 1 4 26
31 54 2 5 1254
31 55 6 5 1284
31 56 10 4 231
31 57 5 4 200
31 58 4 5 1169
31 59 7 4 332
31 60 1 4 61
31 61 7 3 45
31 62 2 4 59
31 63 7 3 133
32 0 10 3 79
32 1 5 5 1014
32 2 1 6 1274
32 3 4 3 40
32 4 9 3 104
32 5 9 3 54
32 6 4 7 28746
32 7 2 4 48
32 8 5 3 32
32 9 4 5 1632
32 10 7 4 437
32 11 9 3 117
32 12 5 3 82
32 13 9 4 397
32 14 8 4 495
32 15 9 3 53
32 16 9 2 16
32 17 10 3 141
32 18 6 5 1784
32 19 1 4 110
32 20 6 3 61
32 21 4 3 49
32 22 4 4 327
32 23 9 2 27
32 24 7 5 1006
32 25 10 2 20
32 26 9 4 564
32 27 6 3 46
32 28 5 5 2509
32 29 8 3 85
32 30 6 4 231
32 31 3 4 102
32 32 1 6 1727
32 33 4 3 27
32 34 7 4 221
32 35 5 3 74
32 36 4 3 60
32 37 4 3 41
32 38 7 3 141
32 39 5 3 27
32 40 5 6 10381
32 41 3 4 82
32 42 7 5 2790
32 43 1 5 379
32 44 7 3 109
32 45 4 3 49
32 46 5 2 26
32 47 1 6 3722
32 48 8 4 204
32 49 10 4 652
32 50 7 2 27
32 51 5 2 23
32 52 2 5 479
32 53 9 4 522
32 54 4 6 5903
32 55 3 4 172
32 56 2 6 9256
32 57 7 3 48
32 58 1 4 36
32 59 5 3 33
32 60 7 4 395
32 61 9 4 248
32 62 4 3 85
32 63 4 4 94
33 0 4 5 522
33 1 4 5 498
33 2 6 4 292
33 3 3 5 1579
33 4 9 3 57
33 5 10 4 285
33 6 3 3 30
33 7 6 3 97
33 8 7 3 136
33 9 4 5 1177
33 10 7 4 277
33 11 1 6 4795
33 12 10 3 82
33 13 1 5 354
33 14 1 5 118
33 15 3 3 60
33 16 5 4 186
33 17 4 5 976
33 18 3 3 49
33 19 9 4 833
33 20 8 3 125
33 21 10 3 105
33 22 4 5 1346
33 23 1 5 122
33 24 8 2 32
33 25 1 7 5957
33 26 9 4 592
33 27 3 4 206
33 28 4 3 80
33 29 4 4 175
33 30 6 4 262
33 31 8 3 99
33 32 3 4 86
33 33 1 6 767
33 34 5 4 558
33 35 10 3 108
33 36 3 4 246
33 37 6 4 215
33 38 3 4 103
33 39 9 3 80
33 40 3 3 64
33 41 2 3 31
33 42 3 4 232
33 43 7 3 147
33 44 2 5 657
33 45 4 3 68
33 46 9 3 121
33 47 9 2 26
33 48 6 6 21125
33 49 6 3 51
33 50 7 4 203
33 51 9 1 14
33 52 6 4 206
33 53 2 4 72
33 54 7 3 57
33 55 5 4 183
33 56 1 5 189
33 57 4 4 119
33 58 4 4 389
33 59 6 5 1850
33 60 7 3 78
33 61 10 3 169
33 62 3 4 72
33 63 9 2 28
34 0 6 3 45
34 1 6 3 39
34 2 8 7 177970
34 3 8 1 6
34 4 4 4 145
34 5 3 4 108
34 6 2 5 665
34 7 10 5 1545
34 8 9 4 248
34 9 7 3 44
34 10 9 3 107
34 11 8 4 260
34 12 2 4 77
34 13 3 4 166
34 14 10 3 56
34 15 7 4 172
34 16 7 4 280
34 17 4 7 28270
34 18 10 5 1675
34 19 9 3 142
34 20 1 4 101
34 21 1 5 276
34 22 7 3 48
34 23 1 5 339
34 24 5 4 471
34 25 4 4 187
34 26 4 6 5620
34 27 9 5 1029
34 28 7 3 53
34 29 1 5 385
34 30 7 3 145
34 31 5 5 1445
34 32 6 3 39
34 33 5 5 872
34 34 3 3 33
34 35 1 6 761
34 36 9 3 70
34 37 7 2 22
34 38 6 4 301
34 39 4 6 5540
34 40 7 3 79
34 41 10 3 152
34 42 10 5 4330
34 43 5 4 240
34 44 4 3 65
34 45 7 4 411
34 46 10 2 33
34 47 4 5 917
34 48 8 5 977
34 49 8 3 158
34 50 4 2 13
34 51 8 2 41
34 52 3 4 207
34 53 5 5 1162
34 54 8 2 36
34 55 2 4 177
34 56 6 3 45
34 57 8 2 29
34 58 8 3 50
34 59 3 4 155
34 60 10 4 293
34 61 6 5 1660
34 62 5 3 27
34 63 2 4 159
35 0 4 3 43
35 1 1 6 1041
35 2 5 4 284
35 3 4 4 202
35 4 2 4 57
35 5 1 4 104
35 6 10 6 9246
35 7 7 4 293
35 8 2 5 227
35 9 3 3 49
35 10 6 5 2284
35 11 7 4 567
35 12 8 2 25
35 13 9 3 164
35 14 1 5 204
35 15 7 3 146
35 16 2 3 26
35 17 4 3 43
35 18 5 4 131
35 19 6 3 69
35 20 8 5 1603
35 21 6 3 54
35 22 3 4 189
35 23 4 3 68
35 24 9 5 2608
35 25 5 4 365
35 26 2 3 11
35 27 3 4 148
35 28 4 4 124
35 29 6 4 407
35 30 10 4 791
35 31 6 4 134
35 32 5 3 82
35 33 6 5 3950
35 34 3 4 98
35 35 5 3 41
35 36 3 3 57
35 37 7 2 33
35 38 1 4 26
35 39 7 2 24
35 40 1 5 212
35 41 10 4 694
35 42 3 5 923
35 43 8 4 248
35 44 10 4 496
35 45 5 3 89
35 46 9 3 166
35 47 7 3 80
35 48 4 7 110600
35 49 6 5 3683
35 50 5 2 14
35 51 8 3 53
35 52 9 3 83
35 53 6 5 1316
35 54 8 7 43745
35 55 9 3 124
35 56 7 3 122
35 57 4 3 60
35 58 2 6 5919
35 59 10 6 16392
35 60 3 4 70
35 61 6 4 151
35 62 6 3 90
35 63 2 4 92
36 0 6 3 38
36 1 6 5 1363
36 2 1 4 28
36 3 8 3 57
36 4 3 4 124
36 5 1 5 521
36 6 4 3 44
36 7 6 3 40
36 8 5 4 297
36 9 3 3 32
36 10 10 3 191
36 11 7 3 89
36 12 10 3 79
36 13 7 3 52
36 14 9 3 137
36 15 6 3 64
36 16 1 4 44
36 17 9 4 446
36 18 7 4 170
36 19 10 4 648
36 20 5 3 33
36 21 9 1 9
36 22 3 5 1267
36 23 3 5 892
36 24 4 6 6096
36 25 6 5 3265
36 26 1 4 45
36 27 7 3 40
36 28 6 5 2720
36 29 1 4 47
36 30 5 3 34
36 31 2 6 6537
36 32 1 5 376
36 33 4 3 26
36 34 2 5 769
36 35 2 4 158
36 36 7 5 1435
36 37 6 6 16909
36 38 1 4 104
36 39 5 2 21
36 40 8 4 478
36 41 4 3 37
36 42 1 5 400
36 43 5 3 89
36 44 9 2 25
36 45 2 3 31
36 46 8 2 37
36 47 9 4 419
36 48 2 5 327
36 49 10 2 40
36 50 3 2 13
36 51 10 3 191
36 52 10 3 137
36 53 8 3 51
36 54 8 5 1337
36 55 1 5 312
36 56 2 4 80
36 57 6 4 643
36 58 2 5 228
36 59 10 4 902
36 60 5 3 61
36 61 5 4 363
36 62 3 5 462
36 63 1 5 155
37 0 3 4 82
37 1 8 3 61
37 2 9 5 3029
37 3 10 2 36
37 4 8 5 1991
37 5 4 5 704
37 6 3 4 90
37 7 8 3 64
37 8 4 5 479
37 9 4 3 35
37 10 1 5 674
37 11 5 6 4452
37 12 5 3 72
37 13 3 4 81
37 14 8 3 130
37 15 9 3 126
37 16 4 3 63
37 17 3 5 488
37 18 3 4 110
37 19 8 4 597
37 20 7 4 332
37 21 10 6 7863
37 22 3 5 560
37 23 3 4 117
37 24 2 4 225
37 25 8 3 91
37 26 5 5 1857
37 27 1 6 838
37 28 5 6 17209
37 29 4 3 36
37 30 1 5 566
37 31 8 3 112
37 32 3 4 312
37 33 3 4 74
37 34 8 2 25
37 35 7 4 183
37 36 2 3 39
37 37 3 4 309
37 38 10 3 136
37 39 1 5 164
37 40 2 4 96
37 41 6 2 21
37 42 1 4 27
37 43 1 4 61
37 44 9 2 38
37 45 5 3 55
37 46 6 4 404
37 47 4 4 273
37 48 5 3 55
37 49 8 5 2189
37 50 1 4 47
37 51 3 5 1665
37 52 1 5 363
37 53 4 7 149803
37 54 6 4 626
37 55 7 5 2880
37 56 4 3 72
37 57 7 6 5032
37 58 10 4 328
37 59 10 1 14
37 60 5 4 319
37 61 7 3 81
37 62 9 2 17
37 63 8 3 48
38 0 2 4 142
38 1 8 2 16
38 2 5 4 125
38 3 2 5 743
38 4 10 3 106
38 5 5 5 1074
38 6 7 2 35
38 7 3 3 22
38 8 7 4 449
38 9 5 4 168
38 10 6 3 96
38 11 2 3 40
38 12 5 6 6377
38 13 5 5 1285
38 14 3 4 74
38 15 4 2 18
38 16 10 3 115
38 17 8 3 125
38 18 6 3 122
38 19 2 4 115
38 20 6 4 520
38 21 10 5 4152
38 22 8 5 5072
38 23 7 3 85
38 24 2 4 223
38 25 4 4 93
38 26 10 4 242
38 27 6 3 43
38 28 5 4 143
38 29 2 5 427
38 30 1 3 18
38 31 5 4 169
38 32 9 4 211
38 33 10 4 340
38 34 7 4 286
38 35 6 3 58
38 36 9 3 154
38 37 2 4 71
38 38 10 3 104
38 39 10 5 2926
38 40 8 3 88
38 41 6 3 34
38 42 4 2 21
38 43 9 3 173
38 44 1 4 36
38 45 3 3 26
38 46 2 7 12947
38 47 3 3 62
38 48 8 4 217
38 49 5 4 370
38 50 5 4 425
38 51 10 5 3994
38 52 2 4 56
38 53 2 5 234
38 54 2 3 41
38 55 7 5 1449
38 56 8 4 194
38 57 6 3 32
38 58 4 6 4209
38 59 2 5 316
38 60 2 6 7328
38 61 7 2 27
38 62 9 4 484
38 63 3 3 40
39 0 7 4 196
39 1 10 4 389
39 2 4 5 1019
39 3 1 4 51
39 4 8 1 9
39 5 8 2 36
39 6 7 3 55
39 7 9 5 1469
39 8 1 5 140
39 9 8 5 3178
39 10 7 4 613
39 11 4 4 341
39 12 7 3 120
39 13 1 4 37
39 14 9 4 808
39 15 3 3 30
39 16 4 5 480
39 17 5 3 42
39 18 1 3 21
39 19 1 4 30
39 20 4 3 49
39 21 3 6 3788
39 22 10 3 112
39 23 4 4 406
39 24 3 4 276
39 25 10 3 74
39 26 3 5 1105
39 27 9 3 49
39 28 1 5 171
39 29 8 3 64
39 30 3 3 54
39 31 10 3 59
39 32 2 3 39
39 33 10 2 31
39 34 6 3 98
39 35 7 3 124
39 36 9 5 3926
39 37 10 3 139
39 38 10 2 33
39 39 3 5 377
39 40 2 3 37
39 41 7 3 151
39 42 4 5 2025
39 43 9 4 672
39 44 3 3 64
39 45 2 4 63
39 46 3 7 16617
39 47 7 2 32
39 48 8 3 95
39 49 3 4 88
39 50 2 3 29
39 51 1 5 282
39 52 9 5 5733
39 53 10 2 53
39 54 7 2 16
39 55 6 3 60
39 56 6 4 294
39 57 6 3 42
39 58 8 3 162
39 59 10 2 50
39 60 10 2 42
39 61 3 4 311
39 62 4 4 154
39 63 9 4 541
40 0 4 4 92
40 1 8 4 289
40 2 10 3 125
40 3 10 3 143
40 4 9 3 166
40 5 5 3 78
40 6 2 4 86
40 7 5 7 109641
40 8 5 3 94
40 9 8 3 53
40 10 4 2 8
40 11 1 4 36
40 12 3 5 578
40 13 8 5 2506
40 14 5 5 1141
40 15 1 4 101
40 16 3 4 211
40 17 5 4 111
40 18 1 6 2717
40 19 10 3 110
40 20 9 5 2199
40 21 1 4 110
40 22 4 3 71
40 23 8 2 40
40 24 4 4 128
40 25 10 2 19
40 26 8 2 35
40 27 3 3 49
40 28 8 4 451
40 29 5 3 38
40 30 5 4 487
40 31 5 3 37
40 32 6 2 27
40 33 3 3 20
40 34 7 3 101
40 35 3 3 24
40 36 3 6 4571
40 37 9 4 206
40 38 3 4 323
40 39 1 5 178
40 40 5 4 183
40 41 8 5 1557
40 42 9 5 1903
40 43 10 5 1720
40 44 4 2 18
40 45 8 3 93
40 46 3 5 1528
40 47 8 3 157
40 48 10 3 68
40 49 5 3 91
40 50 2 4 177
40 51 9 4 843
40 52 10 2 28
40 53 10 3 65
40 54 5 3 65
40 55 1 3 14
40 56 6 4 321
40 57 6 5 805
40 58 10 4 852
40 59 2 3 38
40 60 10 2 27
40 61 10 2 18
40 62 4 4 453
40 63 8 3 119
41 0 2 5 1070
41 1 10 4 290
41 2 10 2 53
41 3 3 7 31861
41 4 10 4 703
41 5 10 3 143
41 6 6 5 1562
41 7 9 3 170
41 8 8 4 271
41 9 9 3 75
41 10 2 5 792
41 11 10 3 140
41 12 2 4 74
41 13 7 7 71496
41 14 7 4 181
41 15 10 3 60
41 16 6 3 41
41 17 8 3 106
41 18 1 5 687
41 19 1 4 61
41 20 6 3 63
41 21 6 4 160
41 22 4 4 131
41 23 4 6 8269
41 24 9 2 17
41 25 3 3 54
41 26 10 4 449
41 27 8 3 45
41 28 8 3 101
41 29 7 4 201
41 30 8 3 53
41 31 2 5 808
41 32 7 6 18561
41 33 4 3 23
41 34 3 3 57
41 35 8 2 38
41 36 4 4 111
41 37 5 3 37
41 38 7 3 68
41 39 5 2 22
41 40 6 3 46
41 41 4 4 270
41 42 7 4 624
41 43 9 2 33
41 44 6 4 154
41 45 8 5 3532
41 46 3 4 100
41 47 5 4 481
41 48 10 3 59
41 49 7 2 24
41 50 6 3 43
41 51 6 2 13
41 52 1 8 154319
41 53 5 4 227
41 54 7 2 32
41 55 6 3 42
41 56 9 5 1791
41 57 9 5 1567
41 58 4 4 94
41 59 1 5 135
41 60 4 5 484
41 61 3 5 982
41 62 4 5 755
41 63 4 3 32
42 0 7 3 143
42 1 8 3 153
42 2 8 2 23
42 3 4 5 1364
42 4 2 4 226
42 5 2 4 87
42 6 4 3 32
42 7 9 4 501
42 8 1 5 119
42 9 8 3 66
42 10 6 3 126
42 11 1 5 131
42 12 8 5 2907
42 13 7 3 59
42 14 4 3 32
42 15 10 3 148
42 16 9 3 104
42 17 10 4 336
42 18 2 5 438
42 19 7 3 42
42 20 7 7 49855
42 21 6 4 554
42 22 8 4 217
42 23 7 5 2977
42 24 4 3 29
42 25 9 5 4692
42 26 7 4 207
42 27 10 6 15905
42 28 10 3 173
42 29 6 5 3592
42 30 3 4 76
42 31 1 5 155
42 32 5 2 24
42 33 5 5 1538
42 34 2 4 133
42 35 1 5 211
42 36 9 3 186
42 37 2 4 63
42 38 1 6 3803
42 39 7 4 223
42 40 5 5 1033
42 41 10 3 68
42 42 9 3 49
42 43 3 4 147
42 44 2 4 53
42 45 2 4 188
42 46 9 2 46
42 47 9 2 43
42 48 5 4 206
42 49 3 3 17
42 50 5 3 59
42 51 5 5 1286
42 52 1 4 86
42 53 4 3 40
42 54 6 3 52
42 55 6 3 73
42 56 9 6 10711
42 57 8 3 44
42 58 5 5 2221
42 59 5 4 126
42 60 9 3 64
42 61 2 6 1627
42 62 6 4 280
42 63 5 3 47
43 0 7 2 27
43 1 7 4 425
43 2 5 4 495
43 3 4 5 1083
43 4 4 5 608
43 5 8 3 114
43 6 10 4 299
43 7 6 3 34
43 8 10 4 393
43 9 7 3 113
43 10 4 4 128
43 11 6 2 12
43 12 1 5 297
43 13 8 4 259
43 14 4 2 9
43 15 1 4 97
43 16 5 3 33
43 17 9 4 239
43 18 6 3 91
43 19 3 3 39
43 20 6 2 21
43 21 10 3 126
43 22 8 4 723
43 23 4 3 81
43 24 3 5 585
43 25 10 2 46
43 26 1 5 257
43 27 7 4 474
43 28 4 3 22
43 29 2 5 273
43 30 4 3 62
43 31 4 8 539924
43 32 5 4 122
43 33 7 3 50
43 34 5 4 433
43 35 8 3 67
43 36 1 5 452
43 37 9 6 7817
43 38 5 4 192
43 39 1 3 6
43 40 7 4 280
43 41 7 6 5851
43 42 9 3 76
43 43 10 1 15
43 44 9 2 36
43 45 2 4 91
43 46 4 4 95
43 47 4 4 189
43 48 6 4 456
43 49 2 3 15
43 50 2 4 66
43 51 6 3 112
43 52 6 5 3229
43 53 10 5 1790
43 54 7 3 52
43 55 4 3 88
43 56 3 5 740
43 57 5 4 146
43 58 7 4 442
43 59 10 5 1297
43 60 8 2 23
43 61 2 3 21
43 62 5 2 22
43 63 4 3 74
44 0 7 3 45
44 1 7 4 457
44 2 7 3 134
44 3 6 4 550
44 4 10 2 32
44 5 6 3 44
44 6 10 3 149
44 7 7 3 113
44 8 5 5 1000
44 9 2 5 776
44 10 2 4 90
44 11 10 3 146
44 12 2 5 507
44 13 3 3 46
44 14 8 2 18
44 15 1 4 82
44 16 9 2 36
44 17 7 2 27
44 18 3 3 39
44 19 1 5 181
44 20 7 4 156
44 21 9 4 541
44 22 1 4 33
44 23 8 4 180
44 24 7 5 1483
44 25 3 3 44
44 26 10 4 575
44 27 6 5 1021
44 28 5 5 1143
44 29 10 3 179
44 30 10 5 2613
44 31 5 2 20
44 32 2 4 159
44 33 1 4 29
44 34 9 4 914
44 35 6 4 148
44 36 4 3 60
44 37 10 2 29
44 38 10 4 468
44 39 10 3 192
44 40 1 4 77
44 41 5 3 38
44 42 3 4 138
44 43 3 7 49962
44 44 1 5 365
44 45 7 4 500
44 46 8 7 76309
44 47 2 6 1398
44 48 6 5 738
44 49 6 3 102
44 50 6 4 403
44 51 10 4 576
44 52 7 6 10583
44 53 4 5 1031
44 54 1 5 377
44 55 5 3 92
44 56 8 4 368
44 57 6 4 172
44 58 7 5 889
44 59 7 3 58
44 60 3 3 43
44 61 10 4 281
44 62 1 5 122
44 63 3 4 326
45 0 9 4 262
45 1 1 4 33
45 2 9 1 4
45 3 6 5 735
45 4 6 6 4176
45 5 8 2 37
45 6 2 4 50
45 7 2 4 83
45 8 6 4 203
45 9 10 3 132
45 10 10 1 14
45 11 5 5 567
45 12 9 3 58
45 13 3 4 311
45 14 1 5 237
45 15 4 3 31
45 16 6 2 23
45 17 4 2 14
45 18 5 4 226
45 19 4 4 371
45 20 10 2 24
45 21 7 2 25
45 22 5 3 85
45 23 10 2 22
45 24 7 3 96
45 25 9 2 46
45 26 1 4 48
45 27 10 3 69
45 28 9 5 3327
45 29 5 5 582
45 30 10 2 35
45 31 10 2 48
45 32 6 2 27
45 33 3 4 216
45 34 8 3 57
45 35 2 4 56
45 36 8 3 47
45 37 7 3 57
45 38 7 3 94
45 39 3 3 53
45 40 9 3 126
45 41 7 5 2097
45 42 10 3 121
45 43 2 4 118
45 44 9 3 123
45 45 3 3 54
45 46 9 3 49
45 47 3 6 2588
45 48 1 4 43
45 49 5 7 92497
45 50 4 3 50
45 51 7 3 77
45 52 10 3 125
45 53 5 4 194
45 54 3 3 29
45 55 5 3 29
45 56 1 5 302
45 57 10 3 194
45 58 8 6 26703
45 59 5 4 145
45 60 4 5 2329
45 61 4 3 50
45 62 8 3 90
45 63 8 3 65
46 0 6 3 56
46 1 7 3 134
46 2 6 4 282
46 3 4 3 68
46 4 3 4 101
46 5 6 4 196
46 6 9 3 55
46 7 2 4 55
46 8 6 3 102
46 9 9 3 95
46 10 8 2 31
46 11 8 4 339
46 12 9 5 1321
46 13 8 6 11060
46 14 5 4 115
46 15 8 4 223
46 16 1 3 19
46 17 5 3 43
46 18 4 3 71
46 19 7 3 67
46 20 6 2 28
46 21 1 4 34
46 22 2 3 36
46 23 1 4 84
46 24 9 2 36
46 25 4 4 221
46 26 10 2 27
46 27 9 3 60
46 28 4 5 682
46 29 7 5 921
46 30 5 3 76
46 31 6 5 1037
46 32 10 6 20009
46 33 10 4 370
46 34 9 4 434
46 35 2 4 69
46 36 1 4 58
46 37 8 5 1507
46 38 2 4 51
46 39 9 3 131
46 40 7 4 170
46 41 4 5 523
46 42 2 5 959
46 43 8 3 45
46 44 1 4 26
46 45 5 4 318
46 46 4 4 101
46 47 1 4 47
46 48 4 6 3803
46 49 7 2 30
46 50 8 3 88
46 51 3 4 133
46 52 7 3 71
46 53 1 4 33
46 54 7 3 103
46 55 8 5 1438
46 56 3 5 470
46 57 7 3 89
46 58 9 3 60
46 59 6 3 40
46 60 5 2 23
46 61 10 4 612
46 62 10 4 292
46 63 2 5 447
47 0 2 4 110
47 1 10 4 610
47 2 7 3 39
47 3 8 4 379
47 4 7 3 148
47 5 4 6 2816
47 6 4 4 259
47 7 1 5 276
47 8 3 5 441
47 9 1 5 183
47 10 6 3 37
47 11 4 4 369
47 12 5 3 38
47 13 2 6 2794
47 14 7 4 593
47 15 3 4 162
47 16 8 1 14
47 17 10 3 151
47 18 2 6 1484
47 19 8 2 25
47 20 3 4 259
47 21 5 5 617
47 22 10 6 46814
47 23 6 4 666
47 24 9 3 166
47 25 7 3 123
47 26 7 5 1046
47 27 1 4 50
47 28 8 6 5961
47 29 2 5 511
47 30 10 3 173
47 31 4 6 4455
47 32 2 4 87
47 33 1 5 227
47 34 4 5 474
47 35 7 3 146
47 36 2 6 7046
47 37 7 4 428
47 38 5 4 127
47 39 1 5 170
47 40 6 3 77
47 41 1 5 206
47 42 8 3 70
47 43 6 2 28
47 44 2 4 114
47 45 2 4 46
47 46 4 4 111
47 47 4 4 100
47 48 4 3 37
47 49 2 4 78
47 50 9 3 91
47 51 1 4 87
47 52 7 3 92
47 53 1 5 162
47 54 6 6 11962
47 55 5 1 6
47 56 6 3 104
47 57 1 4 101
47 58 2 3 26
47 59 4 4 208
47 60 3 3 61
47 61 3 4 118
47 62 1 4 44
47 63 10 5 2795
48 0 4 3 54
48 1 7 4 178
48 2 4 4 115
48 3 1 6 1220
48 4 4 5 549
48 5 2 4 86
48 6 7 4 168
48 7 8 3 73
48 8 8 5 1308
48 9 9 3 106
48 10 7 2 23
48 11 9 1 10
48 12 5 4 377
48 13 7 3 129
48 14 4 7 39360
48 15 8 4 492
48 16 4 2 9
48 17 4 4 195
48 18 8 3 67
48 19 5 4 417
48 20 6 4 174
48 21 6 2 22
48 22 5 4 154
48 23 1 4 65
48 24 5 5 2338
48 25 1 4 46
48 26 7 3 55
48 27 5 3 49
48 28 8 5 4742
48 29 6 3 116
48 30 2 4 154
48 31 7 4 222
48 32 1 4 54
48 33 4 4 148
48 34 10 3 156
48 35 5 5 2960
48 36 2 4 167
48 37 10 2 32
48 38 3 6 4082
48 39 4 4 107
48 40 8 3 164
48 41 3 2 12
48 42 4 4 143
48 43 10 5 3167
48 44 5 4 458
48 45 1 4 66
48 46 2 4 46
48 47 4 3 49
48 48 4 6 5744
48 49 6 4 287
48 50 9 4 434
48 51 10 3 83
48 52 8 4 627
48 53 8 3 59
48 54 2 4 188
48 55 2 3 36
48 56 6 3 59
48 57 8 4 225
48 58 9 3 66
48 59 8 3 55
48 60 3 4 128
48 61 2 4 158
48 62 9 2 39
48 63 8 5 4747
49 0 4 4 130
49 1 8 4 275
49 2 7 3 100
49 3 10 1 16
49 4 7 4 170
49 5 1 7 5529
49 6 10 3 195
49 7 9 4 282
49 8 8 3 172
49 9 3 4 109
49 10 2 5 263
49 11 4 5 1192
49 12 5 3 74
49 13 4 4 131
49 14 1 7 6230
49 15 10 3 91
49 16 4 3 46
49 17 9 5 1526
49 18 9 3 122
49 19 8 3 51
49 20 4 3 71
49 21 10 5 2635
49 22 7 4 156
49 23 4 4 127
49 24 10 2 26
49 25 3 3 20
49 26 6 4 389
49 27 1 4 69
49 28 1 4 105
49 29 1 6 752
49 30 1 5 168
49 31 8 4 185
49 32 2 3 44
49 33 2 6 3793
49 34 8 4 179
49 35 6 6 9473
49 36 8 3 55
49 37 4 2 14
49 38 3 2 14
49 39 1 5 337
49 40 4 3 32
49 41 7 2 15
49 42 2 4 61
49 43 4 5 988
49 44 6 3 111
49 45 8 4 363
49 46 10 2 36
49 47 8 4 698
49 48 9 3 56
49 49 2 4 75
49 50 7 3 91
49 51 5 3 28
49 52 2 5 271
49 53 5 5 1340
49 54 3 5 752
49 55 8 2 23
49 56 4 3 39
49 57 6 6 9826
49 58 6 3 114
49 59 4 5 902
49 60 10 2 40
49 61 2 5 876
49 62 2 6 2342
49 63 9 3 117
50 0 4 3 43
50 1 4 5 455
50 2 6 4 251
50 3 6 3 70
50 4 8 5 1214
50 5 10 3 134
50 6 5 5 663
50 7 3 3 43
50 8 4 5 511
50 9 1 4 45
50 10 10 4 356
50 11 4 6 14675
50 12 3 7 14801
50 13 4 4 114
50 14 3 5 655
50 15 6 5 1234
50 16 6 3 98
50 17 4 4 151
50 18 3 5 1626
50 19 2 4 133
50 20 3 3 31
50 21 9 3 48
50 22 10 3 164
50 23 5 3 82
50 24 8 3 61
50 25 7 4 209
50 26 3 4 67
50 27 2 5 881
50 28 5 3 35
50 29 7 3 39
50 30 7 2 23
50 31 6 4 188
50 32 1 5 117
50 33 2 4 89
50 34 2 4 104
50 35 3 4 229
50 36 1 5 184
50 37 10 3 86
50 38 10 5 1336
50 39 10 4 221
50 40 5 3 88
50 41 5 6 4681
50 42 6 3 81
50 43 3 3 57
50 44 5 4 134
50 45 5 4 193
50 46 9 3 98
50 47 10 2 31
50 48 9 3 153
50 49 10 4 741
50 50 1 5 145
50 51 1 3 11
50 52 7 4 213
50 53 3 4 92
50 54 10 2 39
50 55 7 3 104
50 56 3 3 49
50 57 7 3 92
50 58 2 4 156
50 59 10 3 114
50 60 2 3 39
50 61 7 3 103
50 62 3 3 46
50 63 1 6 4236
51 0 1 6 1182
51 1 4 5 783
51 2 7 3 152
51 3 8 5 3438
51 4 7 3 66
51 5 2 4 72
51 6 7 4 161
51 7 2 3 28
51 8 5 3 89
51 9 2 3 17
51 10 1 4 31
51 11 10 2 49
51 12 6 4 235
51 13 6 3 55
51 14 1 5 190
51 15 2 6 4008
51 16 2 4 95
51 17 8 4 251
51 18 10 4 301
51 19 7 2 35
51 20 9 4 461
51 21 2 4 191
51 22 6 3 114
51 23 1 6 4060
51 24 4 4 102
51 25 6 3 76
51 26 7 2 25
51 27 3 4 105
51 28 3 3 26
51 29 1 5 137
51 30 7 8 304183
51 31 10 3 80
51 32 4 1 4
51 33 10 3 62
51 34 2 4 55
51 35 6 3 90
51 36 9 3 62
51 37 7 3 61
51 38 2 4 128
51 39 10 2 39
51 40 8 3 66
51 41 2 6 2959
51 42 7 2 29
51 43 6 3 116
51 44 1 4 44
51 45 10 5 1975
51 46 4 3 55
51 47 4 4 443
51 48 7 3 86
51 49 8 4 242
51 50 6 3 36
51 51 10 4 863
51 52 5 1 6
51 53 3 3 52
51 54 5 3 76
51 55 8 2 21
51 56 9 3 73
51 57 5 5 1503
51 58 3 5 779
51 59 9 3 104
51 60 5 4 209
51 61 3 5 531
51 62 2 5 987
51 63 5 4 115
52 0 5 4 172
52 1 9 3 98
52 2 5 5 1106
52 3 9 4 214
52 4 9 2 36
52 5 3 4 153
52 6 7 3 108
52 7 7 4 242
52 8 6 4 483
52 9 7 4 563
52 10 10 3 55
52 11 3 5 447
52 12 10 3 76
52 13 4 3 26
52 14 9 3 153
52 15 8 4 384
52 16 2 6 2964
52 17 10 3 55
52 18 3 4 80
52 19 7 5 988
52 20 7 4 167
52 21 2 3 42
52 22 5 3 63
52 23 7 5 1055
52 24 10 3 66
52 25 10 3 78
52 26 7 3 62
52 27 6 5 731
52 28 9 2 35
52 29 9 3 142
52 30 4 4 195
52 31 8 4 377
52 32 2 4 159
52 33 5 4 480
52 34 5 3 30
52 35 3 3 35
52 36 8 3 134
52 37 10 3 65
52 38 5 6 24619
52 39 6 3 77
52 40 7 3 88
52 41 1 3 22
52 42 2 4 92
52 43 8 3 47
52 44 1 5 153
52 45 10 4 264
52 46 2 4 212
52 47 4 4 121
52 48 2 5 1251
52 49 2 3 32
52 50 4 4 94
52 51 8 5 1522
52 52 9 3 120
52 53 2 4 196
52 54 4 3 87
52 55 6 3 41
52 56 9 4 436
52 57 6 5 740
52 58 4 3 47
52 59 3 3 58
52 60 8 4 773
52 61 6 3 49
52 62 1 4 76
52 63 9 3 114
53 0 4 4 117
53 1 6 6 17127
53 2 8 5 1300
53 3 9 3 111
53 4 9 2 32
53 5 6 3 95
53 6 1 5 173
53 7 4 3 39
53 8 1 7 25995
53 9 7 7 83077
53 10 3 4 185
53 11 3 3 47
53 12 9 3 90
53 13 6 3 71
53 14 5 5 683
53 15 8 3 62
53 16 4 3 45
53 17 5 3 40
53 18 8 3 152
53 19 7 3 94
53 20 1 4 42
53 21 1 4 34
53 22 10 5 4113
53 23 5 3 86
53 24 6 4 515
53 25 7 2 33
53 26 4 5 993
53 27 7 4 212
53 28 10 3 61
53 29 9 3 66
53 30 8 3 93
53 31 4 5 1164
53 32 3 4 70
53 33 10 6 10631
53 34 10 2 21
53 35 5 4 132
53 36 7 3 43
53 37 4 3 50
53 38 5 2 17
53 39 5 3 95
53 40 2 6 1890
53 41 1 5 204
53 42 7 6 8437
53 43 5 5 2083
53 44 4 6 6337
53 45 3 4 268
53 46 2 4 91
53 47 2 3 23
53 48 10 2 33
53 49 8 3 96
53 50 8 3 75
53 51 8 3 50
53 52 4 4 375
53 53 7 5 1197
53 54 9 3 164
53 55 10 6 9200
53 56 6 3 45
53 57 10 6 9187
53 58 10 3 131
53 59 5 4 121
53 60 1 5 276
53 61 3 5 640
53 62 10 1 10
53 63 8 3 78
54 0 5 3 63
54 1 8 3 47
54 2 4 4 364
54 3 10 3 59
54 4 4 4 170
54 5 10 3 109
54 6 8 2 30
54 7 9 2 17
54 8 3 4 264
54 9 9 4 584
54 10 9 3 168
54 11 10 4 509
54 12 10 4 419
54 13 9 3 84
54 14 2 4 80
54 15 6 4 212
54 16 4 3 41
54 17 3 5 661
54 18 9 5 3152
54 19 4 4 194
54 20 7 4 174
54 21 1 4 51
54 22 3 4 83
54 23 7 4 242
54 24 2 5 355
54 25 10 3 179
54 26 5 6 6576
54 27 2 4 159
54 28 2 3 11
54 29 3 4 288
54 30 9 3 54
54 31 2 3 14
54 32 2 5 1303
54 33 5 3 28
54 34 10 3 180
54 35 4 3 37
54 36 2 4 175
54 37 9 3 54
54 38 3 5 601
54 39 10 1 16
54 40 4 3 51
54 41 4 4 164
54 42 10 3 107
54 43 6 4 180
54 44 9 5 1129
54 45 5 3 34
54 46 5 3 71
54 47 10 2 50
54 48 7 5 3168
54 49 1 5 691
54 50 8 2 42
54 51 9 3 86
54 52 10 3 55
54 53 4 4 175
54 54 8 6 10097
54 55 6 4 416
54 56 8 5 1920
54 57 4 3 24
54 58 7 3 77
54 59 1 5 401
54 60 4 3 37
54 61 6 4 446
54 62 8 3 50
54 63 1 7 14711
55 0 7 3 63
55 1 9 3 149
55 2 5 4 182
55 3 6 4 457
55 4 7 3 51
55 5 7 3 78
55 6 1 6 726
55 7 9 3 176
55 8 8 3 91
55 9 9 5 2661
55 10 7 6 6812
55 11 7 3 41
55 12 3 4 102
55 13 6 4 461
55 14 6 4 629
55 15 5 5 1496
55 16 7 2 24
55 17 9 5 3534
55 18 6 5 2355
55 19 7 6 5021
55 20 1 4 87
55 21 7 3 45
55 22 3 4 73
55 23 7 4 548
55 24 3 5 360
55 25 1 7 7162
55 26 3 4 146
55 27 3 6 2364
55 28 9 4 502
55 29 2 4 55
55 30 4 4 92
55 31 7 4 767
55 32 6 2 19
55 33 6 5 701
55 34 7 4 771
55 35 10 4 221
55 36 8 3 64
55 37 5 3 54
55 38 10 3 119
55 39 3 3 28
55 40 9 4 391
55 41 8 3 160
55 42 4 3 22
55 43 4 4 105
55 44 9 3 113
55 45 2 4 58
55 46 2 4 150
55 47 10 4 456
55 48 4 3 23
55 49 5 5 1403
55 50 6 2 26
55 51 5 4 122
55 52 9 3 59
55 53 10 2 33
55 54 2 4 78
55 55 3 4 183
55 56 7 3 105
55 57 1 4 63
55 58 10 4 543
55 59 4 4 137
55 60 6 3 41
55 61 9 2 28
55 62 4 7 55087
55 63 1 4 82
56 0 6 4 313
56 1 8 4 468
56 2 9 4 720
56 3 9 2 25
56 4 1 4 73
56 5 9 5 1711
56 6 2 5 320
56 7 7 2 25
56 8 10 1 13
56 9 1 5 624
56 10 3 3 39
56 11 7 5 832
56 12 8 3 143
56 13 9 5 3053
56 14 7 3 61
56 15 2 7 11610
56 16 9 2 28
56 17 8 4 214
56 18 6 3 101
56 19 3 4 110
56 20 6 3 117
56 21 5 4 124
56 22 2 4 166
56 23 5 2 25
56 24 8 5 1018
56 25 1 5 122
56 26 5 3 79
56 27 10 3 129
56 28 6 3 113
56 29 6 2 24
56 30 6 4 336
56 31 7 3 66
56 32 1 4 28
56 33 9 3 161
56 34 4 5 1564
56 35 6 2 14
56 36 7 2 27
56 37 8 5 4062
56 38 9 4 645
56 39 4 5 990
56 40 3 3 35
56 41 3 4 108
56 42 5 4 115
56 43 1 5 195
56 44 7 5 4774
56 45 10 3 208
56 46 1 4 67
56 47 5 4 131
56 48 2 4 84
56 49 7 4 266
56 50 6 4 141
56 51 1 4 70
56 52 7 4 763
56 53 3 4 83
56 54 10 5 1576
56 55 6 6 5091
56 56 9 4 469
56 57 3 4 102
56 58 7 3 99
56 59 2 3 26
56 60 6 4 150
56 61 3 4 114
56 62 9 1 14
56 63 8 3 52
57 0 4 4 166
57 1 7 3 133
57 2 6 3 57
57 3 3 3 32
57 4 1 4 43
57 5 5 4 245
57 6 1 5 423
57 7 4 4 103
57 8 4 4 190
57 9 10 3 67
57 10 1 5 122
57 11 1 5 404
57 12 9 2 35
57 13 6 2 15
57 14 3 4 95
57 15 10 2 51
57 16 5 5 2753
57 17 2 4 103
57 18 2 3 18
57 19 7 4 287
57 20 6 4 343
57 21 8 3 133
57 22 7 2 23
57 23 3 5 1774
57 24 7 5 1267
57 25 8 3 47
57 26 6 3 66
57 27 7 5 1199
57 28 8 4 199
57 29 5 4 137
57 30 6 3 68
57 31 6 4 156
57 32 6 3 54
57 33 8 4 552
57 34 5 3 66
57 35 7 3 96
57 36 1 5 331
57 37 1 7 5073
57 38 3 5 857
57 39 8 4 359
57 40 7 5 1083
57 41 8 3 66
57 42 7 2 37
57 43 10 6 14225
57 44 2 4 70
57 45 9 3 51
57 46 7 3 40
57 47 1 5 228
57 48 8 4 251
57 49 6 4 495
57 50 3 3 57
57 51 6 3 45
57 52 8 4 298
57 53 5 3 34
57 54 6 3 47
57 55 5 5 1051
57 56 4 3 37
57 57 8 3 131
57 58 10 3 102
57 59 10 2 37
57 60 7 4 448
57 61 3 3 27
57 62 7 4 252
57 63 4 4 390
58 0 4 5 642
58 1 9 3 175
58 2 6 5 2237
58 3 8 2 36
58 4 1 6 988
58 5 1 5 142
58 6 9 3 81
58 7 1 6 1719
58 8 1 6 870
58 9 4 4 336
58 10 10 3 61
58 11 7 2 30
58 12 9 4 282
58 13 2 4 60
58 14 2 4 103
58 15 1 4 32
58 16 5 3 78
58 17 4 3 29
58 18 1 4 39
58 19 7 4 515
58 20 10 2 33
58 21 4 3 49
58 22 7 3 92
58 23 1 4 54
58 24 2 4 51
58 25 10 7 151597
58 26 6 3 105
58 27 5 5 751
58 28 4 4 101
58 29 5 4 125
58 30 4 5 1190
58 31 5 4 520
58 32 1 6 961
58 33 9 3 81
58 34 10 3 69
58 35 5 4 271
58 36 2 6 4848
58 37 5 3 77
58 38 6 3 81
58 39 9 3 71
58 40 8 6 8486
58 41 1 5 117
58 42 1 6 919
58 43 4 3 46
58 44 3 4 249
58 45 7 4 196
58 46 5 3 76
58 47 1 4 28
58 48 7 2 33
58 49 10 4 537
58 50 1 5 493
58 51 8 3 58
58 52 2 4 75
58 53 8 3 51
58 54 7 7 51464
58 55 7 3 148
58 56 2 5 359
58 57 2 5 417
58 58 1 4 99
58 59 10 4 536
58 60 10 4 379
58 61 3 6 2173
58 62 7 5 4178
58 63 7 4 269
59 0 10 4 701
59 1 3 2 7
59 2 2 4 150
59 3 9 2 36
59 4 2 4 102
59 5 10 2 34
59 6 3 3 53
59 7 7 4 224
59 8 10 4 602
59 9 5 3 55
59 10 5 4 321
59 11 7 3 130
59 12 8 5 1337
59 13 9 5 1235
59 14 3 2 13
59 15 2 5 242
59 16 5 5 635
59 17 9 5 2831
59 18 4 2 19
59 19 3 4 80
59 20 6 2 11
59 21 2 7 35414
59 22 10 5 3741
59 23 7 5 1235
59 24 8 5 3158
59 25 7 3 120
59 26 4 3 62
59 27 8 2 38
59 28 1 4 40
59 29 1 6 1006
59 30 5 3 61
59 31 10 4 233
59 32 9 3 58
59 33 1 5 145
59 34 7 2 37
59 35 3 4 79
59 36 7 2 29
59 37 7 4 521
59 38 3 4 140
59 39 3 3 63
59 40 6 3 34
59 41 10 3 102
59 42 3 3 31
59 43 5 3 31
59 44 7 3 51
59 45 7 3 104
59 46 5 3 101
59 47 1 4 25
59 48 7 4 573
59 49 3 5 469
59 50 2 3 29
59 51 7 3 149
59 52 6 4 476
59 53 7 5 3943
59 54 3 4 100
59 55 7 3 107
59 56 1 3 20
59 57 10 1 17
59 58 1 4 55
59 59 7 2 15
59 60 5 4 268
59 61 3 3 31
59 62 8 3 104
59 63 3 4 123
60 0 3 5 460
60 1 7 4 292
60 2 10 5 4007
60 3 7 2 16
60 4 10 4 632
60 5 7 3 42
60 6 1 4 31
60 7 2 4 171
60 8 2 4 66
60 9 3 3 54
60 10 9 3 55
60 11 10 4 411
60 12 10 2 39
60 13 9 3 117
60 14 8 4 482
60 15 8 3 137
60 16 7 2 36
60 17 3 3 41
60 18 2 6 5334
60 19 1 4 69
60 20 6 6 5368
60 21 6 3 96
60 22 4 5 607
60 23 6 3 64
60 24 7 3 72
60 25 5 5 1394
60 26 6 4 168
60 27 10 3 158
60 28 4 5 760
60 29 6 7 80421
60 30 3 3 62
60 31 4 3 22
60 32 6 2 12
60 33 5 3 34
60 34 2 5 272
60 35 3 5 814
60 36 10 3 147
60 37 9 6 31905
60 38 10 2 40
60 39 6 2 17
60 40 3 5 660
60 41 4 3 62
60 42 2 3 11
60 43 7 3 64
60 44 10 3 185
60 45 7 4 669
60 46 3 5 2028
60 47 2 6 9647
60 48 7 3 102
60 49 1 4 25
60 50 2 3 32
60 51 6 6 10367
60 52 9 3 167
60 53 10 4 856
60 54 3 5 1087
60 55 2 3 11
60 56 8 5 921
60 57 9 5 2239
60 58 2 3 30
60 59 8 4 221
60 60 9 5 2828
60 61 7 6 23828
60 62 4 6 10648
60 63 10 5 3987
61 0 8 3 69
61 1 3 4 120
61 2 2 4 81
61 3 4 4 168
61 4 9 6 10296
61 5 10 2 48
61 6 7 4 488
61 7 5 6 5433
61 8 8 3 87
61 9 9 3 79
61 10 4 5 1644
61 11 2 4 77
61 12 8 2 21
61 13 6 4 459
61 14 10 3 177
61 15 6 4 338
61 16 7 5 1243
61 17 6 5 1285
61 18 8 3 161
61 19 7 3 104
61 20 3 5 578
61 21 2 5 397
61 22 8 5 2811
61 23 5 4 219
61 24 5 6 4100
61 25 10 3 142
61 26 6 6 28274
61 27 8 3 71
61 28 8 3 43
61 29 4 3 55
61 30 10 4 561
61 31 6 3 83
61 32 5 5 618
61 33 4 4 175
61 34 2 4 58
61 35 5 3 36
61 36 9 3 92
61 37 9 3 116
61 38 1 4 58
61 39 1 6 3086
61 40 1 4 60
61 41 1 7 18508
61 42 2 6 2746
61 43 3 4 185
61 44 5 3 89
61 45 8 5 2005
61 46 7 4 155
61 47 3 3 37
61 48 8 3 62
61 49 2 4 61
61 50 3 4 189
61 51 8 3 55
61 52 6 3 95
61 53 10 2 19
61 54 10 3 111
61 55 5 6 16633
61 56 6 4 302
61 57 1 4 81
61 58 6 4 203
61 59 3 3 51
61 60 9 3 155
61 61 5 3 101
61 62 8 4 469
61 63 10 4 315
62 0 1 4 58
62 1 9 2 19
62 2 4 3 67
62 3 5 6 9979
62 4 5 6 11318
62 5 6 6 5476
62 6 2 6 1427
62 7 2 6 1675
62 8 10 3 118
62 9 7 2 21
62 10 5 2 26
62 11 10 2 24
62 12 9 4 361
62 13 5 4 231
62 14 6 4 164
62 15 9 5 1224
62 16 4 4 109
62 17 8 2 39
62 18 10 2 23
62 19 10 4 228
62 20 1 7 20851
62 21 6 3 72
62 22 2 3 41
62 23 6 4 426
62 24 5 3 103
62 25 1 5 657
62 26 3 4 270
62 27 8 2 21
62 28 1 6 1071
62 29 10 2 30
62 30 8 2 28
62 31 2 4 190
62 32 9 3 98
62 33 1 5 259
62 34 8 4 802
62 35 9 2 19
62 36 7 3 141
62 37 5 4 214
62 38 6 2 15
62 39 4 5 456
62 40 5 3 85
62 41 8 3 66
62 42 7 4 525
62 43 3 3 38
62 44 10 3 178
62 45 1 5 168
62 46 6 3 40
62 47 6 3 34
62 48 6 2 20
62 49 6 3 86
62 50 5 7 40861
62 51 9 3 55
62 52 9 4 244
62 53 5 2 26
62 54 1 4 35
62 55 3 4 246
62 56 9 4 210
62 57 10 2 28
62 58 7 4 414
62 59 7 6 14279
62 60 9 3 147
62 61 10 4 656
62 62 8 3 81
62 63 4 4 130
63 0 3 4 264
63 1 1 4 90
63 2 2 4 186
63 3 6 4 334
63 4 3 5 737
63 5 7 2 24
63 6 1 4 52
63 7 6 3 61
63 8 7 4 502
63 9 10 3 179
63 10 8 3 101
63 11 6 3 132
63 12 9 3 137
63 13 7 3 96
63 14 6 3 44
63 15 9 5 2999
63 16 1 4 109
63 17 7 4 460
63 18 2 5 909
63 19 10 2 45
63 20 10 4 558
63 21 10 3 97
63 22 6 3 42
63 23 1 5 115
63 24 9 2 37
63 25 6 4 174
63 26 3 3 40
63 27 1 5 530
63 28 2 4 47
63 29 3 3 55
63 30 1 5 132
63 31 10 3 151
63 32 2 3 24
63 33 7 4 389
63 34 5 3 41
63 35 7 3 62
63 36 3 4 88
63 37 2 4 56
63 38 1 4 56
63 39 10 4 332
63 40 3 5 1082
63 41 8 4 209
63 42 9 3 94
63 43 6 4 654
63 44 8 3 169
63 45 6 4 371
63 46 4 4 156
63 47 10 5 3614
63 48 5 4 445
63 49 4 4 112
63 50 2 4 146
63 51 8 4 575
63 52 1 5 482
63 53 6 4 263
63 54 7 3 59
63 55 3 3 24
63 56 7 5 3329
63 57 10 3 65
63 58 10 3 114
63 59 2 3 25
63 60 1 4 75
63 61 9 4 372
63 62 4 5 470
63 63 3 4 153
