0 0 4 5 936
0 1 7 3 149
0 2 8 5 1823
0 3 7 2 27
0 4 2 5 251
0 5 6 6 10581
0 6 4 5 1001
0 7 9 4 830
0 8 1 5 365
0 9 8 5 1331
0 10 1 5 164
0 11 3 2 12
0 12 6 6 6243
0 13 8 6 9024
0 14 1 4 63
0 15 4 5 679
0 16 9 5 1782
0 17 7 6 8464
0 18 9 5 2027
0 19 3 6 2870
0 20 4 4 247
0 21 3 3 58
0 22 2 6 3837
0 23 10 5 2509
0 24 2 6 2598
0 25 8 6 5683
0 26 3 7 35739
0 27 1 7 6792
0 28 3 5 735
0 29 10 4 281
0 30 5 4 143
0 31 9 7 51084
0 32 1 6 944
0 33 10 6 13642
0 34 2 7 33841
0 35 1 7 17542
0 36 8 4 504
0 37 6 4 511
0 38 3 7 18153
0 39 3 7 17332
0 40 1 5 413
0 41 3 4 134
0 42 8 4 196
0 43 6 3 90
0 44 3 7 27987
0 45 5 4 389
0 46 10 2 26
0 47 4 7 20860
0 48 6 3 80
0 49 1 5 418
0 50 3 6 3134
0 51 8 4 351
0 52 6 4 242
0 53 9 6 8677
0 54 9 3 113
0 55 10 4 273
0 56 2 5 497
0 57 2 5 1314
0 58 7 7 83156
0 59 3 4 216
0 60 6 4 179
0 61 5 4 546
0 62 4 2 14
0 63 1 5 222
1 0 8 4 331
1 1 6 6 7023
1 2 4 4 135
1 3 8 4 361
1 4 2 6 3687
1 5 2 5 228
1 6 9 4 321
1 7 10 4 457
1 8 9 4 831
1 9 7 4 469
1 10 4 3 87
1 11 8 4 520
1 12 2 6 1438
1 13 4 4 253
1 14 3 8 126185
1 15 5 4 283
1 16 10 5 2468
1 17 5 5 630
1 18 4 5 462
1 19 10 3 177
1 20 6 5 980
1 21 3 4 70
1 22 7 4 201
1 23 7 3 70
1 24 3 3 58
1 25 1 6 4750
1 26 9 4 220
1 27 9 3 168
1 28 1 6 2448
1 29 1 3 12
1 30 3 5 1952
1 31 6 3 122
1 32 1 5 445
1 33 7 4 163
1 34 1 6 1048
1 35 8 4 212
1 36 1 6 1163
1 37 5 5 599
1 38 5 2 18
1 39 4 3 41
1 40 2 8 89336
1 41 10 5 2956
1 42 1 7 8118
1 43 7 7 57403
1 44 1 5 197
1 45 8 2 31
1 46 4 5 1609
1 47 9 6 33280
1 48 4 7 43163
1 49 1 6 2664
1 50 5 4 253
1 51 2 6 5332
1 52 4 4 209
1 53 10 4 238
1 54 4 3 33
1 55 8 4 657
1 56 9 4 201
1 57 2 5 1113
1 58 7 4 318
1 59 3 6 8493
1 60 4 4 408
1 61 2 4 142
1 62 4 6 3422
1 63 1 6 1216
2 0 5 5 2761
2 1 10 3 75
2 2 10 3 86
2 3 4 6 19471
2 4 1 4 29
2 5 4 7 28236
2 6 2 5 309
2 7 9 8 425185
2 8 3 3 48
2 9 7 5 1447
2 10 7 6 22244
2 11 6 6 13622
2 12 6 4 361
2 13 6 4 172
2 14 9 3 69
2 15 4 6 7764
2 16 2 6 2143
2 17 2 3 38
2 18 3 5 401
2 19 1 7 9241
2 20 6 5 3786
2 21 5 5 849
2 22 2 4 138
2 23 8 3 94
2 24 4 4 291
2 25 3 4 311
2 26 9 1 15
2 27 5 5 1117
2 28 8 6 6188
2 29 3 5 1661
2 30 8 4 209
2 31 4 4 233
2 32 10 5 2377
2 33 6 5 1696
2 34 8 3 147
2 35 9 3 126
2 36 5 5 860
2 37 6 4 368
2 38 4 3 55
2 39 4 4 265
2 40 10 4 405
2 41 5 5 2379
2 42 8 5 1025
2 43 5 5 2525
2 44 9 4 297
2 45 5 7 54330
2 46 1 5 181
2 47 5 3 64
2 48 7 5 2003
2 49 8 4 614
2 50 2 7 12829
2 51 1 4 51
2 52 3 4 127
2 53 6 4 133
2 54 3 7 66818
2 55 5 7 36094
2 56 7 3 58
2 57 8 5 2148
2 58 6 4 530
2 59 10 3 116
2 60 6 5 1978
2 61 3 3 25
2 62 8 4 825
2 63 4 5 1420
3 0 2 3 15
3 1 4 7 26797
3 2 4 4 213
3 3 3 5 645
3 4 10 5 2035
3 5 9 4 366
3 6 1 5 685
3 7 4 6 4092
3 8 7 1 6
3 9 8 3 125
3 10 5 5 1518
3 11 2 5 271
3 12 4 5 1453
3 13 9 3 69
3 14 9 4 801
3 15 10 3 190
3 16 6 7 52470
3 17 9 4 601
3 18 7 6 8606
3 19 10 8 1599700
3 20 5 3 43
3 21 7 6 8572
3 22 6 6 19346
3 23 6 5 2736
3 24 8 5 1811
3 25 8 7 43012
3 26 7 4 229
3 27 9 5 2212
3 28 9 3 107
3 29 4 7 29095
3 30 1 5 210
3 31 8 4 464
3 32 4 4 133
3 33 2 4 97
3 34 9 4 606
3 35 4 6 15468
3 36 9 4 767
3 37 8 7 46588
3 38 6 6 5486
3 39 10 4 886
3 40 3 8 354284
3 41 6 5 2452
3 42 1 6 810
3 43 7 5 2445
3 44 1 6 1222
3 45 6 5 1772
3 46 1 5 178
3 47 5 3 54
3 48 7 1 4
3 49 8 4 853
3 50 10 4 695
3 51 3 4 193
3 52 5 3 91
3 53 8 3 72
3 54 5 4 517
3 55 3 4 140
3 56 2 3 39
3 57 1 5 432
3 58 1 4 36
3 59 6 4 133
3 60 7 3 78
3 61 10 4 1108
3 62 1 5 485
3 63 8 4 821
4 0 10 1 13
4 1 2 4 111
4 2 2 5 1341
4 3 8 4 816
4 4 1 7 19018
4 5 4 4 361
4 6 10 4 405
4 7 10 7 54524
4 8 8 3 91
4 9 7 3 139
4 10 5 5 676
4 11 4 6 7457
4 12 8 4 243
4 13 10 3 77
4 14 10 6 17837
4 15 7 8 495082
4 16 3 7 22829
4 17 6 6 4318
4 18 4 6 7190
4 19 6 4 163
4 20 10 5 1365
4 21 10 4 1018
4 22 5 4 176
4 23 4 3 74
4 24 9 5 4180
4 25 6 7 74164
4 26 10 4 226
4 27 2 6 2939
4 28 6 4 448
4 29 6 5 2135
4 30 10 4 476
4 31 9 5 2060
4 32 2 3 27
4 33 1 5 403
4 34 4 5 472
4 35 6 5 3870
4 36 9 5 1907
4 37 1 5 167
4 38 6 4 346
4 39 7 4 408
4 40 9 5 1194
4 41 6 6 22042
4 42 2 5 687
4 43 1 7 18160
4 44 5 4 142
4 45 5 4 165
4 46 4 5 1507
4 47 7 6 6220
4 48 6 5 1474
4 49 1 6 946
4 50 7 4 404
4 51 4 3 77
4 52 2 5 257
4 53 9 4 283
4 54 7 4 193
4 55 6 5 991
4 56 4 5 704
4 57 7 7 100092
4 58 10 4 849
4 59 7 2 32
4 60 9 3 53
4 61 6 2 30
4 62 7 3 61
4 63 10 6 6995
5 0 6 5 3902
5 1 2 3 11
5 2 7 6 15196
5 3 9 3 183
5 4 3 7 43426
5 5 8 6 9843
5 6 3 4 128
5 7 1 7 8765
5 8 3 5 731
5 9 6 4 427
5 10 5 5 583
5 11 5 4 380
5 12 5 4 501
5 13 5 4 147
5 14 1 6 1120
5 15 10 6 47517
5 16 1 6 3714
5 17 10 5 1884
5 18 2 7 31645
5 19 5 5 3045
5 20 4 4 299
5 21 8 5 2027
5 22 1 5 134
5 23 3 5 944
5 24 5 4 206
5 25 5 4 141
5 26 7 3 118
5 27 3 6 11486
5 28 2 5 679
5 29 10 6 7006
5 30 2 6 2011
5 31 2 6 1395
5 32 6 3 86
5 33 6 4 331
5 34 4 3 30
5 35 6 4 396
5 36 10 6 16144
5 37 4 6 10046
5 38 10 7 111911
5 39 5 6 6044
5 40 9 8 391630
5 41 3 9 4885861
5 42 5 3 44
5 43 5 3 85
5 44 5 6 20328
5 45 2 5 1174
5 46 6 4 566
5 47 8 3 77
5 48 4 5 2617
5 49 8 4 423
5 50 9 3 115
5 51 1 6 779
5 52 10 4 534
5 53 7 7 164836
5 54 1 5 133
5 55 2 5 298
5 56 8 3 74
5 57 8 4 737
5 58 4 2 12
5 59 9 5 1417
5 60 6 4 476
5 61 9 4 240
5 62 7 5 3836
5 63 4 5 1234
6 0 10 3 72
6 1 7 5 1010
6 2 4 5 1815
6 3 1 6 1785
6 4 9 5 5090
6 5 7 4 532
6 6 3 7 112510
6 7 3 4 74
6 8 2 3 20
6 9 5 4 249
6 10 1 6 1853
6 11 7 6 8050
6 12 7 6 15272
6 13 9 3 70
6 14 2 5 515
6 15 6 7 153449
6 16 5 4 277
6 17 3 5 367
6 18 2 6 3050
6 19 5 7 46922
6 20 2 8 81797
6 21 10 5 3481
6 22 2 6 2649
6 23 3 4 69
6 24 6 4 285
6 25 5 4 309
6 26 4 7 46921
6 27 5 5 1299
6 28 8 3 129
6 29 7 5 2273
6 30 10 5 6234
6 31 5 6 3768
6 32 9 4 253
6 33 9 5 1103
6 34 3 4 120
6 35 2 5 998
6 36 8 4 246
6 37 10 2 53
6 38 9 6 28916
6 39 5 6 6839
6 40 5 4 193
6 41 7 5 818
6 42 5 4 397
6 43 5 6 4543
6 44 1 6 723
6 45 3 4 161
6 46 5 5 2612
6 47 4 2 11
6 48 7 4 166
6 49 5 4 141
6 50 9 3 152
6 51 4 3 65
6 52 8 2 19
6 53 10 5 2500
6 54 4 8 622101
6 55 8 5 1460
6 56 1 4 105
6 57 5 5 3352
6 58 7 5 999
6 59 9 4 503
6 60 2 8 267023
6 61 6 6 8252
6 62 3 5 767
6 63 8 3 64
7 0 8 3 114
7 1 1 7 6118
7 2 5 5 3225
7 3 6 7 31014
7 4 5 3 43
7 5 2 4 60
7 6 3 7 70969
7 7 8 5 1082
7 8 3 4 327
7 9 4 3 22
7 10 8 6 23005
7 11 5 2 18
7 12 2 4 113
7 13 6 4 247
7 14 7 5 1503
7 15 2 4 48
7 16 10 3 109
7 17 1 6 4036
7 18 5 4 356
7 19 1 7 7888
7 20 10 5 6682
7 21 1 6 3992
7 22 4 4 92
7 23 7 3 79
7 24 10 5 4613
7 25 10 7 53751
7 26 8 7 39690
7 27 6 3 56
7 28 4 5 534
7 29 6 2 25
7 30 1 4 79
7 31 9 4 546
7 32 9 4 732
7 33 9 3 164
7 34 3 5 609
7 35 2 6 1989
7 36 9 5 2319
7 37 9 6 12258
7 38 1 5 445
7 39 2 6 1868
7 40 10 5 3906
7 41 4 3 30
7 42 6 6 4347
7 43 1 4 48
7 44 2 7 12116
7 45 6 4 409
7 46 5 5 657
7 47 5 6 3628
7 48 1 4 41
7 49 5 3 27
7 50 5 4 307
7 51 8 5 919
7 52 9 6 6730
7 53 6 2 19
7 54 8 4 220
7 55 8 6 9327
7 56 4 4 318
7 57 7 4 173
7 58 5 8 1798560
7 59 4 4 325
7 60 6 7 45985
7 61 6 6 8522
7 62 6 3 95
7 63 7 4 317
8 0 6 5 816
8 1 4 4 310
8 2 2 5 1091
8 3 4 3 51
8 4 4 5 1134
8 5 8 5 1977
8 6 10 4 513
8 7 6 3 47
8 8 6 4 166
8 9 5 4 340
8 10 10 5 4839
8 11 5 5 722
8 12 3 4 157
8 13 7 4 318
8 14 1 5 480
8 15 1 6 759
8 16 3 5 804
8 17 2 4 73
8 18 8 6 19242
8 19 7 5 4175
8 20 6 5 1190
8 21 6 5 2357
8 22 6 5 2837
8 23 10 4 764
8 24 9 2 45
8 25 3 5 370
8 26 6 5 747
8 27 10 7 53017
8 28 9 4 572
8 29 9 4 204
8 30 9 3 129
8 31 7 5 2271
8 32 6 4 195
8 33 5 7 50540
8 34 1 10 14675729
8 35 1 9 392158
8 36 7 10 59916888
8 37 7 5 1953
8 38 1 5 523
8 39 2 7 57658
8 40 6 4 226
8 41 7 5 1963
8 42 1 4 85
8 43 9 4 748
8 44 7 4 284
8 45 3 4 220
8 46 1 4 97
8 47 3 5 1331
8 48 2 4 108
8 49 10 5 2968
8 50 5 3 28
8 51 10 3 132
8 52 7 6 11054
8 53 3 5 582
8 54 1 7 5217
8 55 3 7 55596
8 56 4 6 5003
8 57 5 6 10173
8 58 1 5 355
8 59 10 4 222
8 60 7 6 9301
8 61 5 5 1669
8 62 4 5 2193
8 63 3 5 543
9 0 2 4 140
9 1 10 5 2753
9 2 1 6 2030
9 3 2 5 735
9 4 10 3 213
9 5 3 2 10
9 6 2 6 5589
9 7 6 4 342
9 8 5 4 520
9 9 4 3 53
9 10 10 4 291
9 11 6 4 215
9 12 5 5 1350
9 13 5 4 232
9 14 1 4 61
9 15 5 4 354
9 16 2 2 7
9 17 9 2 41
9 18 5 4 431
9 19 5 7 71272
9 20 4 4 141
9 21 8 2 21
9 22 3 5 1691
9 23 2 4 135
9 24 5 5 612
9 25 8 5 5537
9 26 7 7 58543
9 27 8 3 75
9 28 9 3 73
9 29 9 3 66
9 30 7 4 211
9 31 1 6 1727
9 32 7 2 28
9 33 5 5 3338
9 34 1 5 120
9 35 2 7 16300
9 36 9 6 9684
9 37 10 3 182
9 38 9 7 46205
9 39 2 7 13629
9 40 3 7 17560
9 41 10 6 14749
9 42 5 4 428
9 43 4 4 219
9 44 7 4 434
9 45 9 4 765
9 46 5 6 7211
9 47 1 4 97
9 48 8 5 3046
9 49 6 4 612
9 50 6 6 27172
9 51 6 5 899
9 52 1 8 47474
9 53 5 5 822
9 54 5 4 537
9 55 9 3 60
9 56 1 5 235
9 57 8 2 30
9 58 2 5 1075
9 59 6 4 154
9 60 1 6 4241
9 61 1 5 414
9 62 6 6 5021
9 63 7 4 752
10 0 5 4 283
10 1 5 4 167
10 2 6 3 117
10 3 7 5 4249
10 4 3 2 11
10 5 9 4 289
10 6 10 4 237
10 7 2 5 557
10 8 3 4 226
10 9 5 6 4502
10 10 6 5 3931
10 11 9 5 5096
10 12 3 4 78
10 13 10 5 2328
10 14 1 5 240
10 15 8 5 916
10 16 6 2 27
10 17 10 4 287
10 18 10 4 412
10 19 6 3 64
10 20 3 4 322
10 21 8 5 1290
10 22 5 3 65
10 23 1 7 10203
10 24 9 5 3951
10 25 3 6 5253
10 26 9 3 63
10 27 5 3 33
10 28 1 5 462
10 29 5 3 82
10 30 10 5 5140
10 31 5 2 26
10 32 8 6 25662
10 33 9 4 628
10 34 2 4 45
10 35 5 3 36
10 36 2 5 934
10 37 5 6 7694
10 38 1 9 571996
10 39 3 5 1240
10 40 2 6 1555
10 41 8 5 2352
10 42 4 9 2049288
10 43 1 6 4203
10 44 8 2 29
10 45 2 9 1469875
10 46 4 2 20
10 47 4 4 323
10 48 4 5 903
10 49 3 9 1699249
10 50 2 4 128
10 51 8 7 95601
10 52 1 4 71
10 53 10 4 239
10 54 9 5 2044
10 55 6 3 82
10 56 1 5 246
10 57 1 5 487
10 58 4 3 66
10 59 7 5 865
10 60 7 5 1372
10 61 9 1 5
10 62 3 5 1228
10 63 5 5 751
11 0 10 7 87514
11 1 3 4 249
11 2 4 3 67
11 3 10 3 164
11 4 4 4 285
11 5 6 4 254
11 6 4 5 1267
11 7 3 4 139
11 8 9 6 35845
11 9 7 4 474
11 10 2 4 124
11 11 5 4 149
11 12 10 7 107034
11 13 1 5 244
11 14 5 6 9728
11 15 8 2 37
11 16 6 4 560
11 17 6 7 79253
11 18 6 6 11768
11 19 1 7 22980
11 20 4 6 6410
11 21 2 6 3125
11 22 9 5 1859
11 23 10 5 1501
11 24 2 5 374
11 25 6 4 168
11 26 7 5 3095
11 27 1 7 30544
11 28 4 5 625
11 29 6 4 675
11 30 1 8 100437
11 31 3 6 7188
11 32 3 6 4767
11 33 1 7 17052
11 34 10 5 1350
11 35 8 6 33021
11 36 7 4 528
11 37 4 5 2242
11 38 3 5 534
11 39 3 8 198568
11 40 1 6 1461
11 41 8 6 13372
11 42 6 4 548
11 43 3 5 524
11 44 7 3 86
11 45 7 4 753
11 46 6 5 2257
11 47 1 6 3266
11 48 3 4 74
11 49 4 5 598
11 50 3 5 1816
11 51 2 4 203
11 52 9 3 143
11 53 8 5 2528
11 54 10 4 551
11 55 3 7 35837
11 56 7 2 33
11 57 3 5 570
11 58 7 5 2157
11 59 4 5 1766
11 60 10 4 585
11 61 7 5 1344
11 62 1 8 132809
11 63 3 4 185
12 0 1 7 6343
12 1 5 4 141
12 2 10 4 395
12 3 4 7 38089
12 4 2 5 319
12 5 9 3 122
12 6 7 6 13908
12 7 4 4 95
12 8 10 5 1608
12 9 3 4 145
12 10 2 7 12850
12 11 7 5 903
12 12 7 5 1518
12 13 5 5 1011
12 14 8 4 256
12 15 7 3 38
12 16 2 5 782
12 17 3 4 108
12 18 9 7 81803
12 19 3 5 967
12 20 7 6 10317
12 21 2 6 3136
12 22 4 5 1116
12 23 6 6 6162
12 24 2 4 180
12 25 8 6 5618
12 26 5 4 442
12 27 8 4 408
12 28 4 4 336
12 29 3 3 34
12 30 10 3 124
12 31 8 2 24
12 32 8 3 166
12 33 4 6 12394
12 34 5 6 6165
12 35 7 6 8734
12 36 1 5 471
12 37 2 3 44
12 38 2 4 84
12 39 1 6 3085
12 40 7 4 521
12 41 3 6 4172
12 42 1 7 9611
12 43 9 4 615
12 44 4 5 2298
12 45 5 8 521245
12 46 4 6 8730
12 47 1 4 103
12 48 7 4 280
12 49 8 5 4226
12 50 5 5 1206
12 51 3 5 696
12 52 6 3 116
12 53 4 6 4853
12 54 10 4 290
12 55 6 4 552
12 56 8 2 41
12 57 5 5 790
12 58 6 4 302
12 59 4 2 18
12 60 5 5 1414
12 61 6 5 2159
12 62 1 5 114
12 63 8 4 700
13 0 1 5 386
13 1 9 6 7667
13 2 4 5 1765
13 3 6 3 42
13 4 2 5 402
13 5 8 5 990
13 6 10 6 7967
13 7 8 4 695
13 8 9 5 5089
13 9 8 5 4011
13 10 3 5 374
13 11 9 4 522
13 12 9 6 24759
13 13 4 6 9734
13 14 6 5 1148
13 15 2 4 89
13 16 2 8 146172
13 17 3 6 2223
13 18 10 4 1017
13 19 8 6 38209
13 20 6 5 1572
13 21 9 3 70
13 22 1 5 264
13 23 7 4 228
13 24 5 5 842
13 25 10 3 78
13 26 8 7 40398
13 27 5 4 532
13 28 3 3 61
13 29 7 5 3955
13 30 2 3 42
13 31 8 3 116
13 32 4 6 5117
13 33 8 4 661
13 34 9 3 127
13 35 8 3 157
13 36 9 5 1441
13 37 10 5 4147
13 38 6 4 281
13 39 7 4 470
13 40 3 6 3967
13 41 7 7 118219
13 42 8 6 8697
13 43 8 6 8272
13 44 8 2 33
13 45 10 4 994
13 46 8 4 555
13 47 7 3 95
13 48 9 6 16141
13 49 9 5 2001
13 50 1 5 184
13 51 3 6 4077
13 52 5 4 488
13 53 4 7 140726
13 54 7 3 43
13 55 6 4 269
13 56 1 8 76027
13 57 4 3 39
13 58 9 5 1890
13 59 9 3 140
13 60 6 5 1567
13 61 4 5 892
13 62 1 4 109
13 63 8 2 29
14 0 5 6 22242
14 1 2 7 23600
14 2 9 3 73
14 3 5 5 1090
14 4 4 4 276
14 5 9 5 1189
14 6 10 5 1677
14 7 6 4 587
14 8 5 6 4702
14 9 6 5 1325
14 10 5 6 20052
14 11 8 6 20743
14 12 3 5 1300
14 13 3 5 1221
14 14 4 5 2030
14 15 5 4 117
14 16 6 5 1668
14 17 6 5 1282
14 18 4 5 1880
14 19 8 4 450
14 20 7 5 2769
14 21 3 5 536
14 22 7 5 2505
14 23 4 2 12
14 24 7 4 668
14 25 2 5 362
14 26 10 3 124
14 27 1 5 390
14 28 9 3 73
14 29 7 5 1839
14 30 4 6 8662
14 31 4 5 2358
14 32 6 6 22823
14 33 8 4 364
14 34 9 3 108
14 35 1 7 25821
14 36 6 3 35
14 37 9 3 184
14 38 3 3 43
14 39 7 4 587
14 40 3 5 506
14 41 4 4 252
14 42 10 3 195
14 43 6 3 35
14 44 9 5 5318
14 45 7 6 5519
14 46 4 6 8711
14 47 6 10 65367733
14 48 9 4 212
14 49 4 4 199
14 50 9 5 4745
14 51 4 5 680
14 52 4 5 1471
14 53 3 4 95
14 54 9 3 144
14 55 4 3 50
14 56 10 6 47392
14 57 5 4 318
14 58 9 5 3741
14 59 4 7 105784
14 60 8 6 14979
14 61 3 6 3601
14 62 1 5 273
14 63 9 5 3970
15 0 3 4 321
15 1 10 5 1391
15 2 9 2 16
15 3 7 6 30861
15 4 8 3 61
15 5 8 5 2746
15 6 8 4 339
15 7 10 3 74
15 8 1 5 229
15 9 8 5 4711
15 10 9 3 90
15 11 7 5 2856
15 12 2 5 300
15 13 9 5 2950
15 14 7 4 412
15 15 2 6 7029
15 16 10 5 1352
15 17 7 2 25
15 18 5 7 71900
15 19 5 5 618
15 20 4 4 107
15 21 2 3 20
15 22 9 4 779
15 23 7 4 566
15 24 10 6 10408
15 25 2 3 36
15 26 7 4 769
15 27 7 6 11691
15 28 2 9 4192090
15 29 6 5 3229
15 30 4 3 61
15 31 1 5 470
15 32 6 3 42
15 33 4 4 220
15 34 7 3 132
15 35 9 4 267
15 36 4 6 11500
15 37 2 6 6777
15 38 4 6 4287
15 39 9 3 181
15 40 3 5 382
15 41 1 5 119
15 42 6 6 5297
15 43 1 5 176
15 44 6 4 319
15 45 1 3 10
15 46 8 6 10166
15 47 3 4 78
15 48 3 4 188
15 49 7 5 853
15 50 1 5 196
15 51 6 5 707
15 52 10 3 186
15 53 8 3 163
15 54 7 5 798
15 55 8 7 75179
15 56 1 7 12102
15 57 1 3 15
15 58 3 5 1889
15 59 4 4 252
15 60 2 4 190
15 61 3 7 18887
15 62 5 3 56
15 63 8 4 860
16 0 10 5 1723
16 1 8 4 283
16 2 5 5 760
16 3 10 4 261
16 4 6 4 625
16 5 8 5 1954
16 6 1 6 787
16 7 3 8 125059
16 8 4 6 6370
16 9 5 3 37
16 10 8 2 22
16 11 10 2 21
16 12 6 6 13748
16 13 3 5 532
16 14 3 4 77
16 15 1 8 141493
16 16 8 8 544396
16 17 7 7 70612
16 18 6 3 91
16 19 3 5 1650
16 20 9 5 1948
16 21 8 6 13959
16 22 2 4 161
16 23 3 5 612
16 24 2 7 21706
16 25 4 6 9624
16 26 8 4 280
16 27 5 5 2324
16 28 10 6 9618
16 29 4 8 207300
16 30 1 5 190
16 31 9 4 1000
16 32 3 6 6643
16 33 6 7 35855
16 34 3 6 2925
16 35 3 4 110
16 36 4 2 20
16 37 6 5 1326
16 38 1 6 1454
16 39 9 8 434240
16 40 7 5 1370
16 41 6 7 230323
16 42 1 5 507
16 43 6 6 5604
16 44 2 4 68
16 45 1 6 949
16 46 7 4 455
16 47 3 6 12758
16 48 8 7 154324
16 49 8 4 476
16 50 6 4 475
16 51 8 4 241
16 52 5 5 2891
16 53 10 4 521
16 54 7 2 13
16 55 5 5 3183
16 56 1 8 226847
16 57 6 4 579
16 58 3 6 9978
16 59 2 5 326
16 60 2 6 3554
16 61 3 6 2774
16 62 6 4 506
16 63 8 3 143
17 0 7 1 12
17 1 4 5 845
17 2 7 4 348
17 3 6 3 70
17 4 5 3 82
17 5 7 5 2487
17 6 8 6 14631
17 7 8 7 51833
17 8 5 6 15451
17 9 2 4 115
17 10 3 7 18502
17 11 6 6 9823
17 12 5 4 256
17 13 4 4 350
17 14 6 1 8
17 15 6 3 87
17 16 9 5 4716
17 17 8 6 12070
17 18 6 5 3544
17 19 3 4 183
17 20 5 5 871
17 21 5 4 183
17 22 1 5 385
17 23 4 6 7797
17 24 4 5 723
17 25 5 4 539
17 26 9 3 158
17 27 9 3 85
17 28 3 4 309
17 29 10 2 43
17 30 7 6 22108
17 31 1 3 14
17 32 5 5 2459
17 33 5 4 414
17 34 4 5 2187
17 35 6 2 23
17 36 1 5 379
17 37 6 5 861
17 38 1 6 956
17 39 2 7 17370
17 40 7 5 1303
17 41 2 7 17205
17 42 8 5 1489
17 43 6 6 13086
17 44 8 5 3716
17 45 4 3 46
17 46 10 5 1653
17 47 6 4 243
17 48 1 7 5537
17 49 10 4 236
17 50 6 6 17448
17 51 2 6 9820
17 52 10 5 1704
17 53 8 6 16012
17 54 2 6 2420
17 55 2 3 26
17 56 9 3 137
17 57 5 6 3512
17 58 7 3 68
17 59 7 4 265
17 60 7 3 47
17 61 9 6 25759
17 62 9 3 70
17 63 2 5 842
18 0 7 4 708
18 1 10 5 2889
18 2 2 6 4030
18 3 2 4 72
18 4 5 4 155
18 5 1 8 43988
18 6 7 7 53539
18 7 1 5 534
18 8 8 1 13
18 9 9 5 4567
18 10 3 5 344
18 11 9 1 4
18 12 4 7 113065
18 13 5 5 2104
18 14 2 4 205
18 15 1 5 207
18 16 4 5 1278
18 17 9 4 349
18 18 4 4 261
18 19 4 1 3
18 20 10 4 856
18 21 8 3 103
18 22 10 6 30276
18 23 3 4 282
18 24 3 5 1480
18 25 4 2 20
18 26 4 4 161
18 27 1 4 111
18 28 4 7 20071
18 29 6 4 230
18 30 4 4 366
18 31 6 5 2631
18 32 8 3 140
18 33 3 4 248
18 34 2 7 47239
18 35 6 4 190
18 36 5 6 14413
18 37 1 4 53
18 38 6 3 80
18 39 9 5 2081
18 40 10 7 102267
18 41 2 6 2016
18 42 4 5 2140
18 43 8 5 1170
18 44 8 6 11765
18 45 6 3 81
18 46 2 6 4777
18 47 4 6 3290
18 48 7 4 450
18 49 6 5 1374
18 50 10 4 957
18 51 6 4 612
18 52 9 4 473
18 53 9 3 76
18 54 1 6 2804
18 55 6 3 118
18 56 2 4 51
18 57 3 5 1023
18 58 4 4 151
18 59 5 5 1318
18 60 4 4 118
18 61 1 5 494
18 62 6 5 918
18 63 9 1 6
19 0 1 5 212
19 1 4 4 380
19 2 4 5 476
19 3 4 6 10662
19 4 1 5 189
19 5 3 7 29258
19 6 6 5 1283
19 7 5 4 238
19 8 5 4 213
19 9 4 6 5252
19 10 4 6 10965
19 11 10 3 131
19 12 9 4 347
19 13 4 3 82
19 14 6 6 5393
19 15 9 8 772629
19 16 1 8 63197
19 17 4 5 570
19 18 5 4 173
19 19 5 2 19
19 20 2 7 11836
19 21 4 5 910
19 22 4 6 4003
19 23 3 4 199
19 24 2 7 36984
19 25 8 5 2135
19 26 9 6 12030
19 27 7 3 152
19 28 10 6 10006
19 29 5 4 276
19 30 2 4 126
19 31 3 7 97327
19 32 6 3 125
19 33 6 6 12944
19 34 9 7 236361
19 35 9 4 576
19 36 2 5 891
19 37 9 3 171
19 38 10 3 68
19 39 6 5 3841
19 40 3 4 108
19 41 4 6 5423
19 42 5 6 5486
19 43 9 5 2556
19 44 5 4 188
19 45 9 4 572
19 46 9 5 5027
19 47 3 4 148
19 48 9 8 372373
19 49 7 2 37
19 50 10 3 166
19 51 1 4 65
19 52 7 5 1190
19 53 7 5 1664
19 54 1 5 487
19 55 10 3 144
19 56 9 3 192
19 57 10 3 137
19 58 3 3 20
19 59 10 3 68
19 60 4 5 2286
19 61 8 4 297
19 62 4 5 1221
19 63 5 7 48033
20 0 5 3 32
20 1 9 5 3534
20 2 6 3 86
20 3 9 4 448
20 4 2 6 4465
20 5 10 5 1176
20 6 1 3 8
20 7 4 3 77
20 8 5 4 560
20 9 5 3 99
20 10 10 5 5156
20 11 3 6 5964
20 12 7 5 905
20 13 1 6 3662
20 14 2 4 126
20 15 10 5 2248
20 16 3 8 247728
20 17 1 4 56
20 18 2 6 2539
20 19 2 7 21516
20 20 6 5 2412
20 21 7 7 64200
20 22 9 2 42
20 23 2 4 47
20 24 7 3 80
20 25 9 3 187
20 26 2 7 64862
20 27 7 2 33
20 28 9 4 449
20 29 4 4 200
20 30 5 5 1835
20 31 10 5 1546
20 32 7 5 1998
20 33 7 3 95
20 34 3 3 30
20 35 5 6 4201
20 36 4 4 137
20 37 1 5 523
20 38 5 3 68
20 39 7 5 1089
20 40 3 5 1428
20 41 4 6 14188
20 42 1 5 207
20 43 2 5 264
20 44 2 5 514
20 45 4 6 8976
20 46 2 6 2214
20 47 6 4 385
20 48 8 5 1170
20 49 6 5 766
20 50 3 6 2467
20 51 6 3 42
20 52 7 5 1316
20 53 5 5 802
20 54 4 6 3218
20 55 2 4 191
20 56 10 4 244
20 57 10 4 692
20 58 8 4 502
20 59 3 5 410
20 60 5 2 24
20 61 5 5 655
20 62 10 3 62
20 63 3 8 120954
21 0 5 3 104
21 1 6 6 11410
21 2 10 5 1458
21 3 1 7 11307
21 4 2 6 6267
21 5 6 6 4772
21 6 3 4 306
21 7 3 6 5026
21 8 8 1 9
21 9 3 5 390
21 10 5 4 203
21 11 1 7 13721
21 12 2 6 5078
21 13 2 6 2598
21 14 1 7 27691
21 15 7 5 1604
21 16 7 5 3166
21 17 9 4 731
21 18 6 3 115
21 19 3 5 908
21 20 7 4 184
21 21 4 5 530
21 22 6 3 63
21 23 5 5 1474
21 24 10 5 1422
21 25 2 3 12
21 26 7 5 796
21 27 1 5 498
21 28 10 5 4058
21 29 4 4 140
21 30 3 4 119
21 31 10 6 24391
21 32 1 8 56086
21 33 6 6 27285
21 34 4 4 98
21 35 2 5 246
21 36 9 4 367
21 37 1 8 181617
21 38 7 5 3767
21 39 6 7 31037
21 40 10 5 1768
21 41 1 4 86
21 42 1 8 153024
21 43 9 3 99
21 44 4 6 4798
21 45 7 4 193
21 46 7 4 322
21 47 10 4 229
21 48 9 4 228
21 49 2 7 18591
21 50 4 5 1033
21 51 5 4 551
21 52 6 6 23557
21 53 1 5 196
21 54 6 5 3580
21 55 6 5 802
21 56 9 3 81
21 57 10 3 200
21 58 9 4 771
21 59 6 4 186
21 60 9 4 374
21 61 10 3 92
21 62 4 5 682
21 63 3 5 585
22 0 3 7 34909
22 1 9 3 73
22 2 5 5 813
22 3 7 5 3609
22 4 5 3 98
22 5 4 4 89
22 6 4 5 603
22 7 3 3 66
22 8 7 5 4454
22 9 1 8 101173
22 10 2 6 2727
22 11 5 4 161
22 12 1 6 2112
22 13 7 4 632
22 14 2 4 210
22 15 10 5 3594
22 16 6 6 4343
22 17 9 7 274944
22 18 9 5 4305
22 19 9 4 437
22 20 6 4 184
22 21 5 9 1810460
22 22 3 4 271
22 23 4 6 8279
22 24 8 4 281
22 25 1 5 428
22 26 1 6 728
22 27 6 4 294
22 28 5 4 239
22 29 2 5 783
22 30 8 3 63
22 31 6 4 166
22 32 2 5 494
22 33 6 3 132
22 34 10 6 16714
22 35 6 4 143
22 36 7 4 434
22 37 1 4 50
22 38 5 3 46
22 39 5 4 455
22 40 1 5 334
22 41 2 5 463
22 42 3 8 351004
22 43 10 7 54926
22 44 4 3 55
22 45 6 3 59
22 46 3 5 1366
22 47 10 4 296
22 48 9 4 437
22 49 4 6 4117
22 50 9 3 127
22 51 6 4 168
22 52 3 5 1494
22 53 1 5 133
22 54 9 6 7961
22 55 7 4 213
22 56 2 6 3665
22 57 10 5 2573
22 58 5 4 148
22 59 4 5 603
22 60 1 6 2765
22 61 8 3 108
22 62 5 3 42
22 63 2 4 213
23 0 3 4 157
23 1 6 5 747
23 2 5 7 27068
23 3 1 6 3973
23 4 3 3 32
23 5 2 4 125
23 6 9 2 19
23 7 2 6 1658
23 8 5 6 7868
23 9 7 5 1288
23 10 2 5 312
23 11 2 4 74
23 12 8 7 137877
23 13 10 6 34260
23 14 5 6 11325
23 15 5 7 40091
23 16 4 5 802
23 17 6 5 2398
23 18 1 7 14150
23 19 8 4 485
23 20 5 5 622
23 21 2 5 458
23 22 8 7 74999
23 23 8 6 9347
23 24 10 4 627
23 25 1 7 34587
23 26 10 6 11483
23 27 1 5 220
23 28 3 3 21
23 29 6 4 308
23 30 3 6 5165
23 31 10 4 814
23 32 2 3 37
23 33 6 3 78
23 34 2 6 5558
23 35 2 5 391
23 36 10 4 659
23 37 5 1 8
23 38 6 7 35588
23 39 7 7 93692
23 40 4 8 1188288
23 41 9 4 529
23 42 10 6 8461
23 43 2 7 18959
23 44 4 5 693
23 45 3 6 11917
23 46 3 4 246
23 47 1 5 511
23 48 7 4 580
23 49 8 3 109
23 50 8 7 74015
23 51 8 4 525
23 52 5 3 79
23 53 1 4 75
23 54 3 8 144185
23 55 2 7 73343
23 56 4 5 569
23 57 5 4 174
23 58 7 4 244
23 59 8 4 307
23 60 8 5 5069
23 61 6 5 983
23 62 2 5 257
23 63 8 5 4975
24 0 4 6 5662
24 1 9 1 8
24 2 3 6 12126
24 3 10 4 222
24 4 10 3 56
24 5 4 6 3394
24 6 5 5 639
24 7 7 4 704
24 8 10 5 4535
24 9 8 5 5027
24 10 9 5 1062
24 11 2 3 19
24 12 6 5 2767
24 13 6 5 1958
24 14 2 5 227
24 15 4 5 814
24 16 9 5 5232
24 17 10 2 52
24 18 4 4 438
24 19 1 6 3641
24 20 5 5 2631
24 21 7 7 88179
24 22 4 3 33
24 23 4 3 30
24 24 6 7 60641
24 25 3 5 1087
24 26 10 5 2681
24 27 6 4 222
24 28 1 6 1978
24 29 3 5 493
24 30 4 5 1325
24 31 4 5 2457
24 32 1 5 466
24 33 2 6 5592
24 34 1 5 237
24 35 6 6 6676
24 36 5 4 127
24 37 9 7 275148
24 38 3 5 994
24 39 8 4 788
24 40 6 6 7853
24 41 1 4 23
24 42 9 5 2242
24 43 9 3 111
24 44 6 4 296
24 45 6 8 339386
24 46 10 4 778
24 47 3 5 809
24 48 3 6 5960
24 49 10 7 62698
24 50 9 6 9237
24 51 6 3 121
24 52 3 7 16690
24 53 1 6 854
24 54 3 7 14849
24 55 10 4 873
24 56 8 4 497
24 57 4 7 57699
24 58 4 5 1030
24 59 3 5 692
24 60 7 4 333
24 61 4 4 385
24 62 10 4 956
24 63 7 4 304
25 0 2 4 93
25 1 8 5 1435
25 2 7 5 905
25 3 3 4 146
25 4 4 6 7167
25 5 5 4 370
25 6 4 3 26
25 7 7 5 3709
25 8 5 4 294
25 9 10 2 45
25 10 1 6 3885
25 11 1 5 317
25 12 7 6 23725
25 13 10 3 59
25 14 4 2 13
25 15 10 5 4899
25 16 1 4 42
25 17 2 7 18683
25 18 6 3 80
25 19 6 3 116
25 20 1 7 16732
25 21 2 5 627
25 22 7 4 591
25 23 2 5 1341
25 24 5 7 31139
25 25 4 8 203631
25 26 9 3 125
25 27 1 5 181
25 28 6 4 608
25 29 4 6 4196
25 30 2 5 814
25 31 2 9 2895065
25 32 9 5 2386
25 33 4 3 23
25 34 3 3 43
25 35 3 4 179
25 36 4 3 32
25 37 3 3 23
25 38 7 5 3685
25 39 4 6 12949
25 40 10 5 4965
25 41 2 4 183
25 42 7 3 57
25 43 1 7 25838
25 44 4 6 2970
25 45 5 5 1037
25 46 1 4 33
25 47 6 6 13403
25 48 5 3 70
25 49 1 5 368
25 50 10 4 313
25 51 4 5 1989
25 52 8 4 898
25 53 8 3 56
25 54 1 5 257
25 55 4 5 1431
25 56 10 4 792
25 57 1 6 739
25 58 10 5 5983
25 59 6 3 107
25 60 9 7 55186
25 61 5 4 210
25 62 5 4 377
25 63 10 6 28688
26 0 6 5 882
26 1 10 7 208472
26 2 3 3 40
26 3 2 3 14
26 4 7 6 8442
26 5 2 6 1640
26 6 4 4 167
26 7 3 5 489
26 8 10 3 64
26 9 10 4 282
26 10 5 3 99
26 11 5 4 265
26 12 1 8 55587
26 13 2 6 8252
26 14 10 4 253
26 15 10 5 5552
26 16 2 6 3329
26 17 1 7 9886
26 18 6 3 92
26 19 1 4 82
26 20 4 5 2003
26 21 10 6 31930
26 22 9 7 95987
26 23 8 5 3090
26 24 6 4 200
26 25 2 5 753
26 26 8 5 4765
26 27 5 4 398
26 28 1 8 314504
26 29 10 2 31
26 30 10 3 192
26 31 5 5 590
26 32 1 7 29148
26 33 10 5 1528
26 34 9 4 443
26 35 8 3 94
26 36 9 6 10889
26 37 6 5 1172
26 38 7 3 131
26 39 2 5 490
26 40 5 3 65
26 41 9 4 248
26 42 9 2 46
26 43 4 7 36548
26 44 1 6 731
26 45 5 4 137
26 46 10 5 1628
26 47 9 3 105
26 48 10 5 3331
26 49 7 3 57
26 50 9 7 75916
26 51 2 5 810
26 52 9 4 642
26 53 10 6 15945
26 54 4 5 1703
26 55 7 6 17559
26 56 6 3 114
26 57 4 6 3578
26 58 1 7 13017
26 59 5 5 851
26 60 3 5 997
26 61 5 5 2356
26 62 1 6 829
26 63 7 5 3771
27 0 3 3 64
27 1 8 3 149
27 2 10 5 6523
27 3 3 8 194059
27 4 1 5 447
27 5 4 3 63
27 6 4 6 3366
27 7 7 6 7531
27 8 5 5 810
27 9 7 5 3666
27 10 5 3 36
27 11 10 3 134
27 12 4 4 173
27 13 10 6 17586
27 14 3 5 743
27 15 9 4 205
27 16 9 4 689
27 17 2 5 991
27 18 9 5 2919
27 19 9 4 420
27 20 8 4 706
27 21 10 3 106
27 22 2 5 843
27 23 1 5 527
27 24 5 5 814
27 25 6 4 309
27 26 5 5 1996
27 27 6 4 634
27 28 4 5 2210
27 29 7 4 392
27 30 4 5 805
27 31 10 5 1376
27 32 8 6 6705
27 33 7 6 18793
27 34 2 7 11494
27 35 9 3 149
27 36 7 3 135
27 37 5 7 114484
27 38 2 6 3844
27 39 8 4 183
27 40 7 4 523
27 41 6 4 190
27 42 7 3 49
27 43 4 5 1676
27 44 4 5 1771
27 45 1 6 1072
27 46 4 3 25
27 47 10 4 531
27 48 2 5 772
27 49 1 6 3144
27 50 6 4 547
27 51 1 6 809
27 52 1 7 17496
27 53 3 6 3285
27 54 10 5 1966
27 55 7 4 273
27 56 2 5 346
27 57 5 5 1162
27 58 8 4 180
27 59 3 4 105
27 60 10 4 259
27 61 2 5 397
27 62 6 5 2967
27 63 2 7 59389
28 0 8 2 34
28 1 7 3 41
28 2 3 5 915
28 3 8 3 86
28 4 5 6 3483
28 5 8 4 551
28 6 8 4 218
28 7 5 5 2642
28 8 8 6 6703
28 9 3 6 2918
28 10 4 6 13987
28 11 6 3 106
28 12 4 7 37498
28 13 1 7 9277
28 14 5 3 38
28 15 7 4 171
28 16 1 5 424
28 17 4 3 36
28 18 4 4 169
28 19 5 5 1067
28 20 3 5 643
28 21 2 6 7582
28 22 4 6 4328
28 23 8 5 1360
28 24 8 3 134
28 25 8 5 1776
28 26 9 5 1587
28 27 4 5 530
28 28 10 5 2157
28 29 1 6 3704
28 30 2 5 604
28 31 10 3 62
28 32 4 4 356
28 33 3 7 16894
28 34 5 4 292
28 35 5 2 14
28 36 6 4 283
28 37 4 3 57
28 38 9 7 54848
28 39 10 3 107
28 40 3 5 428
28 41 1 8 162781
28 42 3 4 129
28 43 2 3 42
28 44 1 4 101
28 45 10 4 516
28 46 4 3 31
28 47 8 5 1889
28 48 10 6 11880
28 49 2 3 21
28 50 2 4 214
28 51 4 4 353
28 52 1 6 1628
28 53 8 2 21
28 54 8 5 4807
28 55 5 1 8
28 56 4 6 7154
28 57 10 4 468
28 58 7 2 18
28 59 5 5 2766
28 60 2 4 129
28 61 5 3 44
28 62 1 4 112
28 63 3 8 245646
29 0 7 4 523
29 1 4 5 529
29 2 10 6 23584
29 3 9 4 595
29 4 8 6 8769
29 5 8 4 357
29 6 5 7 147284
29 7 4 4 109
29 8 10 3 107
29 9 8 6 19327
29 10 9 2 36
29 11 3 4 187
29 12 8 4 207
29 13 1 5 636
29 14 4 5 691
29 15 8 5 3585
29 16 7 4 578
29 17 1 6 3875
29 18 7 4 280
29 19 3 6 3518
29 20 6 3 130
29 21 1 5 314
29 22 3 6 3667
29 23 6 6 4258
29 24 4 6 6644
29 25 4 6 3521
29 26 8 4 324
29 27 3 6 11318
29 28 3 3 45
29 29 4 5 490
29 30 5 4 118
29 31 10 6 31065
29 32 4 6 3380
29 33 5 4 392
29 34 7 5 1937
29 35 1 7 7467
29 36 6 5 869
29 37 4 3 54
29 38 8 5 3621
29 39 7 3 39
29 40 2 7 20031
29 41 5 4 308
29 42 6 4 634
29 43 8 3 116
29 44 7 5 1293
29 45 8 6 14546
29 46 5 4 217
29 47 2 8 115905
29 48 4 6 17933
29 49 6 5 1652
29 50 7 4 167
29 51 9 5 2173
29 52 7 4 562
29 53 10 5 3511
29 54 2 5 759
29 55 5 8 252731
29 56 4 4 139
29 57 4 6 5957
29 58 6 5 950
29 59 10 6 13890
29 60 4 5 832
29 61 6 6 14473
29 62 7 3 43
29 63 2 6 1833
30 0 2 4 177
30 1 4 9 13356045
30 2 6 6 10032
30 3 2 5 549
30 4 5 3 93
30 5 2 5 445
30 6 6 7 126091
30 7 8 2 37
30 8 10 2 44
30 9 3 5 595
30 10 7 4 242
30 11 8 3 125
30 12 8 5 1791
30 13 4 5 509
30 14 3 6 4436
30 15 4 5 704
30 16 6 4 221
30 17 10 5 3928
30 18 4 5 1220
30 19 10 6 18321
30 20 4 4 121
30 21 4 4 410
30 22 10 6 7828
30 23 3 3 35
30 24 5 4 413
30 25 9 2 20
30 26 7 4 366
30 27 5 3 90
30 28 6 8 989190
30 29 8 3 174
30 30 9 6 17075
30 31 3 4 320
30 32 5 7 55149
30 33 7 6 14624
30 34 10 5 1413
30 35 10 4 413
30 36 5 7 122508
30 37 6 5 904
30 38 6 4 357
30 39 9 4 288
30 40 6 5 879
30 41 7 3 82
30 42 7 3 67
30 43 8 5 2439
30 44 9 3 76
30 45 6 5 1996
30 46 6 6 18232
30 47 4 4 412
30 48 2 7 13204
30 49 7 4 239
30 50 10 5 3472
30 51 6 4 640
30 52 8 4 236
30 53 2 7 63245
30 54 3 2 14
30 55 9 2 32
30 56 10 3 123
30 57 7 6 20148
30 58 2 5 981
30 59 4 4 202
30 60 4 4 137
30 61 1 6 959
30 62 1 6 1686
30 63 3 5 1578
31 0 7 3 53
31 1 7 5 4581
31 2 2 6 1712
31 3 10 6 12834
31 4 4 5 2389
31 5 5 3 57
31 6 2 4 78
31 7 1 8 147073
31 8 4 5 510
31 9 3 4 138
31 10 6 6 27828
31 11 7 6 4971
31 12 4 6 4180
31 13 10 7 85990
31 14 9 1 4
31 15 7 4 310
31 16 3 5 1878
31 17 7 3 39
31 18 8 4 270
31 19 1 5 425
31 20 7 3 59
31 21 3 5 914
31 22 6 4 231
31 23 7 6 16646
31 24 1 4 53
31 25 5 5 659
31 26 4 5 931
31 27 2 7 74501
31 28 9 5 1757
31 29 5 4 148
31 30 2 4 205
31 31 1 8 63850
31 32 2 5 1309
31 33 10 8 1769275
31 34 5 3 96
31 35 6 6 28352
31 36 2 6 3553
31 37 3 4 202
31 38 10 4 1008
31 39 6 4 198
31 40 9 5 1796
31 41 9 2 24
31 42 8 1 12
31 43 6 4 343
31 44 4 5 1474
31 45 9 6 7692
31 46 7 4 218
31 47 9 3 95
31 48 4 5 465
31 49 9 4 619
31 50 4 3 52
31 51 3 4 289
31 52 2 4 104
31 53 10 4 745
31 54 6 7 61442
31 55 5 5 1032
31 56 2 3 11
31 57 10 6 10058
31 58 7 7 62751
31 59 1 6 2593
31 60 9 3 101
31 61 10 4 394
31 62 10 5 2651
31 63 10 5 4367
32 0 7 3 153
32 1 5 4 154
32 2 1 6 702
32 3 4 4 283
32 4 10 6 7257
32 5 9 3 94
32 6 9 5 2183
32 7 7 6 7117
32 8 8 3 120
32 9 2 6 1445
32 10 4 6 5411
32 11 2 5 1149
32 12 8 4 306
32 13 6 6 16780
32 14 1 5 294
32 15 3 4 163
32 16 1 4 34
32 17 9 4 335
32 18 5 4 372
32 19 8 6 13301
32 20 9 3 82
32 21 5 5 2162
32 22 1 4 88
32 23 3 5 952
32 24 7 6 10264
32 25 6 2 22
32 26 3 3 20
32 27 4 5 2712
32 28 7 5 2018
32 29 7 5 1167
32 30 5 5 1325
32 31 7 5 3508
32 32 1 4 59
32 33 5 3 72
32 34 3 2 13
32 35 6 5 3001
32 36 8 4 231
32 37 5 4 414
32 38 4 4 118
32 39 7 3 114
32 40 6 4 177
32 41 4 6 4528
32 42 1 5 120
32 43 9 2 35
32 44 2 5 649
32 45 3 5 763
32 46 6 3 56
32 47 10 4 225
32 48 7 8 414155
32 49 7 5 1874
32 50 5 5 858
32 51 3 5 1580
32 52 7 4 218
32 53 3 5 1218
32 54 5 4 185
32 55 5 4 512
32 56 10 2 32
32 57 3 3 27
32 58 2 8 351050
32 59 7 5 1500
32 60 3 6 10021
32 61 9 4 348
32 62 5 4 262
32 63 5 3 89
33 0 2 6 1495
33 1 6 3 74
33 2 8 9 3290095
33 3 5 3 86
33 4 7 3 54
33 5 10 6 27183
33 6 6 6 19119
33 7 7 5 3918
33 8 6 6 17899
33 9 9 6 9181
33 10 8 2 32
33 11 6 3 72
33 12 7 4 352
33 13 9 6 6737
33 14 6 5 1497
33 15 10 4 745
33 16 10 3 58
33 17 9 2 24
33 18 5 5 3437
33 19 2 6 8772
33 20 1 7 7323
33 21 6 5 2565
33 22 10 5 4311
33 23 8 4 888
33 24 6 5 839
33 25 6 2 22
33 26 3 6 13989
33 27 8 3 66
33 28 5 5 2009
33 29 3 4 162
33 30 5 6 22234
33 31 6 6 14430
33 32 9 4 258
33 33 2 5 828
33 34 6 5 849
33 35 6 5 2831
33 36 7 4 330
33 37 5 5 2912
33 38 3 7 15050
33 39 6 6 4821
33 40 6 7 100535
33 41 7 2 37
33 42 5 3 74
33 43 3 6 2675
33 44 3 6 9557
33 45 7 4 264
33 46 7 3 82
33 47 1 5 337
33 48 3 7 43893
33 49 5 2 24
33 50 9 4 520
33 51 1 7 32719
33 52 1 5 355
33 53 4 5 1001
33 54 2 6 2286
33 55 5 4 507
33 56 3 7 46484
33 57 5 6 8882
33 58 3 3 17
33 59 8 5 2322
33 60 7 4 467
33 61 7 5 1270
33 62 3 5 489
33 63 7 8 385930
34 0 3 6 6109
34 1 5 4 435
34 2 4 5 2349
34 3 5 3 65
34 4 1 6 866
34 5 4 5 593
34 6 2 5 620
34 7 7 4 157
34 8 3 5 1427
34 9 10 3 65
34 10 5 7 34184
34 11 7 3 103
34 12 10 4 1055
34 13 8 4 488
34 14 4 6 8193
34 15 9 4 435
34 16 6 3 111
34 17 6 5 2321
34 18 2 6 4272
34 19 9 5 6068
34 20 1 5 675
34 21 8 3 62
34 22 5 3 33
34 23 8 5 1181
34 24 1 6 4788
34 25 6 5 2853
34 26 8 7 79114
34 27 8 5 1379
34 28 4 2 16
34 29 8 4 178
34 30 10 2 35
34 31 10 2 19
34 32 7 4 595
34 33 6 4 154
34 34 3 5 642
34 35 5 6 7009
34 36 1 5 153
34 37 7 5 2765
34 38 6 8 279186
34 39 6 5 2141
34 40 6 5 727
34 41 1 8 40777
34 42 2 5 246
34 43 1 6 847
34 44 10 5 1139
34 45 1 7 9260
34 46 1 5 660
34 47 8 3 114
34 48 3 5 496
34 49 9 7 62974
34 50 6 4 609
34 51 3 6 2801
34 52 3 5 1879
34 53 9 5 1086
34 54 6 2 28
34 55 5 5 567
34 56 2 6 1590
34 57 4 6 13423
34 58 7 6 19906
34 59 3 5 670
34 60 9 5 1269
34 61 10 6 8079
34 62 7 4 790
34 63 3 6 7026
35 0 9 5 2015
35 1 8 3 111
35 2 7 5 1916
35 3 5 4 430
35 4 5 5 1082
35 5 7 4 192
35 6 9 3 51
35 7 5 4 131
35 8 9 6 7095
35 9 3 5 988
35 10 10 5 1303
35 11 1 8 123134
35 12 9 4 644
35 13 10 6 20541
35 14 2 4 156
35 15 9 7 111582
35 16 6 6 19621
35 17 7 5 3901
35 18 1 6 3614
35 19 3 5 1721
35 20 1 5 575
35 21 4 6 11844
35 22 1 8 48732
35 23 8 4 794
35 24 5 4 291
35 25 7 6 9040
35 26 7 6 8036
35 27 7 3 59
35 28 5 4 255
35 29 10 5 3676
35 30 9 3 57
35 31 10 4 771
35 32 6 4 201
35 33 6 4 529
35 34 9 7 70662
35 35 10 4 361
35 36 3 5 357
35 37 7 4 168
35 38 1 6 1474
35 39 2 4 184
35 40 5 4 363
35 41 5 4 512
35 42 4 3 75
35 43 4 5 541
35 44 9 5 1383
35 45 6 4 223
35 46 4 5 1206
35 47 9 3 56
35 48 1 5 365
35 49 9 4 332
35 50 9 3 84
35 51 7 6 8326
35 52 3 4 117
35 53 6 4 236
35 54 4 4 138
35 55 6 3 121
35 56 5 5 2021
35 57 8 5 2680
35 58 6 1 4
35 59 1 7 35260
35 60 4 7 34896
35 61 1 4 95
35 62 6 4 595
35 63 2 5 552
36 0 4 3 88
36 1 9 6 26000
36 2 7 5 2012
36 3 2 7 15071
36 4 2 5 232
36 5 1 6 2257
36 6 10 3 105
36 7 9 5 2430
36 8 3 3 36
36 9 10 4 766
36 10 10 5 3388
36 11 3 4 279
36 12 8 3 74
36 13 9 4 308
36 14 4 4 389
36 15 7 4 360
36 16 2 4 55
36 17 8 5 4725
36 18 6 3 95
36 19 6 5 1389
36 20 10 4 271
36 21 2 6 3073
36 22 9 1 7
36 23 9 4 932
36 24 9 7 338689
36 25 7 5 858
36 26 6 5 3090
36 27 5 5 1657
36 28 5 5 3253
36 29 4 5 670
36 30 2 3 28
36 31 4 5 2171
36 32 5 6 10313
36 33 2 6 8777
36 34 8 4 675
36 35 1 4 24
36 36 2 6 1705
36 37 5 4 373
36 38 2 6 1980
36 39 10 4 461
36 40 6 4 153
36 41 6 7 165505
36 42 2 7 17132
36 43 4 7 91478
36 44 3 4 224
36 45 8 5 1340
36 46 2 6 5409
36 47 5 3 94
36 48 7 4 221
36 49 4 3 56
36 50 8 7 40950
36 51 2 5 761
36 52 4 4 231
36 53 1 6 4099
36 54 6 5 1647
36 55 4 2 18
36 56 4 5 2052
36 57 1 5 506
36 58 6 6 5620
36 59 4 4 265
36 60 7 3 58
36 61 1 5 634
36 62 7 5 1039
36 63 1 8 89071
37 0 4 6 3609
37 1 1 4 29
37 2 4 7 26205
37 3 5 6 4338
37 4 4 5 1230
37 5 4 5 2546
37 6 9 6 36843
37 7 7 6 13104
37 8 1 7 5746
37 9 5 2 26
37 10 1 6 1206
37 11 7 4 321
37 12 6 3 50
37 13 4 4 175
37 14 3 7 112052
37 15 9 5 1079
37 16 3 4 312
37 17 8 4 342
37 18 3 5 1881
37 19 7 2 26
37 20 10 5 5956
37 21 9 3 112
37 22 4 4 434
37 23 4 6 3780
37 24 2 6 9219
37 25 6 4 162
37 26 5 5 954
37 27 3 2 11
37 28 10 3 66
37 29 6 6 14047
37 30 9 5 1399
37 31 5 2 26
37 32 6 3 73
37 33 1 6 1841
37 34 2 6 6182
37 35 3 7 61839
37 36 9 4 507
37 37 7 6 19419
37 38 8 5 2665
37 39 7 3 63
37 40 4 4 228
37 41 9 3 177
37 42 6 6 4547
37 43 9 6 10996
37 44 6 6 21190
37 45 4 3 47
37 46 8 3 58
37 47 3 5 376
37 48 9 4 397
37 49 1 6 1695
37 50 4 5 914
37 51 8 5 5169
37 52 4 6 7748
37 53 3 5 373
37 54 10 5 3632
37 55 10 5 2717
37 56 7 4 271
37 57 6 5 967
37 58 5 4 357
37 59 4 6 3084
37 60 5 5 2038
37 61 4 6 3123
37 62 3 3 61
37 63 10 4 634
38 0 6 5 1875
38 1 4 7 27919
38 2 2 4 90
38 3 8 3 135
38 4 9 4 359
38 5 6 3 99
38 6 6 3 87
38 7 8 5 1131
38 8 7 5 1300
38 9 8 5 2466
38 10 10 4 301
38 11 8 3 174
38 12 4 5 1948
38 13 4 4 182
38 14 5 5 1153
38 15 2 4 62
38 16 6 7 37045
38 17 3 6 10892
38 18 7 3 121
38 19 5 2 13
38 20 4 8 201519
38 21 4 4 177
38 22 1 9 1902612
38 23 4 4 114
38 24 10 2 26
38 25 7 1 12
38 26 1 6 2059
38 27 8 4 794
38 28 9 3 86
38 29 9 3 109
38 30 6 4 645
38 31 6 4 534
38 32 2 5 662
38 33 8 4 202
38 34 2 6 5431
38 35 10 5 5701
38 36 5 4 466
38 37 4 3 57
38 38 8 5 3140
38 39 1 7 10061
38 40 8 6 13450
38 41 6 3 57
38 42 9 5 3397
38 43 8 5 2859
38 44 8 3 174
38 45 7 5 2058
38 46 9 4 480
38 47 3 6 9052
38 48 1 8 263595
38 49 3 6 2366
38 50 9 5 1204
38 51 5 2 23
38 52 7 6 8395
38 53 3 7 34876
38 54 6 5 869
38 55 7 3 44
38 56 7 5 1345
38 57 10 5 2181
38 58 4 7 26871
38 59 6 5 3388
38 60 3 4 91
38 61 1 5 541
38 62 3 5 905
38 63 6 5 822
39 0 2 4 225
39 1 7 6 6979
39 2 4 5 1272
39 3 4 3 33
39 4 3 4 229
39 5 5 5 807
39 6 10 3 62
39 7 3 6 3198
39 8 2 4 100
39 9 1 6 2196
39 10 7 3 118
39 11 7 5 2005
39 12 8 3 63
39 13 9 3 53
39 14 2 7 17796
39 15 4 2 11
39 16 9 5 1074
39 17 9 2 19
39 18 2 5 606
39 19 10 3 85
39 20 8 5 2226
39 21 9 5 2317
39 22 7 4 262
39 23 1 5 185
39 24 4 3 34
39 25 5 5 1698
39 26 10 2 38
39 27 7 5 794
39 28 9 1 8
39 29 10 4 1003
39 30 2 3 33
39 31 7 3 141
39 32 2 5 618
39 33 7 5 2421
39 34 8 4 209
39 35 2 4 96
39 36 10 3 175
39 37 1 6 873
39 38 4 4 127
39 39 4 2 16
39 40 6 5 1132
39 41 8 3 49
39 42 5 5 2068
39 43 7 6 14724
39 44 4 5 1877
39 45 4 5 633
39 46 7 6 12513
39 47 9 4 535
39 48 9 3 50
39 49 8 3 119
39 50 9 4 232
39 51 7 6 21764
39 52 2 4 99
39 53 5 3 97
39 54 2 4 166
39 55 5 6 12391
39 56 6 5 1459
39 57 1 4 42
39 58 3 5 1477
39 59 5 6 5066
39 60 1 5 577
39 61 7 10 31814803
39 62 6 5 1612
39 63 2 4 83
40 0 1 5 650
40 1 3 4 68
40 2 5 3 30
40 3 6 1 6
40 4 5 6 3896
40 5 6 4 283
40 6 3 3 29
40 7 9 4 497
40 8 3 4 285
40 9 4 5 2347
40 10 8 2 40
40 11 9 5 1944
40 12 2 5 452
40 13 6 5 881
40 14 8 5 5149
40 15 3 5 346
40 16 7 2 20
40 17 1 6 791
40 18 2 4 113
40 19 3 2 10
40 20 10 3 55
40 21 7 4 378
40 22 6 7 138314
40 23 10 4 920
40 24 9 1 8
40 25 5 4 215
40 26 6 6 4256
40 27 5 5 1139
40 28 5 5 625
40 29 8 3 88
40 30 5 6 4438
40 31 3 3 54
40 32 4 4 251
40 33 7 5 1553
40 34 8 5 2599
40 35 7 5 4593
40 36 7 3 68
40 37 10 2 52
40 38 6 5 946
40 39 2 5 301
40 40 8 6 6323
40 41 3 3 19
40 42 4 3 23
40 43 3 5 655
40 44 10 3 128
40 45 5 2 23
40 46 9 5 2260
40 47 8 5 5119
40 48 2 5 383
40 49 9 4 209
40 50 8 5 1102
40 51 8 5 1869
40 52 5 5 782
40 53 5 6 6587
40 54 1 5 421
40 55 7 3 110
40 56 8 2 40
40 57 3 3 34
40 58 1 6 953
40 59 9 4 667
40 60 4 5 522
40 61 1 5 427
40 62 1 8 42197
40 63 3 3 51
41 0 8 5 1910
41 1 7 6 14612
41 2 5 4 531
41 3 3 4 274
41 4 1 6 1147
41 5 9 5 5675
41 6 2 5 484
41 7 9 3 158
41 8 2 6 9211
41 9 5 3 28
41 10 10 4 329
41 11 8 5 4121
41 12 1 4 28
41 13 4 4 113
41 14 6 6 10630
41 15 3 3 20
41 16 10 4 358
41 17 2 4 90
41 18 9 3 189
41 19 10 5 2992
41 20 2 5 345
41 21 1 4 82
41 22 9 3 149
41 23 6 4 482
41 24 3 3 63
41 25 5 4 477
41 26 10 5 2777
41 27 3 4 138
41 28 5 2 18
41 29 5 3 65
41 30 5 4 223
41 31 5 1 7
41 32 8 3 159
41 33 8 5 1706
41 34 4 4 272
41 35 8 4 553
41 36 5 6 15464
41 37 8 5 1524
41 38 7 4 210
41 39 8 2 39
41 40 3 4 74
41 41 2 6 9027
41 42 5 5 1772
41 43 4 6 3857
41 44 5 2 9
41 45 7 5 1370
41 46 5 5 1797
41 47 4 5 462
41 48 10 7 115774
41 49 1 5 194
41 50 8 4 629
41 51 8 5 1206
41 52 2 5 808
41 53 10 5 5113
41 54 7 4 584
41 55 7 5 2840
41 56 4 3 57
41 57 10 7 72360
41 58 3 5 992
41 59 8 5 1078
41 60 10 6 18738
41 61 4 4 205
41 62 9 1 13
41 63 9 3 68
42 0 4 4 190
42 1 1 6 1660
42 2 5 8 416180
42 3 7 6 6832
42 4 1 4 48
42 5 2 3 19
42 6 1 6 1405
42 7 7 2 26
42 8 1 5 613
42 9 4 6 18637
42 10 5 6 13973
42 11 3 3 18
42 12 6 5 763
42 13 7 3 118
42 14 4 6 8868
42 15 3 6 11252
42 16 1 5 281
42 17 6 2 29
42 18 10 3 129
42 19 8 4 244
42 20 7 4 164
42 21 6 3 56
42 22 6 5 794
42 23 4 5 712
42 24 7 3 44
42 25 3 4 145
42 26 8 4 448
42 27 7 3 134
42 28 4 3 86
42 29 5 4 117
42 30 5 5 1902
42 31 7 6 5659
42 32 2 7 14700
42 33 4 5 2339
42 34 5 6 3604
42 35 7 5 1522
42 36 3 8 133141
42 37 1 4 104
42 38 10 5 2173
42 39 1 5 562
42 40 1 7 28670
42 41 8 5 911
42 42 10 6 7697
42 43 1 6 960
42 44 3 5 731
42 45 7 3 51
42 46 9 2 44
42 47 8 4 311
42 48 1 5 660
42 49 6 4 434
42 50 7 5 1623
42 51 8 4 271
42 52 10 4 592
42 53 4 3 48
42 54 1 8 46904
42 55 10 7 115523
42 56 3 7 116455
42 57 8 5 3881
42 58 5 5 1086
42 59 8 2 39
42 60 9 2 17
42 61 3 5 1735
42 62 2 5 326
42 63 3 3 56
43 0 10 2 37
43 1 8 4 372
43 2 4 3 43
43 3 3 5 707
43 4 3 4 93
43 5 6 6 6572
43 6 1 5 120
43 7 5 4 307
43 8 2 5 607
43 9 10 2 44
43 10 8 3 80
43 11 7 6 6524
43 12 8 5 1101
43 13 6 4 347
43 14 6 3 53
43 15 2 7 36274
43 16 5 5 2437
43 17 7 4 487
43 18 7 4 156
43 19 8 7 200899
43 20 6 3 123
43 21 4 5 2476
43 22 8 4 858
43 23 4 5 2088
43 24 1 5 459
43 25 5 7 82280
43 26 9 2 32
43 27 8 4 265
43 28 5 2 19
43 29 4 6 10825
43 30 7 6 7269
43 31 7 4 292
43 32 10 6 24010
43 33 9 4 233
43 34 3 6 4314
43 35 6 6 6774
43 36 6 4 323
43 37 8 3 53
43 38 5 6 3644
43 39 1 4 87
43 40 2 7 58670
43 41 10 5 4433
43 42 5 2 25
43 43 5 5 2866
43 44 6 7 35326
43 45 1 6 1649
43 46 10 3 95
43 47 6 5 1131
43 48 6 8 341560
43 49 9 2 30
43 50 10 3 181
43 51 7 4 310
43 52 7 6 21836
43 53 2 7 50076
43 54 10 3 72
43 55 9 5 1541
43 56 6 5 1252
43 57 3 5 399
43 58 4 5 778
43 59 6 5 3688
43 60 9 4 493
43 61 3 5 881
43 62 8 4 607
43 63 2 4 181
44 0 5 5 1092
44 1 4 3 46
44 2 2 7 25846
44 3 1 6 1996
44 4 1 6 4178
44 5 7 4 382
44 6 8 4 588
44 7 5 3 91
44 8 5 6 9672
44 9 3 6 2825
44 10 6 5 1581
44 11 10 4 464
44 12 1 4 71
44 13 4 4 344
44 14 4 4 231
44 15 3 6 4372
44 16 6 5 1075
44 17 2 4 182
44 18 5 1 5
44 19 3 6 7523
44 20 10 2 32
44 21 10 4 632
44 22 1 4 91
44 23 7 6 29156
44 24 5 6 13952
44 25 9 5 2264
44 26 9 5 1230
44 27 2 6 1556
44 28 9 5 1147
44 29 10 4 488
44 30 2 5 544
44 31 10 4 391
44 32 10 6 23519
44 33 3 4 305
44 34 9 5 4517
44 35 8 4 776
44 36 5 6 7507
44 37 3 6 5560
44 38 7 6 11121
44 39 5 4 122
44 40 3 6 2470
44 41 3 5 521
44 42 4 7 31875
44 43 8 6 27934
44 44 6 7 74502
44 45 6 4 307
44 46 5 5 870
44 47 8 5 1569
44 48 2 7 14129
44 49 8 4 514
44 50 8 6 22463
44 51 4 3 47
44 52 10 6 10620
44 53 4 4 112
44 54 8 4 788
44 55 4 5 2037
44 56 4 3 78
44 57 6 5 1801
44 58 1 9 776723
44 59 4 4 320
44 60 1 6 807
44 61 2 6 3881
44 62 2 4 59
44 63 7 5 1408
45 0 4 5 1139
45 1 6 3 48
45 2 5 5 1010
45 3 2 4 202
45 4 1 5 203
45 5 2 6 1410
45 6 4 8 249779
45 7 1 5 666
45 8 1 7 37371
45 9 7 4 179
45 10 4 5 2729
45 11 9 6 27313
45 12 9 8 890953
45 13 8 2 41
45 14 7 3 125
45 15 8 5 1516
45 16 10 3 111
45 17 8 2 15
45 18 3 7 19478
45 19 1 10 6701454
45 20 1 4 107
45 21 8 2 38
45 22 4 4 134
45 23 9 8 497500
45 24 3 5 2035
45 25 1 4 43
45 26 7 4 693
45 27 4 5 988
45 28 1 5 128
45 29 9 4 227
45 30 3 6 4289
45 31 9 5 1303
45 32 2 4 192
45 33 2 5 489
45 34 2 4 98
45 35 2 5 785
45 36 7 7 52365
45 37 6 5 1288
45 38 10 4 708
45 39 1 7 32269
45 40 7 3 104
45 41 8 4 253
45 42 6 4 458
45 43 7 6 24704
45 44 8 3 87
45 45 9 5 2351
45 46 7 3 96
45 47 2 8 263342
45 48 4 5 504
45 49 3 5 864
45 50 1 4 36
45 51 5 7 36883
45 52 3 3 16
45 53 6 4 321
45 54 8 3 59
45 55 4 5 1650
45 56 8 5 3042
45 57 8 4 567
45 58 10 5 1445
45 59 10 4 1047
45 60 4 4 444
45 61 8 4 544
45 62 9 3 62
45 63 1 6 1140
46 0 2 7 30988
46 1 5 4 401
46 2 7 4 206
46 3 7 5 1771
46 4 2 4 78
46 5 9 3 76
46 6 4 4 92
46 7 2 6 5700
46 8 5 4 446
46 9 7 6 8410
46 10 4 5 816
46 11 5 3 31
46 12 2 5 819
46 13 10 3 194
46 14 5 4 195
46 15 5 6 5542
46 16 3 5 541
46 17 4 4 346
46 18 3 4 131
46 19 5 3 56
46 20 4 6 5588
46 21 6 5 1547
46 22 4 5 580
46 23 4 4 227
46 24 8 3 90
46 25 4 3 82
46 26 9 5 5040
46 27 1 5 434
46 28 8 6 14248
46 29 5 5 2565
46 30 4 3 60
46 31 10 5 1438
46 32 4 3 60
46 33 4 7 121139
46 34 2 6 3232
46 35 3 4 97
46 36 10 4 515
46 37 6 5 2163
46 38 2 8 639040
46 39 3 4 121
46 40 4 6 3693
46 41 5 6 9074
46 42 1 4 55
46 43 3 3 51
46 44 9 7 57147
46 45 2 5 1003
46 46 3 6 12552
46 47 3 3 54
46 48 7 4 278
46 49 7 6 11336
46 50 5 7 179834
46 51 6 4 137
46 52 5 4 209
46 53 1 5 170
46 54 6 6 7085
46 55 10 2 36
46 56 6 7 65571
46 57 7 5 2376
46 58 2 4 115
46 59 5 6 6680
46 60 9 5 1024
46 61 1 5 643
46 62 10 3 212
46 63 8 3 59
47 0 4 4 343
47 1 2 6 3282
47 2 3 6 9959
47 3 1 6 3795
47 4 8 3 165
47 5 6 2 16
47 6 6 3 99
47 7 1 4 105
47 8 3 5 1890
47 9 4 9 9135941
47 10 4 5 719
47 11 5 7 33610
47 12 6 3 104
47 13 5 5 2192
47 14 5 4 207
47 15 8 3 56
47 16 8 5 1408
47 17 1 5 477
47 18 2 8 97008
47 19 7 4 510
47 20 3 5 700
47 21 1 6 2169
47 22 3 5 831
47 23 9 3 158
47 24 6 5 2890
47 25 9 2 31
47 26 9 4 278
47 27 5 6 5119
47 28 3 6 3699
47 29 6 7 37777
47 30 2 6 3449
47 31 5 5 1004
47 32 7 5 1448
47 33 10 4 740
47 34 1 4 100
47 35 2 5 413
47 36 4 5 1950
47 37 5 6 22220
47 38 6 4 150
47 39 8 4 327
47 40 3 4 141
47 41 6 7 108739
47 42 6 4 524
47 43 9 4 745
47 44 1 6 1057
47 45 8 4 575
47 46 8 6 21255
47 47 1 4 66
47 48 10 6 12770
47 49 1 6 865
47 50 5 7 80174
47 51 1 5 632
47 52 3 5 729
47 53 8 3 146
47 54 9 3 189
47 55 5 4 138
47 56 4 5 2527
47 57 5 4 275
47 58 6 5 1556
47 59 2 4 80
47 60 9 3 162
47 61 10 5 2190
47 62 7 5 1169
47 63 7 5 937
48 0 3 6 5219
48 1 1 6 4138
48 2 1 5 133
48 3 4 5 1031
48 4 3 5 1385
48 5 1 3 10
48 6 5 6 11625
48 7 6 7 153875
48 8 3 7 15196
48 9 8 4 455
48 10 2 3 34
48 11 10 3 108
48 12 5 4 216
48 13 10 4 334
48 14 7 5 4001
48 15 2 9 1548193
48 16 8 2 30
48 17 2 7 27885
48 18 9 3 152
48 19 4 7 67709
48 20 6 4 349
48 21 5 8 1305056
48 22 10 3 189
48 23 3 4 262
48 24 9 5 2883
48 25 7 6 22411
48 26 7 6 5073
48 27 3 4 160
48 28 4 7 26270
48 29 7 4 240
48 30 5 6 10387
48 31 6 5 3316
48 32 3 5 852
48 33 8 5 1977
48 34 3 4 138
48 35 9 5 5318
48 36 6 3 106
48 37 2 4 196
48 38 6 5 2253
48 39 4 5 1533
48 40 5 6 4869
48 41 2 5 285
48 42 5 4 383
48 43 10 4 516
48 44 10 5 2871
48 45 8 3 135
48 46 8 6 6493
48 47 10 5 2990
48 48 4 4 297
48 49 2 5 575
48 50 6 5 1427
48 51 4 6 17996
48 52 6 6 21727
48 53 8 4 288
48 54 7 5 978
48 55 2 6 2176
48 56 6 6 8337
48 57 8 3 64
48 58 2 6 8476
48 59 5 2 16
48 60 8 4 873
48 61 10 5 1182
48 62 4 4 108
48 63 9 4 326
49 0 9 4 744
49 1 4 4 98
49 2 5 6 11330
49 3 3 5 1829
49 4 9 3 157
49 5 8 5 3768
49 6 5 6 4110
49 7 10 4 328
49 8 10 4 707
49 9 5 3 80
49 10 1 4 99
49 11 2 4 84
49 12 4 5 2623
49 13 5 6 5367
49 14 6 4 529
49 15 3 6 3365
49 16 6 7 45953
49 17 8 6 22804
49 18 2 4 58
49 19 8 5 1128
49 20 1 6 1931
49 21 6 5 1304
49 22 10 3 82
49 23 6 2 17
49 24 4 4 300
49 25 6 5 908
49 26 7 4 266
49 27 2 4 72
49 28 5 2 13
49 29 9 5 1843
49 30 7 5 1599
49 31 1 4 25
49 32 8 6 7087
49 33 2 4 145
49 34 1 5 445
49 35 4 3 84
49 36 2 6 2084
49 37 1 3 13
49 38 2 5 1153
49 39 1 8 166652
49 40 10 4 226
49 41 4 5 545
49 42 1 5 342
49 43 10 4 546
49 44 5 4 210
49 45 9 5 1049
49 46 8 3 70
49 47 1 3 12
49 48 2 5 391
49 49 9 4 315
49 50 3 4 314
49 51 10 5 1279
49 52 6 4 305
49 53 2 6 2266
49 54 2 4 47
49 55 4 6 16741
49 56 2 5 271
49 57 2 5 982
49 58 7 4 263
49 59 1 6 2427
49 60 2 7 10635
49 61 7 3 115
49 62 1 7 5668
49 63 8 5 1641
50 0 4 8 416878
50 1 2 5 946
50 2 9 5 2291
50 3 8 4 539
50 4 7 5 3577
50 5 6 3 91
50 6 3 8 174650
50 7 8 3 48
50 8 1 7 25157
50 9 7 4 296
50 10 8 6 29455
50 11 1 6 4645
50 12 10 4 1009
50 13 7 4 386
50 14 2 5 736
50 15 8 5 1883
50 16 2 7 13597
50 17 8 2 15
50 18 4 6 3087
50 19 10 2 28
50 20 7 3 44
50 21 1 6 990
50 22 7 3 106
50 23 9 5 1153
50 24 4 5 553
50 25 5 5 730
50 26 10 4 1081
50 27 5 4 300
50 28 3 6 3198
50 29 3 6 3606
50 30 2 5 629
50 31 4 4 191
50 32 9 3 59
50 33 3 5 562
50 34 7 5 1979
50 35 10 6 18504
50 36 6 4 379
50 37 1 8 194487
50 38 9 3 101
50 39 3 7 29094
50 40 3 7 28642
50 41 7 7 164698
50 42 4 5 737
50 43 4 8 319001
50 44 5 3 36
50 45 2 5 582
50 46 10 3 87
50 47 2 5 564
50 48 6 4 290
50 49 4 5 915
50 50 7 7 94521
50 51 5 6 5483
50 52 6 4 255
50 53 4 5 654
50 54 8 7 52330
50 55 3 5 723
50 56 9 4 533
50 57 6 4 321
50 58 5 5 987
50 59 2 4 115
50 60 10 8 1008704
50 61 6 4 598
50 62 2 6 4539
50 63 6 3 81
51 0 4 4 138
51 1 2 7 38153
51 2 1 6 1336
51 3 9 5 1161
51 4 9 3 95
51 5 3 2 10
51 6 8 1 10
51 7 9 4 543
51 8 7 3 53
51 9 7 5 986
51 10 7 3 39
51 11 4 5 617
51 12 3 4 163
51 13 5 5 931
51 14 9 5 4719
51 15 10 3 90
51 16 2 4 155
51 17 1 5 160
51 18 2 8 148517
51 19 3 4 258
51 20 4 4 218
51 21 4 6 3804
51 22 6 6 8388
51 23 5 4 216
51 24 8 6 6834
51 25 6 4 201
51 26 10 5 1858
51 27 1 7 5352
51 28 8 4 316
51 29 9 2 36
51 30 7 4 216
51 31 2 5 321
51 32 1 5 178
51 33 4 6 3342
51 34 5 4 359
51 35 1 6 720
51 36 1 6 3075
51 37 2 6 3100
51 38 3 7 46921
51 39 9 5 1112
51 40 7 5 1808
51 41 9 6 9746
51 42 4 5 2673
51 43 2 2 5
51 44 6 2 23
51 45 10 5 4432
51 46 4 3 35
51 47 10 6 15315
51 48 4 4 128
51 49 9 4 970
51 50 6 5 2459
51 51 7 5 1483
51 52 4 5 2191
51 53 1 6 3046
51 54 5 5 752
51 55 10 7 118169
51 56 8 4 315
51 57 10 5 6879
51 58 4 5 1751
51 59 6 6 13685
51 60 4 5 692
51 61 6 4 391
51 62 10 4 997
51 63 8 5 2559
52 0 7 1 10
52 1 5 5 760
52 2 6 4 227
52 3 10 5 1202
52 4 7 7 57450
52 5 3 3 65
52 6 5 6 5645
52 7 3 5 1667
52 8 8 4 194
52 9 10 5 2344
52 10 1 7 6621
52 11 4 7 123539
52 12 8 3 56
52 13 6 5 842
52 14 3 2 14
52 15 6 5 1143
52 16 6 5 2190
52 17 9 6 6831
52 18 1 6 2384
52 19 2 4 224
52 20 8 6 9356
52 21 3 4 278
52 22 6 4 279
52 23 9 5 2111
52 24 10 4 289
52 25 4 4 402
52 26 1 6 2280
52 27 3 4 83
52 28 1 6 2454
52 29 6 5 2420
52 30 8 5 1066
52 31 6 5 1416
52 32 5 4 292
52 33 10 4 243
52 34 7 5 4286
52 35 7 5 1170
52 36 1 4 95
52 37 1 7 16312
52 38 2 7 60904
52 39 5 8 1717778
52 40 3 3 20
52 41 9 3 83
52 42 2 6 5424
52 43 2 6 2419
52 44 10 5 3303
52 45 4 6 14185
52 46 7 3 98
52 47 4 4 347
52 48 10 6 19616
52 49 8 9 3379319
52 50 5 8 344862
52 51 4 4 145
52 52 4 7 62945
52 53 4 5 694
52 54 3 5 433
52 55 1 4 77
52 56 9 5 1543
52 57 8 2 35
52 58 8 4 295
52 59 10 5 5744
52 60 2 6 1759
52 61 5 4 175
52 62 4 3 53
52 63 3 4 322
53 0 3 7 32265
53 1 8 6 13910
53 2 10 1 9
53 3 2 5 347
53 4 3 4 88
53 5 1 5 402
53 6 2 5 395
53 7 5 6 9318
53 8 5 5 683
53 9 7 5 1082
53 10 1 4 45
53 11 3 5 633
53 12 10 5 1258
53 13 3 3 35
53 14 10 7 62664
53 15 4 5 1630
53 16 7 6 31484
53 17 2 7 24851
53 18 9 4 454
53 19 5 4 237
53 20 1 3 20
53 21 8 4 396
53 22 9 5 2681
53 23 1 4 72
53 24 4 4 402
53 25 10 3 101
53 26 5 5 1728
53 27 3 4 219
53 28 5 5 695
53 29 2 6 5861
53 30 8 5 1731
53 31 1 5 187
53 32 2 8 178672
53 33 2 7 32358
53 34 4 5 697
53 35 9 5 1186
53 36 3 4 88
53 37 6 5 1480
53 38 1 6 1603
53 39 2 5 285
53 40 2 7 48399
53 41 10 6 31613
53 42 5 5 1372
53 43 10 3 87
53 44 2 6 2545
53 45 7 7 63291
53 46 7 5 851
53 47 4 4 217
53 48 6 4 527
53 49 2 6 4242
53 50 9 3 145
53 51 8 2 36
53 52 3 4 113
53 53 2 5 515
53 54 8 4 677
53 55 7 6 17854
53 56 10 5 1184
53 57 1 4 24
53 58 9 4 217
53 59 1 3 15
53 60 8 3 127
53 61 10 3 204
53 62 7 3 136
53 63 1 3 11
54 0 4 4 151
54 1 4 3 72
54 2 5 5 1267
54 3 10 6 12125
54 4 8 3 53
54 5 7 7 73510
54 6 10 4 897
54 7 7 6 13722
54 8 8 6 17994
54 9 8 3 52
54 10 6 6 10889
54 11 6 5 713
54 12 1 6 831
54 13 8 6 12284
54 14 9 5 1069
54 15 9 6 33806
54 16 8 5 3023
54 17 2 5 1024
54 18 1 4 29
54 19 6 3 107
54 20 7 3 42
54 21 8 4 498
54 22 8 5 972
54 23 1 3 14
54 24 1 7 7209
54 25 5 4 364
54 26 1 5 503
54 27 5 3 44
54 28 2 4 189
54 29 3 3 30
54 30 1 6 1942
54 31 2 6 2424
54 32 9 3 177
54 33 1 5 241
54 34 9 7 84491
54 35 6 4 647
54 36 3 5 431
54 37 1 7 14236
54 38 2 6 9608
54 39 9 3 65
54 40 5 7 31557
54 41 3 5 1292
54 42 1 5 502
54 43 1 6 3149
54 44 9 3 112
54 45 5 2 21
54 46 2 5 302
54 47 10 4 1006
54 48 6 5 2654
54 49 4 8 546898
54 50 3 4 155
54 51 9 6 10267
54 52 8 4 842
54 53 10 5 1584
54 54 4 4 93
54 55 4 4 392
54 56 4 6 2900
54 57 5 4 114
54 58 10 2 30
54 59 9 5 3172
54 60 5 6 12474
54 61 2 3 11
54 62 10 5 2229
54 63 2 6 4781
55 0 10 2 40
55 1 9 5 4077
55 2 6 6 4484
55 3 2 5 890
55 4 3 6 3773
55 5 1 5 197
55 6 9 6 14025
55 7 9 4 656
55 8 10 3 208
55 9 9 2 25
55 10 8 6 8914
55 11 6 5 840
55 12 4 4 130
55 13 2 6 1717
55 14 4 9 2466975
55 15 3 6 3093
55 16 9 6 6272
55 17 10 4 927
55 18 10 5 4226
55 19 4 6 15762
55 20 7 5 3328
55 21 4 8 246600
55 22 10 4 651
55 23 1 7 11622
55 24 2 5 383
55 25 8 6 7240
55 26 7 5 2167
55 27 4 5 1060
55 28 2 4 91
55 29 2 6 6133
55 30 2 3 32
55 31 8 7 225008
55 32 6 4 150
55 33 3 4 280
55 34 1 3 9
55 35 6 4 154
55 36 7 3 109
55 37 4 5 525
55 38 6 7 34962
55 39 10 5 1162
55 40 1 5 131
55 41 9 3 66
55 42 8 3 83
55 43 7 4 355
55 44 7 5 3260
55 45 8 6 18594
55 46 1 5 259
55 47 2 5 320
55 48 7 3 122
55 49 1 8 51011
55 50 8 5 1015
55 51 9 2 42
55 52 2 4 212
55 53 7 4 232
55 54 8 3 82
55 55 8 3 49
55 56 8 2 34
55 57 9 5 1665
55 58 7 5 1958
55 59 4 3 42
55 60 8 5 3192
55 61 10 5 2599
55 62 3 5 653
55 63 2 5 1184
56 0 1 5 242
56 1 3 7 42060
56 2 1 6 1853
56 3 7 5 1890
56 4 5 5 1864
56 5 5 2 22
56 6 8 4 491
56 7 3 7 23617
56 8 5 4 461
56 9 2 7 10783
56 10 6 4 319
56 11 10 3 148
56 12 9 4 691
56 13 2 5 605
56 14 4 2 11
56 15 2 6 8227
56 16 4 5 522
56 17 2 5 1174
56 18 5 6 4214
56 19 7 5 846
56 20 8 5 3529
56 21 2 6 9324
56 22 10 5 5446
56 23 9 9 13333350
56 24 3 4 139
56 25 9 6 7763
56 26 7 5 2371
56 27 8 5 1664
56 28 6 5 4158
56 29 7 5 1873
56 30 1 4 37
56 31 1 6 3154
56 32 3 5 509
56 33 5 6 15161
56 34 3 5 820
56 35 9 4 817
56 36 10 4 553
56 37 6 3 111
56 38 4 6 4257
56 39 4 5 748
56 40 5 6 18220
56 41 9 2 43
56 42 8 4 631
56 43 10 3 154
56 44 6 4 135
56 45 9 4 284
56 46 10 5 3256
56 47 2 5 431
56 48 1 5 467
56 49 4 6 13526
56 50 10 2 50
56 51 4 4 141
56 52 1 4 23
56 53 7 6 19129
56 54 6 6 5635
56 55 8 6 6040
56 56 2 6 6094
56 57 10 5 1135
56 58 1 5 435
56 59 9 6 9832
56 60 10 7 61626
56 61 7 5 846
56 62 6 3 66
56 63 4 7 81130
57 0 5 6 7023
57 1 4 3 22
57 2 6 3 57
57 3 6 4 502
57 4 6 7 177105
57 5 10 3 179
57 6 7 3 65
57 7 4 5 1742
57 8 8 6 9763
57 9 10 5 1477
57 10 7 3 117
57 11 10 5 1938
57 12 2 6 2649
57 13 1 6 1282
57 14 2 6 1672
57 15 4 6 4404
57 16 5 4 512
57 17 5 4 343
57 18 3 6 7860
57 19 4 4 417
57 20 10 4 304
57 21 10 5 1657
57 22 6 4 192
57 23 5 6 6886
57 24 10 4 942
57 25 2 7 30774
57 26 9 2 45
57 27 9 5 1692
57 28 8 2 25
57 29 3 5 360
57 30 3 8 392312
57 31 3 6 3606
57 32 8 5 1595
57 33 8 5 915
57 34 5 2 21
57 35 10 2 32
57 36 4 7 95939
57 37 10 5 2196
57 38 6 3 47
57 39 5 5 827
57 40 8 4 434
57 41 3 4 209
57 42 2 4 160
57 43 1 3 14
57 44 6 2 25
57 45 3 7 18891
57 46 2 5 496
57 47 8 4 231
57 48 6 2 19
57 49 9 6 20679
57 50 2 7 10561
57 51 1 7 8641
57 52 2 7 16095
57 53 1 7 19529
57 54 3 4 105
57 55 6 3 33
57 56 5 5 2135
57 57 7 3 53
57 58 10 4 935
57 59 10 6 8349
57 60 7 5 3481
57 61 6 5 783
57 62 7 1 11
57 63 1 5 462
58 0 9 1 15
58 1 1 7 8014
58 2 5 4 223
58 3 6 3 55
58 4 10 6 10478
58 5 5 3 70
58 6 1 5 330
58 7 7 4 540
58 8 7 3 73
58 9 2 4 181
58 10 6 4 279
58 11 10 4 296
58 12 7 5 3372
58 13 3 6 7271
58 14 8 4 424
58 15 1 5 666
58 16 1 7 7139
58 17 3 3 47
58 18 1 5 249
58 19 4 8 490198
58 20 4 3 64
58 21 9 2 29
58 22 9 3 145
58 23 4 5 599
58 24 8 2 31
58 25 3 3 31
58 26 9 5 1674
58 27 3 3 23
58 28 6 4 531
58 29 6 4 231
58 30 6 3 69
58 31 4 5 2080
58 32 4 5 1581
58 33 8 5 922
58 34 7 4 205
58 35 6 3 74
58 36 8 4 297
58 37 7 4 186
58 38 3 6 4110
58 39 1 6 1178
58 40 2 4 171
58 41 3 3 53
58 42 3 5 947
58 43 9 5 1340
58 44 6 3 36
58 45 8 5 1872
58 46 10 3 135
58 47 8 1 12
58 48 8 5 5331
58 49 4 5 2239
58 50 6 7 184679
58 51 1 9 454188
58 52 5 6 6652
58 53 9 4 788
58 54 7 4 676
58 55 9 5 4003
58 56 6 6 15520
58 57 2 6 3999
58 58 10 2 30
58 59 10 8 491051
58 60 4 6 10076
58 61 1 5 491
58 62 9 3 79
58 63 8 2 15
59 0 8 2 41
59 1 7 4 282
59 2 8 2 30
59 3 6 4 278
59 4 3 7 19286
59 5 2 7 16048
59 6 3 5 371
59 7 1 6 815
59 8 3 5 379
59 9 3 4 308
59 10 2 4 95
59 11 3 4 238
59 12 6 4 230
59 13 8 7 48211
59 14 10 3 57
59 15 8 5 1216
59 16 1 5 115
59 17 10 3 197
59 18 2 5 853
59 19 4 2 16
59 20 2 4 50
59 21 3 5 989
59 22 1 7 6318
59 23 5 5 652
59 24 10 5 2172
59 25 9 3 68
59 26 7 4 349
59 27 6 4 144
59 28 2 6 7168
59 29 9 3 169
59 30 9 7 284285
59 31 5 2 21
59 32 6 4 467
59 33 3 4 185
59 34 6 4 265
59 35 6 3 70
59 36 6 4 295
59 37 8 6 6960
59 38 10 3 58
59 39 9 4 418
59 40 5 6 21130
59 41 7 5 1391
59 42 2 4 150
59 43 10 5 5625
59 44 9 6 10240
59 45 3 4 123
59 46 9 4 285
59 47 2 5 321
59 48 6 8 502385
59 49 1 6 858
59 50 7 3 79
59 51 4 4 377
59 52 5 6 5528
59 53 4 6 3773
59 54 7 3 131
59 55 2 7 20352
59 56 9 6 14197
59 57 10 3 91
59 58 10 5 4414
59 59 8 6 8353
59 60 6 3 125
59 61 4 5 788
59 62 1 8 67187
59 63 3 5 1420
60 0 7 3 58
60 1 9 4 775
60 2 9 5 2077
60 3 2 7 22321
60 4 4 2 14
60 5 1 6 1123
60 6 4 3 43
60 7 6 3 86
60 8 9 3 126
60 9 6 4 136
60 10 9 6 7832
60 11 10 6 14941
60 12 6 3 58
60 13 8 3 48
60 14 8 3 139
60 15 6 5 2850
60 16 4 4 141
60 17 1 7 13722
60 18 4 4 349
60 19 9 7 169680
60 20 5 6 4673
60 21 6 5 1306
60 22 4 7 48421
60 23 4 5 470
60 24 5 3 47
60 25 8 3 120
60 26 9 3 89
60 27 10 3 144
60 28 2 5 970
60 29 3 4 150
60 30 7 2 31
60 31 7 4 305
60 32 1 7 5474
60 33 1 7 8295
60 34 1 4 74
60 35 2 7 13355
60 36 3 5 525
60 37 3 5 1491
60 38 4 4 204
60 39 10 1 6
60 40 6 4 577
60 41 9 5 3294
60 42 8 4 282
60 43 6 5 1486
60 44 3 3 18
60 45 10 4 637
60 46 1 5 375
60 47 3 4 95
60 48 10 3 120
60 49 1 6 1325
60 50 3 6 10482
60 51 6 5 2791
60 52 3 6 2593
60 53 8 5 1396
60 54 5 3 62
60 55 10 7 57095
60 56 6 5 1992
60 57 7 6 27595
60 58 1 6 1816
60 59 7 4 620
60 60 9 3 114
60 61 10 7 363423
60 62 2 4 117
60 63 4 5 1527
61 0 2 5 266
61 1 10 4 600
61 2 6 4 134
61 3 1 8 153533
61 4 1 6 3284
61 5 1 5 659
61 6 6 6 6472
61 7 9 4 470
61 8 10 7 60361
61 9 4 4 254
61 10 8 3 157
61 11 5 4 298
61 12 4 2 17
61 13 10 5 2892
61 14 10 5 1882
61 15 2 8 98361
61 16 5 5 1471
61 17 8 6 16010
61 18 8 3 55
61 19 2 10 7613619
61 20 10 2 38
61 21 8 5 2050
61 22 5 4 111
61 23 4 5 1722
61 24 4 4 211
61 25 3 8 167865
61 26 1 5 325
61 27 5 5 2611
61 28 1 6 2574
61 29 8 4 204
61 30 8 5 979
61 31 4 5 1389
61 32 9 5 1036
61 33 3 7 51954
61 34 8 3 59
61 35 7 1 7
61 36 6 5 2719
61 37 5 3 40
61 38 9 3 61
61 39 7 3 106
61 40 6 6 5235
61 41 5 4 319
61 42 9 4 233
61 43 7 5 2280
61 44 9 5 2115
61 45 4 6 2804
61 46 2 9 1134670
61 47 1 5 175
61 48 7 6 5241
61 49 4 5 1454
61 50 7 4 432
61 51 2 6 7438
61 52 3 5 1492
61 53 2 5 1311
61 54 1 6 2443
61 55 5 5 863
61 56 3 6 3671
61 57 6 2 27
61 58 3 7 71166
61 59 3 3 46
61 60 1 4 55
61 61 4 5 979
61 62 8 7 42389
61 63 2 4 179
62 0 6 5 994
62 1 7 6 20449
62 2 1 8 42856
62 3 5 4 452
62 4 9 5 1105
62 5 7 4 389
62 6 8 4 201
62 7 8 7 77409
62 8 1 5 189
62 9 4 4 156
62 10 10 3 153
62 11 6 2 22
62 12 9 3 84
62 13 10 4 478
62 14 9 4 901
62 15 2 6 1632
62 16 4 7 29534
62 17 7 4 231
62 18 5 4 151
62 19 8 3 61
62 20 2 5 535
62 21 7 5 1998
62 22 8 3 76
62 23 5 5 618
62 24 4 4 110
62 25 10 4 768
62 26 4 4 113
62 27 10 3 213
62 28 6 7 114314
62 29 10 4 734
62 30 1 5 224
62 31 5 3 68
62 32 6 7 132730
62 33 10 5 1302
62 34 1 4 77
62 35 10 3 115
62 36 1 7 6862
62 37 5 2 15
62 38 3 5 717
62 39 3 4 174
62 40 7 5 4017
62 41 2 6 4545
62 42 2 6 2270
62 43 4 3 25
62 44 10 5 2001
62 45 2 4 140
62 46 3 6 6536
62 47 9 4 311
62 48 7 5 1789
62 49 3 6 2572
62 50 10 4 982
62 51 1 6 2313
62 52 7 5 3527
62 53 6 3 92
62 54 7 7 49198
62 55 5 6 3781
62 56 7 3 79
62 57 4 5 2410
62 58 2 6 4446
62 59 9 5 1027
62 60 9 6 20321
62 61 7 5 2295
62 62 2 5 359
62 63 2 5 505
63 0 7 5 2485
63 1 9 5 1972
63 2 5 4 217
63 3 9 5 1841
63 4 10 4 292
63 5 8 5 4607
63 6 5 5 900
63 7 3 6 2650
63 8 2 7 22060
63 9 4 6 8907
63 10 2 7 10615
63 11 2 4 87
63 12 9 4 817
63 13 4 5 831
63 14 4 5 502
63 15 7 4 196
63 16 9 2 34
63 17 7 5 1381
63 18 7 4 305
63 19 1 4 33
63 20 10 4 313
63 21 3 5 1865
63 22 6 4 389
63 23 10 7 55906
63 24 9 5 1034
63 25 8 4 315
63 26 7 4 198
63 27 2 5 272
63 28 6 3 110
63 29 6 3 61
63 30 4 3 88
63 31 7 4 335
63 32 10 3 118
63 33 3 5 1631
63 34 1 4 40
63 35 6 4 371
63 36 3 5 606
63 37 7 4 284
63 38 9 3 121
63 39 8 4 454
63 40 9 5 1680
63 41 5 4 330
63 42 4 4 269
63 43 9 3 60
63 44 10 7 80806
63 45 7 5 1830
63 46 1 7 7603
63 47 4 5 535
63 48 6 7 33393
63 49 2 5 414
63 50 3 5 661
63 51 7 5 2441
63 52 5 5 1194
63 53 8 6 6961
63 54 7 6 7065
63 55 3 7 29922
63 56 7 3 146
63 57 9 4 242
63 58 10 4 239
63 59 4 8 215775
63 60 9 3 176
63 61 6 3 36
63 62 3 4 137
63 63 1 6 3474
