2156 1.0 
5011 1.0 
730 1.0 
1726 1.0 
7176 1.0 
3801 1.0 
7945 1.0 
2413 1.0 
650 1.0 
6037 1.0 
476 1.0 
2866 1.0 
5342 1.0 
9440 1.0 
4857 1.0 
4019 1.0 
225 1.0 
8312 1.0 
1923 1.0 
7025 1.0 
263 1.0 
5818 1.0 
4378 1.0 
8961 1.0 
6347 1.0 
854 1.0 
8458 1.0 
5971 1.0 
8433 1.0 
7527 1.0 
8965 1.0 
7857 1.0 
688 1.0 
6903 1.0 
9386 1.0 
1708 1.0 
370 1.0 
8970 1.0 
5461 1.0 
5345 1.0 
7234 1.0 
6349 1.0 
7899 1.0 
9352 1.0 
8078 1.0 
3510 1.0 
7165 1.0 
1337 1.0 
3454 1.0 
1789 1.0 
4456 1.0 
3831 1.0 
1681 1.0 
7590 1.0 
3236 1.0 
2958 1.0 
3294 1.0 
3200 1.0 
7097 1.0 
2235 1.0 
9995 1.0 
3483 1.0 
5132 1.0 
6340 1.0 
5489 1.0 
2842 1.0 
5805 1.0 
287 1.0 
7791 1.0 
7463 1.0 
438 1.0 
8447 1.0 
9333 1.0 
2894 1.0 
5415 1.0 
7142 1.0 
9900 1.0 
1635 1.0 
368 1.0 
9483 1.0 
6038 1.0 
1181 1.0 
3341 1.0 
2040 1.0 
1774 1.0 
713 1.0 
3193 1.0 
7997 1.0 
3373 1.0 
1164 1.0 
5377 1.0 
5872 1.0 
2820 1.0 
831 1.0 
7139 1.0 
45 1.0 
9810 1.0 
2147 1.0 
8610 1.0 
1030 1.0 
5482 1.0 
7492 1.0 
1027 1.0 
101 1.0 
3099 1.0 
2082 1.0 
7284 1.0 
7725 1.0 
526 1.0 
6466 1.0 
8473 1.0 
686 1.0 
3467 1.0 
2561 1.0 
6403 1.0 
4609 1.0 
9884 1.0 
4881 1.0 
8393 1.0 
4834 1.0 
1486 1.0 
8314 1.0 
9087 1.0 
4754 1.0 
4385 1.0 
1402 1.0 
2571 1.0 
5344 1.0 
5863 1.0 
1766 1.0 
2822 1.0 
9657 1.0 
6181 1.0 
6052 1.0 
3902 1.0 
5078 1.0 
6277 1.0 
976 1.0 
3662 1.0 
6594 1.0 
4056 1.0 
8472 1.0 
2356 1.0 
8614 1.0 
8145 1.0 
830 1.0 
4025 1.0 
8099 1.0 
6358 1.0 
3183 1.0 
6842 1.0 
1304 1.0 
7847 1.0 
6717 1.0 
9433 1.0 
4088 1.0 
4429 1.0 
1583 1.0 
2532 1.0 
7393 1.0 
