1 2 9 4 500
1 47 5 3 81
2 31 10 3 136
2 35 9 4 972
2 406 4 3 27
3 4 10 2 29
3 5 1 6 2020
3 26 4 4 429
5 57 6 4 406
15 16 4 6 12698
15 36 7 4 524
16 25 2 2 8
17 18 8 4 208
17 36 6 4 257
18 33 3 3 52
19 20 4 4 442
19 21 1 6 2440
20 142 5 4 123
20 148 9 5 1640
21 22 9 3 98
22 23 4 5 476
23 24 1 6 1159
24 25 4 9 4919689
24 28 9 5 1704
26 27 1 8 50209
27 29 1 5 449
27 30 10 4 418
28 29 2 6 1713
31 33 4 6 6727
32 33 1 5 220
32 34 2 4 50
32 69 2 4 182
34 35 6 4 196
34 73 2 5 413
36 37 9 4 298
36 75 1 6 4436
37 52 1 5 506
37 43 3 7 15774
46 47 9 3 113
47 448 10 3 155
52 67 8 3 145
53 54 10 5 1550
53 59 10 4 358
53 418 8 6 7350
54 163 3 5 347
55 56 6 3 73
55 59 5 4 347
56 57 3 4 118
56 66 3 5 627
58 59 3 7 77974
58 60 6 3 113
58 199 3 5 1415
58 458 3 5 1486
60 63 1 6 4209
63 225 5 5 1795
64 65 4 5 644
64 66 9 3 51
65 67 8 4 860
69 70 5 6 15599
70 71 2 3 19
71 101 1 4 41
72 73 9 8 889562
72 101 3 2 12
73 76 3 7 42112
73 77 7 4 577
96 97 10 3 101
96 111 9 4 522
97 101 6 4 606
98 99 5 4 514
98 100 6 2 31
99 138 10 5 4601
100 116 1 6 818
105 106 6 5 1461
105 111 6 5 2508
106 107 5 6 4134
107 108 2 5 574
111 114 9 3 99
113 114 2 8 179981
113 116 8 1 7
115 116 4 2 15
115 409 6 6 18069
118 119 8 3 108
119 138 2 3 23
120 121 10 6 36655
120 122 6 7 61609
120 304 2 5 662
121 296 7 5 1119
122 123 7 4 471
122 124 2 2 5
124 125 3 5 752
134 135 1 6 1460
134 332 1 6 1190
135 136 5 5 998
135 137 6 7 191763
137 139 10 3 204
139 140 1 4 59
139 141 8 4 774
139 399 9 2 41
141 400 4 3 88
154 155 4 2 18
154 156 9 6 33197
154 172 2 5 600
155 168 10 2 38
156 157 9 7 309311
156 171 3 3 42
157 158 7 5 1725
158 159 1 3 7
158 177 9 5 1059
159 160 6 2 26
159 161 2 7 31397
159 196 8 2 18
161 162 8 5 1057
161 197 8 3 153
163 164 4 5 1260
164 165 4 5 1319
165 166 7 4 389
165 104 4 3 60
166 167 4 4 175
167 168 5 2 13
169 170 10 2 18
169 171 6 5 1029
169 174 2 3 33
170 172 1 4 99
170 173 2 2 6
170 419 5 5 1383
171 178 4 2 9
173 174 5 7 85332
174 179 4 6 6452
175 176 2 4 84
176 214 2 4 200
177 178 8 6 8066
177 191 6 7 203643
178 421 2 6 5079
179 192 7 4 367
180 181 7 3 147
180 208 8 4 244
181 192 4 6 7823
182 183 1 7 8926
182 184 7 3 69
184 185 8 3 77
184 208 5 4 175
185 186 2 1 3
185 207 2 6 2579
186 187 5 5 1361
186 230 9 4 552
187 188 1 3 15
187 193 4 5 1855
188 189 7 7 38715
188 191 4 4 95
189 190 5 5 1356
189 191 10 4 779
193 194 10 3 80
193 217 9 5 2610
194 195 6 4 251
194 217 1 5 276
195 196 4 4 128
195 216 5 5 934
196 197 4 5 694
196 476 5 2 20
197 216 2 6 2172
198 199 10 6 7916
198 221 8 4 223
199 200 9 5 1153
200 10 7 2 27
201 202 6 2 20
201 203 9 3 55
201 351 5 5 667
202 213 6 5 2243
203 204 3 4 82
203 205 9 4 216
205 206 1 4 28
205 231 9 5 2406
205 360 3 4 149
206 207 6 4 153
206 232 1 4 77
207 233 6 7 34756
208 209 10 6 14838
210 211 9 5 2410
210 212 3 4 77
211 215 5 3 35
212 213 3 7 26309
212 342 3 5 852
213 340 7 7 46294
214 215 5 7 28425
216 219 2 4 206
217 218 3 4 122
218 222 2 9 1470526
219 220 7 5 1370
220 221 8 4 529
220 222 8 3 100
222 226 4 8 610513
223 224 8 5 1033
223 225 10 4 317
223 7 6 3 46
224 229 5 4 413
227 228 8 4 422
227 229 9 5 1070
227 272 2 4 49
228 230 10 5 1340
229 401 4 4 158
231 281 9 2 29
232 265 2 6 2123
233 264 4 3 50
233 150 3 4 246
234 235 9 3 57
234 278 8 4 229
236 237 4 2 17
236 280 2 4 179
237 238 1 7 7081
237 239 4 5 2524
239 240 8 3 114
240 241 2 3 42
241 243 10 6 9101
241 442 3 5 446
242 243 2 5 1168
242 244 5 4 312
242 314 5 6 7681
242 80 4 4 246
243 293 2 8 94337
244 247 5 4 311
245 246 9 5 2286
245 247 7 5 1171
247 248 1 6 1146
248 249 1 9 2974626
249 250 5 4 361
249 312 4 1 6
250 251 1 4 86
250 321 8 3 166
251 252 8 2 38
252 253 2 3 31
252 327 2 7 10835
252 301 2 8 173253
253 254 5 4 366
253 277 3 5 391
253 266 10 4 680
254 255 9 2 38
254 256 9 3 69
256 257 10 4 509
257 258 2 5 852
257 259 10 5 5679
260 261 2 7 21736
260 262 1 5 220
260 263 5 6 5125
263 264 9 4 288
263 479 7 5 1098
266 267 8 7 63167
267 268 8 4 467
267 299 2 6 3205
268 269 10 7 92920
269 270 5 4 117
269 294 6 4 184
270 271 3 4 129
271 295 2 6 1919
271 133 4 4 91
272 273 9 6 12429
272 274 9 6 18666
274 275 7 3 149
275 276 9 6 9869
275 277 6 5 994
275 291 3 5 1605
278 279 1 4 40
278 282 6 4 146
279 280 2 6 3638
280 287 8 5 1663
281 289 4 5 585
282 288 4 2 19
283 284 2 6 1462
283 285 10 5 1818
283 305 7 5 3217
284 290 2 6 3816
284 365 10 4 759
285 286 10 2 47
285 306 6 5 768
286 287 6 1 6
286 306 9 6 27812
286 452 9 3 153
287 293 1 5 201
288 289 3 8 470585
289 290 2 2 10
291 292 6 4 225
297 298 9 3 85
297 454 3 6 4335
298 299 4 4 203
300 301 9 5 3403
300 302 5 3 44
302 303 10 6 24112
302 304 2 5 433
302 330 9 4 231
305 306 6 5 1114
305 308 9 8 881886
306 308 3 5 1602
307 308 6 3 65
307 309 6 3 69
309 310 4 4 156
309 338 2 4 54
309 379 2 6 3838
310 311 2 6 7470
310 85 3 5 560
311 312 5 6 7350
313 314 10 6 19099
315 316 6 4 537
315 317 3 5 356
315 499 5 5 576
316 334 3 5 545
316 398 8 4 406
317 318 3 5 389
317 503 4 6 3457
318 319 7 4 487
318 502 9 6 9548
318 510 9 4 361
319 320 3 6 10624
320 333 5 5 2919
321 322 4 3 29
322 323 9 3 76
322 325 4 7 70696
322 333 7 4 616
323 324 1 3 16
325 326 5 6 8592
326 328 4 4 231
327 328 8 7 243520
328 329 10 1 8
328 495 9 4 410
329 330 9 5 4319
329 331 2 7 34395
331 332 4 3 64
331 489 10 5 2105
332 481 1 4 31
333 493 3 3 38
334 335 10 3 70
336 337 4 5 1055
336 500 1 4 66
337 338 7 5 937
337 382 3 5 1761
338 339 8 4 711
338 377 9 5 1231
340 341 3 8 720372
340 349 2 6 2483
340 354 7 5 2127
341 343 5 5 2535
342 343 9 1 8
344 345 7 5 1732
344 346 2 5 389
344 385 3 5 1479
346 347 5 7 40891
347 348 3 4 148
347 387 2 5 1082
348 349 8 4 205
348 386 8 8 841647
350 351 9 3 155
350 359 5 6 4209
350 13 5 1 4
351 352 7 5 1835
352 353 7 4 221
352 356 6 5 2441
353 354 6 2 19
354 355 9 5 1335
355 356 10 4 469
356 357 5 2 14
358 359 7 3 83
358 361 2 5 919
358 362 1 5 338
358 360 10 4 267
358 92 7 5 1514
360 413 3 5 1365
361 388 7 4 549
362 367 2 3 20
363 364 6 2 17
363 365 2 4 110
363 370 8 4 184
364 395 2 4 186
365 366 1 5 151
365 371 9 4 753
366 144 5 4 193
367 368 3 5 380
367 369 6 5 686
370 380 4 8 160733
371 372 9 1 9
371 373 6 4 431
371 374 1 6 715
375 376 9 6 7547
375 383 9 2 46
376 384 10 5 1158
377 378 5 6 19626
377 381 3 7 56847
378 384 6 4 213
381 383 8 8 706865
382 496 2 3 44
383 384 2 6 8913
388 389 3 5 452
388 392 7 4 238
389 390 8 4 177
390 391 8 8 692765
392 393 4 6 3629
392 394 3 7 110545
395 396 10 4 769
399 411 7 3 82
400 405 9 3 141
404 405 1 4 113
404 412 3 3 28
405 89 10 2 38
408 409 10 3 169
411 412 7 5 2008
411 415 2 5 691
411 482 1 3 19
412 415 4 5 670
415 427 6 2 18
415 487 10 5 1479
427 428 5 5 1480
427 431 1 5 165
427 487 1 8 320184
427 424 8 4 218
428 429 7 3 153
428 432 5 5 1193
481 482 9 4 212
482 488 10 3 190
483 484 3 6 7028
483 485 5 4 229
484 492 10 4 269
485 486 8 2 25
486 487 4 4 363
489 490 9 5 1130
490 491 3 3 33
490 492 8 3 76
493 508 4 4 193
494 495 5 3 77
494 507 3 3 30
496 497 10 3 148
496 62 8 4 507
497 498 2 4 84
497 499 10 4 304
499 501 6 6 11152
501 447 9 2 30
502 511 8 5 999
503 450 10 4 222
504 505 1 5 229
504 506 6 4 284
505 508 10 3 211
505 509 2 6 2744
506 507 9 5 1371
509 510 6 3 47
509 511 7 5 2110
7 8 7 3 101
7 6 1 9 1450826
10 9 9 4 209
10 11 5 4 416
13 12 3 3 20
12 14 8 5 1941
144 38 6 3 127
144 145 2 4 210
38 39 1 5 126
89 68 10 3 84
89 88 5 4 550
68 40 3 4 261
68 102 10 4 406
40 41 2 5 341
40 81 2 5 444
102 50 3 4 208
50 51 2 5 633
41 95 1 7 13154
81 146 7 4 709
95 456 7 4 178
95 143 9 5 1313
95 146 7 4 572
146 410 3 10 22130199
43 42 7 4 689
133 130 7 9 3018965
128 117 7 1 10
128 132 9 7 61311
117 129 1 4 26
117 110 1 8 176869
132 130 9 3 57
129 127 1 7 5526
127 44 7 3 63
130 131 10 6 27297
44 45 1 5 454
110 109 8 3 94
110 126 1 6 1138
109 112 5 4 122
62 49 8 2 32
62 61 2 8 335430
48 49 2 5 558
75 74 6 4 243
77 78 2 3 37
80 79 6 9 15703560
92 90 5 2 12
82 83 3 2 11
83 91 5 3 48
91 90 4 2 13
90 93 10 4 250
93 94 4 3 22
85 84 2 7 24896
84 86 1 5 468
84 87 5 3 107
86 87 6 7 33387
104 103 2 5 580
148 147 4 3 44
147 149 9 2 17
150 153 3 6 11441
150 151 4 3 32
152 153 10 2 36
398 397 5 6 6962
401 402 9 3 68
401 403 5 3 33
406 407 9 4 250
416 407 3 7 17817
413 434 2 3 15
413 414 2 4 71
433 434 7 4 346
418 417 9 3 161
419 420 7 3 41
419 430 7 1 11
421 422 5 3 39
421 423 7 5 1302
424 425 3 2 7
424 426 6 4 254
424 438 8 3 173
438 437 2 4 71
437 439 2 5 1095
454 453 4 5 1574
454 435 9 3 133
453 455 1 5 231
455 460 5 5 702
435 436 5 4 351
460 463 7 3 123
463 462 1 6 1450
461 462 7 4 422
461 464 9 3 179
464 466 1 4 100
466 467 7 4 732
452 451 10 4 779
452 440 8 3 131
451 459 3 4 237
459 473 1 6 1597
440 441 3 4 203
473 472 8 6 10136
442 443 5 4 164
448 444 10 5 5752
444 445 7 6 5300
465 445 2 4 59
465 468 3 6 7159
468 469 4 5 559
469 470 4 5 990
470 471 3 5 803
447 446 8 3 49
450 449 2 4 67
458 457 8 5 2398
476 474 10 4 348
476 477 5 6 8443
474 475 8 3 48
477 478 6 7 108539
479 480 9 3 75
284 177 8 3 111
391 291 4 5 2274
397 161 2 7 11814
376 187 6 5 756
322 42 7 6 5019
399 318 6 4 357
463 89 3 9 9391070
343 194 6 5 1451
437 265 3 7 25963
239 53 5 4 167
411 475 8 6 26720
21 372 10 3 152
508 449 2 9 1293538
24 51 9 4 821
54 280 3 4 254
261 73 8 2 34
2 307 7 3 90
476 36 6 7 78265
374 231 10 4 405
483 72 3 4 110
188 248 9 2 33
326 346 2 6 7014
458 449 9 6 8206
435 58 2 4 145
225 130 8 2 26
484 174 4 6 8450
322 33 1 6 1387
369 191 4 6 12648
330 20 2 4 138
324 21 8 5 2080
18 385 9 4 439
252 297 2 6 4687
7 178 2 6 1425
30 43 6 4 461
397 191 4 5 674
450 80 8 2 37
458 335 6 5 841
171 48 10 5 1226
485 267 1 9 720976
104 136 1 4 37
47 507 10 3 79
302 429 9 6 7247
424 132 8 5 956
55 69 5 6 7249
81 28 4 4 119
346 114 1 6 1205
84 284 10 4 265
57 44 7 3 103
112 358 10 4 532
103 252 1 6 4895
202 401 2 5 524
106 343 8 6 37866
297 285 6 2 20
47 27 10 5 1585
391 38 4 4 94
292 297 7 7 256966
292 334 6 7 176671
149 56 10 6 12666
56 464 9 4 674
252 487 9 3 48
491 427 4 3 27
112 439 1 5 525
62 365 4 7 24354
315 75 10 2 37
445 373 3 5 606
373 228 1 5 199
459 103 6 3 49
5 34 6 7 43790
357 412 9 3 197
195 208 5 6 4725
362 282 9 1 14
282 132 3 4 283
292 358 1 4 41
130 16 1 4 75
354 48 9 4 994
329 398 9 4 925
107 143 10 4 465
302 8 9 2 46
437 468 6 5 771
391 24 4 3 58
70 453 7 3 137
428 250 2 5 438
427 93 1 5 252
235 500 2 4 86
476 259 8 6 18191
140 144 9 7 225292
373 167 9 6 24148
413 463 9 3 79
100 419 4 3 40
67 49 4 5 564
148 127 7 1 8
227 117 6 5 1259
147 283 1 2 4
464 193 1 4 36
281 305 9 2 34
168 300 2 5 770
456 265 3 3 25
74 34 9 8 408457
228 497 2 4 62
84 178 10 6 20692
47 339 8 6 5623
137 364 1 4 36
419 487 3 6 5088
497 260 1 5 451
432 171 4 5 1201
104 329 7 5 1074
16 90 3 3 38
14 244 8 5 1240
56 483 10 2 31
175 2 1 6 1155
151 442 5 6 5158
372 443 6 9 5193668
460 285 9 3 74
372 171 7 2 37
267 357 1 7 6322
336 274 1 5 470
235 63 8 6 14275
279 71 9 3 126
251 475 2 6 4764
440 88 6 3 48
169 453 2 6 4872
172 264 10 4 411
51 471 8 5 4106
503 172 6 3 81
175 199 7 1 7
230 291 9 6 37265
16 205 2 3 30
339 82 1 5 268
449 137 10 4 567
119 372 8 7 40899
499 126 10 1 6
485 290 5 3 81
181 127 1 5 243
505 298 10 5 1166
290 489 4 6 18609
34 249 8 5 1718
179 277 6 5 838
440 73 7 5 1908
343 395 5 4 250
87 478 2 5 1268
316 6 1 5 571
307 144 3 6 2746
308 435 4 4 241
233 510 6 6 11336
126 354 10 4 406
272 162 4 5 463
135 122 3 5 545
365 389 1 8 109425
235 479 4 5 1022
125 110 1 4 48
289 302 2 7 77378
13 387 7 6 18405
345 228 8 1 8
10 105 1 6 1511
311 286 1 9 2666811
126 229 2 6 7603
286 221 6 2 17
171 11 9 7 150479
172 342 6 4 307
245 407 4 3 64
63 188 8 3 64
253 232 4 6 8858
435 104 3 4 73
87 138 9 4 637
30 432 10 3 95
476 53 5 5 2135
107 103 1 4 97
409 12 8 6 26424
344 183 1 7 23426
440 85 3 6 2326
210 133 9 2 39
45 192 9 4 252
352 234 1 6 1278
354 440 1 5 188
28 170 4 6 9790
281 2 9 6 28922
361 251 2 6 1412
35 364 1 5 166
433 81 10 5 2910
281 159 3 3 22
495 148 10 3 58
316 239 6 5 1104
143 130 8 6 21432
26 136 5 3 59
424 419 9 4 212
395 202 5 4 204
136 352 9 3 63
380 360 3 4 76
146 72 9 6 19075
424 450 7 6 5046
147 425 10 3 92
451 285 9 5 1250
195 101 8 4 177
457 177 9 4 277
81 208 6 4 661
182 200 6 6 4395
436 509 5 4 120
29 18 1 5 371
149 453 6 4 248
330 473 7 4 601
73 53 9 7 47754
340 196 5 9 17487725
256 444 4 4 294
270 428 2 7 22532
407 87 6 6 5187
346 295 3 5 419
78 410 3 4 277
87 205 8 4 285
331 59 3 5 1482
45 83 7 6 16006
411 217 2 6 2929
262 497 4 4 169
267 226 10 5 5400
456 426 5 5 2840
321 505 8 3 59
479 424 5 3 87
488 420 5 5 1231
236 272 9 6 19809
507 217 2 4 131
366 165 7 2 35
227 338 3 6 5700
228 346 3 4 313
488 324 8 2 29
116 214 4 5 946
499 343 7 7 147958
155 118 5 4 237
480 256 3 6 3090
176 478 4 7 117874
375 389 5 6 11466
139 438 1 3 19
366 395 4 3 53
42 36 3 4 109
470 372 2 4 76
127 490 3 5 1310
407 209 3 6 11259
455 68 2 4 54
222 99 5 2 22
351 55 10 5 1977
418 87 9 4 483
254 89 7 7 35696
256 83 10 1 12
225 147 8 4 736
73 89 6 3 67
376 270 6 6 14195
415 507 3 7 23171
414 382 1 7 13091
319 321 6 4 608
257 29 5 4 145
312 374 4 5 900
43 150 2 6 1567
82 423 10 3 95
226 280 9 4 780
125 299 9 4 610
202 220 7 8 348391
290 116 2 3 12
130 118 5 3 59
358 76 7 4 238
243 500 1 3 15
163 155 3 7 19071
445 227 8 3 95
240 177 10 4 477
299 246 6 2 19
347 136 8 1 14
211 323 8 4 250
318 227 9 1 15
174 222 9 4 218
35 492 2 7 13418
441 58 2 4 122
196 346 2 2 6
511 236 3 6 8575
485 390 3 4 267
104 59 8 4 468
479 450 9 4 893
138 5 6 7 43565
37 172 9 4 374
138 363 9 4 274
242 4 3 6 4864
482 154 6 3 120
149 188 8 3 101
99 460 10 3 99
425 450 10 5 1330
357 26 3 4 251
161 115 10 5 1616
381 37 7 4 286
132 19 1 4 107
187 142 8 5 3010
491 238 4 4 114
159 315 4 5 799
210 320 10 6 23744
412 304 4 5 600
455 221 6 4 211
206 67 10 5 1234
49 231 4 3 40
148 56 10 4 439
418 274 6 6 11952
101 374 6 2 30
262 368 9 7 155061
508 424 10 5 2713
337 46 3 3 62
509 305 1 6 1233
204 60 6 4 341
96 195 1 8 103955
339 139 2 4 84
437 348 8 4 227
121 269 10 3 106
246 328 5 6 23887
484 17 6 4 206
69 250 7 5 1445
402 7 8 2 15
129 389 8 4 545
119 123 6 3 53
197 210 7 5 883
363 165 9 7 163743
87 5 10 4 304
221 486 5 5 868
247 221 7 4 249
413 265 9 2 43
111 499 9 3 71
448 258 5 6 5274
49 166 9 4 245
110 115 3 5 1735
26 425 5 6 3549
72 204 4 3 75
315 355 1 4 51
189 99 9 4 326
509 155 4 4 170
483 167 7 2 24
82 471 4 3 28
145 45 7 4 545
297 442 4 5 1582
55 250 7 9 13247690
288 110 5 4 546
445 503 1 5 166
503 235 9 5 1609
332 103 10 3 152
489 487 10 3 216
127 123 9 3 111
358 357 2 5 393
330 332 5 5 2619
501 372 10 3 104
253 133 7 2 37
78 174 5 4 127
337 445 8 4 270
85 334 5 4 334
498 277 7 5 976
210 80 9 3 55
42 223 7 4 176
168 27 4 2 18
160 87 2 4 113
55 270 3 7 26110
36 223 1 5 374
314 10 8 5 4734
410 213 5 6 15116
484 485 2 4 190
309 28 1 5 116
10 219 2 3 20
69 297 6 4 555
18 402 10 4 443
457 206 1 4 37
319 504 8 4 520
401 246 2 4 71
422 501 9 3 68
26 11 5 5 678
245 501 3 3 41
211 451 2 4 53
7 275 4 4 152
293 502 3 8 764607
340 55 9 3 102
385 449 7 3 51
474 142 7 6 24512
186 407 2 8 176145
116 149 6 5 1334
83 372 1 6 1333
228 281 10 5 5436
265 65 6 3 82
230 241 6 4 475
435 123 4 6 4330
288 386 10 3 219
497 427 10 3 69
452 23 10 2 19
256 360 5 6 8265
227 132 2 5 237
352 378 3 4 312
294 84 8 3 120
434 225 3 5 1328
26 289 3 7 33526
415 461 1 5 207
231 103 2 7 14875
58 371 5 3 51
109 176 4 6 9362
445 329 3 6 2958
255 165 4 3 51
219 451 8 3 61
162 205 8 3 81
491 62 6 3 103
7 308 3 4 277
18 332 5 2 21
76 390 3 7 100508
197 166 6 4 679
235 507 5 5 814
116 328 1 5 216
197 207 7 3 132
109 115 3 5 921
412 293 1 4 41
350 270 7 5 1172
112 330 3 4 269
94 410 3 5 393
244 108 9 4 468
430 322 5 3 53
38 287 7 6 5230
413 145 7 6 8052
132 195 4 5 2011
366 374 6 4 167
276 123 3 4 182
72 257 5 5 1487
83 370 1 7 16156
94 1 2 4 67
125 184 6 6 18317
322 156 9 3 81
427 192 7 4 452
107 214 1 6 1008
399 122 5 6 3996
121 386 7 7 271419
219 414 10 4 794
430 401 6 4 243
363 468 10 6 8369
209 498 2 5 278
481 116 2 4 95
123 216 10 2 43
377 330 10 4 335
450 12 5 4 251
432 20 3 5 1219
470 270 3 4 328
337 139 5 3 44
301 389 1 5 495
135 200 7 6 22611
159 50 2 8 163495
359 397 1 6 2834
33 149 9 3 55
136 288 5 3 40
413 16 1 7 5684
463 182 1 7 5607
198 105 4 3 30
49 140 10 6 22975
33 261 5 3 42
305 456 8 4 247
349 1 7 2 32
504 327 10 5 1296
286 335 2 3 37
283 48 3 6 3371
60 394 2 5 583
227 316 1 6 2222
436 460 8 4 373
88 61 5 5 2459
100 508 3 6 11477
477 260 10 1 16
153 235 8 4 188
315 224 4 7 33769
418 362 5 4 163
349 509 10 5 3669
35 59 8 4 391
77 252 5 4 181
461 97 4 7 85802
411 182 4 3 80
509 70 3 5 854
184 381 5 7 31109
316 475 9 5 1831
199 51 4 4 221
239 85 10 7 61956
495 137 5 7 152422
178 75 2 6 1501
49 269 9 5 1725
473 106 2 5 440
276 111 7 5 928
441 332 5 5 1317
205 450 9 5 4099
65 173 7 4 166
154 383 3 5 777
63 404 2 5 256
171 161 4 4 443
118 224 7 2 29
435 190 8 6 32078
108 470 10 3 87
463 209 3 4 198
147 93 4 3 43
120 408 1 8 48155
370 455 6 5 4003
238 401 7 2 13
376 455 7 4 291
468 266 6 4 273
282 469 4 4 125
200 118 10 2 21
239 435 5 2 19
29 477 4 3 52
183 3 5 5 1734
232 241 4 7 55297
160 491 9 4 392
384 176 5 5 3116
303 407 1 8 45583
244 2 10 3 58
90 477 3 4 68
269 160 6 4 248
9 255 3 4 220
500 323 8 4 359
226 17 10 5 2159
162 100 3 5 1071
442 354 7 5 1364
254 56 2 4 53
177 70 4 3 34
283 413 9 5 5578
467 303 2 5 1381
506 52 7 1 12
402 315 7 3 59
44 66 10 3 160
205 376 3 5 1399
78 375 5 3 32
45 468 10 5 6319
300 11 9 3 98
288 143 8 3 150
238 91 2 4 57
423 101 8 3 99
159 455 4 2 10
46 77 8 4 665
438 456 6 4 144
168 438 4 5 1837
228 205 8 5 1988
60 109 3 6 7522
97 31 7 5 2977
56 135 6 4 175
215 138 3 4 72
305 446 10 7 159406
195 390 5 3 27
181 508 8 4 457
511 454 8 2 29
388 279 5 8 502004
13 343 3 5 1503
132 121 3 3 61
420 165 1 6 4633
279 398 5 5 1105
334 466 8 7 110585
76 96 6 6 12486
397 429 4 3 42
271 172 3 2 7
297 357 8 10 119688978
398 305 9 7 178436
266 449 4 6 3315
380 322 7 4 267
511 252 5 4 340
412 136 5 5 1225
273 453 9 4 398
440 111 8 2 41
88 261 3 4 67
40 321 8 4 177
221 370 7 8 419030
200 348 1 4 82
141 425 3 2 12
461 442 3 6 3530
496 325 2 7 21638
504 467 1 5 559
148 320 8 6 8599
274 53 2 4 84
133 312 3 6 4526
166 318 7 3 67
326 491 4 3 49
131 60 10 3 173
336 448 4 4 192
392 136 3 5 878
64 75 8 3 58
211 433 3 5 1850
405 393 2 5 558
415 14 8 7 45792
475 69 5 7 48112
125 335 8 4 315
481 214 3 4 135
125 1 7 3 107
345 352 7 7 193579
511 191 6 4 510
398 405 6 2 28
204 231 8 1 11
61 220 7 5 2704
359 498 6 4 173
413 159 3 3 23
4 62 2 7 34707
458 351 7 7 143920
218 325 2 5 1119
184 488 9 3 57
131 327 8 5 1476
29 210 7 5 1775
74 138 1 5 524
48 333 8 3 129
110 339 10 1 14
408 186 6 6 4348
340 441 6 4 139
251 446 4 6 7943
31 254 6 5 914
336 79 6 6 8375
111 375 4 5 605
199 351 1 7 11755
258 429 10 6 32994
503 484 2 5 918
152 452 10 3 180
247 166 10 3 153
460 442 2 5 277
81 489 10 4 516
91 476 8 6 11554
202 449 2 5 435
137 230 6 4 383
147 127 9 5 4087
229 424 10 4 262
462 27 8 3 176
387 140 3 5 470
322 160 9 7 143376
177 218 6 4 675
53 275 9 1 10
268 37 7 4 292
330 88 10 5 1469
107 462 3 5 1073
508 252 8 5 1280
343 78 7 5 1585
385 88 8 6 12171
403 66 7 4 325
424 490 5 4 432
266 293 7 6 8269
177 182 2 4 225
149 4 1 5 210
423 324 5 4 258
504 180 3 4 305
457 115 3 5 1872
493 85 4 4 100
257 240 5 4 115
470 36 3 2 15
179 507 9 3 109
473 504 2 7 52437
125 304 6 7 100474
363 434 3 5 880
175 87 1 5 607
183 464 10 5 5644
186 482 1 4 63
146 458 4 7 37884
51 209 8 6 6689
413 464 1 7 12414
331 130 7 4 283
194 161 6 4 372
345 204 3 2 7
342 194 2 4 64
10 115 2 5 1093
160 432 1 5 193
215 229 3 4 308
484 191 7 3 107
41 250 9 3 134
339 86 9 4 537
244 91 9 5 1319
61 236 2 5 1003
190 394 3 3 59
125 6 5 5 3255
508 205 8 3 98
248 408 2 2 8
411 280 1 5 121
262 392 9 4 221
400 392 2 4 57
386 265 9 2 21
174 34 4 4 376
96 121 5 4 320
263 96 9 7 85348
410 447 10 4 266
306 460 6 3 113
191 279 4 8 332615
35 83 3 3 24
192 242 1 6 1655
369 247 5 2 15
350 153 1 7 5277
479 274 10 5 2000
26 418 5 6 4874
301 269 7 6 9294
390 181 8 4 411
316 65 8 4 376
85 146 7 4 264
356 361 9 4 334
241 163 3 4 79
284 239 2 4 170
364 384 10 3 88
70 284 3 5 498
248 479 10 6 12541
483 142 1 5 128
38 189 7 2 35
407 298 4 1 5
285 240 10 3 145
22 131 1 4 57
427 98 7 2 20
293 274 4 6 9801
119 489 2 3 41
332 489 8 4 516
283 245 2 6 1911
358 491 8 3 80
283 272 10 6 9395
162 72 8 7 55735
207 259 5 7 39313
246 89 4 4 175
359 59 2 6 2786
71 492 9 5 3289
39 234 6 3 94
297 212 2 4 141
256 326 9 5 1137
400 423 9 2 18
418 165 2 6 5865
461 334 10 5 1432
451 500 1 4 50
63 480 9 4 444
276 339 5 4 458
141 172 3 5 932
299 64 8 3 116
93 402 1 5 338
90 165 8 4 372
433 169 10 4 949
445 468 9 5 3306
367 36 9 5 1200
375 508 8 4 494
225 288 6 3 65
82 296 2 8 258453
156 481 2 6 1989
366 8 6 3 77
100 420 8 6 12453
264 109 10 4 430
92 14 7 4 492
134 35 2 7 54349
414 441 1 6 985
187 57 7 4 284
42 133 1 4 37
473 266 9 4 233
458 119 6 3 74
192 360 3 4 207
94 81 2 6 2618
216 13 6 6 4464
76 173 7 2 31
120 454 9 5 3903
343 60 8 2 16
192 460 10 4 229
184 465 5 4 128
69 61 8 5 2436
487 247 2 6 3025
266 308 4 4 220
423 257 1 6 894
421 192 8 2 20
143 98 5 6 8914
89 380 3 6 5965
228 398 6 2 30
312 208 9 4 480
51 506 8 4 516
373 53 3 5 1834
494 121 4 4 240
329 228 7 6 23007
86 229 9 5 2344
476 119 5 3 95
76 148 6 3 102
58 21 7 2 34
443 33 2 4 143
233 353 2 3 18
141 25 3 6 2607
195 58 7 4 374
287 178 4 5 618
181 421 4 4 251
419 33 7 2 18
386 116 7 5 4381
163 39 4 4 171
185 33 1 5 148
185 471 5 4 390
186 5 5 4 429
452 308 10 3 61
382 35 4 4 170
172 211 2 7 18359
260 59 7 5 900
333 111 4 4 177
57 59 6 6 4970
202 115 10 4 791
141 195 9 4 462
510 426 9 1 7
444 365 2 6 2136
39 406 3 3 54
115 421 9 6 6838
317 45 9 4 316
161 54 7 4 495
459 283 8 6 5761
299 249 9 3 65
3 507 3 3 22
229 428 1 5 166
29 73 5 7 110816
330 30 1 7 10517
398 118 8 4 267
223 402 9 4 393
158 29 7 4 242
235 346 10 3 143
361 212 8 1 14
112 326 7 6 24569
345 235 4 5 1254
358 223 2 5 466
86 283 4 3 68
467 161 8 6 17112
473 223 5 5 1033
29 209 7 3 100
376 243 5 5 735
72 50 7 6 6490
349 439 6 4 221
308 170 3 7 16196
140 271 3 4 194
279 3 4 4 94
207 34 5 3 34
32 332 6 3 32
149 170 9 4 260
183 54 3 4 307
325 171 8 3 50
91 163 1 6 1083
40 473 4 5 829
363 384 6 8 261260
268 451 8 4 415
399 15 9 3 115
356 368 2 6 3400
486 70 8 4 254
105 340 8 6 11335
435 24 10 6 24502
508 242 4 8 506216
417 254 10 2 38
386 441 3 7 43739
89 423 9 4 753
390 24 8 9 12961780
504 122 10 4 1097
186 208 6 4 672
70 485 5 4 268
165 337 2 5 616
18 30 8 6 8388
169 36 8 5 5432
212 392 9 6 9275
248 453 3 6 2186
169 310 4 3 37
495 378 7 5 3746
241 469 6 3 49
179 231 10 3 89
119 322 3 4 133
411 311 3 6 4445
227 258 2 5 970
160 45 7 4 522
463 202 2 4 51
208 153 9 4 386
140 420 3 4 186
198 185 8 1 12
154 510 4 6 3151
314 121 10 4 240
251 401 9 5 4020
100 409 8 5 2128
112 412 6 5 1613
28 505 9 2 22
296 137 8 4 308
495 323 8 8 867869
43 180 5 5 894
159 171 6 2 17
109 281 6 7 90221
232 145 9 2 43
381 27 7 4 400
140 401 3 5 1070
103 320 10 3 73
86 459 2 6 4312
489 382 10 5 2638
185 52 7 3 111
127 172 2 5 335
456 357 3 4 331
355 326 7 4 654
9 219 6 4 423
160 508 10 4 450
303 177 8 7 75091
463 456 8 5 1552
163 224 8 10 39264347
233 28 2 6 2720
142 354 10 4 302
269 336 6 5 1222
258 44 6 3 126
341 396 4 4 223
436 81 6 6 9401
232 130 1 4 57
60 340 3 4 243
145 318 5 1 6
487 498 6 4 252
165 470 3 6 6672
123 193 7 2 29
128 495 10 3 118
465 349 2 5 584
146 365 10 4 830
425 335 6 4 576
425 197 7 4 653
9 241 8 3 125
128 424 8 4 876
140 125 6 5 1545
143 503 6 4 399
109 200 8 3 157
100 10 7 4 156
358 496 5 8 418186
42 454 4 5 2536
463 107 3 4 243
239 177 5 5 2991
511 267 8 2 16
498 163 8 4 641
281 392 7 4 666
436 508 7 5 2266
270 121 2 6 4072
289 495 7 1 6
327 260 1 6 1192
288 510 7 4 497
13 86 1 6 899
484 104 7 4 173
76 320 8 7 168681
34 270 1 5 230
417 262 2 4 96
339 117 8 4 254
310 380 10 6 16552
112 259 7 3 46
26 406 10 5 4594
255 223 5 2 20
45 291 10 3 175
225 344 4 4 334
440 106 6 3 86
143 484 10 3 199
354 419 8 4 456
419 206 8 3 115
119 339 6 6 10403
226 436 6 3 46
439 497 1 6 2315
194 26 3 6 2177
100 262 10 3 217
77 56 5 6 3881
391 338 8 1 5
197 35 2 5 274
505 417 6 4 513
508 260 3 7 31950
134 480 7 3 79
209 492 4 2 15
463 286 2 6 3565
121 55 10 4 1128
94 58 9 5 1374
174 474 3 6 4257
131 54 4 3 48
164 145 8 4 711
288 487 8 5 4362
310 363 9 6 41835
79 402 9 6 43403
178 332 2 6 1671
3 218 8 6 6035
70 382 7 10 43387215
331 321 10 5 5655
357 509 8 3 57
187 274 7 3 48
179 105 10 6 8563
292 415 6 5 3572
153 385 2 4 111
98 383 5 6 4095
250 191 1 4 71
80 417 8 5 4953
165 178 3 5 1849
296 247 6 6 12747
66 366 10 3 63
185 205 2 6 1830
39 301 10 5 6614
495 509 10 5 5097
324 396 1 5 334
484 215 9 4 341
461 40 10 6 17448
468 365 6 6 7890
421 91 2 5 1283
478 225 4 7 90798
259 305 10 5 2021
64 82 8 5 1158
357 475 10 1 13
89 270 4 4 123
296 90 7 4 248
428 311 4 4 301
473 126 9 3 162
348 165 8 3 111
245 192 5 2 15
53 264 6 5 1459
252 453 9 4 909
13 167 9 6 7249
245 367 4 7 22219
65 488 4 7 37463
178 501 5 3 71
55 321 2 4 62
217 504 10 4 322
280 176 6 3 117
472 426 1 5 133
260 434 6 3 126
54 13 3 6 7294
118 10 2 3 32
164 315 6 6 17099
203 425 1 7 5539
460 428 10 3 56
106 164 1 4 74
342 261 4 4 377
343 26 9 3 100
188 194 2 6 4378
501 128 7 4 521
265 301 6 3 49
106 340 10 3 65
449 100 2 6 1881
25 280 6 3 38
