1040 3.946296799392235e-06 
7518 4.467632933627825e-06 
9929 3.4222468600616455e-06 
8924 3.3205526264060074e-06 
2791 3.452832442815554e-06 
8305 3.429090069602942e-06 
9873 4.216580692133459e-06 
4311 3.1243155374153327e-06 
5508 6.298726820255951e-07 
8094 4.8563213876497956e-06 
6667 3.3619848609454725e-06 
3178 3.440179802728834e-06 
8833 4.257329846972211e-06 
4188 3.4132993674073766e-06 
7585 2.684944416882996e-06 
4057 3.6699657671154527e-06 
2480 3.467986946752731e-06 
5015 3.5229413185939983e-06 
2518 3.4096996201914244e-06 
3015 3.1473020066874903e-06 
8755 3.4214816394849435e-06 
7447 3.411109651017628e-06 
6279 3.885648441376113e-06 
1055 3.422885793638704e-06 
436 3.189320612429909e-06 
6542 3.4141935212382085e-06 
4898 3.5117256256459023e-06 
5422 2.9512005806450027e-06 
8507 3.441447694473217e-06 
8409 3.048514554875802e-06 
437 3.5118533902361302e-06 
5006 3.767196527106512e-07 
9749 3.529480855474382e-06 
6456 3.490471286690733e-06 
35 3.4981317677840117e-06 
3153 3.42929808677589e-06 
81 6.425790832010245e-06 
2045 3.918038720414242e-06 
9586 3.2095077674969503e-06 
6496 4.897495761768476e-06 
5868 3.4240052649494704e-06 
9524 3.4344041000102857e-06 
2460 2.2561114784574874e-07 
4347 3.3964863982318617e-06 
8745 3.364185123945685e-06 
5319 3.4220520506152976e-06 
8710 3.087812713366063e-06 
7891 3.4155720984803966e-06 
4493 3.431500407313723e-06 
2400 3.4335020939923623e-06 
8777 3.4545322327470887e-06 
8662 3.455374507280425e-06 
9853 3.44388132737977e-06 
1034 3.401696439203332e-06 
4962 3.4320284815870203e-06 
4548 3.3292621104112155e-06 
2587 3.4224349228076416e-06 
4496 3.4323962993275605e-06 
9340 3.59935109823282e-06 
4275 3.4219376475733334e-06 
6276 3.4234530166582773e-06 
5265 3.444316448348355e-06 
2064 3.3813950274924372e-06 
3105 3.4259249969439214e-06 
9049 3.6161456251423746e-06 
5468 3.488527205385022e-06 
993 3.4234415363103508e-06 
4734 2.8096363515991077e-06 
7534 3.4296780722706508e-06 
464 3.37895979011345e-06 
4301 3.4943083275583755e-06 
4683 3.412154384471221e-06 
5540 3.4200733792255917e-06 
308 3.435254119928352e-06 
9031 3.439305653484872e-06 
9901 3.5012473434517192e-06 
2041 3.4738291522354544e-06 
1781 3.3706325834810322e-06 
6728 3.630077210315923e-06 
4399 3.4474619613292896e-06 
8978 3.4213839931528054e-06 
3979 3.5370125544077263e-06 
1600 4.379324832624062e-06 
9474 3.4254460369287305e-06 
337 3.4660407173968156e-06 
6666 4.409353892349644e-06 
4921 3.4905855517199398e-06 
2717 3.384513499569258e-06 
1652 3.429290161055489e-06 
7102 3.2282480418576674e-06 
7142 3.4281390692275533e-06 
1208 3.5073631076222403e-06 
2789 3.504885077899834e-06 
5513 3.657520965690569e-06 
1762 3.4288450014970205e-06 
3301 3.8534588611873054e-06 
7499 3.5963647171367295e-06 
8437 3.4369381589605466e-06 
3578 3.423044161085547e-06 
553 3.437694647453615e-06 
4438 3.3883792502840626e-06 
2471 3.3514185388046346e-06 
9909 3.4216241519320467e-06 
1186 3.4440565671812306e-06 
4887 3.0777175710345036e-06 
2864 3.4309759652970335e-06 
292 3.232278191120155e-06 
7291 3.633667458773994e-06 
5818 3.484880311800586e-06 
3326 4.0857657854510245e-06 
1827 5.762932523187829e-07 
975 2.1268354163620336e-06 
5054 4.224524423874598e-07 
7899 3.0156127762541964e-06 
3464 3.495431288482743e-06 
394 1.4555708768245992e-06 
6196 3.520025045668793e-08 
952 3.7529027802478084e-06 
8299 2.7796612330007756e-06 
9810 3.3957776795535807e-06 
3149 3.4203827851087866e-06 
6872 4.668102960616178e-06 
5171 3.4137354291050182e-06 
380 3.4634509184162777e-06 
4299 4.377077401554671e-06 
412 3.6654348814757016e-06 
8223 3.4119242366064706e-06 
6763 3.4347100690554293e-06 
9538 3.464521287114357e-06 
902 3.50214429374793e-06 
9159 3.4388788342635847e-06 
8484 3.42772918640691e-06 
7720 3.4179261582871634e-06 
9364 3.424692939044881e-06 
6338 3.424685698785832e-06 
2249 3.142157372299285e-06 
1871 3.3427760553003694e-06 
3735 3.3116031938286403e-06 
2839 3.421216332345968e-06 
5628 3.4534426647728223e-06 
2191 3.3146447351476435e-06 
7591 3.444320021942242e-06 
8218 3.732256628919357e-06 
8554 3.4214796786405225e-06 
8442 3.4314639030280886e-06 
3025 3.4772979648011737e-06 
7262 3.4330241882682927e-06 
7653 3.3890307859507177e-06 
6550 3.422961611790247e-06 
4482 3.4380219217927023e-06 
6628 3.404770943811742e-06 
1502 3.2615630798028693e-06 
200 3.758080415302332e-06 
4473 3.7599852586659315e-06 
1809 1.2543139163166947e-06 
7582 2.807600967364048e-06 
6998 1.3995427003097585e-07 
7575 3.1774340631619627e-06 
1310 3.4282342230841106e-06 
1702 3.456141210798461e-06 
1205 3.5147568315817854e-06 
1606 3.4365979748733968e-06 
5056 3.424940850195765e-06 
9177 3.2797376841924557e-06 
2376 3.4409590391773415e-06 
1460 2.380767768122848e-06 
8870 3.945466261165386e-06 
5168 3.4591178409139765e-06 
5727 3.394499183213822e-06 
6752 3.3880044764326654e-06 
421 3.349628157795018e-06 
7469 2.905380141633436e-07 
3174 3.410614835968497e-06 
5662 3.0690550553223232e-06 
7579 3.520918488247856e-06 
836 3.450903958981674e-06 
4581 2.4174025757786508e-06 
469 3.4378053171734754e-06 
4151 2.3422029985443096e-06 
5080 4.6693853099915873e-07 
2207 3.727609515871943e-06 
9133 1.3325379056988789e-05 
5355 3.4540573643364013e-06 
376 3.4777545790717666e-06 
792 3.4279655272655605e-06 
2433 3.3900900787193035e-06 
6732 3.420282712528662e-06 
120 4.2981611535519883e-07 
6218 3.4396641205497754e-06 
4206 3.796079435964248e-06 
1121 3.0521154994705086e-06 
1152 3.4191011576297502e-06 
8029 3.643031381422277e-06 
6181 3.3876519405177386e-06 
3596 3.4214737438076124e-06 
6504 3.448939347869976e-06 
4809 8.592237233809496e-07 
8654 3.6896967016515066e-06 
3317 3.299835238776557e-06 
927 3.596808059532347e-06 
1027 3.422975379306955e-06 
5948 2.0176377330625165e-07 
7063 2.6476001479076086e-06 
4897 6.840535196210628e-08 
1539 3.353809100297625e-06 
6596 3.4092761663696226e-06 
6033 3.4212082648474805e-06 
5899 3.3661681492667184e-06 
1967 3.678177457025486e-06 
2168 3.426180047999866e-06 
9060 3.551397610505664e-06 
6230 3.424813501881185e-06 
4968 3.4590612054067366e-06 
402 2.2055590159693892e-07 
3137 3.379796052419149e-06 
1828 3.954303867686958e-06 
7342 3.3654591366782902e-06 
8526 3.4197357415869417e-06 
1279 3.4251879720604843e-06 
2809 3.432483370834313e-06 
5222 2.5363092371174107e-06 
3034 3.458117980446861e-06 
513 3.46724832950663e-06 
6894 4.4684345511554745e-07 
1685 3.3949093448945798e-06 
816 3.5104809165678813e-06 
5093 8.779345006489813e-07 
8272 3.7039835601985052e-06 
6488 2.1084743117264793e-06 
8066 3.424456226232377e-06 
2182 2.6686911669924536e-06 
5678 2.028521187660471e-06 
8364 3.3197107160991732e-06 
8881 4.001363876202855e-06 
8675 4.512154523529419e-06 
3936 3.461437086705418e-06 
8130 3.0683548468411016e-06 
2259 3.7997819677014745e-06 
7248 3.4063027794089275e-06 
6266 4.725235992806453e-06 
6563 1.671176643428554e-07 
1708 3.4198787087611035e-06 
3752 3.4199649010343543e-06 
9037 2.1179337854125725e-06 
209 7.160882877910292e-06 
1345 3.4221022271431142e-06 
997 3.7135525514209494e-06 
7599 3.4201360622669567e-06 
9082 3.4501726772521794e-06 
5512 3.0710741670072295e-06 
978 3.2279728769682647e-06 
3671 3.4523291312875116e-06 
9945 3.385783077568088e-06 
8431 3.066470300257031e-06 
2240 5.011375468635614e-06 
4530 3.4319369508880405e-06 
4571 2.672380345705955e-06 
9851 3.4067641081406295e-06 
2761 3.4315594281662824e-06 
7562 3.4138823649572294e-06 
6548 2.8491597701914516e-06 
2621 2.1582003409193987e-06 
5106 3.359976591925308e-06 
3164 3.422979149290545e-06 
1065 3.6101144975210188e-06 
7934 3.2192748740825022e-06 
2187 3.4220431305786078e-06 
28 3.3606966928945237e-06 
6412 3.406818067565441e-06 
6098 1.4058912062917106e-06 
9497 7.012624574994173e-06 
3954 3.508712336502637e-06 
9072 3.606983500356237e-06 
6255 3.5245879510505934e-06 
9701 1.2781658308957177e-06 
195 3.4253018676844214e-06 
8574 3.44272530934852e-06 
2939 2.4110698724653587e-08 
6484 3.404660835471349e-06 
4397 3.4186464273190745e-06 
4591 3.415309677994115e-06 
4961 3.5939992501483395e-06 
8519 3.487872032550436e-06 
5698 3.4446662818539577e-06 
1821 3.2296337950220146e-06 
7283 3.4280151990694857e-06 
4286 3.7171176279587228e-06 
5084 3.571288241664394e-06 
1023 3.4530980368041634e-06 
2618 3.4226745661330724e-06 
3280 5.795686078114922e-06 
9751 3.9240129966764195e-08 
905 3.1634087463036455e-06 
5103 3.4688142993246652e-06 
1965 3.623821501566902e-06 
8782 3.4230299070285385e-06 
7537 3.5069062598488187e-06 
222 3.5766726007314055e-06 
8086 1.7498872121395306e-06 
3020 3.52874586651694e-06 
7759 3.3241739712323665e-06 
8141 3.4199860013869024e-06 
1156 2.1779769003173966e-06 
6672 3.441376854258658e-06 
7167 4.2450220800702085e-06 
3665 3.398717833968327e-06 
3506 3.0107881666092154e-06 
1858 3.420696454200933e-06 
6452 1.349071617916855e-07 
406 3.6449676786143315e-06 
6829 3.8393766383750715e-06 
8301 3.5342464349745924e-06 
5419 3.428659648134383e-06 
8850 3.45903598872264e-06 
2001 3.474417056472417e-06 
5123 3.3086847452196088e-06 
7772 8.677631293000122e-07 
6545 7.631762975716278e-06 
8513 3.4339053129156677e-06 
5618 3.460624673270715e-06 
994 3.846497722171914e-06 
8355 3.401620949153676e-06 
5191 3.546628672807955e-06 
6436 3.420817748377701e-06 
2369 3.440625246497066e-06 
4941 3.2281142654534896e-06 
9922 3.4043191855734424e-06 
9023 2.943900643714037e-06 
7736 3.196064675518054e-06 
8597 3.4682757464278395e-06 
7753 3.4069128437351954e-06 
6852 5.359741781207797e-06 
8175 3.4244109029530338e-06 
5349 3.5037027893292378e-06 
1514 3.856833834444684e-06 
7199 3.3027872895471756e-06 
8073 4.332897728943321e-06 
2692 3.425380808694982e-06 
9692 4.078348627713545e-06 
5841 3.3144362984963903e-06 
4867 3.4247254695451207e-06 
2391 3.4063731523382077e-06 
3565 3.0837384385772467e-06 
8858 3.3975716662392197e-06 
4661 3.423495408655134e-06 
2766 5.168932515435367e-06 
9704 3.446126607499355e-06 
7868 3.828472487526517e-06 
9091 3.580715925279008e-06 
2104 3.412733342921735e-06 
6458 3.462424234214453e-06 
1548 3.4206160184718856e-06 
2468 3.4312332286560356e-06 
3353 2.5995826312028024e-06 
7644 3.3236095487650746e-06 
8395 2.1611860187471267e-07 
7234 3.3295066165225028e-06 
6383 3.318047315883502e-06 
6690 3.5364069535156168e-06 
6938 3.3336729523925643e-06 
8861 3.434240523937335e-06 
2820 3.2638323996473385e-06 
5182 3.3924629273025653e-06 
4288 3.4191631478061687e-06 
9314 3.425689885631319e-06 
741 3.4203449932751906e-06 
9112 3.4295105918036733e-06 
4378 3.3821233321485456e-06 
2777 2.778574081426247e-06 
3055 4.470304716831177e-06 
9848 2.5391357440013705e-06 
4574 8.601884374484409e-06 
4234 3.423215936106985e-06 
3763 6.69156466537811e-06 
4948 3.6256637701729713e-06 
2128 1.1000720875451817e-06 
7287 3.3639562173407578e-06 
5545 3.4926151528190535e-06 
4760 3.3520617657354933e-06 
5810 3.004972544551245e-06 
7123 3.3521112803120185e-06 
22 3.183355172552654e-06 
7999 3.437385479297948e-06 
4613 3.2981588513224247e-06 
8168 3.387627595548167e-06 
7613 3.437860810215925e-06 
4186 3.246300246850908e-06 
4433 4.595387459517802e-06 
7610 4.359595723619745e-06 
8482 3.3446706633536633e-06 
2511 2.510509506997561e-07 
3311 3.4600347809923244e-06 
8185 3.4223588958225597e-06 
2441 3.770756724681569e-06 
3694 3.0706737324632018e-06 
7439 3.4531975694575755e-06 
5901 6.186497675764967e-06 
455 3.1258122131715563e-06 
1724 4.822047910235585e-06 
5908 3.427414837572984e-06 
6024 4.571635306747186e-08 
2562 3.30177595694921e-06 
6572 3.43321760436794e-06 
7131 3.439029483779005e-06 
5095 1.810657933420695e-06 
7378 3.422826324374015e-06 
5879 3.4150230885093423e-06 
9476 6.243109211356264e-06 
5157 3.2882636610596342e-06 
4606 3.518634165826796e-06 
346 3.6697059192160973e-06 
9077 3.43628147205866e-06 
8220 5.284198644011698e-06 
2263 3.307781200567213e-06 
9429 3.936342683771047e-06 
5637 3.6400832255192936e-06 
1841 3.3917704366513927e-06 
2452 3.4705371159300944e-06 
6913 2.6582413734318554e-06 
4492 3.629686824571585e-06 
2086 3.4628227555459747e-06 
6242 3.4228692590113713e-06 
7832 3.7228810094898743e-06 
5334 6.137395558764718e-07 
2544 3.4001516836299806e-06 
8724 3.459499781456185e-06 
6668 3.422393035376682e-06 
6167 3.442087207673058e-06 
9762 4.1022516859739495e-06 
3273 5.422109080838301e-06 
2474 3.2467140317307954e-06 
5364 3.5572142545731015e-06 
3331 3.4427006456010777e-06 
7021 2.596669530247924e-06 
408 2.8968169422152673e-06 
1005 3.2587964024501086e-06 
1515 3.65870191766323e-06 
9763 3.485481738146888e-06 
450 2.8374181945363415e-06 
1733 2.9820297329698945e-06 
9132 3.4351562524024926e-06 
532 3.2412593033092836e-06 
2166 3.6365466589914236e-06 
929 3.14276183495174e-06 
8667 3.422833815097307e-06 
6735 3.4029945970756113e-06 
6614 3.78803695255008e-06 
6657 1.7129323134086984e-07 
4917 3.4181503473047673e-06 
4668 3.4476717187908303e-06 
3079 3.503624032388585e-06 
1746 4.148923471784831e-06 
4246 3.064991191864171e-06 
440 4.7224190326722e-06 
6689 1.577820522249885e-06 
9784 3.4137539506702037e-06 
8069 3.4215687476644963e-06 
2095 3.5493451603642703e-06 
4341 3.270236466443064e-06 
5709 3.425876724830881e-06 
4436 3.4330510379054604e-06 
9093 3.4591391754004915e-06 
7277 3.108721481957525e-06 
2853 3.224457024207991e-06 
9984 3.3738271413590266e-06 
1109 3.0285249091692786e-06 
1856 6.798277262970937e-06 
1214 2.8088728913535765e-07 
1710 3.440785555125412e-06 
1688 3.420449759187569e-06 
3228 3.243123923894688e-07 
9110 3.3829396849019887e-06 
8561 3.474990947822212e-06 
2096 3.427458884674366e-06 
124 3.2154094592394844e-06 
1400 3.51667717684657e-06 
9257 3.434884052140992e-06 
8640 3.428029049842093e-06 
5576 3.420090491776707e-06 
1001 3.7382149123410933e-06 
5889 3.222191452740171e-06 
330 2.9730997640097773e-06 
5382 1.9135329427860125e-06 
5725 2.948765936449495e-06 
9236 1.8585838572344169e-06 
3865 3.5375131738539755e-06 
2616 3.2483083402373205e-06 
7885 3.5684938406317094e-06 
5252 3.4243769856493368e-06 
3731 3.4368374216320877e-06 
8524 3.419138679296216e-06 
2568 3.4481707792046197e-06 
8139 3.419020703338936e-06 
2765 3.4167682014784497e-06 
1776 3.430452919987584e-06 
2159 3.7672815488127085e-06 
7171 3.429879617594306e-06 
3955 3.397926059898515e-06 
3017 3.36874612361368e-06 
8878 2.9822905080017823e-06 
6809 3.4814561563296756e-06 
1634 3.4277579495974368e-06 
1674 2.135323608047992e-06 
7448 3.6374371150661263e-06 
1271 3.238623823258238e-06 
2306 3.095688442843507e-06 
3536 3.4394520255749183e-06 
7486 2.3419801731184764e-06 
3540 3.419035922060439e-06 
9408 2.4263568073880346e-06 
4870 3.437070715936815e-06 
4273 4.258430353430763e-06 
7630 3.5294203503389326e-06 
6128 3.4171392092376276e-06 
8128 3.3948270354961597e-06 
4028 3.4127381362542672e-06 
2928 3.430704850480961e-06 
9641 3.438976984428722e-06 
9006 3.805195970623195e-06 
9087 3.423090466086428e-06 
6326 2.638900161428898e-06 
5174 3.608847261265414e-06 
1766 3.241590283505145e-06 
3949 4.441454819173545e-06 
4354 3.420148228620415e-06 
9676 2.4280479222273414e-06 
5245 3.5684574086837727e-06 
2649 3.4700124022282954e-06 
7875 1.936491743850838e-06 
9164 3.4329661624046504e-06 
1362 3.194644759223595e-06 
3033 3.377418179984697e-06 
6259 3.4492858090063598e-06 
6396 3.3819188571843926e-06 
8787 2.6500100544254234e-06 
24 3.7299773128358874e-06 
9495 3.4909670655690664e-06 
3135 3.5240392813709425e-06 
5846 3.794914803154168e-06 
2797 3.4282756861702904e-06 
9656 3.2490281400349576e-06 
7819 3.7787483798600715e-06 
8798 3.7891797442056277e-06 
2008 2.7307755807225578e-06 
565 3.451688863684163e-06 
8235 3.4258894554668215e-06 
3439 3.4843139569586084e-06 
6537 3.5601856468074156e-06 
593 3.4056411434012936e-06 
1458 3.4310540609173607e-06 
5404 2.5233264429994604e-06 
3330 2.272712260193449e-06 
8328 3.3861440878068497e-06 
342 3.427779159394031e-06 
3310 3.433417529147011e-06 
9555 3.4202770504218974e-06 
5366 4.082679989448017e-06 
7269 3.429254551151037e-06 
8393 2.73757842546469e-06 
6586 3.4274704061092895e-06 
4733 3.3915152549294384e-06 
201 1.8469130176418038e-06 
3719 3.369561972224882e-06 
2519 3.418721699252053e-06 
9443 3.3540563333137216e-06 
7390 6.914578019129903e-07 
40 3.4382235411750297e-06 
5660 3.4840198080455114e-06 
3711 3.435132087974857e-06 
8470 3.158572624134654e-06 
6390 3.4329134393101694e-06 
7422 3.316403636869599e-06 
3704 3.420805212463685e-06 
4155 3.833280036384862e-06 
4605 3.302535118102759e-06 
5720 3.4242610886935708e-06 
8841 3.4397613796608e-06 
8975 3.4632125811879494e-06 
9750 3.3620329476679955e-06 
9500 3.4715757193644004e-06 
5153 3.4819760451563895e-06 
7150 3.416962288413565e-06 
2458 2.8368752271504177e-06 
326 3.444011737985345e-06 
735 5.584839080776513e-06 
2265 3.4766396138698223e-06 
9129 4.305371751287349e-06 
6348 3.53717034667003e-06 
9124 3.314995552830411e-06 
9285 2.854855139308726e-07 
1641 2.8762142327014856e-06 
766 3.1567773142455537e-06 
4769 2.97556733801836e-06 
3679 3.413817361890752e-06 
3815 3.2585508120725796e-06 
2772 3.4146673030347315e-06 
1583 2.8392393288756514e-06 
2599 3.4548951540699913e-06 
9166 3.2185639433885016e-06 
486 3.416630911525264e-06 
8215 3.425186768820579e-06 
3703 3.42017663799126e-06 
101 3.283346886745546e-06 
1787 3.423021153430321e-06 
6362 3.3653124895345575e-06 
6324 3.4242472225473935e-06 
9371 3.5599464556576085e-06 
5805 1.912441392339748e-06 
872 3.176695219006304e-06 
5965 3.42370576615178e-06 
7563 3.7476043203350485e-06 
3401 3.408611366039713e-06 
7395 3.3982501461303e-06 
4639 1.9030108293444523e-06 
8790 1.6748256285192725e-06 
2305 2.5728586831546616e-06 
1068 3.5058355497116606e-06 
100 3.4541268428995658e-06 
8781 3.6753646154822214e-06 
8416 2.219536541655904e-06 
3163 3.595234939043984e-06 
1392 3.422227926288755e-06 
2155 3.4149252163191236e-06 
7064 3.7455662984941477e-06 
4675 3.4241979647009215e-06 
2555 1.2501226320782693e-07 
149 3.437920584307745e-06 
990 3.4231237160042864e-06 
702 3.194053857277683e-06 
3728 2.5872202146710587e-06 
577 3.4247795748814183e-06 
4826 3.46907542109924e-06 
8400 3.426579666724635e-06 
5338 3.4566924079732196e-06 
5063 3.39743040513022e-06 
1535 3.4310559181743995e-06 
1474 3.4366566119413652e-06 
2015 3.2131906333842334e-06 
9267 3.471610384032881e-06 
4529 3.4214105015489505e-06 
5636 3.629066174364298e-06 
395 3.488600562515295e-06 
5705 4.338085482524559e-06 
8752 3.3258854507618927e-06 
4810 3.4309147359700105e-06 
879 3.4479915695434903e-06 
521 3.4217103023120466e-06 
9356 2.4205184967600843e-06 
7156 2.8216193353407395e-06 
5072 6.760664835678205e-06 
8090 3.4193701882965777e-06 
1926 3.418748361642802e-06 
3727 3.5400505621511473e-06 
3937 1.4021305658354044e-06 
8882 3.1710414685982177e-06 
1625 2.721307576823267e-06 
6664 3.4380200215517823e-06 
3760 3.212934728686342e-06 
3812 4.9599418243861435e-06 
2847 3.4162841211672595e-06 
2024 3.225057149467175e-06 
616 3.419224273819893e-06 
8351 8.017720624711682e-07 
3225 3.7001766710190887e-06 
4787 2.0369263974750613e-06 
6251 3.625477381529908e-06 
9998 3.5101449404102698e-06 
2552 3.6169482639121045e-06 
3215 3.4946632177141403e-06 
6880 3.0580027988740473e-06 
3179 2.9356684841157802e-06 
9883 3.4294182406085888e-06 
2061 4.424301255572294e-06 
5514 3.441611523879034e-06 
1494 3.753146573399688e-06 
1428 3.4355139713841395e-06 
4779 2.503326155487821e-06 
477 3.3985226340025698e-06 
7297 1.836615562092235e-06 
8210 3.4182233599523415e-06 
3924 3.421888037143051e-06 
4236 2.042175934903533e-06 
7694 3.429391827864361e-06 
5424 3.3731417122370067e-06 
8453 3.345487123164965e-06 
9086 3.3594395626633235e-06 
4412 3.422639258116641e-06 
5132 3.4243055234347865e-06 
9227 3.3997587438058832e-06 
2029 3.5218972367418825e-06 
4126 3.3435781318718083e-06 
5516 3.4458296392165573e-06 
1818 3.4442110624789536e-06 
1339 5.31699148070246e-06 
1592 3.4344189207829296e-06 
6327 3.5723501929454773e-06 
4674 3.4767322025873494e-06 
7844 3.440285178122957e-06 
7948 2.2314977418983834e-06 
7543 3.430593321873604e-06 
2043 3.468244989394712e-06 
220 3.5687727250460893e-06 
1928 8.347242974423597e-07 
9305 3.539285734194813e-06 
6216 1.8054993419951036e-06 
5963 3.4245955259863453e-06 
5930 3.441472461865452e-06 
1386 3.409143319809037e-06 
2774 3.3910434827954205e-06 
5716 3.406012898651873e-06 
9070 3.4880835825669506e-06 
7073 3.5313081914844983e-06 
9108 3.270420563838209e-06 
7446 3.427174268639446e-06 
3894 2.6877502969312857e-06 
2057 3.7099333546140996e-06 
2367 4.555431703569185e-06 
9376 1.7434953738566404e-07 
2569 4.61151814343159e-06 
1853 3.468414773689957e-06 
4244 3.09468969057707e-06 
5907 3.4089322186431062e-06 
9671 3.4140844345532757e-06 
8960 3.4243520012623562e-06 
6208 6.68223531052437e-07 
8800 3.322181041082939e-06 
1864 3.6160024493816714e-06 
3820 3.416304444895397e-06 
185 3.476477487441961e-06 
3493 3.424848929590462e-06 
6577 3.428165135404298e-06 
7837 9.869652437812018e-07 
2558 3.4035195284518063e-06 
3107 3.4027059702134742e-06 
2531 3.4218837737603803e-06 
8501 3.4292015856412343e-06 
2457 3.4314841082019878e-06 
5975 2.8943795756655196e-06 
6369 3.4619741803436506e-06 
4157 6.120746552438339e-06 
9807 3.420912556405422e-06 
3534 1.9268651006242567e-06 
5 3.4161781198121296e-06 
4680 3.36358096875381e-06 
4168 3.4128700577713824e-06 
653 3.4162147369661623e-06 
2176 3.643780764747532e-06 
460 2.8304246036748265e-06 
7955 3.296675708815223e-06 
6437 3.7321084664826214e-06 
9938 3.4504561475709723e-06 
7616 3.464934346695979e-06 
2600 3.79963573052079e-06 
8585 3.333977934627835e-06 
591 3.3778833258748544e-06 
1312 3.4262526083931526e-06 
2301 3.4085460914095502e-06 
2696 2.1805573085120455e-06 
8992 3.338049251369695e-06 
8021 2.975456082959218e-06 
7118 3.5359840895448047e-06 
772 3.8804059721541424e-06 
6965 3.425136350302463e-06 
9517 3.419730769600562e-06 
7573 2.797870513060972e-06 
8160 3.4233461548856643e-06 
9553 1.7998635071302078e-06 
9266 3.1642926722000912e-06 
9654 3.4615386473165183e-06 
6958 3.3443460940946445e-06 
307 3.420499972257252e-06 
6170 1.9848135436831343e-06 
8984 2.168526331268986e-06 
7155 3.43963546329095e-06 
7101 3.4277125243706505e-06 
9069 3.4198212538754147e-06 
3194 3.4158717263387076e-06 
3969 3.5823569685077056e-06 
8562 3.4867099185067385e-06 
3467 3.615829763408453e-06 
6333 3.34350144632468e-06 
4386 3.3437235078803875e-06 
2534 3.429142629574262e-06 
1532 3.4127702803028888e-06 
5938 2.6864749386296622e-06 
2816 3.4236481765105055e-06 
1584 3.4280265143451124e-06 
107 3.651405349154327e-06 
2067 3.408837802195209e-06 
900 2.94404604040803e-06 
4267 4.563998580017188e-06 
9463 3.936357663620407e-06 
7853 4.682413517718122e-06 
3570 3.5670341812289e-06 
1555 3.4241624845628043e-06 
5059 3.678552268070059e-06 
8904 3.732143432197407e-06 
356 3.4466873621289634e-06 
771 3.426902770186968e-06 
3359 3.276591801227736e-06 
3545 3.419662681190752e-06 
6640 3.5235536433057176e-06 
7556 2.880265904027601e-06 
2081 3.4364806559120566e-06 
6017 3.272377946070023e-06 
5057 3.4214945239794635e-06 
3564 3.1833660506146014e-06 
6618 3.303773255829024e-06 
8413 3.4457829942304256e-06 
5159 2.893449574293495e-06 
8918 3.644364229638653e-06 
7779 3.2089995293260873e-06 
5914 3.247645775017884e-06 
8731 3.471796465891139e-06 
71 1.2206648356238335e-06 
1398 3.365637149737625e-06 
2113 3.320357366694909e-06 
5014 3.4063976067190028e-06 
853 3.5320436432336247e-06 
7061 3.561078839608724e-06 
9319 3.6728456945630204e-06 
1915 3.7559969701508836e-06 
1778 3.4693049993567783e-06 
1232 3.459385401024468e-06 
6250 2.729350257014083e-06 
6718 1.3660387364507393e-06 
1865 4.456684874232208e-06 
8831 3.3332430754467686e-06 
2965 7.985703745948624e-06 
6861 2.244694034893447e-06 
6240 3.42624870482279e-06 
1769 3.4263334949272053e-06 
6143 4.616110513329883e-06 
5988 3.518034939250733e-06 
9975 3.395783941034157e-06 
8838 3.558038822172626e-06 
3457 4.047131340500013e-06 
4392 3.1585599288863523e-06 
9882 3.4025777272537965e-06 
6263 3.2243928390245885e-06 
5178 8.918925644026528e-07 
247 3.071480436849644e-06 
2225 3.425165739609783e-06 
7930 3.4159554542290504e-06 
3261 3.4318246112259354e-06 
9420 3.4734472000251393e-06 
8570 3.411902155830664e-06 
6623 3.7258950742752166e-06 
1209 3.373263701927337e-06 
7466 3.443868227757932e-06 
3618 3.489922882096379e-06 
6361 3.422020430857095e-06 
9025 3.349432000134285e-06 
4497 1.7301565188260206e-06 
7645 3.3200597347530072e-06 
5214 3.3561423965803217e-06 
8339 3.3240046411312482e-06 
6479 1.3760417100219737e-07 
5486 3.546837668661939e-06 
7219 3.4625288848723512e-06 
2849 5.341045807866794e-06 
1361 3.5123470561851146e-06 
6492 3.45384229537104e-06 
6377 4.556862966255265e-06 
9254 3.4451361380131433e-06 
7044 3.6727284092275114e-06 
9748 3.650523511979299e-06 
9038 3.498482949144797e-06 
2374 3.4047680746729008e-06 
7217 3.1332553791970793e-06 
379 3.423180986121104e-06 
4019 3.4222380437622294e-06 
2117 3.3196844097578288e-06 
1936 3.783106292862131e-06 
4830 3.3299942551318266e-06 
8651 3.428152272397571e-06 
2445 3.450472495384548e-06 
6077 3.429981757635924e-06 
2578 3.513557066149343e-06 
2963 3.5936349479019254e-06 
6019 3.3835904161255744e-06 
7784 3.5923090246079744e-06 
2467 6.058407666340979e-06 
6494 3.816053283159734e-06 
4321 3.403519877001381e-06 
8251 3.5109087458002115e-06 
3155 3.914577329926547e-06 
8082 3.62438895248268e-06 
3425 1.5936859872925336e-07 
4256 2.8520947529100134e-06 
6413 3.434879647363132e-06 
1049 3.3891425336333603e-06 
7299 3.3004507668845263e-06 
7356 3.418876896639463e-06 
5000 3.407575333633044e-06 
9727 3.571062660357449e-06 
3636 3.395493490995187e-06 
7132 3.430296281799052e-06 
5620 3.4605033231110808e-06 
1831 3.108921802759249e-06 
3957 3.4205818861172968e-06 
8665 3.417214125474797e-06 
5577 2.407037452180792e-06 
6599 5.272041893242774e-06 
2446 3.421538273474702e-06 
108 3.284681491933039e-06 
9311 3.4566472825759967e-06 
7641 3.449996558852518e-06 
2227 3.4157511435506217e-06 
1636 3.352335295038267e-06 
4130 3.4146549078595492e-06 
5120 3.3441852634223993e-06 
9349 2.949544622845861e-06 
6342 2.663049076169463e-06 
8549 2.976007325608257e-06 
3780 3.429343845185586e-06 
3147 3.5183844508380677e-06 
2863 3.3160846126591597e-06 
507 3.418286849205549e-06 
8322 1.9197459194719242e-06 
7230 3.2270932605026574e-06 
5613 3.265154745614449e-06 
1761 3.42722532448329e-06 
9344 3.503583152943588e-06 
1353 3.4225706935916313e-06 
5277 3.3423799455860235e-06 
1510 3.383404357018934e-06 
7357 3.4067096303846808e-06 
359 3.4006899244104203e-06 
2006 3.4579982670316345e-06 
5217 3.4885696171212173e-06 
2961 3.37816766061249e-06 
3140 3.4267132376938926e-06 
8384 3.648971740416405e-06 
1105 3.1742419240099375e-06 
160 3.404692115451946e-06 
9486 4.010609652093422e-06 
4078 1.7121363808833998e-06 
1803 3.819671681909034e-06 
4096 3.446960221619996e-06 
3254 3.3535267814440513e-06 
8722 3.450035247223664e-06 
5375 3.1011666908175483e-06 
8797 3.5254654757682667e-06 
6455 1.601330856584514e-06 
9621 3.415501828452837e-06 
7168 3.2377068058417055e-06 
7956 3.4220009542724357e-06 
5970 3.4258569170541576e-06 
419 3.3931318316441996e-06 
5989 3.4607410721688586e-06 
2543 3.5524700549033232e-06 
9564 3.3985389212509867e-06 
3530 3.4450986080021806e-06 
3265 3.426364681460856e-06 
9862 3.4230780532712625e-06 
3662 3.476617309344018e-06 
8417 3.290886909408944e-06 
5666 3.371413441211823e-06 
8105 3.4456429391653113e-06 
3770 3.4756754733281667e-06 
7568 3.4373679152308144e-06 
3253 5.0545280274941545e-06 
4406 3.6941182869007784e-06 
6976 2.302860204836776e-06 
5756 3.4884551542544566e-06 
4820 3.429117625127151e-06 
7533 3.4060696683891006e-06 
6978 3.358977986055685e-06 
2829 3.3591789725949372e-06 
8737 3.34068005274834e-06 
7594 3.7320859727195415e-07 
6241 3.1003429919327184e-06 
164 1.3594881755422182e-06 
6696 2.4052821428111123e-06 
8457 3.414646047953716e-06 
5390 3.990839279040218e-06 
7220 3.4904611755156078e-06 
3804 3.4209139743601675e-06 
1253 3.4117993552827667e-06 
1378 3.4190452247931845e-06 
9358 3.426164378621538e-06 
105 2.387183189310293e-06 
1868 4.666397240908537e-06 
5236 3.4169895601129945e-06 
6500 3.5053215586045136e-06 
7365 3.267826725533676e-06 
9425 3.4021012846513404e-06 
9669 3.4228180746991204e-06 
6921 3.421772085369938e-06 
4456 3.4994980481607175e-06 
9677 3.564442842287116e-06 
2430 1.5278738386313593e-06 
367 6.735248578487522e-06 
8788 3.2119278407874784e-06 
7928 3.4246470558321666e-06 
5228 3.4589154719700818e-06 
7921 4.274946860898462e-06 
111 3.4227618269881794e-06 
8194 3.374993119684496e-06 
8266 2.8518459870088536e-06 
7602 3.114288613776073e-06 
487 3.404623137769331e-06 
5606 1.941974079677673e-06 
2319 2.635014299988271e-06 
9850 1.959587586797637e-06 
6076 1.964821580486013e-06 
1587 3.2141567244103487e-06 
5925 3.4596757010697357e-06 
4258 3.9753460372958744e-06 
6538 3.4359791246736062e-06 
3104 1.2633809968543366e-07 
7204 3.796451042323641e-06 
4744 3.133340404614792e-06 
7719 3.2522967729110914e-06 
2834 3.4390685539408393e-06 
9337 3.4335349266568005e-06 
9935 3.3869160175667524e-06 
4738 3.3702147404486797e-06 
6979 3.5967855143196594e-06 
965 3.4095511755412756e-06 
3388 3.4340137697057342e-06 
6392 3.6971895457931697e-06 
6824 9.238499002007313e-08 
8321 3.272405988841462e-06 
5374 3.5190685003806693e-06 
1513 3.429351089664645e-06 
6009 3.457635230577479e-06 
8655 4.957472487554615e-07 
1670 3.4152313247066267e-06 
4431 3.4427002204023403e-06 
9229 3.4212005914327873e-06 
3811 3.4085705100777752e-06 
2486 3.3246638895514586e-06 
3905 3.439644409682355e-06 
2309 3.4358614224464046e-06 
3185 3.157638661122804e-06 
2434 3.3975912081619414e-06 
9416 3.6599754032424487e-06 
6925 3.3866012443127133e-06 
5940 8.675329502658872e-06 
8249 3.42062353821224e-06 
3635 3.516174559682847e-06 
1080 3.350850145038553e-06 
73 3.3656961958316395e-06 
8142 3.101920093994878e-06 
8478 3.424507156622064e-06 
2721 3.4303061117164677e-06 
3416 3.3526989824394534e-06 
3349 3.503014448949701e-06 
4435 3.429293282814657e-06 
93 3.411872267150568e-06 
1707 3.629782681997254e-06 
785 3.425502488556935e-06 
1931 3.4103613088479035e-06 
3367 3.4323798982316615e-06 
9489 3.291015760118072e-06 
5943 3.581412824397831e-06 
7550 4.779666671184514e-07 
5471 3.346835406567095e-06 
332 3.3952282007276923e-06 
1543 3.3878908419488843e-06 
4839 3.4273635777430888e-06 
205 2.1155707469788394e-06 
1161 1.0826797350636229e-06 
4862 3.698731060912963e-06 
8815 3.4245444893709288e-06 
4951 3.8467838827963507e-07 
59 3.3068720556906093e-06 
9410 3.4339729807509264e-06 
9939 3.437079789555246e-06 
7360 2.934969934549218e-06 
980 3.4226441260419585e-06 
1086 3.424923466563274e-06 
6331 3.4131258700388394e-06 
5055 3.4083704519367785e-06 
2977 3.4067594777072196e-06 
7242 2.9111708263893794e-06 
8937 3.711834892900466e-08 
2013 3.431063197257061e-06 
6593 3.3748808884521112e-06 
5025 3.431658849656715e-06 
6352 3.2731490278974946e-06 
3834 3.5151951543192974e-06 
2083 3.4240386643960597e-06 
9382 3.4618264476954424e-06 
8476 3.373036037183438e-06 
414 3.4160279184732253e-06 
6975 3.6692583544845317e-06 
6439 3.4538160510621017e-06 
7957 1.0318170283299866e-06 
6291 3.4085735467085107e-06 
5668 3.4291058727623797e-06 
1234 5.67197142195509e-08 
666 1.0590269928574777e-06 
3560 3.251450835898028e-06 
2020 3.4299462158548883e-06 
2857 3.745683974667159e-06 
7510 3.4129903675353177e-06 
967 2.8120780471494507e-06 
362 3.365133857370665e-06 
2485 3.404138172133593e-06 
5526 3.4268597374357575e-06 
4470 3.4016941763988496e-06 
5776 3.43271687315994e-06 
8551 3.155960541786649e-06 
4811 4.281149694871645e-06 
6202 3.674583157311575e-06 
6883 5.082305700501098e-06 
466 2.6954797192499887e-06 
7751 3.2957274641669575e-06 
1173 3.4139621494202813e-06 
9771 3.4284756419962496e-06 
6044 3.813969190586063e-06 
9067 3.4601184019015046e-06 
3923 3.4252254289853426e-06 
8563 3.4105100872500196e-06 
7249 3.5078998495932395e-06 
4318 3.536216473153039e-06 
2395 3.4066152136740304e-06 
5400 3.480720096410391e-06 
1719 3.467205716780512e-06 
1694 3.24675029258055e-06 
6393 3.5243791183687413e-06 
4362 3.418218580831948e-06 
2049 3.3962473058011832e-06 
1159 3.421517289933503e-06 
7097 5.068843068667686e-07 
7079 3.2127878299142947e-06 
1731 3.454604494722659e-06 
5550 3.4583267996032356e-06 
9898 3.4902264444075785e-06 
3547 3.4648843785136682e-06 
961 3.3368089472057383e-06 
2671 3.498117821262806e-06 
9971 3.2735411336313497e-06 
1974 3.426877008433074e-06 
908 3.4708255222111017e-06 
5143 3.3808824326348613e-06 
6006 3.4281388568586443e-06 
1557 4.446552980799734e-06 
1995 3.285692107144378e-06 
8164 3.0602052099373035e-06 
6355 3.3497828768692458e-06 
9846 3.4304942197539537e-06 
6916 3.511319507762257e-06 
8555 2.306583818883127e-06 
8880 2.8180022801709776e-06 
1151 3.4353481673121595e-06 
4059 3.619221205964304e-06 
8269 3.423205397865969e-06 
8129 3.419355346528641e-06 
582 3.6057436354900052e-06 
638 3.411632745094587e-06 
739 2.847449103032341e-06 
2559 3.2343362037713156e-06 
1041 3.4959186293486883e-06 
7338 3.5275041826580906e-06 
9717 3.4900900506898863e-06 
6915 3.4580611564825455e-06 
9078 3.6683483637200342e-06 
5665 1.3775386315659196e-06 
3186 3.420630028320309e-06 
4561 3.5199540370866555e-06 
6225 3.4261072582545092e-06 
5860 3.4042772868460052e-06 
8374 3.43300363142501e-06 
9095 3.437414573077797e-06 
3090 3.430140662754042e-06 
843 3.394939159525406e-06 
8572 3.4185509818091246e-06 
6134 3.42380470033904e-06 
8664 3.42866498440081e-06 
6254 3.41526794010607e-06 
1451 3.963078798625371e-06 
443 3.403043397915238e-06 
1477 2.9404693072436484e-06 
861 5.388136527183896e-07 
796 3.424639001408992e-06 
3161 3.1868389943037586e-06 
1270 3.5053465717272466e-06 
8775 1.6236507451392655e-06 
7103 3.4943711034473086e-06 
6363 3.3809793372950006e-06 
4912 3.4002269773135182e-06 
9806 3.4380877308430776e-06 
6074 3.4285989998506175e-06 
9405 3.4354827082561406e-06 
9238 3.4806546808023036e-06 
1681 3.427405449002101e-06 
2838 3.4211355488194243e-06 
1730 3.4166968478379425e-06 
1415 3.4839519514136535e-06 
2415 3.084956632306721e-06 
3920 3.803492503503516e-06 
7739 3.3884970963348473e-06 
6948 3.883626646630808e-06 
6337 3.3887181258087456e-06 
7523 3.744257618926146e-06 
854 3.942128042554063e-06 
8786 3.4216183670466997e-06 
8749 3.6469839055422814e-06 
3959 3.423193723929384e-06 
8558 3.2938607179177065e-06 
7066 3.393149706451737e-06 
4055 5.862174839143977e-06 
8310 3.606799741856949e-06 
8108 1.223079083213038e-06 
6843 3.175687911417161e-06 
3341 3.4691667992272108e-06 
8862 1.878151185345355e-08 
8601 1.021434499007924e-06 
3677 3.3722332509533125e-06 
7983 3.4285316972008734e-06 
9852 3.408499769827597e-06 
7765 3.7135116907333446e-06 
5634 2.3338024943961187e-06 
1700 3.4009164511140076e-06 
2342 3.402624368193842e-06 
7349 3.426639127700941e-06 
890 3.4186964586604655e-06 
9357 3.5235944609761994e-06 
1118 4.086420722754846e-06 
1395 3.3629262306967444e-06 
4264 3.7105754991085768e-06 
3746 3.475044644448517e-06 
6566 3.3809128591986303e-06 
3941 3.410206467431516e-06 
7840 3.3820743328860264e-06 
6879 3.399549636914755e-06 
3478 3.1929801926624737e-06 
7576 3.992759446897744e-06 
8743 4.022300011688649e-06 
7252 2.3350434158021996e-06 
7548 2.94340016310339e-06 
9561 2.575865724524918e-06 
1651 3.4782511144914097e-06 
1365 3.422495873654215e-06 
4823 3.4229184633958274e-06 
2907 3.23400444191805e-06 
4555 3.437479109262969e-06 
7551 3.4175263204120647e-06 
4737 3.4433649831005107e-06 
5042 3.9874560614078964e-06 
3112 3.5089440779373827e-06 
2513 3.4490734566625843e-06 
9716 3.447180526642649e-06 
728 3.433350712992869e-06 
8140 4.18510500495002e-06 
446 3.421866757249988e-06 
4259 3.6800394462447896e-06 
2035 3.4309117232977506e-06 
6670 3.422644235055776e-06 
6482 3.7806397072278324e-06 
579 3.4219570312867457e-06 
3376 3.8510605667153724e-06 
3927 3.4196874780333847e-06 
6813 3.4230756042356762e-06 
2417 3.368387418270235e-06 
2580 3.2437871492484136e-06 
9394 3.428627579675645e-06 
8011 4.263808389073092e-06 
327 3.4846165650413105e-06 
6547 3.4181523947358066e-06 
7763 3.5957376896984455e-06 
1916 3.3949761074742367e-06 
8079 3.1443743763923106e-06 
7251 3.424362473070342e-06 
9170 3.316266286608734e-06 
7303 3.461798478912973e-06 
9248 3.418015117580134e-06 
4331 3.4559974335586016e-06 
8278 3.6024699404870165e-06 
6495 2.7756941793688372e-06 
1019 3.425797092687198e-06 
9391 3.7103421632353774e-07 
586 3.4529576345974916e-06 
5732 3.4373631735567938e-06 
1531 3.428978455072234e-06 
4728 4.586133453418255e-06 
4054 3.4295953863893245e-06 
8963 3.4465942752918446e-06 
7284 4.134665717572608e-06 
6798 3.42182627056766e-06 
5340 2.4338370939365424e-06 
4120 3.40121250284477e-06 
8414 3.4068870347984528e-06 
4263 3.4377567419956356e-06 
5645 3.451389795660815e-06 
5578 3.411230720982216e-06 
8605 3.4302035738393524e-06 
7126 4.2773647723104575e-06 
7004 3.1147930381988242e-06 
8896 3.2206756615559527e-06 
4475 3.233250043153664e-06 
8213 3.987858544871034e-06 
2900 3.4124674885328466e-06 
7820 3.4234595088934474e-06 
5469 1.843972282413943e-06 
2042 3.912921984208922e-07 
7381 3.5754925400709665e-06 
5650 3.322068651156674e-06 
7730 3.6350607416461946e-06 
4543 3.394419103265351e-06 
9773 3.5762805128686797e-06 
3172 3.4804900239185156e-06 
3488 3.4430100233933836e-06 
622 1.4809652989506962e-06 
9016 1.6094890383134529e-06 
4532 3.4248763905526675e-06 
6315 3.4028730219839723e-06 
7567 3.4406484984272965e-06 
5418 3.5174537245046695e-06 
7572 3.452954302370079e-06 
6373 3.432214169137872e-06 
9837 3.482834136634457e-06 
5383 3.42471552200572e-06 
9270 3.4662750459690927e-06 
199 3.0639362096449054e-06 
9682 3.3935678546859045e-06 
8360 3.4229260264400608e-06 
9652 3.3373724236887844e-06 
9467 3.3832964460302152e-06 
8853 3.858531495977756e-06 
9934 1.5742896202554689e-06 
1323 3.298206755885019e-06 
8903 3.5156540848797174e-06 
2072 3.4217293875909365e-06 
1288 3.423992125761552e-06 
9035 2.797158670792565e-06 
759 3.4192610775516808e-06 
2056 3.419597755389902e-06 
6876 3.4220784568821717e-06 
6053 3.5844269668998553e-06 
4024 3.856350784440833e-06 
3632 3.6007323756399185e-06 
4740 2.7781649089123656e-06 
744 3.3572964116878253e-06 
6562 3.4724833177269204e-06 
6156 3.692556831402431e-06 
497 3.4710005420169592e-06 
7870 3.479315285229836e-06 
3899 2.9691492338285535e-06 
6449 3.3716133235240074e-06 
8284 1.718650851016539e-06 
6990 3.3114524866749186e-06 
3989 2.210812873543927e-06 
8637 3.4037067843834253e-06 
5670 3.4584922829851287e-06 
4471 4.2777804268741565e-06 
8682 3.3396510598502673e-06 
4154 1.4175688826622537e-07 
182 3.417815528063791e-06 
3347 3.3697149318117377e-06 
2654 3.4208523906855936e-06 
393 4.039857381510103e-06 
2951 3.3789441700715432e-06 
3577 3.412913601364401e-06 
5884 2.192744803804003e-06 
3264 3.624248547382627e-06 
5825 3.5874596237250455e-06 
3116 3.6870927817347666e-06 
8226 3.3751355782231527e-06 
6376 3.422579161178154e-06 
5644 6.221475900297766e-06 
6929 3.314689193566562e-06 
6068 3.4227403236899495e-06 
1677 3.325011589665318e-06 
6073 2.4318564537178772e-06 
5215 3.467292202786892e-06 
4512 2.454094309140922e-06 
3952 3.422317830826365e-06 
55 3.582798516916181e-06 
130 3.42067426207369e-06 
9728 3.560720090443999e-06 
812 3.500174318013455e-06 
9221 3.452949331871059e-06 
6329 3.2488321483960005e-06 
2350 3.696370997972008e-06 
6101 3.446588001985557e-06 
3010 3.6271582713331865e-06 
1763 3.546285794859002e-06 
8670 3.45284442672356e-06 
6487 3.4396075943628785e-06 
3687 3.392195577552845e-06 
7490 3.4121655158075155e-06 
3255 3.3364286836231476e-06 
2152 2.846062600217256e-06 
4018 3.4178815891387884e-06 
7783 3.3797812068084557e-06 
5951 3.4477536448702783e-06 
8899 3.5527371845565033e-06 
9222 3.447148975506563e-06 
1690 2.3308457537015424e-07 
7406 3.4241677679736752e-06 
8469 3.435090712657117e-06 
1715 3.4382394745672912e-06 
3829 3.398919005847587e-06 
8771 3.392534071618538e-06 
9619 3.5606426953636302e-06 
2651 3.4067001463773738e-06 
8329 3.437856324565597e-06 
5431 3.4229998493822607e-06 
7961 3.4271227487673836e-06 
7006 3.440396988937724e-06 
4944 3.4223983429943665e-06 
4714 3.461168975163581e-06 
1812 3.3525475617912674e-06 
654 3.4742390447332814e-06 
8974 4.97165659921242e-06 
6245 3.4284769705856657e-06 
998 1.957034203711527e-07 
9547 3.6728473661565756e-06 
3437 4.0470456018498156e-06 
7810 3.4264067970682233e-06 
2070 3.4269628372910542e-06 
7608 3.210513685559746e-06 
5458 3.377629725178813e-06 
9446 3.4220350788844294e-06 
5681 3.0104687789503047e-06 
8606 3.39849869051662e-06 
8898 3.0246787588844183e-06 
129 3.069917290691239e-06 
9967 3.7006043850011807e-06 
1892 5.357565740525585e-06 
8634 3.4892776858182517e-06 
9347 3.423833644139915e-06 
7476 3.4457897096873693e-06 
3901 3.4474845663416653e-06 
3755 3.421384034131063e-06 
9223 3.4281955504860764e-06 
1227 3.3451666637472445e-06 
7769 3.3726065119998903e-06 
4641 1.4675218824573981e-06 
3345 3.4169975224727098e-06 
257 3.5710284478566965e-06 
8042 3.3758044950250165e-06 
4502 3.3497120406295394e-06 
8613 3.512989771439549e-06 
4334 3.4270314898617025e-06 
4960 3.41547027968972e-06 
5649 3.5392881816385133e-06 
2216 3.286101172106207e-06 
9228 3.2929052532728083e-06 
312 3.174063055721186e-06 
1320 3.4301791081274075e-06 
5365 3.5687067772117465e-06 
1783 3.424525452854248e-06 
7775 3.1890121413934106e-06 
6103 3.0560483799259556e-06 
6265 2.119978702667365e-06 
2936 3.1766600442320183e-06 
4104 3.4231223937031586e-06 
3638 3.2016492123722767e-06 
9803 3.455387700348062e-06 
9829 1.5981103579619205e-06 
3816 3.472227580775866e-06 
7200 3.4509433468597132e-06 
9521 9.165629386093283e-07 
494 3.3894838926914465e-06 
4629 3.2135065851370252e-06 
8926 3.6570407410791046e-06 
3136 3.3760553937549334e-06 
6513 3.4340196311868566e-06 
5659 3.516740342140626e-06 
6882 3.869320509140355e-06 
1387 3.2792764476285144e-06 
7493 3.4170140843008296e-06 
2097 3.6333594570442257e-06 
2810 1.450852384169609e-06 
7902 3.306589056142365e-06 
1673 3.4068008393161994e-06 
5632 1.4064288040583348e-07 
3799 3.4231937159556165e-06 
550 3.448029093539248e-06 
4029 3.668154177676133e-06 
1659 2.3863111165097267e-06 
7411 3.5785240325599757e-06 
2964 2.9458712574981234e-06 
0 3.421660384072336e-06 
7040 3.4184203079573533e-06 
1444 3.253790769211779e-06 
4202 2.9547564959036795e-06 
4232 3.421829893497988e-06 
4563 3.4269360228261546e-06 
3792 1.4499699721740555e-06 
6528 3.4266461667171035e-06 
3398 3.591360577895577e-06 
8544 3.471759122559389e-06 
634 3.3705432995391913e-06 
3730 3.2042338858345847e-06 
5714 3.2147980076844558e-06 
5888 3.452672598013201e-06 
9255 3.434738688628974e-06 
2127 3.4247573051723414e-06 
520 3.578387616588138e-06 
5918 3.414316018955894e-06 
9781 3.4265248078228417e-06 
2248 3.946238332648778e-06 
4307 3.3426521313523342e-06 
7474 4.609196651571606e-06 
3009 5.728392054823797e-06 
3576 5.650348583471104e-07 
1251 4.5258610856720295e-06 
9303 3.4730741951958725e-06 
535 3.449726413946548e-06 
2675 3.417769744540601e-06 
4133 3.5359638953781677e-06 
4173 3.415611224293002e-06 
9393 3.4242611402857276e-06 
4274 3.684381885842479e-06 
6674 7.993044076576149e-07 
9562 3.5674005491464055e-06 
4181 3.4704490360314036e-06 
9666 3.646055005395413e-06 
4657 3.3982314327495285e-06 
5086 3.3285410754894546e-06 
7782 3.3545908972413035e-06 
5258 3.209227174236982e-06 
7282 3.384534755444316e-06 
3469 3.4830462586655085e-06 
1899 3.441563948155463e-06 
4616 3.7104834396244565e-06 
6747 3.416806524146803e-06 
1322 3.4283053935870686e-06 
8827 3.4370355974891985e-06 
3501 2.928349114044081e-06 
9546 3.2821836585075577e-06 
8728 2.7867195483143806e-06 
8244 3.4244205001493984e-06 
518 4.247732324220145e-06 
9453 3.4229368427002573e-06 
4864 3.4187620223575757e-06 
1057 3.426545026523517e-06 
1263 4.142482065266264e-06 
5791 3.3276139317088822e-06 
8378 3.4261533420337554e-06 
5124 3.543566200778289e-07 
2327 3.390590172446666e-06 
6256 3.4434370094261256e-06 
2373 3.690064655101074e-06 
909 3.493258254855458e-06 
8865 3.4865714293851097e-06 
2129 3.4697805308942437e-06 
1678 3.4559002365402696e-06 
4952 3.436298566095979e-06 
9876 3.2228112610102584e-06 
9028 3.403676637243807e-06 
6233 3.709485445758131e-06 
8691 3.414436067683575e-06 
5583 3.6317861442110207e-06 
2650 2.3347786574377094e-06 
364 3.472573064309231e-06 
7889 3.4488890018163415e-06 
7684 3.415249520509678e-06 
7483 3.4469138508700714e-06 
891 3.861991811297894e-06 
2954 2.883197422061764e-07 
8446 3.3923744747568085e-06 
8340 3.425468404035672e-06 
4735 3.5649236810053873e-06 
3556 3.367293588450981e-06 
3656 3.4213226884521457e-06 
9610 3.421597745289129e-06 
6040 3.2201119599368576e-06 
8336 2.688797060544794e-06 
8803 3.4293059343750955e-06 
6419 1.6662478260293657e-06 
1744 3.4422695997431494e-06 
3994 3.421411720198405e-06 
5186 2.7633968981754418e-06 
7327 3.4162561348661146e-06 
10 3.2711879786443353e-06 
8617 3.4261573215867037e-06 
7803 3.44680929867294e-06 
9048 3.4280219154943848e-06 
5740 3.389662517442147e-06 
8154 3.4441074547546936e-06 
2550 3.434274329583985e-06 
4420 3.4207062162508253e-06 
6091 3.382845438123364e-06 
5333 3.4255127434966245e-06 
7399 3.423088518261014e-06 
1100 3.563966561257656e-06 
6859 1.0630777055954167e-07 
2793 3.4204778332955248e-06 
2935 6.394929524667459e-07 
1113 5.861621347017885e-06 
6748 3.3897483286881943e-06 
8885 3.4781202667738855e-06 
3069 1.5389212300385992e-06 
560 2.8775822149872197e-07 
8568 3.5919291375958775e-06 
1044 3.6481051605330606e-06 
423 3.3181694432110387e-06 
6810 3.416472946894159e-06 
8652 3.472220975190232e-06 
2844 3.4826256975733387e-06 
4407 3.4394630604258366e-06 
7860 3.4181120537252494e-06 
