1 2 1 6 3055
1 47 3 3 59
2 31 3 6 2191
2 35 6 4 593
2 406 4 5 845
3 4 4 4 229
3 5 7 6 18162
3 26 4 4 234
5 57 10 6 10815
15 16 4 4 212
15 36 3 4 187
16 25 10 1 17
17 18 7 4 578
17 36 5 7 94687
18 33 7 4 279
19 20 6 4 165
19 21 6 5 1568
20 142 4 5 2685
20 148 4 4 148
21 22 10 4 929
22 23 5 4 266
23 24 1 5 136
24 25 2 4 54
24 28 8 5 1801
26 27 6 3 120
27 29 8 5 1103
27 30 4 4 239
28 29 10 4 344
31 33 6 5 1230
32 33 9 5 3668
32 34 6 2 23
32 69 8 3 53
34 35 1 5 152
34 73 3 3 42
36 37 5 4 366
36 75 5 5 821
37 52 8 3 111
37 43 9 4 204
46 47 6 5 2066
47 448 9 4 592
52 67 1 6 4633
53 54 8 3 141
53 59 3 4 174
53 418 3 5 649
54 163 2 5 1067
55 56 9 4 335
55 59 7 4 229
56 57 4 6 18146
56 66 10 3 220
58 59 5 6 13223
58 60 8 1 13
58 199 1 4 24
58 458 3 5 957
60 63 3 5 600
63 225 5 3 34
64 65 6 6 6087
64 66 4 3 74
65 67 10 5 1451
69 70 6 2 31
70 71 9 2 45
71 101 9 4 764
72 73 4 5 2371
72 101 2 2 9
73 76 7 3 79
73 77 8 6 11161
96 97 8 6 6828
96 111 6 10 573873226
97 101 3 4 265
98 99 2 6 3284
98 100 5 4 196
99 138 3 7 92017
100 116 8 4 202
105 106 10 3 128
105 111 6 2 30
106 107 6 2 13
107 108 5 4 556
111 114 9 3 81
113 114 1 10 5573775
113 116 8 4 418
115 116 7 4 194
115 409 7 2 22
118 119 1 5 182
119 138 9 6 40489
120 121 9 5 3258
120 122 4 6 6321
120 304 5 6 12818
121 296 9 4 257
122 123 3 4 119
122 124 3 7 17390
124 125 1 5 131
134 135 5 3 40
134 332 8 7 90478
135 136 5 3 87
135 137 3 6 5591
137 139 7 4 677
139 140 10 5 3581
139 141 10 4 238
139 399 10 3 137
141 400 3 4 196
154 155 7 2 29
154 156 7 5 1108
154 172 9 4 741
155 168 4 4 358
156 157 6 7 62452
156 171 1 5 336
157 158 9 6 29087
158 159 9 6 10185
158 177 7 3 94
159 160 4 3 37
159 161 3 3 24
159 196 4 5 1796
161 162 4 5 1416
161 197 9 3 57
163 164 8 4 382
164 165 4 5 1372
165 166 4 5 685
165 104 8 4 409
166 167 6 4 559
167 168 10 3 72
169 170 6 3 76
169 171 9 4 779
169 174 6 4 194
170 172 2 3 30
170 173 2 6 1445
170 419 5 5 703
171 178 6 4 226
173 174 8 6 14726
174 179 4 4 139
175 176 8 4 479
176 214 6 3 38
177 178 4 5 1415
177 191 7 3 115
178 421 8 4 448
179 192 3 5 598
180 181 4 3 23
180 208 2 5 752
181 192 5 6 4068
182 183 3 5 1292
182 184 2 3 41
184 185 3 4 71
184 208 10 5 2399
185 186 7 3 58
185 207 2 4 157
186 187 7 3 55
186 230 6 6 25463
187 188 5 4 489
187 193 1 6 1498
188 189 9 4 204
188 191 2 5 301
189 190 3 8 237829
189 191 6 4 216
193 194 10 2 19
193 217 4 5 536
194 195 4 5 506
194 217 5 3 94
195 196 5 4 170
195 216 5 5 2617
196 197 6 4 476
196 476 6 4 473
197 216 9 6 14772
198 199 8 5 979
198 221 6 4 182
199 200 6 3 49
200 10 10 3 163
201 202 5 4 406
201 203 2 5 227
201 351 7 2 35
202 213 6 5 1251
203 204 8 4 828
203 205 5 5 1832
205 206 10 5 2468
205 231 6 2 30
205 360 5 4 519
206 207 4 4 272
206 232 9 4 664
207 233 4 4 129
208 209 2 4 81
210 211 2 3 23
210 212 4 6 3749
211 215 4 6 5899
212 213 3 4 222
212 342 4 5 679
213 340 7 2 28
214 215 3 4 272
216 219 4 4 209
217 218 4 6 3132
218 222 7 5 1619
219 220 4 7 45791
220 221 4 4 419
220 222 8 6 16920
222 226 4 4 332
223 224 1 4 69
223 225 4 3 63
223 7 4 3 30
224 229 6 4 200
227 228 1 4 38
227 229 9 6 18438
227 272 7 1 5
228 230 9 5 1905
229 401 9 9 7684417
231 281 5 3 76
232 265 1 3 6
233 264 6 3 116
233 150 8 3 67
234 235 2 5 1199
234 278 2 3 31
236 237 9 3 95
236 280 9 4 243
237 238 1 6 1224
237 239 3 3 57
239 240 6 4 430
240 241 6 5 1826
241 243 5 5 897
241 442 6 6 24890
242 243 9 5 1601
242 244 2 6 6229
242 314 4 8 333606
242 80 6 3 50
243 293 1 5 135
244 247 5 4 408
245 246 10 1 15
245 247 5 4 111
247 248 7 8 330035
248 249 7 5 1489
249 250 8 3 71
249 312 5 6 8956
250 251 2 5 449
250 321 9 4 240
251 252 9 5 1417
252 253 5 5 2022
252 327 8 3 169
252 301 8 3 104
253 254 8 5 1173
253 277 2 6 2138
253 266 8 6 14618
254 255 5 4 206
254 256 5 1 8
256 257 10 2 44
257 258 3 3 65
257 259 4 3 39
260 261 9 4 451
260 262 3 5 489
260 263 5 5 3286
263 264 3 5 1155
263 479 6 3 46
266 267 4 6 4593
267 268 8 4 867
267 299 4 3 25
268 269 10 6 9375
269 270 7 1 7
269 294 4 2 19
270 271 8 1 7
271 295 10 5 1631
271 133 9 4 432
272 273 10 4 394
272 274 4 5 843
274 275 8 4 473
275 276 3 3 38
275 277 9 4 416
275 291 7 3 78
278 279 9 3 170
278 282 2 6 4524
279 280 9 5 3603
280 287 4 4 256
281 289 3 5 1793
282 288 9 3 70
283 284 2 5 271
283 285 5 1 7
283 305 10 2 24
284 290 2 5 409
284 365 4 3 26
285 286 8 4 606
285 306 4 7 76062
286 287 4 3 26
286 306 9 3 105
286 452 5 5 1088
287 293 9 7 115343
288 289 10 7 388814
289 290 8 1 13
291 292 4 6 7119
297 298 10 4 304
297 454 8 5 2091
298 299 5 7 42415
300 301 9 9 19914882
300 302 9 4 356
302 303 1 5 186
302 304 1 6 2239
302 330 10 5 4636
305 306 1 6 810
305 308 8 4 188
306 308 1 5 413
307 308 2 5 277
307 309 2 4 128
309 310 6 1 9
309 338 8 4 829
309 379 4 5 2003
310 311 4 6 13269
310 85 9 4 315
311 312 10 5 1208
313 314 3 8 254438
315 316 10 2 30
315 317 3 5 797
315 499 7 5 1733
316 334 8 4 287
316 398 9 5 1798
317 318 7 5 980
317 503 5 4 111
318 319 9 3 190
318 502 9 3 126
318 510 8 3 107
319 320 3 4 309
320 333 9 4 205
321 322 1 6 3414
322 323 1 8 61620
322 325 4 4 330
322 333 3 2 15
323 324 9 2 21
325 326 6 3 100
326 328 9 4 228
327 328 7 3 67
328 329 10 3 72
328 495 2 7 15950
329 330 7 3 82
329 331 2 7 34622
331 332 9 4 241
331 489 5 6 4163
332 481 6 4 312
333 493 5 7 107097
334 335 6 5 2286
336 337 7 6 9713
336 500 7 5 1567
337 338 5 3 44
337 382 5 5 1049
338 339 5 6 11038
338 377 5 4 155
340 341 8 6 26336
340 349 9 5 1803
340 354 4 4 116
341 343 5 4 476
342 343 1 3 20
344 345 5 5 2829
344 346 6 5 1131
344 385 10 4 227
346 347 7 4 298
347 348 1 8 170934
347 387 4 7 19782
348 349 8 3 92
348 386 8 6 19235
350 351 2 6 1730
350 359 6 5 736
350 13 3 5 440
351 352 4 4 106
352 353 1 6 1969
352 356 8 4 605
353 354 9 7 53844
354 355 1 6 995
355 356 2 5 899
356 357 9 7 108753
358 359 4 5 775
358 361 6 3 53
358 362 1 6 831
358 360 3 6 7260
358 92 6 5 820
360 413 9 4 734
361 388 7 3 109
362 367 3 4 114
363 364 4 6 5858
363 365 9 4 370
363 370 2 5 259
364 395 10 2 49
365 366 4 6 7427
365 371 1 6 1679
366 144 3 4 252
367 368 7 6 9332
367 369 2 5 767
370 380 8 4 492
371 372 2 4 55
371 373 7 4 251
371 374 4 2 16
375 376 6 4 258
375 383 2 8 238915
376 384 7 4 222
377 378 8 4 191
377 381 2 5 233
378 384 2 6 9442
381 383 3 4 150
382 496 1 4 47
383 384 9 3 103
388 389 7 5 2247
388 392 8 5 1309
389 390 2 5 457
390 391 7 4 447
392 393 5 3 33
392 394 6 3 103
395 396 2 6 4859
399 411 8 4 648
400 405 8 4 191
404 405 5 5 603
404 412 1 6 1223
405 89 7 4 650
408 409 8 5 3169
411 412 8 5 1971
411 415 3 6 2782
411 482 10 3 158
412 415 1 6 1062
415 427 9 7 47582
415 487 2 3 12
427 428 9 2 41
427 431 4 7 144156
427 487 5 4 367
427 424 7 5 2732
428 429 7 3 56
428 432 2 5 275
481 482 4 5 474
482 488 5 5 974
483 484 1 6 784
483 485 6 3 45
484 492 6 3 74
485 486 2 3 41
486 487 9 6 33958
489 490 7 7 61212
490 491 9 5 1886
490 492 3 4 215
493 508 3 5 874
494 495 8 4 240
494 507 5 6 9300
496 497 1 6 778
496 62 7 6 5962
497 498 5 2 9
497 499 7 4 537
499 501 7 3 90
501 447 10 9 4767652
502 511 9 5 3208
503 450 10 8 463783
504 505 10 5 3194
504 506 2 7 11809
505 508 9 4 527
505 509 3 3 62
506 507 8 2 27
509 510 7 3 98
509 511 6 3 55
7 8 2 3 25
7 6 7 3 89
10 9 3 5 466
10 11 4 4 285
13 12 5 5 986
12 14 3 7 22665
144 38 1 3 15
144 145 10 1 17
38 39 1 5 351
89 68 9 7 80111
89 88 9 6 6453
68 40 4 6 8122
68 102 6 4 329
40 41 8 6 14037
40 81 6 1 10
102 50 5 4 225
50 51 4 3 83
41 95 10 5 1280
81 146 8 5 954
95 456 3 5 1453
95 143 5 3 65
95 146 10 3 162
146 410 10 4 300
43 42 3 6 6707
133 130 6 7 42404
128 117 4 4 101
128 132 8 4 391
117 129 4 7 45889
117 110 10 4 397
132 130 10 6 16520
129 127 6 4 567
127 44 4 5 1127
130 131 4 4 132
44 45 10 4 1042
110 109 7 6 6962
110 126 2 5 1207
109 112 3 3 57
62 49 1 6 3133
62 61 8 4 277
48 49 3 4 175
75 74 8 4 309
77 78 9 6 40112
80 79 2 8 451312
92 90 3 3 63
82 83 7 2 24
83 91 8 4 292
91 90 3 5 1455
90 93 4 4 293
93 94 10 5 2026
85 84 5 3 52
84 86 6 6 12835
84 87 2 5 330
86 87 8 3 160
104 103 7 3 101
148 147 5 5 632
147 149 10 3 102
150 153 3 5 456
150 151 7 8 439220
152 153 4 2 16
398 397 4 4 300
401 402 2 4 191
401 403 5 3 46
406 407 2 8 479165
416 407 6 4 240
413 434 9 3 56
413 414 10 1 12
433 434 6 4 392
418 417 6 4 526
419 420 5 5 1052
419 430 4 6 3003
421 422 3 4 169
421 423 1 5 536
424 425 2 5 592
424 426 5 2 26
424 438 10 4 919
438 437 8 4 513
437 439 1 3 10
454 453 4 4 142
454 435 9 4 268
453 455 4 6 6274
455 460 7 3 69
435 436 1 5 258
460 463 7 3 122
463 462 4 3 47
461 462 6 4 424
461 464 4 5 1437
464 466 9 6 13858
466 467 3 2 7
452 451 2 5 504
452 440 1 5 672
451 459 7 6 5680
459 473 4 5 958
440 441 5 5 1677
473 472 5 4 293
442 443 2 4 125
448 444 7 5 2757
444 445 10 3 212
465 445 2 5 1034
465 468 8 2 27
468 469 7 3 70
469 470 4 3 57
470 471 3 5 1652
447 446 10 5 1659
450 449 8 4 450
458 457 7 3 54
476 474 5 2 25
476 477 6 4 345
474 475 7 4 724
477 478 4 6 4987
479 480 10 6 33165
284 177 5 5 2435
391 291 9 4 254
397 161 6 4 133
376 187 7 5 2474
322 42 10 6 7288
399 318 5 4 468
463 89 1 6 963
343 194 3 9 1305103
437 265 3 6 14763
239 53 8 3 91
411 475 7 5 916
21 372 9 4 669
508 449 5 4 159
24 51 8 5 2060
54 280 5 4 162
261 73 10 5 1160
2 307 9 4 871
476 36 6 4 155
374 231 5 5 1685
483 72 7 4 593
188 248 3 3 29
326 346 2 8 206364
458 449 3 2 8
435 58 8 4 322
225 130 4 2 9
484 174 10 5 1721
322 33 2 6 3904
369 191 7 5 1995
330 20 10 5 4537
324 21 8 5 2060
18 385 7 6 9576
252 297 10 3 70
7 178 2 7 11009
30 43 9 2 18
397 191 3 5 419
450 80 2 4 69
458 335 3 6 2584
171 48 1 5 195
485 267 6 5 1812
104 136 3 5 495
47 507 9 5 1052
302 429 3 5 1381
424 132 9 4 716
55 69 5 3 34
81 28 10 4 494
346 114 2 4 84
84 284 9 5 2564
57 44 5 3 97
112 358 8 3 44
103 252 9 3 101
202 401 7 3 92
106 343 7 2 14
297 285 7 5 3154
47 27 10 2 52
391 38 7 2 25
292 297 9 4 810
292 334 3 3 48
149 56 1 5 671
56 464 2 4 68
252 487 8 5 2186
491 427 9 1 15
112 439 8 5 1269
62 365 1 8 79133
315 75 6 4 295
445 373 8 5 3381
373 228 9 4 462
459 103 10 3 128
5 34 7 4 413
357 412 2 6 3610
195 208 1 5 301
362 282 3 8 247325
282 132 10 2 47
292 358 1 5 405
130 16 10 3 86
354 48 5 4 409
329 398 9 3 142
107 143 3 5 1646
302 8 1 4 25
437 468 8 8 395899
391 24 6 3 121
70 453 9 5 1050
428 250 5 6 14958
427 93 6 3 54
235 500 8 4 707
476 259 4 3 47
140 144 1 6 3368
373 167 1 5 267
413 463 5 3 37
100 419 7 1 10
67 49 1 5 523
148 127 1 4 35
227 117 2 4 137
147 283 10 4 336
464 193 3 5 1343
281 305 9 4 511
168 300 2 5 530
456 265 2 4 97
74 34 6 4 284
228 497 2 5 248
84 178 3 6 5643
47 339 8 4 188
137 364 8 5 1652
419 487 3 5 879
497 260 7 3 51
432 171 1 7 5624
104 329 5 6 14409
16 90 3 2 12
14 244 10 2 23
56 483 3 5 996
175 2 4 4 146
151 442 6 5 2361
372 443 6 5 1359
460 285 10 5 4337
372 171 4 5 2560
267 357 5 6 4115
336 274 2 5 585
235 63 5 4 241
279 71 4 6 7178
251 475 7 3 135
440 88 8 5 3727
169 453 1 4 69
172 264 1 4 26
51 471 3 7 49988
503 172 1 6 2644
175 199 8 4 312
230 291 2 6 8162
16 205 9 4 222
339 82 10 4 751
449 137 6 2 15
119 372 8 4 369
499 126 6 3 82
485 290 3 4 155
181 127 8 5 1327
505 298 6 5 1444
290 489 1 6 1089
34 249 4 7 30763
179 277 4 6 9161
440 73 2 4 177
343 395 2 5 634
87 478 9 2 44
316 6 9 5 1097
307 144 10 5 3441
308 435 9 2 41
233 510 7 4 232
126 354 4 3 80
272 162 2 5 462
135 122 7 5 1020
365 389 10 4 841
235 479 5 4 358
125 110 9 5 5436
289 302 7 5 1438
13 387 9 1 13
345 228 2 6 1906
10 105 6 5 3676
311 286 2 4 189
126 229 6 7 29863
286 221 5 4 333
171 11 10 3 64
172 342 5 5 1125
245 407 8 6 7266
63 188 4 4 429
253 232 10 4 301
435 104 8 3 149
87 138 4 5 1421
30 432 6 4 411
476 53 2 4 133
107 103 7 5 1277
409 12 9 6 7394
344 183 10 5 1145
440 85 7 2 25
210 133 2 3 31
45 192 5 5 2048
352 234 1 4 96
354 440 4 1 6
28 170 7 5 2679
281 2 3 4 203
361 251 3 6 4110
35 364 4 5 2135
433 81 4 6 3003
281 159 9 5 2288
495 148 1 4 28
316 239 2 6 2008
143 130 5 5 2927
26 136 1 6 1155
424 419 7 3 62
395 202 4 5 1595
136 352 6 3 101
380 360 9 5 1521
146 72 4 7 47742
424 450 8 2 15
147 425 7 3 48
451 285 10 4 693
195 101 10 2 37
457 177 4 6 4533
81 208 3 10 49649157
182 200 8 3 97
436 509 8 5 4320
29 18 9 4 363
149 453 10 3 64
330 473 6 5 808
73 53 6 3 100
340 196 10 4 868
256 444 3 5 377
270 428 8 5 1210
407 87 9 3 89
346 295 3 5 2018
78 410 2 5 357
87 205 7 5 3599
331 59 3 4 128
45 83 1 6 1460
411 217 8 6 32633
262 497 6 7 38994
267 226 2 5 961
456 426 8 3 60
321 505 3 7 17118
479 424 5 2 11
488 420 4 4 262
236 272 5 2 25
507 217 3 5 570
366 165 8 4 729
227 338 3 3 53
228 346 6 6 27766
488 324 4 6 3981
116 214 6 4 369
499 343 5 3 58
155 118 6 4 136
480 256 10 6 10365
176 478 4 6 7317
375 389 6 4 202
139 438 10 4 874
366 395 2 3 17
42 36 8 5 5458
470 372 10 6 18553
127 490 5 4 179
407 209 5 5 1135
455 68 7 2 14
222 99 3 5 455
351 55 9 4 547
418 87 10 4 510
254 89 5 4 301
256 83 2 4 64
225 147 9 5 1848
73 89 3 5 871
376 270 3 7 26023
415 507 1 4 30
414 382 8 3 49
319 321 6 6 4236
257 29 6 3 100
312 374 5 4 177
43 150 7 6 11287
82 423 3 7 98020
226 280 10 3 60
125 299 5 3 102
202 220 1 6 3537
290 116 1 6 1015
130 118 2 5 440
358 76 10 6 28772
243 500 5 4 138
163 155 6 6 12235
445 227 6 3 39
240 177 4 5 766
299 246 4 4 432
347 136 5 3 72
211 323 4 5 1460
318 227 4 4 176
174 222 6 2 30
35 492 3 5 452
441 58 6 4 140
196 346 2 4 85
511 236 6 4 459
485 390 6 5 1582
104 59 9 2 23
479 450 5 3 42
138 5 6 5 694
37 172 5 3 73
138 363 8 4 846
242 4 6 5 1248
482 154 9 3 145
149 188 3 4 68
99 460 6 6 28942
425 450 6 5 3791
357 26 7 3 106
161 115 8 2 23
381 37 1 6 761
132 19 6 4 141
187 142 5 3 48
491 238 9 2 21
159 315 9 3 64
210 320 8 4 304
412 304 4 5 1561
455 221 2 4 84
206 67 1 3 14
49 231 8 3 87
148 56 10 6 17967
418 274 9 2 23
101 374 8 3 63
262 368 5 5 2659
508 424 10 4 1032
337 46 3 5 1829
509 305 7 3 96
204 60 8 3 86
96 195 2 7 55614
339 139 2 5 544
437 348 7 4 155
121 269 5 5 878
246 328 8 5 1244
484 17 8 4 723
69 250 3 3 56
402 7 6 5 1046
129 389 10 6 10590
119 123 7 5 1542
197 210 9 5 2942
363 165 4 5 463
87 5 2 7 62828
221 486 8 4 544
247 221 7 6 15245
413 265 5 4 526
111 499 10 6 23036
448 258 10 2 53
49 166 1 5 427
110 115 10 5 1380
26 425 9 4 378
72 204 7 5 4079
315 355 3 4 161
189 99 2 6 1618
509 155 4 5 1343
483 167 5 4 131
82 471 1 4 67
145 45 3 4 258
297 442 3 5 500
55 250 2 8 81157
288 110 7 3 49
445 503 4 3 36
503 235 7 6 10953
332 103 3 4 298
489 487 1 6 2967
127 123 2 3 20
358 357 3 6 4520
330 332 3 4 265
501 372 8 4 766
253 133 1 6 1133
78 174 6 6 7225
337 445 9 4 740
85 334 8 3 73
498 277 6 3 131
210 80 7 3 42
42 223 3 6 8877
168 27 2 6 2551
160 87 4 6 10100
55 270 2 5 353
36 223 1 7 7458
314 10 4 3 25
410 213 5 2 20
484 485 5 5 3372
309 28 1 2 3
10 219 10 4 264
69 297 2 5 1272
18 402 9 5 1089
457 206 7 4 246
319 504 8 4 299
401 246 8 3 83
422 501 2 4 199
26 11 7 3 93
245 501 5 6 5266
211 451 1 7 17411
7 275 4 5 2489
293 502 10 5 3271
340 55 9 3 132
385 449 5 6 16398
474 142 1 4 112
186 407 9 5 1587
116 149 3 3 34
83 372 5 4 185
228 281 4 8 392441
265 65 10 4 962
230 241 1 6 1137
435 123 9 3 56
288 386 9 4 374
497 427 6 3 65
452 23 10 6 11660
256 360 10 4 308
227 132 9 2 17
352 378 9 5 3577
294 84 5 5 1086
434 225 10 4 573
26 289 7 3 81
415 461 10 2 52
231 103 3 3 18
58 371 3 5 363
109 176 4 5 1419
445 329 4 6 4467
255 165 2 5 891
219 451 7 4 467
162 205 10 5 6011
491 62 9 6 18832
7 308 3 6 3634
18 332 8 3 45
76 390 2 5 1385
197 166 8 6 9352
235 507 8 3 99
116 328 6 5 2319
197 207 2 6 4448
109 115 2 5 718
412 293 7 8 511606
350 270 8 4 317
112 330 9 6 9634
94 410 6 3 76
244 108 4 4 259
430 322 10 3 218
38 287 6 2 25
413 145 10 6 23200
132 195 9 6 27240
366 374 8 5 4505
276 123 7 2 15
72 257 7 7 45930
83 370 2 5 360
94 1 2 4 60
125 184 7 4 501
322 156 6 1 9
427 192 3 3 56
107 214 7 4 609
399 122 7 4 178
121 386 2 3 34
219 414 4 5 2423
430 401 10 7 311513
363 468 2 3 29
209 498 10 5 2782
481 116 9 3 100
123 216 2 4 118
377 330 7 1 6
450 12 9 4 876
432 20 1 4 54
470 270 4 4 298
337 139 3 5 2019
301 389 10 3 153
135 200 6 5 1873
159 50 4 4 374
359 397 4 8 1205891
33 149 7 4 265
136 288 9 4 416
413 16 1 6 913
463 182 9 4 300
198 105 1 6 2004
49 140 2 5 1040
33 261 6 4 408
305 456 3 4 76
349 1 9 6 27776
504 327 6 5 1137
286 335 5 5 607
283 48 2 4 115
60 394 6 4 275
227 316 10 4 338
436 460 3 4 161
88 61 3 4 254
100 508 6 3 33
477 260 3 3 55
153 235 3 4 286
315 224 9 2 31
418 362 6 4 460
349 509 4 3 80
35 59 10 4 632
77 252 8 4 885
461 97 5 5 965
411 182 6 4 202
509 70 6 4 143
184 381 9 2 32
316 475 7 1 8
199 51 7 5 859
239 85 10 5 3127
495 137 8 3 51
178 75 6 5 734
49 269 1 5 202
473 106 9 5 1772
276 111 4 5 693
441 332 2 4 206
205 450 7 4 162
65 173 7 3 91
154 383 8 6 10914
63 404 5 3 93
171 161 10 4 527
118 224 7 4 239
435 190 6 7 32117
108 470 5 2 15
463 209 8 7 112486
147 93 7 3 49
120 408 5 7 47814
370 455 1 7 7165
238 401 8 4 708
376 455 1 3 12
468 266 5 2 11
282 469 2 5 270
200 118 5 9 15671488
239 435 2 3 39
29 477 5 5 1866
183 3 4 4 188
232 241 7 5 1486
160 491 4 4 336
384 176 3 3 24
303 407 2 6 3529
244 2 5 7 67859
90 477 5 2 17
269 160 3 6 4128
9 255 10 3 129
500 323 1 5 443
226 17 8 3 173
162 100 5 5 2364
442 354 7 4 190
254 56 4 5 1011
177 70 3 4 300
283 413 10 6 10825
467 303 8 4 381
506 52 10 3 149
402 315 9 4 430
44 66 4 5 2139
205 376 4 5 873
78 375 6 2 21
45 468 4 5 1213
300 11 2 6 4335
288 143 7 3 129
238 91 8 6 8358
423 101 10 4 781
159 455 2 4 108
46 77 5 5 2266
438 456 7 4 695
168 438 10 5 1608
228 205 2 4 189
60 109 2 4 64
97 31 9 7 48460
56 135 7 7 94758
215 138 2 4 54
305 446 2 5 272
195 390 1 5 313
181 508 8 3 126
511 454 3 3 33
388 279 8 4 269
13 343 4 4 353
132 121 10 3 130
420 165 1 6 4641
279 398 7 4 693
334 466 10 3 56
76 96 6 3 45
397 429 8 4 186
271 172 10 2 41
297 357 8 7 41731
398 305 4 3 58
266 449 4 6 17749
380 322 2 6 1680
511 252 3 7 62398
412 136 3 7 28150
273 453 1 5 209
440 111 1 6 3575
88 261 1 3 21
40 321 5 5 1852
221 370 1 6 1047
200 348 1 6 1134
141 425 2 7 12848
461 442 8 5 3313
496 325 8 6 10480
504 467 6 2 15
148 320 10 5 1241
274 53 9 6 6574
133 312 5 3 89
166 318 3 3 54
326 491 6 6 7920
131 60 9 1 12
336 448 2 5 573
392 136 5 4 438
64 75 1 5 500
211 433 8 8 1927881
405 393 9 2 45
415 14 10 3 66
475 69 2 6 3427
125 335 7 5 2057
481 214 10 4 238
125 1 3 3 43
345 352 2 5 548
511 191 10 5 1235
398 405 7 5 1870
204 231 3 3 28
61 220 1 6 928
359 498 7 4 687
413 159 4 4 363
4 62 8 2 31
458 351 10 4 303
218 325 2 3 16
184 488 9 3 196
131 327 6 3 113
29 210 8 4 750
74 138 3 2 6
48 333 3 3 21
110 339 4 6 3773
408 186 7 4 440
340 441 9 6 24431
251 446 2 7 34780
31 254 6 5 1298
336 79 6 5 2327
111 375 9 5 1334
199 351 7 5 2742
258 429 1 5 121
503 484 10 3 66
152 452 3 5 2064
247 166 5 3 48
460 442 7 5 2530
81 489 1 4 44
91 476 7 3 53
202 449 2 4 219
137 230 8 3 54
147 127 10 3 163
229 424 8 4 897
462 27 8 5 2782
387 140 1 5 167
322 160 7 5 1348
177 218 6 4 357
53 275 1 5 248
268 37 10 5 3833
330 88 5 4 142
107 462 7 3 116
508 252 6 4 207
343 78 10 3 112
385 88 5 6 6140
403 66 8 6 34041
424 490 10 6 16712
266 293 7 7 189043
177 182 10 4 1078
149 4 7 4 616
423 324 8 4 784
504 180 2 7 25726
457 115 8 4 294
493 85 4 4 202
257 240 9 4 471
470 36 6 3 73
179 507 7 1 7
473 504 1 5 195
125 304 8 6 16839
363 434 5 3 71
175 87 2 4 102
183 464 5 4 448
186 482 1 5 339
146 458 1 8 74955
51 209 4 8 1002054
413 464 7 3 102
331 130 4 6 8905
194 161 2 5 455
345 204 6 3 97
342 194 9 5 5758
10 115 8 4 858
160 432 4 5 2554
215 229 8 2 18
484 191 2 5 398
41 250 8 4 649
339 86 10 5 4946
244 91 3 5 1184
61 236 10 5 1394
190 394 6 5 921
125 6 10 6 44909
508 205 7 4 234
248 408 9 2 36
411 280 2 5 555
262 392 10 6 23330
400 392 3 3 38
386 265 4 3 59
174 34 2 7 43446
96 121 3 3 19
263 96 4 5 729
410 447 6 4 287
306 460 7 3 45
191 279 5 3 27
35 83 4 5 2392
192 242 8 2 33
369 247 3 4 87
350 153 4 5 847
479 274 2 5 272
26 418 9 5 3241
301 269 4 3 58
390 181 2 6 1612
316 65 1 6 1178
85 146 8 3 52
356 361 3 4 285
241 163 1 7 7476
284 239 4 4 214
364 384 7 4 571
70 284 9 4 1007
248 479 6 7 107568
483 142 10 4 258
38 189 7 3 64
407 298 5 6 19615
285 240 5 5 1317
22 131 7 5 1575
427 98 2 4 186
293 274 7 4 288
119 489 2 7 27450
332 489 6 6 6510
283 245 9 4 383
358 491 6 8 1164881
283 272 6 2 24
162 72 5 6 12669
207 259 5 6 14325
246 89 7 4 289
359 59 6 5 878
71 492 1 4 43
39 234 3 8 469766
297 212 1 6 2538
256 326 9 7 150915
400 423 10 3 203
418 165 8 3 43
461 334 10 6 48150
451 500 2 3 36
63 480 2 4 200
276 339 1 5 652
141 172 3 6 2247
299 64 8 3 101
93 402 7 3 43
90 165 4 4 279
433 169 7 4 501
445 468 6 4 176
367 36 3 5 859
375 508 8 5 2527
225 288 2 7 10071
82 296 3 4 330
156 481 10 4 607
366 8 1 7 20325
100 420 3 6 6294
264 109 8 5 2690
92 14 9 3 172
134 35 2 4 205
414 441 2 5 444
187 57 7 3 60
42 133 9 4 482
473 266 2 4 84
458 119 2 4 90
192 360 2 5 1103
94 81 8 3 52
216 13 5 3 105
76 173 3 6 6576
120 454 10 5 2733
343 60 4 7 66613
192 460 8 5 1969
184 465 2 7 11429
69 61 10 5 3301
487 247 2 5 971
266 308 3 5 1483
423 257 2 4 207
421 192 4 5 2581
143 98 6 4 293
89 380 7 5 811
228 398 4 6 6525
312 208 6 4 165
51 506 6 6 5310
373 53 5 4 245
494 121 2 5 720
329 228 9 3 48
86 229 8 7 79286
476 119 4 5 2054
76 148 8 3 48
58 21 10 5 1194
443 33 3 7 46986
233 353 5 4 519
141 25 7 4 162
195 58 10 4 623
287 178 3 5 484
181 421 9 3 128
419 33 5 4 418
386 116 3 4 118
163 39 3 4 340
185 33 5 4 352
185 471 6 4 319
186 5 4 6 8698
452 308 3 4 310
382 35 5 6 5343
172 211 7 4 157
260 59 2 5 250
333 111 3 5 377
57 59 9 5 2351
202 115 8 3 152
141 195 2 5 928
510 426 6 5 1510
444 365 10 6 7695
39 406 2 5 872
115 421 9 5 1819
317 45 5 5 1446
161 54 3 3 34
459 283 10 4 854
299 249 7 5 2570
3 507 8 3 125
229 428 8 6 24326
29 73 3 5 1686
330 30 5 4 534
398 118 9 4 280
223 402 4 5 1628
158 29 4 3 70
235 346 5 5 1261
361 212 4 2 9
112 326 4 3 40
345 235 4 6 3382
358 223 10 6 25724
86 283 7 7 140419
467 161 8 4 221
473 223 2 3 38
29 209 5 4 331
376 243 7 4 187
72 50 2 8 310618
349 439 5 4 290
308 170 1 8 237346
140 271 3 5 464
279 3 9 3 61
207 34 7 4 325
32 332 9 4 968
149 170 4 5 1677
183 54 7 4 299
325 171 1 6 1975
91 163 3 4 74
40 473 10 1 7
363 384 9 4 429
268 451 4 3 41
399 15 9 3 70
356 368 7 3 76
486 70 5 4 112
105 340 9 3 143
435 24 3 5 401
508 242 7 2 23
417 254 9 4 543
386 441 6 4 152
89 423 4 4 335
390 24 8 5 1987
504 122 5 5 1273
186 208 7 3 64
70 485 9 4 420
165 337 9 7 207208
18 30 1 6 2343
169 36 8 4 260
212 392 8 5 1725
248 453 5 3 66
169 310 7 6 21089
495 378 7 5 4499
241 469 2 5 452
179 231 10 4 615
119 322 5 5 626
411 311 1 7 6332
227 258 9 5 4146
160 45 10 3 83
463 202 2 5 714
208 153 3 5 444
140 420 4 4 384
198 185 10 7 233846
154 510 4 2 9
314 121 9 5 3390
251 401 8 4 182
100 409 1 6 1077
112 412 5 5 2278
28 505 10 6 7333
296 137 1 5 149
495 323 10 3 56
43 180 5 7 168399
159 171 2 5 316
109 281 7 4 505
232 145 2 6 2066
381 27 7 2 35
140 401 4 4 135
103 320 7 4 159
86 459 3 5 1628
489 382 3 5 419
185 52 9 3 89
127 172 1 5 641
456 357 1 7 30573
355 326 2 9 1056320
9 219 8 4 387
160 508 9 3 95
303 177 3 5 999
463 456 10 7 85178
163 224 7 5 1359
233 28 10 5 2212
142 354 1 8 102002
269 336 9 1 10
258 44 8 4 311
341 396 9 4 460
436 81 10 5 4823
232 130 7 5 998
60 340 2 5 1188
145 318 5 5 1077
487 498 2 4 100
165 470 8 4 446
123 193 8 4 356
128 495 9 4 772
465 349 4 5 1335
146 365 4 4 435
425 335 6 3 118
425 197 6 4 218
9 241 6 3 105
128 424 6 5 1117
140 125 7 8 388028
143 503 9 2 20
109 200 3 2 13
100 10 4 3 47
358 496 2 3 25
42 454 1 6 2068
463 107 3 4 114
239 177 3 5 814
511 267 7 3 140
498 163 5 6 8351
281 392 6 5 1564
436 508 9 5 2757
270 121 3 4 207
289 495 1 7 5981
327 260 7 4 251
288 510 3 6 4020
13 86 4 4 355
484 104 10 4 599
76 320 4 6 7386
34 270 8 2 30
417 262 3 5 489
339 117 10 3 80
310 380 8 3 151
112 259 4 4 99
26 406 7 4 260
255 223 1 7 33062
45 291 4 5 1774
225 344 2 4 50
440 106 5 6 24189
143 484 1 4 73
354 419 1 5 621
419 206 7 5 4453
119 339 6 5 1340
226 436 2 5 377
439 497 1 8 74315
194 26 10 6 9825
100 262 2 5 747
77 56 7 7 90841
391 338 5 2 19
197 35 2 6 9620
505 417 10 8 1551117
508 260 8 4 450
134 480 6 7 30259
209 492 3 4 92
463 286 1 5 223
121 55 3 4 116
94 58 10 2 46
174 474 5 5 2285
131 54 5 4 364
164 145 6 5 2030
288 487 2 4 78
310 363 6 3 74
79 402 6 2 31
178 332 4 5 684
3 218 8 2 36
70 382 7 2 14
331 321 10 4 800
357 509 6 3 71
187 274 3 4 278
179 105 1 5 143
292 415 3 3 21
153 385 6 3 103
98 383 9 2 35
250 191 3 4 246
80 417 7 3 120
165 178 5 4 265
296 247 10 3 86
66 366 4 6 3404
185 205 4 4 302
39 301 6 4 426
495 509 5 3 106
324 396 5 3 85
484 215 9 6 18400
461 40 3 5 926
468 365 10 3 92
421 91 1 8 211077
478 225 3 4 210
259 305 9 4 405
64 82 4 5 1004
357 475 9 5 1250
89 270 2 4 93
296 90 6 3 54
428 311 2 5 761
473 126 2 5 276
348 165 8 3 100
245 192 4 2 14
53 264 7 5 2540
252 453 10 5 3722
13 167 8 4 333
245 367 2 3 35
65 488 5 4 166
178 501 7 4 756
55 321 6 3 129
217 504 8 1 7
280 176 7 3 38
472 426 10 2 34
260 434 2 6 2524
54 13 6 2 15
118 10 8 1 11
164 315 3 5 1144
203 425 9 6 22880
460 428 2 3 23
106 164 1 6 1883
342 261 10 3 213
343 26 3 3 64
188 194 5 4 294
501 128 2 5 376
265 301 8 4 253
106 340 4 3 55
449 100 6 4 272
25 280 9 6 16163
