1128 4.188135463434328e-09 
741 5.754859883772001e-09 
3267 5.4107949944755956e-08 
4991 5.571932359949017e-10 
2785 8.657511619560541e-08 
5786 7.3506258337074915e-09 
3476 3.2719620749344785e-08 
1186 1.917633329906465e-09 
4784 1.8485624142527968e-10 
3705 2.7556235071557467e-10 
7002 1.3844967950739362e-08 
3485 1.3742628285351444e-09 
8373 3.824967179794081e-09 
4281 3.249253088810633e-10 
4853 4.7727745887404804e-09 
3824 1.3172660056487429e-08 
8186 2.6320885465230034e-06 
5618 5.115714029474416e-09 
8452 1.8044849642295802e-09 
2157 3.3864022697116525e-11 
9753 9.6301469455079e-09 
6799 2.7389965261137572e-08 
6019 4.6289355681849997e-10 
986 7.936784163914412e-09 
898 5.531871828667878e-09 
6759 3.7491787452381686e-11 
5777 8.741625595262703e-09 
6255 2.7537438024305416e-09 
2714 3.035859341693481e-10 
7102 3.428236933916695e-09 
6549 2.1115969850264704e-08 
8744 1.2065353577339621e-09 
3789 1.1587138748492265e-09 
7880 1.77933717794565e-08 
393 4.1881610029874394e-08 
8901 1.7298852178992095e-07 
1659 2.3624278912021818e-08 
9199 6.118786588515945e-10 
8288 1.1568354607582876e-09 
3832 6.442899049344253e-09 
5175 1.1204209235740614e-08 
1623 8.265306578048026e-09 
6574 3.730834096347946e-08 
4610 4.3720672915359415e-09 
3918 3.992604837022018e-09 
2540 3.016202715887262e-08 
4542 2.0221646579443586e-10 
8864 6.592705088055359e-08 
7509 1.2586823807184122e-08 
3687 7.118916655821095e-09 
3756 2.394497378155336e-10 
2057 2.1025697852054825e-08 
9650 1.1280019697815225e-08 
6745 2.6430563918045102e-09 
5918 2.3580696353886488e-09 
7053 5.226101103955605e-09 
7077 1.0118770888897788e-08 
814 2.0247479892161854e-06 
1828 6.314335204227542e-08 
4728 3.2184814319083724e-07 
5678 2.1330509580863577e-10 
6864 3.581575096743561e-08 
2633 4.18516815023362e-08 
1220 9.360465482582958e-09 
5724 3.268684239943198e-09 
1478 5.364457055911237e-08 
801 1.0080638526540736e-05 
7994 9.297160950827443e-09 
7430 7.675576285670616e-09 
1570 9.572090481357876e-10 
3912 1.3247080986843185e-08 
244 6.327867598052844e-08 
1883 4.942965280043798e-07 
3827 5.178527193866467e-09 
4176 1.777611099984533e-09 
2557 5.954636783656042e-10 
4015 4.755773053014348e-08 
1666 6.4329932249196364e-09 
4309 9.455343704181662e-09 
527 4.434811465975352e-09 
5037 3.1635039761390704e-09 
185 5.275120715242387e-09 
4776 8.963390264802966e-08 
3533 1.9620906080430878e-09 
273 4.993123959434742e-09 
6225 1.7299826403881224e-08 
7001 6.868905444434859e-11 
4201 3.483543804111422e-09 
2398 1.7767456900706635e-08 
1385 2.0004599339887297e-08 
519 6.188900551111834e-08 
8797 1.1226439985967396e-08 
4736 2.059275049093312e-09 
5794 1.0515709957317765e-08 
4003 1.503881453222833e-08 
8502 1.1418946913193707e-06 
6247 2.1213165102978992e-08 
5150 1.774103520688075e-08 
2787 8.771501563281658e-09 
9113 8.673010021970073e-09 
1654 5.9159718741874645e-08 
4394 2.9466620823492135e-08 
6389 5.998046503918886e-11 
7252 1.9763197163860657e-08 
5758 1.0029040375947318e-09 
5855 1.8356281841769295e-09 
5709 1.800426474574124e-11 
1707 1.6881241404753666e-09 
1632 1.7997482929313358e-08 
2806 1.4936496484097006e-11 
737 5.134383157436723e-08 
8420 1.61346300504156e-08 
3246 6.029887700265135e-11 
6957 8.43591863031179e-12 
5438 1.3343711676404302e-08 
9104 4.553408989964314e-08 
716 4.0698241381576655e-08 
6949 2.260127443184934e-08 
8868 7.073874819241155e-11 
5182 1.8533632969476577e-08 
5686 2.1392116570317053e-07 
3436 1.4705811081892894e-08 
8673 5.610036046821421e-10 
743 4.203075817943436e-09 
8089 0.00023979547005306288 
9887 5.8828544710100295e-08 
5042 1.4416663489480105e-05 
5165 2.373096164021149e-10 
3181 9.87822329490129e-09 
2279 8.113853200431009e-10 
9870 1.5664192618350392e-08 
3752 1.2704166219013047e-08 
9190 3.756784442254151e-06 
9189 2.500630082082761e-08 
3029 1.023502893549022e-09 
9730 3.2914286041014595e-05 
4411 1.1830933744835792e-08 
8826 8.216219798268254e-09 
6652 5.398436239700821e-09 
6073 7.332110153399074e-09 
7868 4.95612219267999e-08 
6141 3.9883932085368196e-08 
2640 1.163573631543513e-08 
7532 9.936507503957581e-09 
9145 6.525645822301083e-07 
7669 7.522656139094704e-08 
9993 2.248541963734141e-09 
7019 3.942898480976953e-08 
9923 2.0599055188387332e-07 
9160 3.585856335822091e-08 
6678 6.221174054686293e-08 
7153 9.058799569170578e-07 
3639 6.057070131917919e-09 
8532 2.196098303208771e-10 
8478 1.4182531158160594e-08 
9107 9.373937182033387e-10 
3441 3.745599254367793e-09 
6033 2.129696943797832e-08 
7882 1.6472888641691497e-08 
4376 5.078322689450188e-09 
