1 5 4 3 58
1 9 6 3 43
1 10 8 5 4323
1 18 7 4 222
1 19 5 3 38
1 30 5 2 16
1 48 8 3 50
1 113 5 6 4789
1 136 7 2 22
1 151 7 3 46
1 157 7 3 48
1 167 1 6 1346
1 216 2 6 5142
1 257 5 3 99
1 260 5 4 487
1 266 1 4 70
1 275 9 4 295
1 322 4 3 66
1 353 8 1 14
1 416 1 3 18
1 553 5 5 2053
1 619 7 4 451
1 647 10 5 1327
1 671 7 4 466
1 675 2 4 48
1 680 2 5 534
1 705 2 5 1194
1 844 7 3 43
1 903 4 6 7522
1 918 4 3 74
1 937 8 4 569
1 3 8 3 126
1 13 7 3 123
1 81 4 4 109
1 121 3 4 247
1 130 4 4 148
1 249 9 2 40
1 258 10 3 72
1 291 9 3 54
1 323 10 2 46
1 341 4 3 40
1 481 3 4 164
1 518 8 1 8
1 519 10 3 136
1 722 2 6 1919
1 773 7 5 957
1 805 6 4 416
1 835 5 3 36
1 919 3 3 19
2 8 7 2 16
2 16 6 4 160
2 31 9 1 15
2 38 3 3 35
2 71 10 2 35
2 83 1 5 350
2 136 8 4 195
2 229 2 6 2691
2 293 1 5 257
2 358 9 4 776
2 482 10 2 41
2 536 7 2 28
2 566 2 4 86
2 645 10 3 176
2 706 2 3 32
2 769 6 4 198
2 826 5 5 1278
2 921 10 2 31
2 9 10 4 309
2 21 6 4 153
2 30 8 3 66
2 39 9 4 360
2 44 8 3 59
2 65 5 4 240
2 72 6 5 1106
2 113 4 4 310
2 129 4 3 62
2 146 10 4 617
2 149 4 5 806
2 211 5 4 185
2 257 5 3 72
2 265 1 4 30
2 513 9 3 64
2 523 2 4 140
2 673 3 5 1371
2 774 9 2 22
2 785 9 4 247
3 4 1 4 52
3 9 4 3 69
3 49 6 4 251
3 133 10 4 879
3 168 10 2 29
3 261 7 3 39
3 268 4 3 43
3 329 2 4 115
3 524 8 2 22
3 827 2 6 1600
3 34 5 3 65
3 38 6 4 146
3 68 5 3 44
3 90 5 4 112
3 142 9 3 68
3 146 3 4 160
3 386 10 3 66
3 438 1 4 30
3 547 7 3 39
3 593 4 4 145
3 711 5 2 13
3 853 7 3 66
3 913 4 3 68
4 25 6 3 49
4 132 10 2 39
4 273 6 4 141
4 278 2 4 90
4 531 6 4 597
4 593 7 3 67
4 653 10 2 38
4 818 7 6 6146
4 7 3 4 182
4 34 4 3 84
4 40 3 3 58
4 61 2 7 50213
4 106 10 5 5067
4 108 6 2 16
4 113 3 6 8255
4 199 8 3 45
4 359 7 4 252
4 489 1 4 48
4 518 8 2 20
4 628 4 4 135
4 657 1 4 25
4 666 10 2 32
5 5 2 3 19
5 16 1 4 74
5 25 1 5 406
5 51 9 3 82
5 61 3 3 30
5 65 2 2 5
5 249 5 4 402
5 285 9 5 1154
5 294 6 3 104
5 369 9 5 1301
5 518 7 3 75
5 577 6 2 23
5 684 10 4 383
5 775 9 5 2642
5 804 6 5 1117
5 809 7 2 30
5 50 3 3 39
5 90 5 3 45
5 189 10 2 44
5 212 7 2 32
5 257 5 4 160
5 265 10 3 111
5 276 8 2 17
5 322 6 2 24
5 396 4 6 15865
5 515 4 4 289
5 547 4 3 39
5 552 9 4 229
5 555 5 3 42
5 567 5 6 3501
5 593 8 3 110
5 641 3 4 183
5 646 8 3 117
5 650 6 5 1163
5 901 5 2 19
6 19 1 5 385
6 217 4 4 94
6 585 1 4 45
6 888 8 3 84
6 30 4 4 108
6 58 5 5 637
6 61 2 5 256
6 186 4 3 73
6 233 9 3 67
6 257 3 3 28
6 385 4 3 60
6 513 3 4 164
6 514 10 4 272
6 534 5 4 214
6 577 10 3 89
6 626 5 2 11
6 912 2 3 12
7 149 8 4 383
7 213 10 4 334
7 260 1 4 51
7 268 5 4 158
7 269 4 2 20
7 467 2 4 168
7 513 10 2 44
7 799 2 4 102
7 1003 9 3 99
7 103 2 5 639
7 133 3 3 26
7 205 3 3 49
7 305 6 4 185
7 326 7 3 116
7 385 3 3 64
7 397 2 5 437
7 413 4 3 72
7 474 2 4 99
7 535 7 1 9
7 545 4 2 11
7 558 6 4 205
7 641 2 4 164
7 682 6 3 36
7 695 5 4 247
7 778 6 2 18
7 871 2 4 137
8 82 8 4 255
8 111 4 3 44
8 238 2 4 85
8 716 6 3 48
8 20 7 2 14
8 260 10 4 253
8 293 10 4 321
8 420 10 4 809
8 721 2 4 49
9 20 10 2 20
9 33 9 4 540
9 43 9 5 2191
9 59 4 3 46
9 203 3 3 54
9 273 3 4 199
9 274 5 4 206
9 387 9 2 21
9 394 4 3 28
9 487 7 4 645
9 553 8 3 92
9 643 6 3 122
9 657 1 5 137
9 736 1 4 51
9 851 4 4 144
9 903 9 3 58
9 73 9 3 76
9 169 6 5 2807
9 173 5 5 1917
9 194 6 3 89
9 262 2 3 38
9 278 7 4 229
9 305 6 3 99
9 331 7 2 28
9 392 6 2 30
9 431 7 3 72
9 518 5 3 49
9 627 1 4 82
9 775 5 2 18
9 923 2 3 43
10 40 10 1 7
10 44 1 4 43
10 275 9 3 119
10 417 10 3 80
10 527 4 4 395
10 573 4 3 46
10 824 1 4 55
10 908 6 3 37
10 17 2 3 26
10 25 9 3 53
10 41 9 6 37768
10 51 1 5 531
10 231 9 3 57
10 400 8 3 52
10 455 9 3 62
10 521 10 3 214
10 801 1 5 288
10 874 4 4 134
10 949 3 3 20
10 501 2 4 138
11 14 5 4 411
11 41 5 3 44
11 76 2 4 91
11 85 8 2 15
11 161 4 2 11
11 177 8 4 285
11 209 10 4 277
11 519 3 4 88
11 524 9 2 22
11 585 3 5 927
11 600 4 3 82
11 681 9 3 79
11 779 8 3 52
11 21 2 5 935
11 45 3 4 92
11 129 2 5 503
11 130 3 2 8
11 401 4 2 15
11 529 10 3 84
11 536 7 5 2003
11 537 2 5 308
11 562 6 5 2281
11 659 1 5 408
11 912 10 3 90
11 930 5 3 32
12 205 9 1 8
12 587 6 2 29
12 753 8 2 22
12 780 5 5 1644
12 203 6 3 47
12 267 5 3 92
12 306 3 3 26
12 327 7 2 22
12 347 5 2 9
12 348 1 3 12
12 515 7 4 160
12 533 3 2 11
12 597 6 4 177
13 25 6 5 976
13 56 2 5 608
13 66 2 4 65
13 117 4 4 131
13 129 4 5 1275
13 270 5 4 112
13 367 10 3 205
13 635 8 3 53
13 782 9 4 440
13 37 1 4 33
13 45 6 3 118
13 112 9 4 332
13 209 4 4 125
13 269 1 5 196
13 287 6 4 146
13 350 4 3 81
13 692 5 4 540
13 906 1 3 6
14 67 1 5 172
14 193 9 4 325
14 225 2 5 687
14 321 10 3 88
14 781 5 4 270
14 38 1 4 110
15 128 6 3 105
15 153 2 3 26
15 211 5 4 201
15 322 1 5 205
15 377 2 4 59
15 585 3 4 84
15 617 9 3 66
15 99 10 2 25
15 209 7 5 954
15 683 4 3 23
15 781 8 3 59
16 353 3 4 251
16 486 4 2 16
16 660 10 2 29
16 855 7 2 17
16 343 3 4 144
16 558 10 2 47
17 25 10 4 471
17 65 10 3 106
17 97 2 4 218
17 133 10 3 67
17 149 3 4 193
17 199 10 4 234
17 517 2 4 102
17 644 7 2 27
17 807 10 5 3503
17 33 2 5 858
17 68 4 2 11
17 276 5 4 127
17 325 1 5 125
17 327 10 4 978
17 402 2 4 204
17 419 6 4 291
17 530 1 5 220
17 641 4 4 147
17 665 8 4 192
17 781 3 5 353
17 793 4 5 2224
17 833 8 3 117
18 49 9 3 153
18 130 6 4 285
18 259 3 4 75
18 50 9 2 33
18 133 3 3 46
18 707 2 5 507
18 811 7 1 10
19 52 3 3 49
19 204 8 4 306
19 216 2 5 240
19 291 6 3 38
19 642 4 5 813
19 646 1 5 151
19 98 7 2 15
19 145 2 4 196
19 241 6 2 22
19 280 1 4 50
19 337 6 3 69
19 561 2 2 7
19 575 1 4 26
19 633 2 4 123
19 701 8 3 105
19 817 3 3 54
20 25 5 4 272
20 658 4 3 51
20 710 7 4 174
20 181 10 2 40
20 293 7 4 181
20 577 10 2 38
20 712 1 5 442
21 29 6 3 59
21 37 3 4 68
21 70 4 3 23
21 177 8 3 45
21 195 2 5 590
21 324 8 3 45
21 787 10 2 24
21 27 7 3 65
21 41 4 5 1356
21 68 5 4 345
21 91 5 2 18
21 96 4 4 384
21 150 5 1 5
21 404 5 3 92
21 412 8 2 18
21 531 8 2 24
21 564 3 3 48
21 681 3 4 160
21 725 8 3 44
22 117 3 4 78
22 259 9 4 301
22 309 1 4 25
22 31 9 2 32
22 137 5 3 83
22 162 4 4 275
22 401 9 2 44
22 442 5 3 52
22 545 9 2 22
22 833 8 3 45
22 840 1 5 141
23 25 7 3 75
23 69 2 6 4130
23 98 2 3 14
23 108 5 2 22
23 134 9 4 263
23 282 6 7 52764
23 321 10 4 283
23 332 4 3 44
23 566 4 3 82
23 27 2 3 40
23 955 9 2 23
23 978 8 4 366
24 329 1 4 92
24 771 2 2 10
24 887 5 3 32
24 46 8 1 7
24 134 10 3 64
24 865 2 5 707
25 534 3 6 2896
25 782 8 5 1509
25 787 1 6 961
25 849 6 3 97
25 945 7 3 75
25 123 3 4 335
25 149 10 3 56
25 259 8 5 1370
25 434 2 4 137
25 545 3 4 214
25 611 4 3 87
25 632 10 4 366
25 737 8 2 40
25 817 1 6 965
26 524 2 4 66
26 593 3 5 344
26 66 3 4 67
26 170 3 4 180
26 355 10 2 52
26 646 3 3 63
26 738 10 2 34
26 789 4 3 46
27 110 7 2 33
27 802 9 2 16
27 34 10 3 162
27 65 7 2 37
27 105 10 3 85
27 154 8 5 2849
27 579 1 4 62
27 659 10 3 152
28 131 2 3 39
28 211 4 3 43
28 548 9 5 2808
28 550 3 3 25
28 278 8 3 59
28 295 6 3 94
29 43 1 4 31
29 73 7 3 57
29 147 4 4 329
29 193 1 4 71
29 204 4 3 86
29 625 3 3 35
29 648 1 4 57
29 105 4 3 35
29 113 9 4 253
29 194 3 5 459
29 565 4 3 60
29 610 7 3 139
30 328 1 6 916
30 533 1 4 74
30 810 1 5 148
30 301 10 2 38
30 321 5 4 151
30 967 4 4 194
31 53 8 4 179
31 130 8 4 295
31 589 7 5 3044
31 355 6 3 51
31 833 8 4 221
32 78 9 2 30
32 562 8 3 76
32 34 9 5 2087
32 86 4 4 401
33 34 4 3 71
33 43 4 6 4114
33 73 1 3 17
33 186 10 2 42
33 197 7 5 1000
33 205 5 4 312
33 212 9 2 26
33 220 5 2 10
33 277 5 3 38
33 389 10 3 148
33 415 10 5 1613
33 515 4 3 36
33 613 6 4 246
33 642 3 3 17
33 722 3 4 313
33 760 9 4 400
33 804 1 5 284
33 849 2 4 75
33 961 5 3 91
33 97 8 3 59
33 173 3 4 185
33 177 5 3 75
33 229 3 4 72
33 263 8 3 70
33 292 8 4 668
33 327 9 4 263
33 346 7 5 1052
33 421 8 2 39
33 429 9 5 1399
33 561 5 3 29
33 755 2 3 40
33 773 3 5 395
33 835 9 3 88
33 842 5 4 173
33 873 4 3 34
34 65 2 4 171
34 277 3 4 80
34 278 4 3 88
34 321 7 2 37
34 545 8 4 200
34 786 5 3 48
34 899 5 3 38
34 946 9 4 204
34 58 3 4 117
34 61 10 2 18
34 117 6 2 14
34 245 8 3 66
34 339 4 2 15
34 517 8 2 16
34 529 10 5 1791
34 597 6 3 59
34 682 8 4 192
34 925 5 3 46
35 145 3 5 471
35 293 8 5 2710
35 325 5 3 30
35 562 1 4 52
35 664 6 4 138
35 721 2 3 13
35 801 3 6 5772
35 37 7 2 26
35 96 1 4 53
35 161 3 4 161
35 165 3 4 198
35 213 6 5 1672
35 259 3 4 259
35 269 8 4 178
35 306 5 3 48
35 363 8 3 107
35 518 1 4 45
35 702 6 2 24
35 705 9 3 193
35 770 7 3 62
35 802 5 3 87
35 978 5 4 203
36 66 1 5 150
36 267 1 4 35
36 552 10 2 24
36 690 3 3 32
36 227 9 3 131
36 284 9 6 28230
36 330 2 5 488
36 713 9 4 480
36 991 10 4 640
37 49 10 2 19
37 258 3 4 75
37 267 6 5 930
37 289 3 2 10
37 321 7 3 87
37 449 5 4 458
37 556 2 3 40
37 706 6 3 57
37 859 9 3 173
37 259 2 4 205
37 281 2 5 377
37 290 9 3 49
37 307 8 2 21
37 513 5 4 215
37 515 7 2 25
37 528 5 3 95
37 529 7 5 1201
37 551 10 3 211
37 554 6 3 54
37 573 1 5 545
37 661 4 4 91
37 997 10 3 56
37 1012 3 3 63
38 365 9 3 126
38 521 9 1 8
38 595 5 3 105
38 641 5 4 255
38 674 8 3 144
38 68 2 4 162
38 73 1 5 201
38 130 1 4 50
38 534 4 2 15
38 953 1 5 157
39 181 6 5 1624
39 205 5 3 50
39 545 4 4 252
39 93 7 3 104
39 165 9 4 583
39 393 10 4 246
39 877 6 2 28
40 49 2 4 145
40 521 3 4 153
40 983 9 4 205
40 41 10 2 18
40 74 8 4 604
40 130 2 4 83
40 137 2 3 34
40 202 5 2 25
40 681 4 4 126
40 898 8 3 43
41 66 2 5 313
41 257 1 5 141
41 513 3 4 229
41 529 5 3 51
41 606 2 5 932
41 646 9 3 126
41 673 10 5 1371
41 757 4 3 23
41 762 7 4 182
41 841 2 5 305
41 981 6 3 71
41 162 4 4 235
41 552 10 3 143
41 761 7 7 43603
42 97 9 3 78
42 264 1 3 13
42 277 10 2 43
42 322 3 5 537
42 514 1 3 18
42 988 4 4 230
42 65 5 4 269
42 273 6 3 61
42 519 5 3 63
43 43 3 5 1401
43 141 5 3 32
43 330 2 3 42
43 412 1 5 176
43 779 3 3 45
43 840 9 3 50
43 186 10 2 19
43 305 2 2 6
43 340 6 3 108
43 514 8 1 9
43 858 10 3 148
43 883 2 3 26
44 547 10 3 178
44 193 1 3 15
44 807 9 5 1860
44 833 8 4 336
45 48 5 3 71
45 431 3 4 337
45 525 3 4 221
45 795 4 4 228
45 311 1 4 42
45 567 2 3 26
45 726 5 2 20
46 51 2 4 68
46 75 3 3 62
46 267 6 3 57
46 616 9 3 191
46 809 1 7 7487
46 845 4 4 380
46 329 9 3 67
46 742 1 4 26
46 786 7 5 1795
46 801 5 2 25
47 58 2 4 96
47 53 2 5 501
47 251 8 2 27
48 81 8 2 25
48 1023 3 4 238
48 274 5 3 37
48 289 2 5 1169
48 514 2 4 104
49 68 10 3 55
49 169 7 3 84
49 177 2 4 97
49 194 6 2 27
49 199 10 5 1574
49 227 8 5 4568
49 647 2 4 107
49 709 4 4 196
49 790 5 5 1159
49 844 2 5 253
49 933 10 4 445
49 98 2 4 125
49 105 10 3 131
49 453 8 1 14
49 577 3 6 11381
49 645 4 4 99
49 650 6 2 26
49 776 1 4 33
50 311 1 4 26
50 314 9 4 228
50 517 6 6 5421
50 94 5 4 211
50 369 2 4 141
51 114 7 5 1025
51 529 5 4 124
51 289 3 3 34
51 873 4 2 11
52 71 6 2 29
52 378 9 3 97
52 517 9 3 68
52 81 7 4 157
52 969 2 4 187
53 189 6 3 67
53 257 9 2 40
53 286 1 5 215
53 391 5 3 97
53 900 6 2 25
53 169 4 3 82
53 193 5 4 246
53 417 3 5 1290
53 513 9 2 29
53 556 5 3 110
53 661 2 3 36
53 677 9 2 44
53 794 10 1 11
54 147 9 1 15
54 246 1 3 17
55 113 4 3 35
55 719 9 2 24
55 157 1 4 26
56 279 2 4 61
56 210 5 1 8
57 90 8 3 150
57 268 7 3 121
57 473 10 3 68
57 545 6 5 2243
57 561 4 5 493
57 267 8 3 159
57 878 7 1 12
58 129 8 2 26
58 449 7 3 118
58 297 8 3 97
59 114 6 5 1125
59 471 2 3 43
59 60 6 3 104
59 129 4 5 845
59 402 10 3 109
59 467 8 3 44
59 596 5 3 51
59 255 5 3 30
60 293 9 1 10
60 454 9 2 41
60 584 9 2 36
61 113 4 3 44
61 949 6 1 9
61 290 10 2 41
62 645 2 5 393
62 649 10 4 242
62 66 3 3 29
62 198 3 4 180
63 522 8 2 22
63 613 6 3 46
63 420 2 4 123
64 305 8 3 53
64 746 1 5 215
65 193 10 3 217
65 195 3 6 8247
65 198 9 3 94
65 204 8 2 39
65 273 3 4 83
65 371 5 4 283
65 466 4 4 135
65 482 1 4 37
65 515 6 3 88
65 687 5 4 118
65 757 3 4 321
65 772 10 5 1174
65 781 5 3 95
65 791 10 5 1301
65 85 1 5 173
65 105 8 3 59
65 214 3 4 220
65 247 5 3 57
65 387 5 4 181
65 483 8 5 2414
65 490 10 3 125
65 573 10 1 14
65 581 4 2 14
65 586 4 3 74
65 587 3 3 29
65 673 2 6 1784
65 738 9 4 200
65 853 4 5 1784
65 929 7 2 16
65 860 8 3 65
66 97 8 3 43
66 105 9 4 300
66 119 8 4 272
66 219 10 2 39
66 242 10 3 58
66 266 2 4 55
66 275 3 4 217
66 422 3 2 15
66 516 10 2 18
66 572 3 5 879
66 615 10 1 15
66 73 6 4 153
66 86 6 4 174
66 233 10 4 249
66 513 2 4 110
66 514 1 4 102
66 726 3 4 166
67 141 9 5 1160
67 546 1 4 83
67 217 3 3 46
67 241 2 5 387
67 409 10 2 34
67 410 1 4 93
67 519 6 1 9
67 667 6 5 852
67 190 5 4 390
68 74 10 1 15
68 454 1 3 18
68 483 5 5 1049
68 841 9 3 95
68 135 7 3 122
68 146 4 2 21
68 169 6 5 1123
68 262 9 3 56
68 771 1 3 21
68 835 5 3 61
69 154 1 3 11
69 193 5 4 236
69 227 6 3 37
69 285 1 5 321
69 323 8 6 25668
69 577 9 1 12
69 115 5 3 54
69 145 7 3 51
69 169 1 7 7318
69 257 6 3 41
69 403 6 4 385
69 431 8 3 128
69 550 5 4 146
69 601 10 3 155
69 769 8 1 12
69 871 7 2 19
70 139 9 1 4
70 277 7 1 12
70 467 1 4 43
70 530 8 3 89
70 573 3 3 28
70 769 10 1 16
70 147 1 4 63
70 213 9 4 390
70 257 10 4 258
70 517 2 3 16
70 661 4 6 13788
70 820 7 4 205
70 493 1 4 87
71 110 7 2 28
71 213 8 3 81
71 432 5 2 22
71 609 1 5 121
71 643 2 3 43
71 647 7 3 41
71 649 9 3 65
71 673 2 4 66
71 102 8 4 700
71 619 8 4 242
72 265 2 4 141
72 410 8 3 170
72 701 7 2 33
73 281 4 3 63
73 438 9 4 223
73 534 9 1 8
73 962 4 4 184
73 141 7 2 16
73 170 5 2 15
73 193 3 2 13
73 262 3 3 38
73 517 5 1 3
73 578 4 2 14
73 853 9 3 155
74 641 8 3 95
74 871 8 4 544
74 1000 4 4 111
74 271 10 5 2648
74 387 6 2 14
74 638 4 2 11
74 644 4 4 124
74 801 9 3 176
74 816 10 4 349
74 936 7 2 23
74 980 10 4 246
75 513 3 3 18
75 549 10 2 27
75 601 3 6 2430
75 769 5 4 133
75 1013 9 3 152
75 85 9 2 27
75 326 5 5 1414
75 539 1 5 295
76 260 1 4 94
76 577 1 5 265
76 299 4 2 15
76 386 10 2 41
77 77 3 3 47
77 85 8 3 61
77 134 10 3 122
77 263 5 3 106
77 587 3 3 33
77 856 9 1 15
77 90 6 3 68
77 121 5 5 2538
77 577 3 2 13
77 620 7 4 166
77 629 2 5 235
77 649 5 4 360
77 705 4 3 66
78 257 7 3 55
78 268 5 4 210
78 451 6 3 51
78 457 4 3 57
78 310 9 2 35
78 376 6 3 36
79 289 8 3 104
79 518 7 3 104
79 785 3 3 26
79 920 6 1 9
79 103 9 2 29
79 131 10 3 159
79 300 3 3 51
80 166 5 4 211
80 387 3 4 90
80 658 4 3 59
81 83 8 2 22
81 133 4 5 1289
81 212 3 3 36
81 529 10 4 244
81 678 9 3 171
81 921 4 5 1718
81 97 3 4 183
81 123 6 2 18
81 207 4 4 149
81 233 2 4 139
81 323 7 2 19
81 395 6 3 106
81 403 9 3 52
81 580 1 5 566
81 606 1 4 61
81 690 3 3 30
82 808 7 5 1939
82 853 5 5 2855
82 137 4 5 558
82 161 4 6 4492
82 197 5 3 76
82 522 9 3 184
82 617 2 3 20
83 281 1 4 71
83 284 6 2 12
83 723 10 1 9
83 654 4 4 95
84 116 9 1 7
84 125 4 5 2478
84 305 5 4 325
84 618 1 5 119
84 785 5 3 93
84 336 4 3 87
85 217 10 1 11
85 491 6 3 54
85 113 8 3 95
85 135 1 4 91
85 297 9 3 153
85 539 6 4 165
85 778 6 4 225
86 661 2 4 74
86 913 6 2 28
87 235 2 3 17
87 525 1 5 399
87 219 8 3 72
87 531 1 3 13
87 837 9 2 40
88 354 1 4 107
88 463 3 4 304
88 513 1 5 537
88 516 6 5 716
88 140 9 3 73
88 165 8 3 49
89 331 4 3 22
89 783 1 6 850
89 130 4 5 686
89 209 7 3 142
90 347 9 3 196
90 552 4 4 155
91 275 10 5 1911
91 844 8 3 101
91 978 7 3 39
91 989 6 3 125
91 849 3 4 84
92 155 1 4 48
92 653 6 3 55
92 952 2 5 359
92 93 7 5 818
92 238 2 4 167
92 597 2 4 173
92 476 6 4 277
93 449 2 6 1564
93 600 9 3 132
94 135 10 2 45
94 670 6 3 43
94 516 6 5 942
94 500 6 4 474
95 870 8 1 14
95 955 7 2 35
95 133 8 3 58
95 146 8 3 115
95 521 1 4 63
95 935 1 4 30
97 104 8 2 15
97 149 6 4 437
97 209 8 3 78
97 221 2 4 80
97 277 1 4 79
97 305 2 3 32
97 322 1 3 10
97 357 2 4 100
97 548 9 1 9
97 777 8 2 33
97 821 4 4 218
97 513 9 2 37
97 561 7 3 88
97 579 9 3 144
97 841 10 3 212
98 131 6 4 142
98 145 10 4 328
98 168 2 3 26
98 196 8 3 68
98 287 10 2 26
98 474 6 5 1019
98 526 6 1 8
98 182 4 3 30
98 257 2 4 61
98 529 8 3 57
98 550 9 3 55
98 743 10 1 11
98 801 2 4 54
99 353 3 3 29
99 402 6 4 572
99 672 1 3 13
99 929 3 4 198
99 169 10 2 40
99 202 6 3 108
99 275 1 4 80
99 404 3 4 186
99 649 4 2 17
99 717 1 4 93
100 118 7 3 103
100 135 2 6 1435
100 250 8 6 21387
100 538 5 4 440
101 129 4 2 21
101 295 2 3 22
101 753 9 3 156
101 769 6 3 56
101 902 10 2 36
101 179 1 4 79
101 198 10 3 159
101 260 6 5 681
101 337 5 3 48
101 514 9 2 29
101 572 1 5 134
101 723 7 4 235
102 125 5 5 2413
102 162 7 3 64
102 170 10 4 248
102 393 8 4 207
102 600 10 2 41
102 282 6 4 145
102 416 10 4 230
102 459 10 2 22
102 777 4 3 46
103 167 8 3 91
103 265 2 4 56
103 152 4 4 260
103 554 10 4 691
104 705 6 2 19
105 133 6 4 566
105 314 7 4 436
105 513 5 4 129
105 674 3 3 31
105 159 6 2 14
105 168 3 4 158
105 286 5 4 113
105 561 6 3 69
105 627 5 4 369
105 722 4 3 35
105 723 5 4 375
105 805 2 4 115
105 835 6 3 51
106 297 4 3 82
106 780 7 3 97
106 410 5 3 100
106 457 9 3 102
106 566 10 3 75
106 681 7 5 2129
107 517 9 4 596
107 653 1 6 1128
107 118 2 4 151
107 305 2 4 154
107 325 6 3 65
107 341 9 3 71
107 841 8 3 120
108 130 8 3 126
108 113 7 3 46
109 134 7 3 55
109 515 2 2 8
109 826 4 5 625
109 651 7 5 1259
109 709 7 3 59
110 708 4 6 4855
110 315 8 4 356
111 691 9 2 36
113 166 7 4 220
113 777 6 3 96
113 213 1 6 755
113 372 1 6 723
113 492 6 5 890
113 514 7 3 49
113 905 4 1 6
115 417 3 4 171
115 453 10 1 8
115 498 8 2 31
115 873 9 3 51
115 421 5 4 151
115 627 7 3 68
116 601 7 2 23
116 898 6 2 12
117 144 1 5 183
117 276 3 4 187
117 327 9 2 38
118 804 10 3 195
119 566 3 5 482
120 447 9 3 176
120 837 4 5 565
121 194 4 3 56
121 579 6 4 179
122 537 1 6 3515
122 523 4 5 800
122 678 3 5 1316
123 186 6 3 108
123 295 9 4 245
124 601 5 5 3220
125 305 6 3 39
125 349 9 3 94
125 745 7 5 1000
126 269 7 1 10
126 612 6 3 73
128 999 6 2 15
129 135 4 3 28
129 201 4 3 75
129 209 8 4 786
129 321 6 2 25
129 363 10 2 44
129 376 4 4 122
129 377 2 3 23
129 434 10 4 647
129 454 7 4 155
129 629 1 5 219
129 771 2 5 767
129 807 5 2 20
129 178 1 4 38
129 278 4 3 42
129 349 5 3 80
129 772 1 5 304
130 164 3 3 34
130 585 6 2 24
130 708 7 2 34
130 584 8 2 29
130 655 10 3 123
130 673 10 3 72
130 913 9 4 428
130 1005 6 3 97
131 273 9 5 1100
131 274 5 2 15
131 369 1 4 47
131 521 10 4 488
131 529 6 4 464
131 533 9 3 117
131 541 7 1 8
131 676 6 2 12
131 773 4 6 4648
131 981 6 3 35
131 149 2 4 147
131 233 2 3 34
131 760 9 3 124
131 863 2 4 55
131 964 4 2 8
132 582 7 4 514
132 194 10 3 63
132 261 6 3 60
132 297 1 4 52
132 522 5 5 886
132 903 8 3 143
132 962 5 5 591
133 138 5 3 38
133 373 4 4 153
133 517 9 5 4786
133 714 6 3 123
133 917 6 3 48
133 958 3 5 1681
133 152 4 4 388
133 289 1 4 33
133 398 7 4 162
133 518 7 2 20
133 531 8 4 308
133 567 6 2 11
133 843 2 3 34
134 139 5 4 236
134 615 7 3 67
134 157 3 3 35
134 276 7 3 116
134 577 5 3 33
134 801 4 5 996
135 209 5 4 140
135 225 3 3 38
135 378 5 3 93
135 391 5 4 514
135 517 1 4 27
135 769 8 2 32
135 263 4 4 185
135 293 5 7 39658
135 356 3 3 17
135 486 4 4 122
135 526 9 3 161
135 533 1 4 38
135 807 9 2 26
136 259 1 5 153
136 545 6 3 127
136 141 4 4 97
136 705 8 4 227
137 161 5 2 19
137 483 5 4 135
137 611 3 4 84
137 658 3 4 71
137 685 3 5 344
137 832 4 4 274
137 283 6 4 669
137 453 6 4 150
137 553 7 5 3622
137 579 1 5 130
137 580 4 3 64
138 149 4 5 949
138 257 10 2 37
138 260 1 4 70
138 326 4 5 2041
138 679 9 4 491
138 779 4 4 118
138 177 10 4 641
138 555 4 4 167
138 907 7 3 68
139 267 6 4 578
139 416 2 3 14
139 591 2 5 1261
139 903 1 3 12
139 217 2 3 24
139 259 2 4 55
139 354 3 4 84
139 538 10 5 1422
140 427 1 4 37
140 866 6 2 19
140 149 6 4 481
141 144 9 3 131
141 169 9 5 2013
141 465 10 5 2898
141 725 6 4 155
141 777 8 2 21
141 202 7 3 45
141 301 6 2 19
141 620 1 5 193
142 522 9 4 245
142 955 1 5 159
142 151 5 4 116
142 166 1 6 1830
142 185 8 1 7
142 549 10 1 15
142 713 8 3 104
143 642 8 4 470
143 724 9 4 202
143 787 3 5 583
143 480 4 2 20
144 145 4 4 397
144 188 1 4 41
144 287 10 3 133
144 643 4 3 50
145 249 10 3 69
145 258 10 2 24
145 419 8 3 47
145 434 6 1 9
145 521 4 4 319
145 801 8 2 25
145 161 5 2 14
145 172 5 5 1710
145 179 6 2 18
145 401 7 5 1376
145 529 4 4 152
145 721 1 3 17
146 185 9 2 43
146 217 2 4 56
146 274 6 4 229
146 393 3 4 158
146 514 9 2 18
146 577 3 3 40
146 326 6 3 114
147 147 5 3 69
147 397 2 3 22
147 911 4 4 111
147 149 10 3 100
147 201 6 3 45
147 443 8 2 20
147 550 2 4 73
147 723 4 4 181
148 514 10 1 14
148 523 7 3 44
148 388 5 3 30
148 592 5 4 297
148 834 8 3 75
149 279 5 4 146
149 465 8 3 176
149 516 5 6 6433
149 913 1 5 311
149 530 9 5 2005
149 593 9 3 171
149 835 2 4 87
149 910 4 5 895
150 634 2 3 24
150 650 8 1 7
150 348 8 4 265
151 161 5 3 71
151 657 8 3 107
152 208 10 3 71
152 251 9 4 768
152 154 10 3 118
152 545 5 4 145
153 181 9 1 13
154 172 1 4 64
154 593 5 4 236
154 599 5 4 151
154 834 9 2 17
154 962 4 3 35
154 513 9 3 138
155 597 4 3 41
156 777 4 3 31
156 440 10 5 4719
157 522 4 4 356
157 815 9 3 64
157 243 9 4 214
157 258 2 5 1273
157 290 7 3 62
157 315 6 2 19
157 385 8 3 167
157 529 3 4 194
157 683 6 3 64
158 405 6 4 161
158 227 10 5 3599
158 516 1 6 4925
159 387 3 4 83
160 527 3 5 575
160 525 10 5 1239
161 453 10 5 1214
161 645 3 6 2150
161 802 9 2 34
161 163 3 5 536
161 257 4 4 130
161 339 6 2 30
161 387 4 4 117
161 406 1 6 4183
161 515 6 3 104
161 545 3 3 30
161 641 3 3 45
162 327 6 3 39
162 377 10 1 14
162 525 3 4 70
162 577 1 4 101
162 718 4 2 18
162 899 7 3 44
162 185 9 2 22
162 426 7 2 27
162 639 7 2 28
162 707 9 3 109
162 815 5 3 75
163 291 4 3 30
163 307 1 4 105
163 518 6 4 635
163 194 9 4 259
163 273 3 3 48
163 293 7 4 579
163 364 1 4 33
163 563 8 2 20
163 901 3 4 92
164 228 5 3 100
164 362 3 3 21
164 602 9 3 139
164 306 2 4 128
164 669 2 2 5
165 218 4 2 14
165 265 9 4 260
165 281 3 2 9
165 330 7 3 89
165 482 1 4 107
165 637 3 5 367
165 647 10 3 56
165 521 9 2 28
165 876 2 3 37
166 398 9 2 22
166 260 6 5 1712
166 873 7 4 268
166 945 3 2 12
167 687 10 4 1062
168 290 8 3 126
168 385 6 3 118
168 457 4 4 161
168 713 2 5 702
168 298 1 4 44
168 325 2 4 104
169 481 10 2 24
169 343 7 3 135
169 359 10 2 53
169 385 4 3 62
169 561 2 6 4945
170 352 7 3 55
170 515 2 3 23
170 339 10 5 2070
170 517 3 4 161
170 549 5 3 32
171 613 9 3 75
171 722 1 3 18
172 811 4 4 107
172 529 7 5 1284
173 570 4 3 51
173 665 3 3 42
173 577 10 2 41
174 262 5 3 74
174 513 9 6 12329
174 525 8 1 5
175 494 8 3 95
175 583 7 3 91
176 864 7 4 170
177 271 2 4 61
177 274 3 3 17
177 825 4 3 37
177 865 2 4 49
177 917 3 3 60
177 933 9 1 4
177 221 6 3 94
177 600 9 2 19
177 609 8 3 72
178 281 4 5 1747
178 561 8 2 20
178 612 8 2 21
178 745 5 5 949
178 193 6 2 19
178 269 7 3 56
178 518 5 3 97
179 581 7 2 31
179 798 9 3 185
180 430 10 5 2436
180 325 4 4 114
180 999 9 4 880
181 601 4 5 2354
181 974 5 5 697
181 971 7 4 379
182 332 10 3 60
182 769 10 2 28
182 965 7 4 398
182 641 2 4 73
183 301 4 3 56
183 673 8 3 94
183 729 8 4 378
185 665 10 4 831
186 392 2 3 13
186 609 6 4 477
187 273 2 4 89
187 583 1 3 9
188 801 9 2 24
189 200 2 4 82
189 345 2 4 127
189 849 10 2 29
193 389 6 3 84
193 393 6 3 64
193 525 7 2 15
193 537 7 3 85
193 714 8 2 20
193 899 1 5 117
193 905 3 2 13
193 1000 10 3 56
193 269 2 5 394
193 326 5 4 125
193 642 10 1 15
193 967 3 4 125
194 376 2 4 74
194 423 3 3 46
194 719 7 2 23
194 776 3 3 41
194 263 2 4 71
194 377 4 4 95
194 577 10 3 66
194 781 5 4 470
194 1010 5 4 344
195 322 1 5 317
195 593 8 3 73
195 678 7 3 84
195 429 10 2 32
195 907 9 1 11
196 646 9 2 37
196 852 3 3 24
197 287 2 4 126
197 378 8 3 45
197 199 6 4 173
197 323 4 3 25
197 906 7 4 246
197 925 4 4 298
198 298 7 1 5
198 593 6 5 771
198 612 7 4 329
198 770 7 4 676
198 359 3 4 155
198 434 5 3 59
198 461 5 3 78
198 967 3 3 22
199 813 2 3 16
200 788 4 5 544
201 446 5 2 20
201 578 10 4 420
201 925 10 3 196
201 325 2 3 31
201 728 1 4 111
201 778 2 4 59
201 843 1 6 917
201 921 10 3 89
202 658 3 4 213
204 655 8 3 52
204 431 3 4 97
205 521 5 4 400
205 331 2 4 48
206 458 7 2 18
206 453 7 5 814
206 665 5 5 572
206 947 5 3 95
206 976 3 4 224
207 531 4 4 206
207 242 2 4 100
207 387 1 5 148
209 535 6 2 21
209 273 10 4 628
209 483 3 4 176
209 586 8 3 134
210 514 7 3 69
210 565 7 3 66
210 405 1 6 800
210 546 9 3 136
211 883 2 4 215
211 610 4 3 33
211 649 9 2 41
211 907 2 4 63
212 395 7 4 689
212 468 8 2 24
212 771 4 4 190
212 823 6 4 490
213 263 2 4 110
213 286 3 5 1362
213 674 3 3 18
213 234 1 4 28
213 257 9 2 17
213 305 5 2 19
214 386 1 4 61
214 184 9 2 21
215 370 7 3 58
215 586 4 3 63
215 386 7 3 38
217 793 4 3 84
217 651 10 3 120
217 915 4 3 60
218 924 9 1 15
218 586 3 2 7
220 390 4 2 14
221 659 4 3 32
221 761 8 3 56
223 533 4 3 59
223 853 1 4 41
223 578 3 5 1966
223 782 5 4 133
223 571 7 2 31
225 289 4 3 32
226 258 7 4 263
226 317 5 4 135
226 949 10 4 332
226 273 7 4 723
226 610 5 3 40
227 260 5 5 607
227 473 1 4 111
227 546 5 4 476
227 659 4 4 90
227 769 3 4 330
227 783 10 1 15
228 337 3 3 40
228 593 7 5 1384
228 839 7 4 413
228 729 9 4 656
229 295 6 5 2116
229 577 4 4 100
230 522 3 4 101
230 701 9 5 1264
231 932 6 5 1371
232 262 7 3 103
232 291 3 5 415
232 297 4 3 30
232 620 4 2 17
232 905 6 3 95
232 990 4 3 67
233 481 3 5 1059
233 807 8 2 38
234 913 5 4 177
234 974 3 5 926
234 518 6 3 97
235 849 7 4 366
235 918 3 3 44
235 273 8 4 853
235 523 10 3 55
236 282 3 2 15
236 646 7 4 176
236 741 8 1 14
237 578 7 3 99
237 822 4 3 61
238 679 7 1 9
239 621 4 5 462
239 643 7 2 33
240 371 6 3 115
240 561 4 5 2232
241 800 7 2 19
241 915 2 4 55
241 448 4 4 239
242 246 2 4 140
243 267 3 3 35
244 257 7 2 33
245 357 8 4 643
245 933 8 3 79
245 537 10 2 34
245 662 8 2 27
246 706 7 5 2073
247 641 2 5 441
248 627 9 2 27
249 291 7 3 56
249 558 4 3 23
249 903 3 5 1483
249 906 9 1 10
254 637 5 3 73
254 819 10 3 216
254 792 3 5 423
257 263 5 3 70
257 313 6 5 784
257 345 10 3 97
257 417 8 3 69
257 513 6 2 30
257 523 7 2 36
257 617 3 3 25
257 706 10 3 214
257 765 10 4 249
257 773 1 5 495
257 805 6 3 109
257 905 4 4 233
257 964 9 3 166
257 993 7 3 61
257 261 8 4 407
257 294 1 5 222
257 473 1 4 99
257 541 1 4 68
257 771 2 5 673
257 857 5 4 164
258 269 9 4 217
258 273 7 3 129
258 545 4 4 245
258 681 7 2 16
258 807 10 3 151
258 913 9 3 96
258 921 2 3 15
258 946 8 1 8
258 538 5 3 83
258 573 3 3 21
258 653 5 3 36
258 676 4 4 408
258 761 1 4 64
258 786 9 5 1666
258 930 7 3 70
259 266 6 3 60
259 674 6 2 16
259 811 5 2 15
259 881 7 4 256
259 279 9 2 34
259 291 6 4 361
259 305 7 2 22
259 330 8 2 25
259 641 6 3 85
259 723 8 4 200
259 879 1 4 40
259 272 10 2 53
260 269 5 3 56
260 328 4 3 69
260 533 3 3 32
260 273 4 3 30
260 657 10 5 2112
260 675 1 4 101
261 296 5 4 214
261 523 1 6 860
261 546 9 3 145
261 679 3 4 258
261 979 1 4 101
261 297 3 3 28
261 530 7 3 69
261 666 9 2 25
261 693 8 4 234
261 742 10 3 62
261 867 3 4 205
261 1001 8 3 53
262 357 10 2 30
262 673 1 5 130
262 996 2 2 4
262 426 4 2 13
262 626 7 3 40
262 753 2 3 36
262 939 8 2 37
263 907 1 4 47
263 1014 2 5 459
263 322 1 5 148
264 547 9 1 11
265 297 3 3 26
265 321 2 3 22
265 569 10 3 76
265 266 4 5 614
265 815 1 3 7
265 836 1 4 88
265 872 10 3 95
266 340 6 4 458
266 633 3 4 268
266 335 9 3 183
266 465 3 5 648
266 548 7 4 173
266 615 3 3 16
267 273 3 4 156
267 327 3 4 278
267 337 5 4 180
267 505 6 3 49
267 362 1 4 94
267 513 3 3 46
267 253 2 5 242
268 524 3 3 21
268 582 5 3 62
268 505 8 3 61
269 513 10 3 117
269 525 6 4 234
269 578 5 2 22
269 986 4 2 20
270 445 1 5 117
270 641 9 4 597
270 489 4 4 136
271 533 6 3 60
271 643 3 3 28
273 281 6 3 115
273 379 5 4 138
273 521 3 4 68
273 555 7 3 85
273 641 10 2 39
273 685 2 4 121
273 900 6 4 616
273 323 1 4 60
273 343 7 4 387
273 922 8 4 294
274 582 9 4 561
274 694 5 2 21
274 810 3 4 193
274 904 8 4 233
274 516 9 2 26
275 335 4 4 97
275 302 2 4 88
275 793 10 2 28
275 933 1 5 262
276 402 5 6 6243
276 486 10 4 774
276 513 10 4 221
276 387 9 3 150
277 289 2 4 182
277 393 4 5 1236
277 395 1 5 458
277 539 10 3 106
277 629 2 4 145
277 662 5 2 12
277 484 9 3 77
277 591 5 4 562
277 908 10 4 748
278 386 4 3 63
278 402 8 3 105
278 770 4 3 73
279 531 1 4 28
279 657 6 4 165
279 684 2 3 31
280 902 7 6 18345
280 417 6 3 117
280 510 6 4 322
281 601 6 3 110
281 675 5 4 324
281 327 4 3 69
281 745 8 3 58
281 252 5 2 13
282 518 7 4 284
282 607 8 3 69
282 833 5 2 12
283 577 7 8 569587
283 718 6 4 363
283 788 7 5 1367
284 515 10 3 71
284 713 8 2 24
285 836 5 3 101
285 402 4 3 58
286 483 10 4 306
287 625 8 3 58
287 833 6 6 5980
287 1002 5 3 53
287 890 5 3 103
288 449 3 6 2237
288 803 1 6 835
288 814 10 2 28
289 293 1 3 22
289 342 5 4 116
289 546 2 4 52
289 777 6 4 186
289 297 3 3 38
289 335 6 5 698
289 355 6 4 489
289 421 7 3 100
289 482 8 3 89
289 550 9 3 50
289 608 9 2 17
289 675 2 4 72
289 738 1 6 2311
290 346 9 4 250
290 469 9 2 44
290 473 3 3 35
290 649 1 4 77
290 754 2 5 359
290 789 8 4 696
290 647 7 5 1680
291 329 6 3 50
291 389 4 3 58
291 652 10 4 222
292 611 5 5 3431
292 769 9 2 39
292 968 4 3 38
292 300 2 3 18
292 962 5 3 55
293 525 10 1 4
293 594 1 6 1173
293 304 7 2 37
293 305 9 4 700
293 417 4 3 52
293 533 2 4 81
293 578 9 2 29
293 705 8 4 805
294 961 9 2 43
294 622 9 3 56
295 743 8 3 66
295 865 10 2 42
295 713 6 4 143
297 337 1 4 31
297 410 1 5 191
297 517 7 4 163
297 348 8 3 115
297 521 5 4 160
297 555 4 4 218
298 326 2 4 109
298 390 2 3 23
298 545 4 4 99
298 743 4 3 49
298 388 1 5 159
299 801 6 3 45
299 405 1 4 57
300 496 9 3 121
300 631 8 1 9
301 468 3 4 149
301 591 6 5 2025
301 761 9 4 584
302 778 6 2 30
302 649 10 3 182
303 809 2 4 217
305 514 3 6 3021
305 833 5 4 159
306 577 2 4 190
306 398 9 3 187
307 551 2 4 49
307 919 9 3 64
308 515 7 3 96
309 584 7 2 25
309 641 10 3 80
309 693 8 3 105
309 833 10 3 178
309 849 7 5 1128
309 851 5 4 256
310 775 10 2 18
310 703 3 3 30
311 937 4 2 13
313 515 7 6 6890
313 385 7 4 413
313 802 6 2 22
314 348 5 3 49
314 849 7 4 193
314 901 3 3 59
314 970 4 4 214
315 377 5 3 41
315 519 1 5 171
316 740 3 4 278
316 321 9 2 31
316 514 10 2 40
317 453 7 2 18
317 362 5 2 19
317 930 9 2 26
317 939 8 5 2402
317 1014 3 4 139
319 533 3 4 263
319 915 6 3 82
319 778 10 2 31
321 408 3 6 2524
321 429 9 2 34
321 469 7 5 2358
321 642 3 2 13
321 721 2 3 44
321 922 9 4 289
321 928 1 4 51
322 338 9 3 121
322 769 6 1 7
322 835 2 5 566
322 1009 9 2 26
322 450 4 5 808
322 977 6 4 153
323 417 8 3 156
323 900 8 5 4513
323 903 6 3 127
323 593 2 4 68
323 727 1 4 98
324 361 9 2 42
324 516 1 5 408
324 722 3 5 815
325 514 3 4 67
325 531 3 3 25
325 789 10 3 184
325 985 4 5 1408
326 615 7 3 80
326 721 2 4 81
326 531 9 2 27
326 577 3 4 102
326 710 1 5 231
327 444 2 4 57
327 769 8 2 35
327 807 3 4 102
328 676 5 3 67
328 699 4 4 170
329 854 3 4 127
329 521 9 4 276
329 833 1 3 14
329 907 6 3 79
330 837 10 1 10
331 779 7 5 855
331 897 5 4 159
332 513 5 4 519
333 457 5 5 1137
333 644 3 5 550
333 385 5 3 31
333 389 3 5 1411
333 506 4 5 2141
333 731 1 4 29
333 789 10 5 2984
333 869 2 5 500
334 380 10 4 668
334 962 6 4 160
334 256 3 4 127
335 489 9 1 6
336 392 10 1 13
336 602 9 3 64
337 577 2 4 90
337 633 9 4 250
337 393 2 4 205
337 899 8 2 28
338 353 4 3 42
338 769 8 4 359
338 834 3 5 848
338 805 10 3 150
340 381 8 3 63
340 717 6 4 678
340 904 7 3 74
340 992 3 4 112
341 705 4 3 59
341 764 8 2 27
341 514 5 3 101
341 884 5 3 43
342 577 9 2 45
343 537 10 1 16
345 677 5 3 39
345 529 10 3 126
345 542 6 2 27
346 729 9 4 381
346 993 4 3 43
349 396 7 4 174
350 943 6 4 254
351 729 7 2 14
351 770 7 4 367
353 410 2 5 431
353 420 8 2 34
353 515 7 5 2629
353 681 7 3 87
353 795 9 3 188
353 861 9 2 39
353 373 6 2 13
353 969 1 6 1936
354 390 10 3 120
354 685 10 3 129
355 837 8 3 46
355 970 2 5 520
355 561 3 3 16
355 586 6 1 10
355 710 9 3 65
356 635 4 3 24
357 801 10 3 141
357 831 8 4 510
358 434 1 5 405
358 642 10 2 47
358 691 2 9 1401646
358 517 3 3 21
359 961 4 3 36
359 1019 10 4 400
361 515 8 1 11
361 556 10 5 1148
361 733 1 4 97
361 785 8 3 51
361 811 9 2 37
361 875 5 4 132
361 969 4 3 27
364 425 4 5 761
365 741 6 4 470
367 658 6 3 35
367 989 3 6 4441
368 457 2 3 37
369 739 4 7 49821
369 926 7 3 97
369 454 2 4 46
370 641 9 2 38
370 649 10 2 42
371 558 5 4 158
371 573 8 3 70
371 657 6 5 2483
371 705 7 4 246
371 842 8 4 187
372 706 3 5 719
372 773 1 3 17
372 577 3 4 338
372 1021 4 4 219
375 618 8 2 31
375 663 4 3 83
377 457 2 3 31
382 532 10 2 19
382 758 7 3 69
383 563 8 2 27
385 424 4 5 1163
385 458 3 3 56
385 482 2 2 9
385 532 8 3 48
385 572 5 4 155
385 598 5 4 120
385 693 5 4 171
385 842 3 4 108
385 963 9 2 27
385 656 8 2 25
385 929 3 4 96
386 514 5 5 632
386 564 2 4 136
386 517 9 3 164
386 570 8 3 43
386 597 7 4 239
386 689 9 4 286
386 1021 3 3 47
387 682 3 2 15
387 847 10 4 302
387 850 2 4 183
387 913 8 4 893
387 747 4 1 6
388 546 10 3 204
388 1017 9 3 61
388 598 6 3 48
388 645 4 2 15
388 806 2 4 115
389 647 2 5 330
389 837 4 5 674
389 913 1 5 472
390 597 7 4 199
390 586 3 4 231
390 590 4 5 485
390 779 10 3 138
391 567 6 4 158
392 462 2 7 64175
392 801 6 4 414
392 849 6 2 11
392 1006 6 3 114
393 554 2 3 18
393 675 2 6 1935
393 825 9 1 8
393 836 5 4 256
393 895 8 3 49
394 462 9 2 23
394 578 10 2 33
394 608 3 5 422
394 723 7 3 135
395 591 2 3 17
395 811 10 2 38
396 559 5 3 80
396 648 5 3 41
397 455 3 4 104
397 537 5 2 20
397 547 3 4 185
397 778 7 5 869
397 916 3 3 65
397 961 9 2 37
398 519 6 3 32
398 694 7 3 92
399 944 7 4 203
399 434 8 3 110
399 723 3 5 818
400 828 3 4 217
401 713 6 2 11
401 422 4 5 916
401 558 6 3 103
401 320 7 4 230
402 674 6 3 52
402 933 5 1 5
402 515 4 4 161
402 545 3 3 16
402 578 7 5 1146
402 675 2 3 24
403 770 6 2 21
406 409 6 5 1328
406 783 9 3 52
407 678 6 4 181
407 929 7 3 44
407 529 5 4 563
408 592 5 2 14
409 577 4 3 65
410 418 5 2 16
410 889 9 3 186
410 557 4 3 63
411 521 8 2 26
411 564 3 4 84
413 537 1 5 128
414 641 1 3 7
415 933 2 4 70
417 532 4 6 3585
417 833 5 3 32
417 482 6 2 25
417 545 6 2 11
417 811 8 3 79
418 578 8 2 17
419 556 7 4 558
419 628 4 2 10
420 845 3 4 68
421 425 10 3 102
421 539 3 4 269
421 546 7 3 56
421 513 5 3 70
421 903 10 4 397
422 641 7 3 114
423 737 9 5 1023
423 796 9 2 23
424 652 2 4 52
424 530 4 3 32
425 482 9 2 18
425 984 4 3 80
426 747 3 2 12
426 777 10 2 26
426 470 3 3 63
426 535 7 3 60
427 645 4 4 302
427 687 5 2 15
428 581 7 5 1323
428 548 5 4 325
428 833 6 4 345
429 621 7 2 28
429 881 9 5 1486
430 545 7 2 32
430 594 1 3 13
432 602 1 4 52
432 916 5 4 155
433 585 8 3 74
433 1015 10 1 13
434 497 1 4 25
434 800 6 4 192
434 805 10 3 59
436 762 5 2 25
437 598 8 3 81
437 642 4 3 77
437 521 6 2 18
438 455 8 1 5
439 513 6 3 34
443 692 7 3 41
443 517 9 1 6
445 770 9 3 50
445 802 3 3 41
445 562 5 4 186
446 1018 6 6 24382
447 630 8 5 1715
449 514 7 3 53
449 656 4 4 410
449 374 8 3 71
451 451 9 3 138
451 522 5 2 19
451 617 4 5 680
451 681 4 4 229
453 489 3 5 343
453 513 5 3 30
453 514 9 3 61
453 515 4 2 17
454 662 2 4 65
454 513 9 4 321
455 635 4 6 6827
455 783 4 3 24
456 641 4 4 231
457 775 7 4 665
457 909 2 3 43
457 946 3 3 46
458 907 8 2 19
458 572 10 4 450
459 744 6 4 155
461 463 3 5 747
461 567 4 4 104
461 707 4 3 81
462 626 9 3 117
462 902 7 2 14
463 517 3 3 43
463 642 5 3 59
464 917 1 4 58
465 929 1 4 31
465 669 2 4 52
465 723 3 3 39
466 532 2 4 122
466 762 10 2 49
466 903 1 5 573
467 441 9 1 13
468 641 7 3 110
471 714 10 2 45
471 676 3 5 359
473 802 1 4 27
473 962 1 5 228
474 601 8 2 20
474 801 4 4 434
477 776 9 2 19
479 538 5 3 27
479 460 7 4 176
481 666 10 4 243
481 732 8 2 24
481 929 9 3 114
481 603 2 4 87
481 807 7 5 1162
482 541 1 5 265
482 962 9 4 774
483 513 5 3 34
484 556 7 3 47
484 985 5 4 329
484 812 4 5 1353
485 842 5 3 109
486 837 2 6 1847
489 566 2 7 10867
495 753 5 4 161
497 979 5 4 318
497 782 7 2 30
497 312 2 2 9
499 794 5 4 376
502 520 8 4 186
503 769 8 3 103
507 707 8 2 19
507 752 4 4 226
507 768 6 4 511
508 581 8 3 83
513 515 2 4 50
513 523 5 3 36
513 686 7 3 114
513 937 10 2 23
513 529 7 1 10
513 549 4 3 41
513 558 5 4 260
513 643 3 4 68
513 649 1 5 192
513 720 3 4 106
513 804 5 3 68
513 941 6 2 26
514 549 6 3 88
514 641 8 3 149
514 645 3 4 244
514 766 7 3 98
515 523 8 2 29
515 573 3 4 102
515 781 8 2 36
515 673 2 4 52
515 705 6 2 19
515 785 4 3 39
516 599 7 3 148
516 671 4 5 2598
516 771 2 4 106
517 556 4 3 61
517 583 4 3 35
517 606 6 4 252
517 780 10 2 22
517 786 6 3 51
517 864 8 3 131
517 929 9 2 30
518 526 9 5 1682
518 535 3 5 1116
518 673 8 2 19
518 677 10 1 16
518 769 6 5 853
518 519 5 4 258
518 520 4 5 788
518 530 7 4 219
518 696 3 3 39
519 833 2 5 619
519 929 3 3 25
520 945 1 3 10
520 968 4 2 14
520 848 4 3 51
521 786 10 4 1118
521 813 1 5 132
521 897 1 5 443
521 525 1 3 11
521 530 7 3 100
521 546 3 3 28
521 591 5 4 517
521 767 8 3 67
522 547 4 5 490
522 555 7 5 1183
522 561 8 3 106
522 610 7 3 49
522 562 6 5 2956
522 787 1 5 173
523 550 3 4 263
523 653 1 4 63
523 531 3 4 81
523 570 3 4 67
523 609 6 3 113
523 694 6 4 431
523 749 7 5 863
524 651 10 1 8
524 815 6 3 33
524 898 5 3 101
524 893 7 3 55
526 821 4 5 981
526 577 1 3 16
526 641 7 2 27
527 549 9 4 335
527 777 1 4 109
527 610 2 4 51
527 809 5 4 271
528 714 8 2 22
529 581 8 2 20
529 583 5 3 29
529 612 8 3 64
529 721 4 5 456
529 802 7 2 29
529 593 10 2 21
529 627 1 3 10
529 630 10 3 76
530 738 3 5 793
530 837 5 3 56
531 697 9 4 930
531 550 10 3 154
531 587 7 3 61
531 626 3 4 181
533 551 5 3 28
533 854 9 2 25
534 788 10 3 69
534 575 1 4 96
535 787 2 3 19
535 929 10 2 39
535 933 7 2 27
535 613 5 4 172
537 688 7 2 37
537 903 1 4 103
537 545 8 3 112
537 747 6 1 9
537 478 7 3 46
538 900 10 3 132
539 821 7 1 11
539 820 1 4 53
540 665 3 3 44
540 778 1 4 106
540 366 7 1 9
541 681 10 4 225
541 793 6 3 47
541 906 3 7 26246
542 794 4 2 13
543 545 8 1 11
545 552 3 3 33
545 598 9 2 19
545 719 2 4 158
546 744 7 6 25746
546 915 6 2 28
546 841 9 4 284
547 613 7 3 145
547 651 3 5 351
547 759 2 4 57
547 901 10 2 44
547 636 9 2 36
547 318 4 3 58
548 578 9 4 714
548 577 10 2 45
548 931 2 3 22
549 578 1 4 74
549 587 8 3 172
549 646 10 3 100
549 833 9 1 14
550 648 5 3 32
550 785 2 4 118
550 978 10 3 157
551 650 6 3 125
551 801 7 2 28
553 641 9 2 24
553 657 6 3 77
553 933 7 4 259
553 781 8 3 55
553 905 5 2 22
553 939 7 2 26
554 934 1 6 1520
555 579 3 5 583
555 778 9 4 237
556 967 3 4 69
557 680 3 4 128
558 558 6 5 2471
558 771 9 4 352
558 939 10 2 44
558 560 8 4 232
558 596 1 3 15
561 918 1 4 61
562 787 1 5 462
562 994 7 4 175
562 846 4 4 144
563 978 6 4 209
563 993 9 3 109
563 601 5 3 55
563 643 10 2 38
565 657 10 2 21
565 660 8 4 219
566 655 5 3 69
567 593 8 4 292
567 972 1 7 8087
568 794 10 5 1177
569 948 10 5 5850
570 600 7 4 250
570 785 5 2 26
573 778 4 3 51
573 579 3 3 63
573 906 7 3 70
574 798 7 3 74
574 887 8 4 703
574 601 6 3 111
575 697 7 3 69
576 579 9 3 180
576 601 10 3 197
577 608 3 3 31
577 609 5 3 78
577 787 9 2 41
578 578 8 2 15
578 662 10 2 50
578 998 4 4 345
579 730 3 3 28
579 982 8 4 562
580 622 6 4 179
580 790 9 3 48
580 625 8 3 122
581 599 8 3 98
582 646 9 3 167
583 634 5 3 36
584 836 8 6 6793
585 834 2 3 12
585 641 10 4 238
585 722 6 3 91
585 845 8 2 21
586 593 1 4 61
586 696 9 3 182
587 659 10 2 24
587 777 2 4 77
588 609 7 2 32
588 668 9 5 1047
589 785 10 2 39
591 789 3 4 201
592 883 6 2 31
593 857 2 4 168
593 802 6 3 100
593 829 7 2 22
594 687 3 5 740
594 714 3 3 37
595 653 2 4 66
595 793 7 3 48
597 706 2 3 31
597 725 5 3 38
602 886 6 4 225
602 544 2 3 29
605 914 3 3 40
605 1007 1 5 149
605 785 7 3 38
605 797 4 3 56
607 808 9 2 26
609 649 2 3 33
609 627 2 5 480
609 662 7 1 7
609 673 4 3 31
609 769 9 5 5129
609 778 3 3 51
610 769 7 2 16
610 825 5 4 229
611 738 2 4 127
612 881 8 4 376
614 841 10 2 22
615 937 10 3 176
615 911 8 3 69
617 807 1 4 43
618 909 10 3 112
619 1005 4 3 25
624 1001 2 3 14
625 846 3 3 30
625 472 2 4 49
628 770 8 2 23
628 978 2 4 88
629 794 8 2 33
634 813 1 3 16
635 785 10 5 4135
641 660 7 2 26
641 733 2 3 16
641 939 9 3 153
641 953 5 2 20
641 659 5 4 435
641 770 2 5 276
642 678 10 6 9504
642 778 9 4 294
643 725 1 4 26
643 802 9 2 19
644 776 9 2 35
644 1022 7 1 10
645 661 1 4 55
645 757 7 3 70
645 770 4 3 68
645 710 3 4 108
646 964 10 3 57
649 695 10 3 74
649 770 6 3 38
649 661 3 4 92
650 717 1 5 344
651 954 6 4 134
651 488 6 3 64
653 1003 1 3 13
656 762 9 2 27
656 995 4 3 40
657 834 5 4 112
657 674 7 4 213
658 932 10 3 54
658 934 5 3 40
661 803 3 3 43
661 452 1 5 372
662 796 8 2 16
663 956 2 3 17
664 771 10 3 92
665 782 6 3 107
667 769 2 3 44
669 750 3 5 480
669 764 10 3 93
670 915 5 4 165
673 718 4 4 105
673 675 6 5 1449
674 705 1 6 1057
682 855 9 2 21
685 1009 6 3 91
685 1004 3 4 67
693 915 8 4 198
695 769 8 1 8
695 932 5 2 10
695 977 3 4 145
697 886 5 3 64
698 711 2 4 66
698 777 8 3 145
700 899 10 4 466
700 1016 10 3 93
701 865 8 4 315
702 942 2 5 240
706 855 7 3 46
707 733 5 1 8
708 779 5 6 3885
708 781 6 2 24
710 844 10 5 2255
713 863 5 4 270
713 729 1 4 45
714 838 3 5 653
717 843 1 5 141
717 973 8 5 3734
721 804 6 4 279
721 931 4 3 32
729 512 8 1 10
730 975 9 3 65
731 127 5 4 125
733 835 2 5 267
737 769 10 4 386
737 900 6 6 4224
739 971 3 5 567
739 769 8 3 107
741 779 9 2 25
741 802 4 4 207
741 1011 3 4 277
742 623 3 6 6415
743 917 6 4 543
744 788 3 4 94
745 763 1 4 59
753 787 4 2 14
753 896 9 2 26
757 945 1 4 107
769 927 10 3 135
770 774 3 3 33
770 803 7 3 128
770 970 3 4 295
772 794 7 3 117
772 801 6 4 236
772 942 2 5 401
773 987 2 3 16
775 937 10 3 55
776 922 10 2 23
777 799 7 2 15
777 851 10 3 107
777 915 6 4 183
778 809 6 3 83
778 917 4 4 261
778 360 7 4 155
779 813 5 4 140
779 883 5 3 81
780 805 10 3 107
780 977 6 1 9
781 902 1 3 11
782 806 4 5 1419
784 933 6 4 564
784 891 4 3 40
785 842 8 3 66
785 818 2 4 114
785 923 10 1 10
786 839 4 4 104
786 511 7 3 106
787 915 5 4 149
787 865 4 5 476
791 504 1 5 350
791 951 1 4 83
793 850 3 5 1291
794 894 2 4 154
795 751 7 3 99
801 825 10 3 66
801 841 9 3 112
803 885 6 4 321
806 192 2 3 41
809 938 10 1 15
809 946 10 2 47
815 906 1 4 67
817 735 2 4 79
818 979 10 2 45
819 952 8 3 72
825 979 5 4 232
825 853 10 2 25
834 1000 10 1 15
835 913 8 2 41
837 997 5 4 239
844 940 10 3 189
845 959 3 5 355
845 892 4 2 14
847 957 10 3 84
849 900 6 3 94
849 1008 10 3 73
850 1019 9 4 357
850 475 9 4 345
857 867 2 6 2245
868 999 10 4 396
869 897 10 2 38
873 704 2 6 3724
881 862 6 2 27
885 640 1 4 76
889 905 9 5 1650
889 384 8 2 16
897 912 10 3 191
898 1003 1 6 853
898 960 1 5 179
900 509 4 2 18
905 930 2 4 59
906 954 8 2 37
907 756 1 5 196
912 222 3 4 133
913 918 5 4 431
913 1003 6 3 82
914 830 5 5 976
915 969 2 4 130
920 748 7 3 91
933 950 8 4 439
938 966 1 4 56
961 715 10 2 34
963 988 9 4 339
964 880 4 4 436
979 882 5 3 56
1003 734 5 4 229
1012 224 3 3 43
1019 1020 4 4 337
928 191 3 3 51
476 344 10 4 433
735 435 5 3 68
896 604 3 5 451
