2023 4.012386392720536e-06 
8094 4.661067539204746e-06 
9764 3.539490862418933e-06 
9949 3.967629601635301e-06 
1387 4.479738602229467e-06 
268 4.381524041469303e-06 
9815 4.395079086759951e-06 
452 4.394118365569166e-06 
2797 4.428007431738249e-06 
5095 3.054999017277179e-06 
1172 4.388247495185075e-06 
8809 4.313268297581972e-06 
5209 4.124204480157103e-06 
9586 4.270603914289127e-06 
9787 4.703693241652932e-06 
844 4.389173095902738e-06 
5637 4.294907556532365e-06 
1632 4.363401897485607e-06 
4870 4.435250440628957e-06 
4798 4.193530429991012e-06 
2353 4.426569660898488e-06 
3373 4.3901024163489615e-06 
8861 4.41862257699536e-06 
626 4.388902256397147e-06 
5373 4.297400756773293e-06 
3250 4.406568630471798e-06 
4008 9.502192216147951e-07 
1060 4.7361459195900665e-06 
3935 4.400051495648317e-06 
9635 4.327533097140732e-06 
6524 4.920725701162081e-06 
7672 4.406455085842882e-06 
8258 4.459314803653278e-06 
655 4.331323977341185e-06 
1935 9.064142477648843e-06 
7259 6.317276823187605e-06 
586 4.641645881860893e-06 
1512 4.3735675947888536e-06 
856 4.395270837496404e-06 
9688 4.393504194345049e-06 
841 4.38456056338817e-06 
4977 4.3860932957654156e-06 
2191 4.435523387620974e-06 
2376 4.4214741689574795e-06 
6509 4.38176508303891e-06 
9685 1.1398088022302075e-06 
2170 4.3940577391801835e-06 
7657 4.403946279694432e-06 
7683 4.139942218961665e-06 
7605 5.035971568534577e-07 
5704 4.454539982905585e-06 
4484 4.240433790469199e-06 
3285 4.62716456447448e-06 
8727 4.387868056721778e-06 
4148 4.421916589128712e-06 
8131 4.439524652751844e-06 
1677 4.22405220980098e-06 
683 4.282970456400108e-06 
1698 2.9833215305584936e-08 
1795 4.38520503294946e-06 
7328 4.427054596335281e-06 
9287 4.418801260660925e-06 
2788 4.56429001962184e-06 
42 4.434824986152072e-06 
3887 4.385623499944042e-06 
7570 3.5315378567827945e-06 
2294 4.3975191905018325e-06 
1441 3.262019992386368e-06 
5272 4.003365432403605e-06 
1044 4.5316633331916734e-06 
4302 4.386441191387616e-06 
5710 4.397154602093929e-06 
7207 4.346435324598186e-06 
5271 4.6247815833759665e-06 
4860 4.4021942224031195e-06 
9482 4.3898689462032344e-06 
8806 3.886876596317386e-06 
1117 4.43650673773544e-06 
5672 4.430105276855519e-06 
8994 4.300304553832402e-06 
1004 4.381992625681421e-06 
6025 3.6517504498079606e-06 
3904 4.37546610191536e-06 
5040 4.401355333978455e-06 
2575 4.403923767872949e-06 
4241 4.3803088364161436e-06 
5977 4.527999765540559e-06 
4475 4.310103030220749e-06 
9629 4.339999167065557e-06 
5838 4.3878985402583435e-06 
163 4.4131095802438275e-06 
1234 6.240111199133256e-08 
8798 4.384923332290388e-06 
2332 4.383957933613177e-06 
1170 5.40641968807475e-06 
4795 4.3868297769531235e-06 
1181 4.238085593638266e-06 
9932 4.449349782663335e-06 
5001 4.3928112943220786e-06 
7553 3.939009890826794e-06 
6552 2.835489850900858e-06 
9383 4.432635458510813e-06 
4842 8.584391432408965e-07 
2684 5.352495717853161e-06 
5147 4.5003937626167325e-06 
4097 6.139479963693074e-07 
3303 4.478300118295111e-06 
8932 4.386776272919131e-06 
2828 3.4114086661800317e-06 
2953 4.183685738787645e-06 
8065 4.9158916218806625e-06 
2244 4.43298873376953e-06 
3352 4.384354106777272e-06 
9153 4.39207285823951e-06 
376 4.42913811019392e-06 
4197 4.398607043245559e-06 
2971 4.358339605134042e-06 
6603 4.432968791626622e-06 
8886 4.441366485070585e-06 
1855 4.469121961484438e-06 
2398 4.389877875615194e-06 
2705 4.393608502562999e-06 
6800 4.469979452332506e-06 
7087 4.398047243968007e-06 
8860 4.390739599722823e-06 
5354 4.394688341900277e-06 
5233 3.451579950838766e-06 
5228 4.3945989752686336e-06 
4271 4.385369039293149e-06 
1502 4.275772022009256e-06 
5656 3.907282793932311e-06 
808 5.257320353781009e-06 
4364 5.233383313797596e-07 
1693 4.340262438333843e-06 
7973 4.417459642929383e-06 
9252 4.467642229119292e-06 
8659 4.381308665131083e-06 
7873 4.442621618898674e-06 
7936 4.442311732109039e-06 
1097 4.315997773687246e-06 
8527 4.429183729708297e-06 
3152 4.1979421903515805e-06 
2483 4.346080200812312e-06 
4165 4.39656605322933e-06 
9895 4.485684026568182e-06 
889 4.357446402396345e-06 
8663 4.3844406661959355e-06 
8142 3.5426420376070123e-06 
6095 4.39810547266315e-06 
4579 4.377281351939794e-06 
8688 4.365728124356633e-06 
9701 2.463412560403129e-06 
5537 4.263135367625176e-06 
5771 4.426233271540289e-06 
6029 4.399564643434683e-06 
7967 4.391530103789777e-06 
1608 4.513980356822978e-06 
8357 4.411333480457049e-06 
2478 4.413656063669462e-06 
9869 4.468984676657769e-06 
470 4.394013576488195e-06 
5763 4.166401738979388e-06 
116 4.480311032059467e-06 
953 5.455570836605438e-06 
4836 1.108099538672431e-05 
2660 4.769643893834099e-06 
3436 4.447383306823828e-06 
9690 6.917877456069556e-08 
3797 4.26858643205639e-06 
1110 4.376148106326373e-06 
5659 4.372746931186251e-06 
8871 4.332813730966112e-06 
9739 4.445385042760439e-06 
1431 3.8310395075901335e-06 
2968 4.426372279350191e-06 
418 4.4014757012412265e-06 
499 4.091421199176054e-06 
9745 4.387517909764745e-06 
9760 4.205089984989523e-06 
8535 4.392111917358952e-06 
65 2.807387490247414e-06 
8515 5.762940675006218e-06 
7028 4.886149933096184e-06 
1860 4.536130167840732e-06 
44 4.603678044595705e-06 
8317 4.29786153094643e-06 
3492 4.5555707484904255e-06 
124 3.991570197767653e-06 
5982 4.435567349241369e-06 
8793 4.389790622649706e-06 
7660 5.93812837877274e-06 
1053 3.2202074953326424e-06 
5806 4.397226230893801e-06 
6433 4.406136201667204e-06 
1277 3.924438217335779e-06 
1947 3.951484110137169e-06 
9531 4.41897952545139e-06 
8649 4.604242910635181e-06 
123 4.264163742111003e-06 
7239 4.385414881367903e-06 
7508 4.393196798864665e-06 
2468 4.456913140977716e-06 
1013 4.3717723048718685e-06 
6360 4.328398420159716e-06 
3430 4.472511099250607e-06 
3410 4.4238754596576314e-06 
9960 4.464913940500825e-06 
6953 4.156592747350243e-06 
1119 4.324784125259246e-06 
3882 4.6152255017549464e-06 
230 1.5809479958877398e-06 
9987 4.302165189639967e-06 
6599 3.829144893085165e-06 
3648 4.105320779413825e-06 
4516 4.469883582202249e-06 
2173 4.828937422971987e-06 
2956 4.373975632139778e-06 
4588 4.393376603786623e-06 
2258 5.282694937582965e-06 
6178 1.885521777138914e-06 
4818 4.3813077525490375e-06 
5180 4.382518855243458e-06 
4184 4.402943852585773e-06 
8303 4.429139319201086e-06 
5694 4.391100053945349e-06 
907 6.314608031819237e-06 
1933 4.417061526422918e-06 
7234 4.376870302514443e-06 
7581 4.383024323603984e-06 
7909 3.261697407489981e-06 
4428 4.392749310687706e-06 
7282 4.618885530788482e-06 
7174 4.333267304811493e-06 
481 4.3355754589388515e-06 
5625 4.292675266478993e-06 
7693 4.2619757331479334e-06 
5615 4.3849928171967455e-06 
5654 4.8794919270277925e-06 
3118 4.832215974105215e-07 
4240 4.401084280533892e-06 
3412 4.828696228304464e-06 
2182 3.4475632743657884e-06 
5168 4.396819971934908e-06 
2993 4.251273957952149e-06 
8193 4.132572061770016e-06 
1239 4.40228446202122e-06 
2694 4.629223860904209e-06 
316 4.412200993058699e-06 
7057 3.8342387797086335e-06 
6140 4.390266231605855e-06 
3769 4.394111714484775e-06 
4311 4.163089071990831e-06 
6554 4.374507671673176e-06 
8397 4.453974508476202e-06 
453 4.971415506523547e-06 
2143 4.380705817356885e-06 
114 8.15086135131072e-06 
593 4.373911630770605e-06 
6969 4.398880504321879e-06 
2277 4.417670530420693e-06 
7449 4.3697736691177725e-06 
525 4.383622442609632e-06 
8696 4.28878015779415e-06 
2868 3.827375179219312e-06 
7014 6.719841381444286e-06 
2265 4.455027939041758e-06 
7275 4.416641199686807e-06 
7054 5.755459561463023e-06 
2795 4.388732199769211e-06 
514 4.323862199077992e-06 
8823 6.016799977831081e-07 
5638 1.894405564904257e-08 
3273 4.298034747417288e-06 
4764 3.8350046951499895e-06 
5154 4.385421281639161e-06 
5755 5.899817531505403e-07 
6109 4.252476662193177e-06 
6647 4.353415032552432e-06 
3457 4.390783485455942e-06 
9680 4.453381753518423e-06 
2378 4.041234733996479e-07 
4619 1.5293720732471125e-06 
6495 3.907437859635605e-06 
7329 4.325290495076536e-06 
8557 4.239954903795695e-06 
4380 4.390611331163466e-06 
1151 4.387379680751334e-06 
4894 4.370647665892315e-06 
4446 4.24558738870754e-06 
2301 4.381818573585421e-06 
9268 4.377730126431938e-06 
5751 4.3395104483274065e-06 
2521 4.385206948706997e-06 
9598 4.577772068563282e-06 
6469 4.427233009524259e-06 
9303 8.20105174946666e-06 
8244 4.376762833690946e-06 
1318 4.391582084381538e-06 
1228 4.375218617706829e-06 
3143 4.41693173791535e-06 
7844 4.345231904681659e-06 
2322 4.327809062071715e-06 
1193 5.005695899548631e-06 
2904 4.379319968878318e-06 
465 4.393886493702997e-06 
2264 4.405747230667408e-06 
7150 4.390918084562159e-06 
3545 4.396278754085049e-06 
432 4.406829905055424e-06 
854 4.283074733282021e-06 
1311 4.372707014066995e-06 
3884 4.400359005031424e-06 
8006 4.037707607128792e-06 
2855 4.375535879508585e-06 
423 4.29775844841552e-06 
6730 5.349050012989876e-06 
3876 4.449513600580086e-06 
1719 9.497600561892016e-06 
7509 4.385531961274709e-06 
1705 4.1964060351389525e-06 
3271 4.396259290302836e-06 
1761 4.452102482288756e-06 
910 4.400207908047912e-06 
7047 1.462241996169374e-06 
8956 5.043511878853226e-06 
598 4.302791044876184e-06 
2770 4.394932846969851e-06 
6074 4.39886343314589e-06 
5886 4.389139169768764e-06 
4160 4.48429918936144e-06 
1600 5.095978611445808e-06 
334 4.3912959650542875e-06 
503 4.3317420568986355e-06 
813 1.8182111431098188e-06 
9955 4.377554285495422e-06 
1650 4.511306458242998e-06 
2581 4.527325732610938e-06 
1211 4.389760737481416e-06 
7625 4.565289402930357e-06 
7645 4.3299538665118995e-06 
1359 4.404563843092886e-06 
8138 5.378407834084866e-06 
7516 4.479833891762613e-06 
250 4.433577156303304e-06 
8315 4.852553640300287e-06 
2822 4.3993321965734674e-06 
7372 4.251615098742851e-06 
1450 4.394179249060358e-06 
5070 4.406426020593828e-06 
3881 4.0453378800688225e-06 
9669 4.393159804759353e-06 
6414 3.930661776635652e-06 
5530 4.396315793522838e-06 
6710 4.435352612854375e-06 
7557 6.309188827101153e-06 
1290 4.393282529268351e-06 
5082 4.3586001756600915e-06 
5149 4.421680705696523e-06 
5124 7.900187051285758e-07 
6299 4.382417969434153e-06 
2035 4.417622515943622e-06 
5590 4.1944581832671405e-06 
6517 4.347470774639198e-06 
3834 4.386976340623644e-06 
4118 4.405997691645884e-06 
4689 3.496675374637991e-06 
692 4.382759547211201e-06 
3655 4.791874042583805e-06 
9548 4.405912693121695e-06 
3158 4.368593936686626e-06 
3701 4.401615139102768e-06 
6528 4.407915510244464e-06 
7001 4.261956479753737e-06 
2140 4.545608466615315e-06 
370 4.451909425705492e-06 
9296 1.4815740832854158e-06 
3062 4.608502621186882e-06 
9313 4.720578955158781e-06 
8913 4.391863085847161e-06 
6409 4.664061401847207e-06 
1160 4.493920980327527e-06 
2183 4.211670194905626e-06 
4429 3.4761267317528324e-06 
6488 3.4904888392801296e-06 
7892 4.099636193266116e-06 
5960 4.4436242276198215e-06 
1247 4.237722903508889e-06 
8876 3.971246323860527e-06 
6271 4.724079702546736e-06 
6334 4.3570861411756185e-06 
8095 2.5535985029526836e-06 
6597 4.630272436647813e-06 
2668 4.4383342944295935e-06 
6708 4.306051091809899e-06 
5176 4.388077807465741e-06 
9236 3.0813734747459734e-06 
770 4.250215828003738e-06 
807 3.949459202951317e-06 
6258 4.424756587457805e-06 
7229 4.319390450021998e-06 
8416 4.2893353378472425e-06 
9341 4.391304459608486e-06 
6406 2.880582944952717e-06 
5347 2.4362518435173226e-06 
483 4.40505462291512e-06 
8960 4.2739255990060725e-06 
5917 4.430481667422319e-06 
8538 4.386112348219775e-06 
999 4.41351529361819e-06 
5617 8.593256248396055e-06 
4192 3.98736340795276e-06 
3198 4.392258437334895e-06 
2266 4.390134105672099e-06 
9107 4.343734997716441e-06 
4321 4.37637363572987e-06 
8875 4.390847789762825e-06 
308 4.437733991221881e-06 
4438 4.385349577521547e-06 
3883 4.391202104980128e-06 
2856 4.434649191067477e-06 
917 6.4748724182614225e-06 
1286 4.38869995481124e-06 
3645 4.4472035497887965e-06 
8249 4.4072076412121665e-06 
4483 3.990966680781597e-06 
6033 4.388759602682096e-06 
9947 4.4265998590139546e-06 
9276 4.389617268885306e-06 
2830 4.386285996188544e-06 
5871 4.403552522839125e-06 
1914 4.402141469391167e-06 
3442 4.19228797175688e-06 
8669 4.231343421523164e-06 
5619 4.408552401182977e-06 
8157 4.385593858881375e-06 
6480 4.5945191213889855e-06 
209 5.380362787556658e-06 
5157 4.144562581408004e-06 
6392 5.161761842149979e-06 
3710 4.39321885523152e-06 
8473 4.356585936667186e-06 
4375 4.322937382705631e-06 
5264 4.399424546202239e-06 
9394 4.4036192897911115e-06 
1002 1.1350732040599828e-07 
3591 4.375063035287129e-06 
281 4.211895933324415e-06 
4180 4.297309030240051e-06 
2256 4.37486527158557e-06 
9733 2.714844536792045e-06 
825 3.9536365171141605e-06 
6485 4.5369618803668954e-06 
1510 4.384917903998746e-06 
7472 4.3882884131118196e-06 
5330 2.2954639721091644e-06 
4658 1.4360270502040138e-07 
9653 4.352646684446561e-06 
9398 7.110450144834754e-06 
2053 4.889934520685529e-06 
5195 4.390885776217401e-06 
502 4.403940970518786e-06 
4914 4.348525779823447e-06 
1767 4.384186370265145e-06 
9219 4.362980314854405e-06 
6097 3.4951478157625047e-06 
9519 8.874204954017059e-07 
1278 4.351667008061718e-06 
4372 4.384448532206706e-06 
5096 4.6319210993017e-06 
8122 4.408190616763677e-06 
9499 4.4519914661756035e-06 
5816 5.1394031696000765e-06 
5808 3.571876701266484e-06 
1363 4.669487071723996e-06 
4893 4.242434155551604e-06 
3180 4.376166363902765e-06 
899 4.390402468625431e-06 
6621 4.464789356392736e-06 
6562 4.412263164929199e-06 
7772 1.3981380970824068e-06 
4170 4.30629371147368e-06 
8015 4.457591391204304e-06 
9460 3.866440974946914e-06 
9921 4.828633823881086e-06 
2503 2.677728354937717e-06 
9938 4.3823672455244975e-06 
3012 4.383901583198375e-06 
1404 4.372460773951306e-06 
9912 4.635453092431223e-06 
5880 3.298942843304293e-07 
8252 4.343612928669202e-06 
4884 4.894514642211912e-06 
179 3.5048194134022647e-06 
6663 4.470960058382434e-06 
3466 1.0820541411045909e-05 
567 4.372177658537271e-06 
8717 4.3053609280629735e-06 
1768 4.573523360154393e-06 
6150 4.5004684011208856e-06 
2440 3.776593397583691e-06 
7753 4.320591775247864e-06 
7354 4.39441932179759e-06 
1051 4.3882217339841326e-06 
4136 4.392716030094426e-06 
7034 4.520128424303195e-06 
6081 4.392210197040711e-06 
6197 4.4534573212740316e-06 
6098 4.184018655643525e-06 
3597 4.386044966911217e-06 
8689 4.969509774392338e-06 
3566 4.326818757302864e-06 
2606 4.668660970839705e-06 
4381 4.301823909255697e-06 
463 4.944229431647067e-06 
699 4.332615101637036e-06 
656 4.443302899095846e-06 
7264 4.4057921159131774e-06 
64 4.4337230586426126e-06 
5044 4.397396925056329e-06 
5832 4.438920886774234e-06 
6456 4.301957074784206e-06 
2881 4.399198110171513e-06 
4020 4.5183186789391704e-06 
4476 4.369981606243743e-06 
5978 5.8413553410499125e-06 
513 4.4609939145925155e-06 
8767 4.3245229588495e-06 
928 4.390864661626133e-06 
6502 4.53935858616845e-06 
1725 4.382830298470893e-06 
6933 4.3837166380738575e-06 
9743 4.357308151464854e-06 
8148 4.405196971562272e-06 
3004 4.155245487448555e-06 
4232 4.369150905209742e-06 
6776 4.3720948773273325e-06 
1779 9.37210409679628e-06 
283 5.480155348050147e-06 
6644 4.353530901190093e-06 
9993 4.419755782978239e-06 
9364 4.518062326951862e-06 
8707 4.192220027231851e-06 
3911 4.3898400401012936e-06 
908 4.39611891816184e-06 
8971 4.106810817864274e-06 
378 4.3859467765497245e-06 
8492 4.46079454116521e-06 
5341 7.623701650813113e-06 
9667 4.25579924850086e-06 
1842 4.288238270653945e-06 
6276 4.391223493112644e-06 
3546 4.30531540220715e-06 
7999 4.409768430502768e-06 
356 4.405342258515595e-06 
5650 4.3150498973936664e-06 
7452 4.386697542238878e-06 
8280 3.851664369975882e-06 
5429 4.379498907057827e-06 
6815 5.9777805755576316e-06 
4955 4.048925661082782e-06 
6682 4.394387015619749e-06 
402 6.141959971923237e-07 
4366 3.442163655869684e-07 
5307 4.391990908426488e-06 
4680 4.403144330833666e-06 
2769 3.3073419091514774e-07 
7502 4.279166588112609e-06 
348 4.1964387910965e-06 
5629 4.389927227729956e-06 
4872 4.3765134211708625e-06 
1969 2.6816379306263936e-06 
3157 4.411413176073861e-06 
5273 3.90758509841048e-06 
1778 4.675430275192395e-06 
8442 4.3917317251500345e-06 
121 4.6402336252961815e-06 
1142 4.507441568812725e-06 
4239 4.667953958029245e-06 
3341 5.039276914622169e-06 
8488 3.538491936177404e-06 
4520 4.071785115854149e-06 
9096 4.375160051818639e-06 
742 6.0890969398091704e-06 
9540 4.41094563925648e-06 
5573 4.4212470104914775e-06 
3383 4.043135597541231e-06 
9865 4.3969502959537636e-06 
9382 4.399352286338701e-06 
1872 4.213730546651733e-06 
9338 4.507680792341615e-06 
9000 4.632477234374104e-06 
830 4.581304265607121e-06 
1905 3.779165125450621e-06 
421 4.422267508896702e-06 
3703 4.3891051134825244e-06 
3842 4.398028540001808e-06 
9612 4.397630023540271e-06 
1116 4.309194944282601e-06 
388 4.656231591103372e-06 
6421 1.8277736806709965e-09 
8930 4.363963022400677e-06 
8623 4.3971215768941925e-06 
2846 4.375738764553425e-06 
5346 3.3547038777217684e-06 
7142 4.408603689858974e-06 
4314 4.727582604261056e-06 
440 4.372804445736686e-06 
9900 4.406296493828539e-06 
2562 4.546075632889122e-06 
264 4.386833090578546e-06 
6398 2.415707933208389e-07 
8468 4.358128237898076e-06 
1696 4.393368942950982e-06 
2729 4.3815551040481855e-06 
298 4.401778674776757e-06 
4277 4.40553444995668e-06 
6287 4.2305208442750725e-06 
6590 4.376349936844546e-06 
6958 4.398114093986922e-06 
5367 4.416336997129574e-06 
1537 3.803482612423464e-06 
602 4.994366774312846e-06 
1944 2.828159197118973e-06 
2373 4.444935432821835e-06 
1390 5.836741832145059e-06 
2289 4.355478917845585e-06 
5951 4.522963037342561e-06 
5620 4.377151038643682e-06 
8104 4.303993440590011e-06 
3737 4.536632048516403e-06 
9969 4.434779826861586e-06 
5840 6.531728883364552e-06 
5133 4.389485159374125e-06 
8697 4.279106328432324e-06 
6920 2.2723729974881695e-07 
5474 4.838332521238669e-06 
7790 5.0666016116622425e-06 
7747 4.473410015838575e-06 
8968 4.011362125110013e-06 
5036 4.769632478722394e-06 
5790 4.410017788885647e-06 
1192 4.415314983108348e-06 
5956 1.252781333498739e-06 
5041 5.504660912589705e-06 
8565 3.680267989975085e-06 
7391 4.377296052289546e-06 
6626 4.684845242188754e-06 
6607 4.392775579331366e-06 
3147 4.892100954638602e-06 
1434 6.58460731257219e-06 
6111 4.405539819200699e-06 
435 4.418629828101504e-06 
9441 4.391973271053621e-06 
7507 4.431444540279339e-06 
1971 4.123119018713519e-06 
5220 5.2167669221808685e-06 
594 4.320994492072222e-06 
7793 4.3937435853776784e-06 
2947 4.407251531552387e-06 
769 5.3038732525118155e-06 
4460 4.3911836627710835e-06 
8401 4.42363361584128e-06 
9011 4.425628357921195e-06 
1442 7.009538073602447e-06 
1867 4.4871577007718235e-06 
9754 4.366731130419601e-06 
1229 4.521548483031264e-06 
200 7.958693844752707e-06 
3344 3.4719119155242616e-07 
7108 4.343766909459884e-06 
328 4.8596953247633e-06 
6408 4.39398919737638e-06 
6494 4.408982581693707e-06 
6939 2.239044042009687e-06 
5517 1.0857477939863678e-06 
7926 4.674801272279884e-06 
3304 4.4238770333670305e-06 
7588 4.007689759187364e-06 
2107 4.312432178581035e-06 
8047 4.346185319657712e-06 
8653 4.388676016064557e-06 
7741 4.38572115230998e-06 
8834 4.219496752438759e-06 
3485 4.383636192498889e-06 
804 7.3554183162583974e-06 
1012 4.401669767966534e-06 
5356 4.73504907312186e-06 
4112 8.664973831404707e-07 
2192 4.2774512212640745e-06 
9546 4.151128163349065e-06 
2171 4.38261766573336e-06 
3873 4.440314233228305e-06 
139 3.752777930402575e-06 
6466 4.413572290297029e-06 
9728 4.446770705750775e-06 
1758 4.205095671174414e-06 
7407 1.6424549249449054e-07 
9429 4.024367956242419e-06 
6638 4.418357855022951e-06 
754 3.5888891779476254e-06 
767 4.334730666568843e-06 
8679 4.380915058751996e-06 
1843 3.02847925105169e-06 
4563 4.564152113649633e-06 
8072 4.3653170795063116e-06 
8203 4.364616643933127e-06 
3509 4.393778774873787e-06 
8140 4.2592847209011944e-06 
5493 4.860152130183448e-06 
4780 4.457235067034313e-06 
8785 4.540215139974897e-06 
5815 5.001709578964197e-06 
9916 4.31554845433963e-06 
415 4.317117443090258e-06 
7857 4.378448277178082e-06 
79 4.353255066044654e-06 
4088 4.82316729203986e-06 
7405 4.441914427809186e-06 
544 2.5969511823857744e-06 
9326 5.966236367760668e-06 
6649 4.402411547278109e-06 
8582 3.7983911326346262e-06 
6641 4.377805899911317e-06 
7304 4.526452158585565e-06 
2805 4.403987735204636e-06 
8545 4.117715861448903e-06 
2994 5.317441886646798e-06 
9061 4.432617934860862e-06 
1029 4.389863894792537e-06 
7200 5.012870053581292e-06 
8504 4.378237637504842e-06 
6681 1.1981127176459518e-05 
3909 4.496273854182037e-06 
3311 4.429582181041393e-06 
6793 4.575229330123075e-06 
2273 4.413296399207804e-06 
6465 4.397895795812868e-06 
8036 4.501319369595044e-06 
8676 4.403979260400957e-06 
9098 4.468560080236499e-06 
3270 4.382303426290091e-06 
7718 4.432436617440895e-06 
1219 4.374827727702139e-06 
6635 4.393022237441677e-06 
6219 4.40207204134157e-06 
9264 4.392292486942389e-06 
9818 4.330841869567537e-06 
800 8.968232972961336e-06 
9370 4.400340472624769e-06 
4371 4.390825222617435e-06 
1045 4.575528391722506e-06 
8061 4.386938340049526e-06 
564 4.425549732884427e-06 
8118 4.315646518814522e-06 
4223 4.845845497906892e-06 
8444 4.2775523381032246e-06 
7159 4.328376933485449e-06 
5754 2.4189322781674163e-06 
5225 4.553769232803566e-06 
3391 4.373312683801213e-06 
8711 4.456018004858467e-06 
3626 4.226334435624184e-06 
8396 3.6322340931404347e-06 
6526 3.666698102328256e-06 
2570 2.1988705650487833e-06 
7073 4.433851050923115e-06 
6180 4.529568347548077e-06 
7728 4.397139778415223e-06 
4253 4.412493066934743e-06 
9138 4.832729937413463e-06 
5548 4.343411538653468e-06 
2986 3.0920965499209888e-06 
2485 4.376203179706346e-06 
5100 4.411699085266278e-06 
2749 5.404460411695565e-06 
8499 4.3914888714993354e-06 
862 4.476684333857877e-06 
8718 4.428514356448553e-06 
2449 4.075684425669167e-06 
2026 4.2239823429789255e-06 
6050 4.353325595840363e-06 
5829 4.388852320681839e-06 
7189 4.536738614262916e-06 
4334 4.4519412849425214e-06 
8657 4.391952919113846e-06 
3380 4.310913647439121e-06 
2783 4.337776603939046e-06 
5294 4.429547874513735e-06 
1133 4.346334944482617e-06 
5797 4.003009814600259e-06 
5432 4.320818805114208e-06 
1126 4.32483683748743e-06 
6115 4.412289472740869e-06 
7486 3.1832039393606195e-06 
4287 4.392712155467059e-06 
6110 4.5704841363551e-06 
2924 4.404613232239643e-06 
5094 4.386187507090687e-06 
634 4.507718812402879e-06 
2504 4.541815424208251e-06 
885 4.390212628918635e-06 
4225 4.3928148095123104e-06 
7604 4.182792092167843e-06 
6583 3.407655066709095e-06 
5144 2.1158445266351977e-06 
592 4.355237039792692e-06 
1282 4.381126714338148e-06 
5958 3.9606769963815375e-06 
6120 4.398260873877484e-06 
3985 2.7185832238264894e-06 
2139 4.404987774996507e-06 
6364 4.364494113108717e-06 
740 4.388503896073582e-06 
459 4.378536986397223e-06 
627 4.28782272425437e-06 
2123 4.397501705245474e-06 
1003 4.697449440691018e-06 
7775 3.5106971510150133e-06 
3752 5.0530156696862895e-06 
9277 4.442329656062433e-06 
3532 4.391231274452379e-06 
5877 4.262816450584741e-06 
628 4.329130777512987e-06 
202 4.359033384422388e-06 
2505 3.891860946677626e-06 
2933 4.331520371410673e-06 
62 4.3725800773682526e-06 
4528 4.390487596385172e-06 
6156 4.268012000281681e-06 
1811 4.410044869938769e-06 
606 4.397107894106772e-06 
7262 4.383385449870696e-06 
205 3.2259802515213663e-06 
2202 4.0458388238280766e-06 
5950 4.383615792802004e-06 
5241 4.413549623559418e-06 
2462 3.757845144062793e-06 
6640 4.480257862671749e-06 
5106 5.682508517932174e-07 
8849 2.8853388848532236e-06 
5080 9.60108332057176e-07 
1826 4.334020688621889e-06 
2617 4.384480218777462e-06 
2958 4.357437501267758e-06 
1372 3.09789078328855e-07 
7353 4.617756606473135e-06 
4719 4.701713671282163e-06 
2015 4.2837871095045065e-06 
5741 3.880984624822896e-06 
454 4.378719660956825e-06 
4110 4.521040419405022e-06 
1227 4.349245475875339e-06 
2180 4.3743227392510294e-06 
5292 4.3815941097701124e-06 
1297 4.400200870178069e-06 
5991 4.2975876221713805e-06 
2219 4.498180804776251e-06 
2298 4.411861874896429e-06 
2638 4.388324545695495e-06 
6539 4.396620976056843e-06 
5428 4.359285258850834e-06 
9405 4.534941973094822e-06 
299 4.37781774850406e-06 
4824 4.394273195952771e-06 
1959 4.31966188173576e-06 
5606 2.5604498124762984e-06 
1427 4.368093163500129e-06 
8728 3.954632510755696e-06 
9901 4.396440319537208e-06 
4774 4.2631624074145055e-06 
7420 4.340359434053493e-06 
786 4.495696034497813e-06 
5524 2.9077724220756464e-07 
5873 4.175277102269241e-06 
643 4.605004047433801e-06 
8178 4.514195474473469e-06 
4806 4.222785614875693e-06 
6121 2.649696899208223e-06 
8698 4.3850941198139005e-06 
1377 3.975124198996663e-06 
829 4.788990819069874e-06 
342 4.386960365169426e-06 
1615 4.436903584102547e-06 
3974 4.390098818664883e-06 
5983 5.729690637702264e-06 
1225 4.351446799719276e-06 
4699 4.381971424328978e-06 
5113 7.053195572939854e-06 
1588 4.364411304380312e-06 
319 4.230851949553222e-06 
4763 4.3822067911708795e-06 
5331 4.3992414313176765e-06 
7877 3.2180020635268197e-06 
2913 3.635869370137041e-06 
6440 4.375949310395687e-06 
9451 4.7594498012467325e-06 
9515 4.390298209376285e-06 
4349 5.902313530391567e-06 
3514 4.367188056659042e-06 
7750 4.468788574824943e-06 
1511 4.004970093441818e-06 
5664 4.421176044207412e-06 
9741 8.632025595054074e-06 
2304 4.524614224752996e-06 
1658 4.407129128814108e-06 
5876 4.86261831240916e-06 
6396 4.37658333481783e-06 
3513 3.943186985707507e-06 
2934 4.398838715295753e-06 
5593 4.721006544517998e-06 
1851 4.362565782097757e-06 
7769 4.335404624620078e-06 
82 4.371972912043687e-06 
3662 4.416120331048086e-06 
8830 4.359559347284683e-06 
3484 4.399844017959137e-06 
3675 4.395427504681839e-06 
2399 4.567257142441523e-06 
6806 4.394275153372127e-06 
733 5.026502982691716e-06 
7166 4.4732363622581276e-06 
4286 4.426087916346846e-06 
6136 4.383514641388411e-06 
4206 4.61792398736828e-06 
2576 3.6284164241676347e-06 
3899 4.054497016134395e-06 
2745 6.477935435460635e-06 
413 2.5935679488047756e-06 
6013 4.953584707255347e-06 
7221 2.5971917794485025e-06 
6391 5.512916025975924e-06 
2196 4.458355275212837e-06 
7271 4.886240244307149e-06 
5554 3.032070188795939e-06 
2552 4.430922105950123e-06 
7811 4.364773190534962e-06 
2044 4.411927263495791e-06 
8951 4.284248069094845e-06 
3529 2.4131127238051026e-06 
6799 4.3756473100516715e-06 
2831 3.781345990118095e-06 
3345 4.373275698073243e-06 
1598 4.388500197212935e-06 
6142 3.1433153610866428e-06 
7706 4.4154541709366405e-06 
581 4.428231571087473e-06 
7333 4.333305069813944e-06 
6381 4.394053504366704e-06 
1041 4.38402531921591e-06 
1751 4.231280384298765e-06 
9803 4.534034861287949e-06 
7447 4.4082316685104006e-06 
2337 2.0347872789190733e-07 
5497 3.6056808484878283e-06 
6807 4.01157645248953e-06 
3252 4.381565179835297e-06 
2732 4.486239036935298e-06 
2456 4.39595928918797e-06 
2014 4.381777082817728e-06 
4553 4.3747024866777235e-06 
1024 4.570724137439694e-06 
1904 4.427705689191642e-06 
4288 4.387950118473955e-06 
3533 4.440308844741563e-06 
2816 4.3788796388107255e-06 
7131 4.373091473218614e-06 
2900 4.409757558673876e-06 
7193 1.1968530036712984e-07 
9959 4.746556175283717e-06 
8421 4.3894122349644435e-06 
7686 4.075867173968694e-06 
6717 4.412182571458177e-06 
7551 4.183682636266908e-06 
9408 4.17527891495444e-06 
5097 4.397813023305864e-06 
2719 4.317338372791988e-06 
4505 4.381329901694413e-06 
1715 4.340316781875898e-06 
9111 4.3485699545559715e-06 
5921 2.5717191124543207e-06 
9390 8.637778873454074e-07 
8349 3.893707180903892e-06 
6270 4.291995499535322e-06 
3704 4.381756206879034e-06 
9070 4.4575038757764385e-06 
1593 4.703637680114567e-06 
2495 5.15609949287096e-06 
7773 5.777841951173034e-06 
9529 4.455690091465009e-06 
7617 4.37341050891502e-06 
6925 4.35557786804943e-06 
2927 5.172996195043248e-06 
4574 8.128007073711614e-06 
9104 4.390165615045359e-06 
4684 4.445486624679817e-06 
590 4.463227442626662e-06 
7219 4.529168875913694e-06 
8792 4.384837990348179e-06 
3755 4.391070022166606e-06 
2050 4.568685335439577e-06 
9613 4.3342767406352765e-06 
2879 5.019568710344961e-06 
7036 4.396438238588632e-06 
8450 4.387503999650955e-06 
7444 4.381458867091556e-06 
8265 4.432593794321689e-06 
6779 4.583823223561395e-06 
5907 4.373571549244676e-06 
2 7.159127258543916e-07 
9788 4.363665859693478e-06 
1955 4.380000411066152e-06 
7467 4.376290101151896e-06 
4213 8.152376527134086e-06 
4789 4.929401066181242e-06 
8503 4.954969418594184e-06 
1718 4.396042661292218e-06 
1276 4.385652446642868e-06 
7483 4.408526097656501e-06 
4925 4.403620144419032e-06 
2213 4.527972942835152e-06 
6870 4.535353965311117e-06 
2598 5.380499204291779e-06 
4530 3.1053005457316106e-06 
6585 4.570403057655054e-06 
2268 4.383948566508978e-06 
2324 4.4266095772855674e-06 
7579 4.392335070908471e-06 
4645 4.410181236379073e-06 
6143 5.722812321026146e-06 
911 4.407842488604677e-06 
6277 4.3900009225604005e-06 
2501 4.425457158205169e-06 
5171 4.388389945171508e-06 
6513 4.412279711542516e-06 
359 4.413700204702294e-06 
7584 4.494378188446418e-06 
9836 4.348076790932534e-06 
2766 6.834116342672959e-06 
2597 4.383209287332622e-06 
4539 4.377463963974412e-06 
8585 4.152600259882751e-06 
4228 4.382366590102484e-06 
2789 4.3655256828012675e-06 
752 4.437105745222978e-06 
4072 4.392890093392018e-06 
8502 4.7478433544866814e-06 
8436 4.36954861275318e-06 
4632 4.757975621568635e-06 
8415 5.3792251200742346e-06 
28 4.7985537325861565e-06 
3189 4.40839515405048e-06 
3419 4.429823642010835e-06 
8756 3.972519706285348e-06 
2194 4.879636466434625e-06 
7136 4.304394009339123e-06 
7737 4.4446063637505975e-06 
8272 4.537755856331967e-06 
9300 1.668573778949988e-06 
4835 4.559480458999286e-06 
4700 4.438048075842222e-06 
7561 4.65490319723747e-06 
5924 4.3777720681478205e-06 
3751 4.381885768529025e-06 
6037 4.663622945309557e-06 
5825 4.411798985780164e-06 
4123 4.38506266542437e-06 
6627 4.391411331577762e-06 
3671 4.4393307121113565e-06 
7430 4.3860799772717255e-06 
2886 4.133672983186444e-06 
8344 4.40298704894229e-06 
1486 4.384757066858413e-06 
5786 4.1532808939498625e-06 
4379 4.387757138224011e-06 
4024 4.479391403908181e-06 
9369 4.223014469074499e-06 
4186 4.334393220429264e-06 
4639 2.7800106926000177e-06 
4152 4.292909308457346e-06 
1509 7.250332203109855e-06 
1089 4.3623820664874555e-06 
3823 4.368206408588201e-06 
6541 4.362075815547231e-06 
1031 4.301544697572873e-06 
5260 4.3774883535096364e-06 
2208 4.764071890057733e-06 
2116 4.3992366859643065e-06 
5440 4.5212078338119784e-06 
7398 4.178978531877541e-06 
4033 4.522134120429499e-06 
4804 4.417367786539259e-06 
2068 4.3692578987645914e-06 
4873 4.388555213298734e-06 
7985 2.9379943265004224e-06 
6138 4.410184206179266e-06 
5011 4.359440806700432e-06 
5464 4.476828285523707e-06 
1448 1.0492445688736038e-05 
225 4.314198954306521e-06 
3846 4.477106820546394e-06 
7540 4.391602135675041e-06 
2806 4.387228727335876e-06 
1610 4.391193117235565e-06 
400 3.459915129344657e-06 
8517 6.187179257047673e-06 
1717 4.391697334781349e-06 
3636 4.615368658894044e-06 
8033 3.5713281794501e-06 
9703 9.931227674605978e-07 
3800 4.199658520318307e-06 
4772 4.384384603511493e-06 
3343 4.3799606688215504e-06 
2048 4.313890520612146e-06 
8388 4.398802313895173e-06 
9388 4.451583738091546e-06 
5635 4.4085299587956204e-06 
3463 4.399020431899796e-06 
4120 4.358964720514012e-06 
7302 4.311056488174229e-06 
3534 3.862066379842386e-06 
1793 4.4041466201346495e-06 
4134 4.422259264357724e-06 
4608 4.357946264853705e-06 
8427 4.712670449472134e-06 
1207 2.5142581948662068e-06 
4630 3.848606996332029e-06 
4416 4.416014875135361e-06 
8541 4.399886094628795e-06 
9084 5.0117481313510266e-06 
2338 4.285657635037403e-06 
7109 4.367387267427779e-06 
8617 4.410899450222259e-06 
83 4.459664058671828e-06 
6077 4.394526590521969e-06 
1484 5.0659340598075155e-06 
1963 3.895962676499433e-06 
1336 4.381051000989438e-06 
654 4.6557991243013e-06 
3924 4.269144172901096e-06 
700 4.38200025620242e-06 
2666 4.39443008623332e-06 
9249 4.479756046994097e-06 
2461 4.409062226345279e-06 
7798 4.424417185613252e-06 
9502 4.3730962592066496e-06 
3786 4.51762383429916e-06 
3685 4.379308901984044e-06 
3403 4.552547785507023e-06 
1617 4.40958992952242e-06 
7732 4.391961752692613e-06 
4889 8.316552559933952e-07 
4087 7.850847707933855e-06 
4906 1.7647290417720934e-07 
501 4.429273140117969e-06 
7224 4.261178211029152e-06 
8257 4.721435730586655e-06 
3531 4.438391746908533e-06 
1005 4.3583237813956745e-06 
8487 4.403101967508081e-06 
3386 4.393071511533988e-06 
4018 4.391362610122886e-06 
4546 4.395942219985173e-06 
3028 4.406268802422682e-06 
3495 4.394699382916867e-06 
8850 4.427689266372811e-06 
4419 4.150638205887735e-06 
2120 4.253767083484981e-06 
5813 1.5139244548268786e-06 
1246 4.418908007939966e-06 
3515 4.474332077870895e-06 
2312 4.408914717144102e-06 
3480 4.265860906838755e-06 
1648 4.452093831682098e-06 
9020 4.19201602708641e-06 
2680 4.375138378398454e-06 
4851 4.026602970287945e-06 
8459 4.378735207981891e-06 
8395 6.711401982529847e-07 
5976 7.688920880278348e-07 
6879 4.401092890660765e-06 
6790 4.388863742265594e-06 
8700 1.902851457739191e-08 
8461 4.391509557792049e-06 
7408 4.361808599152177e-06 
2901 4.257994413648358e-06 
1422 4.2922206275143274e-06 
1415 4.4610198516393865e-06 
839 4.3797479867047864e-06 
2012 2.1705665825430228e-07 
7211 4.375042562929033e-06 
3663 3.7224527344184912e-06 
8263 4.821517169319561e-06 
7961 4.422761271950838e-06 
2951 4.3576560039398665e-06 
7270 1.062644056695477e-06 
5580 4.458160915385576e-06 
8752 4.442117818294512e-06 
1115 4.3599857580425295e-06 
6432 4.378732769503317e-06 
141 4.4055544944638785e-06 
2884 4.389848254790208e-06 
524 4.403708103987136e-06 
1139 3.833619723346238e-06 
8826 4.379500424545925e-06 
3190 4.588169591161114e-06 
7377 4.41430955312635e-06 
9197 4.401946668611458e-06 
8040 3.5342472082480296e-06 
3997 4.390826286237199e-06 
9384 4.396387414164531e-06 
8800 4.528427765783924e-06 
6390 4.390487151567746e-06 
7337 2.764332748667952e-06 
3724 5.09865656511186e-07 
580 4.4975146412528366e-06 
7102 5.631342310358963e-06 
5612 4.335924386446486e-06 
575 4.383096853930734e-06 
6273 4.364929314632199e-06 
4874 4.155476110127986e-06 
6929 4.436542571839428e-06 
7568 4.392528923105231e-06 
8983 3.923004010642136e-06 
1581 4.396505646054036e-06 
7911 3.0219622477936063e-06 
5125 4.181980754144522e-06 
998 1.1169625025762918e-07 
8109 4.4498373354405e-06 
6914 4.277536393564683e-06 
2098 4.632080506059066e-06 
5970 4.791170827353737e-06 
6530 4.363626803847809e-06 
6812 4.8669028373506724e-06 
5835 4.394221700787114e-06 
8078 4.337208024522024e-06 
6075 4.63926703836933e-06 
6867 4.341677282132193e-06 
1518 4.409933441116583e-06 
1196 6.526004532804114e-06 
4351 4.948943136712803e-06 
3015 4.293072967431865e-06 
5879 4.380238739830723e-06 
2912 4.205889093085363e-06 
892 5.05170583058186e-06 
9116 4.366302584759706e-06 
1488 4.3938539639031205e-06 
8300 4.442803396416752e-06 
5901 6.230194736294201e-06 
2649 4.519263566613623e-06 
129 4.016687503907694e-06 
5820 4.403336234226793e-06 
1092 4.373052870759373e-06 
6567 4.391851926209287e-06 
1177 4.542079606048456e-06 
8594 4.3334912218155135e-06 
7837 4.388525764405373e-06 
9885 4.4646273674828395e-06 
3287 4.385538387788144e-06 
2133 4.002116341064924e-06 
6605 5.703628545913229e-06 
6858 2.549925206724197e-06 
12 2.1831481650525224e-07 
1501 4.363956607593883e-06 
3756 4.413835853715616e-06 
6881 4.29783500743042e-06 
2690 4.3835751284504846e-06 
5649 4.38961595810667e-06 
3603 4.314500810455633e-06 
8985 4.648881721303024e-06 
2401 4.774388760673422e-06 
1469 4.428814619624885e-06 
2565 4.356345451024832e-06 
7917 4.1561660603055945e-07 
1766 4.021264722869253e-06 
8327 4.476465852548493e-06 
3356 4.575004664925866e-06 
2411 4.5298417337827964e-07 
3035 4.265216399885092e-06 
7 4.39337089738649e-06 
4064 4.4034834636312065e-06 
7694 4.660397521880542e-06 
4458 3.1741909561494978e-06 
6267 3.5645250334505254e-06 
7562 4.392094578557886e-06 
8003 4.48979694163306e-06 
7800 3.912793879633926e-06 
5052 4.1154321435934066e-06 
5251 4.3874695522107905e-06 
1823 4.388927664807684e-06 
3018 4.478591891547271e-06 
5927 4.267380903162874e-06 
6217 4.337411491743267e-06 
6947 4.400822861838302e-06 
8902 6.247929468606078e-06 
2184 4.378994222314046e-06 
4398 4.387345142398513e-06 
1678 4.309174868822869e-06 
3083 4.3842491603302225e-06 
1014 4.7115314455030064e-06 
7107 4.44269640682582e-06 
6205 4.2135866031349285e-06 
4382 4.425975387140343e-06 
2586 3.822981526256315e-06 
6810 4.383529400310808e-06 
7799 4.271706121499746e-06 
3693 4.2283681052141205e-06 
6938 4.1530308133627314e-06 
9446 4.394978132212375e-06 
675 4.392029977115771e-06 
8631 4.391772152590045e-06 
7743 4.212357416111966e-06 
1010 4.383594224660751e-06 
1753 1.6610171922158718e-06 
6661 4.3233482213751366e-06 
3277 4.384798175279346e-06 
2630 3.865189246720318e-06 
1221 4.372507696693928e-06 
722 4.1093519499866215e-06 
5085 4.4205843290145206e-06 
1886 4.378243965387769e-06 
3316 4.396471747239022e-06 
577 4.39359219100204e-06 
879 4.346679592820991e-06 
2931 4.396103559987943e-06 
7361 4.099740831868962e-06 
7910 4.4314752922684895e-06 
4917 4.390063905675525e-06 
1861 3.871575379272145e-06 
4449 2.331552621042421e-06 
2733 4.393661220318795e-06 
5923 4.406617562064459e-06 
5488 3.843542367905592e-06 
4224 4.445118491318478e-06 
384 4.505611672921009e-06 
1902 4.477769984344083e-06 
7675 4.4199533873981966e-06 
5644 4.524747130797128e-06 
5353 4.378978713285717e-06 
7974 7.008801172561776e-06 
5756 4.421939986445609e-06 
8359 4.550837390756322e-06 
7722 4.41570179934596e-06 
9245 4.505210662591098e-06 
6962 4.605616539093847e-06 
3060 4.345762304961734e-06 
2203 4.278462749456687e-06 
2885 4.377425567669971e-06 
1202 2.5334448423454556e-06 
3989 2.3483941364603905e-06 
6975 4.366855320813784e-06 
2940 4.415863504335118e-06 
7835 4.024867871015067e-06 
8979 4.353912647359557e-06 
7029 4.582987463996206e-06 
2762 4.3886912378617776e-06 
3719 5.223245189255843e-06 
1016 4.4093366919768895e-06 
4347 4.3611729950472765e-06 
4882 4.614009613143519e-06 
3416 4.215859654193619e-06 
4005 4.390409538214206e-06 
1723 4.39373690287634e-06 
8581 4.083019452750232e-06 
1411 3.5714339763100283e-06 
9130 4.401780102543323e-06 
6971 4.4023078002919025e-06 
8350 4.538141665591506e-06 
7511 4.383275194148795e-06 
1237 6.764578344969105e-07 
9913 5.529098887187781e-06 
8943 7.663486612304482e-06 
9470 4.4169489046192806e-06 
2569 4.703344791612509e-06 
9867 4.302636922786403e-06 
3633 4.250773490649668e-06 
8618 4.388133617038508e-06 
8738 4.6225231615454e-06 
7049 4.3678913049285446e-06 
6532 4.101588557297956e-06 
3368 4.384008634442555e-06 
9293 1.606504781524632e-06 
7524 4.467366703013113e-06 
8601 2.693559769067549e-06 
7223 4.387505009787356e-06 
990 4.39025468322447e-06 
7796 4.403254496124199e-06 
2635 4.352057646689665e-06 
2445 4.4943293023776176e-06 
613 4.492897042752077e-06 
3192 4.33435573290651e-06 
6340 4.296371224507114e-06 
764 4.37976799239554e-06 
3773 4.388073432174603e-06 
133 4.814791702255497e-06 
8353 2.7122014199495047e-06 
6017 4.256214369859197e-06 
3757 4.543843672440519e-06 
4924 4.175531590751264e-06 
2250 6.169746421637174e-07 
8101 4.3939496511205194e-06 
4910 4.387854123388266e-06 
8805 4.414394184488789e-06 
1612 4.425842715550888e-06 
3764 4.315338569762091e-06 
4576 4.397715130367033e-06 
7664 5.221932326973567e-06 
210 4.38408876374136e-06 
5351 4.390961370267066e-06 
4301 4.5725995448233915e-06 
3036 4.415002987441514e-06 
8950 3.62725094814307e-06 
6653 4.276161024776773e-06 
9848 7.985080110306232e-07 
6756 4.3908326364979425e-06 
6472 4.3781131178084875e-06 
168 4.550238094050936e-06 
2753 4.409846460607258e-06 
6594 3.2050275588287985e-06 
7359 4.860504454509006e-06 
1777 4.360768693083531e-06 
2451 4.414549277099465e-06 
3960 4.715775702523516e-06 
7310 4.4001885903880564e-06 
6982 3.025882171399278e-06 
6179 4.265780594150781e-06 
5827 3.921205049279847e-06 
4447 4.422359406642764e-06 
2928 4.402728970235533e-06 
7237 4.454599849017973e-06 
8332 4.666514749622076e-06 
1104 4.5054452880565895e-06 
4159 4.369525209685801e-06 
4068 4.439977006592737e-06 
3218 4.348953811935732e-06 
4866 4.394506812053641e-06 
5556 4.3288830895591935e-06 
2936 5.224512321577412e-06 
3233 4.388684513872226e-06 
468 4.39363964124182e-06 
8090 4.384567208987116e-06 
5494 4.374714709566405e-06 
6998 2.4231239420820076e-07 
1997 4.203110037878867e-06 
3397 4.397940071228508e-06 
7977 4.421866783285119e-06 
9430 4.404925602122459e-06 
4053 4.44911532321182e-06 
6122 5.769236969155584e-06 
6295 4.3792976188997855e-06 
6732 4.416069199720145e-06 
4227 2.142306191758862e-06 
8106 4.4163769950289425e-06 
5310 4.347581159739664e-06 
2386 4.370253223645754e-06 
3516 4.402416608257153e-06 
1414 4.449964866799131e-06 
5791 4.350399744605892e-06 
249 4.265868522049887e-06 
2021 4.389971204137751e-06 
2610 4.386988149461885e-06 
4909 4.147109587746339e-06 
8802 4.253925125819741e-06 
2371 4.365992524419391e-06 
7076 4.459280392351633e-06 
2973 4.420613891848047e-06 
7762 4.177598668625972e-06 
8294 4.789905893528727e-07 
8931 4.401129647784245e-06 
1238 5.294080668787786e-06 
3688 5.576475266567192e-07 
5709 4.4001222721223005e-06 
9511 4.5163010516238e-06 
8162 1.7722556200696527e-06 
3505 4.55383107398684e-06 
8869 3.267758121232475e-06 
8394 4.3943464583265805e-06 
855 4.384988146900801e-06 
4681 4.558842357158258e-06 
7757 4.369909684844624e-06 
5538 3.5466732439651753e-06 
8636 4.3798762813289936e-06 
2997 3.1707262033904537e-06 
6293 4.400015765837032e-06 
6504 4.4229304860228854e-06 
6628 4.5379041937586235e-06 
6629 4.1451236906204225e-06 
3890 4.505898122710209e-06 
4810 4.396777994423362e-06 
9615 5.936668760214648e-06 
1882 3.598829725754001e-06 
2781 4.364794378264769e-06 
8060 4.357903096944448e-06 
8788 3.717604940895298e-06 
6549 4.309336146721153e-06 
9119 3.7127214939736372e-06 
2844 4.3721915793317365e-06 
31 2.0178839274189912e-06 
5252 4.393847684176374e-06 
1145 6.204834832568455e-07 
1541 4.420625345166985e-06 
2234 4.386573062116706e-06 
6107 4.381184199145342e-06 
5904 4.422950020861527e-06 
5555 4.4037822665168255e-06 
7127 4.183420589530293e-06 
3438 2.520224312202218e-07 
7767 5.176341780613541e-06 
8537 4.3846215572892944e-06 
5526 4.387752290923468e-06 
5300 4.390239521159661e-06 
7139 4.395651560193087e-06 
9157 4.390198358463135e-06 
1258 4.544680717479242e-06 
6957 4.385797208488224e-06 
7628 4.41387361706044e-06 
3117 5.472309129676053e-06 
2639 4.373897168855205e-06 
7202 2.7402165312398327e-06 
619 4.306132698806031e-06 
1425 4.6153977968182626e-06 
9315 4.9153557775706e-06 
8149 4.476191870143291e-06 
5301 4.376621531716362e-06 
5523 4.55050163506997e-06 
2161 4.401513856680848e-06 
6286 4.2391701351531255e-06 
997 4.291913175421173e-06 
2119 4.4013909285154755e-06 
698 4.382846469633538e-06 
3818 3.552841351878273e-06 
1730 4.413044098597072e-06 
883 4.263331024720689e-06 
5996 2.7474629266923215e-06 
9401 4.538699384357639e-06 
7805 4.280123124751427e-06 
8500 6.161491595163171e-06 
7537 4.398336622003207e-06 
3106 4.483911069307184e-06 
8770 4.382632538173582e-06 
5514 4.404695020474568e-06 
7133 3.7140693545979377e-06 
9792 3.3270301475772083e-06 
8747 2.6787575927545793e-07 
2782 4.34806867145639e-06 
6407 4.495158737080866e-06 
7484 4.016833817302545e-06 
7499 4.398927672210082e-06 
6839 4.388418688785054e-06 
2870 4.40740369508677e-06 
2350 4.396176130815823e-06 
7629 4.481947740488468e-06 
1028 4.515939483576249e-06 
4875 4.402996191997737e-06 
288 4.369959049634232e-06 
6850 4.53408595837058e-06 
2413 4.157910123160741e-06 
4378 4.367404581963649e-06 
8865 4.465479768892468e-06 
8168 4.383510944374949e-06 
1776 4.39084193657574e-06 
6229 4.3949323591184874e-06 
2229 4.759049562025592e-06 
5997 4.65228314246222e-06 
3254 4.158788944385199e-06 
6792 4.39364003873894e-06 
408 3.75488432512397e-06 
3781 4.445846345939145e-06 
8439 3.249937446480038e-06 
8345 4.4399345085338254e-06 
9852 4.463882274542066e-06 
7712 4.119596335258261e-06 
1592 4.394130476036218e-06 
3840 4.3899865958145205e-06 
1721 4.5111093542919635e-06 
2896 3.120887751596439e-06 
1964 6.7506383722048965e-06 
7180 4.44241200499056e-06 
5219 4.4325370126409485e-06 
5589 4.403752807813188e-06 
7922 4.225258931501478e-06 
9250 9.844978979064023e-07 
5596 4.3979468011610384e-06 
2917 4.339716519587445e-06 
8422 4.242554765670128e-06 
6091 4.356575165154475e-06 
3021 4.2501494314279325e-06 
1682 4.393717849087062e-06 
9278 4.420692155332248e-06 
8077 4.303999186275267e-06 
6210 3.594372662867257e-06 
6748 4.79283767960729e-06 
7279 4.311014209189619e-06 
6974 4.395038211716657e-06 
6609 1.4245344293165378e-06 
9608 4.280048475448561e-06 
2299 4.358682205414585e-06 
7958 4.34853706330931e-06 
106 4.394052378571072e-06 
4538 4.398195390850816e-06 
4714 5.11683521479952e-06 
