3610 1.0 
6065 1.0 
6151 1.0 
1141 1.0 
8863 1.0 
5464 1.0 
556 1.0 
894 1.0 
1644 1.0 
6327 1.0 
1864 1.0 
5124 1.0 
6219 1.0 
451 1.0 
8636 1.0 
3658 1.0 
783 1.0 
4788 1.0 
3067 1.0 
5493 1.0 
8338 1.0 
4633 1.0 
4291 1.0 
2637 1.0 
2301 1.0 
3806 1.0 
6903 1.0 
6775 1.0 
5223 1.0 
4140 1.0 
6622 1.0 
952 1.0 
8617 1.0 
9741 1.0 
9726 1.0 
2231 1.0 
9818 1.0 
9778 1.0 
8457 1.0 
6367 1.0 
3075 1.0 
2183 1.0 
212 1.0 
7305 1.0 
9975 1.0 
9506 1.0 
2243 1.0 
5653 1.0 
9565 1.0 
1555 1.0 
2299 1.0 
7848 1.0 
7039 1.0 
1980 1.0 
6861 1.0 
2752 1.0 
9683 1.0 
3715 1.0 
5685 1.0 
3885 1.0 
6665 1.0 
1610 1.0 
9370 1.0 
1815 1.0 
5047 1.0 
2699 1.0 
7577 1.0 
8630 1.0 
2134 1.0 
6164 1.0 
2790 1.0 
9373 1.0 
1319 1.0 
6312 1.0 
692 1.0 
2147 1.0 
432 1.0 
8346 1.0 
7085 1.0 
363 1.0 
3066 1.0 
9111 1.0 
6790 1.0 
1513 1.0 
9244 1.0 
4501 1.0 
5500 1.0 
6205 1.0 
3144 1.0 
9320 1.0 
7016 1.0 
8318 1.0 
7449 1.0 
9270 1.0 
8838 1.0 
8377 1.0 
5448 1.0 
2653 1.0 
2434 1.0 
7031 1.0 
9245 1.0 
386 1.0 
6084 1.0 
570 1.0 
6338 1.0 
6364 1.0 
3026 1.0 
2261 1.0 
1413 1.0 
8847 1.0 
704 1.0 
6728 1.0 
5541 1.0 
703 1.0 
6870 1.0 
1540 1.0 
1825 1.0 
3285 1.0 
2272 1.0 
6629 1.0 
7456 1.0 
5774 1.0 
4536 1.0 
7432 1.0 
7542 1.0 
9868 1.0 
3186 1.0 
8709 1.0 
5491 1.0 
8250 1.0 
5814 1.0 
8851 1.0 
8755 1.0 
1564 1.0 
9659 1.0 
1662 1.0 
1639 1.0 
6846 1.0 
20 1.0 
9483 1.0 
2580 1.0 
278 1.0 
7075 1.0 
6483 1.0 
4791 1.0 
1862 1.0 
6888 1.0 
3797 1.0 
3514 1.0 
91 1.0 
6631 1.0 
9378 1.0 
3385 1.0 
1459 1.0 
9356 1.0 
9168 1.0 
1116 1.0 
3965 1.0 
2013 1.0 
5929 1.0 
