1 2 6 4 287
1 47 9 4 353
2 31 3 3 28
2 35 8 4 192
2 406 9 3 52
3 4 7 3 69
3 5 3 4 148
3 26 1 3 10
5 57 10 5 2558
15 16 3 7 37181
15 36 7 4 162
16 25 6 3 90
17 18 9 4 801
17 36 7 5 3439
18 33 10 7 295169
19 20 4 3 53
19 21 4 6 8699
20 142 5 3 86
20 148 9 2 31
21 22 3 2 15
22 23 8 3 112
23 24 3 4 126
24 25 5 6 5440
24 28 9 2 30
26 27 1 7 6536
27 29 10 2 21
27 30 5 3 50
28 29 2 8 98838
31 33 3 5 518
32 33 6 4 326
32 34 1 7 14130
32 69 7 6 7776
34 35 8 3 98
34 73 7 4 270
36 37 6 5 730
36 75 9 6 22799
37 52 3 4 180
37 43 8 5 1966
46 47 2 5 1013
47 448 3 6 4014
52 67 10 1 10
53 54 9 2 17
53 59 8 6 9794
53 418 7 4 467
54 163 7 3 48
55 56 1 5 128
55 59 3 3 26
56 57 8 3 52
56 66 3 4 108
58 59 4 3 75
58 60 9 6 11793
58 199 5 5 886
58 458 6 5 1557
60 63 7 3 94
63 225 7 6 10538
64 65 6 4 340
64 66 3 4 220
65 67 1 6 2940
69 70 1 8 96479
70 71 7 3 112
71 101 1 7 14964
72 73 8 4 204
72 101 1 6 1371
73 76 1 6 3334
73 77 4 5 1067
96 97 5 4 395
96 111 7 5 3824
97 101 8 7 75106
98 99 5 1 6
98 100 7 6 7770
99 138 5 4 350
100 116 10 4 295
105 106 3 4 257
105 111 6 7 71962
106 107 7 3 88
107 108 10 6 20942
111 114 7 6 6047
113 114 6 8 478254
113 116 10 4 319
115 116 10 2 21
115 409 7 4 187
118 119 7 1 12
119 138 2 3 35
120 121 7 4 398
120 122 8 5 925
120 304 6 3 36
121 296 7 5 2699
122 123 6 4 205
122 124 6 4 494
124 125 10 3 80
134 135 2 5 454
134 332 1 6 875
135 136 7 3 117
135 137 5 5 3321
137 139 4 5 1476
139 140 10 4 687
139 141 10 6 8432
139 399 4 4 92
141 400 9 4 386
154 155 9 6 17651
154 156 4 4 116
154 172 6 4 289
155 168 4 4 105
156 157 2 6 1849
156 171 9 4 402
157 158 5 7 35282
158 159 3 6 9327
158 177 4 7 24843
159 160 6 4 139
159 161 2 4 85
159 196 4 6 16984
161 162 3 7 23764
161 197 8 5 1677
163 164 6 4 508
164 165 8 4 483
165 166 3 4 110
165 104 9 4 766
166 167 8 5 966
167 168 1 5 177
169 170 8 6 13931
169 171 1 5 627
169 174 10 3 97
170 172 7 5 1819
170 173 9 2 28
170 419 4 2 19
171 178 8 5 4809
173 174 4 4 251
174 179 3 8 192373
175 176 3 4 102
176 214 8 4 325
177 178 1 5 393
177 191 2 6 6607
178 421 2 4 176
179 192 10 3 63
180 181 10 5 2591
180 208 9 7 312748
181 192 3 3 41
182 183 3 5 665
182 184 2 6 2302
184 185 9 5 1315
184 208 8 8 612244
185 186 5 4 406
185 207 1 4 36
186 187 7 5 3517
186 230 1 4 56
187 188 4 4 168
187 193 8 4 239
188 189 7 2 31
188 191 6 2 23
189 190 2 4 162
189 191 2 9 1823169
193 194 9 4 199
193 217 3 4 79
194 195 8 4 209
194 217 1 2 5
195 196 3 5 779
195 216 7 4 475
196 197 9 3 60
196 476 1 7 39334
197 216 2 6 6164
198 199 2 4 101
198 221 2 4 148
199 200 1 4 73
200 10 3 4 294
201 202 4 4 99
201 203 3 6 4017
201 351 3 6 9033
202 213 7 7 155440
203 204 8 7 193394
203 205 9 6 23235
205 206 6 3 57
205 231 7 2 17
205 360 9 2 24
206 207 10 5 1641
206 232 7 5 1056
207 233 9 4 536
208 209 7 4 342
210 211 8 7 194931
210 212 2 3 34
211 215 7 6 9195
212 213 9 5 1699
212 342 8 4 757
213 340 7 6 9129
214 215 5 5 2239
216 219 9 2 23
217 218 5 3 35
218 222 3 3 18
219 220 8 5 3579
220 221 10 4 260
220 222 5 4 177
222 226 4 8 552325
223 224 4 5 1166
223 225 7 3 95
223 7 10 7 76404
224 229 5 3 35
227 228 5 8 1282927
227 229 5 4 233
227 272 2 6 2832
228 230 4 9 2040298
229 401 4 4 148
231 281 3 6 5034
232 265 5 5 1285
233 264 8 4 224
233 150 10 3 75
234 235 1 6 1476
234 278 10 4 567
236 237 9 6 6972
236 280 5 4 215
237 238 6 4 215
237 239 2 7 31352
239 240 7 4 698
240 241 2 3 24
241 243 3 4 79
241 442 1 5 339
242 243 7 4 197
242 244 7 6 5988
242 314 6 7 49408
242 80 4 4 218
243 293 6 3 36
244 247 6 7 136499
245 246 3 6 7483
245 247 5 3 98
247 248 6 5 2357
248 249 7 5 3027
249 250 1 5 309
249 312 7 3 60
250 251 2 5 385
250 321 5 5 950
251 252 2 5 589
252 253 4 4 118
252 327 3 6 7583
252 301 9 5 2403
253 254 4 4 333
253 277 3 4 216
253 266 10 4 233
254 255 2 6 5162
254 256 1 6 2396
256 257 5 7 32164
257 258 6 7 214891
257 259 6 8 267865
260 261 5 6 8403
260 262 9 3 82
260 263 5 4 213
263 264 6 4 381
263 479 2 3 22
266 267 4 3 33
267 268 6 5 1049
267 299 2 6 4253
268 269 6 4 643
269 270 1 4 78
269 294 8 3 121
270 271 9 4 346
271 295 9 2 41
271 133 7 7 70630
272 273 4 4 349
272 274 10 6 12708
274 275 8 4 217
275 276 7 1 4
275 277 7 4 462
275 291 9 5 1527
278 279 3 6 11369
278 282 2 5 430
279 280 1 5 154
280 287 8 2 17
281 289 1 9 478131
282 288 2 6 2510
283 284 2 3 37
283 285 3 4 276
283 305 9 5 1959
284 290 3 4 237
284 365 10 4 415
285 286 5 4 187
285 306 4 4 229
286 287 6 4 146
286 306 9 2 22
286 452 7 4 349
287 293 1 6 3817
288 289 1 5 282
289 290 7 3 48
291 292 5 6 12417
297 298 5 6 4623
297 454 4 2 16
298 299 10 4 449
300 301 5 7 91221
300 302 2 5 855
302 303 4 3 69
302 304 3 4 227
302 330 5 4 302
305 306 6 7 62800
305 308 1 7 6342
306 308 7 5 1230
307 308 2 4 116
307 309 2 5 1092
309 310 1 5 406
309 338 4 2 20
309 379 3 2 10
310 311 5 5 3306
310 85 4 4 373
311 312 4 5 877
313 314 5 3 47
315 316 9 5 1581
315 317 3 7 19381
315 499 3 3 66
316 334 3 6 3511
316 398 4 5 2273
317 318 8 3 149
317 503 8 3 62
318 319 5 5 844
318 502 6 6 12703
318 510 5 3 37
319 320 8 5 1498
320 333 1 4 70
321 322 4 4 152
322 323 10 3 66
322 325 5 5 651
322 333 3 8 157670
323 324 9 3 72
325 326 1 3 18
326 328 10 3 190
327 328 10 9 4003896
328 329 1 6 2194
328 495 9 5 3062
329 330 10 4 818
329 331 6 8 1105041
331 332 5 3 86
331 489 10 3 115
332 481 10 6 15060
333 493 2 3 21
334 335 7 4 531
336 337 1 4 101
336 500 8 5 1696
337 338 1 6 2223
337 382 10 5 3536
338 339 6 3 41
338 377 1 5 378
340 341 4 5 1637
340 349 8 5 2367
340 354 1 6 776
341 343 7 5 1289
342 343 1 3 10
344 345 3 1 3
344 346 4 3 46
344 385 1 4 102
346 347 9 2 30
347 348 10 8 1427523
347 387 1 7 5050
348 349 3 5 404
348 386 6 5 2001
350 351 7 3 103
350 359 6 3 35
350 13 2 3 42
351 352 4 4 288
352 353 4 5 1839
352 356 8 1 7
353 354 2 3 31
354 355 4 6 3940
355 356 10 2 19
356 357 10 4 790
358 359 2 6 1857
358 361 2 4 182
358 362 4 7 72700
358 360 4 8 817632
358 92 7 6 5586
360 413 2 4 106
361 388 4 5 621
362 367 4 4 112
363 364 10 4 953
363 365 3 5 1462
363 370 6 4 186
364 395 7 2 20
365 366 7 4 182
365 371 8 3 51
366 144 6 3 97
367 368 2 6 3002
367 369 8 5 1500
370 380 8 6 10316
371 372 10 1 5
371 373 7 6 28481
371 374 8 6 17108
375 376 1 6 874
375 383 4 3 54
376 384 7 3 89
377 378 6 4 147
377 381 10 6 7516
378 384 5 5 662
381 383 10 4 784
382 496 9 5 3649
383 384 3 3 65
388 389 6 4 403
388 392 1 10 1979008750
389 390 8 4 336
390 391 6 3 106
392 393 7 3 51
392 394 6 3 51
395 396 1 4 111
399 411 5 5 2764
400 405 2 5 1182
404 405 4 4 215
404 412 2 3 23
405 89 10 3 173
408 409 5 4 483
411 412 5 4 430
411 415 1 6 2239
411 482 5 2 23
412 415 7 8 737652
415 427 7 4 357
415 487 4 5 2229
427 428 3 3 46
427 431 9 5 1211
427 487 2 7 27907
427 424 9 5 1944
428 429 7 4 613
428 432 10 6 27032
481 482 9 4 458
482 488 3 8 612524
483 484 9 4 359
483 485 6 4 271
484 492 10 7 69524
485 486 8 3 87
486 487 3 4 331
489 490 3 4 126
490 491 2 8 113861
490 492 5 9 15228889
493 508 1 4 100
494 495 7 3 89
494 507 1 6 1624
496 497 1 8 53538
496 62 1 7 15528
497 498 4 5 730
497 499 1 5 225
499 501 1 5 299
501 447 8 2 39
502 511 7 3 87
503 450 9 3 101
504 505 8 4 669
504 506 3 5 1216
505 508 10 1 15
505 509 5 4 285
506 507 9 3 62
509 510 6 2 23
509 511 4 6 3940
7 8 7 6 17098
7 6 4 2 10
10 9 8 3 61
10 11 7 4 304
13 12 1 5 399
12 14 1 6 4302
144 38 6 5 1230
144 145 7 2 13
38 39 5 4 135
89 68 6 5 2535
89 88 2 5 497
68 40 10 4 828
68 102 3 6 3713
40 41 1 6 1799
40 81 10 7 94037
102 50 7 5 1418
50 51 6 3 52
41 95 9 3 125
81 146 6 5 1165
95 456 6 6 6116
95 143 5 7 32568
95 146 2 4 52
146 410 3 4 306
43 42 5 8 301511
133 130 8 8 1361729
128 117 3 3 41
128 132 4 3 28
117 129 1 5 165
117 110 4 3 50
132 130 7 5 2093
129 127 1 6 1275
127 44 1 4 110
130 131 2 3 42
44 45 10 4 964
110 109 5 5 728
110 126 3 5 692
109 112 5 4 250
62 49 3 5 1039
62 61 4 7 50539
48 49 8 5 5287
75 74 5 5 2439
77 78 8 6 9804
80 79 10 4 435
92 90 2 8 204764
82 83 1 7 9762
83 91 10 3 143
91 90 7 4 176
90 93 8 2 16
93 94 4 6 3751
85 84 7 6 23629
84 86 10 4 353
84 87 2 4 171
86 87 3 8 174567
104 103 8 5 3579
148 147 3 6 3353
147 149 9 4 283
150 153 5 6 12552
150 151 7 7 91968
152 153 4 4 394
398 397 2 4 187
401 402 5 4 366
401 403 5 7 36108
406 407 8 6 19345
416 407 10 2 47
413 434 4 3 41
413 414 8 4 822
433 434 8 3 111
418 417 5 4 119
419 420 1 4 51
419 430 6 5 864
421 422 1 4 33
421 423 7 2 31
424 425 2 3 20
424 426 1 4 65
424 438 8 3 46
438 437 4 2 13
437 439 1 5 181
454 453 5 3 105
454 435 6 4 443
453 455 6 4 281
455 460 7 2 18
435 436 9 4 509
460 463 9 4 655
463 462 7 3 43
461 462 2 5 610
461 464 8 3 85
464 466 3 4 241
466 467 10 6 19725
452 451 9 7 52782
452 440 6 5 696
451 459 5 3 86
459 473 2 5 361
440 441 4 4 93
473 472 4 3 86
442 443 1 5 368
448 444 8 3 47
444 445 6 2 28
465 445 8 3 129
465 468 5 2 26
468 469 2 3 39
469 470 1 6 742
470 471 3 5 457
447 446 4 5 598
450 449 9 4 404
458 457 8 2 16
476 474 4 5 2376
476 477 10 5 1456
474 475 9 4 277
477 478 8 3 122
479 480 6 6 7384
284 177 3 4 185
391 291 7 4 301
397 161 10 5 5987
376 187 3 4 77
322 42 2 7 34791
399 318 1 4 44
463 89 7 5 1176
343 194 8 7 48931
437 265 9 6 18055
239 53 6 4 273
411 475 6 2 25
21 372 5 4 488
508 449 9 6 22424
24 51 5 5 1792
54 280 6 5 2671
261 73 7 5 1438
2 307 3 4 147
476 36 6 2 16
374 231 1 4 68
483 72 9 5 3643
188 248 2 7 11104
326 346 3 7 14825
458 449 7 7 164242
435 58 10 7 58553
225 130 8 5 5189
484 174 3 5 584
322 33 9 4 805
369 191 1 5 221
330 20 5 4 483
324 21 4 5 879
18 385 1 6 1854
252 297 10 1 11
7 178 7 8 1063456
30 43 6 3 130
397 191 8 3 118
450 80 4 3 24
458 335 3 2 15
171 48 3 3 32
485 267 9 4 447
104 136 4 5 2081
47 507 3 4 172
302 429 6 7 57842
424 132 3 2 9
55 69 9 5 3841
81 28 5 5 2722
346 114 4 4 262
84 284 3 4 333
57 44 10 4 614
112 358 7 4 165
103 252 8 7 55833
202 401 3 4 323
106 343 7 6 19925
297 285 6 3 78
47 27 5 6 7569
391 38 3 4 75
292 297 4 3 79
292 334 3 7 16346
149 56 3 3 34
56 464 3 4 248
252 487 3 5 506
491 427 6 3 97
112 439 6 4 451
62 365 6 6 12908
315 75 7 6 5643
445 373 9 3 74
373 228 9 2 37
459 103 1 6 1941
5 34 4 5 1231
357 412 4 6 7252
195 208 9 5 1493
362 282 6 3 82
282 132 2 4 226
292 358 6 3 104
130 16 3 7 70912
354 48 9 5 2093
329 398 2 5 628
107 143 4 5 1089
302 8 2 4 107
437 468 8 2 39
391 24 3 3 19
70 453 9 4 861
428 250 10 6 26814
427 93 8 3 73
235 500 9 5 3662
476 259 8 6 10534
140 144 3 5 484
373 167 2 4 144
413 463 5 4 138
100 419 5 5 592
67 49 5 2 15
148 127 9 6 7857
227 117 1 7 13124
147 283 10 2 18
464 193 5 5 776
281 305 8 6 13202
168 300 6 2 26
456 265 8 7 146850
74 34 7 3 134
228 497 10 4 233
84 178 6 3 55
47 339 9 5 1671
137 364 1 7 8940
419 487 6 3 129
497 260 1 4 100
432 171 6 4 605
104 329 5 2 13
16 90 5 7 172340
14 244 10 5 1688
56 483 10 5 1446
175 2 3 6 5535
151 442 2 7 35218
372 443 3 7 89912
460 285 10 4 317
372 171 6 2 14
267 357 9 6 16963
336 274 7 5 825
235 63 4 3 32
279 71 5 3 109
251 475 10 4 510
440 88 7 4 674
169 453 6 3 65
172 264 1 6 1878
51 471 3 5 409
503 172 2 6 2656
175 199 10 2 41
230 291 8 2 41
16 205 2 4 66
339 82 3 4 93
449 137 10 5 2972
119 372 9 6 39983
499 126 9 5 1064
485 290 2 4 166
181 127 7 4 549
505 298 7 4 684
290 489 8 4 218
34 249 4 6 4231
179 277 2 7 60201
440 73 7 2 15
343 395 3 7 24344
87 478 6 3 112
316 6 8 3 85
307 144 3 5 418
308 435 3 2 9
233 510 5 3 68
126 354 3 4 127
272 162 2 4 87
135 122 10 6 7711
365 389 6 4 300
235 479 6 5 690
125 110 4 5 1526
289 302 2 4 191
13 387 9 4 238
345 228 9 3 197
10 105 1 4 107
311 286 3 7 99775
126 229 6 3 69
286 221 5 4 142
171 11 3 4 102
172 342 1 3 10
245 407 1 10 348977853
63 188 3 6 13916
253 232 5 4 157
435 104 2 5 388
87 138 7 6 15008
30 432 9 4 649
476 53 6 4 427
107 103 4 3 38
409 12 10 3 55
344 183 1 4 98
440 85 8 1 6
210 133 2 5 846
45 192 1 5 625
352 234 8 2 17
354 440 3 3 33
28 170 10 4 342
281 2 4 7 49304
361 251 6 5 1229
35 364 9 2 36
433 81 4 3 86
281 159 10 3 70
495 148 1 3 10
316 239 8 6 22695
143 130 8 6 6164
26 136 5 6 12204
424 419 4 5 589
395 202 4 4 143
136 352 3 3 39
380 360 6 5 909
146 72 7 4 187
424 450 9 2 44
147 425 2 5 469
451 285 5 4 434
195 101 9 3 178
457 177 3 6 2645
81 208 5 2 23
182 200 10 6 28056
436 509 3 6 3712
29 18 3 5 466
149 453 2 5 496
330 473 5 4 158
73 53 2 3 17
340 196 4 4 396
256 444 4 4 108
270 428 9 3 52
407 87 9 5 1259
346 295 4 3 32
78 410 3 5 673
87 205 2 2 8
331 59 4 7 56888
45 83 6 4 161
411 217 4 4 91
262 497 4 5 673
267 226 2 7 66613
456 426 3 4 71
321 505 7 4 546
479 424 6 2 21
488 420 7 3 140
236 272 10 3 174
507 217 2 4 100
366 165 7 4 691
227 338 7 2 35
228 346 10 5 6387
488 324 8 6 38447
116 214 3 4 201
499 343 4 5 1723
155 118 10 2 21
480 256 8 5 1721
176 478 10 2 21
375 389 5 5 581
139 438 7 4 198
366 395 8 5 4434
42 36 8 7 124137
470 372 8 5 1557
127 490 9 4 951
407 209 6 5 1555
455 68 5 4 525
222 99 6 4 337
351 55 10 7 84898
418 87 1 4 113
254 89 3 5 1216
256 83 8 5 1621
225 147 8 3 52
73 89 10 3 101
376 270 7 7 195267
415 507 10 3 54
414 382 5 2 12
319 321 5 4 121
257 29 6 6 5733
312 374 4 3 75
43 150 9 4 317
82 423 6 5 3011
226 280 9 4 381
125 299 5 5 669
202 220 1 3 19
290 116 1 4 77
130 118 8 3 120
358 76 6 5 1366
243 500 2 4 163
163 155 4 3 38
445 227 2 7 70500
240 177 2 5 467
299 246 5 3 37
347 136 7 3 84
211 323 7 2 37
318 227 3 3 46
174 222 10 4 363
35 492 1 6 810
441 58 7 3 146
196 346 5 2 13
511 236 3 7 17720
485 390 8 5 3524
104 59 9 3 52
479 450 3 6 6578
138 5 1 3 7
37 172 6 3 85
138 363 4 4 313
242 4 9 4 286
482 154 3 5 358
149 188 9 3 63
99 460 4 4 285
425 450 8 3 75
357 26 4 4 137
161 115 7 4 534
381 37 3 3 31
132 19 5 3 107
187 142 9 4 287
491 238 5 6 4129
159 315 7 1 10
210 320 6 6 10739
412 304 3 3 17
455 221 3 4 73
206 67 10 6 34845
49 231 3 7 28923
148 56 5 5 2112
418 274 4 4 93
101 374 2 5 502
262 368 2 4 86
508 424 5 3 28
337 46 4 7 75418
509 305 9 4 215
204 60 5 2 22
96 195 4 5 2159
339 139 2 6 1502
437 348 3 5 551
121 269 7 3 123
246 328 10 7 67717
484 17 8 4 405
69 250 6 4 256
402 7 4 5 1420
129 389 7 6 30537
119 123 10 5 1975
197 210 1 6 938
363 165 8 6 8743
87 5 6 4 152
221 486 9 3 53
247 221 1 4 34
413 265 6 5 791
111 499 8 5 2170
448 258 9 4 430
49 166 2 3 32
110 115 4 4 114
26 425 8 1 6
72 204 1 7 4976
315 355 2 4 219
189 99 5 8 425015
509 155 2 8 94450
483 167 9 4 549
82 471 2 5 566
145 45 5 3 43
297 442 10 6 10047
55 250 1 6 1482
288 110 7 3 56
445 503 6 3 119
503 235 9 7 157935
332 103 10 2 23
489 487 7 3 75
127 123 1 5 249
358 357 8 6 12278
330 332 7 4 212
501 372 5 5 1010
253 133 3 5 374
78 174 4 5 1393
337 445 8 3 104
85 334 8 6 8184
498 277 8 7 89512
210 80 6 1 7
42 223 9 4 299
168 27 2 2 4
160 87 2 4 190
55 270 6 5 1844
36 223 4 1 7
314 10 8 2 41
410 213 10 6 17073
484 485 8 4 178
309 28 5 6 4138
10 219 1 4 25
69 297 1 4 83
18 402 6 5 1633
457 206 7 2 18
319 504 5 4 447
401 246 7 4 734
422 501 4 3 44
26 11 5 4 182
245 501 9 4 424
211 451 5 4 118
7 275 1 5 207
293 502 4 5 794
340 55 1 4 65
385 449 6 5 739
474 142 3 4 102
186 407 2 5 546
116 149 7 4 188
83 372 1 6 4554
228 281 2 5 808
265 65 7 3 106
230 241 6 6 16258
435 123 4 5 1708
288 386 4 2 15
497 427 9 2 26
452 23 2 5 507
256 360 9 7 173183
227 132 2 7 50216
352 378 1 6 2040
294 84 4 4 112
434 225 1 6 1322
26 289 7 6 10710
415 461 3 4 236
231 103 5 8 591062
58 371 4 5 685
109 176 6 8 840843
445 329 4 5 1056
255 165 3 4 330
219 451 6 6 29035
162 205 8 2 22
491 62 4 4 226
7 308 8 5 1105
18 332 7 4 289
76 390 2 7 44560
197 166 3 7 108575
235 507 4 1 7
116 328 5 2 20
197 207 2 5 279
109 115 1 5 261
412 293 3 6 2155
350 270 8 4 315
112 330 7 4 519
94 410 7 5 1600
244 108 8 3 88
430 322 7 6 16583
38 287 1 4 61
413 145 1 6 1053
132 195 10 5 4565
366 374 7 4 659
276 123 1 5 284
72 257 2 4 111
83 370 4 3 58
94 1 7 4 647
125 184 7 6 11180
322 156 9 4 246
427 192 5 5 637
107 214 3 4 106
399 122 7 5 865
121 386 1 4 44
219 414 1 4 89
430 401 10 1 15
363 468 10 3 182
209 498 10 5 1835
481 116 2 4 105
123 216 10 5 1299
377 330 2 6 7271
450 12 10 2 20
432 20 2 5 382
470 270 1 4 92
337 139 10 3 107
301 389 6 4 241
135 200 1 7 18075
159 50 3 6 7673
359 397 3 3 48
33 149 5 7 59005
136 288 5 3 96
413 16 8 3 86
463 182 3 4 70
198 105 4 5 2114
49 140 7 6 26247
33 261 9 3 154
305 456 7 3 74
349 1 4 3 30
504 327 6 5 885
286 335 4 4 302
283 48 4 5 835
60 394 8 5 1019
227 316 10 3 63
436 460 9 3 157
88 61 4 3 48
100 508 4 5 477
477 260 3 5 1355
153 235 4 5 2151
315 224 10 2 18
418 362 8 5 2047
349 509 9 4 368
35 59 1 6 1088
77 252 5 4 129
461 97 2 7 17720
411 182 3 4 336
509 70 6 4 228
184 381 2 4 109
316 475 3 4 182
199 51 2 7 76784
239 85 6 4 199
495 137 5 4 209
178 75 6 6 14711
49 269 9 2 25
473 106 7 4 495
276 111 9 4 557
441 332 6 6 4958
205 450 9 2 21
65 173 4 3 60
154 383 1 5 498
63 404 4 4 101
171 161 3 3 19
118 224 9 3 51
435 190 9 6 14470
108 470 2 5 987
463 209 8 3 71
147 93 3 4 82
120 408 6 2 25
370 455 2 5 646
238 401 2 5 559
376 455 7 3 56
468 266 8 7 115358
282 469 1 7 22802
200 118 2 5 951
239 435 10 3 160
29 477 3 3 36
183 3 3 5 2035
232 241 2 3 28
160 491 5 6 8908
384 176 4 4 97
303 407 4 4 309
244 2 3 2 9
90 477 6 2 12
269 160 10 3 132
9 255 6 4 208
500 323 4 6 12526
226 17 7 4 159
162 100 1 6 1259
442 354 9 2 27
254 56 1 3 16
177 70 2 3 11
283 413 2 5 251
467 303 1 4 42
506 52 2 6 2539
402 315 3 4 107
44 66 4 5 2170
205 376 4 4 270
78 375 8 3 62
45 468 2 5 295
300 11 5 4 244
288 143 8 6 32503
238 91 10 1 12
423 101 1 5 119
159 455 9 3 117
46 77 3 4 113
438 456 4 4 188
168 438 10 4 306
228 205 7 3 146
60 109 6 4 291
97 31 7 1 9
56 135 9 6 36939
215 138 10 3 204
305 446 5 3 107
195 390 8 6 8757
181 508 2 5 242
511 454 7 2 15
388 279 10 6 11290
13 343 10 3 78
132 121 9 3 91
420 165 5 8 333768
279 398 6 6 6402
334 466 3 5 1792
76 96 7 2 15
397 429 2 6 6543
271 172 10 6 6949
297 357 7 1 9
398 305 6 5 801
266 449 3 6 6666
380 322 5 5 837
511 252 10 6 30598
412 136 6 6 7636
273 453 8 3 64
440 111 5 5 602
88 261 6 5 1663
40 321 8 4 723
221 370 7 6 26891
200 348 3 5 898
141 425 3 3 16
461 442 8 4 904
496 325 9 3 102
504 467 2 3 13
148 320 5 4 151
274 53 10 4 399
133 312 1 2 5
166 318 4 3 23
326 491 6 4 667
131 60 3 3 33
336 448 8 6 7624
392 136 6 4 401
64 75 7 5 1041
211 433 5 4 560
405 393 10 5 5454
415 14 1 4 82
475 69 6 3 86
125 335 1 7 33932
481 214 8 7 88556
125 1 9 5 2640
345 352 2 6 5274
511 191 8 6 10179
398 405 8 4 408
204 231 1 4 32
61 220 1 5 324
359 498 3 4 272
413 159 6 4 534
4 62 10 4 551
458 351 9 4 257
218 325 5 6 7780
184 488 4 6 2798
131 327 8 2 38
29 210 6 5 1623
74 138 2 5 534
48 333 1 5 681
110 339 6 3 81
408 186 7 3 63
340 441 5 4 283
251 446 4 5 1250
31 254 1 6 4164
336 79 5 2 12
111 375 4 4 259
199 351 8 2 38
258 429 1 6 1214
503 484 7 2 36
152 452 2 6 1543
247 166 6 7 65117
460 442 2 5 680
81 489 8 3 65
91 476 7 4 790
202 449 10 4 766
137 230 3 3 19
147 127 1 4 78
229 424 5 6 4352
462 27 4 7 20695
387 140 1 4 33
322 160 10 3 174
177 218 4 5 956
53 275 10 2 43
268 37 7 3 47
330 88 6 9 10397030
107 462 6 3 54
508 252 1 7 17204
343 78 9 2 31
385 88 1 4 52
403 66 6 4 334
424 490 10 4 476
266 293 8 5 4707
177 182 8 5 3237
149 4 6 4 244
423 324 9 4 415
504 180 2 5 592
457 115 9 3 161
493 85 10 2 40
257 240 1 7 11372
470 36 5 3 51
179 507 9 3 77
473 504 10 5 1572
125 304 1 6 1191
363 434 10 3 120
175 87 5 4 193
183 464 2 6 3128
186 482 5 6 4325
146 458 4 6 8241
51 209 6 5 2870
413 464 6 4 512
331 130 3 4 99
194 161 1 7 12897
345 204 4 5 2571
342 194 5 4 214
10 115 8 5 5059
160 432 2 4 164
215 229 9 3 94
484 191 5 7 132399
41 250 9 3 50
339 86 6 6 8087
244 91 7 4 557
61 236 3 5 588
190 394 7 3 51
125 6 4 5 915
508 205 1 4 113
248 408 10 4 288
411 280 8 4 332
262 392 1 5 660
400 392 9 4 252
386 265 1 4 50
174 34 1 6 1359
96 121 3 2 9
263 96 8 4 438
410 447 4 2 9
306 460 5 2 10
191 279 8 5 2404
35 83 8 4 288
192 242 1 7 9070
369 247 2 5 311
350 153 3 5 814
479 274 7 4 579
26 418 2 5 292
301 269 9 5 3771
390 181 7 4 371
316 65 5 4 544
85 146 2 4 60
356 361 8 3 45
241 163 1 6 1485
284 239 6 5 3718
364 384 3 6 4812
70 284 9 6 9593
248 479 4 4 190
483 142 8 6 12610
38 189 6 3 45
407 298 3 4 153
285 240 4 5 486
22 131 5 4 321
427 98 10 4 922
293 274 7 5 3969
119 489 7 6 5578
332 489 2 4 162
283 245 2 2 10
358 491 2 4 69
283 272 2 6 2596
162 72 2 5 1007
207 259 9 5 1060
246 89 4 4 220
359 59 1 5 304
71 492 8 7 61107
39 234 4 3 67
297 212 4 3 59
256 326 1 8 95649
400 423 2 3 18
418 165 9 5 2688
461 334 5 5 1933
451 500 10 5 5330
63 480 3 5 871
276 339 6 2 14
141 172 7 4 400
299 64 7 3 107
93 402 8 7 111348
90 165 8 5 5059
433 169 2 4 192
445 468 1 5 280
367 36 8 8 644178
375 508 5 6 20744
225 288 6 5 1878
82 296 7 3 38
156 481 5 4 337
366 8 9 3 129
100 420 5 6 9089
264 109 6 3 64
92 14 8 3 137
134 35 2 6 9698
414 441 6 4 595
187 57 3 6 13590
42 133 3 3 30
473 266 2 4 69
458 119 6 3 92
192 360 8 6 20419
94 81 4 2 15
216 13 6 8 1083862
76 173 4 5 628
120 454 8 2 34
343 60 10 6 20383
192 460 2 5 271
184 465 4 6 6052
69 61 8 4 560
487 247 10 4 447
266 308 5 5 2951
423 257 6 5 1104
421 192 2 3 35
143 98 8 5 988
89 380 8 7 311205
228 398 7 4 199
312 208 7 4 425
51 506 5 4 177
373 53 10 3 193
494 121 3 6 2432
329 228 9 4 799
86 229 7 5 2424
476 119 5 4 326
76 148 4 7 76299
58 21 9 1 11
443 33 9 4 321
233 353 5 4 421
141 25 6 4 406
195 58 9 4 239
287 178 7 2 13
181 421 7 4 737
419 33 5 2 26
386 116 7 3 153
163 39 3 3 32
185 33 7 6 6589
185 471 3 3 50
186 5 7 5 3976
452 308 5 3 32
382 35 7 4 550
172 211 4 5 522
260 59 7 4 706
333 111 3 5 1880
57 59 2 4 52
202 115 4 5 1378
141 195 8 3 86
510 426 7 4 786
444 365 8 4 449
39 406 2 3 26
115 421 5 4 204
317 45 6 6 12401
161 54 10 2 39
459 283 5 4 200
299 249 7 7 263314
3 507 8 4 380
229 428 6 4 294
29 73 10 3 168
330 30 5 5 916
398 118 2 10 9899965
223 402 8 4 444
158 29 3 5 1736
235 346 5 4 228
361 212 1 5 559
112 326 5 6 19820
345 235 9 4 260
358 223 10 4 325
86 283 8 2 21
467 161 8 3 86
473 223 5 2 10
29 209 4 3 25
376 243 2 6 9414
72 50 4 5 687
349 439 7 6 26811
308 170 2 3 32
140 271 7 3 60
279 3 4 4 91
207 34 5 4 157
32 332 7 3 118
149 170 8 9 5778075
183 54 1 4 25
325 171 6 5 2243
91 163 5 4 286
40 473 10 3 76
363 384 4 3 48
268 451 9 3 147
399 15 4 4 330
356 368 5 5 1608
486 70 3 7 74245
105 340 7 5 987
435 24 1 4 30
508 242 10 7 227931
417 254 2 4 131
386 441 6 5 1845
89 423 1 5 336
390 24 6 3 109
504 122 5 6 4364
186 208 10 6 24653
70 485 10 1 15
165 337 5 3 77
18 30 3 6 3798
169 36 4 3 42
212 392 8 4 653
248 453 4 4 441
169 310 9 5 1188
495 378 10 2 22
241 469 2 6 1895
179 231 2 2 10
119 322 5 4 137
411 311 6 4 149
227 258 2 9 1031050
160 45 4 5 1130
463 202 3 6 2237
208 153 7 4 259
140 420 5 3 52
198 185 1 4 97
154 510 10 2 46
314 121 4 3 61
251 401 6 5 1955
100 409 5 3 62
112 412 3 4 72
28 505 1 6 3216
296 137 4 4 167
495 323 2 4 98
43 180 1 6 794
159 171 6 6 5891
109 281 7 4 196
232 145 6 3 46
381 27 8 5 3025
140 401 10 4 1058
103 320 10 5 2394
86 459 4 5 876
489 382 4 4 348
185 52 8 3 112
127 172 4 6 3767
456 357 6 1 8
355 326 8 4 638
9 219 8 3 116
160 508 8 3 164
303 177 9 6 6260
463 456 4 3 59
163 224 6 3 83
233 28 8 6 7274
142 354 7 4 741
269 336 5 3 71
258 44 8 7 59114
341 396 7 3 146
436 81 4 7 38231
232 130 4 4 148
60 340 3 6 7947
145 318 6 4 141
487 498 4 4 185
165 470 8 3 96
123 193 5 4 361
128 495 10 6 12845
465 349 2 6 3568
146 365 3 6 2529
425 335 10 5 1746
425 197 5 5 689
9 241 4 3 69
128 424 3 6 8671
140 125 9 4 370
143 503 9 3 79
109 200 8 3 155
100 10 3 5 1195
358 496 10 7 180896
42 454 4 5 2736
463 107 6 3 42
239 177 6 3 48
511 267 8 4 276
498 163 6 4 463
281 392 2 4 223
436 508 5 3 61
270 121 10 5 2479
289 495 9 3 135
327 260 4 6 6970
288 510 10 1 10
13 86 5 3 30
484 104 3 3 20
76 320 1 6 1430
34 270 10 4 533
417 262 4 7 36528
339 117 8 3 46
310 380 7 2 15
112 259 2 5 371
26 406 10 2 33
255 223 6 4 365
45 291 8 3 176
225 344 5 4 201
440 106 3 4 115
143 484 10 2 38
354 419 9 6 24071
419 206 9 7 75669
119 339 3 4 140
226 436 7 4 354
439 497 1 6 4159
194 26 9 6 7643
100 262 2 6 1828
77 56 3 3 27
391 338 8 3 109
197 35 2 7 73825
505 417 4 3 23
508 260 4 5 900
134 480 1 5 135
209 492 4 4 333
463 286 6 6 4745
121 55 6 5 3259
94 58 5 7 98737
174 474 1 6 1999
131 54 10 4 910
164 145 1 3 13
288 487 4 5 492
310 363 1 4 112
79 402 8 5 2822
178 332 5 4 258
3 218 2 4 59
70 382 4 4 340
331 321 7 3 122
357 509 10 4 828
187 274 3 4 237
179 105 5 6 13950
292 415 4 4 420
153 385 3 2 11
98 383 2 3 25
250 191 6 2 29
80 417 3 6 2164
165 178 7 4 533
296 247 5 4 188
66 366 10 1 6
185 205 8 3 77
39 301 2 5 237
495 509 3 4 79
324 396 9 4 574
484 215 8 3 97
461 40 6 4 363
468 365 7 4 404
421 91 9 4 600
478 225 7 4 728
259 305 6 4 279
64 82 3 4 223
357 475 4 5 703
89 270 10 5 2479
296 90 10 1 11
428 311 3 4 140
473 126 6 3 61
348 165 3 4 89
245 192 6 5 1299
53 264 7 5 1188
252 453 8 3 118
13 167 2 3 34
245 367 8 3 60
65 488 1 7 12701
178 501 7 4 509
55 321 5 7 66773
217 504 5 6 13179
280 176 4 5 703
472 426 2 5 976
260 434 9 6 15319
54 13 8 4 238
118 10 4 3 86
164 315 5 5 989
203 425 9 5 2163
460 428 3 3 61
106 164 4 9 3042780
342 261 8 3 163
343 26 2 3 14
188 194 9 5 3345
501 128 8 5 1311
265 301 4 4 90
106 340 3 5 421
449 100 3 4 84
25 280 2 7 18279
