1 2 8 5 4288
1 47 7 5 914
2 31 9 4 325
2 35 8 3 175
2 406 5 2 10
3 4 9 6 11623
3 5 8 2 31
3 26 4 4 209
5 57 9 5 1154
15 16 2 4 190
15 36 1 3 14
16 25 5 7 194248
17 18 1 5 626
17 36 2 4 64
18 33 6 3 42
19 20 9 3 55
19 21 1 4 50
20 142 4 5 1842
20 148 3 5 954
21 22 1 7 8414
22 23 2 9 3155512
23 24 7 4 229
24 25 1 5 524
24 28 7 4 336
26 27 9 2 20
27 29 6 3 34
27 30 9 2 28
28 29 4 5 2386
31 33 7 6 5727
32 33 10 2 49
32 34 3 6 14261
32 69 9 2 47
34 35 2 9 2681444
34 73 8 5 2455
36 37 7 3 137
36 75 10 6 13877
37 52 8 3 137
37 43 8 5 2189
46 47 1 4 78
47 448 1 5 207
52 67 7 3 113
53 54 5 5 588
53 59 1 5 364
53 418 4 2 16
54 163 1 5 123
55 56 6 3 36
55 59 5 3 32
56 57 1 6 1257
56 66 10 7 80434
58 59 4 5 993
58 60 7 5 830
58 199 2 3 12
58 458 7 4 737
60 63 2 5 298
63 225 6 5 1472
64 65 2 5 759
64 66 8 4 800
65 67 6 5 1309
69 70 6 4 415
70 71 1 4 42
71 101 1 5 661
72 73 1 7 7893
72 101 9 5 1097
73 76 4 3 39
73 77 7 4 330
96 97 1 5 310
96 111 9 4 235
97 101 1 4 67
98 99 10 6 10959
98 100 7 3 71
99 138 1 6 1163
100 116 3 4 293
105 106 3 5 1428
105 111 3 3 31
106 107 1 6 2454
107 108 5 6 4853
111 114 5 4 218
113 114 3 6 10066
113 116 1 5 388
115 116 3 4 135
115 409 2 4 68
118 119 8 5 923
119 138 2 6 1818
120 121 7 4 287
120 122 4 5 804
120 304 3 3 41
121 296 1 4 61
122 123 9 4 231
122 124 5 3 64
124 125 8 3 46
134 135 3 4 175
134 332 9 5 4396
135 136 4 2 15
135 137 3 7 95208
137 139 1 4 88
139 140 6 4 289
139 141 10 4 715
139 399 4 4 199
141 400 1 4 30
154 155 9 5 1723
154 156 2 6 2324
154 172 9 4 847
155 168 7 4 167
156 157 3 6 9278
156 171 3 5 624
157 158 8 3 44
158 159 8 3 123
158 177 6 4 336
159 160 8 4 686
159 161 9 3 139
159 196 5 3 38
161 162 2 5 385
161 197 8 2 30
163 164 8 4 496
164 165 5 3 71
165 166 7 6 5453
165 104 6 4 533
166 167 7 1 12
167 168 4 5 870
169 170 2 6 5740
169 171 10 8 806525
169 174 7 3 143
170 172 2 5 302
170 173 9 2 29
170 419 7 5 1390
171 178 4 3 48
173 174 6 5 1661
174 179 4 3 65
175 176 5 4 484
176 214 4 5 502
177 178 1 6 2192
177 191 8 4 324
178 421 6 3 91
179 192 9 6 10139
180 181 3 6 2485
180 208 8 4 208
181 192 7 3 85
182 183 5 5 1281
182 184 6 6 22735
184 185 10 2 20
184 208 1 6 2177
185 186 5 3 42
185 207 1 8 61945
186 187 5 2 25
186 230 2 7 13718
187 188 6 5 2844
187 193 9 2 40
188 189 3 5 515
188 191 1 6 1103
189 190 9 5 6237
189 191 10 8 2173157
193 194 2 5 454
193 217 10 4 1069
194 195 5 4 132
194 217 9 2 31
195 196 4 6 5156
195 216 10 3 148
196 197 4 3 55
196 476 7 3 103
197 216 4 4 170
198 199 8 5 4017
198 221 10 6 25958
199 200 10 5 2924
200 10 1 5 182
201 202 6 1 6
201 203 5 3 38
201 351 1 4 24
202 213 5 2 10
203 204 8 5 1222
203 205 4 4 122
205 206 2 4 120
205 231 2 5 462
205 360 2 7 40913
206 207 2 4 49
206 232 5 7 25985
207 233 4 5 598
208 209 2 3 15
210 211 8 1 11
210 212 4 6 3542
211 215 2 4 127
212 213 5 4 304
212 342 3 4 73
213 340 5 5 800
214 215 8 2 23
216 219 2 6 3436
217 218 2 5 896
218 222 3 6 11401
219 220 8 8 688216
220 221 5 7 83706
220 222 2 4 57
222 226 10 3 90
223 224 3 6 2784
223 225 9 5 1052
223 7 6 4 277
224 229 1 4 34
227 228 10 5 1619
227 229 6 2 21
227 272 9 2 38
228 230 9 8 958112
229 401 6 6 10955
231 281 3 3 20
232 265 6 3 71
233 264 3 5 382
233 150 3 5 829
234 235 3 3 53
234 278 9 4 429
236 237 2 6 2401
236 280 8 1 8
237 238 4 4 264
237 239 4 4 174
239 240 10 3 80
240 241 1 3 16
241 243 3 5 341
241 442 3 5 799
242 243 9 4 700
242 244 2 3 23
242 314 10 3 108
242 80 5 5 648
243 293 5 5 984
244 247 1 4 111
245 246 1 4 31
245 247 1 8 40818
247 248 6 3 87
248 249 1 4 51
249 250 4 4 398
249 312 5 6 4730
250 251 5 5 1409
250 321 5 5 632
251 252 8 4 349
252 253 7 3 103
252 327 1 4 54
252 301 10 4 380
253 254 7 3 49
253 277 7 6 6838
253 266 1 4 42
254 255 3 5 815
254 256 6 6 4605
256 257 4 4 93
257 258 7 4 296
257 259 10 3 102
260 261 8 6 7285
260 262 6 7 74331
260 263 9 3 124
263 264 10 5 3448
263 479 3 5 1334
266 267 7 5 2167
267 268 8 5 5477
267 299 3 4 301
268 269 8 5 1658
269 270 4 5 2504
269 294 2 6 4345
270 271 4 5 1780
271 295 10 5 1980
271 133 9 1 4
272 273 1 5 327
272 274 2 5 336
274 275 9 7 164743
275 276 1 5 257
275 277 10 1 17
275 291 5 4 291
278 279 5 3 83
278 282 5 3 74
279 280 8 8 541880
280 287 7 5 1366
281 289 4 6 6958
282 288 5 1 8
283 284 3 6 5189
283 285 6 7 35070
283 305 5 7 54232
284 290 2 3 39
284 365 10 5 6490
285 286 2 4 55
285 306 4 5 685
286 287 6 6 8016
286 306 6 1 8
286 452 3 4 118
287 293 2 5 1034
288 289 9 5 2975
289 290 8 2 42
291 292 3 4 79
297 298 10 6 12232
297 454 9 4 700
298 299 5 6 6921
300 301 10 4 493
300 302 3 3 29
302 303 3 5 905
302 304 4 4 282
302 330 2 4 74
305 306 3 5 1080
305 308 9 6 8317
306 308 10 5 3952
307 308 3 4 231
307 309 3 4 303
309 310 8 3 73
309 338 8 3 65
309 379 5 7 65634
310 311 4 1 7
310 85 4 2 19
311 312 5 9 5390664
313 314 4 6 9295
315 316 1 8 312558
315 317 4 6 3522
315 499 7 3 99
316 334 9 3 76
316 398 6 5 892
317 318 1 3 21
317 503 4 5 903
318 319 1 6 1868
318 502 10 3 128
318 510 2 8 503609
319 320 4 4 163
320 333 10 3 62
321 322 9 3 153
322 323 1 5 558
322 325 9 6 20584
322 333 10 1 13
323 324 6 3 85
325 326 10 4 412
326 328 6 3 81
327 328 10 6 20134
328 329 5 2 16
328 495 9 2 26
329 330 9 3 50
329 331 6 2 12
331 332 8 5 2322
331 489 10 4 226
332 481 3 4 140
333 493 2 5 275
334 335 10 6 29491
336 337 8 4 260
336 500 6 4 325
337 338 1 5 143
337 382 8 5 1552
338 339 7 4 233
338 377 6 3 37
340 341 1 7 5246
340 349 4 5 794
340 354 6 4 487
341 343 3 5 771
342 343 7 4 446
344 345 8 3 153
344 346 5 4 115
344 385 5 7 34611
346 347 4 5 903
347 348 7 4 194
347 387 4 3 34
348 349 9 3 65
348 386 7 3 56
350 351 8 3 46
350 359 2 4 95
350 13 6 4 400
351 352 7 6 12729
352 353 3 6 7398
352 356 9 3 69
353 354 4 7 125511
354 355 2 3 25
355 356 6 4 423
356 357 7 4 441
358 359 1 5 121
358 361 3 5 455
358 362 8 1 11
358 360 10 2 18
358 92 1 5 207
360 413 7 3 106
361 388 10 3 66
362 367 5 4 176
363 364 5 4 160
363 365 9 1 15
363 370 4 3 22
364 395 6 4 320
365 366 1 3 8
365 371 5 3 49
366 144 10 7 81566
367 368 2 5 545
367 369 4 5 2584
370 380 4 5 1181
371 372 4 3 51
371 373 4 5 618
371 374 10 4 249
375 376 2 6 3344
375 383 3 3 48
376 384 7 3 47
377 378 6 5 2577
377 381 5 7 122544
378 384 1 5 209
381 383 1 3 22
382 496 2 6 6422
383 384 3 3 54
388 389 8 3 82
388 392 3 6 13324
389 390 7 5 1688
390 391 6 6 10624
392 393 2 4 149
392 394 8 2 25
395 396 4 3 65
399 411 2 6 2971
400 405 3 4 259
404 405 3 4 72
404 412 2 5 1034
405 89 3 5 892
408 409 7 2 27
411 412 2 5 347
411 415 4 5 1206
411 482 8 4 645
412 415 1 3 7
415 427 8 1 12
415 487 7 3 97
427 428 3 3 35
427 431 7 1 10
427 487 2 7 28110
427 424 5 4 143
428 429 2 4 58
428 432 2 2 8
481 482 2 7 28400
482 488 3 5 354
483 484 3 4 105
483 485 8 1 9
484 492 1 6 1517
485 486 2 3 13
486 487 8 3 62
489 490 2 4 48
490 491 3 6 5763
490 492 10 1 8
493 508 7 2 16
494 495 6 6 7852
494 507 5 5 695
496 497 8 2 31
496 62 2 5 239
497 498 4 6 6998
497 499 6 4 316
499 501 1 4 82
501 447 4 5 987
502 511 4 5 1776
503 450 4 6 4854
504 505 3 4 105
504 506 2 4 91
505 508 7 4 447
505 509 5 5 1882
506 507 10 4 939
509 510 5 8 1181181
509 511 2 3 32
7 8 3 5 1408
7 6 3 5 1465
10 9 1 6 1154
10 11 5 5 660
13 12 10 3 68
12 14 8 5 2490
144 38 2 6 2550
144 145 1 7 14848
38 39 2 5 233
89 68 3 4 247
89 88 5 5 596
68 40 6 7 63818
68 102 3 7 30623
40 41 6 3 76
40 81 2 4 64
102 50 3 4 158
50 51 7 3 80
41 95 5 3 40
81 146 3 3 45
95 456 10 6 31134
95 143 8 5 1206
95 146 10 4 223
146 410 6 4 165
43 42 9 2 35
133 130 8 4 663
128 117 4 4 173
128 132 8 1 13
117 129 8 6 33857
117 110 8 5 974
132 130 2 5 378
129 127 7 4 410
127 44 2 3 26
130 131 1 6 1251
44 45 10 8 1459391
110 109 7 5 1135
110 126 6 4 232
109 112 9 5 1070
62 49 5 4 249
62 61 9 4 327
48 49 9 4 677
75 74 7 2 36
77 78 8 2 32
80 79 8 3 142
92 90 9 7 217998
82 83 6 4 261
83 91 4 5 838
91 90 6 5 837
90 93 10 5 2483
93 94 3 4 97
85 84 9 4 497
84 86 3 3 21
84 87 1 7 7898
86 87 2 6 5613
104 103 6 3 69
148 147 7 5 1675
147 149 3 3 23
150 153 6 6 12713
150 151 5 3 66
152 153 1 4 23
398 397 4 5 1422
401 402 4 5 2185
401 403 9 4 217
406 407 2 5 901
416 407 8 3 105
413 434 5 5 2731
413 414 5 3 62
433 434 4 4 123
418 417 9 3 147
419 420 5 3 50
419 430 3 5 396
421 422 3 5 392
421 423 4 2 16
424 425 9 4 421
424 426 7 6 5594
424 438 7 7 46441
438 437 5 6 6591
437 439 2 4 160
454 453 8 5 2090
454 435 3 5 1317
453 455 4 4 201
455 460 1 7 8773
435 436 1 6 934
460 463 1 3 13
463 462 9 2 41
461 462 9 2 47
461 464 10 3 184
464 466 6 5 2750
466 467 8 4 269
452 451 4 5 688
452 440 7 4 161
451 459 10 4 271
459 473 6 4 262
440 441 6 6 8071
473 472 8 6 14893
442 443 8 3 77
448 444 1 5 287
444 445 2 5 534
465 445 9 4 453
465 468 5 3 40
468 469 3 6 2539
469 470 3 7 40275
470 471 3 3 49
447 446 1 3 8
450 449 8 2 21
458 457 7 5 1906
476 474 7 4 289
476 477 2 5 250
474 475 2 1 3
477 478 6 2 20
479 480 7 3 47
284 177 10 1 15
391 291 3 4 77
397 161 4 3 26
376 187 2 7 11131
322 42 10 4 816
399 318 3 2 15
463 89 2 4 154
343 194 5 2 19
437 265 4 4 259
239 53 8 4 220
411 475 6 4 193
21 372 5 4 199
508 449 2 5 814
24 51 8 4 224
54 280 10 4 445
261 73 2 5 607
2 307 9 4 771
476 36 7 3 42
374 231 3 3 47
483 72 5 2 24
188 248 3 4 232
326 346 6 4 292
458 449 10 4 319
435 58 6 5 1225
225 130 10 4 625
484 174 5 3 31
322 33 10 6 9838
369 191 5 5 952
330 20 5 5 1173
324 21 9 4 451
18 385 6 4 138
252 297 10 5 1929
7 178 8 6 24250
30 43 7 3 105
397 191 2 6 4525
450 80 9 3 142
458 335 4 6 3355
171 48 9 4 443
485 267 8 4 782
104 136 6 5 2994
47 507 8 1 7
302 429 7 2 36
424 132 1 3 14
55 69 7 5 1538
81 28 8 6 15223
346 114 2 4 138
84 284 5 4 414
57 44 10 3 142
112 358 3 9 2401646
103 252 7 4 189
202 401 2 3 37
106 343 6 5 722
297 285 4 3 45
47 27 9 3 90
391 38 8 4 254
292 297 2 6 2387
292 334 6 3 68
149 56 4 6 14867
56 464 7 3 73
252 487 8 3 92
491 427 8 3 50
112 439 2 4 127
62 365 3 4 91
315 75 10 5 1463
445 373 8 5 3759
373 228 3 4 129
459 103 6 1 9
5 34 10 6 14885
357 412 1 5 247
195 208 9 3 80
362 282 4 2 8
282 132 6 5 787
292 358 3 3 33
130 16 9 6 24918
354 48 6 6 7413
329 398 10 3 111
107 143 8 4 698
302 8 8 4 567
437 468 4 4 158
391 24 1 5 512
70 453 3 6 7416
428 250 5 3 54
427 93 2 5 984
235 500 5 5 1300
476 259 10 4 320
140 144 8 3 61
373 167 3 4 116
413 463 4 4 117
100 419 7 4 318
67 49 5 4 207
148 127 8 4 349
227 117 3 5 972
147 283 10 5 1452
464 193 5 4 111
281 305 1 6 1320
168 300 1 3 22
456 265 6 2 22
74 34 3 3 23
228 497 2 6 2147
84 178 9 3 73
47 339 2 6 1865
137 364 4 6 4141
419 487 3 7 34044
497 260 2 7 68588
432 171 3 8 455867
104 329 2 6 2698
16 90 9 4 470
14 244 5 4 487
56 483 6 3 49
175 2 6 4 601
151 442 8 4 204
372 443 8 5 1656
460 285 5 3 49
372 171 2 7 19544
267 357 9 2 18
336 274 7 4 220
235 63 8 1 13
279 71 9 1 13
251 475 2 2 10
440 88 8 4 232
169 453 9 4 259
172 264 1 7 31990
51 471 6 4 215
503 172 1 5 114
175 199 10 3 95
230 291 2 6 9489
16 205 6 2 21
339 82 10 4 434
449 137 5 5 1418
119 372 1 5 265
499 126 9 5 1686
485 290 5 7 183861
181 127 7 4 249
505 298 2 3 25
290 489 3 5 531
34 249 6 2 17
179 277 9 5 4023
440 73 10 5 1897
343 395 3 4 102
87 478 1 4 47
316 6 2 5 242
307 144 1 3 13
308 435 5 2 24
233 510 1 5 465
126 354 8 3 59
272 162 3 3 19
135 122 8 2 33
365 389 8 6 14035
235 479 8 4 398
125 110 10 4 527
289 302 10 4 759
13 387 9 1 7
345 228 3 4 212
10 105 6 2 23
311 286 3 8 233342
126 229 6 5 1618
286 221 4 5 560
171 11 9 7 57757
172 342 7 6 5417
245 407 3 5 685
63 188 4 4 442
253 232 6 6 24234
435 104 4 1 4
87 138 6 5 1095
30 432 8 3 76
476 53 8 5 1097
107 103 10 3 108
409 12 7 4 418
344 183 2 5 1313
440 85 1 7 20615
210 133 10 1 17
45 192 5 7 38911
352 234 7 3 91
354 440 5 3 103
28 170 10 1 17
281 2 2 5 650
361 251 6 3 123
35 364 9 5 2621
433 81 8 3 162
281 159 8 3 150
495 148 1 6 1849
316 239 1 6 1855
143 130 7 6 24847
26 136 6 6 4269
424 419 1 4 30
395 202 2 5 798
136 352 9 4 763
380 360 4 5 577
146 72 8 3 68
424 450 3 4 110
147 425 6 4 166
451 285 10 5 1211
195 101 2 4 134
457 177 7 3 69
81 208 2 5 400
182 200 1 5 202
436 509 4 4 307
29 18 6 6 13009
149 453 1 7 23472
330 473 3 5 806
73 53 10 3 219
340 196 9 5 1861
256 444 10 6 32757
270 428 2 8 197550
407 87 8 4 453
346 295 8 5 1660
78 410 2 3 19
87 205 4 2 15
331 59 10 4 242
45 83 5 5 1055
411 217 7 3 90
262 497 2 4 79
267 226 3 3 42
456 426 2 3 20
321 505 2 4 158
479 424 9 2 34
488 420 8 6 7882
236 272 9 6 18363
507 217 6 4 267
366 165 5 4 166
227 338 2 4 170
228 346 8 5 1027
488 324 3 2 15
116 214 1 5 694
499 343 7 2 28
155 118 8 4 405
480 256 8 4 235
176 478 8 4 627
375 389 4 4 114
139 438 4 4 157
366 395 8 4 515
42 36 8 4 430
470 372 2 4 72
127 490 2 7 71225
407 209 2 4 142
455 68 4 6 17989
222 99 1 3 15
351 55 4 2 11
418 87 5 4 143
254 89 2 3 18
256 83 5 6 24426
225 147 6 5 1085
73 89 3 5 451
376 270 9 6 13191
415 507 8 2 25
414 382 4 4 154
319 321 8 6 12881
257 29 6 4 135
312 374 7 2 28
43 150 7 6 6412
82 423 9 8 1695692
226 280 5 2 13
125 299 10 3 213
202 220 10 7 185898
290 116 9 5 1477
130 118 1 7 32919
358 76 5 5 1389
243 500 6 3 76
163 155 5 3 33
445 227 9 5 1296
240 177 6 4 548
299 246 1 4 63
347 136 5 4 113
211 323 5 5 1133
318 227 1 5 486
174 222 9 5 1063
35 492 2 4 120
441 58 5 3 89
196 346 3 5 487
511 236 1 5 201
485 390 5 4 142
104 59 10 3 69
479 450 3 4 77
138 5 3 3 51
37 172 8 1 10
138 363 2 5 306
242 4 3 3 43
482 154 10 1 15
149 188 3 4 237
99 460 8 3 80
425 450 3 5 361
357 26 6 4 207
161 115 10 4 613
381 37 5 3 38
132 19 9 4 451
187 142 4 3 57
491 238 8 3 59
159 315 5 4 203
210 320 4 4 228
412 304 7 6 8946
455 221 10 4 573
206 67 5 5 649
49 231 7 4 234
148 56 8 5 1523
418 274 6 4 638
101 374 2 4 102
262 368 10 4 437
508 424 6 4 213
337 46 4 5 1521
509 305 10 4 504
204 60 6 4 321
96 195 9 4 641
339 139 9 3 102
437 348 4 6 6082
121 269 2 4 103
246 328 5 4 142
484 17 9 3 53
69 250 3 9 1199874
402 7 8 7 112060
129 389 5 4 131
119 123 5 4 181
197 210 7 5 1273
363 165 10 4 310
87 5 7 3 50
221 486 5 7 43845
247 221 9 3 76
413 265 10 4 316
111 499 8 4 872
448 258 5 3 105
49 166 8 3 80
110 115 3 5 527
26 425 3 3 53
72 204 3 7 15076
315 355 9 3 87
189 99 1 5 130
509 155 6 7 33562
483 167 8 3 60
82 471 4 2 16
145 45 5 7 41016
297 442 10 3 126
55 250 3 5 1386
288 110 1 5 143
445 503 1 4 35
503 235 5 3 109
332 103 6 3 67
489 487 8 6 11511
127 123 6 2 30
358 357 5 4 138
330 332 4 6 9166
501 372 5 4 164
253 133 10 4 464
78 174 3 4 81
337 445 3 4 216
85 334 6 5 983
498 277 9 5 1311
210 80 9 6 20405
42 223 7 5 999
168 27 3 3 56
160 87 3 4 106
55 270 4 3 82
36 223 4 5 1577
314 10 9 5 2276
410 213 6 2 20
484 485 6 4 162
309 28 8 4 219
10 219 3 2 15
69 297 7 4 201
18 402 1 8 45039
457 206 7 4 235
319 504 9 3 166
401 246 6 3 50
422 501 3 3 16
26 11 7 4 175
245 501 8 3 96
211 451 2 4 56
7 275 8 3 158
293 502 5 3 39
340 55 7 5 1720
385 449 2 9 4532005
474 142 8 5 2019
186 407 10 3 73
116 149 5 2 10
83 372 1 4 98
228 281 10 5 6158
265 65 8 5 1253
230 241 1 6 1108
435 123 6 6 6064
288 386 8 6 8525
497 427 8 4 373
452 23 3 6 4307
256 360 10 3 107
227 132 9 2 42
352 378 1 7 21627
294 84 2 6 1709
434 225 9 2 38
26 289 3 6 4696
415 461 4 4 126
231 103 4 2 14
58 371 10 6 37525
109 176 4 4 406
445 329 4 4 436
255 165 1 5 693
219 451 10 5 5406
162 205 8 3 72
491 62 4 4 93
7 308 6 7 37215
18 332 1 5 188
76 390 4 3 22
197 166 2 5 701
235 507 7 4 657
116 328 2 6 3781
197 207 9 4 251
109 115 5 3 54
412 293 8 5 1228
350 270 4 4 297
112 330 1 3 9
94 410 5 5 851
244 108 8 4 467
430 322 7 4 155
38 287 8 6 12400
413 145 7 3 55
132 195 10 6 15768
366 374 3 5 759
276 123 4 4 451
72 257 1 6 1408
83 370 10 1 6
94 1 5 5 1060
125 184 9 4 322
322 156 1 6 2227
427 192 3 5 1136
107 214 2 7 11913
399 122 6 3 117
121 386 8 2 25
219 414 2 3 35
430 401 2 8 167092
363 468 6 3 40
209 498 10 4 424
481 116 9 3 134
123 216 2 4 185
377 330 4 3 84
450 12 7 3 129
432 20 9 2 23
470 270 3 3 18
337 139 7 3 41
301 389 1 5 283
135 200 1 8 85598
159 50 4 5 633
359 397 7 4 389
33 149 4 5 2582
136 288 10 4 323
413 16 9 4 379
463 182 8 1 14
198 105 9 3 85
49 140 6 4 517
33 261 1 5 490
305 456 2 5 731
349 1 8 5 1528
504 327 10 4 540
286 335 5 1 8
283 48 5 5 823
60 394 2 3 26
227 316 6 4 225
436 460 4 5 534
88 61 1 2 5
100 508 9 4 839
477 260 7 5 3685
153 235 9 2 43
315 224 1 5 185
418 362 9 5 1845
349 509 7 8 384960
35 59 7 4 236
77 252 5 5 2586
461 97 5 5 2811
411 182 1 4 90
509 70 10 6 7304
184 381 8 4 205
316 475 7 4 606
199 51 2 4 150
239 85 6 4 513
495 137 9 4 771
178 75 9 4 217
49 269 7 3 82
473 106 4 5 2282
276 111 6 4 433
441 332 6 4 195
205 450 8 3 157
65 173 7 8 734039
154 383 8 3 101
63 404 10 5 1952
171 161 2 4 149
118 224 1 7 14117
435 190 9 7 199588
108 470 8 8 376165
463 209 3 2 13
147 93 4 1 4
120 408 5 3 109
370 455 2 4 72
238 401 1 6 1991
376 455 10 3 55
468 266 7 3 66
282 469 1 5 119
200 118 9 1 8
239 435 3 5 784
29 477 8 7 109096
183 3 2 4 88
232 241 10 1 12
160 491 5 5 1784
384 176 10 2 24
303 407 6 3 33
244 2 7 4 232
90 477 5 6 9270
269 160 3 4 118
9 255 4 4 257
500 323 7 5 1476
226 17 7 4 212
162 100 8 4 262
442 354 4 3 55
254 56 1 5 214
177 70 4 5 2082
283 413 5 4 220
467 303 4 3 85
506 52 1 6 735
402 315 4 5 1010
44 66 9 4 277
205 376 10 4 1111
78 375 9 3 80
45 468 5 5 2712
300 11 1 4 24
288 143 2 4 101
238 91 6 5 845
423 101 3 2 12
159 455 4 6 9727
46 77 3 4 138
438 456 9 4 324
168 438 9 3 50
228 205 7 5 4607
60 109 5 2 18
97 31 2 5 998
56 135 9 7 58721
215 138 3 6 7842
305 446 6 3 97
195 390 9 2 26
181 508 9 6 35260
511 454 9 4 812
388 279 2 3 43
13 343 6 3 113
132 121 1 5 601
420 165 5 5 862
279 398 8 3 66
334 466 4 4 415
76 96 7 2 20
397 429 6 2 26
271 172 8 5 1155
297 357 10 2 37
398 305 2 5 288
266 449 2 7 37906
380 322 10 3 205
511 252 9 5 1946
412 136 10 3 154
273 453 1 4 74
440 111 5 6 13549
88 261 5 3 88
40 321 7 5 2240
221 370 4 3 25
200 348 1 7 9474
141 425 5 7 69615
461 442 4 6 15181
496 325 3 5 735
504 467 1 6 1197
148 320 9 6 40429
274 53 10 6 19184
133 312 4 5 738
166 318 2 5 496
326 491 7 6 26528
131 60 6 5 1012
336 448 8 3 137
392 136 10 4 541
64 75 10 3 156
211 433 7 6 11114
405 393 4 6 3449
415 14 4 6 18066
475 69 6 3 38
125 335 8 6 37232
481 214 5 4 192
125 1 9 1 13
345 352 8 4 269
511 191 3 5 345
398 405 4 3 40
204 231 2 4 160
61 220 4 6 11985
359 498 6 3 79
413 159 6 5 817
4 62 3 7 22690
458 351 1 6 3064
218 325 8 3 77
184 488 6 7 183010
131 327 9 4 227
29 210 10 6 10742
74 138 2 5 319
48 333 10 1 13
110 339 8 4 254
408 186 5 5 1177
340 441 5 4 288
251 446 5 5 998
31 254 8 7 282618
336 79 6 3 60
111 375 2 5 251
199 351 6 6 22054
258 429 2 5 266
503 484 4 4 438
152 452 9 6 17115
247 166 5 4 137
460 442 6 3 43
81 489 3 5 1055
91 476 5 4 183
202 449 9 4 315
137 230 6 5 2375
147 127 10 2 19
229 424 8 3 70
462 27 9 4 586
387 140 10 7 63774
322 160 6 3 80
177 218 3 3 20
53 275 7 4 317
268 37 2 6 1491
330 88 3 5 938
107 462 2 3 27
508 252 4 5 1721
343 78 5 5 614
385 88 9 4 424
403 66 10 3 74
424 490 4 3 64
266 293 6 4 327
177 182 2 4 93
149 4 10 4 317
423 324 6 3 55
504 180 10 4 693
457 115 1 6 3146
493 85 9 2 46
257 240 4 5 1389
470 36 2 4 165
179 507 7 3 44
473 504 6 4 168
125 304 6 5 2193
363 434 4 8 169309
175 87 4 5 1854
183 464 4 5 793
186 482 2 4 148
146 458 2 4 60
51 209 3 6 6319
413 464 6 4 544
331 130 4 5 587
194 161 7 5 2157
345 204 5 6 10181
342 194 1 7 10480
10 115 8 5 2968
160 432 1 6 3577
215 229 2 6 1629
484 191 2 3 39
41 250 3 10 23314238
339 86 4 4 133
244 91 6 5 749
61 236 4 4 269
190 394 6 5 1643
125 6 5 6 9940
508 205 8 2 15
248 408 2 5 394
411 280 3 6 2417
262 392 10 4 788
400 392 5 5 915
386 265 9 2 37
174 34 8 4 590
96 121 6 1 6
263 96 8 4 628
410 447 7 6 14920
306 460 7 4 317
191 279 2 5 411
35 83 8 4 208
192 242 10 2 50
369 247 4 4 197
350 153 9 6 12072
479 274 4 6 8908
26 418 4 8 323274
301 269 2 7 41344
390 181 10 5 1244
316 65 10 2 33
85 146 8 4 613
356 361 7 7 40987
241 163 4 6 3672
284 239 9 4 599
364 384 3 4 334
70 284 1 5 188
248 479 9 3 89
483 142 8 2 31
38 189 8 4 722
407 298 4 5 2065
285 240 7 2 13
22 131 8 4 281
427 98 9 3 193
293 274 10 3 148
119 489 3 3 38
332 489 9 3 112
283 245 8 4 780
358 491 9 3 144
283 272 10 5 1653
162 72 5 4 330
207 259 1 6 1434
246 89 5 5 696
359 59 4 5 1001
71 492 9 5 1383
39 234 7 3 66
297 212 1 4 78
256 326 3 4 185
400 423 6 5 1276
418 165 9 6 19774
461 334 7 3 62
451 500 6 5 1064
63 480 6 4 144
276 339 6 6 7594
141 172 4 5 1162
299 64 5 6 14323
93 402 9 3 85
90 165 2 8 111006
433 169 6 2 17
445 468 9 2 22
367 36 6 4 245
375 508 5 6 5417
225 288 6 3 52
82 296 1 6 976
156 481 4 4 170
366 8 6 4 318
100 420 3 6 4081
264 109 10 3 149
92 14 5 7 126404
134 35 10 6 9533
414 441 8 4 234
187 57 6 5 730
42 133 3 6 2255
473 266 2 5 339
458 119 1 4 65
192 360 9 3 125
94 81 4 4 102
216 13 8 7 58759
76 173 8 2 38
120 454 2 6 7391
343 60 8 3 110
192 460 9 4 562
184 465 9 4 221
69 61 3 3 57
487 247 5 4 190
266 308 3 2 10
423 257 6 4 146
421 192 5 2 10
143 98 1 7 5014
89 380 6 4 531
228 398 5 5 3263
312 208 8 3 97
51 506 7 4 217
373 53 7 6 13360
494 121 10 4 1006
329 228 4 4 277
86 229 6 5 3599
476 119 9 1 15
76 148 6 4 531
58 21 6 3 128
443 33 7 5 2175
233 353 3 4 332
141 25 4 4 95
195 58 2 3 14
287 178 1 3 18
181 421 4 5 515
419 33 4 6 7540
386 116 5 3 102
163 39 7 4 601
185 33 1 5 201
185 471 5 2 22
186 5 7 6 4914
452 308 5 4 135
382 35 10 5 6190
172 211 2 4 66
260 59 8 7 235455
333 111 10 3 88
57 59 9 9 4878223
202 115 10 1 15
141 195 10 3 118
510 426 9 6 17258
444 365 10 3 202
39 406 9 4 726
115 421 3 5 491
317 45 5 5 929
161 54 10 4 435
459 283 3 5 786
299 249 1 4 39
3 507 2 3 13
229 428 2 8 143886
29 73 1 8 194321
330 30 6 5 2257
398 118 8 3 121
223 402 10 2 25
158 29 8 6 7806
235 346 4 4 154
361 212 5 4 563
112 326 10 3 118
345 235 3 4 190
358 223 9 5 1306
86 283 10 5 5331
467 161 7 3 41
473 223 5 4 124
29 209 5 3 95
376 243 6 6 9753
72 50 6 4 289
349 439 3 7 52797
308 170 8 4 497
140 271 3 5 375
279 3 2 5 502
207 34 7 5 1391
32 332 5 3 34
149 170 9 4 720
183 54 1 8 77397
325 171 6 4 203
91 163 1 2 4
40 473 2 6 1535
363 384 10 3 187
268 451 4 4 339
399 15 5 2 10
356 368 8 2 31
486 70 7 3 130
105 340 4 4 266
435 24 9 3 140
508 242 3 4 165
417 254 7 4 218
386 441 1 3 10
89 423 1 5 675
390 24 7 5 3454
504 122 7 5 1857
186 208 10 4 645
70 485 8 7 48330
165 337 6 4 141
18 30 4 6 3148
169 36 2 5 1256
212 392 5 3 66
248 453 6 7 34204
169 310 9 4 871
495 378 8 4 473
241 469 9 3 111
179 231 7 5 2177
119 322 7 4 596
411 311 2 2 9
227 258 8 6 27060
160 45 1 5 269
463 202 10 1 17
208 153 5 5 1062
140 420 8 5 2219
198 185 8 4 751
154 510 6 5 1064
314 121 9 3 131
251 401 8 7 53088
100 409 10 5 3797
112 412 8 2 20
28 505 10 5 4206
296 137 8 4 628
495 323 10 3 144
43 180 7 5 1187
159 171 9 5 1182
109 281 4 4 262
232 145 6 2 13
381 27 3 4 111
140 401 3 2 13
103 320 7 2 32
86 459 3 3 41
489 382 5 5 1513
185 52 5 4 275
127 172 8 4 182
456 357 1 4 42
355 326 1 7 6709
9 219 9 3 67
160 508 5 5 1060
303 177 8 3 156
463 456 3 5 1308
163 224 10 3 212
233 28 8 4 843
142 354 4 4 180
269 336 8 4 200
258 44 8 4 416
341 396 3 5 1551
436 81 10 6 25524
232 130 5 6 11974
60 340 1 4 66
145 318 8 5 3199
487 498 10 3 97
165 470 7 7 193673
123 193 3 3 19
128 495 7 6 12675
465 349 9 4 283
146 365 4 6 11482
425 335 6 4 460
425 197 1 3 8
9 241 7 1 9
128 424 9 4 453
140 125 4 2 21
143 503 5 7 29627
109 200 4 4 141
100 10 7 5 1072
358 496 2 4 150
42 454 5 3 85
463 107 2 5 1132
239 177 10 5 4182
511 267 1 5 189
498 163 7 4 176
281 392 3 6 2279
436 508 3 7 30845
270 121 10 4 940
289 495 2 3 28
327 260 3 5 347
288 510 7 4 343
13 86 6 5 1532
484 104 2 4 64
76 320 10 6 11525
34 270 9 4 379
417 262 7 4 177
339 117 3 8 302023
310 380 9 2 47
112 259 3 4 247
26 406 6 5 2689
255 223 6 5 3310
45 291 7 5 1684
225 344 1 6 2425
440 106 6 5 2471
143 484 4 7 38325
354 419 1 3 13
419 206 7 1 5
119 339 10 3 102
226 436 1 7 7992
439 497 8 5 3633
194 26 5 3 83
100 262 4 3 50
77 56 3 5 531
391 338 6 6 5965
197 35 8 4 404
505 417 2 4 104
508 260 4 4 116
134 480 6 4 267
209 492 5 3 95
463 286 6 3 63
121 55 4 5 1278
94 58 5 3 72
174 474 1 5 269
131 54 5 4 223
164 145 8 4 214
288 487 6 6 7970
310 363 4 2 16
79 402 5 3 44
178 332 9 7 285295
3 218 6 5 819
70 382 1 5 179
331 321 4 6 5736
357 509 6 3 47
187 274 9 2 29
179 105 8 5 1895
292 415 6 5 2015
153 385 8 4 244
98 383 10 2 38
250 191 6 2 18
80 417 10 4 623
165 178 8 3 62
296 247 8 6 38251
66 366 6 6 10497
185 205 1 6 4013
39 301 10 7 138856
495 509 9 4 873
324 396 4 4 187
484 215 10 4 398
461 40 8 4 187
468 365 10 5 2918
421 91 9 4 806
478 225 10 3 54
259 305 6 4 183
64 82 7 4 783
357 475 7 3 150
89 270 3 4 80
296 90 7 7 35592
428 311 2 6 2818
473 126 6 4 135
348 165 5 3 69
245 192 3 3 58
53 264 5 4 214
252 453 7 5 871
13 167 6 5 732
245 367 10 4 227
65 488 7 2 23
178 501 9 5 4010
55 321 6 3 118
217 504 9 5 1028
280 176 8 4 699
472 426 10 1 14
260 434 2 5 804
54 13 2 5 774
118 10 2 3 33
164 315 4 4 206
203 425 10 4 330
460 428 4 3 29
106 164 7 5 941
342 261 3 4 127
343 26 4 5 773
188 194 5 3 78
501 128 6 3 79
265 301 6 5 803
106 340 5 4 260
449 100 5 6 13111
25 280 5 3 100
