6364 1.0658737887095371e-08 
9020 4.698921706597359e-09 
6789 1.732256338371485e-09 
78 7.864334738982848e-09 
5032 8.089221514850919e-10 
2546 6.942766962031444e-09 
3956 4.927800045058037e-08 
8608 3.203535513945921e-08 
4377 2.554491999873232e-09 
6208 2.8346658993184948e-08 
4317 3.715064367248999e-10 
540 7.568071936497889e-09 
4115 1.3170375406587609e-08 
4517 5.429241500820581e-10 
9018 5.451722670524184e-09 
6843 8.523670658178162e-11 
538 3.1008179761570984e-06 
4212 9.739546768952959e-08 
4471 1.6032696731772128e-07 
200 5.447082195189461e-07 
6624 3.674829031001352e-07 
9894 1.0984062548402562e-09 
1692 2.069937554693979e-10 
2970 1.4556637773638359e-08 
2862 9.575318316024095e-11 
5249 5.9146792186215436e-09 
1450 3.623430866563689e-07 
4108 9.501039506848614e-06 
6085 1.4557129807135638e-09 
6875 4.4080232676664555e-08 
5140 1.6741726550223435e-08 
7207 1.3205574632066397e-08 
7898 6.316148080248718e-09 
9879 1.4530557764782723e-07 
9928 5.302128056579661e-07 
2301 2.717174038814889e-06 
689 1.7622721615317971e-09 
6708 2.6061375931786535e-07 
5607 1.6770936539685366e-08 
1888 4.912141804425119e-10 
8612 9.280100021769044e-10 
2848 5.514217610302907e-09 
1142 1.9744193862324122e-08 
1195 2.2685182740892667e-06 
837 2.98047019443165e-08 
8735 7.751875380143658e-08 
7340 1.0974879460744213e-06 
8858 1.1412219502737742e-09 
6677 1.478713011413002e-08 
8629 2.8266456536529816e-09 
5124 1.365239090441589e-07 
6493 3.236081597742663e-08 
3748 1.3167429679591947e-08 
7272 5.5634895403461814e-06 
6808 7.331973361779376e-09 
3779 1.2427041576335007e-08 
5383 2.22946846060567e-07 
4695 2.9782586952187273e-09 
5612 1.2968405738167377e-08 
9255 3.88494383191107e-09 
3463 4.254381263946172e-09 
7299 5.84519710411513e-10 
9566 2.5218531884280138e-08 
9169 3.9252203053868895e-08 
4598 1.1186430746989995e-08 
543 9.25839870394296e-09 
2344 1.3093551166909467e-08 
5083 3.8702850102718955e-08 
1749 4.5255337692410615e-07 
6584 9.033340555484291e-07 
7510 1.0240707726261178e-09 
2941 4.9745335906070665e-09 
6544 5.893104868676113e-09 
8740 2.159098011489391e-09 
5200 4.93074842067287e-09 
7393 1.256683899021442e-07 
7952 1.308280003775586e-08 
57 4.911324024380048e-08 
5376 2.6095222510624794e-09 
9016 8.16037903916822e-10 
3529 1.2585697622968794e-09 
7320 3.020698581979869e-08 
4439 1.0483727648155639e-08 
4173 7.196919112745226e-09 
5206 2.070957322297673e-09 
7800 3.843291067340271e-09 
4886 2.131689838535955e-09 
1308 1.2996792957825631e-08 
9143 2.0118234471573626e-08 
2792 4.937660409015665e-09 
4344 1.3281067811482528e-08 
4924 6.5672667304284e-10 
1404 3.578702044600146e-08 
8677 3.2154730759959005e-08 
2600 6.8225910129782186e-09 
4899 1.8396155480882026e-08 
4015 1.2467341745786564e-08 
4484 5.032601671404405e-07 
1077 2.0220040086726954e-09 
5840 8.995285627477756e-10 
8909 1.4328947177879182e-06 
7542 7.665497760850348e-09 
2380 1.0438291019737589e-08 
1831 6.713072106968171e-08 
3707 9.482706286867426e-10 
7502 1.6907541220223619e-06 
7996 0.0003158074306711405 
824 1.5975385661906594e-08 
2398 2.0740489696351172e-08 
4851 3.0740754247693403e-09 
6205 2.762120983323957e-09 
5412 2.1617191290485005e-08 
9954 2.5874047494562485e-07 
1982 5.200887047418501e-09 
5778 1.4379084655596897e-08 
1052 2.0620624501324625e-08 
1122 7.191669482153884e-11 
5717 1.3546620492022043e-09 
8557 3.5484463492552187e-09 
6859 7.44092750609715e-09 
5980 1.016650618204662e-08 
3543 3.921205057610261e-06 
4741 3.1056324951810044e-08 
5333 1.2865809093445812e-08 
6818 1.1853162822138621e-07 
5008 6.740623618300967e-09 
4041 3.633131135348522e-08 
3806 6.929802481847602e-09 
9595 1.4711424856095334e-08 
3190 7.605956711719333e-08 
1799 1.0521294946386206e-10 
318 2.8860812700554767e-07 
3712 4.4628983841832337e-10 
6301 3.1710502348958336e-09 
807 5.310674669987969e-08 
4241 1.0676452892946497e-07 
1250 1.5930221213336648e-08 
9661 3.394476859319706e-09 
5427 1.401124383182406e-09 
6312 1.67360733431543e-08 
8504 1.289300138873628e-09 
5872 1.0051941170229062e-07 
4961 9.527030457937014e-09 
5851 1.8744973370385387e-08 
2825 1.705988291952898e-08 
6564 5.340665621940757e-08 
6897 4.50556402603608e-09 
5261 1.1716635836891975e-08 
2303 4.840116848980891e-09 
7314 4.415523068880545e-08 
6368 4.542896551995579e-09 
1740 4.540363383875867e-09 
8764 3.133253136545361e-08 
7796 2.8612736555078122e-09 
7150 5.496980753092254e-08 
9506 1.3497572965565086e-08 
3995 7.516732721804184e-08 
2506 4.776752525687336e-08 
6420 6.408396071265476e-08 
3470 2.3354631978333984e-09 
