1 2 4 6 3733
1 47 8 5 1049
2 31 5 4 440
2 35 2 3 21
2 406 5 4 417
3 4 4 4 164
3 5 8 3 140
3 26 1 6 2769
5 57 10 2 39
15 16 4 7 32495
15 36 3 6 4865
16 25 10 5 4124
17 18 5 5 1937
17 36 1 6 3577
18 33 7 7 38581
19 20 6 4 222
19 21 9 8 1567094
20 142 10 4 301
20 148 10 4 311
21 22 1 4 48
22 23 8 4 194
23 24 5 4 481
24 25 2 4 55
24 28 6 4 675
26 27 2 4 132
27 29 1 3 17
27 30 2 4 179
28 29 5 8 404165
31 33 5 8 352299
32 33 3 4 204
32 34 7 1 11
32 69 10 4 864
34 35 8 4 178
34 73 1 4 25
36 37 8 3 46
36 75 3 8 252474
37 52 8 4 329
37 43 4 5 786
46 47 5 5 2181
47 448 10 6 10598
52 67 7 7 234190
53 54 2 4 135
53 59 1 6 4508
53 418 2 6 2722
54 163 1 5 420
55 56 2 8 156087
55 59 2 7 54784
56 57 3 4 168
56 66 2 5 679
58 59 6 5 2459
58 60 8 4 643
58 199 7 4 487
58 458 6 6 5841
60 63 5 6 5488
63 225 10 4 426
64 65 1 7 35694
64 66 9 6 15915
65 67 2 4 73
69 70 5 3 35
70 71 2 10 7651158
71 101 3 3 16
72 73 10 4 458
72 101 9 5 1387
73 76 8 5 1725
73 77 6 6 11648
96 97 6 4 176
96 111 6 4 507
97 101 7 2 32
98 99 6 3 45
98 100 8 6 18153
99 138 8 6 24898
100 116 7 4 315
105 106 1 5 541
105 111 10 5 3071
106 107 10 5 3287
107 108 7 8 1792893
111 114 8 4 183
113 114 7 5 859
113 116 4 3 40
115 116 10 1 16
115 409 10 1 10
118 119 5 3 27
119 138 4 9 7304819
120 121 9 2 29
120 122 9 5 4089
120 304 4 2 10
121 296 9 5 6143
122 123 6 4 140
122 124 10 4 233
124 125 4 5 1978
134 135 2 3 40
134 332 6 7 49138
135 136 1 7 16984
135 137 2 7 56747
137 139 9 6 18812
139 140 2 6 1673
139 141 9 4 242
139 399 5 5 1147
141 400 5 4 155
154 155 2 5 1357
154 156 6 6 9922
154 172 10 2 41
155 168 10 4 311
156 157 9 5 2740
156 171 4 4 235
157 158 9 5 2096
158 159 9 3 61
158 177 5 5 2307
159 160 6 4 483
159 161 1 7 30934
159 196 6 4 226
161 162 10 3 139
161 197 1 6 2819
163 164 4 5 1920
164 165 6 6 9890
165 166 8 3 80
165 104 10 4 600
166 167 3 6 8771
167 168 4 5 1354
169 170 5 7 154860
169 171 2 3 44
169 174 4 6 11384
170 172 3 7 87071
170 173 1 7 10629
170 419 1 9 2267144
171 178 9 5 1734
173 174 7 2 21
174 179 10 7 99475
175 176 9 6 17925
176 214 2 4 105
177 178 2 6 4300
177 191 9 3 94
178 421 2 4 116
179 192 5 6 6331
180 181 2 7 12477
180 208 6 3 53
181 192 9 5 2136
182 183 9 4 894
182 184 2 6 1693
184 185 4 3 41
184 208 2 3 18
185 186 3 5 1701
185 207 3 5 523
186 187 9 9 5408511
186 230 2 7 16646
187 188 4 5 1099
187 193 2 2 6
188 189 9 3 164
188 191 3 5 850
189 190 10 2 52
189 191 7 6 6169
193 194 5 4 243
193 217 1 7 28792
194 195 3 4 70
194 217 5 6 14261
195 196 2 6 4569
195 216 10 3 126
196 197 10 2 47
196 476 1 4 104
197 216 10 5 4303
198 199 9 6 41687
198 221 9 6 22588
199 200 2 7 52904
200 10 5 5 1028
201 202 9 4 508
201 203 9 4 956
201 351 7 4 601
202 213 5 5 1943
203 204 9 6 6793
203 205 10 7 142565
205 206 10 4 1048
205 231 2 4 78
205 360 5 5 1058
206 207 5 6 15145
206 232 10 7 182652
207 233 10 4 413
208 209 3 4 140
210 211 1 4 71
210 212 3 8 458004
211 215 6 6 4679
212 213 7 4 300
212 342 8 2 29
213 340 6 4 166
214 215 10 2 19
216 219 2 4 214
217 218 7 3 97
218 222 3 6 5082
219 220 6 5 1358
220 221 6 4 496
220 222 1 5 339
222 226 8 4 788
223 224 4 4 229
223 225 4 1 7
223 7 6 5 988
224 229 7 4 661
227 228 1 4 55
227 229 6 3 62
227 272 10 3 66
228 230 8 3 45
229 401 6 5 910
231 281 2 3 26
232 265 7 4 412
233 264 8 5 2443
233 150 2 6 1486
234 235 7 7 196017
234 278 10 5 1836
236 237 5 7 88549
236 280 3 6 11243
237 238 8 2 18
237 239 10 4 494
239 240 8 3 63
240 241 5 5 3389
241 243 10 7 119492
241 442 10 4 881
242 243 5 4 327
242 244 7 6 7324
242 314 9 8 386677
242 80 10 5 2805
243 293 1 5 120
244 247 2 9 1735534
245 246 10 2 32
245 247 8 5 5355
247 248 9 7 224380
248 249 8 5 4583
249 250 2 4 61
249 312 8 3 121
250 251 10 4 394
250 321 10 4 670
251 252 10 3 67
252 253 8 6 10637
252 327 9 5 2053
252 301 1 7 9795
253 254 3 6 2724
253 277 8 4 289
253 266 7 5 2133
254 255 5 3 95
254 256 5 5 984
256 257 3 7 40908
257 258 1 6 872
257 259 2 5 228
260 261 5 4 148
260 262 7 6 6059
260 263 6 4 157
263 264 6 2 17
263 479 6 6 27844
266 267 7 4 173
267 268 10 5 3622
267 299 8 5 3044
268 269 10 7 76430
269 270 2 9 4357114
269 294 3 7 33710
270 271 10 4 811
271 295 1 4 82
271 133 3 6 2572
272 273 5 3 28
272 274 9 5 3709
274 275 4 3 36
275 276 4 4 148
275 277 10 2 42
275 291 5 3 75
278 279 2 5 1130
278 282 4 5 2321
279 280 3 7 64661
280 287 5 5 1998
281 289 9 6 7507
282 288 6 6 4890
283 284 7 5 4417
283 285 4 2 9
283 305 8 7 44357
284 290 4 5 607
284 365 8 6 29257
285 286 6 6 29571
285 306 2 5 501
286 287 4 5 2124
286 306 10 6 24338
286 452 10 6 7024
287 293 8 3 125
288 289 1 5 139
289 290 3 6 7056
291 292 4 3 61
297 298 10 3 71
297 454 2 5 1035
298 299 4 6 3665
300 301 3 5 379
300 302 6 1 8
302 303 5 5 613
302 304 8 3 108
302 330 6 2 17
305 306 5 5 1957
305 308 7 3 64
306 308 9 5 3412
307 308 5 5 2381
307 309 4 7 152490
309 310 5 7 126213
309 338 6 2 24
309 379 6 6 5858
310 311 3 7 62086
310 85 7 3 134
311 312 2 5 662
313 314 8 5 1603
315 316 8 3 45
315 317 6 6 17103
315 499 3 5 788
316 334 9 3 92
316 398 8 6 30365
317 318 4 7 21054
317 503 6 1 7
318 319 6 4 158
318 502 7 4 180
318 510 6 3 76
319 320 8 6 5793
320 333 9 4 702
321 322 2 4 167
322 323 3 4 178
322 325 4 6 5902
322 333 4 2 19
323 324 4 5 1648
325 326 3 5 434
326 328 7 3 39
327 328 6 5 2150
328 329 3 6 3334
328 495 3 5 674
329 330 10 6 15664
329 331 4 5 1636
331 332 3 4 88
331 489 9 8 803919
332 481 9 3 99
333 493 9 8 1718138
334 335 9 5 5734
336 337 3 6 2650
336 500 8 6 25118
337 338 4 5 1538
337 382 3 7 46204
338 339 9 4 322
338 377 4 4 291
340 341 1 6 829
340 349 6 4 272
340 354 5 3 83
341 343 8 5 1450
342 343 5 4 235
344 345 9 6 12581
344 346 2 6 4194
344 385 3 5 512
346 347 7 7 166365
347 348 9 5 1968
347 387 7 5 886
348 349 10 5 1992
348 386 4 4 440
350 351 8 3 62
350 359 3 6 2327
350 13 8 6 29356
351 352 1 4 92
352 353 6 3 108
352 356 3 5 355
353 354 10 3 180
354 355 3 9 1082947
355 356 4 3 37
356 357 7 2 24
358 359 1 7 6308
358 361 7 1 10
358 362 2 8 260428
358 360 10 8 847825
358 92 3 5 1210
360 413 8 1 8
361 388 5 5 650
362 367 10 4 707
363 364 7 5 4553
363 365 10 2 39
363 370 7 7 124997
364 395 9 10 824422718
365 366 1 5 129
365 371 8 5 1148
366 144 10 3 60
367 368 5 4 388
367 369 7 4 210
370 380 7 6 27157
371 372 6 7 203100
371 373 8 5 993
371 374 2 5 703
375 376 9 6 29282
375 383 2 4 74
376 384 9 5 4132
377 378 6 3 60
377 381 3 7 26514
378 384 2 6 1414
381 383 2 5 882
382 496 4 5 2084
383 384 10 4 835
388 389 9 5 1661
388 392 7 2 35
389 390 3 8 631166
390 391 2 4 112
392 393 1 7 27257
392 394 8 4 249
395 396 10 5 2464
399 411 8 3 81
400 405 8 5 2945
404 405 3 2 12
404 412 9 2 34
405 89 7 1 7
408 409 4 4 101
411 412 7 9 4081590
411 415 6 4 216
411 482 1 5 144
412 415 3 5 698
415 427 5 5 1444
415 487 3 8 750052
427 428 7 5 2483
427 431 3 5 422
427 487 8 7 46949
427 424 1 4 63
428 429 3 5 375
428 432 1 5 150
481 482 3 4 92
482 488 5 3 89
483 484 8 5 1568
483 485 9 4 266
484 492 7 7 161059
485 486 6 6 7395
486 487 2 4 68
489 490 9 5 2782
490 491 8 4 429
490 492 8 4 470
493 508 4 5 2441
494 495 5 3 51
494 507 8 7 60836
496 497 8 3 167
496 62 4 6 10030
497 498 10 8 402575
497 499 4 3 85
499 501 2 8 135289
501 447 6 5 1457
502 511 4 6 4907
503 450 9 5 2167
504 505 4 3 59
504 506 1 5 304
505 508 6 8 252173
505 509 3 4 96
506 507 7 2 36
509 510 8 5 1105
509 511 5 4 174
7 8 8 6 24540
7 6 8 3 100
10 9 8 7 77904
10 11 10 10 54486772
13 12 7 3 146
12 14 7 3 55
144 38 1 5 536
144 145 9 4 450
38 39 7 3 48
89 68 4 4 254
89 88 3 5 563
68 40 7 5 896
68 102 9 5 1055
40 41 6 5 759
40 81 4 5 1685
102 50 1 5 316
50 51 3 5 382
41 95 8 6 8973
81 146 10 5 1637
95 456 7 7 90043
95 143 1 6 2219
95 146 5 5 621
146 410 9 4 934
43 42 1 6 1957
133 130 4 7 19986
128 117 6 6 19773
128 132 10 5 4711
117 129 10 5 1269
117 110 6 5 1615
132 130 6 4 206
129 127 7 5 826
127 44 1 5 459
130 131 4 7 34067
44 45 10 3 107
110 109 3 4 273
110 126 4 3 56
109 112 1 6 1932
62 49 10 4 773
62 61 9 4 418
48 49 3 5 754
75 74 1 6 4127
77 78 8 3 86
80 79 1 3 12
92 90 8 5 1659
82 83 1 5 262
83 91 5 2 16
91 90 5 4 140
90 93 1 5 147
93 94 4 4 443
85 84 3 5 546
84 86 5 8 301879
84 87 4 5 830
86 87 6 5 1552
104 103 1 8 77074
148 147 10 5 4365
147 149 8 3 109
150 153 10 1 13
150 151 7 6 16355
152 153 2 4 62
398 397 10 3 91
401 402 5 3 52
401 403 5 3 46
406 407 4 4 115
416 407 7 3 61
413 434 4 4 366
413 414 8 4 635
433 434 10 5 1902
418 417 10 3 161
419 420 6 3 58
419 430 9 3 179
421 422 7 9 2961723
421 423 10 6 7845
424 425 7 5 1242
424 426 8 4 291
424 438 3 6 2522
438 437 2 5 388
437 439 2 5 327
454 453 1 5 539
454 435 2 5 502
453 455 1 6 4250
455 460 7 6 7459
435 436 6 3 75
460 463 7 8 1713628
463 462 3 5 982
461 462 9 4 728
461 464 7 3 52
464 466 6 3 88
466 467 8 5 2677
452 451 2 9 6580556
452 440 5 1 8
451 459 6 5 2624
459 473 6 3 109
440 441 3 6 3056
473 472 9 6 9930
442 443 1 4 41
448 444 4 5 2346
444 445 2 4 83
465 445 5 5 3031
465 468 6 4 380
468 469 1 4 84
469 470 9 3 131
470 471 7 5 1063
447 446 2 6 4441
450 449 8 4 229
458 457 9 8 933224
476 474 10 8 1037762
476 477 4 4 307
474 475 7 3 96
477 478 5 6 10544
479 480 2 6 6419
284 177 3 6 10244
391 291 4 4 230
397 161 2 3 43
376 187 5 6 4603
322 42 5 4 140
399 318 1 5 176
463 89 3 5 502
343 194 6 8 816503
437 265 2 8 110322
239 53 6 5 1861
411 475 6 3 77
21 372 9 6 6730
508 449 9 6 6891
24 51 3 7 115744
54 280 2 2 9
261 73 5 6 5355
2 307 1 7 12770
476 36 9 3 87
374 231 9 3 61
483 72 7 5 3241
188 248 2 5 1191
326 346 3 4 278
458 449 6 4 276
435 58 2 3 17
225 130 9 3 148
484 174 9 6 9719
322 33 10 3 124
369 191 2 4 49
330 20 7 2 33
324 21 5 7 29811
18 385 8 4 239
252 297 5 6 21571
7 178 1 5 343
30 43 8 5 3094
397 191 8 3 173
450 80 9 9 11159170
458 335 8 4 591
171 48 9 6 36519
485 267 8 3 66
104 136 5 7 34215
47 507 6 8 1179232
302 429 8 6 38527
424 132 9 7 110941
55 69 4 4 184
81 28 3 4 68
346 114 8 5 1694
84 284 10 7 250522
57 44 3 3 38
112 358 3 5 794
103 252 4 4 376
202 401 8 2 28
106 343 7 6 15376
297 285 9 5 2103
47 27 8 5 1182
391 38 10 6 9415
292 297 3 4 314
292 334 9 5 1183
149 56 6 5 1081
56 464 6 1 5
252 487 6 5 875
491 427 5 6 14393
112 439 2 7 47528
62 365 9 4 225
315 75 7 6 5449
445 373 2 4 65
373 228 4 5 486
459 103 6 2 24
5 34 7 5 1404
357 412 3 3 16
195 208 3 7 32254
362 282 3 6 5822
282 132 5 5 1705
292 358 3 8 473309
130 16 10 2 53
354 48 9 4 310
329 398 6 4 187
107 143 2 6 1885
302 8 6 9 7411829
437 468 6 5 3826
391 24 3 7 19836
70 453 3 3 46
428 250 4 6 10559
427 93 9 2 30
235 500 6 1 6
476 259 3 4 115
140 144 9 7 123221
373 167 3 4 144
413 463 8 5 3315
100 419 8 9 5632185
67 49 8 3 74
148 127 3 8 395463
227 117 9 3 122
147 283 5 6 5012
464 193 10 3 210
281 305 7 4 442
168 300 4 3 68
456 265 2 10 26604307
74 34 5 7 50855
228 497 1 6 771
84 178 7 4 284
47 339 6 3 53
137 364 7 7 40459
419 487 1 4 88
497 260 10 5 2356
432 171 1 5 362
104 329 8 5 5156
16 90 6 5 992
14 244 8 8 352470
56 483 8 4 705
175 2 9 5 1294
151 442 4 5 2378
372 443 7 6 9182
460 285 4 7 68724
372 171 6 9 5462451
267 357 7 6 17123
336 274 5 4 343
235 63 1 5 252
279 71 1 6 3970
251 475 8 6 28042
440 88 2 6 3416
169 453 5 5 1198
172 264 5 6 6397
51 471 8 5 1471
503 172 8 4 600
175 199 7 4 479
230 291 10 8 774302
16 205 5 5 1660
339 82 2 4 96
449 137 1 6 4658
119 372 1 8 209861
499 126 4 7 141805
485 290 1 5 135
181 127 4 6 5132
505 298 5 5 1155
290 489 10 6 15164
34 249 7 8 338305
179 277 3 6 5831
440 73 6 4 186
343 395 5 4 161
87 478 9 5 1183
316 6 2 3 17
307 144 6 3 58
308 435 5 1 5
233 510 5 8 746881
126 354 6 5 3087
272 162 2 8 230640
135 122 2 4 84
365 389 6 5 1825
235 479 7 4 760
125 110 3 6 4736
289 302 6 7 150154
13 387 6 6 25409
345 228 2 6 2683
10 105 7 6 16361
311 286 9 5 1796
126 229 1 8 214455
286 221 8 5 3161
171 11 3 6 6081
172 342 4 4 393
245 407 10 6 8028
63 188 10 7 57037
253 232 2 8 298411
435 104 4 9 1671068
87 138 10 4 500
30 432 9 4 641
476 53 9 6 12732
107 103 4 2 15
409 12 4 8 636109
344 183 5 6 6968
440 85 4 3 78
210 133 4 3 43
45 192 3 4 334
352 234 6 2 27
354 440 10 5 1567
28 170 6 5 2639
281 2 1 7 14313
361 251 3 4 192
35 364 3 5 1051
433 81 6 4 367
281 159 10 5 6883
495 148 10 4 224
316 239 4 5 962
143 130 7 8 684237
26 136 1 4 60
424 419 8 6 29512
395 202 4 5 2759
136 352 1 7 18083
380 360 3 6 3745
146 72 5 4 416
424 450 10 3 80
147 425 7 3 41
451 285 9 5 1230
195 101 7 6 5621
457 177 6 2 18
81 208 9 6 38045
182 200 1 7 27138
436 509 3 3 64
29 18 9 4 596
149 453 2 9 6096289
330 473 8 3 88
73 53 2 4 92
340 196 7 9 16489786
256 444 5 5 3173
270 428 5 2 18
407 87 8 6 13102
346 295 9 3 62
78 410 10 5 2421
87 205 8 3 165
331 59 6 1 6
45 83 3 4 227
411 217 7 5 940
262 497 8 7 214608
267 226 3 4 73
456 426 9 2 34
321 505 4 7 31707
479 424 5 3 38
488 420 2 7 79324
236 272 10 4 769
507 217 2 6 6003
366 165 4 3 75
227 338 10 4 780
228 346 9 2 22
488 324 6 2 12
116 214 3 5 480
499 343 1 5 408
155 118 2 3 11
480 256 4 6 5512
176 478 9 6 6325
375 389 10 4 245
139 438 10 2 40
366 395 4 9 1808618
42 36 7 2 34
470 372 6 6 8608
127 490 6 8 604238
407 209 5 4 174
455 68 9 3 170
222 99 7 6 8894
351 55 9 6 6470
418 87 1 4 71
254 89 5 4 202
256 83 9 6 31542
225 147 3 2 14
73 89 3 6 8900
376 270 7 4 400
415 507 2 6 8341
414 382 6 5 3341
319 321 5 6 6509
257 29 10 4 558
312 374 6 5 2634
43 150 6 3 32
82 423 2 4 127
226 280 4 3 75
125 299 7 3 105
202 220 6 7 141914
290 116 1 5 177
130 118 3 6 2542
358 76 1 7 12981
243 500 10 5 1215
163 155 10 4 399
445 227 7 5 3084
240 177 10 5 1862
299 246 1 5 115
347 136 1 5 504
211 323 1 6 2750
318 227 7 5 829
174 222 7 8 1380235
35 492 7 5 952
441 58 4 2 11
196 346 6 3 52
511 236 1 5 172
485 390 7 2 23
104 59 9 1 5
479 450 6 6 7423
138 5 8 3 53
37 172 5 6 4887
138 363 8 6 6367
242 4 1 8 89751
482 154 2 3 20
149 188 4 5 577
99 460 5 4 375
425 450 2 8 137031
357 26 10 2 34
161 115 4 4 194
381 37 8 3 116
132 19 4 3 76
187 142 3 5 363
491 238 7 3 61
159 315 7 4 723
210 320 4 4 444
412 304 9 5 3837
455 221 6 4 622
206 67 9 2 33
49 231 9 5 1704
148 56 7 2 18
418 274 2 5 1048
101 374 4 6 9788
262 368 5 8 256728
508 424 3 5 844
337 46 5 6 14200
509 305 1 4 31
204 60 10 5 3789
96 195 7 5 1129
339 139 6 4 224
437 348 7 5 1220
121 269 6 4 340
246 328 6 1 6
484 17 3 4 168
69 250 7 5 3225
402 7 3 5 641
129 389 7 3 77
119 123 4 8 312004
197 210 6 6 8917
363 165 8 5 5116
87 5 4 6 14105
221 486 7 6 12061
247 221 3 8 1049179
413 265 1 5 615
111 499 2 7 20626
448 258 10 6 25597
49 166 6 8 1906061
110 115 8 4 843
26 425 3 6 2606
72 204 10 4 469
315 355 6 3 40
189 99 2 9 1510585
509 155 7 6 22069
483 167 6 5 1624
82 471 7 4 297
145 45 4 7 30477
297 442 9 1 9
55 250 2 5 298
288 110 7 7 46125
445 503 7 1 9
503 235 2 4 57
332 103 4 4 151
489 487 2 7 29197
127 123 9 3 170
358 357 9 5 1902
330 332 3 4 188
501 372 2 6 5345
253 133 7 8 1759893
78 174 2 5 770
337 445 10 5 1151
85 334 9 1 3
498 277 6 4 190
210 80 6 4 330
42 223 8 7 64561
168 27 3 7 37079
160 87 6 5 3451
55 270 3 5 916
36 223 4 5 2679
314 10 10 4 470
410 213 2 5 287
484 485 1 7 6083
309 28 3 5 373
10 219 1 4 44
69 297 4 4 129
18 402 7 4 566
457 206 3 5 1116
319 504 8 2 29
401 246 2 5 886
422 501 7 5 4514
26 11 2 5 1254
245 501 7 3 44
211 451 1 7 6723
7 275 9 3 77
293 502 1 4 102
340 55 5 5 1195
385 449 2 5 1351
474 142 5 4 422
186 407 3 5 768
116 149 6 3 128
83 372 1 8 169625
228 281 4 2 8
265 65 9 1 5
230 241 7 8 818950
435 123 10 1 12
288 386 10 4 604
497 427 7 7 57246
452 23 7 3 145
256 360 10 3 181
227 132 1 8 40944
352 378 9 5 6240
294 84 2 4 47
434 225 4 3 33
26 289 7 4 174
415 461 9 6 20846
231 103 10 3 147
58 371 6 4 141
109 176 8 8 2104553
445 329 1 4 29
255 165 10 5 2024
219 451 10 6 33130
162 205 8 2 15
491 62 4 6 13503
7 308 5 5 2739
18 332 1 5 357
76 390 6 7 181632
197 166 6 4 173
235 507 4 7 29265
116 328 4 6 11997
197 207 1 5 682
109 115 7 7 37155
412 293 5 7 97815
350 270 6 7 50227
112 330 6 4 421
94 410 5 5 2145
244 108 8 6 6453
430 322 5 6 10986
38 287 3 5 1385
413 145 3 5 558
132 195 4 7 35510
366 374 9 6 6837
276 123 7 6 14601
72 257 3 4 141
83 370 5 8 376856
94 1 2 7 21163
125 184 9 5 1951
322 156 1 4 100
427 192 9 6 8032
107 214 10 6 24733
399 122 6 1 6
121 386 6 3 117
219 414 9 7 245623
430 401 6 4 236
363 468 3 6 11018
209 498 9 4 323
481 116 2 7 11021
123 216 4 6 8296
377 330 9 3 78
450 12 6 5 2771
432 20 5 3 43
470 270 5 6 9675
337 139 6 9 3428776
301 389 1 6 2303
135 200 2 6 4287
159 50 10 4 256
359 397 8 9 25963091
33 149 7 5 1821
136 288 1 7 37283
413 16 9 5 1199
463 182 9 4 771
198 105 4 5 964
49 140 7 7 44891
33 261 8 4 324
305 456 6 5 1350
349 1 3 5 921
504 327 2 6 4278
286 335 8 7 82118
283 48 5 3 53
60 394 1 6 3134
227 316 4 7 28635
436 460 3 3 18
88 61 8 4 216
100 508 6 3 35
477 260 1 7 5195
153 235 4 2 17
315 224 4 8 722218
418 362 5 4 298
349 509 9 4 218
35 59 8 2 37
77 252 6 4 248
461 97 5 5 1999
411 182 1 4 84
509 70 8 5 1418
184 381 2 4 59
316 475 1 6 772
199 51 4 4 277
239 85 1 4 77
495 137 3 3 36
178 75 8 6 7781
49 269 8 8 452202
473 106 3 6 8195
276 111 10 4 589
441 332 10 4 261
205 450 1 4 55
65 173 10 10 43766328
154 383 3 7 62475
63 404 5 6 6767
171 161 8 4 551
118 224 3 6 2967
435 190 6 3 36
108 470 7 2 36
463 209 9 4 403
147 93 6 4 229
120 408 3 5 1902
370 455 4 4 281
238 401 7 4 209
376 455 6 2 20
468 266 5 5 3015
282 469 6 4 262
200 118 5 2 10
239 435 1 3 16
29 477 3 6 2335
183 3 6 8 1463478
232 241 1 4 57
160 491 10 3 70
384 176 1 6 2327
303 407 10 4 598
244 2 9 4 338
90 477 4 7 54879
269 160 1 5 262
9 255 10 5 6204
500 323 3 5 1838
226 17 3 4 324
162 100 5 3 60
442 354 4 6 19292
254 56 9 4 244
177 70 6 5 1752
283 413 7 5 1971
467 303 8 6 12305
506 52 1 5 156
402 315 3 7 33521
44 66 6 10 58203861
205 376 5 6 6362
78 375 1 5 139
45 468 9 6 22196
300 11 4 6 8780
288 143 8 6 7518
238 91 1 7 24964
423 101 7 4 299
159 455 6 6 10195
46 77 1 3 22
438 456 7 6 18273
168 438 6 5 1019
228 205 7 5 1448
60 109 7 3 90
97 31 3 5 1001
56 135 10 4 398
215 138 9 6 28255
305 446 4 7 73289
195 390 10 6 10943
181 508 2 3 25
511 454 3 5 832
388 279 8 1 14
13 343 9 3 66
132 121 10 6 16457
420 165 7 5 2753
279 398 1 5 136
334 466 8 3 121
76 96 3 5 1423
397 429 10 6 19641
271 172 2 5 635
297 357 5 4 499
398 305 2 6 4102
266 449 4 6 5708
380 322 9 6 42207
511 252 6 6 14078
412 136 3 7 22753
273 453 8 5 2993
440 111 1 6 864
88 261 10 5 4506
40 321 10 4 914
221 370 6 6 15563
200 348 4 5 813
141 425 4 5 1458
461 442 1 4 59
496 325 5 5 2720
504 467 7 7 34810
148 320 9 8 489888
274 53 8 5 1644
133 312 3 9 6981322
166 318 4 6 19411
326 491 4 4 236
131 60 9 5 2341
336 448 6 5 3763
392 136 4 7 33387
64 75 3 6 2399
211 433 10 7 59045
405 393 2 6 1442
415 14 6 1 7
475 69 5 6 15036
125 335 7 4 732
481 214 5 6 8342
125 1 1 7 11174
345 352 7 6 11883
511 191 6 4 616
398 405 8 4 384
204 231 9 5 2845
61 220 8 6 22702
359 498 3 9 5425989
413 159 7 4 402
4 62 7 4 646
458 351 1 8 129574
218 325 5 6 8772
184 488 2 5 644
131 327 9 6 10752
29 210 3 2 13
74 138 7 5 983
48 333 3 7 25065
110 339 10 4 1026
408 186 7 5 1275
340 441 3 3 47
251 446 7 6 8944
31 254 6 2 18
336 79 5 4 156
111 375 10 4 926
199 351 8 6 35607
258 429 3 6 3461
503 484 2 5 340
152 452 8 2 19
247 166 2 5 402
460 442 1 9 514638
81 489 7 6 33684
91 476 7 3 49
202 449 10 4 1131
137 230 8 5 1516
147 127 9 5 2975
229 424 5 7 75699
462 27 1 8 262659
387 140 10 5 4632
322 160 5 6 3483
177 218 2 2 9
53 275 4 5 621
268 37 4 4 256
330 88 10 4 273
107 462 9 2 16
508 252 5 5 1554
343 78 4 4 423
385 88 6 4 321
403 66 10 5 4559
424 490 3 4 137
266 293 2 6 1524
177 182 3 5 1328
149 4 7 4 344
423 324 5 3 55
504 180 2 4 204
457 115 9 5 1301
493 85 9 4 402
257 240 10 3 106
470 36 2 6 3801
179 507 2 5 448
473 504 2 7 27028
125 304 3 6 3964
363 434 7 4 407
175 87 5 5 729
183 464 5 3 67
186 482 7 2 16
146 458 4 8 992623
51 209 3 6 13604
413 464 7 2 34
331 130 2 4 53
194 161 8 4 269
345 204 1 5 228
342 194 3 9 2391460
10 115 7 5 2381
160 432 6 3 54
215 229 6 5 1865
484 191 2 4 70
41 250 2 5 1184
339 86 7 2 27
244 91 7 5 2328
61 236 5 4 126
190 394 4 8 426687
125 6 10 5 1680
508 205 4 6 15637
248 408 5 8 353888
411 280 1 8 77292
262 392 2 7 55215
400 392 1 6 1565
386 265 9 4 286
174 34 2 4 143
96 121 6 4 632
263 96 7 4 715
410 447 1 4 47
306 460 6 5 3490
191 279 3 5 1370
35 83 7 3 40
192 242 8 2 23
369 247 5 3 31
350 153 6 7 46633
479 274 9 6 34654
26 418 1 9 436744
301 269 9 6 11547
390 181 6 5 681
316 65 2 5 1126
85 146 9 6 33591
356 361 3 4 70
241 163 4 7 32730
284 239 8 3 113
364 384 10 5 1267
70 284 2 5 266
248 479 4 5 470
483 142 3 4 97
38 189 8 4 649
407 298 3 4 83
285 240 1 8 55358
22 131 5 4 192
427 98 6 6 14136
293 274 9 4 610
119 489 7 5 1493
332 489 10 7 284437
283 245 8 6 9797
358 491 10 6 32079
283 272 1 5 305
162 72 1 5 262
207 259 3 5 1208
246 89 1 5 326
359 59 4 4 107
71 492 6 6 10590
39 234 8 4 364
297 212 5 5 2888
256 326 3 5 437
400 423 2 6 2910
418 165 9 3 129
461 334 9 5 5944
451 500 6 4 511
63 480 2 7 23796
276 339 3 5 773
141 172 5 6 8931
299 64 8 1 9
93 402 1 9 496102
90 165 4 2 21
433 169 10 5 1172
445 468 10 5 3204
367 36 4 5 533
375 508 5 6 12491
225 288 2 2 8
82 296 1 6 2068
156 481 10 3 108
366 8 7 4 253
100 420 1 5 216
264 109 4 5 2270
92 14 10 6 29997
134 35 3 6 5969
414 441 6 5 3518
187 57 5 5 3471
42 133 4 4 94
473 266 7 3 47
458 119 1 5 270
192 360 2 6 2377
94 81 6 5 926
216 13 4 5 695
76 173 1 8 262028
120 454 10 5 1703
343 60 6 5 880
192 460 7 7 38122
184 465 6 5 1031
69 61 8 5 943
487 247 6 5 1589
266 308 1 6 1632
423 257 9 5 1819
421 192 2 5 440
143 98 1 7 7678
89 380 9 6 7872
228 398 10 5 4168
312 208 2 6 1733
51 506 7 4 190
373 53 3 5 560
494 121 4 6 18273
329 228 1 6 1625
86 229 3 4 197
476 119 5 6 19576
76 148 1 8 54061
58 21 4 3 57
443 33 7 4 551
233 353 8 1 5
141 25 3 3 22
195 58 1 5 493
287 178 6 5 1131
181 421 2 7 39904
419 33 10 4 1123
386 116 6 6 11967
163 39 7 5 3405
185 33 5 7 107895
185 471 10 4 282
186 5 2 6 6364
452 308 5 7 34228
382 35 8 7 104535
172 211 1 6 981
260 59 7 7 194500
333 111 8 4 660
57 59 8 2 17
202 115 1 7 6386
141 195 10 5 5224
510 426 9 7 72327
444 365 1 6 819
39 406 10 3 102
115 421 8 6 6430
317 45 8 6 28874
161 54 2 3 37
459 283 5 5 936
299 249 9 4 297
3 507 7 8 909701
229 428 8 1 9
29 73 6 5 2230
330 30 4 5 1371
398 118 1 6 3379
223 402 7 8 1143768
158 29 2 4 111
235 346 6 5 2721
361 212 8 5 1313
112 326 9 6 7760
345 235 2 7 31593
358 223 10 3 82
86 283 2 6 2947
467 161 1 6 1550
473 223 3 3 16
29 209 5 5 2743
376 243 4 6 4140
72 50 6 4 184
349 439 3 5 371
308 170 7 7 40123
140 271 2 7 10841
279 3 4 7 149376
207 34 7 5 1494
32 332 8 6 20053
149 170 3 4 307
183 54 7 2 14
325 171 9 5 2533
91 163 1 7 7656
40 473 4 5 1473
363 384 6 4 203
268 451 7 3 144
399 15 4 8 354264
356 368 7 6 4986
486 70 3 4 302
105 340 5 6 3775
435 24 7 6 22028
508 242 4 5 519
417 254 2 5 243
386 441 9 5 1936
89 423 6 7 30036
390 24 1 6 995
504 122 10 4 293
186 208 5 4 331
70 485 10 9 6888453
165 337 7 5 1530
18 30 10 4 768
169 36 7 2 29
212 392 1 6 1687
248 453 7 4 306
169 310 9 4 210
495 378 7 5 1948
241 469 8 4 569
179 231 2 2 7
119 322 10 5 1316
411 311 3 7 15324
227 258 5 4 193
160 45 3 3 41
463 202 10 2 27
208 153 9 4 200
140 420 6 5 1921
198 185 4 2 14
154 510 1 7 29432
314 121 5 5 1059
251 401 8 4 261
100 409 10 4 581
112 412 10 8 546649
28 505 4 5 470
296 137 10 5 1741
495 323 10 3 172
43 180 1 8 63258
159 171 1 5 322
109 281 6 5 1514
232 145 2 5 608
381 27 2 8 113871
140 401 1 9 1765997
103 320 2 5 1271
86 459 5 6 4012
489 382 1 6 4438
185 52 6 4 300
127 172 8 5 944
456 357 3 4 159
355 326 10 4 347
9 219 4 5 491
160 508 5 4 254
303 177 6 2 21
463 456 3 4 123
163 224 10 4 321
233 28 2 7 11760
142 354 6 6 7819
269 336 4 7 20074
258 44 6 7 57610
341 396 7 7 243687
436 81 1 7 12465
232 130 1 5 188
60 340 6 4 177
145 318 6 5 978
487 498 1 7 10804
165 470 2 4 98
123 193 2 6 1913
128 495 3 4 68
465 349 6 7 29662
146 365 5 4 218
425 335 3 7 114247
425 197 4 6 10586
9 241 10 8 505473
128 424 3 8 195593
140 125 5 3 102
143 503 3 5 413
109 200 1 7 8846
100 10 3 3 38
358 496 5 7 45945
42 454 7 5 1059
463 107 1 3 16
239 177 7 5 935
511 267 7 2 36
498 163 3 5 370
281 392 6 4 400
436 508 5 7 140381
270 121 8 2 35
289 495 8 4 238
327 260 6 4 196
288 510 5 5 659
13 86 9 6 6279
484 104 8 4 749
76 320 9 4 622
34 270 8 5 1629
417 262 2 4 122
339 117 3 8 295120
310 380 8 4 888
112 259 6 5 766
26 406 8 6 16936
255 223 7 3 115
45 291 3 7 56303
225 344 3 6 4971
440 106 4 7 149707
143 484 4 2 17
354 419 6 3 40
419 206 7 7 66383
119 339 9 4 943
226 436 7 4 210
439 497 1 5 413
194 26 4 4 155
100 262 1 6 1012
77 56 5 3 42
391 338 1 6 1981
197 35 4 7 111126
505 417 6 4 170
508 260 10 3 66
134 480 7 5 1370
209 492 9 1 6
463 286 8 3 142
121 55 3 5 986
94 58 9 7 59881
174 474 6 8 521808
131 54 7 5 1007
164 145 5 4 183
288 487 1 3 10
310 363 7 4 391
79 402 1 5 303
178 332 5 4 203
3 218 6 3 55
70 382 9 4 213
331 321 3 3 35
357 509 8 1 14
187 274 5 5 1733
179 105 1 5 579
292 415 7 4 252
153 385 8 2 24
98 383 10 5 1312
250 191 5 6 4552
80 417 2 2 7
165 178 5 6 4897
296 247 10 7 63613
66 366 5 9 2694189
185 205 7 4 411
39 301 9 3 152
495 509 5 2 14
324 396 5 5 2740
484 215 7 3 142
461 40 4 2 15
468 365 10 4 274
421 91 5 5 1632
478 225 1 7 6738
259 305 8 6 24978
64 82 4 4 174
357 475 3 5 1251
89 270 1 5 283
296 90 8 4 390
428 311 3 7 21324
473 126 9 3 138
348 165 4 5 822
245 192 4 5 1775
53 264 2 3 31
252 453 7 5 2652
13 167 9 3 165
245 367 5 6 3796
65 488 10 6 10363
178 501 8 3 169
55 321 6 1 8
217 504 4 5 1587
280 176 1 6 4746
472 426 3 5 1824
260 434 6 6 5002
54 13 8 4 697
118 10 7 6 10170
164 315 3 4 132
203 425 4 5 1095
460 428 7 7 49611
106 164 5 4 123
342 261 2 8 89391
343 26 7 4 288
188 194 10 6 7393
501 128 3 5 473
265 301 6 4 176
106 340 2 6 2713
449 100 7 4 292
25 280 8 9 3487781
