0 0 5 6 22192
0 1 7 4 500
0 2 10 3 58
0 3 3 5 1037
0 4 5 4 209
0 5 2 5 254
0 6 2 4 48
0 7 1 3 11
0 8 8 4 613
0 9 5 4 350
0 10 8 3 86
0 11 10 5 2159
0 12 10 4 346
0 13 4 5 1360
0 14 4 2 21
0 15 2 4 48
0 16 2 4 140
0 17 5 3 74
0 18 8 4 188
0 19 2 5 1094
0 20 7 3 144
0 21 3 3 19
0 22 6 3 39
0 23 7 4 681
0 24 5 3 33
0 25 6 5 2979
0 26 10 2 31
0 27 4 4 151
0 28 5 4 124
0 29 6 1 8
0 30 9 7 96520
0 31 10 1 14
0 32 5 4 120
0 33 10 2 35
0 34 9 2 19
0 35 5 4 124
0 36 5 6 11619
0 37 6 3 81
0 38 1 4 73
0 39 3 2 12
0 40 5 3 34
0 41 4 3 22
0 42 2 8 185588
0 43 8 3 132
0 44 7 4 669
0 45 10 3 102
0 46 6 3 47
0 47 2 3 26
0 48 9 2 32
0 49 4 4 166
0 50 5 7 97682
0 51 5 1 8
0 52 7 4 714
0 53 9 3 48
0 54 5 5 1620
0 55 5 3 45
0 56 2 4 138
0 57 7 5 890
0 58 2 4 124
0 59 1 4 112
0 60 2 8 370976
0 61 1 6 778
0 62 10 2 25
0 63 8 1 14
1 0 7 2 13
1 1 10 3 144
1 2 6 3 39
1 3 10 4 293
1 4 8 5 1888
1 5 5 3 92
1 6 7 5 1093
1 7 7 4 408
1 8 4 3 45
1 9 4 4 125
1 10 2 4 64
1 11 5 7 37234
1 12 10 4 349
1 13 1 6 1374
1 14 8 7 52136
1 15 9 2 25
1 16 4 3 88
1 17 3 5 919
1 18 6 2 16
1 19 8 2 22
1 20 7 5 3934
1 21 3 4 88
1 22 3 4 79
1 23 1 4 110
1 24 3 5 1643
1 25 3 6 5739
1 26 6 3 54
1 27 4 7 92711
1 28 4 5 485
1 29 5 4 277
1 30 9 6 24659
1 31 5 5 795
1 32 6 2 13
1 33 6 5 1268
1 34 10 1 6
1 35 4 7 152221
1 36 1 4 46
1 37 7 2 23
1 38 9 7 163967
1 39 1 4 49
1 40 2 5 508
1 41 8 3 67
1 42 10 3 73
1 43 6 4 423
1 44 3 3 59
1 45 9 6 7083
1 46 1 6 2232
1 47 10 3 61
1 48 5 6 8411
1 49 1 4 32
1 50 1 6 751
1 51 5 2 19
1 52 9 1 7
1 53 5 4 114
1 54 5 2 10
1 55 1 4 26
1 56 3 6 3415
1 57 8 3 166
1 58 9 3 49
1 59 8 1 4
1 60 1 3 12
1 61 8 3 113
1 62 7 1 8
1 63 10 3 105
2 0 3 8 184104
2 1 4 3 42
2 2 2 3 44
2 3 2 6 1965
2 4 6 8 311342
2 5 1 4 68
2 6 2 3 19
2 7 2 4 98
2 8 3 3 18
2 9 8 5 2484
2 10 5 4 429
2 11 10 3 84
2 12 7 1 10
2 13 1 6 4051
2 14 5 2 15
2 15 10 2 30
2 16 2 5 491
2 17 4 4 270
2 18 3 2 9
2 19 8 2 17
2 20 7 1 8
2 21 2 4 89
2 22 6 1 8
2 23 2 5 255
2 24 3 4 296
2 25 10 1 10
2 26 3 5 922
2 27 9 4 260
2 28 6 6 20191
2 29 9 4 647
2 30 3 7 47320
2 31 9 4 790
2 32 1 4 47
2 33 2 4 224
2 34 3 8 320431
2 35 3 3 25
2 36 1 3 11
2 37 8 1 5
2 38 9 1 10
2 39 7 5 1489
2 40 1 6 1101
2 41 9 3 132
2 42 2 4 170
2 43 3 3 44
2 44 9 4 1008
2 45 8 2 15
2 46 7 2 13
2 47 9 6 8669
2 48 6 4 546
2 49 7 5 1014
2 50 4 3 22
2 51 6 4 247
2 52 10 4 430
2 53 1 5 194
2 54 9 1 15
2 55 9 3 51
2 56 9 1 4
2 57 8 3 66
2 58 1 4 33
2 59 10 2 48
2 60 9 2 25
2 61 7 4 351
2 62 3 4 209
2 63 3 4 233
3 0 3 4 176
3 1 7 4 650
3 2 4 5 511
3 3 10 4 567
3 4 4 4 119
3 5 9 3 124
3 6 1 5 491
3 7 3 5 810
3 8 5 1 5
3 9 1 4 113
3 10 2 6 7482
3 11 9 4 271
3 12 4 3 34
3 13 7 6 15770
3 14 10 2 33
3 15 5 1 8
3 16 7 6 5665
3 17 10 4 251
3 18 1 5 230
3 19 2 7 26437
3 20 8 6 22512
3 21 10 2 46
3 22 4 8 184644
3 23 7 1 10
3 24 8 6 12244
3 25 6 2 15
3 26 3 3 43
3 27 4 3 25
3 28 9 5 1189
3 29 9 1 7
3 30 6 4 424
3 31 2 4 84
3 32 4 4 269
3 33 1 3 16
3 34 7 3 86
3 35 5 4 563
3 36 9 3 61
3 37 10 3 99
3 38 8 3 43
3 39 8 4 484
3 40 5 3 33
3 41 1 5 226
3 42 5 3 48
3 43 6 6 13265
3 44 10 5 5015
3 45 5 4 359
3 46 1 4 23
3 47 8 3 46
3 48 9 6 12953
3 49 5 6 3647
3 50 2 4 149
3 51 8 8 1040645
3 52 1 6 1317
3 53 7 3 151
3 54 2 3 43
3 55 1 3 21
3 56 8 2 21
3 57 1 4 27
3 58 3 4 91
3 59 1 3 6
3 60 3 5 558
3 61 4 3 48
3 62 7 5 803
3 63 9 4 950
4 0 8 5 931
4 1 10 6 11700
4 2 3 3 34
4 3 1 10 39225619
4 4 10 3 169
4 5 4 4 203
4 6 3 3 45
4 7 9 3 139
4 8 9 1 10
4 9 1 3 10
4 10 5 3 51
4 11 9 4 291
4 12 8 5 2349
4 13 1 4 52
4 14 6 1 8
4 15 9 7 86791
4 16 10 4 964
4 17 5 3 33
4 18 7 8 1204567
4 19 5 4 183
4 20 10 3 183
4 21 2 5 530
4 22 7 3 135
4 23 5 8 341248
4 24 5 1 6
4 25 9 3 51
4 26 10 2 30
4 27 2 4 76
4 28 7 2 23
4 29 2 4 147
4 30 1 3 6
4 31 9 2 33
4 32 9 3 122
4 33 6 5 836
4 34 6 2 25
4 35 5 3 57
4 36 2 6 1616
4 37 8 1 8
4 38 1 8 262391
4 39 8 2 27
4 40 1 8 144869
4 41 10 2 19
4 42 2 4 69
4 43 4 5 585
4 44 4 2 8
4 45 3 6 4543
4 46 2 4 76
4 47 5 5 1539
4 48 4 4 343
4 49 9 3 91
4 50 9 2 23
4 51 7 1 10
4 52 5 3 33
4 53 5 5 699
4 54 6 8 1563725
4 55 5 3 37
4 56 6 3 47
4 57 9 3 158
4 58 3 2 12
4 59 1 5 162
4 60 5 4 206
4 61 8 3 66
4 62 6 7 124324
4 63 8 7 43787
5 0 7 4 238
5 1 2 5 330
5 2 10 2 24
5 3 7 4 417
5 4 3 3 37
5 5 2 5 258
5 6 5 5 1822
5 7 4 4 435
5 8 8 2 33
5 9 7 2 16
5 10 9 5 2263
5 11 9 2 39
5 12 4 4 249
5 13 7 3 153
5 14 6 4 157
5 15 7 2 35
5 16 9 5 1826
5 17 9 1 12
5 18 6 3 54
5 19 1 6 1968
5 20 3 5 1135
5 21 2 4 135
5 22 3 4 249
5 23 5 6 5130
5 24 1 4 34
5 25 6 4 252
5 26 4 3 44
5 27 5 3 29
5 28 8 2 23
5 29 6 3 69
5 30 5 5 741
5 31 4 2 9
5 32 1 4 54
5 33 10 2 26
5 34 7 3 119
5 35 10 4 555
5 36 6 4 202
5 37 2 6 2695
5 38 2 2 8
5 39 10 5 1251
5 40 2 2 10
5 41 2 2 9
5 42 10 6 20755
5 43 10 4 537
5 44 1 5 156
5 45 4 5 541
5 46 1 6 1418
5 47 3 5 1217
5 48 6 1 6
5 49 2 4 219
5 50 7 3 104
5 51 2 7 59916
5 52 9 3 64
5 53 7 3 94
5 54 8 3 149
5 55 2 2 7
5 56 4 3 37
5 57 9 3 153
5 58 8 2 30
5 59 2 3 22
5 60 5 6 10118
5 61 2 6 2960
5 62 10 3 128
5 63 9 5 1217
6 0 3 2 9
6 1 4 6 3662
6 2 2 6 4136
6 3 6 1 9
6 4 4 2 14
6 5 5 6 15184
6 6 7 6 6249
6 7 3 2 11
6 8 1 4 34
6 9 1 3 12
6 10 9 1 9
6 11 5 2 17
6 12 3 5 555
6 13 8 3 83
6 14 6 4 362
6 15 6 6 12820
6 16 6 2 29
6 17 4 3 25
6 18 3 3 22
6 19 3 4 256
6 20 7 5 1124
6 21 6 5 2260
6 22 8 1 11
6 23 3 4 306
6 24 10 4 836
6 25 4 1 6
6 26 10 3 97
6 27 2 2 5
6 28 8 1 11
6 29 4 4 312
6 30 2 7 10406
6 31 8 4 661
6 32 1 3 11
6 33 10 1 12
6 34 1 5 258
6 35 3 4 218
6 36 8 7 214600
6 37 7 5 1802
6 38 7 4 345
6 39 3 4 68
6 40 1 3 22
6 41 2 4 106
6 42 1 6 1483
6 43 1 4 61
6 44 4 4 366
6 45 4 5 2083
6 46 9 3 197
6 47 6 5 2307
6 48 4 3 24
6 49 7 2 15
6 50 4 5 2163
6 51 1 4 73
6 52 9 6 17924
6 53 3 4 308
6 54 9 2 38
6 55 5 4 302
6 56 3 7 82562
6 57 5 6 6394
6 58 1 4 40
6 59 10 4 921
6 60 7 2 15
6 61 5 3 69
6 62 6 4 441
6 63 1 6 4674
7 0 5 5 909
7 1 5 3 65
7 2 3 4 107
7 3 1 6 1198
7 4 6 4 337
7 5 10 4 354
7 6 6 3 39
7 7 10 8 415611
7 8 4 3 84
7 9 9 3 197
7 10 3 7 29596
7 11 6 5 1419
7 12 2 3 39
7 13 10 6 15732
7 14 9 2 23
7 15 7 8 354615
7 16 8 3 90
7 17 9 6 19116
7 18 8 3 44
7 19 3 2 15
7 20 3 4 69
7 21 3 1 5
7 22 4 6 5094
7 23 6 5 915
7 24 5 3 100
7 25 4 2 14
7 26 7 2 32
7 27 6 2 13
7 28 10 3 55
7 29 1 4 29
7 30 8 4 683
7 31 2 3 15
7 32 9 3 182
7 33 6 2 15
7 34 6 3 113
7 35 9 2 21
7 36 10 3 181
7 37 2 6 1647
7 38 2 4 169
7 39 6 4 219
7 40 6 5 1340
7 41 4 4 229
7 42 9 8 500924
7 43 8 5 3638
7 44 7 1 9
7 45 1 3 6
7 46 2 5 506
7 47 7 2 31
7 48 4 4 393
7 49 10 3 189
7 50 1 4 63
7 51 9 6 23652
7 52 6 4 164
7 53 4 8 225278
7 54 4 7 95536
7 55 7 4 683
7 56 10 3 146
7 57 1 4 100
7 58 8 6 23579
7 59 9 4 265
7 60 3 1 4
7 61 7 2 15
7 62 2 4 90
7 63 1 5 348
8 0 9 5 1537
8 1 7 2 20
8 2 2 6 3302
8 3 8 4 318
8 4 10 3 83
8 5 1 4 24
8 6 7 1 11
8 7 10 4 451
8 8 5 4 328
8 9 3 3 42
8 10 3 4 139
8 11 1 6 1003
8 12 7 4 276
8 13 8 7 125022
8 14 6 3 33
8 15 1 3 22
8 16 9 4 205
8 17 5 3 91
8 18 6 1 5
8 19 1 5 431
8 20 5 6 3914
8 21 2 6 2129
8 22 6 4 138
8 23 3 7 38722
8 24 8 5 3994
8 25 5 2 17
8 26 2 5 965
8 27 2 4 57
8 28 1 3 7
8 29 8 2 17
8 30 9 3 101
8 31 8 8 2373596
8 32 3 6 13484
8 33 1 3 21
8 34 7 5 1181
8 35 10 3 85
8 36 7 3 135
8 37 9 1 14
8 38 1 5 361
8 39 5 3 95
8 40 3 4 138
8 41 10 6 18490
8 42 3 5 1126
8 43 4 2 9
8 44 4 2 18
8 45 6 4 506
8 46 2 5 451
8 47 3 4 125
8 48 10 1 8
8 49 2 5 336
8 50 8 2 18
8 51 3 1 5
8 52 6 3 104
8 53 10 1 6
8 54 2 4 160
8 55 7 5 4247
8 56 10 5 1159
8 57 8 4 620
8 58 2 4 52
8 59 2 5 426
8 60 5 4 486
8 61 1 4 24
8 62 3 5 692
8 63 7 5 2874
9 0 4 7 122035
9 1 6 1 5
9 2 7 3 150
9 3 5 4 274
9 4 1 6 1868
9 5 8 4 649
9 6 8 3 63
9 7 1 5 496
9 8 9 6 8992
9 9 3 3 31
9 10 6 3 64
9 11 6 5 1196
9 12 2 4 70
9 13 4 5 1614
9 14 10 3 193
9 15 8 3 58
9 16 5 2 18
9 17 4 5 486
9 18 2 3 17
9 19 4 4 136
9 20 4 5 2661
9 21 2 5 555
9 22 6 3 131
9 23 6 3 114
9 24 10 6 16758
9 25 6 4 588
9 26 7 1 11
9 27 10 5 2265
9 28 8 7 131002
9 29 1 5 484
9 30 8 5 2971
9 31 5 4 187
9 32 9 2 28
9 33 6 3 61
9 34 3 4 193
9 35 9 3 96
9 36 1 4 23
9 37 2 2 5
9 38 7 4 308
9 39 1 5 127
9 40 3 3 31
9 41 2 6 7261
9 42 2 7 20530
9 43 5 3 58
9 44 1 5 436
9 45 8 6 15755
9 46 10 5 3762
9 47 2 5 277
9 48 8 1 11
9 49 2 3 16
9 50 6 4 411
9 51 4 4 90
9 52 9 4 903
9 53 7 6 15764
9 54 1 5 175
9 55 1 4 86
9 56 6 2 13
9 57 5 4 186
9 58 6 4 517
9 59 1 3 10
9 60 5 5 999
9 61 4 6 9720
9 62 10 7 262712
9 63 4 6 8840
10 0 7 4 759
10 1 7 4 514
10 2 1 2 5
10 3 1 7 4973
10 4 10 3 57
10 5 6 4 148
10 6 3 3 24
10 7 3 4 160
10 8 10 4 793
10 9 2 5 426
10 10 9 2 41
10 11 4 2 10
10 12 8 3 50
10 13 3 6 8938
10 14 2 7 33548
10 15 6 4 162
10 16 10 3 154
10 17 2 5 1242
10 18 5 3 79
10 19 8 2 17
10 20 5 5 903
10 21 2 6 2877
10 22 10 1 7
10 23 9 1 14
10 24 6 3 50
10 25 5 3 55
10 26 8 5 3481
10 27 4 5 580
10 28 3 3 57
10 29 3 3 27
10 30 10 3 177
10 31 4 4 301
10 32 4 3 50
10 33 2 6 8944
10 34 9 4 492
10 35 9 2 26
10 36 4 8 221029
10 37 3 4 289
10 38 8 6 9049
10 39 2 4 187
10 40 3 3 18
10 41 8 1 12
10 42 8 1 8
10 43 9 4 773
10 44 5 4 204
10 45 2 3 11
10 46 9 4 545
10 47 7 5 1502
10 48 1 5 155
10 49 4 5 598
10 50 9 3 75
10 51 7 3 94
10 52 1 3 18
10 53 5 3 90
10 54 6 7 77026
10 55 6 3 45
10 56 10 2 32
10 57 6 6 19316
10 58 1 4 42
10 59 1 4 27
10 60 1 4 100
10 61 8 3 102
10 62 8 2 31
10 63 10 1 17
11 0 4 2 13
11 1 2 4 50
11 2 9 4 286
11 3 10 1 11
11 4 9 4 392
11 5 2 4 71
11 6 10 6 48660
11 7 3 4 88
11 8 9 4 584
11 9 1 5 467
11 10 7 3 48
11 11 7 3 81
11 12 9 2 47
11 13 6 6 7692
11 14 2 4 119
11 15 4 4 323
11 16 3 4 213
11 17 8 4 534
11 18 7 3 56
11 19 9 5 3016
11 20 2 3 24
11 21 10 2 51
11 22 8 1 13
11 23 8 1 12
11 24 8 4 283
11 25 4 4 106
11 26 5 5 1126
11 27 7 4 484
11 28 2 5 885
11 29 2 5 1025
11 30 7 6 11362
11 31 6 3 51
11 32 3 5 1413
11 33 6 3 59
11 34 10 2 21
11 35 1 3 7
11 36 8 3 58
11 37 10 5 5104
11 38 5 3 101
11 39 9 3 74
11 40 10 4 887
11 41 3 4 122
11 42 10 4 691
11 43 8 3 122
11 44 7 4 220
11 45 9 4 278
11 46 7 3 144
11 47 5 1 5
11 48 4 2 11
11 49 2 7 20291
11 50 3 2 11
11 51 9 1 7
11 52 7 5 905
11 53 4 5 987
11 54 8 5 2385
11 55 1 5 555
11 56 7 3 106
11 57 10 5 2509
11 58 2 3 43
11 59 9 3 162
11 60 3 2 7
11 61 2 9 5416234
11 62 9 2 20
11 63 8 1 11
12 0 4 4 105
12 1 9 3 129
12 2 10 5 3217
12 3 10 2 22
12 4 3 5 901
12 5 4 6 9423
12 6 1 6 1266
12 7 2 5 367
12 8 2 6 2529
12 9 9 2 16
12 10 1 6 1036
12 11 4 6 2859
12 12 1 5 140
12 13 9 3 83
12 14 5 4 248
12 15 5 4 122
12 16 1 5 655
12 17 9 4 448
12 18 1 3 10
12 19 6 4 540
12 20 7 1 7
12 21 6 2 27
12 22 6 4 458
12 23 9 3 102
12 24 4 6 2832
12 25 5 4 220
12 26 10 5 1933
12 27 9 5 2486
12 28 6 4 641
12 29 3 3 19
12 30 8 3 152
12 31 10 4 359
12 32 10 3 182
12 33 1 4 111
12 34 4 3 38
12 35 5 3 34
12 36 8 6 10602
12 37 5 3 30
12 38 9 5 5083
12 39 9 4 250
12 40 6 2 31
12 41 4 3 80
12 42 10 7 56313
12 43 4 6 6564
12 44 5 3 105
12 45 5 5 2634
12 46 10 5 3688
12 47 10 4 1036
12 48 9 1 9
12 49 3 4 96
12 50 3 7 40350
12 51 10 3 173
12 52 4 3 59
12 53 2 7 15525
12 54 6 4 179
12 55 10 2 26
12 56 9 3 132
12 57 4 7 77777
12 58 6 3 68
12 59 3 5 393
12 60 1 4 76
12 61 9 5 3012
12 62 6 4 169
12 63 9 1 9
13 0 3 5 1311
13 1 1 5 205
13 2 6 1 8
13 3 6 5 2054
13 4 5 3 63
13 5 4 1 7
13 6 1 5 121
13 7 2 5 254
13 8 1 6 1149
13 9 6 2 12
13 10 5 4 529
13 11 8 2 30
13 12 10 1 8
13 13 8 4 183
13 14 5 3 51
13 15 9 4 200
13 16 4 8 224134
13 17 1 4 60
13 18 2 5 770
13 19 3 5 343
13 20 5 2 14
13 21 5 2 9
13 22 8 3 46
13 23 8 3 120
13 24 5 2 20
13 25 2 3 32
13 26 8 3 56
13 27 8 2 24
13 28 1 5 203
13 29 7 7 79030
13 30 5 2 25
13 31 2 6 3324
13 32 5 2 14
13 33 3 6 3403
13 34 6 3 48
13 35 9 1 10
13 36 9 1 12
13 37 8 6 36708
13 38 1 4 23
13 39 7 3 103
13 40 4 6 7463
13 41 9 4 405
13 42 6 4 173
13 43 7 2 22
13 44 8 3 59
13 45 10 7 360072
13 46 3 3 39
13 47 6 3 74
13 48 6 1 5
13 49 8 2 38
13 50 1 3 22
13 51 5 4 220
13 52 5 4 158
13 53 6 5 2495
13 54 9 5 1788
13 55 8 3 44
13 56 3 4 119
13 57 6 5 702
13 58 4 7 31882
13 59 4 4 153
13 60 6 3 41
13 61 4 4 107
13 62 1 4 81
13 63 9 4 507
14 0 6 3 47
14 1 6 3 38
14 2 10 3 99
14 3 9 3 106
14 4 5 2 19
14 5 10 2 32
14 6 8 2 32
14 7 10 3 116
14 8 7 3 116
14 9 2 6 3653
14 10 7 4 248
14 11 6 3 71
14 12 10 6 33866
14 13 9 2 47
14 14 7 7 86985
14 15 5 1 6
14 16 5 2 24
14 17 6 4 399
14 18 7 6 9362
14 19 10 2 37
14 20 6 5 838
14 21 6 5 881
14 22 1 3 11
14 23 8 4 199
14 24 5 3 39
14 25 6 6 14104
14 26 8 2 22
14 27 3 4 78
14 28 3 2 15
14 29 5 2 21
14 30 1 5 130
14 31 4 10 20007718
14 32 8 4 222
14 33 9 2 19
14 34 2 4 48
14 35 4 4 169
14 36 1 4 56
14 37 1 5 237
14 38 7 4 290
14 39 1 6 1225
14 40 5 4 176
14 41 7 6 29760
14 42 3 5 369
14 43 4 4 252
14 44 5 4 231
14 45 8 3 86
14 46 9 4 288
14 47 8 2 18
14 48 4 3 82
14 49 10 1 9
14 50 2 3 42
14 51 9 5 3143
14 52 9 5 1325
14 53 7 1 6
14 54 7 1 8
14 55 6 5 1739
14 56 10 4 475
14 57 8 1 14
14 58 6 2 11
14 59 4 4 119
14 60 2 5 1268
14 61 9 5 1053
14 62 9 8 902901
14 63 2 4 66
15 0 7 3 62
15 1 5 2 9
15 2 7 1 10
15 3 9 3 120
15 4 3 4 130
15 5 2 3 11
15 6 4 3 27
15 7 5 5 961
15 8 10 1 10
15 9 10 3 55
15 10 2 5 253
15 11 4 5 872
15 12 8 3 56
15 13 10 2 20
15 14 1 3 18
15 15 6 3 49
15 16 9 4 883
15 17 9 1 4
15 18 9 2 43
15 19 4 3 24
15 20 6 4 382
15 21 10 5 1390
15 22 2 3 32
15 23 5 3 64
15 24 2 3 42
15 25 5 5 1203
15 26 3 6 9180
15 27 3 3 35
15 28 7 3 68
15 29 9 3 52
15 30 6 3 83
15 31 9 2 42
15 32 10 6 23519
15 33 7 4 177
15 34 8 4 339
15 35 9 2 38
15 36 9 6 9198
15 37 10 1 5
15 38 9 9 4047359
15 39 4 6 3926
15 40 6 1 4
15 41 7 2 23
15 42 10 5 2432
15 43 10 4 347
15 44 6 1 10
15 45 8 2 23
15 46 4 4 119
15 47 7 2 21
15 48 9 3 132
15 49 1 4 37
15 50 5 4 242
15 51 5 2 19
15 52 10 6 7535
15 53 10 3 64
15 54 9 4 471
15 55 4 3 29
15 56 9 4 285
15 57 8 1 14
15 58 8 1 9
15 59 5 4 200
15 60 3 3 37
15 61 7 1 7
15 62 7 1 7
15 63 6 3 39
16 0 1 7 7134
16 1 2 8 80066
16 2 5 6 7003
16 3 9 4 627
16 4 9 1 15
16 5 5 2 16
16 6 5 3 63
16 7 4 4 320
16 8 8 6 5712
16 9 10 5 5491
16 10 4 2 10
16 11 6 2 30
16 12 3 5 2025
16 13 3 6 3922
16 14 8 6 17766
16 15 10 3 137
16 16 9 6 10609
16 17 7 8 1156148
16 18 7 4 318
16 19 10 4 269
16 20 5 5 2165
16 21 7 4 162
16 22 2 5 501
16 23 7 5 3631
16 24 3 2 6
16 25 9 5 4479
16 26 6 3 88
16 27 3 4 149
16 28 4 5 1004
16 29 4 1 5
16 30 10 5 1433
16 31 5 5 800
16 32 9 4 539
16 33 7 9 6917216
16 34 7 8 348936
16 35 2 3 43
16 36 9 2 34
16 37 8 3 74
16 38 4 4 231
16 39 4 3 66
16 40 7 3 140
16 41 6 2 18
16 42 7 4 171
16 43 1 6 1772
16 44 9 5 1243
16 45 3 4 147
16 46 3 5 425
16 47 1 4 26
16 48 7 3 122
16 49 5 4 245
16 50 1 3 17
16 51 8 5 3839
16 52 8 3 72
16 53 10 3 80
16 54 9 3 135
16 55 6 4 227
16 56 8 1 6
16 57 9 3 79
16 58 4 3 30
16 59 6 4 497
16 60 4 4 284
16 61 4 4 405
16 62 5 3 35
16 63 8 3 115
17 0 7 4 225
17 1 1 3 10
17 2 1 5 644
17 3 10 2 44
17 4 7 2 22
17 5 8 1 12
17 6 10 5 5041
17 7 1 4 92
17 8 5 3 48
17 9 4 4 96
17 10 7 3 81
17 11 6 6 25239
17 12 2 4 95
17 13 5 4 126
17 14 8 5 951
17 15 3 4 106
17 16 5 3 76
17 17 3 4 131
17 18 1 3 7
17 19 10 6 37514
17 20 6 6 10117
17 21 4 5 1098
17 22 6 4 252
17 23 2 5 264
17 24 10 1 16
17 25 2 4 108
17 26 10 3 59
17 27 5 3 44
17 28 6 2 29
17 29 10 8 922984
17 30 8 3 130
17 31 9 1 14
17 32 3 2 12
17 33 5 1 6
17 34 9 3 109
17 35 7 3 43
17 36 10 4 514
17 37 4 3 28
17 38 7 1 12
17 39 10 2 18
17 40 3 2 8
17 41 2 8 491701
17 42 10 1 5
17 43 10 2 51
17 44 9 5 1378
17 45 1 4 105
17 46 2 2 7
17 47 1 3 17
17 48 2 3 14
17 49 8 5 1940
17 50 5 2 21
17 51 3 1 4
17 52 8 4 235
17 53 1 4 109
17 54 1 7 9566
17 55 4 5 622
17 56 10 4 327
17 57 7 3 68
17 58 2 4 78
17 59 3 7 24603
17 60 4 4 199
17 61 1 5 431
17 62 10 4 377
17 63 1 2 5
18 0 8 3 112
18 1 4 5 1172
18 2 2 8 602169
18 3 5 4 438
18 4 8 5 2361
18 5 3 4 227
18 6 8 3 93
18 7 7 3 46
18 8 8 1 14
18 9 6 1 7
18 10 4 2 8
18 11 2 4 52
18 12 6 8 475013
18 13 9 2 43
18 14 4 4 396
18 15 3 3 32
18 16 5 1 5
18 17 1 5 195
18 18 4 4 374
18 19 3 5 611
18 20 1 4 71
18 21 10 7 81067
18 22 8 4 588
18 23 1 6 4797
18 24 5 8 384942
18 25 6 2 17
18 26 7 1 9
18 27 3 4 123
18 28 3 4 265
18 29 6 5 2653
18 30 4 3 23
18 31 7 6 8225
18 32 4 2 8
18 33 2 2 6
18 34 4 5 543
18 35 8 5 4720
18 36 2 6 7955
18 37 7 1 6
18 38 5 4 154
18 39 1 5 212
18 40 2 5 436
18 41 3 6 7706
18 42 3 3 24
18 43 7 3 49
18 44 7 5 1573
18 45 1 4 30
18 46 5 5 1275
18 47 8 1 5
18 48 4 4 199
18 49 8 7 69300
18 50 3 5 473
18 51 8 10 168014823
18 52 3 5 831
18 53 8 1 12
18 54 5 3 86
18 55 9 2 27
18 56 7 3 152
18 57 6 6 5683
18 58 2 5 782
18 59 9 6 7419
18 60 8 2 20
18 61 2 5 1221
18 62 3 6 4294
18 63 7 4 379
19 0 8 6 25592
19 1 5 6 10730
19 2 7 2 31
19 3 6 3 129
19 4 6 4 171
19 5 2 3 31
19 6 2 3 43
19 7 8 6 13541
19 8 9 4 224
19 9 9 4 675
19 10 8 2 30
19 11 1 4 79
19 12 10 3 64
19 13 2 8 357972
19 14 10 3 90
19 15 4 1 5
19 16 6 5 1463
19 17 1 5 277
19 18 7 3 110
19 19 2 7 16521
19 20 7 2 16
19 21 1 5 346
19 22 5 3 89
19 23 7 3 105
19 24 7 2 17
19 25 5 3 40
19 26 8 3 63
19 27 5 4 171
19 28 6 3 60
19 29 10 3 173
19 30 6 3 69
19 31 4 5 777
19 32 7 4 226
19 33 7 4 214
19 34 3 3 19
19 35 2 4 203
19 36 8 4 324
19 37 7 1 8
19 38 9 5 1081
19 39 9 2 18
19 40 1 7 14268
19 41 4 3 45
19 42 4 2 9
19 43 3 5 1327
19 44 5 2 14
19 45 2 5 570
19 46 6 2 20
19 47 5 3 70
19 48 4 3 36
19 49 10 4 364
19 50 7 4 296
19 51 4 1 5
19 52 10 1 12
19 53 8 1 5
19 54 3 6 5485
19 55 6 6 22451
19 56 2 5 969
19 57 8 1 5
19 58 3 4 255
19 59 7 6 23038
19 60 6 7 33177
19 61 4 7 54694
19 62 4 5 593
19 63 3 3 29
20 0 6 3 35
20 1 9 2 25
20 2 6 3 54
20 3 7 1 4
20 4 5 3 62
20 5 6 6 9237
20 6 2 4 122
20 7 1 5 182
20 8 2 6 1740
20 9 10 3 173
20 10 2 5 270
20 11 6 3 116
20 12 4 1 4
20 13 1 3 19
20 14 2 5 767
20 15 8 4 260
20 16 1 4 26
20 17 1 3 15
20 18 10 2 43
20 19 5 4 148
20 20 10 3 70
20 21 7 3 103
20 22 10 1 7
20 23 9 3 79
20 24 5 4 151
20 25 4 2 15
20 26 7 5 1526
20 27 9 2 16
20 28 7 2 37
20 29 4 7 94058
20 30 2 5 285
20 31 10 2 44
20 32 2 5 770
20 33 5 3 68
20 34 7 5 1047
20 35 1 6 1134
20 36 8 4 245
20 37 7 4 156
20 38 4 4 335
20 39 7 5 1775
20 40 3 2 13
20 41 4 2 14
20 42 8 3 72
20 43 3 5 647
20 44 6 3 50
20 45 5 5 1029
20 46 1 4 86
20 47 9 5 1224
20 48 3 3 60
20 49 8 7 85604
20 50 9 3 50
20 51 3 6 12548
20 52 9 3 198
20 53 7 2 32
20 54 8 4 494
20 55 3 3 26
20 56 5 3 36
20 57 5 6 5270
20 58 3 5 1279
20 59 9 5 2836
20 60 6 3 128
20 61 6 6 7526
20 62 1 5 258
20 63 2 3 38
21 0 1 6 4556
21 1 10 3 126
21 2 6 2 21
21 3 9 4 323
21 4 8 4 220
21 5 8 3 153
21 6 6 4 252
21 7 2 5 352
21 8 6 2 27
21 9 9 4 690
21 10 8 5 4514
21 11 6 6 10570
21 12 3 3 59
21 13 3 3 26
21 14 6 6 5646
21 15 3 6 2919
21 16 5 6 23709
21 17 1 4 37
21 18 7 2 36
21 19 1 8 72694
21 20 4 3 69
21 21 8 4 339
21 22 2 4 53
21 23 3 5 831
21 24 10 6 7946
21 25 6 5 2181
21 26 3 3 63
21 27 3 4 73
21 28 7 4 330
21 29 2 5 946
21 30 3 4 89
21 31 2 5 1187
21 32 5 4 507
21 33 5 2 20
21 34 3 4 121
21 35 4 2 18
21 36 8 2 16
21 37 8 1 9
21 38 5 3 30
21 39 5 4 395
21 40 4 3 43
21 41 4 2 14
21 42 10 2 35
21 43 3 4 233
21 44 2 5 313
21 45 5 4 508
21 46 5 3 27
21 47 3 2 6
21 48 2 5 563
21 49 3 7 15729
21 50 8 3 85
21 51 1 6 756
21 52 7 6 8804
21 53 10 3 196
21 54 10 2 48
21 55 7 3 51
21 56 3 5 1861
21 57 6 4 174
21 58 3 4 132
21 59 7 4 172
21 60 9 4 565
21 61 2 3 31
21 62 9 5 2291
21 63 2 6 4278
22 0 9 5 1048
22 1 2 5 1076
22 2 8 3 126
22 3 6 5 3237
22 4 4 4 142
22 5 3 3 30
22 6 3 4 158
22 7 9 3 121
22 8 4 4 242
22 9 10 2 46
22 10 10 2 33
22 11 9 4 373
22 12 7 2 20
22 13 2 4 109
22 14 6 4 160
22 15 1 5 489
22 16 2 4 178
22 17 2 4 63
22 18 10 3 210
22 19 8 5 5223
22 20 3 3 31
22 21 2 6 5386
22 22 5 4 307
22 23 3 5 406
22 24 1 7 6644
22 25 3 3 26
22 26 1 6 768
22 27 4 4 240
22 28 3 4 191
22 29 5 9 2263341
22 30 7 1 4
22 31 2 7 15928
22 32 10 3 131
22 33 9 3 54
22 34 2 3 21
22 35 5 2 9
22 36 3 3 47
22 37 9 3 53
22 38 3 4 305
22 39 7 3 116
22 40 4 8 463826
22 41 9 1 5
22 42 7 5 2185
22 43 5 1 5
22 44 3 2 14
22 45 9 5 1282
22 46 10 5 2696
22 47 10 2 30
22 48 7 2 24
22 49 3 5 400
22 50 4 4 331
22 51 5 3 35
22 52 5 2 22
22 53 9 5 6035
22 54 2 3 12
22 55 7 5 3251
22 56 7 1 7
22 57 2 5 345
22 58 3 5 746
22 59 3 4 118
22 60 7 4 341
22 61 7 7 44245
22 62 6 1 6
22 63 6 5 2051
23 0 8 4 195
23 1 10 3 158
23 2 10 4 668
23 3 10 6 37221
23 4 3 3 60
23 5 3 3 49
23 6 6 3 113
23 7 8 3 92
23 8 5 3 81
23 9 10 4 225
23 10 8 4 402
23 11 10 6 25560
23 12 1 6 729
23 13 3 4 122
23 14 3 6 6217
23 15 8 5 5454
23 16 7 2 28
23 17 7 1 12
23 18 4 4 97
23 19 7 3 39
23 20 3 1 4
23 21 7 5 1137
23 22 7 5 1606
23 23 7 3 105
23 24 2 3 19
23 25 6 4 148
23 26 3 2 9
23 27 7 3 134
23 28 4 5 766
23 29 2 4 78
23 30 3 5 431
23 31 10 1 8
23 32 7 2 16
23 33 6 2 15
23 34 10 2 19
23 35 5 3 60
23 36 8 2 19
23 37 7 3 95
23 38 2 3 16
23 39 7 6 23105
23 40 6 3 86
23 41 1 4 32
23 42 6 1 9
23 43 8 2 42
23 44 9 1 12
23 45 9 4 331
23 46 9 3 61
23 47 10 2 32
23 48 2 4 139
23 49 3 5 341
23 50 5 3 40
23 51 4 4 158
23 52 5 3 30
23 53 10 4 1122
23 54 6 5 1438
23 55 5 1 8
23 56 7 5 1811
23 57 5 10 29121785
23 58 5 2 16
23 59 1 4 82
23 60 3 6 7673
23 61 2 5 898
23 62 2 3 16
23 63 4 3 57
24 0 8 4 343
24 1 7 4 186
24 2 2 4 201
24 3 1 10 7139141
24 4 2 2 5
24 5 2 7 43844
24 6 4 3 26
24 7 6 4 664
24 8 7 2 24
24 9 2 5 277
24 10 6 4 197
24 11 10 6 11569
24 12 4 6 4088
24 13 6 3 41
24 14 4 3 34
24 15 1 4 31
24 16 2 9 931664
24 17 1 3 12
24 18 8 4 417
24 19 8 3 57
24 20 3 5 677
24 21 3 5 490
24 22 3 5 863
24 23 8 1 14
24 24 3 4 87
24 25 2 6 2425
24 26 6 5 1513
24 27 8 2 15
24 28 3 5 1929
24 29 6 1 8
24 30 9 1 11
24 31 3 3 56
24 32 3 2 11
24 33 3 4 74
24 34 8 2 38
24 35 3 5 1868
24 36 7 2 17
24 37 10 6 9378
24 38 3 3 22
24 39 8 2 20
24 40 9 3 115
24 41 7 5 2085
24 42 2 4 225
24 43 8 3 67
24 44 2 4 48
24 45 2 5 341
24 46 3 4 146
24 47 3 3 17
24 48 2 3 21
24 49 7 7 91668
24 50 10 1 12
24 51 5 3 76
24 52 1 5 171
24 53 8 2 17
24 54 9 2 35
24 55 2 7 10591
24 56 9 5 1047
24 57 10 1 16
24 58 5 6 9377
24 59 4 4 158
24 60 10 1 11
24 61 1 5 477
24 62 8 8 447853
24 63 9 4 548
25 0 5 4 122
25 1 2 4 158
25 2 3 6 7039
25 3 1 5 152
25 4 3 3 44
25 5 3 2 8
25 6 8 4 633
25 7 7 1 11
25 8 3 2 15
25 9 7 8 289579
25 10 6 2 23
25 11 8 2 31
25 12 9 1 8
25 13 9 4 344
25 14 6 3 45
25 15 4 5 464
25 16 4 3 72
25 17 9 1 7
25 18 6 7 224480
25 19 9 3 48
25 20 7 3 102
25 21 1 4 54
25 22 4 3 22
25 23 8 4 313
25 24 9 3 106
25 25 1 4 67
25 26 2 4 66
25 27 3 2 11
25 28 2 4 69
25 29 3 2 13
25 30 4 4 95
25 31 3 3 52
25 32 7 3 86
25 33 4 3 84
25 34 10 2 45
25 35 5 7 83703
25 36 3 3 54
25 37 9 4 267
25 38 9 3 109
25 39 10 3 70
25 40 2 3 26
25 41 10 2 47
25 42 3 5 684
25 43 6 6 15919
25 44 8 1 13
25 45 10 6 15220
25 46 1 5 602
25 47 9 2 18
25 48 8 4 623
25 49 2 3 20
25 50 7 4 266
25 51 9 3 94
25 52 5 5 1368
25 53 6 3 124
25 54 3 4 323
25 55 7 4 727
25 56 1 4 103
25 57 1 7 24598
25 58 1 4 33
25 59 4 2 16
25 60 5 3 33
25 61 9 2 36
25 62 6 1 5
25 63 9 4 478
26 0 3 4 84
26 1 5 2 9
26 2 9 1 12
26 3 7 5 4394
26 4 4 4 193
26 5 5 9 2152972
26 6 3 3 61
26 7 9 5 2096
26 8 1 3 7
26 9 8 7 82782
26 10 7 1 9
26 11 5 2 21
26 12 4 5 473
26 13 2 4 68
26 14 5 2 17
26 15 4 4 151
26 16 9 3 132
26 17 7 1 7
26 18 4 4 102
26 19 2 5 1097
26 20 2 5 1195
26 21 7 3 118
26 22 4 5 830
26 23 7 4 556
26 24 8 2 25
26 25 6 5 2297
26 26 7 2 22
26 27 1 4 42
26 28 9 1 10
26 29 4 2 16
26 30 1 6 2444
26 31 3 5 1719
26 32 8 2 17
26 33 7 6 31401
26 34 3 4 240
26 35 1 3 22
26 36 1 6 975
26 37 8 3 60
26 38 8 4 227
26 39 8 3 141
26 40 10 3 127
26 41 3 3 26
26 42 5 5 580
26 43 9 4 863
26 44 6 6 9326
26 45 9 6 30780
26 46 5 3 103
26 47 10 1 5
26 48 2 4 76
26 49 2 5 1012
26 50 5 6 18081
26 51 10 1 7
26 52 1 7 5760
26 53 5 4 156
26 54 7 4 379
26 55 5 5 632
26 56 10 4 1022
26 57 2 2 5
26 58 8 2 15
26 59 6 4 147
26 60 4 3 52
26 61 3 5 687
26 62 2 4 76
26 63 9 3 80
27 0 6 5 1799
27 1 7 8 553438
27 2 6 4 325
27 3 6 2 18
27 4 10 2 37
27 5 1 8 113400
27 6 10 2 34
27 7 5 6 4040
27 8 10 4 306
27 9 5 2 11
27 10 5 2 22
27 11 8 3 173
27 12 1 5 311
27 13 8 2 21
27 14 1 10 9488510
27 15 4 4 102
27 16 7 2 22
27 17 9 1 9
27 18 1 6 3122
27 19 3 6 11350
27 20 4 2 9
27 21 2 7 30488
27 22 4 4 152
27 23 5 3 67
27 24 10 4 908
27 25 5 3 41
27 26 7 2 14
27 27 9 4 621
27 28 4 3 37
27 29 8 4 787
27 30 6 2 13
27 31 4 4 182
27 32 9 1 10
27 33 9 5 2084
27 34 8 2 34
27 35 7 5 4760
27 36 1 7 11155
27 37 9 1 5
27 38 1 4 23
27 39 7 5 1193
27 40 8 1 7
27 41 6 6 11329
27 42 7 5 2163
27 43 6 6 10882
27 44 7 4 193
27 45 3 3 29
27 46 2 7 14281
27 47 6 5 924
27 48 2 3 34
27 49 6 4 412
27 50 6 3 70
27 51 8 2 36
27 52 10 5 1919
27 53 8 1 4
27 54 1 5 357
27 55 1 8 97987
27 56 7 2 14
27 57 9 7 88446
27 58 1 5 472
27 59 3 7 108847
27 60 8 3 60
27 61 5 2 10
27 62 1 4 26
27 63 10 2 33
28 0 1 3 20
28 1 8 5 2471
28 2 4 5 684
28 3 4 3 65
28 4 5 2 14
28 5 2 5 311
28 6 10 1 17
28 7 9 2 21
28 8 1 6 1402
28 9 9 2 44
28 10 7 3 50
28 11 5 2 16
28 12 2 5 1310
28 13 3 3 18
28 14 4 2 21
28 15 8 3 58
28 16 1 6 719
28 17 7 5 2622
28 18 6 2 22
28 19 9 1 12
28 20 6 4 204
28 21 5 3 35
28 22 7 3 93
28 23 5 1 7
28 24 7 2 36
28 25 6 2 19
28 26 4 4 90
28 27 7 2 20
28 28 1 3 20
28 29 2 5 514
28 30 4 6 6573
28 31 6 5 1234
28 32 10 2 23
28 33 5 1 7
28 34 8 2 29
28 35 1 7 5694
28 36 8 5 1658
28 37 9 1 10
28 38 10 5 4919
28 39 5 2 15
28 40 9 2 34
28 41 10 1 6
28 42 2 5 918
28 43 1 6 1499
28 44 9 2 18
28 45 3 4 88
28 46 6 5 3873
28 47 3 4 317
28 48 9 4 239
28 49 3 4 111
28 50 8 4 260
28 51 9 3 140
28 52 9 1 13
28 53 10 3 113
28 54 9 6 8177
28 55 6 4 368
28 56 10 4 816
28 57 8 3 81
28 58 3 6 6178
28 59 8 6 7645
28 60 8 2 30
28 61 6 4 565
28 62 10 1 12
28 63 5 6 15144
29 0 1 6 2513
29 1 1 4 24
29 2 6 3 52
29 3 6 2 15
29 4 3 7 31091
29 5 5 4 514
29 6 6 1 5
29 7 2 4 166
29 8 8 4 324
29 9 1 5 141
29 10 4 4 219
29 11 3 4 310
29 12 7 4 265
29 13 8 5 2444
29 14 8 1 11
29 15 6 4 624
29 16 5 2 16
29 17 3 3 22
29 18 8 3 122
29 19 3 6 4327
29 20 6 4 638
29 21 7 1 4
29 22 1 4 70
29 23 2 3 41
29 24 9 7 89918
29 25 2 9 1069178
29 26 1 8 160667
29 27 7 6 13404
29 28 5 5 1314
29 29 8 1 13
29 30 4 1 6
29 31 3 4 73
29 32 4 6 13762
29 33 5 4 174
29 34 1 8 170095
29 35 5 4 487
29 36 2 6 6617
29 37 5 4 531
29 38 4 4 111
29 39 8 5 1096
29 40 4 6 12286
29 41 9 6 15969
29 42 9 1 7
29 43 8 3 174
29 44 9 5 2949
29 45 6 6 8233
29 46 6 3 49
29 47 5 3 40
29 48 10 2 24
29 49 9 4 263
29 50 4 2 16
29 51 9 4 337
29 52 3 3 46
29 53 6 3 58
29 54 4 6 3616
29 55 5 2 18
29 56 7 3 39
29 57 5 3 37
29 58 4 6 6986
29 59 1 5 232
29 60 8 3 161
29 61 2 8 111377
29 62 8 7 53456
29 63 3 4 136
30 0 1 4 44
30 1 7 1 5
30 2 10 4 359
30 3 10 3 74
30 4 1 3 14
30 5 1 5 561
30 6 9 5 1349
30 7 4 2 18
30 8 4 5 2575
30 9 4 5 461
30 10 1 4 37
30 11 6 3 86
30 12 1 4 105
30 13 1 2 4
30 14 5 3 57
30 15 4 2 11
30 16 5 4 258
30 17 9 2 23
30 18 5 6 9112
30 19 6 1 6
30 20 2 3 35
30 21 5 4 474
30 22 2 4 55
30 23 2 3 37
30 24 4 3 78
30 25 10 4 268
30 26 9 5 6151
30 27 1 5 265
30 28 1 8 308269
30 29 4 4 369
30 30 1 2 4
30 31 5 4 343
30 32 1 8 58395
30 33 5 4 133
30 34 2 3 25
30 35 6 8 903911
30 36 2 6 8012
30 37 3 6 5719
30 38 1 3 10
30 39 2 6 1419
30 40 3 3 18
30 41 1 3 10
30 42 6 4 175
30 43 8 1 11
30 44 2 5 1136
30 45 9 3 174
30 46 3 4 325
30 47 7 4 168
30 48 2 4 83
30 49 10 3 67
30 50 10 2 49
30 51 6 1 9
30 52 9 3 102
30 53 1 3 9
30 54 5 5 1573
30 55 6 4 374
30 56 3 4 260
30 57 5 2 12
30 58 3 5 543
30 59 10 3 79
30 60 3 6 2608
30 61 6 5 1012
30 62 9 5 1421
30 63 6 3 76
31 0 2 4 49
31 1 4 3 30
31 2 3 5 411
31 3 3 3 49
31 4 8 4 468
31 5 10 4 232
31 6 8 4 238
31 7 4 3 23
31 8 10 4 857
31 9 9 2 38
31 10 9 3 115
31 11 6 7 166253
31 12 7 7 45714
31 13 7 1 7
31 14 9 2 16
31 15 9 1 8
31 16 10 2 44
31 17 6 7 30702
31 18 5 3 60
31 19 5 1 4
31 20 9 1 13
31 21 6 3 71
31 22 10 5 3276
31 23 3 6 9154
31 24 10 1 15
31 25 5 2 18
31 26 9 2 26
31 27 4 4 237
31 28 3 4 120
31 29 7 5 3260
31 30 4 5 521
31 31 9 3 126
31 32 9 2 38
31 33 5 4 203
31 34 8 4 505
31 35 8 4 240
31 36 10 2 20
31 37 2 4 74
31 38 1 9 1653550
31 39 10 1 7
31 40 1 2 5
31 41 8 5 1367
31 42 7 4 376
31 43 7 4 424
31 44 3 4 70
31 45 9 2 30
31 46 8 1 13
31 47 2 5 1298
31 48 1 5 462
31 49 3 4 155
31 50 7 2 24
31 51 4 5 816
31 52 1 3 8
31 53 1 4 29
31 54 1 4 79
31 55 1 5 359
31 56 8 3 79
31 57 3 8 643457
31 58 1 6 1523
31 59 10 4 628
31 60 7 5 1858
31 61 10 6 25365
31 62 3 4 293
31 63 1 5 168
32 0 9 6 19340
32 1 1 3 14
32 2 5 6 19913
32 3 2 3 33
32 4 10 8 499510
32 5 6 5 1965
32 6 6 2 31
32 7 8 3 51
32 8 3 2 13
32 9 6 2 23
32 10 6 2 17
32 11 6 4 284
32 12 9 3 117
32 13 8 3 112
32 14 6 4 300
32 15 3 2 12
32 16 5 5 658
32 17 5 8 558612
32 18 7 5 1716
32 19 4 6 7208
32 20 9 3 63
32 21 10 4 285
32 22 9 2 26
32 23 1 3 19
32 24 3 5 373
32 25 3 4 185
32 26 9 3 50
32 27 6 2 18
32 28 7 5 1367
32 29 2 4 169
32 30 10 1 4
32 31 8 3 77
32 32 4 5 662
32 33 8 7 158427
32 34 8 3 160
32 35 3 2 12
32 36 1 4 30
32 37 2 4 47
32 38 10 3 73
32 39 2 6 6942
32 40 6 4 621
32 41 10 4 340
32 42 7 5 1719
32 43 6 2 23
32 44 4 10 15935908
32 45 1 5 117
32 46 9 5 2554
32 47 4 5 492
32 48 4 2 8
32 49 5 6 9456
32 50 6 2 18
32 51 8 4 281
32 52 5 4 443
32 53 4 2 8
32 54 8 3 65
32 55 7 5 2377
32 56 6 4 166
32 57 3 5 1540
32 58 10 3 123
32 59 6 3 32
32 60 6 4 444
32 61 8 3 137
32 62 7 7 67439
32 63 3 3 57
33 0 2 4 178
33 1 3 7 78024
33 2 7 7 54206
33 3 5 3 71
33 4 6 7 58640
33 5 9 3 143
33 6 5 2 17
33 7 9 3 78
33 8 7 3 38
33 9 2 4 93
33 10 1 4 41
33 11 1 4 48
33 12 3 3 16
33 13 10 5 3575
33 14 9 5 1202
33 15 1 8 88951
33 16 6 1 5
33 17 5 3 34
33 18 4 5 483
33 19 9 4 238
33 20 8 3 136
33 21 8 3 126
33 22 1 3 14
33 23 3 3 49
33 24 4 2 20
33 25 10 3 156
33 26 6 7 97387
33 27 9 4 325
33 28 10 4 252
33 29 1 6 815
33 30 6 5 840
33 31 9 2 19
33 32 7 2 33
33 33 2 5 521
33 34 9 1 9
33 35 4 5 2683
33 36 3 5 960
33 37 4 7 25300
33 38 7 1 7
33 39 7 1 10
33 40 4 4 307
33 41 2 4 74
33 42 2 4 50
33 43 2 2 5
33 44 10 2 42
33 45 10 3 139
33 46 7 2 24
33 47 4 3 29
33 48 5 3 67
33 49 8 3 57
33 50 3 4 87
33 51 2 9 738927
33 52 1 3 21
33 53 6 4 403
33 54 2 3 13
33 55 5 3 27
33 56 4 3 61
33 57 2 3 23
33 58 5 3 82
33 59 3 3 47
33 60 5 1 3
33 61 4 4 401
33 62 4 4 331
33 63 2 3 11
34 0 5 3 49
34 1 8 4 462
34 2 6 5 740
34 3 9 5 1340
34 4 8 3 115
34 5 2 5 310
34 6 9 3 90
34 7 9 6 21968
34 8 1 5 175
34 9 5 2 12
34 10 10 2 31
34 11 6 4 138
34 12 5 4 183
34 13 6 5 1123
34 14 3 5 854
34 15 7 3 78
34 16 8 1 13
34 17 4 3 86
34 18 10 2 19
34 19 1 5 512
34 20 6 4 139
34 21 10 5 4136
34 22 9 1 8
34 23 7 2 26
34 24 9 1 12
34 25 7 4 382
34 26 4 5 812
34 27 3 3 46
34 28 9 2 18
34 29 5 1 5
34 30 5 1 5
34 31 10 3 145
34 32 9 2 44
34 33 7 3 78
34 34 2 5 235
34 35 5 6 3516
34 36 3 4 186
34 37 10 2 34
34 38 1 4 40
34 39 2 5 338
34 40 6 6 4281
34 41 3 2 6
34 42 1 5 175
34 43 5 6 9857
34 44 3 3 24
34 45 8 5 1552
34 46 4 4 363
34 47 7 4 372
34 48 9 3 125
34 49 9 8 2613763
34 50 10 6 22086
34 51 7 4 213
34 52 2 4 158
34 53 7 2 15
34 54 10 3 147
34 55 1 3 10
34 56 1 4 40
34 57 10 4 458
34 58 7 3 88
34 59 3 3 36
34 60 7 2 13
34 61 10 4 323
34 62 2 5 414
34 63 3 4 102
35 0 6 4 135
35 1 1 4 67
35 2 6 1 5
35 3 8 10 131720363
35 4 9 6 9928
35 5 2 4 133
35 6 7 4 593
35 7 4 9 7921471
35 8 8 3 135
35 9 4 3 29
35 10 9 5 1921
35 11 2 4 200
35 12 10 3 75
35 13 6 4 374
35 14 10 1 17
35 15 2 2 10
35 16 3 3 27
35 17 3 4 230
35 18 5 3 30
35 19 9 2 33
35 20 1 4 36
35 21 9 4 362
35 22 9 4 243
35 23 1 7 11226
35 24 7 3 107
35 25 7 5 2905
35 26 6 4 194
35 27 6 6 28636
35 28 6 3 55
35 29 9 3 93
35 30 6 5 2391
35 31 7 3 103
35 32 2 5 490
35 33 4 3 24
35 34 8 3 60
35 35 2 6 1874
35 36 9 4 749
35 37 10 4 923
35 38 10 4 904
35 39 1 5 147
35 40 10 4 859
35 41 8 3 70
35 42 2 4 98
35 43 5 4 180
35 44 4 3 29
35 45 9 3 70
35 46 9 2 28
35 47 8 4 255
35 48 3 9 3171959
35 49 7 3 106
35 50 6 4 210
35 51 1 4 111
35 52 8 1 9
35 53 1 4 62
35 54 7 1 6
35 55 4 7 99437
35 56 2 4 199
35 57 1 4 70
35 58 4 3 25
35 59 2 3 16
35 60 9 1 9
35 61 9 8 2663962
35 62 4 2 8
35 63 8 3 84
36 0 7 2 33
36 1 6 2 16
36 2 2 4 212
36 3 3 2 11
36 4 9 1 8
36 5 6 7 77515
36 6 10 5 1270
36 7 8 4 226
36 8 2 4 96
36 9 2 6 1399
36 10 4 3 33
36 11 9 5 1641
36 12 5 5 725
36 13 5 4 435
36 14 7 4 231
36 15 3 8 381896
36 16 10 2 39
36 17 10 4 445
36 18 6 3 45
36 19 1 6 887
36 20 1 5 293
36 21 5 4 254
36 22 8 4 221
36 23 8 4 737
36 24 4 7 64372
36 25 5 4 158
36 26 8 5 4295
36 27 3 3 64
36 28 4 5 1965
36 29 4 5 510
36 30 4 6 4421
36 31 3 7 35040
36 32 9 3 183
36 33 7 3 114
36 34 1 10 8700011
36 35 1 4 32
36 36 7 3 66
36 37 9 7 103149
36 38 1 5 394
36 39 8 5 1006
36 40 5 2 20
36 41 1 3 19
36 42 4 4 96
36 43 8 3 57
36 44 10 1 6
36 45 9 4 646
36 46 3 3 47
36 47 6 4 651
36 48 7 2 22
36 49 6 3 56
36 50 2 5 316
36 51 5 7 118439
36 52 2 6 2210
36 53 10 3 188
36 54 9 1 5
36 55 4 4 139
36 56 9 2 37
36 57 1 5 322
36 58 4 3 31
36 59 7 6 9595
36 60 4 2 11
36 61 9 3 145
36 62 3 4 168
36 63 7 5 2213
37 0 9 2 26
37 1 7 3 135
37 2 5 3 80
37 3 4 4 336
37 4 1 7 22264
37 5 6 1 7
37 6 2 5 416
37 7 2 4 61
37 8 3 3 45
37 9 4 5 462
37 10 4 8 1075540
37 11 1 6 2315
37 12 1 5 188
37 13 2 4 50
37 14 4 4 106
37 15 5 1 4
37 16 4 4 130
37 17 9 3 118
37 18 10 3 72
37 19 2 5 309
37 20 4 2 11
37 21 6 7 32991
37 22 1 2 4
37 23 7 2 25
37 24 6 2 26
37 25 2 5 318
37 26 5 4 148
37 27 5 3 72
37 28 9 3 76
37 29 9 4 425
37 30 9 2 35
37 31 9 1 8
37 32 8 1 11
37 33 8 5 1363
37 34 7 4 223
37 35 5 3 76
37 36 9 4 223
37 37 10 4 507
37 38 3 4 230
37 39 4 3 56
37 40 5 3 56
37 41 9 3 182
37 42 4 5 700
37 43 3 5 500
37 44 9 4 645
37 45 6 5 1371
37 46 7 4 518
37 47 10 2 31
37 48 8 6 11921
37 49 7 1 12
37 50 5 4 357
37 51 5 5 2202
37 52 6 4 214
37 53 10 1 16
37 54 6 2 23
37 55 1 5 163
37 56 3 5 347
37 57 3 3 40
37 58 5 3 43
37 59 2 3 33
37 60 4 5 1717
37 61 10 6 8423
37 62 4 7 46497
37 63 3 4 294
38 0 5 3 50
38 1 10 1 10
38 2 8 4 386
38 3 7 4 161
38 4 9 2 32
38 5 1 4 77
38 6 1 3 12
38 7 7 4 383
38 8 10 1 10
38 9 9 5 1176
38 10 10 1 9
38 11 6 3 33
38 12 8 4 344
38 13 6 3 91
38 14 10 2 26
38 15 6 4 142
38 16 7 4 613
38 17 8 3 97
38 18 9 3 53
38 19 8 4 481
38 20 1 5 289
38 21 8 3 173
38 22 5 3 46
38 23 6 5 740
38 24 6 8 557631
38 25 8 4 515
38 26 3 3 49
38 27 4 5 681
38 28 8 3 44
38 29 8 2 27
38 30 7 1 6
38 31 3 4 308
38 32 1 3 13
38 33 4 2 13
38 34 6 10 36784098
38 35 7 3 47
38 36 7 3 48
38 37 5 6 8625
38 38 4 3 24
38 39 10 1 16
38 40 4 2 8
38 41 6 3 82
38 42 10 2 38
38 43 2 5 654
38 44 3 3 16
38 45 8 1 13
38 46 2 3 30
38 47 10 4 900
38 48 6 4 672
38 49 8 3 67
38 50 1 5 227
38 51 3 3 16
38 52 10 1 14
38 53 3 4 183
38 54 9 5 6123
38 55 2 2 10
38 56 3 4 98
38 57 9 5 4423
38 58 7 1 7
38 59 9 6 6922
38 60 2 8 328558
38 61 2 5 430
38 62 7 2 15
38 63 10 1 5
39 0 10 4 235
39 1 3 5 403
39 2 4 3 69
39 3 1 5 148
39 4 10 3 130
39 5 8 7 238904
39 6 1 6 1448
39 7 6 1 10
39 8 9 2 42
39 9 8 3 109
39 10 6 5 2380
39 11 3 2 8
39 12 3 4 223
39 13 8 2 22
39 14 10 6 20017
39 15 4 5 717
39 16 8 4 477
39 17 8 5 1703
39 18 1 3 16
39 19 2 4 137
39 20 7 2 25
39 21 5 4 180
39 22 6 2 17
39 23 8 1 11
39 24 8 2 36
39 25 4 7 102936
39 26 6 3 52
39 27 9 6 7609
39 28 4 2 9
39 29 2 3 25
39 30 8 2 17
39 31 3 3 41
39 32 4 3 42
39 33 6 2 13
39 34 8 1 10
39 35 4 2 8
39 36 7 5 3555
39 37 9 7 46458
39 38 4 3 24
39 39 4 3 75
39 40 7 1 4
39 41 4 2 12
39 42 7 1 7
39 43 4 5 2557
39 44 2 3 19
39 45 9 6 18937
39 46 2 4 135
39 47 10 3 132
39 48 6 5 738
39 49 8 3 59
39 50 4 2 9
39 51 4 1 5
39 52 1 4 84
39 53 2 5 407
39 54 1 3 13
39 55 3 5 602
39 56 2 7 16103
39 57 9 2 35
39 58 2 4 139
39 59 1 5 211
39 60 7 3 139
39 61 8 6 6394
39 62 4 3 22
39 63 9 2 16
40 0 3 3 50
40 1 8 4 439
40 2 6 7 97100
40 3 8 5 2842
40 4 4 1 6
40 5 5 4 195
40 6 10 3 172
40 7 3 5 1091
40 8 8 4 893
40 9 2 4 205
40 10 1 5 123
40 11 10 1 10
40 12 10 1 5
40 13 1 5 294
40 14 4 8 439584
40 15 7 2 36
40 16 2 3 21
40 17 7 5 3687
40 18 5 5 696
40 19 6 4 538
40 20 3 4 87
40 21 10 3 80
40 22 1 3 22
40 23 2 5 889
40 24 3 3 18
40 25 4 5 1122
40 26 5 4 460
40 27 5 4 292
40 28 4 5 999
40 29 9 2 32
40 30 7 4 265
40 31 1 4 113
40 32 10 4 631
40 33 3 3 58
40 34 6 2 29
40 35 7 3 142
40 36 3 4 72
40 37 9 3 120
40 38 8 1 11
40 39 2 8 526515
40 40 6 2 31
40 41 7 3 89
40 42 4 5 2291
40 43 2 4 59
40 44 7 4 373
40 45 9 3 159
40 46 9 5 3740
40 47 3 2 13
40 48 8 5 1096
40 49 1 10 64479625
40 50 1 4 90
40 51 9 4 569
40 52 7 4 336
40 53 8 1 8
40 54 7 4 234
40 55 7 3 79
40 56 1 5 489
40 57 6 5 2955
40 58 8 4 391
40 59 9 4 576
40 60 6 1 10
40 61 7 6 8773
40 62 6 3 88
40 63 5 7 48515
41 0 1 5 282
41 1 3 3 22
41 2 8 6 10002
41 3 2 7 29142
41 4 6 2 21
41 5 8 3 153
41 6 9 4 372
41 7 4 4 177
41 8 1 3 9
41 9 2 6 1861
41 10 5 2 11
41 11 10 5 2380
41 12 3 3 35
41 13 5 7 32732
41 14 8 6 31819
41 15 5 4 345
41 16 9 4 361
41 17 1 6 1476
41 18 1 5 161
41 19 2 5 574
41 20 1 4 23
41 21 5 5 2048
41 22 8 2 15
41 23 2 2 9
41 24 10 1 16
41 25 5 3 78
41 26 3 4 101
41 27 10 4 597
41 28 8 4 194
41 29 6 4 282
41 30 8 2 17
41 31 1 4 26
41 32 2 6 8344
41 33 1 5 125
41 34 10 4 397
41 35 5 3 34
41 36 9 3 89
41 37 1 7 5231
41 38 3 4 94
41 39 8 4 188
41 40 8 3 160
41 41 8 3 53
41 42 1 4 34
41 43 10 4 792
41 44 8 3 131
41 45 9 4 383
41 46 6 5 734
41 47 2 4 158
41 48 8 8 584174
41 49 6 5 1622
41 50 4 3 43
41 51 8 1 14
41 52 1 10 72640088
41 53 6 2 18
41 54 1 4 31
41 55 7 3 116
41 56 2 6 1915
41 57 9 2 41
41 58 10 6 13248
41 59 10 3 98
41 60 3 3 42
41 61 10 6 9705
41 62 6 6 24963
41 63 5 1 8
42 0 7 4 401
42 1 9 7 138579
42 2 4 5 797
42 3 6 4 618
42 4 5 2 20
42 5 1 6 811
42 6 8 2 20
42 7 8 5 4128
42 8 4 6 5035
42 9 6 1 6
42 10 4 4 294
42 11 3 4 81
42 12 10 1 12
42 13 5 2 13
42 14 5 2 9
42 15 8 6 16115
42 16 9 5 1399
42 17 5 6 5819
42 18 10 3 135
42 19 1 4 26
42 20 2 4 75
42 21 9 3 112
42 22 2 4 80
42 23 1 3 8
42 24 7 1 9
42 25 9 6 14982
42 26 4 4 125
42 27 7 3 58
42 28 1 6 815
42 29 9 7 332226
42 30 8 5 5075
42 31 9 5 1446
42 32 2 5 351
42 33 5 4 178
42 34 3 4 165
42 35 8 7 97121
42 36 7 7 123244
42 37 4 3 48
42 38 1 4 25
42 39 5 7 62634
42 40 6 2 21
42 41 6 2 29
42 42 6 6 15252
42 43 9 5 1357
42 44 3 4 95
42 45 3 1 5
42 46 4 4 106
42 47 7 3 83
42 48 6 3 53
42 49 1 3 6
42 50 9 1 10
42 51 5 8 1020228
42 52 5 5 1136
42 53 7 4 208
42 54 7 3 50
42 55 6 3 40
42 56 1 6 2695
42 57 4 3 39
42 58 4 3 36
42 59 3 3 38
42 60 2 4 179
42 61 4 3 78
42 62 6 4 149
42 63 2 3 19
43 0 5 4 237
43 1 1 5 174
43 2 1 6 1070
43 3 4 1 4
43 4 5 5 2626
43 5 8 3 90
43 6 6 5 770
43 7 4 5 964
43 8 4 1 4
43 9 10 4 1132
43 10 4 3 40
43 11 1 5 346
43 12 4 5 820
43 13 10 3 110
43 14 6 3 95
43 15 5 4 294
43 16 6 2 14
43 17 6 5 1576
43 18 6 2 28
43 19 6 5 2020
43 20 7 4 242
43 21 5 5 1324
43 22 7 2 15
43 23 5 4 307
43 24 4 4 170
43 25 6 7 41482
43 26 6 3 42
43 27 1 5 155
43 28 2 4 216
43 29 6 2 31
43 30 10 1 10
43 31 10 4 840
43 32 3 3 18
43 33 9 5 3082
43 34 3 2 14
43 35 7 3 49
43 36 5 4 205
43 37 8 5 5392
43 38 3 4 91
43 39 9 3 180
43 40 1 4 57
43 41 5 3 70
43 42 9 4 297
43 43 4 3 55
43 44 9 4 330
43 45 4 1 7
43 46 8 2 18
43 47 9 3 133
43 48 1 5 439
43 49 7 1 8
43 50 6 4 330
43 51 5 3 64
43 52 3 6 3248
43 53 4 5 499
43 54 4 7 135934
43 55 10 3 68
43 56 5 4 518
43 57 4 5 1202
43 58 4 6 5522
43 59 10 3 70
43 60 3 5 639
43 61 9 2 43
43 62 10 2 45
43 63 6 4 309
44 0 9 2 18
44 1 6 3 33
44 2 10 1 11
44 3 3 3 23
44 4 4 5 1886
44 5 9 3 137
44 6 2 3 24
44 7 6 4 471
44 8 7 3 41
44 9 2 4 91
44 10 1 5 158
44 11 2 5 753
44 12 1 4 27
44 13 5 3 34
44 14 7 1 6
44 15 3 3 48
44 16 8 5 4817
44 17 4 3 51
44 18 6 6 16693
44 19 5 3 40
44 20 10 4 603
44 21 9 3 142
44 22 6 4 533
44 23 8 3 49
44 24 8 3 130
44 25 3 5 1577
44 26 3 5 790
44 27 5 5 794
44 28 9 4 239
44 29 3 3 23
44 30 1 2 5
44 31 3 4 246
44 32 9 5 2679
44 33 4 4 109
44 34 4 3 46
44 35 3 6 3132
44 36 4 3 66
44 37 2 4 125
44 38 1 5 123
44 39 5 4 122
44 40 7 2 31
44 41 10 1 15
44 42 8 1 4
44 43 8 5 2286
44 44 5 3 60
44 45 2 5 1100
44 46 10 4 326
44 47 5 3 101
44 48 8 2 24
44 49 10 2 39
44 50 7 4 164
44 51 5 5 3062
44 52 3 5 390
44 53 8 3 71
44 54 4 6 9005
44 55 6 4 379
44 56 7 5 2397
44 57 9 3 55
44 58 6 3 32
44 59 4 4 442
44 60 4 4 175
44 61 9 4 949
44 62 8 5 1506
44 63 9 4 564
45 0 4 5 850
45 1 5 4 498
45 2 2 2 9
45 3 3 9 3603533
45 4 7 5 4042
45 5 6 3 53
45 6 3 8 141379
45 7 7 3 115
45 8 7 4 469
45 9 5 7 26870
45 10 7 2 20
45 11 7 3 65
45 12 2 6 7937
45 13 10 4 329
45 14 3 4 326
45 15 8 2 42
45 16 1 4 29
45 17 8 3 77
45 18 5 3 98
45 19 9 5 1941
45 20 9 4 308
45 21 7 4 305
45 22 5 5 1898
45 23 2 3 31
45 24 6 4 242
45 25 2 5 550
45 26 10 2 35
45 27 1 2 4
45 28 1 7 5677
45 29 1 4 27
45 30 3 4 87
45 31 5 5 1002
45 32 8 4 448
45 33 10 1 6
45 34 5 2 16
45 35 2 5 675
45 36 6 3 61
45 37 9 2 26
45 38 10 3 146
45 39 5 3 55
45 40 10 4 341
45 41 2 6 2045
45 42 6 5 1252
45 43 5 3 92
45 44 3 5 367
45 45 3 3 32
45 46 2 3 20
45 47 2 8 93890
45 48 5 3 49
45 49 1 4 54
45 50 10 4 926
45 51 3 3 45
45 52 8 2 24
45 53 5 4 481
45 54 6 5 1962
45 55 6 3 57
45 56 8 3 63
45 57 8 5 4299
45 58 5 6 12513
45 59 9 4 201
45 60 5 4 240
45 61 5 4 177
45 62 3 8 172990
45 63 1 5 119
46 0 5 4 255
46 1 2 3 31
46 2 10 1 11
46 3 9 5 1111
46 4 5 3 49
46 5 9 4 589
46 6 6 2 12
46 7 2 4 110
46 8 7 1 8
46 9 8 6 6154
46 10 2 9 1514093
46 11 9 3 77
46 12 5 3 28
46 13 3 4 153
46 14 8 3 109
46 15 5 2 20
46 16 5 4 551
46 17 9 2 17
46 18 6 4 645
46 19 3 6 9658
46 20 2 5 327
46 21 9 4 687
46 22 2 4 53
46 23 10 8 551071
46 24 7 6 9771
46 25 3 6 7618
46 26 1 5 118
46 27 7 6 6385
46 28 5 7 56473
46 29 6 1 5
46 30 7 4 174
46 31 10 6 11353
46 32 3 7 22003
46 33 8 4 220
46 34 10 2 26
46 35 1 4 94
46 36 7 3 91
46 37 2 5 268
46 38 10 1 10
46 39 8 6 8471
46 40 6 5 2507
46 41 3 4 88
46 42 7 5 1146
46 43 5 3 47
46 44 10 1 11
46 45 1 7 19546
46 46 7 3 40
46 47 6 6 13989
46 48 7 3 64
46 49 2 4 50
46 50 3 5 1589
46 51 6 2 19
46 52 10 1 9
46 53 3 5 544
46 54 7 4 289
46 55 4 4 129
46 56 3 6 3908
46 57 9 2 23
46 58 3 7 26710
46 59 5 2 9
46 60 10 2 44
46 61 9 2 47
46 62 6 3 41
46 63 2 3 33
47 0 3 4 84
47 1 7 4 164
47 2 7 4 243
47 3 6 3 61
47 4 9 5 2949
47 5 2 5 333
47 6 9 4 563
47 7 4 5 601
47 8 6 6 4273
47 9 9 5 1993
47 10 5 4 312
47 11 1 7 12619
47 12 8 3 153
47 13 4 5 1275
47 14 1 8 58598
47 15 1 3 7
47 16 2 4 113
47 17 10 4 443
47 18 8 5 1031
47 19 6 3 44
47 20 5 5 1560
47 21 2 3 28
47 22 6 4 286
47 23 2 6 5289
47 24 4 3 54
47 25 8 2 24
47 26 5 5 706
47 27 6 3 42
47 28 6 1 5
47 29 9 4 698
47 30 7 6 19751
47 31 4 3 43
47 32 5 2 23
47 33 7 3 66
47 34 5 1 8
47 35 8 6 18745
47 36 2 4 140
47 37 9 5 1401
47 38 2 4 123
47 39 7 3 52
47 40 1 6 1194
47 41 10 4 606
47 42 3 5 757
47 43 9 3 164
47 44 2 4 61
47 45 4 5 999
47 46 6 5 853
47 47 1 5 164
47 48 6 2 14
47 49 2 4 92
47 50 8 3 126
47 51 7 1 8
47 52 2 4 89
47 53 6 3 57
47 54 5 4 485
47 55 7 2 26
47 56 5 2 15
47 57 5 3 31
47 58 2 4 208
47 59 9 2 16
47 60 10 1 8
47 61 2 6 1414
47 62 2 8 216324
47 63 10 5 1457
48 0 2 3 28
48 1 5 4 150
48 2 3 3 19
48 3 7 5 3145
48 4 5 4 473
48 5 9 5 2546
48 6 2 3 26
48 7 1 3 14
48 8 5 2 23
48 9 7 1 9
48 10 8 2 40
48 11 1 6 1129
48 12 9 5 1222
48 13 6 4 396
48 14 8 2 31
48 15 3 5 913
48 16 10 5 3859
48 17 3 5 1330
48 18 4 4 233
48 19 10 1 9
48 20 1 2 5
48 21 5 1 7
48 22 5 5 2083
48 23 3 5 943
48 24 8 1 8
48 25 3 4 87
48 26 1 4 88
48 27 3 6 4100
48 28 3 2 8
48 29 3 4 193
48 30 4 3 45
48 31 6 5 2990
48 32 8 5 1839
48 33 3 5 586
48 34 10 6 12295
48 35 4 6 9499
48 36 6 2 12
48 37 8 5 2419
48 38 5 5 1502
48 39 9 1 6
48 40 8 1 5
48 41 6 1 6
48 42 5 4 118
48 43 3 4 126
48 44 3 6 6104
48 45 5 4 186
48 46 3 3 19
48 47 3 4 320
48 48 3 5 1714
48 49 3 6 2359
48 50 6 6 21542
48 51 4 3 32
48 52 3 5 527
48 53 7 4 338
48 54 1 5 358
48 55 2 4 67
48 56 9 6 15516
48 57 10 5 1661
48 58 8 5 1702
48 59 5 5 1684
48 60 2 5 548
48 61 4 6 6436
48 62 4 5 1390
48 63 8 1 6
49 0 7 6 6035
49 1 8 1 12
49 2 4 6 9923
49 3 4 3 61
49 4 6 5 2875
49 5 5 5 778
49 6 3 5 1004
49 7 3 3 56
49 8 4 3 38
49 9 8 1 12
49 10 10 3 177
49 11 8 6 33820
49 12 4 3 53
49 13 9 1 11
49 14 3 4 248
49 15 2 5 416
49 16 4 4 209
49 17 4 4 174
49 18 1 5 167
49 19 3 3 56
49 20 6 2 18
49 21 3 4 102
49 22 8 5 3591
49 23 5 6 4436
49 24 4 6 3364
49 25 6 3 33
49 26 3 1 5
49 27 3 4 74
49 28 1 6 3593
49 29 2 3 22
49 30 7 1 12
49 31 2 4 196
49 32 5 4 417
49 33 1 7 8130
49 34 8 5 3247
49 35 5 9 6764352
49 36 4 5 570
49 37 6 3 90
49 38 6 4 234
49 39 1 6 4429
49 40 10 4 229
49 41 2 3 39
49 42 4 3 71
49 43 1 5 358
49 44 2 4 100
49 45 5 5 1451
49 46 5 1 8
49 47 2 4 179
49 48 3 5 696
49 49 9 2 20
49 50 10 8 1143144
49 51 9 3 135
49 52 5 2 25
49 53 1 5 194
49 54 8 3 131
49 55 3 3 28
49 56 1 5 230
49 57 6 4 622
49 58 3 4 78
49 59 8 6 12326
49 60 3 3 41
49 61 8 5 1317
49 62 7 2 13
49 63 10 3 120
50 0 9 5 3294
50 1 3 5 412
50 2 6 3 49
50 3 1 5 290
50 4 10 4 257
50 5 2 2 10
50 6 9 3 86
50 7 10 7 114726
50 8 1 5 345
50 9 10 5 6134
50 10 1 5 197
50 11 2 3 37
50 12 9 1 6
50 13 2 2 8
50 14 3 3 47
50 15 4 6 8964
50 16 4 3 31
50 17 9 2 33
50 18 8 4 889
50 19 8 4 634
50 20 6 2 17
50 21 4 4 92
50 22 8 3 54
50 23 3 3 16
50 24 3 5 989
50 25 10 6 12214
50 26 8 7 56738
50 27 6 4 291
50 28 10 3 130
50 29 1 5 318
50 30 4 3 47
50 31 3 4 282
50 32 6 4 147
50 33 6 3 84
50 34 9 6 30051
50 35 3 3 27
50 36 8 4 182
50 37 2 3 31
50 38 5 3 60
50 39 8 2 21
50 40 4 1 6
50 41 7 3 111
50 42 1 5 559
50 43 10 4 344
50 44 4 3 26
50 45 6 3 38
50 46 2 5 1142
50 47 7 2 17
50 48 2 2 7
50 49 6 4 241
50 50 2 9 4956368
50 51 4 2 17
50 52 2 4 55
50 53 1 6 778
50 54 1 5 566
50 55 1 4 54
50 56 10 2 28
50 57 1 7 10573
50 58 1 5 149
50 59 7 4 166
50 60 6 9 6220183
50 61 10 6 10589
50 62 8 2 30
50 63 1 6 4238
51 0 7 1 7
51 1 6 1 7
51 2 9 4 573
51 3 5 4 131
51 4 8 1 5
51 5 8 1 10
51 6 10 1 5
51 7 10 3 101
51 8 7 5 1382
51 9 3 5 703
51 10 3 4 189
51 11 6 3 43
51 12 8 1 4
51 13 4 2 18
51 14 9 1 4
51 15 4 3 24
51 16 2 5 270
51 17 5 7 29893
51 18 9 3 82
51 19 6 2 31
51 20 7 1 7
51 21 6 2 23
51 22 3 1 5
51 23 2 4 105
51 24 6 1 8
51 25 7 6 9225
51 26 7 1 9
51 27 10 3 163
51 28 7 6 10203
51 29 7 3 54
51 30 8 4 705
51 31 2 3 12
51 32 2 3 12
51 33 5 4 185
51 34 9 4 626
51 35 8 2 32
51 36 1 5 149
51 37 6 3 110
51 38 8 4 285
51 39 8 2 26
51 40 2 5 230
51 41 8 3 53
51 42 4 4 104
51 43 3 3 17
51 44 7 1 11
51 45 4 5 612
51 46 2 5 598
51 47 1 5 256
51 48 1 4 61
51 49 5 5 1262
51 50 8 1 12
51 51 10 4 793
51 52 3 5 899
51 53 9 1 5
51 54 1 5 456
51 55 7 2 19
51 56 10 3 118
51 57 6 6 12905
51 58 6 1 6
51 59 2 7 10993
51 60 1 3 20
51 61 7 4 513
51 62 7 3 93
51 63 5 5 2286
52 0 10 2 41
52 1 6 2 17
52 2 7 2 34
52 3 9 2 23
52 4 8 2 19
52 5 7 2 19
52 6 1 5 261
52 7 5 2 16
52 8 8 4 179
52 9 10 3 204
52 10 7 6 4960
52 11 1 7 5659
52 12 8 6 22967
52 13 2 6 4472
52 14 3 3 39
52 15 7 2 28
52 16 9 5 1201
52 17 9 4 302
52 18 6 4 461
52 19 1 5 280
52 20 8 3 138
52 21 9 4 205
52 22 10 3 66
52 23 9 5 2916
52 24 5 3 66
52 25 10 4 1045
52 26 8 1 12
52 27 2 4 105
52 28 6 3 64
52 29 6 5 1178
52 30 3 3 29
52 31 2 4 74
52 32 4 3 70
52 33 8 2 29
52 34 1 4 61
52 35 2 3 18
52 36 5 5 2215
52 37 9 4 258
52 38 9 1 6
52 39 8 4 651
52 40 5 5 2493
52 41 9 1 9
52 42 2 9 742321
52 43 7 2 19
52 44 4 5 722
52 45 8 4 229
52 46 2 3 18
52 47 2 6 6209
52 48 5 5 636
52 49 3 4 247
52 50 9 2 17
52 51 8 5 1134
52 52 10 1 5
52 53 2 5 401
52 54 10 4 333
52 55 4 6 2843
52 56 2 4 222
52 57 1 8 52586
52 58 3 3 29
52 59 3 5 401
52 60 7 3 62
52 61 1 3 10
52 62 6 4 398
52 63 5 3 70
53 0 4 7 75415
53 1 3 4 86
53 2 6 5 1215
53 3 3 7 37406
53 4 4 2 11
53 5 10 4 277
53 6 7 5 2231
53 7 10 2 28
53 8 8 2 41
53 9 6 7 67245
53 10 10 6 8297
53 11 2 3 15
53 12 4 4 341
53 13 8 6 7000
53 14 4 4 393
53 15 7 5 1185
53 16 3 4 117
53 17 3 5 511
53 18 6 5 796
53 19 9 3 163
53 20 8 5 3431
53 21 2 4 65
53 22 4 4 423
53 23 3 4 223
53 24 5 1 6
53 25 9 1 10
53 26 3 4 109
53 27 5 7 28685
53 28 1 4 105
53 29 3 6 11510
53 30 1 5 543
53 31 6 5 757
53 32 3 5 540
53 33 1 3 12
53 34 1 5 153
53 35 1 3 7
53 36 10 1 7
53 37 8 4 231
53 38 10 2 46
53 39 4 4 145
53 40 2 8 108551
53 41 1 3 20
53 42 5 2 10
53 43 10 6 28952
53 44 8 6 7537
53 45 8 3 45
53 46 7 2 35
53 47 7 2 17
53 48 8 1 7
53 49 6 3 79
53 50 10 3 93
53 51 2 3 22
53 52 3 4 235
53 53 4 3 28
53 54 10 2 27
53 55 4 5 2071
53 56 3 5 535
53 57 3 3 40
53 58 8 3 47
53 59 3 6 10614
53 60 8 5 2188
53 61 10 3 123
53 62 6 3 116
53 63 5 5 3240
54 0 10 6 8105
54 1 3 2 8
54 2 8 5 3243
54 3 1 5 569
54 4 10 4 380
54 5 9 2 22
54 6 2 3 14
54 7 9 3 65
54 8 6 4 679
54 9 1 4 59
54 10 10 2 21
54 11 4 3 83
54 12 9 6 15374
54 13 1 5 222
54 14 5 6 19668
54 15 10 4 1098
54 16 9 4 946
54 17 2 4 68
54 18 6 5 945
54 19 8 3 166
54 20 10 2 31
54 21 5 4 227
54 22 1 5 205
54 23 4 4 196
54 24 1 8 162967
54 25 8 1 6
54 26 5 3 36
54 27 7 4 376
54 28 9 4 566
54 29 10 4 603
54 30 6 2 11
54 31 7 2 25
54 32 1 6 872
54 33 8 5 3243
54 34 8 5 2143
54 35 1 3 22
54 36 4 6 4746
54 37 5 4 170
54 38 7 2 27
54 39 10 7 203577
54 40 6 7 52335
54 41 10 1 10
54 42 8 3 75
54 43 3 1 5
54 44 10 2 23
54 45 5 3 35
54 46 6 5 766
54 47 3 5 693
54 48 1 4 104
54 49 1 4 43
54 50 1 6 2812
54 51 10 4 1130
54 52 2 5 613
54 53 6 7 32400
54 54 1 3 13
54 55 6 5 2021
54 56 3 6 5963
54 57 10 2 20
54 58 1 5 411
54 59 10 1 14
54 60 1 8 95843
54 61 8 7 117494
54 62 8 4 455
54 63 10 1 4
55 0 3 4 184
55 1 2 2 4
55 2 10 3 173
55 3 1 5 140
55 4 1 5 126
55 5 10 3 220
55 6 4 3 77
55 7 9 1 9
55 8 4 6 3095
55 9 3 4 195
55 10 3 3 22
55 11 9 1 14
55 12 10 7 155074
55 13 8 4 361
55 14 7 5 988
55 15 9 3 152
55 16 8 2 19
55 17 3 3 21
55 18 4 5 485
55 19 9 2 28
55 20 1 5 516
55 21 10 2 21
55 22 5 2 26
55 23 7 3 53
55 24 5 6 12435
55 25 1 5 609
55 26 5 4 240
55 27 1 4 49
55 28 8 5 1710
55 29 6 4 455
55 30 2 4 77
55 31 7 5 4563
55 32 1 4 28
55 33 2 4 169
55 34 9 3 51
55 35 9 6 12153
55 36 10 4 243
55 37 1 5 244
55 38 3 6 3794
55 39 8 3 56
55 40 4 2 15
55 41 1 5 270
55 42 9 2 46
55 43 6 5 2277
55 44 4 6 10257
55 45 10 3 145
55 46 8 2 22
55 47 4 3 54
55 48 5 5 1615
55 49 9 4 836
55 50 3 6 10162
55 51 7 4 403
55 52 7 1 5
55 53 1 4 62
55 54 1 4 83
55 55 9 3 96
55 56 3 4 130
55 57 7 3 91
55 58 6 1 5
55 59 7 3 73
55 60 10 4 586
55 61 9 6 15896
55 62 6 8 291319
55 63 10 3 104
56 0 6 3 68
56 1 2 6 3541
56 2 5 4 165
56 3 9 3 158
56 4 5 4 112
56 5 5 2 26
56 6 5 6 3829
56 7 3 6 2329
56 8 8 4 209
56 9 8 3 62
56 10 9 3 55
56 11 8 1 9
56 12 6 3 73
56 13 5 5 1400
56 14 1 3 12
56 15 7 2 35
56 16 7 3 81
56 17 6 2 19
56 18 7 6 13549
56 19 1 6 969
56 20 4 4 107
56 21 8 6 8747
56 22 1 6 2353
56 23 9 1 4
56 24 10 3 78
56 25 4 6 14392
56 26 6 2 21
56 27 10 3 96
56 28 4 4 325
56 29 3 4 71
56 30 9 4 529
56 31 10 2 24
56 32 4 5 622
56 33 7 1 11
56 34 9 4 284
56 35 2 5 1035
56 36 8 1 8
56 37 6 1 7
56 38 5 4 172
56 39 3 4 78
56 40 3 5 606
56 41 2 5 561
56 42 1 4 56
56 43 7 2 25
56 44 5 5 2397
56 45 1 6 2396
56 46 7 1 5
56 47 3 2 11
56 48 7 4 159
56 49 6 4 556
56 50 4 3 81
56 51 5 1 5
56 52 5 5 3018
56 53 3 3 59
56 54 9 5 5739
56 55 6 2 17
56 56 3 8 175453
56 57 4 10 14921651487
56 58 4 8 173898
56 59 9 4 481
56 60 4 3 81
56 61 10 5 1871
56 62 5 2 9
56 63 10 3 107
57 0 5 5 620
57 1 1 6 1417
57 2 2 4 167
57 3 10 1 5
57 4 7 4 187
57 5 6 4 388
57 6 1 6 2274
57 7 9 3 165
57 8 3 1 4
57 9 10 4 461
57 10 9 4 493
57 11 7 4 309
57 12 3 7 51196
57 13 2 3 11
57 14 4 6 17029
57 15 5 5 583
57 16 2 4 53
57 17 7 2 23
57 18 4 4 277
57 19 5 3 42
57 20 3 2 12
57 21 10 4 945
57 22 3 2 10
57 23 10 5 1253
57 24 9 2 39
57 25 6 7 65907
57 26 2 9 787040
57 27 1 5 135
57 28 5 1 6
57 29 4 3 27
57 30 9 2 21
57 31 1 3 13
57 32 5 4 291
57 33 1 4 65
57 34 8 5 1054
57 35 1 5 138
57 36 1 6 1637
57 37 2 6 4946
57 38 6 1 6
57 39 9 6 8991
57 40 7 3 40
57 41 7 4 352
57 42 3 4 250
57 43 5 7 69528
57 44 8 4 642
57 45 10 4 393
57 46 3 4 95
57 47 10 5 1757
57 48 2 4 109
57 49 3 5 1118
57 50 10 5 2117
57 51 6 8 262960
57 52 5 4 479
57 53 6 3 60
57 54 4 4 392
57 55 7 2 28
57 56 1 5 341
57 57 10 2 26
57 58 10 2 19
57 59 3 5 2075
57 60 7 4 216
57 61 4 3 53
57 62 3 4 124
57 63 7 4 307
58 0 3 2 13
58 1 10 6 10810
58 2 1 5 403
58 3 10 3 199
58 4 3 3 24
58 5 10 2 24
58 6 6 7 66015
58 7 7 3 107
58 8 1 5 312
58 9 8 6 17128
58 10 10 3 61
58 11 5 4 244
58 12 5 4 258
58 13 5 6 3478
58 14 3 3 18
58 15 7 4 361
58 16 1 3 10
58 17 8 5 2645
58 18 6 5 2710
58 19 8 1 12
58 20 5 4 344
58 21 8 4 241
58 22 4 2 19
58 23 3 5 480
58 24 7 5 1474
58 25 7 3 105
58 26 6 5 1550
58 27 3 2 6
58 28 10 1 13
58 29 9 3 141
58 30 6 4 275
58 31 1 3 12
58 32 3 4 86
58 33 6 2 18
58 34 8 3 135
58 35 6 2 23
58 36 9 3 107
58 37 9 2 35
58 38 9 6 13343
58 39 6 8 482209
58 40 5 4 302
58 41 2 5 345
58 42 6 3 61
58 43 9 3 149
58 44 1 5 402
58 45 6 2 15
58 46 1 6 2543
58 47 5 3 68
58 48 3 2 11
58 49 6 1 9
58 50 7 6 9576
58 51 10 2 40
58 52 6 3 129
58 53 10 5 3549
58 54 6 3 45
58 55 3 6 2694
58 56 2 5 284
58 57 9 1 11
58 58 9 2 23
58 59 2 6 9687
58 60 10 3 106
58 61 6 4 211
58 62 9 5 3074
58 63 6 1 8
59 0 7 3 44
59 1 1 5 140
59 2 2 5 689
59 3 1 6 1035
59 4 4 4 103
59 5 9 1 11
59 6 4 6 4948
59 7 9 1 9
59 8 3 5 1656
59 9 1 3 12
59 10 5 2 17
59 11 5 3 41
59 12 10 4 247
59 13 9 5 2948
59 14 3 5 464
59 15 8 3 73
59 16 8 4 392
59 17 2 3 30
59 18 3 8 299362
59 19 5 4 292
59 20 7 3 71
59 21 8 3 51
59 22 3 4 216
59 23 5 4 118
59 24 7 5 2102
59 25 6 2 20
59 26 6 5 1230
59 27 5 2 20
59 28 8 2 33
59 29 7 5 3475
59 30 6 2 18
59 31 7 7 108142
59 32 5 4 201
59 33 1 6 1398
59 34 3 3 38
59 35 4 6 4489
59 36 2 2 8
59 37 8 3 51
59 38 2 3 12
59 39 6 8 691114
59 40 6 3 56
59 41 3 5 1651
59 42 6 1 8
59 43 4 4 123
59 44 7 3 149
59 45 9 2 20
59 46 1 6 1317
59 47 4 10 224801720
59 48 5 5 2836
59 49 4 5 1340
59 50 10 5 1500
59 51 1 5 253
59 52 8 4 275
59 53 3 6 2520
59 54 10 1 12
59 55 6 3 119
59 56 2 4 119
59 57 9 3 58
59 58 2 4 72
59 59 3 5 415
59 60 8 5 5337
59 61 6 3 42
59 62 5 5 800
59 63 2 4 48
60 0 2 5 251
60 1 8 7 90875
60 2 3 6 6723
60 3 6 2 19
60 4 5 3 49
60 5 6 2 15
60 6 10 2 34
60 7 7 5 3981
60 8 10 4 282
60 9 6 4 505
60 10 7 5 957
60 11 7 3 70
60 12 1 5 358
60 13 3 3 17
60 14 3 3 21
60 15 8 1 8
60 16 8 3 109
60 17 7 7 90378
60 18 8 7 142497
60 19 10 4 578
60 20 6 4 321
60 21 6 2 13
60 22 4 3 55
60 23 1 4 70
60 24 6 5 1085
60 25 1 3 7
60 26 8 5 3135
60 27 6 4 209
60 28 9 2 19
60 29 7 4 351
60 30 5 5 1010
60 31 8 1 6
60 32 7 2 35
60 33 4 5 1299
60 34 4 3 25
60 35 3 2 14
60 36 2 4 104
60 37 1 3 15
60 38 5 7 33502
60 39 4 5 1387
60 40 1 4 27
60 41 10 4 278
60 42 6 4 152
60 43 5 1 8
60 44 6 6 6806
60 45 5 4 429
60 46 10 4 249
60 47 10 3 132
60 48 3 3 25
60 49 7 4 627
60 50 7 4 299
60 51 5 2 15
60 52 4 4 96
60 53 10 1 4
60 54 1 4 30
60 55 7 2 36
60 56 3 4 133
60 57 3 2 12
60 58 9 4 336
60 59 10 4 306
60 60 7 4 187
60 61 4 3 37
60 62 4 2 13
60 63 2 7 20543
61 0 9 1 4
61 1 1 5 597
61 2 3 4 186
61 3 4 3 44
61 4 7 5 1920
61 5 4 2 13
61 6 9 3 71
61 7 9 3 83
61 8 5 4 170
61 9 4 2 16
61 10 8 3 75
61 11 6 6 19358
61 12 1 5 155
61 13 7 4 265
61 14 4 5 775
61 15 3 4 85
61 16 1 4 29
61 17 6 4 218
61 18 4 3 40
61 19 3 5 616
61 20 6 2 30
61 21 6 6 4482
61 22 10 1 10
61 23 6 8 1193268
61 24 10 5 1844
61 25 3 3 52
61 26 7 4 502
61 27 4 5 2297
61 28 4 3 27
61 29 3 3 31
61 30 1 7 8659
61 31 8 5 1978
61 32 2 5 1169
61 33 7 3 139
61 34 5 5 838
61 35 8 3 111
61 36 2 4 64
61 37 3 5 1109
61 38 8 3 79
61 39 8 3 74
61 40 4 4 263
61 41 1 5 212
61 42 2 6 1640
61 43 3 5 1514
61 44 5 4 379
61 45 1 3 7
61 46 9 4 476
61 47 10 2 25
61 48 9 3 136
61 49 5 4 163
61 50 3 4 312
61 51 3 7 20685
61 52 6 1 6
61 53 10 5 1382
61 54 7 3 78
61 55 3 6 2352
61 56 6 2 14
61 57 6 8 551798
61 58 1 4 72
61 59 8 4 381
61 60 6 5 715
61 61 2 4 64
61 62 9 1 4
61 63 2 6 1470
62 0 4 5 2752
62 1 2 3 18
62 2 2 6 3571
62 3 2 3 25
62 4 5 3 80
62 5 6 3 52
62 6 6 5 1414
62 7 9 3 192
62 8 5 3 51
62 9 9 1 4
62 10 5 2 19
62 11 2 4 111
62 12 1 4 101
62 13 6 3 40
62 14 10 1 13
62 15 5 3 55
62 16 1 5 434
62 17 9 2 17
62 18 5 4 196
62 19 7 4 216
62 20 2 4 113
62 21 4 3 45
62 22 5 3 30
62 23 3 7 48197
62 24 4 6 10272
62 25 6 2 15
62 26 7 4 166
62 27 6 4 179
62 28 5 4 479
62 29 2 4 62
62 30 8 2 29
62 31 1 4 28
62 32 2 4 164
62 33 7 3 53
62 34 2 5 304
62 35 9 4 267
62 36 1 6 1949
62 37 4 3 74
62 38 10 3 69
62 39 6 2 25
62 40 1 4 74
62 41 9 4 821
62 42 9 2 16
62 43 8 4 195
62 44 1 4 40
62 45 4 3 27
62 46 7 1 9
62 47 2 5 273
62 48 6 5 2220
62 49 2 4 71
62 50 6 2 15
62 51 9 5 1078
62 52 10 3 142
62 53 10 3 204
62 54 2 4 165
62 55 5 2 20
62 56 8 2 24
62 57 3 6 2129
62 58 9 1 14
62 59 1 4 105
62 60 2 7 38993
62 61 10 2 19
62 62 8 4 343
62 63 2 4 85
63 0 5 4 162
63 1 7 4 190
63 2 4 2 16
63 3 3 4 214
63 4 1 4 74
63 5 6 6 4819
63 6 2 2 8
63 7 1 4 71
63 8 8 7 90032
63 9 9 5 1438
63 10 8 3 97
63 11 2 4 75
63 12 4 7 79563
63 13 5 4 142
63 14 10 2 40
63 15 4 5 1559
63 16 1 8 114816
63 17 5 3 88
63 18 9 1 6
63 19 10 2 18
63 20 4 7 50155
63 21 8 6 6081
63 22 2 7 61918
63 23 8 2 17
63 24 5 3 27
63 25 6 2 16
63 26 9 6 38737
63 27 2 5 230
63 28 4 3 42
63 29 10 3 121
63 30 5 4 226
63 31 5 3 44
63 32 5 3 86
63 33 10 1 11
63 34 2 8 218506
63 35 10 6 31099
63 36 2 6 3915
63 37 5 4 141
63 38 7 4 559
63 39 8 5 3932
63 40 6 4 138
63 41 9 7 91373
63 42 1 4 30
63 43 7 4 181
63 44 1 5 183
63 45 9 4 487
63 46 5 4 249
63 47 10 7 54037
63 48 4 8 165712
63 49 6 3 37
63 50 2 5 952
63 51 8 7 207476
63 52 10 5 4627
63 53 6 3 44
63 54 6 4 255
63 55 2 5 719
63 56 2 4 48
63 57 6 3 35
63 58 10 6 9374
63 59 4 2 8
63 60 5 3 56
63 61 7 2 18
63 62 4 5 873
63 63 8 5 3770
