8377 2.5354846000524844e-10 
420 5.7735587283280765e-09 
5871 1.3458521061493478e-08 
9174 7.220043798938924e-09 
8372 2.825660254390794e-09 
1729 5.1575309648055345e-09 
7164 2.71720079422777e-09 
7204 9.83863532215759e-08 
8446 1.6291511542587678e-09 
3093 6.079875634196208e-09 
6036 1.9705659326518798e-10 
9977 2.8157487626245814e-09 
2985 2.4090206496296673e-09 
2652 1.3813449828425917e-09 
4410 1.5023406546577078e-09 
2310 1.503245798673003e-09 
9059 5.965624383375001e-10 
915 6.753601388808511e-08 
5618 7.499967608101503e-07 
6917 3.8812925096110007e-10 
6915 5.220171517272831e-10 
2685 6.445666778098769e-10 
3461 4.2840794800547144e-10 
8294 5.461569529963128e-10 
6045 5.456093354894165e-10 
6982 5.054508304958016e-09 
4089 2.693970359290976e-09 
5330 3.3367086871294305e-11 
2019 4.598530445321103e-10 
6412 1.4278393606348416e-09 
2534 3.1376773401703417e-10 
516 1.164186524960087e-10 
2438 1.2867486243184345e-09 
8612 5.104943689993036e-10 
4053 7.152982210018033e-09 
1639 5.520832402350351e-10 
5952 8.907905482604533e-08 
6415 6.254019233042918e-09 
8469 3.08779656010838e-09 
1532 3.5935127096209385e-10 
5917 7.997026763018056e-09 
7712 0.000348952504896583 
3069 6.000500374359063e-10 
6866 1.909578051240146e-10 
255 2.6482469336029657e-07 
7994 6.016890596871605e-10 
8691 1.5830463953592222e-09 
117 1.6394798529190124e-08 
6262 4.75854883275062e-10 
298 3.355472864320641e-08 
8740 5.206303721472239e-10 
3310 1.1575128078256114e-09 
9251 4.0692041403112e-10 
8755 8.969325421270824e-10 
4838 2.588240732848135e-11 
2765 4.710198620028194e-10 
3145 2.0819929114068714e-10 
1799 2.761285346729314e-08 
652 1.1138804590499207e-08 
2560 1.0407474881901635e-10 
3492 1.430525697898588e-10 
702 6.453509948656233e-10 
8138 9.537259870739945e-12 
8269 1.6863177521031503e-10 
1875 5.146466031114016e-10 
2693 9.74935540805355e-09 
4444 1.0259312019714195e-08 
2285 3.809832092166454e-09 
3874 5.262812408091122e-11 
3177 7.559891740394065e-10 
7531 4.603359732291423e-08 
4088 7.419279357545605e-10 
1423 7.656143054604603e-09 
2920 2.419699496325478e-09 
2479 9.467087601702784e-08 
7138 6.891975878886569e-11 
5285 1.2695899470616112e-09 
83 2.2568355101393323e-09 
4038 4.1133557671102494e-10 
122 5.668497338184864e-10 
5794 1.0456557841820313e-10 
9290 2.9684975892327325e-08 
6432 2.7645946844290226e-08 
392 5.4512686031849e-10 
8007 2.122862129139147e-09 
68 1.9688251029492676e-11 
5094 5.86821702341922e-11 
8306 4.875133106235774e-09 
4074 1.236987345887286e-09 
7103 6.806164104533607e-10 
673 4.971072883191985e-09 
6540 6.19305310853302e-09 
1455 8.282592112163201e-10 
6670 3.5115205188063214e-10 
1733 2.7841523010663227e-09 
2634 4.064348857468758e-11 
2433 8.604054274607975e-10 
5688 3.7657155171899603e-10 
2094 2.1346733131144546e-09 
270 1.6005315817482768e-08 
7957 4.875032877382779e-10 
9166 3.5152519783920866e-10 
5950 2.6800275332306e-09 
1849 4.3058259735495596e-10 
3551 6.914448597017397e-10 
7704 1.6753709530803462e-11 
5755 5.718016338196463e-10 
3443 7.891680494850895e-09 
9780 7.583375316588814e-10 
9653 1.841228280952123e-10 
623 9.087997021595129e-11 
3031 1.054572124070674e-09 
3787 2.1668711750258418e-08 
4421 7.660009848642346e-10 
4594 2.178087092630232e-09 
3820 1.5572566014476763e-09 
113 4.246825113796149e-11 
1952 8.556613750876352e-10 
5648 9.230837205720377e-10 
6700 5.306577399721846e-11 
1394 6.147503795572934e-06 
1585 9.178983344931835e-08 
2928 2.6205473277474134e-09 
4312 1.2976586472035478e-10 
1555 7.778706290206827e-10 
2064 4.2621134399567495e-10 
5782 1.7477869776461041e-09 
7175 2.644364727188986e-10 
5320 1.471704895181572e-07 
3841 2.072916095718913e-09 
6525 6.218706105620697e-10 
8607 8.65610388922633e-10 
2856 1.2749511307807992e-09 
7186 4.2048844961506404e-10 
4485 1.482458600321479e-11 
5351 6.246002784426885e-09 
1099 2.3583521246983707e-09 
4121 1.6565415705827036e-11 
9665 4.024676109742886e-09 
6168 3.9139569363300097e-10 
8066 4.098010819575393e-11 
337 1.747273783991865e-09 
5416 1.9342280485612484e-09 
110 5.38577016317987e-10 
3070 5.640665712292048e-11 
5026 5.7509311097991844e-09 
9228 3.426057215705214e-10 
5873 2.786437747204218e-11 
9365 7.418994283497904e-09 
3052 2.877778015886179e-10 
7857 2.645801716605334e-09 
892 3.6101259481835513e-09 
3860 8.166733955761174e-11 
1999 3.2558620903511137e-09 
3047 9.0535918560509e-06 
5649 4.2794992549666233e-10 
3298 2.0994023746528923e-07 
1742 2.3055030655416697e-08 
4541 1.1378645525805808e-09 
6151 4.44987594688806e-09 
