0 0 1 5 153
0 1 8 5 1408
0 2 6 4 643
0 3 4 6 3960
0 4 3 4 202
0 5 5 4 167
0 6 10 5 6080
0 7 10 4 529
0 8 2 6 4010
0 9 1 8 111818
0 10 5 6 5977
0 11 6 6 16862
0 12 8 5 960
0 13 5 4 210
0 14 3 4 71
0 15 5 4 245
0 16 10 5 4603
0 17 2 4 217
0 18 2 4 151
0 19 9 6 26565
0 20 5 5 2291
0 21 7 5 1271
0 22 7 5 1400
0 23 6 7 59013
0 24 4 5 1435
0 25 2 6 7019
0 26 10 3 96
0 27 5 6 17195
0 28 8 4 887
0 29 9 3 125
0 30 6 4 549
0 31 2 5 464
0 32 9 3 58
0 33 7 3 142
0 34 7 5 2634
0 35 3 3 62
0 36 5 5 2712
0 37 1 7 12913
0 38 10 6 7859
0 39 2 5 910
0 40 6 3 49
0 41 9 4 739
0 42 6 3 55
0 43 8 3 144
0 44 7 4 453
0 45 8 4 505
0 46 4 3 50
0 47 7 8 348939
0 48 1 3 19
0 49 7 5 3518
0 50 7 4 202
0 51 3 6 5744
0 52 7 7 54588
0 53 3 7 30263
0 54 4 4 439
0 55 6 5 2363
0 56 2 6 1520
0 57 7 2 29
0 58 9 5 1602
0 59 5 5 1933
0 60 3 4 135
0 61 10 6 40243
0 62 9 4 267
0 63 1 6 2288
1 0 9 6 17219
1 1 7 7 56031
1 2 5 5 1443
1 3 4 3 32
1 4 9 6 10594
1 5 1 6 3071
1 6 8 4 784
1 7 10 4 447
1 8 6 3 71
1 9 7 5 2269
1 10 6 4 141
1 11 8 6 6198
1 12 7 3 86
1 13 1 5 307
1 14 1 6 893
1 15 3 5 1322
1 16 8 4 258
1 17 8 4 361
1 18 3 4 202
1 19 6 4 260
1 20 4 4 236
1 21 8 7 163167
1 22 8 3 97
1 23 7 5 974
1 24 7 1 8
1 25 8 5 4131
1 26 2 6 5438
1 27 10 3 63
1 28 10 3 172
1 29 1 5 491
1 30 2 5 639
1 31 10 6 26388
1 32 10 5 5197
1 33 4 5 1442
1 34 6 6 21115
1 35 5 6 7059
1 36 6 5 1006
1 37 5 6 5801
1 38 6 5 1896
1 39 7 5 3112
1 40 3 5 1081
1 41 7 5 2718
1 42 7 3 94
1 43 8 3 57
1 44 8 4 850
1 45 10 3 166
1 46 4 5 790
1 47 7 6 5856
1 48 4 5 960
1 49 10 4 253
1 50 5 2 9
1 51 6 5 782
1 52 2 5 524
1 53 7 4 160
1 54 10 6 8218
1 55 4 3 58
1 56 10 4 345
1 57 10 4 581
1 58 7 7 175125
1 59 5 5 2497
1 60 5 5 846
1 61 1 5 581
1 62 8 6 24857
1 63 9 5 2783
2 0 8 1 13
2 1 8 4 243
2 2 6 4 569
2 3 3 4 321
2 4 10 6 9324
2 5 7 3 81
2 6 1 5 313
2 7 9 5 1232
2 8 1 6 1772
2 9 2 9 800404
2 10 1 6 4179
2 11 5 2 20
2 12 7 4 505
2 13 6 5 884
2 14 8 2 17
2 15 10 4 885
2 16 4 4 266
2 17 10 4 307
2 18 2 5 412
2 19 2 6 4728
2 20 2 5 323
2 21 2 4 218
2 22 2 6 1701
2 23 8 5 1535
2 24 6 2 13
2 25 3 5 1844
2 26 10 2 21
2 27 10 5 1895
2 28 6 4 150
2 29 9 5 5057
2 30 4 3 74
2 31 6 5 834
2 32 9 6 22788
2 33 7 5 859
2 34 5 6 6739
2 35 10 5 4205
2 36 4 6 3082
2 37 1 7 11110
2 38 10 6 26589
2 39 3 7 46367
2 40 6 3 83
2 41 5 4 144
2 42 10 4 1026
2 43 8 4 203
2 44 7 5 1722
2 45 5 3 63
2 46 7 4 167
2 47 5 3 36
2 48 6 5 1700
2 49 1 7 5701
2 50 2 6 2323
2 51 7 4 524
2 52 7 3 63
2 53 3 4 115
2 54 7 6 17054
2 55 7 3 69
2 56 9 6 37759
2 57 9 6 6859
2 58 3 4 126
2 59 10 3 189
2 60 5 5 2001
2 61 3 6 2591
2 62 9 4 360
2 63 9 4 754
3 0 4 4 289
3 1 1 5 365
3 2 6 5 2368
3 3 1 7 21500
3 4 2 5 649
3 5 8 6 22801
3 6 6 4 361
3 7 9 6 13594
3 8 2 4 222
3 9 6 4 142
3 10 10 4 515
3 11 3 4 69
3 12 5 3 39
3 13 8 5 1934
3 14 5 7 54423
3 15 1 6 3021
3 16 10 2 35
3 17 4 5 1569
3 18 5 4 380
3 19 4 5 534
3 20 7 4 267
3 21 10 2 33
3 22 1 4 38
3 23 1 4 93
3 24 3 5 1133
3 25 7 2 27
3 26 1 6 815
3 27 5 4 318
3 28 7 6 15822
3 29 1 5 331
3 30 9 4 1015
3 31 5 5 1138
3 32 7 4 579
3 33 8 3 50
3 34 9 4 602
3 35 5 8 804399
3 36 3 5 783
3 37 2 5 948
3 38 2 3 27
3 39 3 5 500
3 40 8 4 601
3 41 5 6 10636
3 42 7 3 118
3 43 3 6 9796
3 44 5 6 4039
3 45 6 4 198
3 46 10 7 182060
3 47 7 4 502
3 48 9 5 2110
3 49 5 4 156
3 50 2 5 358
3 51 3 6 2933
3 52 7 4 276
3 53 7 4 167
3 54 7 7 44514
3 55 6 3 44
3 56 10 5 4497
3 57 10 4 532
3 58 3 3 32
3 59 1 6 3577
3 60 2 6 8128
3 61 9 5 2480
3 62 5 4 218
3 63 4 4 242
4 0 1 4 65
4 1 9 4 656
4 2 3 7 76127
4 3 2 4 169
4 4 8 2 38
4 5 9 4 258
4 6 5 5 791
4 7 6 3 84
4 8 1 6 734
4 9 7 4 165
4 10 4 4 146
4 11 8 4 360
4 12 6 6 4274
4 13 7 8 1680260
4 14 10 5 1338
4 15 3 6 2637
4 16 2 6 1502
4 17 2 5 671
4 18 4 6 6989
4 19 6 4 158
4 20 2 4 71
4 21 2 6 3466
4 22 10 4 428
4 23 6 2 28
4 24 8 4 573
4 25 5 7 30502
4 26 2 5 660
4 27 9 6 6621
4 28 1 5 430
4 29 4 3 24
4 30 10 5 4189
4 31 1 6 846
4 32 6 5 1831
4 33 7 4 464
4 34 9 5 1786
4 35 1 7 6461
4 36 8 5 1565
4 37 7 6 32325
4 38 3 4 101
4 39 5 7 25012
4 40 4 5 1310
4 41 1 7 6279
4 42 5 5 2726
4 43 10 5 1841
4 44 7 4 276
4 45 5 5 1744
4 46 2 7 33513
4 47 7 4 184
4 48 6 5 889
4 49 2 7 25308
4 50 10 7 85916
4 51 7 5 1292
4 52 2 5 1272
4 53 8 4 487
4 54 10 5 3023
4 55 7 4 203
4 56 8 5 1614
4 57 3 5 401
4 58 9 6 20882
4 59 7 6 13323
4 60 1 5 565
4 61 3 5 687
4 62 6 5 741
4 63 9 6 31992
5 0 9 5 2598
5 1 2 5 290
5 2 2 3 44
5 3 2 6 1995
5 4 4 4 427
5 5 5 6 7328
5 6 8 3 112
5 7 10 5 3881
5 8 9 4 387
5 9 9 5 5043
5 10 4 3 86
5 11 3 6 5854
5 12 5 4 292
5 13 7 4 242
5 14 10 5 1459
5 15 10 3 162
5 16 9 3 106
5 17 6 6 10202
5 18 10 5 1617
5 19 3 3 62
5 20 5 5 1537
5 21 7 3 84
5 22 2 2 5
5 23 2 6 2222
5 24 10 4 342
5 25 3 6 2896
5 26 7 4 591
5 27 9 5 3759
5 28 9 3 177
5 29 1 4 103
5 30 3 5 969
5 31 1 5 246
5 32 9 4 219
5 33 1 7 10696
5 34 7 5 1833
5 35 2 6 2697
5 36 9 2 26
5 37 7 2 20
5 38 10 3 83
5 39 8 6 9033
5 40 3 5 985
5 41 2 7 11759
5 42 5 4 524
5 43 10 5 3186
5 44 4 7 51856
5 45 3 5 603
5 46 8 3 58
5 47 2 3 34
5 48 10 3 97
5 49 6 6 15382
5 50 1 7 6944
5 51 3 5 518
5 52 4 4 185
5 53 1 6 1727
5 54 1 3 11
5 55 3 5 1208
5 56 7 5 3664
5 57 1 5 191
5 58 5 3 103
5 59 5 4 324
5 60 2 6 8257
5 61 5 4 288
5 62 4 3 43
5 63 6 7 37771
6 0 8 5 4534
6 1 8 6 17851
6 2 8 1 3
6 3 7 3 154
6 4 3 5 682
6 5 1 7 15988
6 6 2 3 12
6 7 4 6 13961
6 8 9 4 490
6 9 3 5 362
6 10 3 7 50454
6 11 5 6 9810
6 12 1 6 1277
6 13 4 5 642
6 14 2 6 2416
6 15 4 6 11069
6 16 9 5 1318
6 17 9 6 9488
6 18 5 5 690
6 19 3 6 12185
6 20 3 4 182
6 21 3 6 7735
6 22 6 7 60721
6 23 4 5 784
6 24 6 4 174
6 25 10 4 333
6 26 9 4 550
6 27 10 5 5920
6 28 1 5 119
6 29 2 4 196
6 30 5 4 174
6 31 7 3 118
6 32 3 5 996
6 33 5 3 34
6 34 10 4 333
6 35 10 5 1596
6 36 1 5 655
6 37 8 4 300
6 38 6 7 41268
6 39 1 5 404
6 40 5 4 276
6 41 9 5 5494
6 42 6 4 218
6 43 4 4 263
6 44 1 6 941
6 45 5 4 526
6 46 4 6 8088
6 47 10 4 283
6 48 4 5 1045
6 49 3 4 255
6 50 2 4 90
6 51 3 5 417
6 52 9 6 13119
6 53 6 4 267
6 54 7 4 309
6 55 8 4 318
6 56 9 6 16147
6 57 2 7 11643
6 58 8 4 481
6 59 10 6 38688
6 60 3 5 1001
6 61 3 6 5278
6 62 5 4 175
6 63 6 4 552
7 0 6 4 137
7 1 4 5 2001
7 2 7 3 95
7 3 4 3 23
7 4 8 3 44
7 5 10 4 755
7 6 6 6 5178
7 7 2 6 3432
7 8 3 8 983768
7 9 4 5 2407
7 10 7 5 4332
7 11 6 6 4503
7 12 9 6 34187
7 13 1 5 174
7 14 6 3 97
7 15 8 4 720
7 16 4 4 186
7 17 8 5 4709
7 18 1 5 118
7 19 4 3 46
7 20 1 6 3832
7 21 9 6 6419
7 22 8 6 9096
7 23 6 6 11668
7 24 4 4 195
7 25 10 5 2631
7 26 6 5 816
7 27 1 5 199
7 28 2 6 1449
7 29 8 3 57
7 30 9 6 16555
7 31 9 6 13977
7 32 7 4 732
7 33 5 9 3317482
7 34 5 4 161
7 35 10 4 307
7 36 2 7 14201
7 37 9 7 104572
7 38 2 4 214
7 39 3 5 771
7 40 2 5 376
7 41 5 5 2234
7 42 7 4 488
7 43 8 4 560
7 44 5 7 55357
7 45 8 4 219
7 46 2 4 50
7 47 4 4 253
7 48 8 5 3031
7 49 9 2 46
7 50 5 3 94
7 51 5 6 14778
7 52 2 6 3170
7 53 7 5 1053
7 54 8 4 365
7 55 2 4 79
7 56 3 6 6457
7 57 1 3 10
7 58 10 7 52936
7 59 4 5 752
7 60 10 4 398
7 61 2 3 22
7 62 4 5 2243
7 63 6 5 1134
8 0 8 5 4122
8 1 2 5 332
8 2 2 8 551802
8 3 7 5 2871
8 4 3 4 289
8 5 6 4 350
8 6 4 5 955
8 7 2 4 78
8 8 8 5 5225
8 9 7 4 682
8 10 4 5 1443
8 11 1 6 3757
8 12 10 5 2994
8 13 3 5 449
8 14 5 4 292
8 15 2 6 1671
8 16 8 6 6566
8 17 4 8 319470
8 18 7 6 7328
8 19 2 4 74
8 20 1 6 1350
8 21 7 4 363
8 22 10 4 421
8 23 8 6 6523
8 24 6 7 33138
8 25 5 5 590
8 26 9 5 2805
8 27 8 5 2545
8 28 7 3 112
8 29 2 6 8843
8 30 10 4 279
8 31 2 4 96
8 32 8 6 9551
8 33 4 6 4361
8 34 5 5 1810
8 35 7 6 6126
8 36 3 3 46
8 37 4 6 4787
8 38 1 3 11
8 39 4 4 151
8 40 3 5 625
8 41 6 6 9884
8 42 9 5 5248
8 43 2 4 98
8 44 2 5 605
8 45 2 3 26
8 46 6 4 154
8 47 5 5 2204
8 48 1 5 288
8 49 5 6 6256
8 50 2 5 394
8 51 2 5 600
8 52 8 4 705
8 53 10 6 20321
8 54 1 6 3630
8 55 2 4 106
8 56 9 4 284
8 57 7 5 1309
8 58 2 5 721
8 59 2 4 75
8 60 9 4 659
8 61 6 4 135
8 62 2 5 498
8 63 6 5 1865
9 0 10 4 401
9 1 4 6 10015
9 2 2 2 7
9 3 1 6 901
9 4 5 4 350
9 5 10 2 18
9 6 7 5 1100
9 7 5 5 2528
9 8 9 4 652
9 9 7 3 85
9 10 6 2 20
9 11 3 4 70
9 12 9 6 24720
9 13 10 3 58
9 14 5 8 259625
9 15 2 5 315
9 16 3 4 221
9 17 7 3 117
9 18 7 7 53383
9 19 4 4 117
9 20 4 5 1004
9 21 4 3 88
9 22 2 4 211
9 23 6 3 130
9 24 10 4 400
9 25 3 3 38
9 26 6 3 44
9 27 6 6 13542
9 28 3 5 1202
9 29 7 3 41
9 30 8 5 2210
9 31 5 4 123
9 32 10 4 328
9 33 2 5 335
9 34 3 5 378
9 35 5 4 220
9 36 1 4 69
9 37 8 5 1222
9 38 10 6 23129
9 39 9 4 392
9 40 5 3 70
9 41 2 3 16
9 42 8 4 375
9 43 4 5 1270
9 44 8 8 773476
9 45 6 6 8748
9 46 10 6 15501
9 47 2 7 18580
9 48 9 4 201
9 49 9 6 8547
9 50 4 6 3604
9 51 7 4 573
9 52 4 5 1448
9 53 8 5 1071
9 54 5 4 438
9 55 7 5 2118
9 56 6 5 3956
9 57 2 5 328
9 58 7 3 118
9 59 5 5 2645
9 60 4 3 68
9 61 3 4 167
9 62 5 5 1821
9 63 10 3 82
10 0 2 5 841
10 1 6 3 112
10 2 4 4 238
10 3 4 7 88622
10 4 8 7 173361
10 5 2 6 2263
10 6 8 6 11885
10 7 2 4 156
10 8 1 6 2220
10 9 4 6 3763
10 10 5 4 352
10 11 10 5 4431
10 12 5 5 1281
10 13 3 5 1171
10 14 9 4 374
10 15 1 6 1665
10 16 8 5 1488
10 17 6 3 54
10 18 7 4 446
10 19 6 5 2775
10 20 3 3 36
10 21 10 3 200
10 22 7 5 1661
10 23 2 6 3991
10 24 3 7 89966
10 25 6 5 1150
10 26 7 5 1005
10 27 10 2 38
10 28 8 3 71
10 29 3 5 1130
10 30 6 3 68
10 31 7 3 51
10 32 7 4 395
10 33 6 5 1538
10 34 5 3 55
10 35 1 5 236
10 36 9 6 9808
10 37 3 4 119
10 38 4 5 595
10 39 7 7 107984
10 40 6 4 329
10 41 4 5 1845
10 42 7 3 120
10 43 4 3 36
10 44 5 4 289
10 45 3 6 3744
10 46 4 6 8446
10 47 4 7 33144
10 48 2 5 378
10 49 3 6 7562
10 50 8 4 216
10 51 1 5 184
10 52 2 5 697
10 53 6 5 1309
10 54 6 4 139
10 55 2 6 3314
10 56 1 5 135
10 57 1 5 180
10 58 2 7 11926
10 59 6 3 57
10 60 7 7 237299
10 61 4 5 712
10 62 4 5 1707
10 63 4 4 312
11 0 4 4 157
11 1 8 5 1330
11 2 6 5 1773
11 3 4 6 7244
11 4 9 4 585
11 5 7 4 384
11 6 8 4 198
11 7 9 5 1102
11 8 7 5 1419
11 9 9 7 66314
11 10 3 4 214
11 11 1 7 6652
11 12 2 7 76040
11 13 9 5 1703
11 14 5 7 47854
11 15 8 4 454
11 16 5 6 8657
11 17 4 7 65985
11 18 7 4 208
11 19 5 5 2408
11 20 9 3 88
11 21 3 4 188
11 22 4 5 2752
11 23 8 5 3878
11 24 7 4 305
11 25 3 6 11153
11 26 3 5 965
11 27 10 6 7565
11 28 2 6 3754
11 29 9 4 746
11 30 8 3 93
11 31 6 6 14286
11 32 3 7 15383
11 33 4 5 817
11 34 3 4 103
11 35 1 7 11202
11 36 4 4 188
11 37 3 5 716
11 38 10 3 90
11 39 1 6 4539
11 40 4 5 1045
11 41 3 7 15061
11 42 7 3 55
11 43 9 6 24649
11 44 7 6 6838
11 45 2 4 153
11 46 2 5 1257
11 47 5 6 11808
11 48 7 3 143
11 49 9 2 46
11 50 8 4 720
11 51 9 4 941
11 52 4 7 31600
11 53 9 4 215
11 54 7 6 9648
11 55 3 5 1288
11 56 4 5 963
11 57 9 3 109
11 58 9 3 73
11 59 9 4 252
11 60 5 4 131
11 61 6 6 9065
11 62 4 5 638
11 63 10 4 596
12 0 7 1 9
12 1 8 3 100
12 2 6 5 846
12 3 1 7 33050
12 4 4 6 6019
12 5 5 5 1420
12 6 10 4 395
12 7 1 6 895
12 8 2 6 2744
12 9 7 3 38
12 10 2 4 116
12 11 4 2 11
12 12 5 4 249
12 13 4 4 168
12 14 3 4 319
12 15 8 4 789
12 16 1 4 111
12 17 4 6 10848
12 18 8 3 60
12 19 2 7 23700
12 20 7 8 525600
12 21 10 2 39
12 22 5 6 21372
12 23 2 6 2713
12 24 3 3 62
12 25 8 6 21315
12 26 9 4 644
12 27 9 6 12189
12 28 5 6 15802
12 29 2 4 61
12 30 3 5 513
12 31 10 5 2039
12 32 1 7 4992
12 33 4 4 114
12 34 9 5 5959
12 35 8 5 4969
12 36 5 7 80405
12 37 10 7 227595
12 38 9 3 55
12 39 8 3 140
12 40 2 7 25352
12 41 1 6 936
12 42 6 4 552
12 43 1 4 97
12 44 10 3 189
12 45 2 4 135
12 46 3 5 1524
12 47 2 6 3930
12 48 5 4 128
12 49 5 3 93
12 50 7 5 3329
12 51 9 6 20229
12 52 5 3 55
12 53 7 2 24
12 54 9 4 364
12 55 10 1 13
12 56 3 5 626
12 57 2 5 716
12 58 1 5 186
12 59 3 4 205
12 60 7 7 61499
12 61 4 3 79
12 62 9 4 781
12 63 8 5 1577
13 0 4 4 136
13 1 3 6 4368
13 2 10 6 10907
13 3 3 8 1030945
13 4 8 6 7172
13 5 3 6 9242
13 6 2 7 33386
13 7 9 8 884559
13 8 1 7 10647
13 9 3 5 610
13 10 2 4 49
13 11 9 5 1341
13 12 7 3 83
13 13 10 5 5664
13 14 7 4 752
13 15 1 6 2010
13 16 6 5 3845
13 17 2 7 16531
13 18 3 7 28991
13 19 10 6 17741
13 20 9 4 628
13 21 2 5 769
13 22 4 3 82
13 23 10 4 269
13 24 6 3 104
13 25 3 5 855
13 26 9 4 940
13 27 4 5 529
13 28 3 5 755
13 29 10 3 186
13 30 3 6 2802
13 31 8 5 1242
13 32 4 3 53
13 33 8 5 3545
13 34 7 6 31761
13 35 8 3 118
13 36 1 7 14568
13 37 8 7 77335
13 38 9 2 37
13 39 1 5 607
13 40 7 2 30
13 41 6 6 5597
13 42 7 4 260
13 43 4 4 185
13 44 2 5 460
13 45 2 5 378
13 46 8 1 12
13 47 4 5 796
13 48 10 3 182
13 49 1 6 3123
13 50 3 5 1136
13 51 2 7 61588
13 52 8 6 9663
13 53 10 7 56258
13 54 3 4 73
13 55 4 4 315
13 56 4 6 3705
13 57 10 3 59
13 58 9 2 40
13 59 4 6 7205
13 60 5 7 40472
13 61 4 9 2415153
13 62 4 4 170
13 63 9 4 241
14 0 10 3 100
14 1 3 5 706
14 2 8 5 1028
14 3 8 6 23040
14 4 9 5 2896
14 5 8 3 116
14 6 7 6 9417
14 7 10 4 306
14 8 6 7 40792
14 9 6 4 348
14 10 5 6 8185
14 11 6 4 293
14 12 1 6 984
14 13 2 6 4938
14 14 9 8 1529003
14 15 1 8 46435
14 16 3 3 42
14 17 5 6 4691
14 18 6 5 1116
14 19 5 4 203
14 20 7 6 5175
14 21 9 5 2103
14 22 8 2 39
14 23 2 6 3712
14 24 5 2 21
14 25 3 7 17211
14 26 10 3 202
14 27 4 6 6212
14 28 2 4 104
14 29 4 4 255
14 30 6 5 1387
14 31 5 3 53
14 32 6 7 198396
14 33 6 6 9451
14 34 3 4 259
14 35 9 5 6094
14 36 9 5 1840
14 37 2 6 1390
14 38 6 4 209
14 39 10 4 307
14 40 2 7 18297
14 41 5 4 514
14 42 7 7 44368
14 43 3 5 624
14 44 10 4 264
14 45 1 5 151
14 46 2 6 6680
14 47 9 3 79
14 48 9 4 299
14 49 4 3 54
14 50 8 6 10430
14 51 10 3 98
14 52 5 5 632
14 53 8 6 22008
14 54 2 10 21791806
14 55 4 3 72
14 56 1 4 93
14 57 5 5 1325
14 58 9 6 10492
14 59 3 6 14238
14 60 3 3 27
14 61 2 6 4251
14 62 8 4 501
14 63 2 4 133
15 0 3 5 416
15 1 4 7 128327
15 2 5 4 182
15 3 1 4 30
15 4 3 5 809
15 5 1 5 347
15 6 2 6 2270
15 7 9 6 18980
15 8 4 8 299964
15 9 9 6 9177
15 10 1 4 61
15 11 10 4 775
15 12 5 5 3227
15 13 10 5 1152
15 14 7 2 35
15 15 1 5 118
15 16 6 5 3522
15 17 2 7 33086
15 18 1 7 25581
15 19 6 4 422
15 20 3 5 1876
15 21 3 5 494
15 22 6 4 140
15 23 2 5 1332
15 24 10 3 79
15 25 10 3 149
15 26 9 5 5377
15 27 4 7 131844
15 28 4 6 8186
15 29 2 3 30
15 30 7 4 323
15 31 1 6 720
15 32 7 4 506
15 33 7 7 103116
15 34 8 7 64921
15 35 3 4 240
15 36 8 6 37797
15 37 2 4 135
15 38 8 4 601
15 39 5 7 79484
15 40 9 4 760
15 41 9 5 2185
15 42 5 4 281
15 43 4 4 334
15 44 2 4 47
15 45 2 5 596
15 46 9 3 60
15 47 6 4 491
15 48 1 5 200
15 49 1 6 748
15 50 6 5 2798
15 51 3 6 4253
15 52 1 8 88622
15 53 3 5 1738
15 54 3 6 5196
15 55 3 6 6578
15 56 4 3 35
15 57 6 5 918
15 58 3 7 82841
15 59 1 5 185
15 60 3 5 383
15 61 6 5 967
15 62 4 7 115050
15 63 8 5 1719
16 0 7 5 1515
16 1 4 4 162
16 2 9 2 33
16 3 6 6 12261
16 4 6 5 1877
16 5 2 6 3209
16 6 2 4 169
16 7 5 7 69990
16 8 3 4 122
16 9 10 4 869
16 10 1 7 31798
16 11 2 5 234
16 12 6 5 842
16 13 3 6 3333
16 14 1 4 110
16 15 3 8 201479
16 16 4 9 3487840
16 17 5 5 1339
16 18 7 4 614
16 19 8 3 161
16 20 10 4 257
16 21 3 6 2092
16 22 8 4 583
16 23 4 5 696
16 24 2 5 411
16 25 6 5 2447
16 26 8 3 103
16 27 2 8 297157
16 28 3 6 13867
16 29 4 5 538
16 30 9 3 165
16 31 1 5 161
16 32 6 5 1034
16 33 9 4 251
16 34 3 8 215952
16 35 1 4 88
16 36 7 6 13452
16 37 9 2 34
16 38 7 5 2490
16 39 10 4 1073
16 40 8 5 3753
16 41 1 3 18
16 42 5 2 10
16 43 10 3 67
16 44 6 7 189401
16 45 1 5 169
16 46 1 5 155
16 47 8 6 9256
16 48 4 7 39945
16 49 4 6 5809
16 50 3 3 66
16 51 10 7 117996
16 52 4 4 196
16 53 8 4 250
16 54 9 4 205
16 55 9 4 699
16 56 1 6 1216
16 57 8 4 444
16 58 2 3 12
16 59 3 4 326
16 60 5 6 10591
16 61 1 7 14704
16 62 7 3 44
16 63 9 4 464
17 0 3 4 211
17 1 2 5 302
17 2 5 5 3414
17 3 9 4 213
17 4 6 7 52225
17 5 1 7 16162
17 6 2 5 1357
17 7 2 6 7393
17 8 9 4 445
17 9 7 4 545
17 10 3 4 291
17 11 7 5 965
17 12 3 4 77
17 13 2 4 91
17 14 9 3 54
17 15 9 7 94479
17 16 5 5 1330
17 17 10 6 26714
17 18 6 4 214
17 19 7 5 3022
17 20 6 4 258
17 21 8 6 9040
17 22 9 5 1542
17 23 5 4 157
17 24 5 7 26046
17 25 2 5 518
17 26 9 2 28
17 27 3 5 1436
17 28 6 4 277
17 29 9 4 456
17 30 10 3 174
17 31 10 5 2075
17 32 7 4 311
17 33 7 2 37
17 34 3 4 124
17 35 4 6 3014
17 36 5 5 1248
17 37 8 7 260957
17 38 3 6 10348
17 39 7 3 120
17 40 5 5 1775
17 41 3 4 177
17 42 10 5 2583
17 43 9 5 1696
17 44 1 7 9289
17 45 8 3 160
17 46 1 7 37146
17 47 8 3 78
17 48 5 5 644
17 49 2 6 2200
17 50 5 7 122550
17 51 3 6 8286
17 52 4 3 45
17 53 7 5 869
17 54 9 3 49
17 55 10 6 7870
17 56 3 5 1144
17 57 2 6 2182
17 58 1 7 20080
17 59 7 5 3642
17 60 10 4 256
17 61 9 5 1253
17 62 2 5 369
17 63 9 5 2302
18 0 2 3 32
18 1 7 3 104
18 2 6 4 144
18 3 3 5 476
18 4 2 4 106
18 5 8 6 13861
18 6 10 5 2094
18 7 3 3 21
18 8 6 7 100434
18 9 10 8 619380
18 10 3 5 1324
18 11 5 3 54
18 12 4 5 2401
18 13 4 4 97
18 14 5 2 19
18 15 10 3 160
18 16 7 5 961
18 17 3 8 358189
18 18 7 3 131
18 19 7 6 7930
18 20 3 5 1583
18 21 2 6 5621
18 22 8 4 480
18 23 5 4 240
18 24 4 3 85
18 25 6 3 80
18 26 8 4 417
18 27 10 3 163
18 28 2 6 1779
18 29 6 4 649
18 30 8 4 220
18 31 7 5 4480
18 32 6 5 706
18 33 8 4 793
18 34 3 7 40207
18 35 5 5 1097
18 36 8 5 1719
18 37 9 5 1756
18 38 9 5 2016
18 39 10 4 1043
18 40 4 6 6561
18 41 10 3 113
18 42 3 5 1441
18 43 4 5 999
18 44 7 4 379
18 45 7 6 9836
18 46 1 4 79
18 47 1 5 633
18 48 4 4 391
18 49 7 7 42000
18 50 9 4 309
18 51 8 4 229
18 52 1 5 511
18 53 2 4 53
18 54 8 5 1266
18 55 9 2 28
18 56 4 3 40
18 57 1 6 3146
18 58 8 4 673
18 59 8 5 3522
18 60 9 4 600
18 61 7 7 64292
18 62 1 7 26040
18 63 10 6 12719
19 0 5 3 42
19 1 5 7 117315
19 2 3 6 3199
19 3 10 4 236
19 4 3 5 791
19 5 2 7 10201
19 6 8 4 714
19 7 3 5 370
19 8 10 5 6776
19 9 1 6 755
19 10 7 3 49
19 11 8 5 3184
19 12 1 5 626
19 13 4 3 81
19 14 2 7 44197
19 15 10 3 69
19 16 2 4 72
19 17 4 4 307
19 18 3 4 108
19 19 3 7 35890
19 20 8 6 29441
19 21 10 3 97
19 22 5 6 4639
19 23 5 7 182696
19 24 6 4 206
19 25 10 9 5937188
19 26 10 7 97403
19 27 8 4 588
19 28 5 6 16393
19 29 9 5 2694
19 30 4 7 29506
19 31 1 6 1352
19 32 3 5 996
19 33 9 3 117
19 34 10 6 43242
19 35 3 6 4718
19 36 5 4 217
19 37 4 5 882
19 38 7 4 394
19 39 3 5 1908
19 40 9 4 239
19 41 4 4 366
19 42 2 6 1631
19 43 3 5 1367
19 44 4 5 528
19 45 8 2 42
19 46 7 4 557
19 47 8 3 97
19 48 2 5 419
19 49 3 4 113
19 50 7 4 256
19 51 10 4 407
19 52 3 5 1402
19 53 7 5 2302
19 54 7 4 280
19 55 3 5 1134
19 56 8 4 209
19 57 1 5 295
19 58 9 6 13472
19 59 4 6 3108
19 60 7 5 3296
19 61 10 4 357
19 62 5 6 17349
19 63 6 5 2993
20 0 1 6 993
20 1 4 7 67580
20 2 3 4 135
20 3 3 5 743
20 4 7 5 2105
20 5 8 6 12492
20 6 6 5 2270
20 7 3 4 109
20 8 10 8 1756071
20 9 4 5 2689
20 10 9 6 37048
20 11 6 3 76
20 12 3 5 1547
20 13 4 4 356
20 14 9 6 27528
20 15 7 5 1998
20 16 1 9 1315374
20 17 2 4 154
20 18 6 5 1141
20 19 9 5 1355
20 20 3 5 729
20 21 1 4 99
20 22 6 4 321
20 23 9 4 259
20 24 7 8 392691
20 25 5 4 282
20 26 7 4 377
20 27 3 5 960
20 28 6 6 14991
20 29 3 6 2194
20 30 3 4 231
20 31 3 4 276
20 32 4 7 20255
20 33 4 3 33
20 34 6 7 178683
20 35 5 5 2577
20 36 8 3 46
20 37 2 7 14540
20 38 4 7 41500
20 39 4 7 20735
20 40 6 4 276
20 41 10 4 287
20 42 8 4 578
20 43 3 4 189
20 44 6 5 3582
20 45 5 4 432
20 46 3 3 16
20 47 5 4 447
20 48 8 5 1047
20 49 2 4 58
20 50 9 5 1267
20 51 2 5 310
20 52 6 1 4
20 53 9 5 2196
20 54 2 7 14085
20 55 9 4 412
20 56 10 3 86
20 57 2 6 3859
20 58 3 4 244
20 59 7 5 1357
20 60 3 5 1263
20 61 2 5 929
20 62 1 5 181
20 63 5 6 10845
21 0 7 3 69
21 1 2 4 46
21 2 1 4 112
21 3 4 3 78
21 4 9 4 438
21 5 3 5 827
21 6 5 6 4318
21 7 2 5 549
21 8 9 6 8919
21 9 2 6 2457
21 10 5 3 92
21 11 2 5 434
21 12 8 5 927
21 13 1 5 139
21 14 1 6 1940
21 15 7 4 177
21 16 5 5 2640
21 17 3 6 3051
21 18 1 6 2694
21 19 7 5 817
21 20 7 4 514
21 21 5 7 36187
21 22 1 8 106943
21 23 1 6 741
21 24 2 5 298
21 25 9 3 119
21 26 9 6 12207
21 27 2 7 10399
21 28 3 7 16673
21 29 9 4 461
21 30 4 5 468
21 31 10 3 207
21 32 2 5 518
21 33 8 5 1084
21 34 1 6 1037
21 35 7 6 7500
21 36 2 5 1024
21 37 1 4 107
21 38 10 3 106
21 39 3 5 1462
21 40 5 3 28
21 41 5 5 2911
21 42 1 6 781
21 43 4 3 64
21 44 2 6 3283
21 45 9 5 1234
21 46 9 7 103574
21 47 3 4 215
21 48 10 5 3377
21 49 10 4 355
21 50 2 5 237
21 51 4 4 442
21 52 5 5 662
21 53 7 5 2656
21 54 3 6 2966
21 55 5 7 48640
21 56 6 4 135
21 57 6 4 188
21 58 2 7 16067
21 59 8 5 1094
21 60 3 4 108
21 61 10 1 10
21 62 5 5 1927
21 63 1 5 226
22 0 8 6 28824
22 1 1 8 51427
22 2 4 5 2050
22 3 7 4 216
22 4 6 4 409
22 5 8 5 3658
22 6 4 2 8
22 7 4 7 115174
22 8 2 4 94
22 9 7 5 810
22 10 7 6 15471
22 11 6 5 3187
22 12 10 2 41
22 13 2 5 630
22 14 6 2 25
22 15 5 4 303
22 16 5 6 4482
22 17 9 5 3125
22 18 2 5 283
22 19 5 5 582
22 20 1 6 1103
22 21 9 5 1203
22 22 9 7 281631
22 23 7 5 2648
22 24 10 5 1348
22 25 5 5 1085
22 26 5 3 86
22 27 9 2 42
22 28 8 7 46602
22 29 8 4 315
22 30 8 3 137
22 31 10 5 1776
22 32 2 6 9800
22 33 9 4 582
22 34 1 5 505
22 35 3 4 277
22 36 1 3 17
22 37 5 5 2820
22 38 2 4 95
22 39 1 6 3600
22 40 8 8 1681421
22 41 10 3 135
22 42 7 7 73016
22 43 7 4 164
22 44 10 3 111
22 45 1 7 9272
22 46 1 7 7526
22 47 8 4 842
22 48 7 3 140
22 49 9 5 2501
22 50 2 7 64252
22 51 6 6 14476
22 52 3 6 2359
22 53 4 7 139713
22 54 2 5 228
22 55 5 7 76279
22 56 5 4 204
22 57 1 6 1019
22 58 5 8 727869
22 59 1 7 13392
22 60 8 2 26
22 61 3 5 731
22 62 4 5 1948
22 63 8 6 11485
23 0 10 4 1064
23 1 10 8 423978
23 2 2 6 2939
23 3 7 5 818
23 4 1 6 2952
23 5 4 5 1114
23 6 7 5 2243
23 7 3 4 117
23 8 9 5 2195
23 9 8 4 300
23 10 2 8 156847
23 11 2 6 1837
23 12 4 7 73061
23 13 7 6 5009
23 14 10 3 67
23 15 7 6 10122
23 16 3 4 116
23 17 6 7 30546
23 18 6 7 101255
23 19 10 4 511
23 20 6 4 663
23 21 5 5 1917
23 22 2 4 46
23 23 9 6 16580
23 24 6 6 10372
23 25 9 4 341
23 26 3 5 418
23 27 1 7 10531
23 28 8 3 111
23 29 7 5 812
23 30 8 6 7070
23 31 5 5 1641
23 32 8 5 2149
23 33 9 6 23546
23 34 5 5 1104
23 35 1 6 3378
23 36 1 7 13522
23 37 10 4 943
23 38 10 2 33
23 39 5 4 490
23 40 3 4 261
23 41 6 5 876
23 42 2 4 124
23 43 9 3 154
23 44 6 4 142
23 45 2 5 786
23 46 2 5 1092
23 47 7 5 853
23 48 7 3 97
23 49 6 6 9754
23 50 8 5 5297
23 51 6 3 55
23 52 10 3 99
23 53 1 6 1448
23 54 6 5 1965
23 55 5 6 11567
23 56 2 4 59
23 57 4 4 91
23 58 4 6 17574
23 59 1 6 3043
23 60 1 6 855
23 61 1 6 1787
23 62 2 7 39599
23 63 5 5 605
24 0 6 4 521
24 1 8 3 85
24 2 8 4 198
24 3 10 4 524
24 4 2 4 45
24 5 1 5 528
24 6 9 2 26
24 7 4 4 130
24 8 8 3 53
24 9 6 2 27
24 10 10 6 44971
24 11 3 4 91
24 12 6 2 16
24 13 1 6 955
24 14 8 4 434
24 15 10 5 3531
24 16 2 3 13
24 17 4 4 115
24 18 10 3 183
24 19 3 7 85743
24 20 2 6 5226
24 21 3 5 1909
24 22 5 6 6099
24 23 7 4 778
24 24 6 7 71982
24 25 4 7 28092
24 26 1 6 2959
24 27 10 4 608
24 28 3 6 8183
24 29 4 3 26
24 30 2 5 1038
24 31 1 5 175
24 32 5 5 2787
24 33 8 3 85
24 34 5 5 3203
24 35 4 5 1297
24 36 1 4 113
24 37 2 5 743
24 38 8 2 39
24 39 10 8 1888855
24 40 4 5 2477
24 41 4 6 12719
24 42 4 5 750
24 43 1 7 7494
24 44 2 5 1349
24 45 1 7 5101
24 46 1 7 13587
24 47 5 6 4970
24 48 1 8 66051
24 49 3 5 747
24 50 3 7 80113
24 51 7 5 3165
24 52 10 4 515
24 53 1 5 513
24 54 1 5 583
24 55 6 4 464
24 56 5 5 2460
24 57 5 5 768
24 58 9 8 612027
24 59 9 5 1917
24 60 1 4 61
24 61 7 3 152
24 62 6 4 218
24 63 3 6 2104
25 0 8 3 100
25 1 8 4 268
25 2 7 5 1555
25 3 8 5 1329
25 4 7 4 572
25 5 5 5 2577
25 6 10 6 13413
25 7 3 5 1643
25 8 9 7 47092
25 9 2 5 351
25 10 8 1 5
25 11 5 4 381
25 12 9 5 2766
25 13 4 6 8412
25 14 5 3 105
25 15 2 4 195
25 16 6 3 79
25 17 5 5 1953
25 18 7 5 2236
25 19 8 5 1428
25 20 6 5 2616
25 21 4 4 126
25 22 7 3 86
25 23 7 6 12641
25 24 3 6 11428
25 25 1 5 289
25 26 5 4 154
25 27 2 3 25
25 28 6 3 53
25 29 7 2 29
25 30 9 2 46
25 31 3 6 11825
25 32 6 6 12091
25 33 5 6 3496
25 34 5 5 725
25 35 3 5 1521
25 36 4 3 81
25 37 5 5 619
25 38 6 4 156
25 39 5 6 7475
25 40 8 5 951
25 41 5 2 23
25 42 6 4 147
25 43 2 5 914
25 44 10 6 7359
25 45 8 6 19631
25 46 9 7 209307
25 47 6 4 216
25 48 2 6 3220
25 49 9 4 211
25 50 9 6 26561
25 51 1 7 8980
25 52 9 7 303479
25 53 7 1 5
25 54 6 5 950
25 55 4 5 856
25 56 6 4 610
25 57 8 5 3099
25 58 2 7 11069
25 59 9 4 349
25 60 1 6 4845
25 61 2 6 8071
25 62 3 3 33
25 63 7 2 19
26 0 3 4 279
26 1 3 5 407
26 2 4 3 28
26 3 9 4 256
26 4 10 4 275
26 5 9 5 3157
26 6 3 6 14522
26 7 7 5 939
26 8 9 5 3384
26 9 7 7 40620
26 10 6 5 2644
26 11 4 6 4085
26 12 3 6 7577
26 13 5 6 5674
26 14 1 8 307763
26 15 7 4 627
26 16 8 3 95
26 17 4 5 1870
26 18 5 4 135
26 19 8 5 1242
26 20 9 1 13
26 21 10 6 9554
26 22 1 4 99
26 23 7 4 530
26 24 7 3 51
26 25 7 3 124
26 26 5 5 662
26 27 8 3 115
26 28 4 4 97
26 29 5 6 6399
26 30 5 5 751
26 31 10 4 320
26 32 3 5 1452
26 33 3 4 85
26 34 6 6 10301
26 35 8 3 133
26 36 3 6 3990
26 37 2 5 1018
26 38 5 4 174
26 39 8 5 1550
26 40 1 4 72
26 41 8 4 727
26 42 7 3 103
26 43 2 7 13399
26 44 1 6 2438
26 45 2 8 254409
26 46 2 10 62252717
26 47 4 4 236
26 48 10 4 337
26 49 9 4 341
26 50 3 3 33
26 51 9 6 26165
26 52 1 4 34
26 53 2 6 4252
26 54 8 3 113
26 55 10 3 140
26 56 5 4 339
26 57 10 6 8676
26 58 10 4 361
26 59 5 4 276
26 60 1 3 21
26 61 10 6 29711
26 62 3 6 2282
26 63 7 3 54
27 0 7 5 1753
27 1 3 5 1511
27 2 3 6 7537
27 3 8 5 1664
27 4 1 6 1300
27 5 8 5 4365
27 6 3 6 11122
27 7 5 6 4132
27 8 5 3 66
27 9 2 5 283
27 10 8 6 19958
27 11 10 6 13215
27 12 8 5 2806
27 13 1 8 64778
27 14 6 9 2633186
27 15 5 5 899
27 16 2 5 257
27 17 2 6 5050
27 18 6 6 8097
27 19 1 5 282
27 20 7 3 77
27 21 5 5 2030
27 22 3 4 246
27 23 9 5 2251
27 24 6 8 450170
27 25 3 8 234411
27 26 4 5 1226
27 27 10 5 5417
27 28 5 5 2508
27 29 3 7 21891
27 30 1 5 138
27 31 2 6 1928
27 32 10 2 49
27 33 2 4 170
27 34 8 6 8211
27 35 6 3 64
27 36 7 6 9048
27 37 5 5 799
27 38 9 6 36084
27 39 10 3 188
27 40 6 3 47
27 41 2 4 172
27 42 4 4 309
27 43 10 6 24055
27 44 7 7 81604
27 45 3 5 599
27 46 8 4 265
27 47 4 7 26965
27 48 4 6 17225
27 49 9 7 87834
27 50 4 5 1068
27 51 7 7 275289
27 52 8 4 330
27 53 2 6 1914
27 54 3 5 1467
27 55 2 5 422
27 56 1 6 1342
27 57 6 8 683522
27 58 10 6 25138
27 59 9 7 105092
27 60 6 5 1420
27 61 8 5 2248
27 62 6 4 362
27 63 7 5 4848
28 0 2 4 58
28 1 4 6 4290
28 2 10 5 3024
28 3 9 2 35
28 4 4 2 19
28 5 10 4 229
28 6 2 6 7451
28 7 1 6 812
28 8 10 3 181
28 9 8 5 1460
28 10 1 5 158
28 11 4 6 5342
28 12 2 7 30414
28 13 7 4 201
28 14 3 6 4423
28 15 7 6 5523
28 16 3 6 11581
28 17 10 5 2297
28 18 5 6 4699
28 19 9 5 1841
28 20 6 5 3288
28 21 8 4 383
28 22 6 6 6940
28 23 2 8 313764
28 24 5 6 3915
28 25 7 4 523
28 26 3 5 1264
28 27 8 3 82
28 28 1 5 174
28 29 2 5 934
28 30 7 5 3682
28 31 9 3 49
28 32 8 4 262
28 33 4 8 1112161
28 34 7 3 123
28 35 7 6 7386
28 36 1 5 151
28 37 9 5 1146
28 38 5 4 116
28 39 7 3 113
28 40 8 8 1040088
28 41 3 4 68
28 42 4 6 3372
28 43 1 9 615631
28 44 2 4 101
28 45 6 7 107869
28 46 3 4 77
28 47 9 6 9818
28 48 9 4 539
28 49 6 4 358
28 50 10 3 108
28 51 9 4 217
28 52 2 7 18242
28 53 8 5 1318
28 54 9 5 1373
28 55 7 4 529
28 56 4 4 207
28 57 1 7 17828
28 58 5 4 275
28 59 1 8 41483
28 60 2 5 476
28 61 3 5 549
28 62 10 6 24336
28 63 5 3 107
29 0 1 5 438
29 1 4 4 135
29 2 10 4 801
29 3 1 6 879
29 4 8 5 2955
29 5 4 5 869
29 6 1 6 3880
29 7 10 5 4262
29 8 8 4 220
29 9 1 6 3628
29 10 5 6 9763
29 11 5 2 17
29 12 4 3 80
29 13 2 6 7818
29 14 1 4 69
29 15 4 5 1221
29 16 7 5 3135
29 17 2 5 281
29 18 2 5 280
29 19 9 4 344
29 20 6 6 4655
29 21 10 4 794
29 22 10 5 3677
29 23 7 3 127
29 24 3 7 15037
29 25 7 4 320
29 26 3 4 103
29 27 5 5 715
29 28 4 7 73069
29 29 10 3 128
29 30 4 3 83
29 31 4 6 18984
29 32 7 4 255
29 33 10 6 25306
29 34 7 5 2225
29 35 4 6 8608
29 36 10 6 7705
29 37 2 6 1533
29 38 6 3 102
29 39 9 3 124
29 40 10 5 2296
29 41 10 1 17
29 42 10 3 206
29 43 7 6 6192
29 44 2 3 22
29 45 1 8 48399
29 46 10 3 120
29 47 2 6 2742
29 48 7 5 4001
29 49 10 4 238
29 50 2 5 588
29 51 6 4 357
29 52 5 4 208
29 53 8 5 1836
29 54 6 3 132
29 55 5 4 111
29 56 6 4 492
29 57 6 5 3118
29 58 10 6 17942
29 59 9 5 1917
29 60 1 5 184
29 61 9 4 335
29 62 3 5 1038
29 63 9 2 22
30 0 5 4 455
30 1 1 6 1775
30 2 2 6 3154
30 3 1 5 353
30 4 3 6 3040
30 5 3 2 7
30 6 1 7 5603
30 7 2 7 14484
30 8 2 5 702
30 9 6 3 54
30 10 1 6 1530
30 11 10 4 537
30 12 4 5 2390
30 13 2 5 279
30 14 5 4 350
30 15 10 4 947
30 16 10 3 97
30 17 10 4 340
30 18 6 3 98
30 19 8 6 10620
30 20 8 4 185
30 21 6 4 202
30 22 10 7 91460
30 23 3 4 67
30 24 10 6 33882
30 25 4 5 1719
30 26 5 6 15387
30 27 7 4 602
30 28 3 6 2862
30 29 6 3 33
30 30 4 4 228
30 31 1 5 420
30 32 7 6 7988
30 33 9 4 435
30 34 3 4 92
30 35 6 4 176
30 36 9 4 588
30 37 1 6 695
30 38 8 7 51623
30 39 9 6 14171
30 40 2 4 101
30 41 10 7 68780
30 42 5 5 2000
30 43 10 2 51
30 44 6 3 48
30 45 10 6 9423
30 46 7 4 162
30 47 6 3 52
30 48 3 5 855
30 49 8 4 257
30 50 9 5 3498
30 51 1 6 3293
30 52 8 4 234
30 53 8 4 189
30 54 4 6 10968
30 55 5 4 413
30 56 10 7 58702
30 57 2 5 585
30 58 6 7 152533
30 59 8 6 25031
30 60 3 4 193
30 61 2 5 369
30 62 8 4 434
30 63 1 7 16807
31 0 3 3 42
31 1 9 5 3899
31 2 9 6 8453
31 3 5 4 171
31 4 8 6 6077
31 5 8 6 10881
31 6 1 5 213
31 7 2 5 419
31 8 8 6 5958
31 9 2 5 321
31 10 9 3 164
31 11 9 7 64730
31 12 5 4 345
31 13 5 5 857
31 14 10 2 29
31 15 7 4 254
31 16 9 4 996
31 17 2 6 4527
31 18 6 5 873
31 19 7 6 6877
31 20 10 3 172
31 21 5 6 7668
31 22 2 6 3982
31 23 5 4 439
31 24 2 4 132
31 25 7 6 5050
31 26 5 6 5803
31 27 4 5 929
31 28 8 5 2051
31 29 5 4 503
31 30 3 4 125
31 31 8 4 556
31 32 9 7 73957
31 33 2 3 28
31 34 7 5 891
31 35 1 7 8545
31 36 8 5 1748
31 37 8 6 7414
31 38 7 7 55546
31 39 9 5 1244
31 40 10 6 7763
31 41 2 5 528
31 42 6 6 4335
31 43 5 6 6507
31 44 2 5 632
31 45 8 6 6691
31 46 4 5 2285
31 47 7 4 279
31 48 6 5 941
31 49 10 4 441
31 50 4 5 551
31 51 7 7 81471
31 52 7 4 492
31 53 2 7 15597
31 54 8 6 14665
31 55 5 5 1865
31 56 4 4 239
31 57 1 6 729
31 58 9 4 201
31 59 10 4 766
31 60 2 5 940
31 61 6 6 11540
31 62 3 5 1452
31 63 7 6 8278
32 0 5 8 444620
32 1 10 4 1090
32 2 5 5 1441
32 3 5 5 3387
32 4 6 4 238
32 5 1 7 23758
32 6 6 5 929
32 7 9 3 144
32 8 5 5 803
32 9 5 4 457
32 10 9 4 561
32 11 10 4 486
32 12 5 4 232
32 13 4 8 298595
32 14 4 3 40
32 15 9 5 1707
32 16 2 7 26050
32 17 2 6 1419
32 18 8 4 307
32 19 2 7 11189
32 20 4 5 823
32 21 8 5 1602
32 22 7 6 9224
32 23 8 2 30
32 24 10 2 49
32 25 4 6 5884
32 26 6 4 160
32 27 4 3 40
32 28 5 8 1353290
32 29 2 5 256
32 30 10 5 2494
32 31 1 4 64
32 32 7 7 50045
32 33 8 3 122
32 34 4 6 6274
32 35 1 7 21566
32 36 7 5 1168
32 37 4 2 15
32 38 3 7 69395
32 39 3 3 21
32 40 5 5 1679
32 41 9 5 1369
32 42 5 6 10067
32 43 8 3 173
32 44 8 4 244
32 45 9 5 2117
32 46 6 6 20430
32 47 8 5 1833
32 48 1 6 3060
32 49 9 4 225
32 50 10 5 1755
32 51 2 4 178
32 52 2 4 107
32 53 6 3 113
32 54 6 4 442
32 55 5 5 962
32 56 4 4 133
32 57 4 6 7326
32 58 2 7 33837
32 59 10 3 211
32 60 3 5 1914
32 61 10 5 2818
32 62 5 3 47
32 63 2 7 12906
33 0 4 5 1438
33 1 4 7 65369
33 2 1 5 123
33 3 4 6 5999
33 4 2 5 1279
33 5 3 5 1356
33 6 1 6 3424
33 7 3 4 269
33 8 9 3 91
33 9 9 6 13641
33 10 9 4 338
33 11 8 4 667
33 12 1 4 75
33 13 9 3 74
33 14 9 4 967
33 15 2 4 48
33 16 3 3 58
33 17 6 5 3236
33 18 9 4 265
33 19 9 5 1392
33 20 4 7 36794
33 21 3 7 19940
33 22 10 6 16007
33 23 2 5 1093
33 24 10 6 12285
33 25 2 4 99
33 26 8 4 195
33 27 6 4 490
33 28 3 5 564
33 29 9 3 158
33 30 6 4 233
33 31 3 5 789
33 32 6 6 22356
33 33 10 5 5563
33 34 1 4 97
33 35 10 4 817
33 36 4 5 806
33 37 4 4 334
33 38 6 4 677
33 39 7 4 630
33 40 1 7 11846
33 41 5 7 108101
33 42 9 4 378
33 43 4 6 3434
33 44 5 4 247
33 45 5 3 46
33 46 4 3 74
33 47 9 6 14530
33 48 1 4 50
33 49 7 6 14579
33 50 4 5 569
33 51 2 4 181
33 52 10 4 640
33 53 6 4 356
33 54 6 5 1035
33 55 10 3 156
33 56 2 5 1019
33 57 9 5 1305
33 58 7 3 136
33 59 6 4 402
33 60 2 5 541
33 61 3 5 1688
33 62 7 2 28
33 63 7 3 67
34 0 7 4 177
34 1 10 6 12602
34 2 6 5 3319
34 3 7 3 81
34 4 9 5 4422
34 5 3 6 4349
34 6 2 5 232
34 7 2 5 405
34 8 3 5 355
34 9 7 7 163210
34 10 4 5 2017
34 11 8 6 9897
34 12 9 4 469
34 13 5 6 5194
34 14 7 4 440
34 15 10 7 108972
34 16 8 6 7008
34 17 1 4 69
34 18 7 6 29555
34 19 7 3 58
34 20 8 3 102
34 21 5 4 301
34 22 3 5 540
34 23 5 4 331
34 24 1 4 38
34 25 3 7 15632
34 26 7 4 347
34 27 10 7 124714
34 28 8 4 255
34 29 10 5 1772
34 30 7 6 7447
34 31 7 7 41405
34 32 3 4 286
34 33 7 4 163
34 34 6 6 13900
34 35 8 7 178273
34 36 4 4 96
34 37 10 6 8156
34 38 3 4 314
34 39 10 7 51276
34 40 1 5 342
34 41 2 6 6235
34 42 10 5 3220
34 43 4 4 453
34 44 8 2 30
34 45 4 5 2277
34 46 5 6 16418
34 47 10 5 1769
34 48 2 5 371
34 49 4 5 2400
34 50 1 5 430
34 51 8 5 4125
34 52 6 6 11631
34 53 6 4 225
34 54 2 5 433
34 55 7 3 104
34 56 9 5 1425
34 57 7 4 231
34 58 2 7 12162
34 59 10 3 76
34 60 10 7 64903
34 61 4 4 162
34 62 7 2 20
34 63 7 4 357
35 0 1 6 1481
35 1 1 4 76
35 2 9 4 607
35 3 10 2 34
35 4 5 7 83027
35 5 5 7 25275
35 6 7 4 249
35 7 10 3 85
35 8 3 7 32444
35 9 8 3 158
35 10 6 4 304
35 11 6 5 1024
35 12 8 5 3735
35 13 8 3 64
35 14 3 4 286
35 15 10 5 2726
35 16 1 4 33
35 17 1 8 252933
35 18 3 5 499
35 19 3 6 8516
35 20 8 4 344
35 21 7 6 6239
35 22 4 7 20603
35 23 8 7 158875
35 24 8 5 1311
35 25 8 4 292
35 26 3 6 2698
35 27 1 5 600
35 28 1 5 412
35 29 9 2 25
35 30 1 7 5691
35 31 1 6 1464
35 32 1 6 1168
35 33 6 6 5379
35 34 9 6 25844
35 35 6 6 4694
35 36 4 6 2831
35 37 10 3 72
35 38 7 4 241
35 39 1 4 38
35 40 10 7 62200
35 41 8 3 78
35 42 6 3 46
35 43 9 3 50
35 44 6 3 43
35 45 1 6 1016
35 46 10 6 11773
35 47 7 7 42938
35 48 9 5 3149
35 49 6 4 304
35 50 6 4 280
35 51 2 5 490
35 52 8 4 320
35 53 1 6 956
35 54 8 5 1611
35 55 4 4 390
35 56 7 3 135
35 57 2 4 189
35 58 8 5 1018
35 59 7 3 74
35 60 4 7 28081
35 61 8 5 2876
35 62 8 6 7614
35 63 3 4 70
36 0 3 5 1417
36 1 7 4 209
36 2 1 4 41
36 3 8 3 52
36 4 9 5 1956
36 5 4 6 3831
36 6 3 5 387
36 7 9 7 131338
36 8 6 3 37
36 9 10 5 1753
36 10 5 7 30053
36 11 10 6 7178
36 12 8 5 2341
36 13 6 7 116849
36 14 1 6 788
36 15 8 4 383
36 16 5 4 174
36 17 5 4 261
36 18 9 5 1121
36 19 9 4 371
36 20 3 5 1137
36 21 2 3 28
36 22 2 5 317
36 23 7 7 43281
36 24 4 4 180
36 25 5 7 34019
36 26 4 6 3471
36 27 8 7 211285
36 28 2 4 54
36 29 7 2 31
36 30 2 7 17988
36 31 2 5 287
36 32 7 4 237
36 33 8 4 448
36 34 5 4 428
36 35 2 4 214
36 36 3 8 246521
36 37 2 4 137
36 38 1 8 130750
36 39 5 6 15735
36 40 4 4 125
36 41 1 6 1296
36 42 6 4 139
36 43 6 4 480
36 44 6 1 5
36 45 5 5 2625
36 46 3 4 109
36 47 9 5 6044
36 48 2 6 4007
36 49 9 5 3798
36 50 8 3 136
36 51 8 5 3388
36 52 1 4 36
36 53 6 7 66499
36 54 2 6 3621
36 55 9 2 23
36 56 9 5 1220
36 57 5 5 775
36 58 9 3 112
36 59 2 9 5179320
36 60 2 7 22401
36 61 5 4 316
36 62 10 3 153
36 63 3 4 185
37 0 4 5 998
37 1 5 6 5990
37 2 7 5 957
37 3 3 8 152609
37 4 5 4 309
37 5 10 4 764
37 6 2 5 1347
37 7 4 4 119
37 8 1 5 196
37 9 3 8 404338
37 10 9 4 996
37 11 4 5 1319
37 12 5 4 120
37 13 7 5 2084
37 14 3 5 697
37 15 7 4 162
37 16 8 4 227
37 17 3 5 341
37 18 9 3 89
37 19 5 4 379
37 20 10 3 143
37 21 6 4 248
37 22 1 6 3788
37 23 1 6 1715
37 24 10 4 644
37 25 2 4 63
37 26 6 5 1450
37 27 1 7 32659
37 28 9 4 576
37 29 2 3 39
37 30 7 6 9709
37 31 4 4 291
37 32 3 3 18
37 33 3 6 3739
37 34 7 4 237
37 35 3 6 6132
37 36 6 4 238
37 37 7 4 220
37 38 1 7 20283
37 39 9 3 75
37 40 3 5 967
37 41 1 8 111436
37 42 8 8 782265
37 43 1 7 8593
37 44 3 5 1238
37 45 6 5 1089
37 46 4 7 21796
37 47 5 6 15843
37 48 7 4 371
37 49 3 3 46
37 50 7 3 80
37 51 7 3 93
37 52 7 4 371
37 53 6 7 92172
37 54 2 6 4216
37 55 4 8 176270
37 56 5 4 185
37 57 2 4 159
37 58 3 4 243
37 59 1 5 133
37 60 4 4 220
37 61 9 4 421
37 62 8 6 33379
37 63 8 6 15705
38 0 7 2 31
38 1 6 4 375
38 2 6 5 2541
38 3 8 6 16438
38 4 4 5 1461
38 5 7 2 20
38 6 4 4 200
38 7 6 6 5571
38 8 10 3 156
38 9 3 5 373
38 10 6 5 709
38 11 3 5 378
38 12 8 8 1649087
38 13 7 5 1222
38 14 6 5 1493
38 15 7 6 5179
38 16 2 5 300
38 17 6 5 2673
38 18 6 4 640
38 19 2 6 7579
38 20 10 4 1050
38 21 1 4 67
38 22 7 4 564
38 23 10 5 4576
38 24 6 5 2626
38 25 3 5 1492
38 26 7 3 76
38 27 1 7 8277
38 28 1 6 1077
38 29 10 2 41
38 30 7 4 732
38 31 6 4 491
38 32 8 2 17
38 33 8 5 4151
38 34 7 4 696
38 35 8 2 22
38 36 2 6 1932
38 37 2 6 2191
38 38 4 5 2370
38 39 6 7 42047
38 40 10 5 2762
38 41 6 5 3932
38 42 4 6 3832
38 43 9 6 12649
38 44 7 3 49
38 45 7 6 10778
38 46 8 7 178437
38 47 5 4 316
38 48 2 3 33
38 49 8 5 1423
38 50 9 4 357
38 51 8 7 216186
38 52 7 4 273
38 53 4 4 233
38 54 2 3 40
38 55 7 7 48872
38 56 10 6 9863
38 57 7 4 652
38 58 3 5 607
38 59 7 6 8761
38 60 5 7 47771
38 61 1 6 1460
38 62 2 6 2080
38 63 8 3 142
39 0 3 5 672
39 1 7 3 43
39 2 3 4 153
39 3 10 2 35
39 4 6 3 76
39 5 8 5 916
39 6 7 4 185
39 7 10 4 715
39 8 1 6 3229
39 9 7 5 1125
39 10 10 5 3664
39 11 8 4 201
39 12 8 7 127004
39 13 6 4 179
39 14 4 2 12
39 15 7 6 17923
39 16 9 3 180
39 17 7 4 571
39 18 4 4 263
39 19 10 5 1512
39 20 2 6 2159
39 21 9 7 159505
39 22 6 6 7163
39 23 7 5 2124
39 24 3 6 6022
39 25 10 2 52
39 26 3 4 185
39 27 1 5 266
39 28 6 5 1590
39 29 7 3 92
39 30 2 6 2275
39 31 7 4 230
39 32 6 4 276
39 33 7 3 38
39 34 6 6 8554
39 35 1 5 235
39 36 5 4 211
39 37 8 2 31
39 38 10 4 430
39 39 1 3 9
39 40 6 4 184
39 41 10 3 204
39 42 6 5 1091
39 43 2 4 67
39 44 9 6 11681
39 45 10 4 439
39 46 6 6 28111
39 47 3 6 8838
39 48 8 3 74
39 49 3 4 78
39 50 2 6 3814
39 51 5 4 208
39 52 1 5 571
39 53 5 5 2854
39 54 8 5 1162
39 55 9 4 710
39 56 10 3 75
39 57 3 5 583
39 58 4 5 2490
39 59 6 7 61999
39 60 2 3 44
39 61 3 5 1315
39 62 7 4 550
39 63 3 5 505
40 0 4 5 1557
40 1 6 6 19767
40 2 5 6 11216
40 3 4 4 128
40 4 9 4 937
40 5 5 4 186
40 6 6 4 162
40 7 3 8 138929
40 8 4 5 622
40 9 6 5 2209
40 10 9 5 1478
40 11 3 5 1582
40 12 1 6 1675
40 13 6 5 1629
40 14 10 3 206
40 15 3 5 570
40 16 2 6 6552
40 17 4 6 4308
40 18 3 4 106
40 19 1 6 3300
40 20 10 5 2796
40 21 10 8 566140
40 22 2 6 8558
40 23 3 7 22543
40 24 8 6 34222
40 25 4 5 1330
40 26 10 5 1383
40 27 6 5 695
40 28 6 5 1337
40 29 4 4 299
40 30 10 2 41
40 31 3 4 177
40 32 8 3 96
40 33 6 7 43958
40 34 6 5 1939
40 35 7 5 1539
40 36 4 7 45730
40 37 9 5 3375
40 38 7 4 532
40 39 9 4 779
40 40 7 4 228
40 41 2 6 8676
40 42 7 7 147399
40 43 10 5 1374
40 44 5 4 319
40 45 7 4 267
40 46 10 6 26587
40 47 10 6 8140
40 48 2 4 140
40 49 3 4 176
40 50 7 5 2168
40 51 9 4 913
40 52 3 3 28
40 53 1 8 72353
40 54 5 4 213
40 55 6 4 647
40 56 5 6 3731
40 57 7 4 668
40 58 10 5 3057
40 59 7 8 301569
40 60 2 6 9245
40 61 8 8 890753
40 62 10 6 10801
40 63 5 7 81091
41 0 10 6 27347
41 1 6 5 3052
41 2 2 6 4349
41 3 5 3 100
41 4 2 5 899
41 5 5 3 48
41 6 3 5 596
41 7 7 7 173234
41 8 1 8 88380
41 9 10 5 3380
41 10 4 6 3227
41 11 10 5 2083
41 12 6 5 1173
41 13 4 6 15623
41 14 6 6 28016
41 15 5 4 129
41 16 6 4 203
41 17 1 6 741
41 18 7 4 191
41 19 9 4 272
41 20 9 3 196
41 21 10 5 3233
41 22 6 5 2831
41 23 3 5 1965
41 24 1 3 22
41 25 2 7 16735
41 26 9 3 49
41 27 6 6 10749
41 28 10 5 1376
41 29 2 5 566
41 30 3 3 39
41 31 2 4 179
41 32 5 4 299
41 33 4 3 58
41 34 7 8 601361
41 35 3 6 2281
41 36 6 3 43
41 37 7 6 24546
41 38 7 4 347
41 39 3 5 1880
41 40 4 4 107
41 41 3 4 310
41 42 6 4 453
41 43 2 5 320
41 44 6 5 1432
41 45 1 4 104
41 46 7 5 1298
41 47 10 5 1185
41 48 6 5 790
41 49 9 5 1234
41 50 4 5 2285
41 51 6 3 61
41 52 1 7 12662
41 53 2 4 62
41 54 4 3 40
41 55 7 5 893
41 56 10 4 427
41 57 7 4 184
41 58 2 5 279
41 59 7 6 23020
41 60 1 6 3943
41 61 10 3 75
41 62 4 5 466
41 63 1 4 99
42 0 6 2 26
42 1 3 5 502
42 2 5 3 49
42 3 9 5 1080
42 4 1 6 907
42 5 9 5 4677
42 6 8 5 2023
42 7 3 3 20
42 8 3 3 65
42 9 7 4 357
42 10 4 3 69
42 11 4 6 5135
42 12 8 5 1498
42 13 3 5 1385
42 14 2 6 3231
42 15 5 5 808
42 16 9 6 6936
42 17 7 5 3597
42 18 8 4 187
42 19 10 3 79
42 20 4 6 12378
42 21 3 6 2974
42 22 2 4 218
42 23 10 5 1372
42 24 9 4 262
42 25 4 5 608
42 26 9 3 81
42 27 1 9 418770
42 28 8 3 94
42 29 2 5 515
42 30 10 3 100
42 31 6 4 182
42 32 9 4 384
42 33 5 7 58674
42 34 9 4 545
42 35 6 3 51
42 36 7 5 912
42 37 3 5 883
42 38 2 4 158
42 39 10 2 27
42 40 6 4 298
42 41 1 5 341
42 42 10 3 144
42 43 3 6 3288
42 44 2 6 5092
42 45 8 3 155
42 46 6 4 317
42 47 8 4 630
42 48 6 7 41383
42 49 9 4 551
42 50 3 7 23665
42 51 4 5 721
42 52 4 4 113
42 53 10 3 213
42 54 5 6 14547
42 55 10 3 99
42 56 8 5 924
42 57 5 5 1543
42 58 1 4 73
42 59 5 5 1364
42 60 6 7 54645
42 61 7 2 14
42 62 2 6 2684
42 63 3 6 12639
43 0 5 5 2279
43 1 3 5 375
43 2 6 4 512
43 3 7 5 1799
43 4 7 5 1127
43 5 9 5 5776
43 6 5 5 749
43 7 10 3 113
43 8 7 8 1136665
43 9 3 5 619
43 10 4 5 2525
43 11 5 4 320
43 12 1 8 191032
43 13 1 7 5131
43 14 9 6 14277
43 15 3 7 27873
43 16 3 6 3698
43 17 10 4 493
43 18 3 6 4421
43 19 6 6 26456
43 20 2 6 2087
43 21 3 5 1170
43 22 1 6 1640
43 23 6 7 33751
43 24 9 3 173
43 25 5 7 31692
43 26 1 4 96
43 27 7 6 26241
43 28 9 4 242
43 29 4 7 154059
43 30 2 5 284
43 31 2 5 999
43 32 9 4 349
43 33 4 7 23598
43 34 5 4 176
43 35 1 7 10339
43 36 7 5 2724
43 37 5 5 2737
43 38 4 7 22898
43 39 4 4 121
43 40 6 5 4010
43 41 10 7 52338
43 42 5 5 2202
43 43 7 7 213279
43 44 4 4 143
43 45 2 6 5670
43 46 4 4 174
43 47 7 5 2779
43 48 4 2 13
43 49 3 4 139
43 50 3 4 126
43 51 2 5 271
43 52 5 5 948
43 53 9 5 1992
43 54 8 5 1430
43 55 7 6 10509
43 56 7 5 1649
43 57 2 6 4142
43 58 2 5 1224
43 59 6 9 2186950
43 60 9 5 3204
43 61 9 4 673
43 62 8 5 2484
43 63 2 4 195
44 0 3 4 235
44 1 9 5 1465
44 2 10 3 198
44 3 6 3 64
44 4 6 4 489
44 5 6 3 48
44 6 4 6 4329
44 7 8 4 254
44 8 2 6 2524
44 9 6 4 270
44 10 4 4 225
44 11 5 7 28772
44 12 9 3 107
44 13 7 3 76
44 14 7 3 121
44 15 8 4 332
44 16 3 6 7679
44 17 3 7 34464
44 18 7 7 256294
44 19 9 5 1393
44 20 2 10 86354354
44 21 2 6 5719
44 22 9 4 696
44 23 3 6 5590
44 24 1 6 3611
44 25 7 4 253
44 26 1 8 312277
44 27 2 6 4886
44 28 3 5 913
44 29 6 4 175
44 30 8 6 35014
44 31 1 5 292
44 32 2 6 7474
44 33 3 4 132
44 34 1 6 782
44 35 7 3 124
44 36 10 5 1163
44 37 2 4 48
44 38 2 7 19089
44 39 1 6 4573
44 40 1 4 30
44 41 4 4 118
44 42 6 6 24051
44 43 2 4 74
44 44 7 5 995
44 45 9 6 6360
44 46 1 4 104
44 47 5 7 61036
44 48 2 6 7755
44 49 4 3 28
44 50 8 5 1266
44 51 10 4 1083
44 52 3 4 151
44 53 7 5 1369
44 54 10 5 2836
44 55 1 5 302
44 56 9 3 147
44 57 5 3 100
44 58 9 2 36
44 59 8 5 4216
44 60 6 5 1808
44 61 5 5 2544
44 62 4 8 1364817
44 63 8 7 57419
45 0 9 5 5963
45 1 9 7 68269
45 2 3 5 378
45 3 8 5 2729
45 4 10 8 1083095
45 5 10 4 407
45 6 3 8 128604
45 7 5 5 580
45 8 5 4 325
45 9 10 6 48585
45 10 9 5 1679
45 11 8 6 9871
45 12 8 5 3196
45 13 4 6 2785
45 14 7 2 32
45 15 6 7 34133
45 16 4 5 2506
45 17 10 7 55239
45 18 7 6 6262
45 19 1 6 2658
45 20 4 3 42
45 21 7 3 144
45 22 1 7 11738
45 23 4 6 10994
45 24 9 3 157
45 25 2 4 75
45 26 8 4 390
45 27 9 5 4628
45 28 9 6 12364
45 29 3 5 569
45 30 4 4 152
45 31 10 6 10325
45 32 1 5 392
45 33 3 5 877
45 34 2 4 119
45 35 7 2 18
45 36 8 5 2269
45 37 5 5 617
45 38 1 6 2395
45 39 8 6 25181
45 40 10 5 1525
45 41 9 4 871
45 42 10 7 160126
45 43 8 5 1453
45 44 9 7 55038
45 45 5 6 18247
45 46 9 6 19632
45 47 1 7 25498
45 48 4 6 8184
45 49 6 4 431
45 50 7 6 8157
45 51 1 5 358
45 52 9 4 215
45 53 6 3 52
45 54 9 4 767
45 55 1 6 1775
45 56 6 4 483
45 57 9 3 117
45 58 2 6 2717
45 59 8 6 6019
45 60 6 4 552
45 61 5 1 7
45 62 10 3 88
45 63 2 6 1625
46 0 6 6 4718
46 1 4 6 12677
46 2 5 2 24
46 3 5 3 65
46 4 7 5 3981
46 5 2 3 37
46 6 10 6 7812
46 7 7 4 720
46 8 10 9 11207491
46 9 7 9 2767824
46 10 5 5 1573
46 11 5 5 2285
46 12 8 4 457
46 13 6 4 228
46 14 6 5 3486
46 15 3 5 1350
46 16 4 4 197
46 17 1 5 214
46 18 9 5 1517
46 19 6 5 3793
46 20 9 4 380
46 21 8 4 181
46 22 8 3 140
46 23 10 5 2799
46 24 4 5 1718
46 25 10 4 941
46 26 4 5 869
46 27 10 3 114
46 28 7 2 36
46 29 1 5 405
46 30 2 6 5957
46 31 5 4 388
46 32 9 4 667
46 33 1 5 224
46 34 1 6 3949
46 35 8 2 38
46 36 3 4 165
46 37 1 4 55
46 38 5 5 1002
46 39 9 3 80
46 40 2 7 17423
46 41 10 4 466
46 42 7 7 82475
46 43 10 5 1203
46 44 4 5 493
46 45 1 5 340
46 46 2 4 197
46 47 10 5 2690
46 48 6 8 478422
46 49 6 4 219
46 50 7 3 117
46 51 4 5 1293
46 52 7 5 1485
46 53 5 3 57
46 54 2 4 65
46 55 1 7 9736
46 56 10 6 9561
46 57 5 4 213
46 58 6 4 302
46 59 2 6 4221
46 60 3 5 421
46 61 1 4 44
46 62 2 6 3280
46 63 7 6 19787
47 0 4 5 464
47 1 1 6 2145
47 2 6 3 112
47 3 8 5 1375
47 4 7 4 374
47 5 2 7 24859
47 6 8 5 4242
47 7 3 4 125
47 8 5 6 8144
47 9 10 4 759
47 10 7 6 33001
47 11 1 6 754
47 12 5 4 370
47 13 8 1 12
47 14 10 2 43
47 15 1 6 3726
47 16 7 4 228
47 17 8 5 2397
47 18 3 6 11095
47 19 1 5 122
47 20 10 4 927
47 21 10 7 74318
47 22 4 5 803
47 23 10 5 1164
47 24 8 5 1599
47 25 8 5 2598
47 26 4 2 12
47 27 2 5 530
47 28 6 5 1583
47 29 10 4 433
47 30 6 3 34
47 31 10 5 1872
47 32 6 4 531
47 33 5 5 715
47 34 8 4 371
47 35 2 3 25
47 36 6 6 10210
47 37 4 4 181
47 38 8 2 32
47 39 6 4 299
47 40 2 7 47647
47 41 5 4 248
47 42 6 5 764
47 43 9 5 2076
47 44 7 3 70
47 45 8 7 51081
47 46 6 4 562
47 47 6 5 1393
47 48 3 5 1034
47 49 8 6 19350
47 50 1 5 299
47 51 1 7 8696
47 52 9 4 318
47 53 6 4 213
47 54 10 3 59
47 55 5 5 1042
47 56 6 7 40515
47 57 2 6 1525
47 58 3 4 330
47 59 3 5 1021
47 60 6 4 138
47 61 7 5 1314
47 62 3 2 14
47 63 1 6 2571
48 0 6 5 687
48 1 10 3 155
48 2 4 6 12440
48 3 6 5 2065
48 4 1 6 1872
48 5 10 4 282
48 6 5 4 237
48 7 2 6 1405
48 8 3 6 10465
48 9 4 2 19
48 10 6 6 8608
48 11 2 7 16715
48 12 4 4 192
48 13 10 3 108
48 14 6 5 3446
48 15 9 4 558
48 16 9 5 2703
48 17 2 6 1851
48 18 4 4 231
48 19 3 6 2541
48 20 6 4 221
48 21 7 6 14933
48 22 3 6 4220
48 23 6 2 27
48 24 6 2 20
48 25 2 6 2549
48 26 4 4 409
48 27 6 5 1420
48 28 7 7 38270
48 29 4 5 2322
48 30 5 3 52
48 31 7 4 614
48 32 8 5 4631
48 33 8 6 34490
48 34 8 4 213
48 35 2 6 1598
48 36 6 5 1666
48 37 1 4 68
48 38 7 3 119
48 39 1 6 830
48 40 3 6 2533
48 41 9 6 15327
48 42 1 6 956
48 43 6 4 335
48 44 4 5 1354
48 45 1 6 4249
48 46 4 6 4303
48 47 2 4 63
48 48 9 4 461
48 49 10 4 492
48 50 1 7 23342
48 51 1 5 272
48 52 5 4 165
48 53 1 5 116
48 54 2 7 37962
48 55 6 5 1714
48 56 5 4 281
48 57 9 7 160850
48 58 3 4 97
48 59 3 4 244
48 60 2 5 612
48 61 1 7 25105
48 62 7 6 9817
48 63 4 6 3048
49 0 3 4 241
49 1 9 4 233
49 2 1 5 595
49 3 9 5 4295
49 4 6 4 209
49 5 4 5 1613
49 6 4 3 46
49 7 5 4 323
49 8 9 4 284
49 9 10 5 1997
49 10 5 3 44
49 11 1 4 92
49 12 2 3 27
49 13 9 6 10983
49 14 6 4 273
49 15 1 6 1374
49 16 10 3 132
49 17 7 2 24
49 18 8 5 2702
49 19 1 4 58
49 20 8 4 342
49 21 7 3 91
49 22 4 3 30
49 23 4 4 201
49 24 5 6 5083
49 25 7 5 1909
49 26 7 6 10247
49 27 2 7 53764
49 28 9 5 5379
49 29 6 4 218
49 30 5 3 35
49 31 7 4 167
49 32 8 4 354
49 33 2 5 1198
49 34 7 9 4206135
49 35 10 3 174
49 36 5 3 64
49 37 6 5 1643
49 38 6 3 112
49 39 7 6 22294
49 40 8 3 134
49 41 1 5 228
49 42 1 5 265
49 43 7 3 88
49 44 6 4 252
49 45 6 5 1346
49 46 6 5 2147
49 47 10 3 120
49 48 10 2 24
49 49 7 7 246085
49 50 1 5 437
49 51 6 5 1874
49 52 7 7 44021
49 53 10 6 7366
49 54 4 6 9479
49 55 3 4 216
49 56 5 4 130
49 57 4 3 70
49 58 1 9 867007
49 59 6 4 297
49 60 3 5 1916
49 61 6 2 29
49 62 9 3 76
49 63 1 5 314
50 0 4 5 1295
50 1 8 4 830
50 2 10 2 43
50 3 5 6 7047
50 4 6 4 576
50 5 5 6 11954
50 6 10 4 556
50 7 5 1 7
50 8 9 4 675
50 9 3 5 418
50 10 4 5 533
50 11 1 8 47418
50 12 1 4 69
50 13 6 8 1930084
50 14 7 6 5234
50 15 2 7 52050
50 16 7 4 625
50 17 1 4 78
50 18 5 4 333
50 19 2 5 674
50 20 10 3 174
50 21 9 4 329
50 22 8 3 108
50 23 2 4 99
50 24 8 6 20328
50 25 1 7 8202
50 26 8 4 494
50 27 5 8 248127
50 28 3 5 1486
50 29 4 7 99822
50 30 10 5 1365
50 31 10 4 236
50 32 6 7 78262
50 33 3 5 669
50 34 10 4 268
50 35 2 6 3364
50 36 6 4 338
50 37 1 6 931
50 38 5 4 312
50 39 1 3 20
50 40 4 4 96
50 41 5 5 1881
50 42 2 6 2257
50 43 10 5 1200
50 44 4 4 274
50 45 1 5 245
50 46 9 6 33561
50 47 6 3 65
50 48 6 6 5720
50 49 2 6 6639
50 50 5 6 6668
50 51 7 6 33172
50 52 7 3 144
50 53 8 6 8545
50 54 1 4 90
50 55 2 6 2821
50 56 7 7 35606
50 57 9 4 490
50 58 6 6 4673
50 59 8 4 501
50 60 6 4 395
50 61 3 4 106
50 62 2 4 132
50 63 3 7 16188
51 0 9 5 1486
51 1 8 3 68
51 2 6 4 325
51 3 7 7 52929
51 4 4 3 59
51 5 3 5 1457
51 6 9 4 295
51 7 8 7 127710
51 8 4 8 197002
51 9 4 5 1931
51 10 9 6 12164
51 11 4 6 3042
51 12 5 5 652
51 13 10 2 32
51 14 1 5 411
51 15 7 5 1956
51 16 5 6 8485
51 17 10 4 734
51 18 1 5 339
51 19 6 5 1313
51 20 5 6 6657
51 21 9 4 447
51 22 2 5 394
51 23 3 8 181563
51 24 4 5 568
51 25 10 7 72438
51 26 9 3 61
51 27 7 7 107851
51 28 6 4 137
51 29 3 5 1645
51 30 7 5 2143
51 31 8 5 2281
51 32 7 4 313
51 33 3 6 12599
51 34 2 6 1518
51 35 1 5 363
51 36 6 5 2593
51 37 8 5 1766
51 38 6 6 7128
51 39 5 3 61
51 40 8 5 1262
51 41 2 5 352
51 42 2 7 22216
51 43 1 7 7608
51 44 5 6 8715
51 45 2 6 1430
51 46 3 3 63
51 47 8 3 90
51 48 1 6 1789
51 49 3 5 977
51 50 7 4 647
51 51 3 4 309
51 52 6 4 288
51 53 7 4 262
51 54 4 5 1812
51 55 9 6 17943
51 56 7 3 119
51 57 4 4 91
51 58 2 8 152487
51 59 3 5 1584
51 60 10 7 174997
51 61 3 5 406
51 62 7 4 199
51 63 1 5 138
52 0 1 6 4136
52 1 2 6 8156
52 2 3 5 1797
52 3 6 4 134
52 4 10 4 299
52 5 6 3 44
52 6 1 5 555
52 7 7 7 160758
52 8 2 6 4435
52 9 2 7 18710
52 10 7 3 65
52 11 7 4 439
52 12 1 7 5838
52 13 4 6 3916
52 14 4 4 326
52 15 6 6 5059
52 16 6 4 306
52 17 9 2 27
52 18 6 4 241
52 19 2 8 440685
52 20 6 5 1853
52 21 1 5 128
52 22 7 5 2559
52 23 5 5 1842
52 24 2 6 2051
52 25 1 4 53
52 26 6 3 57
52 27 9 5 1879
52 28 4 6 4656
52 29 8 5 5558
52 30 5 4 421
52 31 4 6 3836
52 32 7 4 247
52 33 8 3 95
52 34 2 5 926
52 35 10 5 4332
52 36 3 7 21141
52 37 7 4 506
52 38 9 6 17600
52 39 2 5 246
52 40 1 4 34
52 41 8 5 2526
52 42 5 5 1123
52 43 10 2 28
52 44 2 6 1927
52 45 1 7 5131
52 46 9 5 4151
52 47 6 7 34328
52 48 1 5 322
52 49 8 3 51
52 50 1 5 186
52 51 3 6 3752
52 52 4 6 5887
52 53 9 5 1768
52 54 2 5 1328
52 55 2 6 4067
52 56 1 5 359
52 57 6 8 446767
52 58 4 5 1043
52 59 4 8 266511
52 60 9 6 13113
52 61 2 7 19903
52 62 1 9 961729
52 63 2 3 18
53 0 3 5 639
53 1 9 4 663
53 2 7 5 3059
53 3 4 3 67
53 4 9 6 42605
53 5 5 4 394
53 6 4 5 1784
53 7 7 5 1088
53 8 7 4 223
53 9 5 5 1626
53 10 3 6 3806
53 11 10 4 223
53 12 2 6 3615
53 13 9 4 1006
53 14 7 8 376475
53 15 2 7 30689
53 16 10 5 2060
53 17 2 6 1586
53 18 2 5 631
53 19 9 6 7384
53 20 10 7 139954
53 21 1 5 637
53 22 5 7 93460
53 23 2 7 16944
53 24 6 4 302
53 25 3 7 20822
53 26 2 5 237
53 27 5 5 1574
53 28 4 5 736
53 29 1 5 460
53 30 1 6 914
53 31 2 6 3944
53 32 10 2 22
53 33 10 6 8488
53 34 5 5 2717
53 35 4 5 756
53 36 7 5 2183
53 37 1 8 86851
53 38 7 5 1782
53 39 5 2 26
53 40 10 6 7652
53 41 5 4 557
53 42 6 2 12
53 43 2 6 2678
53 44 1 4 86
53 45 6 4 607
53 46 9 6 26649
53 47 8 5 2845
53 48 4 5 515
53 49 8 5 2165
53 50 2 5 1258
53 51 6 5 1266
53 52 2 6 2997
53 53 7 4 749
53 54 7 6 19884
53 55 8 5 1593
53 56 1 5 162
53 57 4 5 2215
53 58 4 4 267
53 59 6 5 1775
53 60 6 6 5179
53 61 5 5 2142
53 62 8 4 555
53 63 5 4 515
54 0 5 4 182
54 1 7 3 125
54 2 5 5 2822
54 3 4 4 99
54 4 2 7 10483
54 5 7 4 204
54 6 6 4 246
54 7 8 6 23010
54 8 7 3 148
54 9 7 4 242
54 10 10 6 8978
54 11 1 7 7361
54 12 6 5 1165
54 13 5 5 781
54 14 10 4 521
54 15 4 6 3597
54 16 10 4 379
54 17 5 5 1153
54 18 1 4 105
54 19 9 4 698
54 20 9 4 791
54 21 5 5 2618
54 22 5 5 1871
54 23 4 6 4169
54 24 5 4 350
54 25 10 3 141
54 26 3 4 168
54 27 4 4 186
54 28 10 3 186
54 29 5 6 6538
54 30 2 5 738
54 31 9 6 32504
54 32 1 7 23217
54 33 7 3 73
54 34 6 4 338
54 35 8 4 251
54 36 7 4 584
54 37 4 6 18304
54 38 2 4 91
54 39 2 5 660
54 40 1 9 421285
54 41 7 3 91
54 42 4 4 421
54 43 9 5 4047
54 44 6 4 141
54 45 7 5 1367
54 46 2 4 166
54 47 7 3 44
54 48 4 3 36
54 49 5 2 9
54 50 3 3 28
54 51 5 5 783
54 52 1 7 7478
54 53 6 4 596
54 54 9 4 338
54 55 5 5 1214
54 56 3 5 575
54 57 8 5 1039
54 58 10 5 3362
54 59 4 6 13574
54 60 9 4 242
54 61 5 4 444
54 62 4 4 208
54 63 2 6 5414
55 0 5 4 329
55 1 4 4 95
55 2 3 6 3494
55 3 5 4 375
55 4 10 1 11
55 5 2 5 233
55 6 2 5 314
55 7 3 5 565
55 8 7 4 655
55 9 3 5 1204
55 10 4 6 3251
55 11 1 5 343
55 12 4 5 2238
55 13 1 6 2228
55 14 3 7 22405
55 15 10 3 209
55 16 7 4 175
55 17 3 4 82
55 18 1 3 6
55 19 9 4 965
55 20 4 6 5883
55 21 10 5 5142
55 22 1 5 423
55 23 10 4 324
55 24 1 4 59
55 25 2 5 440
55 26 3 4 188
55 27 5 5 3461
55 28 4 3 67
55 29 4 7 22752
55 30 8 4 757
55 31 4 6 4900
55 32 8 5 1147
55 33 3 4 200
55 34 10 5 1372
55 35 6 4 168
55 36 4 2 14
55 37 7 4 512
55 38 2 5 803
55 39 1 5 639
55 40 9 5 2223
55 41 7 5 2485
55 42 1 6 1317
55 43 8 6 5799
55 44 4 6 12840
55 45 10 6 27021
55 46 9 5 2663
55 47 10 4 1088
55 48 10 5 1557
55 49 6 4 504
55 50 5 6 10947
55 51 6 5 1176
55 52 3 4 81
55 53 7 5 1974
55 54 1 5 327
55 55 10 4 865
55 56 3 6 2183
55 57 7 5 1510
55 58 1 5 136
55 59 8 4 592
55 60 9 4 660
55 61 3 5 734
55 62 8 6 15124
55 63 7 5 1300
56 0 5 4 413
56 1 6 5 1698
56 2 7 3 126
56 3 8 5 1435
56 4 10 6 28493
56 5 7 3 86
56 6 5 4 354
56 7 2 7 17596
56 8 8 5 1169
56 9 10 5 4060
56 10 2 5 422
56 11 10 3 195
56 12 10 4 765
56 13 5 5 658
56 14 9 5 1755
56 15 3 5 797
56 16 4 5 788
56 17 3 5 726
56 18 5 3 80
56 19 5 5 1020
56 20 6 5 1110
56 21 1 5 293
56 22 8 4 469
56 23 3 5 375
56 24 3 5 571
56 25 3 6 2097
56 26 8 5 1386
56 27 1 6 762
56 28 7 5 1242
56 29 9 4 868
56 30 7 5 2413
56 31 3 7 17405
56 32 5 5 1333
56 33 6 7 73756
56 34 10 6 46818
56 35 3 5 406
56 36 10 4 895
56 37 2 5 584
56 38 2 6 3860
56 39 1 5 527
56 40 7 5 962
56 41 3 5 846
56 42 5 4 456
56 43 2 6 1986
56 44 10 7 252372
56 45 10 3 86
56 46 7 4 204
56 47 7 3 62
56 48 7 6 11066
56 49 6 6 4586
56 50 8 7 55706
56 51 6 3 71
56 52 1 5 673
56 53 10 6 8502
56 54 7 4 566
56 55 10 5 3896
56 56 4 6 11436
56 57 9 6 28150
56 58 6 3 51
56 59 1 6 2248
56 60 6 4 312
56 61 5 6 4207
56 62 4 4 301
56 63 5 3 110
57 0 3 5 1870
57 1 3 5 1902
57 2 6 3 32
57 3 10 7 94054
57 4 3 5 1540
57 5 2 5 1134
57 6 2 7 51158
57 7 5 4 436
57 8 9 6 9293
57 9 8 4 252
57 10 10 5 2928
57 11 9 4 568
57 12 1 3 12
57 13 7 6 7586
57 14 4 5 1080
57 15 6 5 3035
57 16 10 4 479
57 17 7 6 5844
57 18 4 6 3786
57 19 9 4 271
57 20 7 3 65
57 21 5 5 659
57 22 2 6 8747
57 23 3 6 4597
57 24 10 4 320
57 25 8 4 308
57 26 7 5 844
57 27 4 6 2880
57 28 3 6 11234
57 29 2 9 1750399
57 30 10 5 1167
57 31 9 3 97
57 32 3 6 3190
57 33 2 6 7894
57 34 3 5 826
57 35 3 4 332
57 36 9 2 22
57 37 3 5 1222
57 38 7 6 5407
57 39 9 2 23
57 40 8 6 9768
57 41 7 5 1070
57 42 3 6 12437
57 43 3 5 1460
57 44 1 4 66
57 45 8 5 1429
57 46 4 6 2832
57 47 5 6 6088
57 48 7 3 83
57 49 2 4 69
57 50 7 5 1817
57 51 4 6 4265
57 52 5 6 4321
57 53 3 5 1539
57 54 7 3 66
57 55 9 3 70
57 56 2 5 734
57 57 5 3 109
57 58 5 4 380
57 59 2 8 717249
57 60 9 5 2674
57 61 4 6 3018
57 62 6 4 488
57 63 3 9 1539077
58 0 4 5 689
58 1 4 3 33
58 2 3 5 353
58 3 3 6 6973
58 4 1 6 1081
58 5 9 2 38
58 6 4 4 377
58 7 3 5 856
58 8 4 7 45646
58 9 7 2 26
58 10 5 5 1360
58 11 2 5 1078
58 12 6 7 36087
58 13 8 4 544
58 14 6 4 570
58 15 7 6 7716
58 16 7 3 42
58 17 7 1 7
58 18 10 4 389
58 19 9 5 2007
58 20 1 6 2941
58 21 9 3 94
58 22 9 4 461
58 23 3 5 1414
58 24 1 4 41
58 25 5 5 2258
58 26 5 4 172
58 27 6 3 124
58 28 8 5 1335
58 29 6 5 1012
58 30 10 4 398
58 31 5 3 52
58 32 1 9 2086172
58 33 9 5 5982
58 34 10 8 1401709
58 35 9 6 25682
58 36 3 6 13458
58 37 9 7 64754
58 38 4 4 202
58 39 5 6 11665
58 40 3 5 718
58 41 5 3 85
58 42 5 4 548
58 43 6 5 704
58 44 5 4 303
58 45 8 4 365
58 46 6 6 29427
58 47 10 5 1879
58 48 6 7 44972
58 49 2 4 139
58 50 4 6 10946
58 51 2 7 15914
58 52 4 6 6339
58 53 4 5 969
58 54 1 5 276
58 55 2 5 959
58 56 9 5 1515
58 57 5 6 10604
58 58 4 3 41
58 59 7 6 5344
58 60 1 4 65
58 61 5 4 481
58 62 7 2 17
58 63 7 4 378
59 0 2 6 1973
59 1 1 4 63
59 2 6 4 676
59 3 9 5 1375
59 4 10 4 803
59 5 9 4 854
59 6 10 6 11062
59 7 9 3 67
59 8 10 6 7425
59 9 4 6 7880
59 10 5 4 164
59 11 10 3 204
59 12 7 4 519
59 13 5 6 19870
59 14 10 5 2844
59 15 6 4 174
59 16 1 4 109
59 17 6 4 233
59 18 10 4 1020
59 19 1 6 714
59 20 5 5 906
59 21 2 6 4811
59 22 7 4 227
59 23 9 5 1989
59 24 6 5 3279
59 25 1 6 2173
59 26 3 9 2821053
59 27 4 5 1588
59 28 5 1 8
59 29 3 5 2064
59 30 7 4 726
59 31 9 6 25129
59 32 5 5 2199
59 33 8 5 2569
59 34 7 6 10464
59 35 9 3 73
59 36 1 5 508
59 37 1 5 612
59 38 10 4 546
59 39 5 4 180
59 40 10 6 11585
59 41 3 5 630
59 42 9 4 631
59 43 3 5 486
59 44 4 4 106
59 45 7 5 944
59 46 9 2 42
59 47 2 5 279
59 48 1 4 101
59 49 9 4 838
59 50 3 6 4639
59 51 3 5 347
59 52 8 3 50
59 53 7 4 478
59 54 9 3 91
59 55 5 5 1608
59 56 9 4 655
59 57 3 6 12268
59 58 3 3 41
59 59 1 5 540
59 60 5 4 369
59 61 9 2 34
59 62 10 3 193
59 63 7 4 336
60 0 1 6 896
60 1 2 4 192
60 2 2 8 229623
60 3 9 4 667
60 4 7 5 1655
60 5 10 5 3626
60 6 6 5 4153
60 7 9 5 3000
60 8 6 4 246
60 9 8 4 184
60 10 1 3 20
60 11 6 5 776
60 12 1 7 6192
60 13 3 4 73
60 14 2 5 572
60 15 1 6 1402
60 16 1 6 1869
60 17 4 5 696
60 18 3 4 140
60 19 3 2 15
60 20 3 7 29082
60 21 2 5 813
60 22 1 5 136
60 23 10 4 270
60 24 6 7 208907
60 25 9 6 8145
60 26 4 4 280
60 27 8 4 715
60 28 10 5 2961
60 29 7 5 2424
60 30 10 4 538
60 31 4 5 1738
60 32 5 4 415
60 33 8 5 2869
60 34 9 6 20444
60 35 8 6 13113
60 36 9 5 1029
60 37 1 7 7180
60 38 6 5 1261
60 39 2 6 4785
60 40 4 4 310
60 41 10 5 1818
60 42 5 3 70
60 43 10 3 147
60 44 6 7 49422
60 45 7 8 775122
60 46 7 3 84
60 47 10 7 52584
60 48 10 1 8
60 49 10 2 46
60 50 9 7 66416
60 51 3 6 4430
60 52 9 6 21378
60 53 3 5 564
60 54 3 3 66
60 55 6 4 187
60 56 10 5 2190
60 57 6 4 346
60 58 2 6 2348
60 59 9 3 115
60 60 3 2 9
60 61 7 5 4744
60 62 10 3 56
60 63 2 6 4177
61 0 9 5 3449
61 1 10 4 713
61 2 10 6 10180
61 3 3 5 508
61 4 3 5 761
61 5 8 4 635
61 6 8 3 74
61 7 7 3 102
61 8 4 5 1804
61 9 8 4 317
61 10 9 4 689
61 11 3 4 179
61 12 10 4 458
61 13 4 5 733
61 14 1 7 37146
61 15 4 3 61
61 16 10 5 4263
61 17 8 4 351
61 18 1 6 1697
61 19 6 4 600
61 20 1 8 57647
61 21 5 4 340
61 22 8 3 51
61 23 4 6 5439
61 24 6 5 1328
61 25 8 3 123
61 26 2 5 878
61 27 6 7 76804
61 28 5 4 260
61 29 9 5 5899
61 30 6 4 479
61 31 7 5 3462
61 32 6 3 61
61 33 7 3 153
61 34 7 8 640190
61 35 8 4 244
61 36 8 4 534
61 37 8 1 13
61 38 1 7 38864
61 39 9 5 1825
61 40 8 2 16
61 41 7 6 5879
61 42 3 4 181
61 43 2 5 853
61 44 10 5 1398
61 45 10 3 139
61 46 10 4 694
61 47 10 3 151
61 48 2 5 1088
61 49 4 3 60
61 50 4 8 220590
61 51 3 3 31
61 52 1 5 581
61 53 4 3 87
61 54 8 3 138
61 55 5 5 1238
61 56 6 4 403
61 57 10 5 1981
61 58 10 5 1282
61 59 5 4 490
61 60 1 3 18
61 61 5 6 8688
61 62 10 5 3539
61 63 5 4 231
62 0 4 5 569
62 1 8 4 285
62 2 4 8 202856
62 3 1 4 94
62 4 5 5 2321
62 5 6 3 53
62 6 2 5 584
62 7 6 5 1098
62 8 10 3 94
62 9 5 4 274
62 10 4 4 380
62 11 6 6 21147
62 12 10 3 117
62 13 4 7 60513
62 14 4 5 2414
62 15 10 3 70
62 16 10 5 1724
62 17 5 7 101662
62 18 1 4 51
62 19 6 6 8797
62 20 6 4 261
62 21 9 5 1780
62 22 7 8 1304667
62 23 3 4 239
62 24 9 5 5186
62 25 5 5 1481
62 26 6 4 592
62 27 6 3 105
62 28 4 4 132
62 29 8 4 259
62 30 7 4 449
62 31 3 3 51
62 32 5 4 269
62 33 6 6 10872
62 34 8 3 100
62 35 1 7 5500
62 36 4 4 269
62 37 10 4 655
62 38 2 5 774
62 39 2 5 301
62 40 4 4 299
62 41 3 5 869
62 42 1 5 142
62 43 1 6 1186
62 44 2 6 1979
62 45 6 5 2037
62 46 8 6 11800
62 47 9 5 1068
62 48 10 3 213
62 49 4 5 2548
62 50 1 4 55
62 51 10 5 1323
62 52 9 5 1221
62 53 10 4 258
62 54 10 3 97
62 55 9 7 46455
62 56 1 4 113
62 57 6 5 738
62 58 4 5 522
62 59 3 6 6318
62 60 7 4 187
62 61 7 5 869
62 62 1 4 65
62 63 2 4 120
63 0 1 6 3677
63 1 4 7 72177
63 2 10 5 3844
63 3 7 4 200
63 4 7 4 608
63 5 1 4 44
63 6 4 5 1124
63 7 6 6 28906
63 8 9 5 5416
63 9 10 3 138
63 10 5 6 4811
63 11 6 3 75
63 12 1 7 13673
63 13 1 6 932
63 14 6 4 318
63 15 7 5 796
63 16 8 6 39109
63 17 10 3 86
63 18 3 5 536
63 19 9 2 24
63 20 7 6 12664
63 21 4 5 2239
63 22 8 6 5737
63 23 3 5 356
63 24 1 6 3953
63 25 6 5 1751
63 26 7 6 15579
63 27 8 5 2312
63 28 2 6 3331
63 29 1 5 337
63 30 1 6 4287
63 31 4 3 61
63 32 6 6 24225
63 33 5 6 8728
63 34 9 5 1638
63 35 2 5 1387
63 36 3 4 109
63 37 9 3 160
63 38 1 9 1056532
63 39 10 6 22690
63 40 9 4 524
63 41 2 6 2673
63 42 1 6 2010
63 43 4 4 203
63 44 8 3 123
63 45 8 3 99
63 46 8 4 272
63 47 2 4 129
63 48 8 6 30264
63 49 6 3 36
63 50 2 5 255
63 51 5 10 30855621
63 52 6 3 72
63 53 5 4 206
63 54 6 5 942
63 55 9 4 382
63 56 6 4 313
63 57 9 5 4464
63 58 1 8 50711
63 59 5 6 4465
63 60 6 6 7540
63 61 4 5 2691
63 62 7 4 168
63 63 9 6 6648
