3958 1.0 
6125 1.0 
4614 1.0 
9984 1.0 
1289 1.0 
2341 1.0 
2290 1.0 
2947 1.0 
7222 1.0 
1791 1.0 
8489 1.0 
3692 1.0 
2890 1.0 
3869 1.0 
4295 1.0 
5215 1.0 
5402 1.0 
5571 1.0 
1933 1.0 
9263 1.0 
3600 1.0 
7636 1.0 
8093 1.0 
4245 1.0 
7186 1.0 
7687 1.0 
4102 1.0 
7415 1.0 
7984 1.0 
9056 1.0 
9327 1.0 
8230 1.0 
6895 1.0 
2017 1.0 
4615 1.0 
7422 1.0 
7631 1.0 
8303 1.0 
4634 1.0 
1025 1.0 
6141 1.0 
5784 1.0 
4071 1.0 
5593 1.0 
7861 1.0 
1676 1.0 
1151 1.0 
9748 1.0 
1753 1.0 
1166 1.0 
8706 1.0 
3055 1.0 
3889 1.0 
295 1.0 
219 1.0 
5429 1.0 
8444 1.0 
6569 1.0 
4466 1.0 
3285 1.0 
8522 1.0 
4640 1.0 
8486 1.0 
6339 1.0 
2877 1.0 
7421 1.0 
6951 1.0 
8740 1.0 
1352 1.0 
2442 1.0 
3559 1.0 
7383 1.0 
6405 1.0 
5063 1.0 
3976 1.0 
3038 1.0 
615 1.0 
8231 1.0 
6700 1.0 
8341 1.0 
4103 1.0 
8063 1.0 
2779 1.0 
1284 1.0 
5745 1.0 
9700 1.0 
8061 1.0 
1338 1.0 
7349 1.0 
111 1.0 
1856 1.0 
9551 1.0 
7827 1.0 
4893 1.0 
5086 1.0 
1211 1.0 
7082 1.0 
5316 1.0 
6469 1.0 
2771 1.0 
982 1.0 
2841 1.0 
7808 1.0 
3796 1.0 
2327 1.0 
9707 1.0 
5646 1.0 
7196 1.0 
8228 1.0 
7810 1.0 
3940 1.0 
3994 1.0 
3365 1.0 
8931 1.0 
7500 1.0 
3816 1.0 
2518 1.0 
1582 1.0 
1329 1.0 
5082 1.0 
4426 1.0 
1879 1.0 
7970 1.0 
3244 1.0 
5492 1.0 
9924 1.0 
9518 1.0 
5150 1.0 
5521 1.0 
5220 1.0 
2963 1.0 
499 1.0 
9967 1.0 
7726 1.0 
3101 1.0 
4208 1.0 
1149 1.0 
4317 1.0 
5118 1.0 
3446 1.0 
2628 1.0 
2308 1.0 
4693 1.0 
3481 1.0 
8015 1.0 
3952 1.0 
9365 1.0 
948 1.0 
7465 1.0 
451 1.0 
5558 1.0 
3904 1.0 
6369 1.0 
1440 1.0 
7849 1.0 
5172 1.0 
9822 1.0 
3198 1.0 
8840 1.0 
6064 1.0 
