1 5 5 5 934
1 9 3 3 29
1 10 4 2 18
1 18 10 2 51
1 19 4 3 37
1 30 8 3 46
1 48 8 5 1653
1 113 5 3 49
1 136 5 4 251
1 151 7 2 24
1 157 8 1 9
1 167 3 6 2218
1 216 6 2 21
1 257 7 2 24
1 260 10 2 42
1 266 9 3 164
1 275 10 4 295
1 322 2 4 50
1 353 7 1 8
1 416 5 2 21
1 553 7 5 1770
1 619 8 3 154
1 647 4 5 1089
1 671 4 4 117
1 675 8 2 37
1 680 5 4 458
1 705 5 4 224
1 844 7 4 346
1 903 7 4 182
1 918 9 2 31
1 937 4 4 142
1 3 6 4 426
1 13 7 3 63
1 81 2 4 171
1 121 3 4 261
1 130 8 1 3
1 249 4 4 110
1 258 3 3 23
1 291 9 4 382
1 323 8 2 35
1 341 6 2 14
1 481 1 4 48
1 518 5 3 39
1 519 1 5 137
1 722 7 2 30
1 773 5 3 99
1 805 10 4 538
1 835 9 3 48
1 919 2 4 72
2 8 9 1 15
2 16 7 3 65
2 31 10 1 11
2 38 5 3 31
2 71 2 5 286
2 83 4 4 324
2 136 2 4 47
2 229 6 5 2540
2 293 2 5 238
2 358 10 2 40
2 482 10 1 9
2 536 8 2 17
2 566 5 2 10
2 645 1 4 54
2 706 3 4 67
2 769 1 4 51
2 826 5 3 93
2 921 3 5 1008
2 9 5 3 36
2 21 1 4 31
2 30 6 3 47
2 39 5 3 89
2 44 1 4 48
2 65 8 3 113
2 72 1 6 1227
2 113 1 5 184
2 129 8 4 299
2 146 10 4 478
2 149 2 3 35
2 211 2 4 94
2 257 10 3 93
2 265 7 2 26
2 513 10 2 25
2 523 2 5 340
2 673 8 4 242
2 774 1 4 36
2 785 9 4 264
3 4 1 3 13
3 9 6 5 1904
3 49 6 3 68
3 133 5 5 1952
3 168 9 2 16
3 261 1 6 993
3 268 4 3 58
3 329 10 2 44
3 524 3 4 108
3 827 7 2 23
3 34 5 4 171
3 38 4 4 118
3 68 9 5 1151
3 90 9 2 26
3 142 8 3 57
3 146 3 4 71
3 386 4 3 66
3 438 7 4 456
3 547 2 3 32
3 593 1 4 36
3 711 4 3 41
3 853 4 5 2441
3 913 3 3 62
4 25 3 4 112
4 132 8 3 123
4 273 2 4 50
4 278 4 3 49
4 531 4 4 442
4 593 3 4 97
4 653 7 5 862
4 818 7 6 5300
4 7 3 4 139
4 34 2 4 103
4 40 8 2 29
4 61 8 4 375
4 106 10 3 82
4 108 10 3 85
4 113 5 3 72
4 199 4 3 43
4 359 5 3 65
4 489 2 3 16
4 518 10 3 59
4 628 9 2 38
4 657 1 3 17
4 666 6 3 76
5 5 9 2 33
5 16 4 3 49
5 25 9 2 24
5 51 2 5 537
5 61 6 4 257
5 65 3 4 81
5 249 3 4 146
5 285 7 5 3456
5 294 5 3 48
5 369 7 2 31
5 518 10 3 90
5 577 1 4 26
5 684 10 5 2734
5 775 10 3 73
5 804 3 4 76
5 809 9 3 128
5 50 8 4 187
5 90 10 1 13
5 189 9 3 48
5 212 8 3 161
5 257 3 3 42
5 265 9 2 34
5 276 10 4 684
5 322 3 3 53
5 396 8 2 29
5 515 4 3 42
5 547 9 1 15
5 552 6 3 75
5 555 10 1 13
5 567 4 4 355
5 593 9 4 203
5 641 5 3 66
5 646 9 3 92
5 650 3 3 28
5 901 5 4 440
6 19 6 3 77
6 217 9 3 115
6 585 8 4 794
6 888 3 3 43
6 30 5 1 6
6 58 4 4 114
6 61 10 2 44
6 186 4 5 540
6 233 6 2 25
6 257 4 3 62
6 385 9 4 657
6 513 6 2 21
6 514 2 3 40
6 534 10 3 153
6 577 9 3 63
6 626 6 2 18
6 912 1 4 63
7 149 8 2 23
7 213 4 4 90
7 260 6 3 34
7 268 1 3 13
7 269 4 4 157
7 467 2 5 263
7 513 9 4 209
7 799 4 3 29
7 1003 2 4 196
7 103 6 3 43
7 133 8 2 37
7 205 2 4 62
7 305 4 6 2878
7 326 9 2 43
7 385 1 4 75
7 397 3 3 31
7 413 3 3 40
7 474 3 4 334
7 535 8 3 114
7 545 3 3 20
7 558 9 3 90
7 641 2 4 49
7 682 2 3 23
7 695 4 3 31
7 778 10 3 90
7 871 6 4 176
8 82 4 3 31
8 111 7 3 62
8 238 10 4 320
8 716 10 4 757
8 20 5 3 41
8 260 6 4 252
8 293 5 1 6
8 420 3 3 21
8 721 2 5 238
9 20 4 3 38
9 33 8 4 259
9 43 9 2 25
9 59 2 3 27
9 203 4 5 1131
9 273 3 3 37
9 274 9 2 34
9 387 7 4 212
9 394 9 3 92
9 487 3 4 67
9 553 6 2 25
9 643 6 2 22
9 657 3 3 17
9 736 5 2 21
9 851 5 3 43
9 903 4 3 72
9 73 2 4 70
9 169 9 5 2382
9 173 8 1 9
9 194 9 3 60
9 262 10 2 36
9 278 9 3 187
9 305 8 3 43
9 331 1 6 724
9 392 3 4 153
9 431 7 3 91
9 518 2 3 31
9 627 8 1 6
9 775 9 3 48
9 923 8 3 77
10 40 4 4 295
10 44 10 2 48
10 275 7 2 30
10 417 4 3 59
10 527 10 3 151
10 573 5 5 989
10 824 4 6 8442
10 908 6 4 189
10 17 1 3 22
10 25 10 4 400
10 41 8 4 362
10 51 2 5 309
10 231 5 3 49
10 400 5 3 38
10 455 4 3 29
10 521 2 3 19
10 801 3 5 1134
10 874 10 4 762
10 949 1 4 31
10 501 9 2 31
11 14 9 5 1066
11 41 2 4 66
11 76 4 4 95
11 85 9 3 157
11 161 7 1 10
11 177 10 5 1178
11 209 5 3 39
11 519 7 1 4
11 524 9 3 64
11 585 5 3 44
11 600 7 5 875
11 681 9 2 38
11 779 8 4 277
11 21 3 5 490
11 45 1 4 47
11 129 6 3 100
11 130 8 4 577
11 401 4 4 256
11 529 2 5 566
11 536 7 2 27
11 537 1 5 263
11 562 5 3 78
11 659 6 3 74
11 912 10 5 4399
11 930 10 2 49
12 205 10 1 17
12 587 5 2 19
12 753 5 3 34
12 780 9 3 87
12 203 6 4 612
12 267 7 3 135
12 306 3 4 121
12 327 9 3 123
12 347 7 2 15
12 348 1 5 135
12 515 10 2 48
12 533 10 3 87
12 597 9 3 89
13 25 9 3 71
13 56 5 5 842
13 66 7 3 79
13 117 8 3 60
13 129 10 2 52
13 270 8 3 74
13 367 4 5 1098
13 635 3 3 58
13 782 2 5 420
13 37 6 3 46
13 45 9 4 421
13 112 3 6 2130
13 209 4 5 594
13 269 10 2 42
13 287 1 5 566
13 350 10 3 60
13 692 1 4 28
13 906 1 3 20
14 67 4 4 146
14 193 2 5 230
14 225 5 3 52
14 321 7 3 50
14 781 6 2 12
14 38 1 4 113
15 128 6 3 37
15 153 7 5 1531
15 211 6 6 10875
15 322 6 3 64
15 377 1 4 51
15 585 9 4 301
15 617 7 3 103
15 99 3 4 274
15 209 3 3 29
15 683 7 3 83
15 781 8 4 665
16 353 9 4 223
16 486 2 7 10210
16 660 5 3 55
16 855 6 3 40
16 343 6 3 115
16 558 6 4 400
17 25 4 4 366
17 65 10 2 25
17 97 4 4 302
17 133 6 1 4
17 149 8 3 44
17 199 1 7 26252
17 517 5 4 319
17 644 3 5 511
17 807 3 4 185
17 33 5 3 84
17 68 2 3 26
17 276 10 4 647
17 325 8 2 36
17 327 4 4 331
17 402 10 3 61
17 419 6 4 156
17 530 9 3 135
17 641 1 6 873
17 665 5 4 116
17 781 3 4 98
17 793 6 5 1284
17 833 1 5 164
18 49 7 3 61
18 130 4 4 332
18 259 2 3 12
18 50 4 3 31
18 133 6 3 34
18 707 8 3 93
18 811 1 4 74
19 52 8 3 114
19 204 9 2 36
19 216 3 4 130
19 291 1 4 96
19 642 8 4 360
19 646 9 2 16
19 98 5 2 22
19 145 2 3 26
19 241 4 4 136
19 280 7 3 86
19 337 5 2 10
19 561 8 3 65
19 575 3 5 1225
19 633 10 3 152
19 701 7 4 410
19 817 1 5 257
20 25 5 4 295
20 658 4 3 78
20 710 3 5 511
20 181 2 5 305
20 293 5 4 152
20 577 5 4 316
20 712 10 4 383
21 29 5 3 27
21 37 7 3 42
21 70 7 2 17
21 177 8 3 139
21 195 7 5 992
21 324 10 2 43
21 787 9 2 39
21 27 4 3 33
21 41 4 3 68
21 68 7 3 60
21 91 10 1 14
21 96 3 4 241
21 150 5 5 1995
21 404 8 3 45
21 412 4 1 6
21 531 6 4 399
21 564 5 3 48
21 681 3 3 51
21 725 3 5 1561
22 117 1 3 8
22 259 2 4 131
22 309 1 4 65
22 31 6 3 75
22 137 3 4 80
22 162 4 2 10
22 401 9 3 75
22 442 5 4 143
22 545 9 2 16
22 833 8 3 57
22 840 4 4 190
23 25 3 2 10
23 69 1 4 37
23 98 3 5 580
23 108 6 3 47
23 134 2 3 13
23 282 5 2 23
23 321 1 6 1189
23 332 7 3 44
23 566 6 4 150
23 27 2 4 65
23 955 9 3 102
23 978 8 5 1089
24 329 8 3 47
24 771 4 4 128
24 887 2 4 64
24 46 7 5 1620
24 134 1 4 35
24 865 7 4 570
25 534 6 5 2328
25 782 3 3 44
25 787 4 5 497
25 849 3 4 88
25 945 3 3 16
25 123 9 4 248
25 149 10 2 30
25 259 6 4 154
25 434 5 3 41
25 545 3 5 463
25 611 1 4 67
25 632 1 3 7
25 737 7 3 39
25 817 5 3 102
26 524 5 4 125
26 593 6 5 1050
26 66 9 4 794
26 170 3 4 216
26 355 2 3 30
26 646 3 5 619
26 738 9 3 62
26 789 7 2 27
27 110 2 3 31
27 802 1 3 13
27 34 5 5 606
27 65 2 5 346
27 105 2 4 106
27 154 10 3 125
27 579 3 4 254
27 659 8 3 89
28 131 3 3 17
28 211 1 5 346
28 548 4 6 2870
28 550 9 3 69
28 278 9 2 33
28 295 8 4 260
29 43 5 2 16
29 73 2 4 55
29 147 10 3 67
29 193 1 4 57
29 204 2 4 56
29 625 8 4 363
29 648 10 3 73
29 105 9 2 31
29 113 6 4 212
29 194 7 2 21
29 565 3 3 17
29 610 6 4 279
30 328 6 4 296
30 533 4 3 52
30 810 6 2 31
30 301 4 4 116
30 321 4 4 217
30 967 4 4 104
31 53 6 2 21
31 130 6 2 25
31 589 1 4 94
31 355 2 5 502
31 833 8 3 172
32 78 7 2 28
32 562 9 7 294598
32 34 4 3 77
32 86 7 2 17
33 34 9 3 60
33 43 5 3 104
33 73 5 3 109
33 186 7 4 690
33 197 7 4 206
33 205 5 4 162
33 212 6 7 37917
33 220 3 3 47
33 277 3 3 16
33 389 9 3 92
33 415 2 4 51
33 515 8 3 71
33 613 8 3 86
33 642 6 3 42
33 722 2 3 26
33 760 6 1 9
33 804 7 3 49
33 849 9 3 89
33 961 9 3 155
33 97 2 4 57
33 173 10 3 80
33 177 4 4 179
33 229 10 3 68
33 263 5 7 31771
33 292 5 4 377
33 327 10 3 62
33 346 7 3 78
33 421 9 3 99
33 429 3 3 32
33 561 3 3 57
33 755 6 3 76
33 773 1 4 33
33 835 6 3 46
33 842 8 4 177
33 873 2 2 8
34 65 2 5 267
34 277 7 3 82
34 278 5 6 18350
34 321 7 4 165
34 545 8 3 172
34 786 2 3 14
34 899 7 2 27
34 946 10 3 212
34 58 8 2 38
34 61 8 4 226
34 117 7 2 37
34 245 5 5 2418
34 339 3 3 28
34 517 9 2 27
34 529 5 2 21
34 597 10 4 710
34 682 1 4 65
34 925 10 4 454
35 145 1 4 25
35 293 5 5 2032
35 325 8 5 1355
35 562 1 5 382
35 664 10 6 8815
35 721 9 4 431
35 801 5 2 12
35 37 4 2 18
35 96 5 3 83
35 161 5 3 34
35 165 3 4 153
35 213 4 4 118
35 259 5 2 20
35 269 2 4 45
35 306 3 3 24
35 363 4 3 26
35 518 8 3 82
35 702 6 3 38
35 705 6 4 296
35 770 2 3 29
35 802 5 3 39
35 978 4 3 71
36 66 5 3 49
36 267 5 4 177
36 552 7 2 28
36 690 1 3 21
36 227 3 3 29
36 284 7 3 122
36 330 6 4 366
36 713 8 4 363
36 991 8 4 507
37 49 4 2 21
37 258 4 3 30
37 267 3 3 40
37 289 8 3 131
37 321 1 5 263
37 449 7 3 86
37 556 8 2 33
37 706 6 3 36
37 859 5 2 23
37 259 3 4 72
37 281 6 4 159
37 290 1 4 60
37 307 1 5 127
37 513 3 3 18
37 515 8 1 8
37 528 10 1 14
37 529 4 3 22
37 551 2 4 66
37 554 6 3 98
37 573 5 3 27
37 661 8 4 188
37 997 3 3 36
37 1012 4 4 127
38 365 2 4 81
38 521 4 4 101
38 595 6 4 279
38 641 4 3 64
38 674 10 2 46
38 68 1 5 118
38 73 10 4 572
38 130 6 5 1017
38 534 3 3 16
38 953 8 2 15
39 181 4 4 117
39 205 2 5 1020
39 545 1 4 29
39 93 5 3 36
39 165 10 2 41
39 393 9 3 188
39 877 7 3 145
40 49 3 3 59
40 521 3 4 307
40 983 8 3 51
40 41 4 4 112
40 74 3 4 211
40 130 5 2 21
40 137 1 5 121
40 202 1 3 17
40 681 9 2 41
40 898 5 3 75
41 66 9 3 73
41 257 4 3 33
41 513 6 2 15
41 529 8 3 99
41 606 7 5 2105
41 646 7 3 106
41 673 2 3 27
41 757 2 4 83
41 762 5 3 28
41 841 8 4 198
41 981 5 5 1551
41 162 3 4 116
41 552 4 4 147
41 761 10 4 1018
42 97 10 3 80
42 264 1 3 22
42 277 2 4 52
42 322 10 3 153
42 514 7 3 107
42 988 2 5 553
42 65 8 3 173
42 273 5 3 57
42 519 1 3 18
43 43 9 5 2942
43 141 4 6 11307
43 330 10 2 29
43 412 3 2 15
43 779 3 6 3994
43 840 9 5 1157
43 186 9 3 56
43 305 4 2 19
43 340 10 4 290
43 514 8 1 8
43 858 8 3 127
43 883 7 4 419
44 547 3 6 3347
44 193 2 3 24
44 807 3 5 634
44 833 7 3 137
45 48 7 3 114
45 431 2 3 44
45 525 1 6 1214
45 795 7 3 134
45 311 1 4 36
45 567 10 3 71
45 726 1 4 24
46 51 10 2 24
46 75 10 4 687
46 267 9 2 46
46 616 10 3 215
46 809 8 3 50
46 845 3 4 254
46 329 1 4 75
46 742 9 5 1114
46 786 7 4 409
46 801 10 2 21
47 58 3 3 48
47 53 5 3 86
47 251 5 3 76
48 81 6 2 20
48 1023 4 2 12
48 274 9 2 35
48 289 5 2 20
48 514 2 2 5
49 68 5 5 639
49 169 1 4 93
49 177 8 2 18
49 194 3 2 7
49 199 4 3 41
49 227 7 5 865
49 647 3 4 139
49 709 5 3 49
49 790 6 5 824
49 844 10 4 253
49 933 4 5 542
49 98 1 4 48
49 105 9 4 528
49 453 4 3 60
49 577 1 3 19
49 645 8 2 41
49 650 10 4 764
49 776 7 5 904
50 311 6 2 29
50 314 7 5 945
50 517 6 3 36
50 94 4 2 12
50 369 8 3 116
51 114 10 4 938
51 529 3 6 9035
51 289 2 4 45
51 873 4 2 9
52 71 7 5 1136
52 378 3 4 67
52 517 10 3 191
52 81 6 3 59
52 969 7 3 136
53 189 10 3 66
53 257 1 4 52
53 286 9 3 88
53 391 5 3 66
53 900 8 3 60
53 169 1 3 19
53 193 3 3 55
53 417 8 3 80
53 513 4 5 1218
53 556 4 3 44
53 661 3 3 19
53 677 1 5 374
53 794 2 4 71
54 147 4 3 29
54 246 8 3 48
55 113 4 2 15
55 719 7 5 915
55 157 8 3 59
56 279 2 4 127
56 210 6 2 19
57 90 4 4 199
57 268 3 2 10
57 473 1 5 131
57 545 7 7 35163
57 561 1 5 645
57 267 4 4 178
57 878 4 4 279
58 129 6 3 80
58 449 8 2 42
58 297 2 4 182
59 114 3 3 66
59 471 5 2 13
59 60 4 4 164
59 129 4 3 35
59 402 5 3 68
59 467 5 4 270
59 596 10 3 199
59 255 3 4 248
60 293 9 3 137
60 454 6 1 10
60 584 3 4 131
61 113 9 4 873
61 949 1 3 14
61 290 6 2 15
62 645 5 5 753
62 649 4 4 212
62 66 1 4 23
62 198 3 2 9
63 522 4 2 21
63 613 5 3 52
63 420 8 2 26
64 305 10 3 197
64 746 5 5 649
65 193 9 2 35
65 195 4 6 7407
65 198 5 3 53
65 204 6 1 10
65 273 2 3 42
65 371 10 4 669
65 466 9 3 87
65 482 7 2 21
65 515 7 3 69
65 687 8 4 437
65 757 10 2 25
65 772 2 3 39
65 781 2 4 99
65 791 2 4 107
65 85 8 4 350
65 105 9 2 24
65 214 8 1 5
65 247 10 2 51
65 387 2 4 52
65 483 2 4 55
65 490 4 4 121
65 573 2 4 80
65 581 10 2 33
65 586 10 3 198
65 587 5 3 28
65 673 7 4 174
65 738 3 4 247
65 853 4 3 31
65 929 10 3 60
65 860 8 4 183
66 97 10 2 37
66 105 3 5 865
66 119 5 4 154
66 219 7 4 213
66 242 9 4 482
66 266 2 3 32
66 275 7 2 21
66 422 1 3 21
66 516 7 3 71
66 572 5 2 23
66 615 1 5 175
66 73 8 3 127
66 86 4 3 60
66 233 4 3 40
66 513 3 4 71
66 514 5 4 148
66 726 3 7 25591
67 141 6 4 234
67 546 3 4 204
67 217 2 3 18
67 241 7 3 63
67 409 3 2 13
67 410 9 1 11
67 519 7 1 12
67 667 6 3 64
67 190 1 5 161
68 74 3 4 93
68 454 1 3 11
68 483 8 1 13
68 841 6 2 23
68 135 4 3 75
68 146 6 4 380
68 169 1 4 40
68 262 5 2 10
68 771 9 2 31
68 835 2 4 55
69 154 6 2 22
69 193 7 4 170
69 227 4 3 45
69 285 8 4 318
69 323 10 2 26
69 577 9 2 38
69 115 4 3 86
69 145 4 2 12
69 169 9 2 18
69 257 1 3 15
69 403 10 4 234
69 431 1 4 29
69 550 1 3 17
69 601 3 6 9302
69 769 6 2 13
69 871 5 3 104
70 139 4 3 72
70 277 6 3 103
70 467 2 5 537
70 530 3 4 187
70 573 10 2 29
70 769 4 5 1017
70 147 2 3 24
70 213 5 5 825
70 257 9 4 251
70 517 7 1 8
70 661 8 6 11615
70 820 5 4 276
70 493 8 3 111
71 110 8 2 29
71 213 3 3 19
71 432 10 2 23
71 609 10 4 251
71 643 5 1 8
71 647 1 6 1039
71 649 3 5 417
71 673 9 3 68
71 102 10 4 710
71 619 10 4 405
72 265 6 3 58
72 410 3 2 8
72 701 10 2 30
73 281 3 3 22
73 438 3 4 201
73 534 1 3 21
73 962 8 3 131
73 141 2 3 29
73 170 6 3 48
73 193 3 3 38
73 262 3 4 222
73 517 4 6 4885
73 578 5 3 82
73 853 7 3 113
74 641 10 3 92
74 871 8 4 626
74 1000 8 4 362
74 271 10 5 1210
74 387 8 5 3180
74 638 4 1 7
74 644 5 4 155
74 801 3 4 72
74 816 10 4 540
74 936 2 5 387
74 980 5 3 27
75 513 4 3 46
75 549 7 2 15
75 601 4 3 66
75 769 9 2 34
75 1013 8 4 290
75 85 8 2 15
75 326 4 3 50
75 539 2 7 19650
76 260 10 2 38
76 577 6 2 16
76 299 10 1 12
76 386 6 3 132
77 77 6 1 5
77 85 5 4 544
77 134 7 2 24
77 263 6 2 25
77 587 7 4 214
77 856 10 3 106
77 90 5 3 28
77 121 5 3 89
77 577 7 3 52
77 620 10 3 150
77 629 7 2 32
77 649 6 2 13
77 705 5 3 81
78 257 10 3 58
78 268 5 3 34
78 451 4 3 26
78 457 6 3 85
78 310 6 3 100
78 376 3 3 41
79 289 7 3 47
79 518 4 4 268
79 785 6 3 96
79 920 4 3 58
79 103 10 3 57
79 131 5 2 12
79 300 3 4 273
80 166 8 2 33
80 387 9 3 167
80 658 10 1 10
81 83 2 4 75
81 133 9 2 20
81 212 3 4 282
81 529 2 4 47
81 678 1 4 41
81 921 2 3 29
81 97 8 2 23
81 123 5 4 152
81 207 3 3 44
81 233 3 3 27
81 323 9 2 27
81 395 9 4 588
81 403 5 3 107
81 580 10 4 303
81 606 10 3 73
81 690 9 2 32
82 808 5 5 1145
82 853 5 4 124
82 137 10 4 518
82 161 10 1 4
82 197 8 2 42
82 522 7 2 20
82 617 5 3 93
83 281 7 3 81
83 284 9 2 41
83 723 7 4 322
83 654 1 4 61
84 116 5 3 78
84 125 3 4 258
84 305 5 3 38
84 618 5 3 29
84 785 3 4 101
84 336 1 6 1330
85 217 10 4 523
85 491 7 3 121
85 113 6 3 100
85 135 5 3 73
85 297 10 3 110
85 539 10 4 281
85 778 9 3 54
86 661 4 3 54
86 913 10 2 23
87 235 6 4 203
87 525 4 5 552
87 219 9 4 782
87 531 4 4 172
87 837 5 3 68
88 354 6 2 12
88 463 3 5 345
88 513 8 4 435
88 516 2 3 23
88 140 6 4 244
88 165 7 4 170
89 331 3 3 42
89 783 10 3 60
89 130 4 1 7
89 209 2 5 1162
90 347 2 4 51
90 552 10 2 52
91 275 1 4 53
91 844 5 1 8
91 978 1 3 12
91 989 4 2 21
91 849 1 5 504
92 155 2 4 76
92 653 7 3 136
92 952 2 4 108
92 93 2 3 13
92 238 2 3 42
92 597 8 4 485
92 476 3 3 16
93 449 10 4 534
93 600 1 3 19
94 135 9 2 20
94 670 9 1 10
94 516 3 4 72
94 500 5 4 276
95 870 10 5 1280
95 955 1 5 132
95 133 5 4 257
95 146 4 4 159
95 521 4 3 82
95 935 6 5 750
97 104 2 6 1981
97 149 7 2 16
97 209 7 3 38
97 221 5 2 19
97 277 8 3 96
97 305 5 3 82
97 322 5 3 72
97 357 7 6 9258
97 548 10 2 21
97 777 6 3 52
97 821 7 4 312
97 513 10 3 66
97 561 7 3 42
97 579 3 3 31
97 841 3 5 387
98 131 7 4 179
98 145 2 4 64
98 168 2 3 38
98 196 7 4 494
98 287 2 2 6
98 474 4 5 938
98 526 7 4 712
98 182 7 2 23
98 257 3 4 255
98 529 8 4 504
98 550 5 3 28
98 743 4 3 38
98 801 2 4 83
99 353 2 4 50
99 402 6 3 92
99 672 4 2 11
99 929 10 3 98
99 169 8 3 140
99 202 2 4 75
99 275 5 4 476
99 404 9 3 162
99 649 5 3 70
99 717 1 5 153
100 118 5 4 116
100 135 6 2 12
100 250 7 2 37
100 538 6 2 12
101 129 8 3 71
101 295 8 4 335
101 753 9 3 51
101 769 2 5 413
101 902 9 4 260
101 179 6 3 117
101 198 2 6 2595
101 260 10 2 36
101 337 2 2 9
101 514 9 1 15
101 572 7 3 135
101 723 2 4 54
102 125 7 2 33
102 162 6 3 66
102 170 5 4 229
102 393 3 3 17
102 600 3 3 55
102 282 2 4 97
102 416 10 4 283
102 459 2 3 29
102 777 10 3 166
103 167 3 3 35
103 265 9 2 27
103 152 3 5 721
103 554 1 3 17
104 705 9 2 20
105 133 2 4 199
105 314 2 5 279
105 513 3 6 2729
105 674 5 3 92
105 159 4 2 14
105 168 4 3 38
105 286 7 3 59
105 561 8 3 112
105 627 10 4 283
105 722 8 4 187
105 723 1 5 200
105 805 7 3 41
105 835 8 4 414
106 297 7 2 13
106 780 6 7 46788
106 410 1 4 26
106 457 8 3 104
106 566 6 2 11
106 681 6 4 421
107 517 7 4 193
107 653 6 3 91
107 118 1 4 35
107 305 1 4 60
107 325 3 1 5
107 341 5 3 34
107 841 6 3 109
108 130 10 3 58
108 113 5 3 86
109 134 1 5 128
109 515 10 2 48
109 826 5 4 127
109 651 8 2 29
109 709 5 2 25
110 708 7 3 135
110 315 6 4 235
111 691 3 4 99
113 166 4 3 56
113 777 2 5 368
113 213 10 3 128
113 372 8 5 3216
113 492 5 5 924
113 514 1 4 107
113 905 9 2 37
115 417 7 4 203
115 453 6 3 59
115 498 3 4 69
115 873 10 2 39
115 421 8 3 95
115 627 6 4 159
116 601 5 4 230
116 898 1 4 30
117 144 6 3 80
117 276 5 3 32
117 327 4 3 40
118 804 1 5 116
119 566 5 2 21
120 447 3 6 10130
120 837 5 4 292
121 194 3 3 52
121 579 2 6 6588
122 537 2 4 221
122 523 4 3 44
122 678 2 5 463
123 186 10 5 1282
123 295 10 4 323
124 601 9 3 127
125 305 2 4 168
125 349 2 4 91
125 745 2 4 46
126 269 1 5 370
126 612 8 4 483
128 999 5 2 16
129 135 5 5 1033
129 201 5 3 57
129 209 5 4 115
129 321 4 3 50
129 363 10 3 63
129 376 5 3 43
129 377 2 3 21
129 434 8 4 312
129 454 1 4 66
129 629 8 3 78
129 771 4 3 88
129 807 10 3 79
129 178 3 4 104
129 278 8 3 62
129 349 5 5 3377
129 772 8 3 104
130 164 1 5 436
130 585 6 3 91
130 708 7 4 197
130 584 3 6 6499
130 655 7 3 41
130 673 4 2 15
130 913 7 3 124
130 1005 6 4 284
131 273 7 3 62
131 274 5 3 33
131 369 6 5 1048
131 521 1 3 14
131 529 4 3 68
131 533 10 3 55
131 541 6 3 69
131 676 2 4 101
131 773 8 4 281
131 981 2 5 550
131 149 1 3 17
131 233 1 4 29
131 760 4 5 505
131 863 1 4 45
131 964 3 4 141
132 582 5 5 800
132 194 8 3 124
132 261 8 3 73
132 297 4 4 257
132 522 5 3 39
132 903 6 2 28
132 962 6 4 190
133 138 2 3 32
133 373 1 3 20
133 517 4 4 313
133 714 5 3 45
133 917 7 3 86
133 958 6 4 147
133 152 6 1 8
133 289 9 3 108
133 398 2 3 17
133 518 5 1 5
133 531 1 4 87
133 567 9 2 31
133 843 3 3 32
134 139 8 4 281
134 615 5 4 419
134 157 7 2 28
134 276 1 4 27
134 577 2 6 5943
134 801 8 5 1085
135 209 3 5 452
135 225 6 4 250
135 378 3 4 127
135 391 1 3 12
135 517 2 3 21
135 769 7 3 43
135 263 6 4 218
135 293 5 3 100
135 356 5 4 157
135 486 1 3 16
135 526 7 3 78
135 533 3 4 71
135 807 2 3 26
136 259 8 3 58
136 545 4 5 887
136 141 7 2 29
136 705 2 5 644
137 161 7 3 49
137 483 9 2 35
137 611 6 4 210
137 658 8 3 54
137 685 7 3 130
137 832 6 3 33
137 283 1 5 221
137 453 6 3 53
137 553 1 6 2350
137 579 6 2 20
137 580 3 4 326
138 149 9 3 66
138 257 7 3 54
138 260 8 4 279
138 326 3 5 1435
138 679 6 4 342
138 779 6 4 322
138 177 2 3 19
138 555 10 3 177
138 907 7 2 31
139 267 4 5 597
139 416 6 3 67
139 591 3 4 84
139 903 9 3 62
139 217 5 3 66
139 259 2 2 6
139 354 3 4 340
139 538 5 3 49
140 427 9 5 1581
140 866 1 5 131
140 149 10 2 47
141 144 6 4 236
141 169 4 5 648
141 465 10 5 2400
141 725 10 2 42
141 777 9 4 292
141 202 2 4 69
141 301 3 4 86
141 620 10 3 56
142 522 2 5 254
142 955 9 3 53
142 151 7 4 577
142 166 3 7 21179
142 185 10 4 491
142 549 4 2 17
142 713 4 5 891
143 642 10 3 87
143 724 3 4 206
143 787 3 5 484
143 480 6 1 7
144 145 3 3 34
144 188 9 2 45
144 287 6 2 20
144 643 8 4 397
145 249 5 3 35
145 258 1 4 103
145 419 9 4 576
145 434 5 3 67
145 521 6 4 140
145 801 3 4 156
145 161 7 3 73
145 172 4 2 19
145 179 8 4 384
145 401 5 4 277
145 529 9 4 986
145 721 1 4 46
146 185 8 5 1394
146 217 3 5 1527
146 274 8 3 63
146 393 2 3 40
146 514 4 3 62
146 577 4 3 58
146 326 4 4 121
147 147 1 4 33
147 397 5 4 136
147 911 10 4 552
147 149 4 3 47
147 201 7 3 53
147 443 7 3 115
147 550 3 5 861
147 723 3 4 148
148 514 3 2 12
148 523 8 3 63
148 388 7 3 134
148 592 1 4 41
148 834 2 4 76
149 279 5 4 181
149 465 4 2 21
149 516 3 3 27
149 913 1 5 131
149 530 6 5 1176
149 593 10 2 23
149 835 5 4 119
149 910 5 3 83
150 634 8 2 21
150 650 2 4 53
150 348 9 4 304
151 161 10 1 16
151 657 4 3 48
152 208 2 4 74
152 251 1 5 658
152 154 7 5 2917
152 545 5 4 223
153 181 7 5 1063
154 172 3 3 26
154 593 7 4 469
154 599 5 2 12
154 834 8 2 19
154 962 7 3 78
154 513 5 3 65
155 597 7 3 58
156 777 7 4 193
156 440 8 4 244
157 522 1 5 302
157 815 3 4 190
157 243 1 4 95
157 258 7 4 736
157 290 6 3 53
157 315 7 3 57
157 385 6 2 30
157 529 7 3 64
157 683 1 5 448
158 405 9 3 169
158 227 10 6 46401
158 516 5 4 126
159 387 4 3 77
160 527 9 4 200
160 525 5 4 234
161 453 9 3 148
161 645 10 3 147
161 802 2 3 14
161 163 2 5 604
161 257 8 4 275
161 339 7 4 239
161 387 5 3 28
161 406 1 6 800
161 515 1 5 377
161 545 9 4 674
161 641 8 4 247
162 327 3 3 40
162 377 1 3 7
162 525 8 2 27
162 577 6 2 19
162 718 8 4 274
162 899 9 2 34
162 185 10 3 104
162 426 6 3 58
162 639 5 2 13
162 707 3 4 81
162 815 1 4 53
163 291 6 3 110
163 307 10 3 78
163 518 1 5 392
163 194 5 3 84
163 273 8 3 48
163 293 7 4 782
163 364 9 1 9
163 563 5 4 554
163 901 1 4 33
164 228 6 3 115
164 362 8 3 67
164 602 4 5 532
164 306 4 4 138
164 669 4 2 12
165 218 9 4 339
165 265 1 6 1611
165 281 7 5 1473
165 330 2 3 16
165 482 9 2 26
165 637 1 5 438
165 647 4 3 41
165 521 10 2 21
165 876 7 3 112
166 398 6 2 26
166 260 10 2 37
166 873 2 4 154
166 945 7 2 13
167 687 4 5 1462
168 290 7 2 17
168 385 6 4 625
168 457 4 3 76
168 713 5 4 118
168 298 10 4 254
168 325 6 4 378
169 481 1 4 67
169 343 8 2 31
169 359 4 3 30
169 385 1 6 1105
169 561 5 3 28
170 352 4 3 49
170 515 10 2 31
170 339 7 2 22
170 517 2 4 138
170 549 7 3 48
171 613 6 4 486
171 722 9 2 27
172 811 3 3 53
172 529 1 6 1093
173 570 7 3 40
173 665 7 4 316
173 577 1 4 88
174 262 3 4 75
174 513 8 3 121
174 525 8 4 842
175 494 7 3 147
175 583 2 6 6721
176 864 3 4 202
177 271 7 4 321
177 274 9 5 2650
177 825 9 2 35
177 865 1 4 62
177 917 1 4 62
177 933 10 3 195
177 221 9 3 86
177 600 8 1 7
177 609 1 4 42
178 281 7 4 196
178 561 2 4 55
178 612 5 2 9
178 745 2 3 29
178 193 6 4 207
178 269 7 3 91
178 518 1 4 96
179 581 5 3 77
179 798 7 3 140
180 430 6 4 228
180 325 10 3 151
180 999 10 3 56
181 601 7 2 31
181 974 5 3 71
181 971 9 4 354
182 332 8 2 29
182 769 2 4 73
182 965 4 3 82
182 641 9 3 78
183 301 9 2 37
183 673 10 5 6711
183 729 5 5 1225
185 665 5 4 236
186 392 7 2 30
186 609 1 4 60
187 273 1 4 24
187 583 9 2 22
188 801 10 3 131
189 200 8 4 180
189 345 4 3 47
189 849 9 3 82
193 389 10 3 65
193 393 5 3 74
193 525 1 5 122
193 537 10 4 374
193 714 1 4 46
193 899 1 4 28
193 905 6 3 32
193 1000 7 4 176
193 269 6 3 51
193 326 1 4 98
193 642 7 4 236
193 967 3 4 246
194 376 8 3 66
194 423 8 2 17
194 719 2 3 20
194 776 5 4 260
194 263 3 4 144
194 377 7 4 639
194 577 8 2 21
194 781 10 3 99
194 1010 4 4 409
195 322 4 4 140
195 593 4 4 152
195 678 5 2 25
195 429 6 4 143
195 907 1 3 15
196 646 4 6 4333
196 852 6 3 66
197 287 9 2 23
197 378 5 2 26
197 199 7 5 1323
197 323 2 3 13
197 906 10 4 321
197 925 4 3 41
198 298 10 1 14
198 593 2 5 265
198 612 2 3 41
198 770 4 3 46
198 359 2 3 26
198 434 7 2 17
198 461 3 4 76
198 967 8 2 26
199 813 9 1 12
200 788 3 4 86
201 446 6 3 35
201 578 3 4 145
201 925 6 2 26
201 325 10 1 9
201 728 7 3 120
201 778 2 4 68
201 843 2 3 17
201 921 9 4 242
202 658 10 3 163
204 655 8 4 645
204 431 6 3 73
205 521 8 3 57
205 331 7 4 278
206 458 3 3 30
206 453 10 2 24
206 665 1 5 235
206 947 10 2 30
206 976 10 3 144
207 531 2 5 1124
207 242 7 3 52
207 387 5 5 808
209 535 4 3 31
209 273 2 4 48
209 483 9 2 31
209 586 1 6 962
210 514 4 4 265
210 565 9 4 240
210 405 7 4 700
210 546 6 3 94
211 883 5 5 619
211 610 7 5 2663
211 649 5 5 2936
211 907 1 5 249
212 395 8 4 342
212 468 1 4 41
212 771 7 2 19
212 823 6 4 159
213 263 1 4 78
213 286 2 4 74
213 674 3 4 199
213 234 9 3 61
213 257 2 5 485
213 305 1 5 515
214 386 6 1 8
214 184 7 3 135
215 370 1 5 227
215 586 3 4 87
215 386 3 5 982
217 793 3 2 12
217 651 4 4 129
217 915 6 4 453
218 924 6 4 273
218 586 3 4 225
220 390 4 2 20
221 659 10 3 97
221 761 2 6 1424
223 533 2 2 10
223 853 2 3 30
223 578 10 5 1485
223 782 10 2 19
223 571 9 3 113
225 289 6 5 2525
226 258 3 3 17
226 317 1 5 120
226 949 2 4 107
226 273 4 5 856
226 610 6 6 5966
227 260 10 4 537
227 473 9 3 135
227 546 3 4 186
227 659 3 4 68
227 769 10 3 164
227 783 2 3 18
228 337 9 3 106
228 593 6 4 298
228 839 1 5 172
228 729 3 3 38
229 295 10 3 108
229 577 9 2 28
230 522 10 7 208918
230 701 9 4 295
231 932 9 5 1087
232 262 8 3 69
232 291 5 3 47
232 297 4 4 174
232 620 5 2 25
232 905 9 4 734
232 990 7 3 48
233 481 10 3 56
233 807 2 3 16
234 913 4 4 138
234 974 6 3 74
234 518 1 5 390
235 849 1 4 37
235 918 9 2 43
235 273 7 4 408
235 523 5 5 2134
236 282 2 3 39
236 646 5 5 702
236 741 3 3 21
237 578 4 3 61
237 822 7 3 43
238 679 1 3 22
239 621 9 2 39
239 643 10 5 1979
240 371 10 3 134
240 561 9 4 439
241 800 1 6 1765
241 915 2 6 3895
241 448 4 4 100
242 246 6 3 49
243 267 10 4 261
244 257 4 5 482
245 357 7 4 438
245 933 1 4 63
245 537 6 3 38
245 662 3 3 31
246 706 9 2 36
247 641 10 1 14
248 627 6 3 66
249 291 8 3 44
249 558 2 5 1068
249 903 10 3 115
249 906 2 4 93
254 637 7 3 73
254 819 8 4 474
254 792 2 4 50
257 263 7 3 61
257 313 7 2 22
257 345 1 4 65
257 417 5 3 62
257 513 8 4 575
257 523 9 1 11
257 617 2 3 36
257 706 10 1 13
257 765 3 3 65
257 773 1 5 636
257 805 3 4 67
257 905 3 4 82
257 964 6 3 76
257 993 10 5 1186
257 261 2 3 18
257 294 4 3 69
257 473 6 3 121
257 541 2 4 95
257 771 3 3 28
257 857 5 1 6
258 269 7 1 6
258 273 9 3 101
258 545 10 5 3635
258 681 7 4 340
258 807 9 2 24
258 913 10 1 12
258 921 7 2 23
258 946 6 3 131
258 538 6 3 41
258 573 8 1 14
258 653 1 4 73
258 676 6 4 306
258 761 10 4 326
258 786 3 3 30
258 930 1 4 93
259 266 10 2 37
259 674 6 4 188
259 811 4 4 94
259 881 3 4 222
259 279 7 2 29
259 291 6 3 89
259 305 5 4 299
259 330 3 3 23
259 641 1 4 68
259 723 6 3 82
259 879 4 4 449
259 272 8 2 16
260 269 4 5 1358
260 328 2 3 38
260 533 3 3 16
260 273 7 3 53
260 657 10 1 17
260 675 8 3 126
261 296 9 2 30
261 523 8 4 352
261 546 6 5 2396
261 679 3 4 269
261 979 6 2 18
261 297 2 3 42
261 530 1 5 139
261 666 4 4 293
261 693 4 3 67
261 742 8 2 23
261 867 9 3 178
261 1001 1 5 269
262 357 7 3 73
262 673 3 3 51
262 996 10 3 76
262 426 10 1 14
262 626 2 4 46
262 753 2 5 237
262 939 7 3 111
263 907 1 4 37
263 1014 8 1 7
263 322 8 3 70
264 547 3 3 32
265 297 1 6 4142
265 321 4 3 40
265 569 7 2 18
265 266 3 3 48
265 815 1 4 30
265 836 10 3 71
265 872 8 3 55
266 340 5 2 26
266 633 10 5 5454
266 335 6 3 116
266 465 2 4 85
266 548 8 3 89
266 615 6 4 372
267 273 4 4 174
267 327 7 4 220
267 337 9 4 206
267 505 4 4 189
267 362 4 4 96
267 513 10 2 33
267 253 9 2 37
268 524 6 2 18
268 582 3 4 78
268 505 9 2 18
269 513 2 3 30
269 525 3 3 19
269 578 2 4 65
269 986 4 4 89
270 445 1 4 109
270 641 10 1 12
270 489 1 4 41
271 533 1 5 119
271 643 6 3 41
273 281 5 2 13
273 379 1 4 63
273 521 7 3 95
273 555 2 3 17
273 641 5 2 25
273 685 7 5 1678
273 900 7 2 33
273 323 2 5 628
273 343 2 5 1067
273 922 8 1 14
274 582 4 3 52
274 694 6 5 2090
274 810 7 5 1183
274 904 1 6 1232
274 516 4 4 92
275 335 10 6 12510
275 302 3 3 41
275 793 9 3 182
275 933 10 4 684
276 402 5 3 34
276 486 10 2 51
276 513 1 4 63
276 387 6 2 21
277 289 2 4 134
277 393 10 4 237
277 395 5 6 14617
277 539 6 3 45
277 629 8 3 50
277 662 6 3 76
277 484 7 3 133
277 591 9 5 1424
277 908 10 4 707
278 386 2 5 250
278 402 9 3 96
278 770 8 1 4
279 531 5 3 64
279 657 10 4 456
279 684 7 2 14
280 902 7 1 8
280 417 1 5 250
280 510 10 2 25
281 601 9 2 43
281 675 4 4 233
281 327 1 4 67
281 745 4 4 130
281 252 5 3 42
282 518 1 4 36
282 607 5 2 11
282 833 10 4 635
283 577 6 2 30
283 718 8 4 615
283 788 2 3 28
284 515 3 4 85
284 713 2 5 644
285 836 5 4 166
285 402 7 3 65
286 483 2 4 113
287 625 8 1 5
287 833 1 3 19
287 1002 5 3 55
287 890 2 3 24
288 449 3 3 56
288 803 3 5 676
288 814 5 3 88
289 293 7 3 74
289 342 6 4 271
289 546 3 3 59
289 777 9 2 47
289 297 5 3 37
289 335 2 5 393
289 355 6 6 13527
289 421 8 3 103
289 482 2 4 210
289 550 9 2 27
289 608 7 4 217
289 675 4 5 861
289 738 1 6 954
290 346 8 1 12
290 469 6 4 576
290 473 5 2 13
290 649 7 2 34
290 754 5 3 45
290 789 7 4 621
290 647 6 3 130
291 329 10 2 33
291 389 7 3 44
291 652 3 3 25
292 611 3 6 2820
292 769 6 4 387
292 968 10 3 67
292 300 3 3 35
292 962 3 2 13
293 525 4 5 552
293 594 1 5 118
293 304 9 2 43
293 305 1 5 546
293 417 3 4 175
293 533 5 4 136
293 578 5 1 8
293 705 3 5 1169
294 961 2 3 14
294 622 10 4 254
295 743 4 4 121
295 865 6 2 22
295 713 7 5 832
297 337 7 2 29
297 410 6 3 52
297 517 9 3 196
297 348 2 3 16
297 521 5 4 116
297 555 4 3 59
298 326 1 5 179
298 390 8 2 27
298 545 1 5 175
298 743 6 3 54
298 388 10 4 940
299 801 3 4 178
299 405 3 4 291
300 496 6 3 97
300 631 6 2 18
301 468 8 4 509
301 591 2 4 164
301 761 8 3 126
302 778 9 4 791
302 649 4 2 20
303 809 3 4 183
305 514 10 3 96
305 833 3 3 38
306 577 8 2 21
306 398 10 4 748
307 551 5 5 984
307 919 2 4 109
308 515 2 5 1054
309 584 8 3 45
309 641 8 4 426
309 693 9 2 29
309 833 3 3 17
309 849 8 4 288
309 851 7 3 85
310 775 5 2 12
310 703 1 5 237
311 937 1 6 1099
313 515 9 3 151
313 385 5 2 15
313 802 9 5 2583
314 348 4 3 23
314 849 6 4 395
314 901 1 4 45
314 970 9 3 141
315 377 4 3 31
315 519 4 2 16
316 740 1 6 2431
316 321 3 3 59
316 514 8 3 111
317 453 1 3 15
317 362 10 4 293
317 930 3 4 269
317 939 6 2 11
317 1014 9 3 112
319 533 5 3 84
319 915 2 4 98
319 778 4 3 23
321 408 4 3 30
321 429 10 3 66
321 469 9 3 135
321 642 3 4 81
321 721 5 3 66
321 922 7 4 745
321 928 4 2 9
322 338 7 3 52
322 769 3 3 41
322 835 9 4 252
322 1009 9 3 64
322 450 3 2 12
322 977 5 3 94
323 417 2 4 136
323 900 3 2 10
323 903 3 3 31
323 593 6 3 63
323 727 8 3 117
324 361 10 2 28
324 516 7 2 18
324 722 6 2 23
325 514 2 4 79
325 531 1 5 658
325 789 4 3 33
325 985 7 4 174
326 615 6 4 176
326 721 2 3 36
326 531 10 3 95
326 577 10 3 162
326 710 1 5 206
327 444 1 3 14
327 769 5 3 30
327 807 5 3 79
328 676 8 2 22
328 699 2 4 165
329 854 6 3 103
329 521 3 4 245
329 833 5 4 366
329 907 2 3 22
330 837 5 3 80
331 779 10 1 17
331 897 6 3 43
332 513 4 3 65
333 457 2 4 137
333 644 2 6 9301
333 385 5 2 16
333 389 3 3 60
333 506 8 2 38
333 731 1 3 11
333 789 10 3 106
333 869 6 2 16
334 380 2 3 13
334 962 7 4 465
334 256 3 4 73
335 489 5 3 42
336 392 10 2 31
336 602 5 3 39
337 577 4 4 179
337 633 5 3 103
337 393 5 3 38
337 899 2 3 23
338 353 3 4 73
338 769 6 4 298
338 834 9 4 687
338 805 7 1 8
340 381 7 3 43
340 717 8 4 244
340 904 5 3 65
340 992 4 2 20
341 705 8 2 15
341 764 4 6 3843
341 514 7 2 17
341 884 3 3 25
342 577 3 4 73
343 537 7 3 106
345 677 9 2 17
345 529 2 3 22
345 542 9 3 86
346 729 3 5 449
346 993 10 1 10
349 396 1 5 179
350 943 9 3 117
351 729 9 3 61
351 770 1 5 267
353 410 10 2 25
353 420 3 3 50
353 515 1 4 25
353 681 7 3 88
353 795 10 2 18
353 861 5 3 39
353 373 10 2 35
353 969 7 5 1385
354 390 7 2 32
354 685 2 4 100
355 837 1 4 89
355 970 7 1 5
355 561 3 4 203
355 586 10 3 59
355 710 10 1 10
356 635 6 2 23
357 801 6 3 34
357 831 4 3 26
358 434 8 3 123
358 642 8 3 113
358 691 4 5 1878
358 517 1 4 78
359 961 3 3 42
359 1019 2 3 13
361 515 3 4 87
361 556 3 4 83
361 733 7 3 52
361 785 10 2 31
361 811 6 3 79
361 875 9 3 124
361 969 6 3 37
364 425 9 6 16724
365 741 4 3 55
367 658 1 3 15
367 989 9 6 6903
368 457 5 3 100
369 739 8 3 152
369 926 1 6 1195
369 454 10 4 284
370 641 6 2 15
370 649 5 3 28
371 558 2 3 43
371 573 5 4 370
371 657 1 3 16
371 705 6 3 79
371 842 8 4 245
372 706 5 5 698
372 773 2 3 22
372 577 5 4 326
372 1021 3 3 23
375 618 10 3 69
375 663 2 4 77
377 457 10 2 18
382 532 2 5 436
382 758 10 4 321
383 563 2 3 15
385 424 8 5 1391
385 458 6 4 343
385 482 10 4 847
385 532 7 2 15
385 572 9 2 21
385 598 1 3 14
385 693 2 5 579
385 842 3 3 40
385 963 8 2 15
385 656 9 2 23
385 929 5 3 63
386 514 10 2 44
386 564 10 1 11
386 517 6 5 1009
386 570 3 3 55
386 597 2 3 16
386 689 1 5 599
386 1021 9 2 32
387 682 8 2 30
387 847 1 4 30
387 850 9 3 152
387 913 4 3 48
387 747 6 2 31
388 546 6 4 511
388 1017 3 3 64
388 598 6 5 1075
388 645 5 3 27
388 806 4 3 28
389 647 10 3 144
389 837 5 3 54
389 913 6 3 41
390 597 2 4 51
390 586 9 4 218
390 590 2 3 29
390 779 7 2 27
391 567 3 3 36
392 462 2 7 10008
392 801 7 3 86
392 849 8 3 78
392 1006 6 4 391
393 554 8 2 24
393 675 8 5 1261
393 825 5 4 188
393 836 2 6 2396
393 895 5 5 1287
394 462 10 3 75
394 578 4 2 13
394 608 10 4 308
394 723 4 4 290
395 591 2 3 29
395 811 2 3 27
396 559 6 3 108
396 648 4 3 71
397 455 1 5 124
397 537 5 3 27
397 547 8 4 366
397 778 10 3 218
397 916 8 4 605
397 961 7 3 132
398 519 2 5 471
398 694 1 4 90
399 944 2 5 256
399 434 9 2 30
399 723 2 4 101
400 828 9 3 110
401 713 8 1 11
401 422 5 4 227
401 558 9 2 20
401 320 4 4 120
402 674 3 6 2705
402 933 9 3 56
402 515 7 5 1044
402 545 4 3 30
402 578 1 5 195
402 675 3 5 1341
403 770 4 4 89
406 409 8 2 17
406 783 5 4 451
407 678 5 3 33
407 929 3 4 110
407 529 6 4 588
408 592 6 3 50
409 577 6 3 74
410 418 4 2 15
410 889 4 4 212
410 557 9 4 587
411 521 1 4 95
411 564 1 4 60
413 537 9 5 3174
414 641 1 4 67
415 933 5 3 44
417 532 3 2 12
417 833 4 4 206
417 482 4 3 27
417 545 9 4 818
417 811 4 3 65
418 578 7 3 41
419 556 6 3 66
419 628 10 1 11
420 845 4 3 40
421 425 9 3 78
421 539 2 3 12
421 546 4 3 29
421 513 9 2 25
421 903 3 4 75
422 641 6 3 33
423 737 9 3 133
423 796 2 4 67
424 652 7 1 12
424 530 1 4 44
425 482 5 3 62
425 984 6 3 42
426 747 7 4 287
426 777 10 2 21
426 470 10 3 80
426 535 1 5 254
427 645 1 5 178
427 687 5 4 370
428 581 10 2 25
428 548 10 3 74
428 833 3 3 24
429 621 3 3 42
429 881 7 3 44
430 545 9 4 200
430 594 9 3 61
432 602 1 4 65
432 916 6 4 239
433 585 10 2 34
433 1015 10 1 6
434 497 8 2 29
434 800 5 3 38
434 805 6 3 48
436 762 8 2 15
437 598 2 4 208
437 642 6 3 64
437 521 1 5 341
438 455 5 2 9
439 513 4 3 51
443 692 4 3 49
443 517 6 5 1653
445 770 10 5 1143
445 802 10 4 478
445 562 3 3 42
446 1018 6 4 335
447 630 4 5 1215
449 514 8 4 325
449 656 9 3 67
449 374 9 3 56
451 451 5 4 140
451 522 1 4 59
451 617 10 5 1578
451 681 6 3 100
453 489 1 5 174
453 513 10 4 467
453 514 10 4 229
453 515 1 5 228
454 662 8 2 21
454 513 2 4 186
455 635 2 6 5647
455 783 10 1 7
456 641 10 5 3495
457 775 6 1 7
457 909 1 3 13
457 946 7 4 386
458 907 3 6 3761
458 572 1 3 15
459 744 7 3 149
461 463 1 3 19
461 567 9 3 144
461 707 5 4 200
462 626 9 1 11
462 902 5 2 19
463 517 5 5 973
463 642 1 5 220
464 917 9 2 38
465 929 1 6 2831
465 669 3 2 9
465 723 8 4 427
466 532 8 3 154
466 762 6 5 806
466 903 4 3 27
467 441 7 2 29
468 641 2 4 98
471 714 3 3 62
471 676 10 4 393
473 802 1 5 161
473 962 3 4 141
474 601 2 4 93
474 801 10 3 94
477 776 2 3 13
479 538 9 1 13
479 460 1 8 106699
481 666 6 4 220
481 732 4 3 62
481 929 5 2 21
481 603 1 5 452
481 807 3 2 8
482 541 4 2 14
482 962 2 4 61
483 513 9 2 23
484 556 8 4 387
484 985 10 6 9489
484 812 2 5 828
485 842 10 3 174
486 837 5 3 75
489 566 4 7 25899
495 753 8 2 15
497 979 2 5 230
497 782 5 3 52
497 312 7 4 221
499 794 3 4 286
502 520 5 4 303
503 769 9 2 18
507 707 4 3 28
507 752 4 2 9
507 768 10 1 16
508 581 10 3 71
513 515 2 4 148
513 523 7 4 191
513 686 2 4 95
513 937 4 4 177
513 529 7 1 12
513 549 3 5 464
513 558 6 3 40
513 643 2 5 578
513 649 9 2 16
513 720 4 3 29
513 804 9 2 17
513 941 6 2 20
514 549 3 4 118
514 641 6 5 1078
514 645 2 4 51
514 766 4 3 75
515 523 10 3 65
515 573 7 2 25
515 781 6 2 25
515 673 3 4 212
515 705 2 3 12
515 785 4 3 57
516 599 7 2 15
516 671 1 4 52
516 771 5 3 50
517 556 9 3 64
517 583 1 3 16
517 606 4 4 148
517 780 9 5 1413
517 786 3 3 39
517 864 1 4 41
517 929 3 3 34
518 526 6 3 54
518 535 2 3 34
518 673 6 3 50
518 677 9 2 20
518 769 2 3 15
518 519 1 5 135
518 520 5 2 12
518 530 2 3 39
518 696 5 3 78
519 833 4 3 23
519 929 10 3 131
520 945 3 4 212
520 968 1 5 177
520 848 10 2 43
521 786 5 5 1762
521 813 5 2 22
521 897 3 1 5
521 525 2 4 143
521 530 3 3 37
521 546 5 3 32
521 591 10 4 605
521 767 7 2 28
522 547 10 3 112
522 555 1 3 22
522 561 3 5 379
522 610 2 4 46
522 562 5 5 1491
522 787 4 4 146
523 550 10 2 40
523 653 6 3 70
523 531 5 2 13
523 570 2 6 3919
523 609 4 2 15
523 694 1 5 304
523 749 9 4 331
524 651 4 4 116
524 815 5 3 39
524 898 9 2 18
524 893 5 2 15
526 821 9 2 29
526 577 5 3 39
526 641 1 4 42
527 549 5 3 54
527 777 4 4 111
527 610 10 4 225
527 809 6 5 3037
528 714 1 3 10
529 581 9 6 26480
529 583 8 3 98
529 612 7 6 21840
529 721 8 2 24
529 802 2 3 11
529 593 6 3 105
529 627 3 4 70
529 630 6 2 27
530 738 2 5 493
530 837 5 3 86
531 697 4 4 365
531 550 1 4 55
531 587 2 5 251
531 626 9 2 16
533 551 8 2 33
533 854 4 2 21
534 788 4 4 94
534 575 5 3 44
535 787 10 2 48
535 929 10 1 14
535 933 10 2 45
535 613 6 1 7
537 688 8 2 15
537 903 6 4 142
537 545 7 3 112
537 747 2 3 29
537 478 5 4 208
538 900 8 2 18
539 821 3 4 182
539 820 1 5 119
540 665 5 3 47
540 778 4 4 332
540 366 9 1 14
541 681 7 3 39
541 793 10 4 412
541 906 6 3 79
542 794 9 4 833
543 545 8 2 40
545 552 10 3 109
545 598 8 4 393
545 719 8 3 67
546 744 4 1 7
546 915 2 4 206
546 841 3 4 161
547 613 2 3 15
547 651 3 3 24
547 759 5 3 47
547 901 5 4 268
547 636 9 3 81
547 318 9 2 16
548 578 7 3 48
548 577 10 2 25
548 931 5 1 7
549 578 9 2 35
549 587 9 3 70
549 646 3 3 29
549 833 8 3 145
550 648 4 2 9
550 785 8 3 124
550 978 9 4 347
551 650 9 2 17
551 801 9 2 20
553 641 2 5 377
553 657 3 3 40
553 933 5 3 60
553 781 7 4 367
553 905 2 2 10
553 939 6 2 26
554 934 7 2 27
555 579 4 5 548
555 778 7 2 14
556 967 2 3 13
557 680 5 3 57
558 558 2 4 182
558 771 6 3 56
558 939 3 4 105
558 560 7 4 240
558 596 8 4 492
561 918 8 2 35
562 787 4 4 396
562 994 7 3 148
562 846 8 4 574
563 978 1 4 47
563 993 1 4 77
563 601 7 3 69
563 643 9 2 18
565 657 2 5 233
565 660 1 4 112
566 655 1 6 2289
567 593 7 3 53
567 972 9 2 33
568 794 2 4 223
569 948 6 3 45
570 600 3 3 48
570 785 8 2 28
573 778 9 2 16
573 579 7 2 18
573 906 7 3 51
574 798 8 4 716
574 887 4 3 61
574 601 10 4 343
575 697 10 5 1351
576 579 6 4 392
576 601 7 4 261
577 608 8 2 38
577 609 7 1 10
577 787 3 3 50
578 578 2 3 22
578 662 7 1 12
578 998 5 3 37
579 730 2 5 455
579 982 8 3 58
580 622 5 2 14
580 790 4 4 386
580 625 1 4 33
581 599 8 3 85
582 646 4 3 48
583 634 2 4 52
584 836 2 6 2579
585 834 8 2 34
585 641 4 2 18
585 722 4 2 20
585 845 2 4 114
586 593 10 3 121
586 696 7 3 118
587 659 2 2 10
587 777 5 2 10
588 609 5 3 44
588 668 5 2 15
589 785 6 4 460
591 789 9 3 168
592 883 5 2 22
593 857 3 4 86
593 802 6 4 283
593 829 7 3 54
594 687 10 2 18
594 714 2 3 25
595 653 7 6 17036
595 793 1 5 181
597 706 4 3 36
597 725 5 3 75
602 886 7 3 148
602 544 8 2 42
605 914 1 4 29
605 1007 7 3 66
605 785 5 4 489
605 797 5 3 27
607 808 2 6 2177
609 649 5 2 24
609 627 5 4 326
609 662 10 2 46
609 673 2 4 100
609 769 1 4 103
609 778 10 3 116
610 769 7 1 12
610 825 7 1 10
611 738 3 5 773
612 881 5 1 8
614 841 9 2 32
615 937 6 4 363
615 911 10 4 285
617 807 5 5 2749
618 909 9 2 29
619 1005 8 3 77
624 1001 2 6 1498
625 846 9 3 169
625 472 8 3 128
628 770 3 3 28
628 978 1 6 1325
629 794 1 4 91
634 813 1 3 15
635 785 7 2 36
641 660 8 5 941
641 733 3 3 62
641 939 2 5 329
641 953 5 3 27
641 659 6 2 22
641 770 8 4 265
642 678 6 6 8113
642 778 6 2 31
643 725 7 4 283
643 802 3 4 122
644 776 5 3 29
644 1022 2 3 13
645 661 6 3 84
645 757 8 4 245
645 770 10 3 57
645 710 9 3 85
646 964 2 4 58
649 695 2 4 54
649 770 7 3 64
649 661 5 5 601
650 717 3 6 4142
651 954 2 4 73
651 488 8 4 347
653 1003 7 4 737
656 762 5 3 41
656 995 4 5 820
657 834 1 4 97
657 674 4 4 406
658 932 3 4 173
658 934 9 2 22
661 803 2 4 55
661 452 7 2 23
662 796 2 3 18
663 956 8 2 17
664 771 2 6 1634
665 782 4 3 45
667 769 10 3 145
669 750 9 4 284
669 764 7 3 67
670 915 2 6 4269
673 718 4 3 27
673 675 8 5 1256
674 705 2 4 51
682 855 9 3 145
685 1009 10 3 59
685 1004 7 1 11
693 915 4 3 80
695 769 3 2 6
695 932 6 3 47
695 977 2 3 41
697 886 10 1 13
698 711 2 5 234
698 777 1 4 27
700 899 5 5 1802
700 1016 10 3 195
701 865 7 3 69
702 942 4 4 225
706 855 10 1 16
707 733 10 3 55
708 779 9 5 3260
708 781 4 3 43
710 844 2 4 56
713 863 5 3 28
713 729 10 4 571
714 838 1 5 320
717 843 6 1 9
717 973 3 6 2982
721 804 5 4 353
721 931 6 4 166
729 512 6 2 12
730 975 3 4 75
731 127 10 2 32
733 835 8 3 73
737 769 4 3 87
737 900 1 7 6277
739 971 5 4 489
739 769 5 2 17
741 779 2 3 42
741 802 4 3 27
741 1011 4 3 49
742 623 7 3 44
743 917 5 2 15
744 788 9 2 17
745 763 10 2 34
753 787 10 1 12
753 896 8 4 310
757 945 9 3 131
769 927 9 3 114
770 774 5 5 607
770 803 6 2 14
770 970 3 4 270
772 794 9 4 433
772 801 7 4 299
772 942 10 2 33
773 987 9 2 28
775 937 2 3 32
776 922 7 4 528
777 799 5 2 11
777 851 7 1 4
777 915 3 4 155
778 809 5 3 45
778 917 9 1 11
778 360 6 4 168
779 813 6 4 418
779 883 2 3 31
780 805 7 3 62
780 977 4 3 24
781 902 8 1 10
782 806 3 3 29
784 933 5 4 122
784 891 4 2 21
785 842 2 4 107
785 818 5 1 5
785 923 9 3 49
786 839 9 2 19
786 511 6 4 151
787 915 3 4 201
787 865 9 2 16
791 504 5 2 16
791 951 10 3 59
793 850 7 4 315
794 894 1 4 34
795 751 2 4 53
801 825 2 3 23
801 841 6 4 678
803 885 8 2 34
806 192 9 3 163
809 938 1 5 685
809 946 2 4 46
815 906 3 4 104
817 735 4 4 102
818 979 8 1 11
819 952 10 2 42
825 979 10 2 39
825 853 9 2 27
834 1000 7 3 42
835 913 3 4 145
837 997 6 3 60
844 940 6 3 50
845 959 6 4 339
845 892 2 5 886
847 957 1 4 28
849 900 2 6 3356
849 1008 3 4 89
850 1019 3 4 99
850 475 10 3 207
857 867 8 3 160
868 999 6 4 134
869 897 7 4 183
873 704 9 4 295
881 862 3 6 2301
885 640 10 5 1294
889 905 1 6 1440
889 384 3 4 123
897 912 3 4 268
898 1003 5 3 44
898 960 1 5 312
900 509 2 4 65
905 930 10 4 817
906 954 4 3 45
907 756 2 3 13
912 222 9 4 298
913 918 1 5 156
913 1003 4 3 32
914 830 6 2 13
915 969 8 3 60
920 748 2 4 104
933 950 4 4 238
938 966 9 2 28
961 715 9 2 24
963 988 4 4 254
964 880 3 4 108
979 882 5 3 65
1003 734 9 1 8
1012 224 5 3 65
1019 1020 1 6 3270
928 191 10 3 166
476 344 7 3 58
735 435 7 3 48
896 604 7 3 41
