2056 5.521652754493781e-06 
7574 5.535070743934643e-06 
1173 5.533294761991728e-06 
9303 5.556656209056621e-06 
2770 5.549967999107437e-06 
8985 5.115225669093076e-06 
9252 1.0486290343717055e-05 
2118 6.522819180783131e-06 
3917 5.5372388951597575e-06 
6613 5.5094687295415e-06 
939 5.532101843646375e-06 
3728 5.320661042566953e-06 
348 5.550318748694593e-06 
2126 5.532846245550273e-06 
8699 5.3900790699959435e-06 
755 2.122254030137716e-06 
5018 5.543747564138544e-06 
7608 5.352633018397517e-06 
9944 5.442742869222258e-06 
8527 5.572941548931418e-06 
2096 5.549672584820303e-06 
2223 5.489052078460728e-06 
7167 7.84719708175756e-06 
8211 5.425503305772889e-06 
5882 1.5457328693115014e-06 
8212 5.544521613231972e-06 
6161 5.5142904100033056e-06 
5371 5.07945102209566e-06 
3431 7.379188422257575e-06 
6572 5.752852675764198e-06 
6200 5.5571820264489255e-06 
2965 5.986251518596016e-06 
4821 3.352946212641731e-06 
3510 5.683478499178297e-06 
9609 5.530443881979451e-06 
3291 5.2651984067795205e-06 
8771 5.52407250514819e-06 
7774 1.0646308417764038e-05 
8580 5.639434351040172e-06 
6655 5.774224448528233e-06 
1047 1.3686359899189502e-06 
6829 6.430672828029394e-06 
1858 5.535637737763696e-06 
9055 5.7895583923031136e-06 
9639 5.56855297444119e-06 
9667 1.4256757303534071e-06 
7643 1.6253584480613792e-07 
2653 5.307262832064252e-06 
2821 5.491612475964112e-06 
4712 5.614238997713794e-06 
7144 5.871255398606157e-06 
6938 5.582402127507502e-06 
51 5.563478089767035e-06 
2634 5.503058309610545e-06 
5803 5.1515353175081815e-06 
9821 5.899476325445961e-06 
3275 5.515919719810451e-06 
8974 7.510955556957481e-06 
2192 5.330902745449132e-06 
4732 5.3888644688648855e-06 
4738 5.766991615863713e-06 
1892 5.2666322324574475e-06 
7053 5.597627485512089e-06 
1857 5.537809970385303e-06 
4039 5.53744588429133e-06 
2374 5.516108024009274e-06 
5033 5.748036768908986e-06 
7130 4.936846753671912e-06 
5897 5.549408581426652e-06 
5952 1.4763093329623168e-06 
5223 4.241067619058146e-06 
607 4.780132472220902e-06 
5597 4.865552249086035e-06 
692 5.5187959964775935e-06 
7972 6.299006534683243e-06 
5492 6.173900011344755e-06 
658 5.496299694794601e-06 
5591 4.478064871195914e-06 
2438 5.5184349920023415e-06 
1405 5.815989610799771e-06 
9964 5.446109710798602e-06 
2094 5.566118576190943e-06 
9406 6.152815230783573e-06 
1523 5.264286690285181e-06 
2236 5.584040452032801e-06 
6830 9.70536502049349e-07 
2820 5.258011147699983e-06 
4663 9.651467458421828e-06 
5767 1.1026826035635359e-05 
8340 5.50647567113542e-06 
8497 4.241318452498165e-06 
2403 5.536743813931539e-06 
8903 5.350698154445798e-06 
9064 5.638642777872455e-06 
7954 5.540171452305955e-06 
4808 5.1847231178132435e-06 
3154 5.557612392882919e-06 
8602 5.5510622046429545e-06 
9835 5.534653971175531e-06 
2946 5.565633061687296e-06 
8461 5.5294841795168015e-06 
8415 5.754926169768523e-06 
2582 5.70682849143817e-06 
8914 5.541677086129329e-06 
5881 1.0735381367457828e-05 
4953 5.538846220590818e-06 
5909 5.535877983668643e-06 
3407 5.346392478987971e-06 
1452 5.500343588591659e-06 
9325 5.218816399858633e-06 
4606 5.349461872317074e-06 
9514 4.563358538644536e-06 
86 4.890833404876085e-06 
741 5.5813561454445145e-06 
6187 5.589764416888626e-06 
7015 7.667515031285868e-06 
5383 5.5967926270991e-06 
3014 5.5686794561851705e-06 
524 5.5415278091036165e-06 
8476 5.3279305883555775e-06 
2961 5.557862749021575e-06 
2945 5.516176761963296e-06 
8697 6.206804594647004e-06 
2722 6.414232918365893e-07 
608 5.499264927860464e-06 
5641 9.400063047953643e-07 
1145 5.572398490846664e-07 
9755 5.7032296364229534e-06 
5742 5.623411873954382e-06 
8161 4.960770862080795e-06 
3737 6.063381953480623e-06 
4588 5.530409663975918e-06 
9215 5.532794185922931e-06 
2476 5.5353901693440044e-06 
8889 4.586606895380428e-06 
6303 5.429619650317226e-06 
3775 8.606808781840957e-06 
84 5.345723496544516e-06 
2161 5.538879312254831e-06 
1472 4.667745629881249e-06 
2050 6.140535858413989e-06 
2400 5.932099960462366e-06 
668 7.008186836256994e-06 
592 5.106531322886511e-06 
552 5.309338657008381e-06 
2259 6.0217484756132324e-06 
3498 5.561645716824974e-06 
8505 5.472615457441598e-06 
315 5.53559139474794e-06 
9672 5.376039844723471e-06 
3241 5.529063199787215e-06 
2702 5.518844177289963e-06 
5476 5.452645965729638e-06 
5073 5.511881149308876e-06 
1538 5.491929887143634e-06 
2011 5.513947867982508e-06 
1484 5.917903765408951e-06 
1635 5.536031665733084e-06 
822 5.598514019863819e-06 
4493 5.46189396698116e-06 
8058 5.4995172366181865e-06 
1846 6.394268038322074e-06 
4330 5.556638801352969e-06 
2856 5.534144375981444e-06 
2878 5.560560387091739e-06 
7287 5.283915131860672e-06 
5374 5.570166699234797e-06 
8339 5.356326379582389e-06 
6360 1.1793809876187933e-05 
11 4.794427022851826e-06 
8622 5.38713177956441e-06 
3108 5.522907443544584e-06 
6722 5.309383946344634e-06 
2450 5.55629727944237e-06 
7311 4.584401922279384e-06 
6044 6.27100761409463e-06 
4700 5.938476931842067e-06 
9220 5.540401596378128e-06 
6127 5.585607655434757e-06 
9187 5.223987985618878e-06 
4452 5.419485355159942e-06 
6918 5.649433273545646e-06 
9934 1.1695428013881758e-06 
2524 3.2211291748235453e-06 
4290 5.530178542032313e-06 
681 5.548573031804013e-06 
9535 5.318928109361523e-06 
9621 5.55181096914198e-06 
9985 5.291904511657452e-06 
1617 5.6305701430077e-06 
5258 1.9695477823258733e-06 
7186 5.243835814481595e-06 
2394 5.5454858295069135e-06 
5058 5.53964349077505e-06 
933 8.710413473508961e-07 
2773 5.9198866913384176e-06 
5060 5.5419833250250265e-06 
4789 6.1126398657949165e-06 
9626 6.0242728672665545e-06 
6794 6.27216908259501e-06 
6458 5.5245160119069164e-06 
4678 5.529795449622474e-06 
8485 5.541219616921115e-06 
5121 5.58333099434617e-06 
3571 5.50507632840417e-06 
5399 6.117397182626683e-06 
5452 5.571702425834001e-06 
577 5.5429713460371705e-06 
5858 5.540664316742128e-06 
5416 5.5394570978419116e-06 
4297 5.940115470761971e-06 
8751 5.8086875363586825e-06 
6755 5.405803837455665e-06 
8408 5.5381992386530876e-06 
4553 5.50364623370692e-06 
5345 5.582028124603839e-06 
3256 5.4955407440271615e-06 
379 5.543513495021306e-06 
1839 2.9248323399158942e-06 
6831 5.468546505792969e-06 
7275 5.767686510814934e-06 
2847 5.049140106200441e-06 
6934 5.867261592432411e-06 
3192 5.384688827933638e-06 
1711 5.478074847209002e-06 
5349 5.569627592183256e-06 
1383 5.738855769402612e-06 
3882 5.78274206195849e-06 
4346 5.581202382980091e-06 
1906 2.3851112499318047e-07 
616 5.634158629539593e-06 
9936 7.382032914090079e-06 
4772 5.527472102015526e-06 
2557 5.681748777950114e-06 
3854 5.530571200380423e-06 
961 5.517190333557225e-06 
8884 5.523701847149798e-06 
4182 5.6130639016342675e-06 
4777 5.661336465645864e-06 
853 5.8714460450685185e-06 
9468 5.655395783231283e-06 
8747 4.6015604789916334e-07 
8647 5.623163242496153e-06 
4959 4.664263011805348e-06 
487 5.493730684759332e-06 
313 5.519113434889633e-06 
9701 4.919689324263102e-06 
6809 5.579686405292112e-06 
6289 5.535243597698091e-06 
6020 5.557511469698285e-06 
735 9.929931914701226e-06 
1440 6.29865290657985e-06 
5292 5.535672594063837e-06 
9349 4.117378816504701e-06 
5028 5.972365562624418e-06 
2435 5.669658876178708e-06 
3153 5.536763267647068e-06 
4302 5.487380434821936e-06 
6441 4.542215828752645e-06 
4029 6.3262715470046546e-06 
1737 5.540551462036352e-06 
4010 5.537708062020043e-06 
9828 5.657048240217112e-06 
4314 6.808425702027515e-06 
8610 5.539927291048396e-06 
6379 5.618877365349741e-06 
133 5.5035721387626164e-06 
9344 5.488792219506763e-06 
9200 5.5365243505078054e-06 
2120 5.5223988960704055e-06 
4032 4.117038114357827e-06 
3666 5.554809619083983e-06 
2824 5.572703938146053e-06 
6397 6.021483384015435e-06 
4863 3.098367899943877e-06 
5307 5.539792844737492e-06 
8920 5.54555891342926e-06 
2274 5.5494937465758705e-06 
6277 5.534138131103724e-06 
3476 5.536601870553743e-06 
8241 5.539949912491934e-06 
3901 5.475939680496672e-06 
253 5.5345940401008e-06 
2954 6.157343424749375e-07 
6015 1.28657149300399e-07 
5628 5.367379834920872e-06 
2431 6.49981895806632e-06 
5272 5.5793022418674296e-06 
5918 5.581531212502301e-06 
1331 5.650096605781627e-06 
2760 5.689371275030049e-06 
6523 5.5466279670609625e-06 
1904 5.548481833315268e-06 
293 6.899025514310013e-06 
1483 5.223895724799457e-06 
7599 5.538625535609658e-06 
6359 5.545192958609643e-06 
1914 5.5239391300431665e-06 
3920 5.4988303537069134e-06 
6719 5.531357000137974e-06 
8867 5.510274106040488e-06 
4342 5.4977383076519384e-06 
3667 5.527872428424589e-06 
8466 5.692822749065321e-06 
1768 5.818337611655188e-06 
9967 5.56849862080147e-06 
7138 6.862925886090283e-06 
9246 5.550285365276603e-06 
7319 5.40550537167105e-06 
2081 5.612923606399258e-06 
5845 5.471437170215617e-06 
4147 6.3071330211458425e-06 
6113 5.350719332519294e-06 
8147 5.493744059794225e-06 
4759 6.139915550400862e-06 
9954 5.577826832195743e-06 
9762 5.673036413369855e-06 
8560 5.2817436380865345e-06 
3694 5.515959196718081e-06 
7325 5.657696895654951e-06 
5062 5.2936193648444e-06 
4631 1.6603439754083927e-06 
5148 3.200475711513201e-07 
4528 5.538457653554343e-06 
2738 5.660207723162772e-06 
7443 5.708320345272754e-06 
1565 8.520550123415066e-06 
7478 5.53459908056307e-06 
9198 3.094060004949286e-06 
5386 2.8683811634773944e-06 
7769 5.42724795318873e-06 
6987 5.559756024236052e-06 
8942 5.538926541936076e-06 
3010 5.592471630339907e-06 
3076 5.548201041416324e-06 
3989 5.101648646202574e-06 
8707 5.43840698940911e-06 
9273 5.238332277735594e-06 
6420 5.488733358626561e-06 
5964 4.643208791519902e-06 
4068 5.538924627190349e-06 
280 5.7525707864106885e-06 
9300 2.0989939943559298e-06 
8029 5.7265325278130314e-06 
387 5.919000293433619e-06 
4144 4.157806672047603e-06 
4123 5.64412151972541e-06 
1491 5.406435123876177e-06 
666 5.816230370758755e-06 
8216 5.545472006983921e-06 
5147 5.6786001458658745e-06 
1031 5.2994552449024455e-06 
3698 5.505304006453097e-06 
7613 5.744803402996183e-06 
3726 5.531675278518849e-06 
6784 5.567713443874295e-06 
3535 5.636378164321618e-06 
3825 5.608062858953912e-06 
7291 5.941807539208925e-06 
7889 5.537665283921267e-06 
2093 5.464438634259648e-06 
3904 5.522950415835077e-06 
9213 5.51669707634451e-06 
2185 4.820156349646715e-06 
2932 5.582078308219452e-06 
6286 1.6100895110438033e-06 
5814 5.685038937444528e-06 
335 5.647304725652267e-06 
2922 5.620687297976351e-06 
288 5.460627890311785e-06 
4037 6.446808039586404e-06 
4800 5.931355957770824e-06 
8326 5.835310007771598e-06 
3097 5.55934324292533e-06 
4705 5.464061905866212e-06 
8315 5.691711892000659e-06 
7226 2.2400165624543793e-06 
6415 5.533617747574096e-06 
8817 5.536956834650355e-06 
895 5.531494445969752e-06 
8969 5.9963470664664305e-06 
5425 5.543159347259876e-06 
7438 5.182375400621978e-06 
3039 5.681346887520749e-06 
7129 5.538959788621482e-06 
5238 5.72253593544983e-06 
4393 5.56054651471483e-06 
9558 9.08490967152286e-06 
9375 6.386242066965441e-06 
9691 5.601885480656182e-06 
7710 5.805464192836875e-06 
7398 5.395068922196164e-06 
3611 3.467560393769927e-06 
3101 5.087080044457179e-06 
2181 1.0560129829449987e-06 
3884 9.656802785862871e-06 
2311 5.612626329512808e-06 
4552 5.541718693685142e-06 
9485 5.595258848289663e-06 
2989 6.234633483581503e-06 
5914 5.3027847336418425e-06 
1653 7.082312248042627e-06 
5002 4.8298401028571845e-06 
5080 8.543507566780248e-07 
5030 5.5393538086471535e-06 
1055 5.6504572579470224e-06 
8886 5.543702549368038e-06 
5559 5.3094896247918905e-06 
9745 5.5432480576772315e-06 
3459 5.5242433868344655e-06 
6058 5.068682408537804e-06 
4841 5.538597289768936e-06 
240 5.5594814135167495e-06 
9172 5.548085443360416e-06 
9822 5.474412956524906e-06 
3873 5.656836352328484e-06 
7837 3.7298200235788638e-06 
3065 5.810677758308394e-06 
1797 5.5795737519443935e-06 
868 3.418112616805875e-06 
5692 5.627014986250673e-06 
894 5.590574606007838e-06 
1655 4.632846785512541e-06 
5291 5.583295247220412e-06 
7598 5.5955780812803525e-06 
5957 5.42686159283454e-06 
5287 5.535213304796793e-06 
2853 5.5964735655525664e-06 
4727 5.5617836216177424e-06 
6457 5.4838147348248485e-06 
6212 6.200152488180403e-06 
5342 4.233951135429117e-06 
7171 5.552674421374869e-06 
8798 5.524439373149882e-06 
9367 5.205887814633359e-06 
2001 5.7857909485508775e-06 
9244 5.537411339343867e-06 
9866 5.5401564688712225e-06 
5027 5.5478701900737405e-06 
9289 5.541189319719819e-06 
6820 5.623942365752144e-06 
1501 5.586134916877999e-06 
4891 5.568910857447647e-06 
9671 5.538408498506834e-06 
230 1.6074176307128204e-06 
6230 5.539714447876934e-06 
5739 5.54416154083918e-06 
6864 5.837580974638135e-06 
682 5.308308591236637e-06 
3913 5.602022818113161e-06 
7196 5.171124584299715e-06 
2930 5.450689922856904e-06 
7374 5.534876585874754e-06 
9638 5.186234082063158e-06 
61 5.57566038325026e-06 
8155 5.382621457668538e-06 
186 5.5381674803184145e-06 
5951 5.586617917051835e-06 
652 5.513184346599559e-06 
8042 5.402012877728495e-06 
2202 4.817771878251863e-06 
4490 5.540495103242125e-06 
2188 7.150786670670581e-06 
8793 5.561511068902073e-06 
1332 5.6022218930548784e-06 
482 5.1771928232810575e-06 
1255 5.5702075978851325e-06 
2778 5.649621348138951e-06 
7531 5.513897099204717e-06 
5731 5.536391620516551e-06 
8807 5.603980363003999e-06 
6703 5.538750939110007e-06 
7645 5.533292307036241e-06 
1931 5.4407304176468706e-06 
9412 5.272507701621328e-06 
9839 5.5591343776623615e-06 
4893 5.358717229426858e-06 
9381 5.547404825997153e-06 
1131 5.538881660619354e-06 
9864 5.485020805273152e-06 
3992 5.534261714085684e-06 
5703 5.6557362127925835e-06 
3371 5.589406883507905e-06 
8433 5.731056397757209e-06 
2797 5.598632318426289e-06 
1116 5.450617240192695e-06 
5947 5.0218358906691945e-06 
9370 5.63689572202006e-06 
2558 5.548779449696901e-06 
1870 5.688205438534257e-06 
9186 5.453582126242883e-06 
4735 5.4838981121068685e-06 
7676 5.218636143808183e-06 
1976 5.490123691509095e-06 
4055 6.017554352597099e-06 
2964 5.122903424810717e-06 
9419 5.484517950461612e-06 
4734 5.0520539682592134e-06 
3173 5.556166267323297e-06 
5977 6.37598082302232e-06 
3427 5.520734536634891e-06 
4529 5.538273214655062e-06 
2254 3.7954426702030805e-06 
3351 5.571929190407623e-06 
1786 5.9015210771241906e-06 
7117 5.507850030922031e-06 
6616 5.5291559476567494e-06 
4812 5.517168692170618e-06 
2000 5.60079865159481e-06 
6691 5.369388038628995e-06 
502 5.713791936867959e-06 
7761 5.535742685051261e-06 
1957 5.543982469291908e-06 
2195 5.5406269083418e-06 
1212 4.074195936375217e-06 
6345 5.588111744513782e-06 
7499 6.15556496554032e-06 
1469 5.385690446164895e-06 
1594 5.516064964379583e-06 
8177 5.540059837195155e-06 
6287 5.477903052216773e-06 
4882 5.748620402734104e-06 
224 1.4432267557600085e-07 
6498 5.551326275409161e-06 
7664 5.907980740087959e-06 
2837 5.664464918147303e-06 
5188 5.533725366097591e-06 
1973 5.426879235056554e-06 
369 5.221652147787986e-06 
1175 4.853552153095223e-06 
7604 4.737334890369788e-06 
9363 5.850815864708661e-06 
7618 5.586254135194255e-06 
7356 5.637474078426103e-06 
6499 5.666318886075686e-06 
9582 5.299171292763951e-06 
9574 9.495826495199065e-06 
8820 4.082230149037453e-06 
6095 5.555820686844671e-06 
3162 4.804996179282537e-06 
3789 5.452610119178591e-06 
8905 5.501699583126188e-06 
2791 5.943794568490169e-06 
3202 5.550310807219593e-06 
6431 3.865716707744348e-06 
9812 5.55871300981022e-06 
3894 5.368768809249865e-06 
5160 5.539429559563819e-06 
1008 5.60592632516977e-06 
2417 5.838645487448563e-06 
2749 5.554227392415807e-06 
7192 5.3983058870741665e-06 
3416 5.251872161300099e-06 
5209 5.0124853828020364e-06 
102 5.547711033244854e-06 
2013 5.54547493199497e-06 
9886 7.677333084384372e-06 
4105 5.389239492259491e-06 
8089 5.2172009425281666e-06 
4438 5.502036574193625e-06 
6715 5.7475962911034516e-06 
8655 5.528534131494519e-07 
5634 2.477323617306157e-06 
4402 6.5532946652627945e-06 
1219 5.520562296963547e-06 
4605 4.76656475597928e-06 
5465 5.367772401604976e-06 
2566 5.712138306205443e-06 
8207 5.512187227439529e-06 
3902 5.53805100447266e-06 
773 5.536194279356709e-06 
4450 5.534234117545941e-06 
514 5.531063297666001e-06 
287 6.888503876397134e-06 
1763 5.74971094428479e-06 
7267 5.533864084162655e-06 
9607 5.500617928182384e-06 
3199 5.357964618825913e-06 
275 4.485401120147957e-06 
7927 5.512505341807321e-06 
144 5.489161225142666e-06 
8883 5.539036365780957e-06 
1883 4.524535993625092e-06 
6422 5.343537911238473e-06 
9758 5.623686503403146e-06 
261 4.557504637357558e-06 
8236 5.486718581212199e-06 
5644 5.742898151455273e-06 
2208 6.063763667050227e-06 
8196 5.52158990380843e-06 
6531 2.2187818652826528e-06 
6787 5.594777156429149e-06 
6575 5.3408756682121074e-06 
2639 5.559355058752622e-06 
5059 5.5733269480952755e-06 
867 5.617828782511121e-06 
7003 5.560565864688017e-06 
2092 6.179980052958274e-06 
8614 5.505120313686518e-06 
9041 1.2421920147036665e-06 
4901 5.230353080417089e-06 
279 5.615635193977142e-06 
81 1.0545836566782869e-05 
8714 5.536155623598434e-06 
4547 5.54546416813474e-06 
9208 6.857144625971237e-06 
9057 5.6775529274314e-06 
5086 5.437431570242622e-06 
1881 4.561655542767875e-06 
8325 1.1670243210373555e-06 
1604 5.6520244532725014e-06 
4108 5.546243050506061e-06 
4401 5.623261805641463e-06 
5632 1.8789635927070618e-07 
8377 6.041555831240451e-06 
6222 5.535615546706131e-06 
1567 5.504760054640791e-06 
3475 5.539789591511413e-06 
7029 5.542182346655509e-06 
7327 5.520985905269988e-06 
2741 5.490101589035911e-06 
5317 5.933848436270455e-06 
8412 5.558909386473716e-06 
7262 5.524305204683626e-06 
9217 5.561148616627674e-06 
5817 5.5709418018071206e-06 
4530 5.564792983485544e-06 
5527 5.590155670941836e-06 
7407 1.574488079555405e-07 
3196 5.654985490019327e-06 
258 6.419894670730894e-06 
6855 2.0419542577209543e-08 
8024 5.594872694593583e-06 
6839 5.549542002340967e-06 
492 8.864089013436232e-07 
2204 5.658087730135181e-06 
456 5.551497310577695e-06 
6136 5.541882492554335e-06 
364 5.65574629435312e-06 
664 1.599320158841217e-06 
2614 5.534744341960506e-06 
5642 6.332875802197852e-06 
8808 5.495903987436096e-06 
679 9.564521368694438e-07 
2320 5.329472294001882e-06 
5451 6.567295375097364e-06 
8310 5.603879033323915e-06 
9420 8.974398949294736e-06 
8446 5.518669868929513e-06 
1748 5.318663431591794e-06 
5474 8.014085279355444e-06 
3719 5.446783202302528e-06 
6913 4.068420822519857e-06 
4087 7.353796249274296e-06 
1474 8.714797408822648e-06 
4823 5.539187909479141e-06 
3000 2.3194214545012464e-06 
8378 5.539659934869483e-06 
8864 2.4160921971238354e-07 
6410 5.493000949796927e-06 
3232 6.3783970564432076e-06 
5299 5.920120080948883e-06 
3585 5.62332757809691e-06 
1351 5.599069998091671e-06 
8289 5.551043777033205e-06 
219 5.528577163711426e-06 
6891 5.613244557329894e-06 
647 3.220213839035468e-07 
8327 5.4632273343617795e-06 
3944 5.963138462393244e-06 
2750 5.5492480258522305e-06 
8651 5.4763144441002555e-06 
2593 5.538320480320443e-06 
3180 5.506812407535248e-06 
1532 5.6685168024990724e-06 
7276 5.479092976602525e-06 
6612 4.976529585571225e-06 
6797 5.528783508072047e-06 
4559 5.571575189782809e-06 
6977 5.558665789636644e-06 
3252 5.530573996694104e-06 
6620 5.641662481344345e-06 
1938 3.7583687198037682e-06 
9655 7.674605787453256e-06 
5643 6.008163016316687e-06 
6952 5.602095688089106e-06 
5654 5.3207797990304975e-06 
9342 5.537773684017127e-06 
1988 6.970346124218714e-06 
4852 5.496756876839248e-06 
7775 6.656052442992339e-06 
7561 5.832541448218961e-06 
1286 7.30477090448801e-06 
3760 5.371868993770255e-06 
5269 5.630068560275331e-06 
4196 7.361629723988313e-06 
4600 5.545084710218918e-06 
9814 5.581587878352892e-06 
7714 5.551251711852095e-06 
2066 5.522008507382462e-06 
8292 5.5834840961571465e-06 
3438 5.539663378026775e-07 
518 5.815114251724577e-06 
3900 5.532489078346307e-06 
2177 5.566278439446899e-06 
7191 5.407201749874586e-06 
5744 5.5915087669119805e-06 
594 5.471104689502747e-06 
4764 5.539635151669118e-06 
2409 5.605572607547386e-06 
1756 5.469331260542981e-06 
7414 6.09004750110115e-06 
5332 5.782656225598958e-06 
8821 5.1964797419726744e-06 
9687 5.538426304899107e-06 
4884 6.104082499987603e-06 
357 5.821804061854841e-06 
8825 5.252531263092628e-06 
7264 5.6688004019622116e-06 
1407 5.648442541255648e-06 
7093 5.586609790590129e-06 
5569 5.565192915620568e-06 
2380 5.623582063391612e-06 
7997 5.504025806883202e-06 
7095 5.527643480683367e-06 
4323 5.600637817817143e-06 
1982 5.362788195918734e-06 
9634 6.525317764754474e-06 
3857 5.552132224303175e-06 
2687 5.521325211474349e-06 
9125 6.190681280876849e-06 
2485 5.367595347132634e-06 
3197 5.439396831183254e-06 
1246 5.472304320193331e-06 
300 5.362651214665336e-06 
4404 5.603332845508169e-06 
7529 2.079867685254262e-06 
4301 5.65996748742222e-06 
7116 5.536677204990308e-06 
2070 5.642667125734037e-06 
6438 5.5051760593487064e-06 
2911 5.525883918126661e-06 
9867 6.239045081041201e-06 
4564 5.298474859298605e-06 
466 5.542250032410683e-06 
3354 5.440207018249557e-06 
34 4.758638555248265e-06 
4380 5.562199903311684e-06 
1488 7.550237913823682e-06 
9569 5.589112095210698e-06 
192 5.785674940107225e-06 
4744 5.326187035278772e-06 
4554 5.5957054256571885e-06 
2747 5.52954127731391e-06 
3925 5.535720808968902e-06 
8479 5.2435360173173065e-06 
1374 5.307541682740271e-06 
6148 5.575681559807031e-06 
5602 5.5382994509714675e-06 
9081 8.805696245208273e-06 
4060 2.537934381259609e-06 
5808 4.05933537395505e-06 
2919 5.730520805027947e-06 
8224 5.540371770546488e-06 
7791 5.521474044801955e-06 
2531 5.5336833631392285e-06 
374 5.562652864000456e-06 
3385 5.656980996681239e-06 
4200 5.509172174399061e-06 
5624 3.9645509633972485e-06 
6960 5.529462644656182e-06 
8791 5.5408384508934485e-06 
5674 5.844433140718067e-06 
8111 5.551111154188727e-06 
7992 5.548596803346945e-06 
5314 5.536476376156653e-06 
8632 5.539383347725596e-06 
7050 5.838888119300152e-06 
7173 5.4814451317262105e-06 
1758 5.144029089439438e-06 
9588 5.412159011237027e-06 
990 5.555662258285266e-06 
7089 5.5306151858038e-06 
1820 8.648775961082441e-06 
6999 5.547144485742999e-06 
506 5.4526341212773776e-06 
108 5.305981122121302e-06 
4664 6.131910337976041e-06 
8917 5.498829123769906e-06 
5172 5.567274865054117e-06 
638 5.546978076127667e-06 
3035 4.715807468629173e-06 
6978 5.606397095502953e-06 
3643 5.2665297020163484e-06 
8481 6.971562425455445e-06 
6201 5.146963755002327e-06 
322 4.125843912762783e-07 
191 5.528584924419989e-06 
7725 8.022105588439575e-07 
9736 4.010497906305718e-06 
2055 7.783018070839214e-06 
3788 4.6412058805816184e-06 
96 6.148487464191886e-06 
2430 1.436450072009497e-05 
9988 5.534503818328761e-06 
2594 2.0552332945369614e-06 
1760 5.333844104561121e-06 
7079 5.436704228195759e-06 
1718 5.55363725259402e-06 
1070 5.016315455169639e-06 
1520 5.541072234131896e-06 
1230 5.614037921670052e-06 
1446 5.541371181818473e-06 
9522 5.584135635377074e-06 
6166 5.414790738149807e-06 
640 5.317807914481728e-06 
5652 5.483978598092577e-06 
6411 5.512149815975561e-06 
7243 5.533518635552569e-06 
9207 5.004848310847215e-06 
9243 5.6463778862456195e-06 
2473 5.547160443184374e-06 
3616 5.166818172814945e-06 
2015 5.322669671061194e-06 
1636 5.536916322036552e-06 
5729 1.312583371114982e-07 
8380 5.551496842080464e-06 
7377 5.515010817439431e-06 
3235 5.531627003086346e-06 
5281 4.474983969383279e-06 
4741 5.50462046955354e-06 
2627 5.565159944652369e-06 
8450 5.559673742758128e-06 
2710 5.542841387034796e-06 
390 5.162548570054646e-06 
6481 5.516681921741082e-06 
8360 5.876407546931762e-06 
9786 8.287022358387667e-07 
8754 2.280226649555364e-08 
4713 4.493562598203066e-06 
627 5.550213589161055e-06 
4194 5.52641423444385e-06 
1248 5.012521505768768e-06 
8737 5.361502925467446e-06 
4618 5.427855115208241e-06 
1936 5.608117627873639e-06 
6427 4.996877436414632e-06 
1533 5.3794999581365e-06 
8552 5.4676464537589515e-06 
8727 5.536804086714711e-06 
7657 5.494841512623492e-06 
8449 5.541670141977939e-06 
3375 5.536138920703223e-06 
591 5.588237743469231e-06 
6869 5.5400602304663455e-06 
9469 5.562061881187522e-06 
5786 4.407023573081724e-06 
6315 5.530143811263883e-06 
1028 8.176204353855817e-06 
473 5.5395744053138355e-06 
3248 7.011579027479246e-06 
5512 5.056645891619094e-06 
593 5.4252224418604565e-06 
6881 5.440998982630017e-06 
1023 5.568451038177236e-06 
5129 5.455027153288314e-06 
7110 5.781704209983547e-06 
6239 5.537350000932559e-06 
5996 3.2721300494104557e-06 
7236 5.521100436599292e-06 
9009 5.580725494251486e-06 
7345 4.513994599101375e-06 
3025 5.540463793484352e-06 
3405 5.016860578475575e-06 
6629 5.355524250102389e-06 
6283 5.542943820627825e-06 
7495 6.345158919117815e-06 
9104 5.881148190439971e-06 
2475 5.9072152884645835e-06 
2768 5.574481192639036e-06 
5886 5.561226111758536e-06 
8181 5.4166948451724305e-06 
8949 6.805572530271594e-06 
4043 5.539504930912861e-06 
1688 5.350459301231995e-06 
1187 5.424905514047439e-06 
6865 5.530840216268228e-06 
3898 5.5801797172146606e-06 
1910 3.506309133327168e-06 
140 5.731488561848442e-06 
8059 5.5006778548853375e-06 
7415 4.1215820893071555e-06 
2258 5.631710474329524e-06 
2987 5.529271627839894e-06 
559 5.297901095534674e-06 
4701 5.590822314478136e-06 
7323 5.551691664967811e-06 
917 5.543041769205179e-06 
8588 5.614916486487071e-06 
8879 5.384570350056684e-06 
8668 2.137016812754685e-06 
3141 5.4232219179549685e-06 
9107 5.4953692152506605e-06 
2488 8.151994460533815e-06 
1262 1.2301689960260457e-06 
2745 5.746359721258534e-06 
7855 5.5340726671249655e-06 
718 5.470309772957394e-06 
6896 5.256587278753508e-06 
6734 5.649249619297254e-06 
6618 5.586610542184976e-06 
8387 5.63859451439576e-06 
2271 5.660923822933249e-06 
3335 1.350075710443061e-06 
747 5.524781122065101e-06 
4445 5.539702838748374e-06 
1291 5.522919775099676e-06 
8558 5.377233418906253e-06 
2869 5.5775395117024514e-06 
2279 5.608483553158003e-06 
9322 5.350723563260006e-06 
101 5.355914044840842e-06 
1719 5.585467857349228e-06 
3384 5.517152120263173e-06 
6733 5.582390626607524e-06 
3912 5.5504670213892e-06 
6788 7.139000531414327e-06 
9059 5.539602047824578e-06 
7801 5.5404690574987555e-06 
7295 5.508755805736497e-06 
9519 5.550926841585288e-06 
7930 5.349031453796653e-06 
7163 5.539408696449963e-06 
505 5.713133525538392e-06 
88 5.460948561294691e-06 
601 5.433420839865714e-06 
7032 5.5337561436175515e-06 
2130 5.540044773673482e-06 
8383 5.7150942565262345e-06 
3716 5.49124221609538e-06 
2840 5.60033040313697e-06 
5740 5.525888563439443e-06 
9098 5.480367864771523e-06 
6428 5.571414651607036e-06 
6950 5.547098263125537e-06 
9528 5.496919608838447e-06 
27 5.574289957889844e-06 
2486 5.397919084185772e-06 
2918 5.557252842767366e-06 
4338 6.794618728884957e-06 
202 5.452562834851887e-06 
5205 5.502302799525258e-06 
5226 7.571811319031373e-06 
2228 5.540714651835972e-06 
3281 5.552253649006193e-06 
8493 6.1525846292680955e-06 
8545 5.021238505670475e-06 
1984 5.589488990895838e-06 
3794 4.4030553162578135e-06 
4770 5.540897754953892e-06 
303 5.5370590384292515e-06 
9087 5.52166394306011e-06 
3007 5.8655034497916236e-06 
1089 5.543015363635565e-06 
9836 5.9541958330972395e-06 
2005 4.2138952787090085e-06 
2064 5.488389967703663e-06 
5714 4.796831415329115e-06 
1989 5.532368806937361e-06 
7000 5.35862629869251e-06 
3875 5.516636128667498e-06 
3217 5.595740415590502e-06 
1136 4.897626104131409e-06 
3578 5.58951153743566e-06 
7807 5.304491272269542e-06 
5513 5.689259853938366e-06 
194 5.531737465577704e-06 
8303 5.587744808984815e-06 
9911 5.703807557465336e-06 
5751 5.5036626049367615e-06 
8419 5.609827127306785e-06 
7339 5.556222613029903e-06 
4652 5.542706587697338e-06 
3146 5.60937363975595e-06 
8649 5.944515162020451e-06 
9230 5.533396288638867e-06 
9963 5.51831600049638e-06 
538 5.553419752177219e-06 
1327 5.432406986632654e-06 
9796 1.1915940079013207e-06 
1050 6.643377683716342e-06 
6979 5.5709133126445475e-06 
1462 5.510304239664505e-06 
7815 5.574595920456035e-06 
2915 7.357792581721011e-06 
1464 5.8214761116266285e-06 
4423 7.037310304590855e-06 
8302 5.574293685813974e-06 
6321 6.265153433375912e-06 
1135 5.5406436447200825e-06 
3048 5.03254573273843e-06 
7971 5.54008642894649e-06 
8806 4.286868738535994e-06 
5260 5.461257402716212e-06 
9152 5.5449828970486506e-06 
7570 2.3087876105320853e-06 
9912 5.52666347168516e-06 
359 5.506879031047672e-06 
9257 5.555643253921684e-06 
6384 5.5859833769452695e-06 
2434 5.494863702101227e-06 
4966 5.445269951299026e-06 
2693 3.780711008181343e-06 
3971 5.516570792843752e-06 
6961 6.1680287393634375e-06 
879 5.423702638062085e-06 
5505 5.527740429437671e-06 
6577 5.554475772616812e-06 
694 7.3427494294564166e-06 
5024 5.428550575446049e-06 
750 5.49207522682905e-06 
6828 5.4335115627758576e-06 
1287 5.530877807203782e-06 
2401 5.803121892578773e-06 
8031 5.629975273819578e-06 
9448 5.516962091428532e-06 
6564 5.565227876171659e-06 
6150 5.6192132985352106e-06 
5023 5.53306252425353e-06 
2217 5.628500717262731e-06 
7242 4.843630793204267e-06 
1673 5.500865898861306e-06 
2413 5.189079581859966e-06 
3149 5.5255443498869575e-06 
6107 5.531575794236603e-06 
4509 5.638487878539638e-06 
5517 3.1981210385191027e-06 
6935 5.278668236852116e-06 
7023 6.8373734708599795e-06 
3833 5.556285399076186e-06 
8882 5.406724938190451e-06 
111 5.559757789199029e-06 
408 4.973490792983518e-06 
2827 5.589458742686937e-06 
9282 5.430387980267529e-06 
351 4.10288950406939e-06 
2131 4.185245124720815e-06 
680 5.684430052067809e-06 
317 5.931522401439277e-06 
2212 5.556999546708261e-06 
951 3.923313857837263e-06 
5750 5.463156046534742e-06 
8427 4.62109430382226e-06 
9128 5.4902484080438575e-06 
2556 5.547557255900377e-06 
7078 5.9662654890454895e-06 
5409 5.53175094970721e-06 
4352 5.5986840602501064e-06 
8468 5.7236537520293775e-06 
8819 4.898525280356831e-06 
5244 5.392437939510914e-06 
1006 5.731807400550345e-06 
2676 5.493173378469952e-06 
6414 5.377558544729791e-06 
7452 5.5977525142797076e-06 
7805 5.438162036644238e-06 
1932 5.3962046163989965e-06 
887 8.606444014444249e-07 
5535 5.63005665830977e-06 
4492 6.219580285147982e-06 
1869 5.539944125051038e-06 
5014 5.667886173910288e-06 
9640 5.684422714474427e-06 
7764 5.649659446031073e-06 
5555 5.5198650347914255e-06 
1454 5.5599123528701695e-06 
8838 5.743262565346106e-06 
5506 5.5288754397292345e-06 
2388 5.47052894577286e-06 
5020 5.881579390246464e-06 
3269 4.486583273013871e-06 
5132 5.5726556820555035e-06 
4827 5.540047324153725e-06 
5501 5.556242657515966e-06 
3783 5.32483097999687e-06 
5948 1.586087071737859e-06 
8508 5.628875278133978e-06 
9456 5.550935957296981e-06 
4853 5.553054432181435e-06 
5114 5.55620511236573e-06 
9838 5.565637468899645e-06 
6348 5.546792895322628e-06 
2802 5.598361025865863e-06 
2655 7.324076014158766e-06 
9895 5.578066957141516e-06 
5197 5.835793022280415e-06 
245 5.518355884416146e-06 
2115 5.532200191830671e-06 
2498 5.478916281272549e-06 
2966 6.19108597857542e-06 
8506 5.549169139519962e-06 
2215 5.97010756988399e-06 
5268 5.537401653035701e-06 
4426 5.5536890884646095e-06 
3725 5.5526486102943075e-06 
4768 5.571164469656401e-06 
8275 5.3061864991910444e-06 
1225 3.4833783481536333e-06 
2632 1.0438471400339808e-06 
3999 5.7796668325253644e-06 
2814 5.523170792523412e-06 
832 5.568984576072923e-06 
1391 5.337970585271053e-06 
7825 5.241171020128431e-06 
9747 5.565583385293994e-06 
2067 5.50005368044513e-06 
3782 4.563605750152131e-06 
2912 5.495522789673041e-06 
8299 4.4177155626993565e-06 
5912 5.538190001764972e-06 
8306 5.600377161934683e-06 
9288 5.538112048300578e-06 
1822 5.680402753134663e-06 
6975 5.671338382317151e-06 
739 4.6611429004710125e-06 
8973 6.739289613447479e-06 
4122 5.685044423585783e-06 
2225 5.535432398525908e-06 
3628 5.74830626556106e-06 
4308 4.073905899594718e-06 
2628 7.073694473437424e-06 
9085 5.310850902232654e-06 
74 5.554384071581081e-06 
5000 5.52472765132392e-06 
8854 5.747663695495571e-06 
4141 5.578400788365441e-06 
1596 5.627998259534138e-06 
8065 6.630532205918334e-06 
1935 5.531557751440222e-06 
6652 5.320997694420153e-06 
3215 5.671509382690978e-06 
610 5.523130642429095e-06 
2698 5.795940191338392e-06 
9900 5.573479679412442e-06 
7508 5.574339381291855e-06 
4356 5.603385702132799e-06 
4214 5.5342242791181196e-06 
2622 5.353886550427525e-06 
4305 5.475803866502094e-06 
9787 5.929302899302851e-06 
1364 5.5787861619369946e-06 
7938 5.785345132462414e-06 
9135 5.810914407600405e-06 
5854 8.715174418613467e-06 
7532 5.536330616319489e-06 
9040 5.545097327035791e-06 
7767 5.900815534329113e-06 
7920 4.753261426004508e-06 
7560 5.528085092407855e-06 
4642 6.0273521954956375e-06 
5191 5.727083559600992e-06 
1690 7.990368897299558e-07 
1456 5.590951441601848e-06 
1731 5.643612185455171e-06 
3314 6.1471655571156756e-06 
6970 5.513343084090637e-06 
7293 5.5366391086243205e-06 
114 1.0019520083169383e-05 
1855 5.419156673036942e-06 
8135 5.576334183863067e-06 
897 4.497270339573392e-06 
9351 5.529509769258855e-06 
7084 5.6771243098718275e-06 
9724 5.525494918508635e-06 
5085 5.55003400559943e-06 
9140 5.698599318917072e-06 
1289 5.6845511189119035e-06 
4472 5.0953539121962695e-06 
6951 5.363079437079216e-06 
4896 6.078333795946955e-06 
8200 5.8643863918833465e-06 
1111 4.296196413586088e-06 
4973 5.534852086157709e-06 
1272 5.612838350536892e-06 
1850 6.210759727376009e-06 
9683 6.232940770598751e-06 
4838 4.202159710989261e-06 
757 3.5331052994547533e-06 
6409 5.51437481178039e-06 
9424 5.5463319768671454e-06 
1319 4.586712406736316e-06 
3644 5.504816521386997e-06 
1011 7.198491690995503e-06 
8902 5.620624864890772e-06 
2707 5.625659611536705e-06 
6860 5.520208270031369e-06 
9653 5.464058597448529e-06 
8269 5.54213402228149e-06 
4817 5.543202922350949e-06 
808 5.893616454944519e-06 
2568 5.518079692261407e-06 
9878 5.5615813976982165e-06 
6302 5.559830097419943e-06 
7929 4.813591578717041e-06 
4117 5.539068377211179e-06 
8261 5.4322211636657536e-06 
7612 1.5541013727950924e-06 
7159 5.492814455257937e-06 
7678 5.189331746214818e-06 
8094 7.567316459032697e-06 
7309 5.549495040353384e-06 
1184 3.899977524073646e-06 
1866 4.094096501238158e-06 
1423 5.2577077858740205e-06 
2257 5.445822124805053e-06 
8128 5.509639708302681e-06 
604 5.53307353077709e-06 
6817 5.642643844722306e-06 
1950 5.632643507296835e-06 
2976 5.543508305851896e-06 
9593 5.524228839858596e-06 
7785 6.170559016565795e-06 
1075 5.537398687977196e-06 
4845 5.5566880216583015e-06 
1924 5.550351373775299e-06 
7068 5.532962477479621e-06 
7198 5.660385586982372e-06 
9740 5.5296936377866525e-06 
4437 5.512443038264774e-06 
9461 5.475215001166179e-06 
8172 6.251447302209083e-06 
3377 9.371571062294173e-06 
7888 6.287547811354341e-06 
9615 6.762688435653484e-06 
3537 5.752724853574543e-06 
2807 5.275852070048374e-06 
3011 6.0087386033431145e-06 
8538 5.518391845572199e-06 
1896 5.473764490606504e-06 
2356 1.877864110711793e-06 
9048 4.947934477218993e-06 
2027 5.529340296899237e-06 
6387 3.40281009906265e-06 
4259 5.485759347379469e-06 
7342 5.435860618706838e-06 
1468 5.389962720560444e-06 
8734 5.535548541764928e-06 
4943 4.865517863803183e-06 
8274 1.7957502014097038e-06 
5857 5.472331668634726e-06 
7326 5.702386126830855e-06 
446 5.527321575987725e-06 
6226 6.49242723632808e-06 
2419 5.510400145207375e-06 
533 5.617431654355416e-06 
5923 5.522444522163682e-06 
870 5.472431280521108e-06 
8363 5.598678407054423e-06 
6802 5.495021549753892e-06 
7918 5.514836317199301e-06 
1809 1.3037073644253596e-07 
5070 5.398343551357272e-06 
4568 5.520265216620522e-06 
5366 7.551859702804925e-06 
8055 2.940744202318052e-06 
5880 3.345135726971467e-07 
3934 5.30692383959504e-06 
370 5.5939245306194985e-06 
5577 4.110473862779868e-06 
8168 4.665388442108632e-06 
459 5.523435801950179e-06 
1573 5.86560736457087e-06 
5664 5.533559396053097e-06 
5680 1.6321171902584644e-06 
20 5.393046676444152e-06 
5824 5.778632509533887e-06 
6808 5.6380418639367735e-06 
8994 5.568555386449831e-06 
3853 5.546125687263847e-06 
4669 5.805834260024584e-06 
5467 5.545663455632881e-06 
3978 2.0742748092704383e-06 
8851 3.978064360897659e-06 
8981 5.548078012167918e-06 
5806 5.18401977126121e-06 
1616 5.566623834534461e-06 
9034 5.1285191793395665e-06 
4765 5.2001517669927255e-06 
4482 5.600430215793885e-06 
3858 5.526263448026947e-06 
7818 6.063020267001832e-06 
4012 5.5385146908797065e-06 
873 5.447306798820513e-06 
6413 5.592679143660394e-06 
6731 5.527371281126473e-06 
7727 2.542403278903595e-06 
2222 5.332407390927903e-06 
1842 7.087178128552543e-06 
1902 5.564337899497421e-06 
5796 5.4676512438610865e-06 
5220 5.45654446189342e-06 
9834 5.604504137931322e-06 
954 5.660310727920638e-06 
9502 5.533236695829772e-06 
9044 4.559481949995239e-06 
7974 7.186140351407843e-06 
7978 5.54440132203917e-06 
3812 4.910123318743116e-06 
2028 5.536981734092013e-06 
1041 5.48707076581286e-06 
3466 5.541030352797752e-06 
4895 5.527036583855303e-06 
4407 6.113175833613752e-06 
3172 5.892578921132403e-06 
2810 2.1714835656941823e-06 
371 5.514582761785102e-06 
1683 5.872211607095558e-06 
8998 2.5114721481528926e-06 
9091 5.611257895706075e-06 
803 5.531748288125996e-06 
7256 5.5230233430688875e-06 
2592 2.3702351857670585e-06 
2521 5.6468918620998826e-06 
1071 1.732457163011853e-06 
6819 5.577269613041746e-06 
2415 5.4178953659190615e-06 
1613 5.5507150561925785e-06 
6749 5.575235614330494e-06 
2718 5.533936671684855e-06 
3282 5.568600780644594e-06 
4443 5.846362561180701e-06 
7829 6.755155414093658e-06 
1216 5.651690146539086e-06 
4273 5.620806830516011e-06 
7816 3.1168893778822556e-06 
5236 5.494292395503673e-06 
6452 2.1265433800891063e-07 
5816 6.725558460188122e-06 
7987 1.3423375745086416e-06 
4057 5.559596722156229e-06 
4653 4.95142221064547e-06 
2957 5.4364855584039685e-06 
9547 7.92711975497018e-06 
2543 5.549243003932989e-06 
1415 5.567090119828257e-06 
1998 3.093216640463873e-06 
6611 6.061225585398781e-06 
1697 5.44453610913388e-06 
5090 4.501884481341842e-06 
1129 5.6818042751546e-06 
2708 5.692268801919757e-06 
18 6.452256154843277e-06 
3930 5.610222311582228e-06 
8960 5.498000172647925e-06 
4749 5.556361532021777e-06 
8069 5.4417384576540145e-06 
1508 5.5785455130506715e-06 
2308 5.5068079977275205e-06 
889 5.531878859681296e-06 
7597 3.815820027968279e-06 
7300 5.131672377518323e-06 
6010 5.195152480463042e-06 
4788 5.471562639611031e-06 
9126 6.464811853679614e-06 
7941 9.81577282048668e-06 
8003 6.0028222933430795e-06 
3324 5.539168561358288e-06 
5955 5.5477260953724045e-06 
3881 5.3456693488961885e-06 
2978 5.627376638560833e-06 
6557 4.856693789424373e-06 
1403 2.232470743576513e-08 
3669 6.350843233015967e-06 
6628 5.5479209030196655e-06 
5586 6.457263578898346e-06 
2772 5.532438501072504e-06 
9071 6.213285000495119e-06 
7879 5.538021957393591e-06 
7588 1.6388043080129937e-06 
7302 4.339100368398048e-06 
1600 4.158982729110941e-06 
2284 5.181976601915754e-06 
6454 5.782451967584869e-06 
9317 5.548502112583469e-06 
834 1.8737673322133407e-06 
4044 5.6345699962289736e-06 
752 7.030544451009061e-06 
7999 5.566011278118238e-06 
7515 5.533555193003135e-06 
2833 6.268692965290556e-06 
5102 5.51089690040922e-06 
2166 6.282194942013942e-06 
5981 5.665428291480196e-06 
2953 5.467827646049395e-06 
5016 5.477509969127768e-06 
7203 5.546313835212661e-06 
7331 2.8213349888459113e-06 
7730 5.5536430406662625e-06 
9960 6.357383234425881e-06 
6697 5.314202620097012e-06 
1872 1.1763369102047723e-06 
9079 5.555056218773665e-06 
7668 5.50916370128463e-06 
9999 5.616894714646204e-06 
8696 5.340814024099357e-06 
7230 5.2048163780577046e-06 
1035 5.579868509991689e-06 
8904 5.953719395828482e-06 
8711 5.537213110271858e-06 
4696 4.459051841303225e-06 
8322 3.528901850111335e-06 
7812 6.3492180988898745e-06 
3841 5.412607634311839e-06 
4502 5.450679170339645e-06 
9459 5.820671967858554e-06 
8839 5.503941149956645e-06 
4187 5.801256373425222e-06 
3239 5.566942217716093e-06 
3096 5.580540308487402e-06 
2728 5.310246874971094e-06 
2290 5.551652008442529e-06 
4033 6.219369229000453e-06 
1516 5.5567086068618016e-06 
7131 5.530036651778283e-06 
7488 4.152276839181133e-06 
4914 5.767611054327795e-06 
3678 5.535892160389509e-06 
4179 5.550330368265681e-06 
5584 5.637502939353015e-06 
1824 5.322083989021893e-06 
4681 5.506241919502513e-06 
3980 5.5528976082727705e-06 
7905 5.917016164075201e-06 
9002 5.546855708493181e-06 
9580 5.517664890331114e-06 
7961 5.527519868964702e-06 
6700 5.543687810327303e-06 
6110 6.028741485186849e-06 
2756 5.519675958217854e-06 
399 5.540801384434651e-06 
1341 5.391482307453136e-06 
7492 6.2613747838214165e-06 
6382 5.53219054182506e-06 
686 5.297227333633214e-06 
1199 5.610788967090951e-06 
5338 5.548331498495623e-06 
6442 5.512620707777193e-06 
6633 1.5040277377326518e-05 
8609 5.572864125504815e-06 
7498 8.181846075324163e-06 
1078 5.53737514360725e-06 
6661 5.4227504970210465e-06 
432 5.536031166947988e-06 
8263 5.5753596674584815e-06 
9520 4.257070160797707e-06 
7577 5.536109863679418e-06 
3948 5.634051247805379e-06 
8229 5.52895299824477e-06 
8847 6.832572847994275e-06 
1292 5.528499226524719e-06 
864 6.287780726539745e-06 
4919 5.4667942751973184e-06 
5378 5.724169260769152e-06 
9553 4.405376896470251e-06 
7137 5.510067497235337e-06 
7877 4.076374223595734e-06 
7371 5.528922735052839e-06 
1692 5.328030814727105e-06 
3264 5.449109976151021e-06 
3968 5.512305031239361e-06 
3680 3.871155603961198e-07 
9343 1.806369336683137e-06 
2668 6.884567159132775e-06 
3943 6.541581750992923e-06 
8550 5.5162020419121155e-06 
7209 5.492476445038685e-06 
5068 5.534965153166273e-06 
8374 5.543344920482919e-06 
8961 5.873101800290335e-06 
2933 5.419468854157323e-06 
3071 5.529481879864116e-06 
4418 5.351274780911747e-06 
4207 5.590384803574034e-06 
445 5.154926071468839e-06 
4285 5.46601299912876e-06 
2746 5.576042669030847e-06 
5737 5.549891498494347e-06 
3529 9.374560381370236e-07 
4916 5.3629853853692614e-06 
811 5.516014826492623e-06 
4514 4.271213486167093e-06 
7675 5.486682739697244e-06 
8934 5.979180104266487e-06 
5774 6.247472984328007e-06 
7034 5.60702925836219e-06 
9184 5.50933007200362e-06 
3023 5.600513985551251e-06 
3962 2.4285353244383094e-06 
7563 6.333990819346644e-06 
5208 5.484863847841877e-06 
298 5.550189790513504e-06 
3688 1.6896948549358277e-07 
3087 5.538791627155239e-06 
881 5.534726927213462e-06 
8396 4.238676793972405e-06 
1912 5.536038284832474e-06 
8138 5.804845232973211e-06 
6507 5.558992886578148e-06 
6031 5.580318972049855e-06 
9698 6.519151153406732e-06 
1554 1.6931271399687413e-05 
9102 5.506553378912002e-06 
9706 5.292682487410819e-06 
4955 5.318534772593806e-06 
7951 5.916938831611516e-06 
32 5.705822140654488e-06 
381 5.529978027043099e-06 
7416 5.621149807247965e-06 
8126 6.040289770667501e-06 
9717 5.536443686432156e-06 
1477 4.5265386953473615e-06 
9825 1.0810169611743002e-05 
9313 5.389351207612945e-06 
7871 2.303588976144116e-06 
699 5.447436339948961e-06 
1785 5.555064428973283e-06 
3793 5.834900881572057e-06 
7993 6.446569742391084e-06 
7747 5.841069413127577e-06 
3642 5.654190552815186e-06 
5377 5.593807138788531e-06 
5284 5.5886250015556855e-06 
1010 5.591943622346986e-06 
3942 5.459502877033376e-06 
5294 5.524924326756924e-06 
2515 5.5329987780244935e-06 
7651 5.091374334323021e-06 
1708 5.535562457298095e-06 
5290 5.5428458857812685e-06 
7249 6.78961509426911e-06 
3741 5.581664797109125e-06 
3921 5.522889566260042e-06 
7006 5.505167542140572e-06 
4795 5.54920503438896e-06 
8828 5.421446057816588e-06 
130 6.085751541574341e-06 
8843 5.485058379191104e-06 
4078 4.027529681492334e-06 
2877 5.524810334493509e-06 
7976 1.7833715788446686e-06 
6850 7.755482701967904e-06 
8875 5.596766802381355e-06 
3082 5.5666610127398266e-06 
4658 1.272268435001953e-07 
4103 2.106064643951306e-06 
220 5.719768084165754e-06 
75 5.549507776939994e-06 
8323 5.575143461756881e-06 
200 5.548804495301094e-06 
6815 5.535010161725419e-06 
6346 8.377373554107902e-06 
4665 6.808344053715993e-06 
180 5.5419227268326e-06 
9780 5.544627902364412e-06 
3120 1.9811746099790687e-06 
395 5.557019335577085e-06 
9753 3.9658221779032265e-06 
844 5.521330417258651e-06 
1003 5.548016329652622e-06 
2117 5.521340366221915e-06 
7021 5.2552852031014425e-06 
7517 5.223826958404068e-06 
1882 4.125424467970833e-06 
2958 5.6659645303901336e-06 
1093 6.251848252745407e-06 
2867 5.497880562436399e-06 
4655 4.623249735951249e-06 
9673 5.404243244165475e-06 
920 1.680308693333093e-06 
1948 5.5461308203818015e-06 
1765 6.0352918194296606e-06 
2658 5.760403237923628e-07 
655 5.387617163017994e-06 
6143 5.850047416400202e-06 
4306 5.561634867613087e-06 
8852 4.694846770745037e-06 
7298 5.540074537992841e-06 
6324 5.478481064565514e-06 
2321 5.336195180684109e-06 
5042 6.2830206009865986e-06 
8437 5.524549984011737e-06 
2929 6.468067192528465e-06 
4279 5.54690774104795e-06 
4989 5.585572375517108e-06 
5211 5.5120643118371175e-06 
3136 5.490305535792103e-06 
748 5.531935182159253e-06 
1700 5.350200132792662e-06 
683 5.284490227768822e-06 
5468 5.5891767356384805e-06 
