0 0 5 1 1
0 1 10 1 1
0 2 9 1 1
0 3 1 1 1
0 4 8 1 1
0 5 3 1 1
0 6 7 1 1
0 7 4 1 1
0 8 9 1 1
0 9 8 1 1
0 10 1 1 1
0 11 1 1 1
0 12 9 1 1
0 13 6 1 1
0 14 7 1 1
0 15 2 1 1
0 16 4 1 1
0 17 7 1 1
0 18 9 1 1
0 19 2 1 1
0 20 9 1 1
0 21 8 1 1
0 22 7 1 1
0 23 10 1 1
0 24 10 1 1
0 25 6 1 1
0 26 1 1 1
0 27 10 1 1
0 28 8 1 1
0 29 2 1 1
0 30 8 1 1
0 31 3 1 1
0 32 1 1 1
0 33 7 1 1
0 34 9 1 1
0 35 10 1 1
0 36 4 1 1
0 37 3 1 1
0 38 7 1 1
0 39 9 1 1
0 40 1 1 1
0 41 10 1 1
0 42 3 1 1
0 43 10 1 1
0 44 5 1 1
0 45 2 1 1
0 46 4 1 1
0 47 9 1 1
0 48 2 1 1
0 49 5 1 1
0 50 3 1 1
0 51 10 1 1
0 52 4 1 1
0 53 10 1 1
0 54 8 1 1
0 55 4 1 1
0 56 1 1 1
0 57 4 1 1
0 58 1 1 1
0 59 4 1 1
0 60 4 1 1
0 61 7 1 1
0 62 8 1 1
0 63 1 1 1
1 0 6 1 1
1 1 2 1 1
1 2 5 1 1
1 3 4 1 1
1 4 5 1 1
1 5 3 1 1
1 6 10 1 1
1 7 2 1 1
1 8 7 1 1
1 9 7 1 1
1 10 10 1 1
1 11 5 1 1
1 12 3 1 1
1 13 2 1 1
1 14 1 1 1
1 15 9 1 1
1 16 2 1 1
1 17 3 1 1
1 18 4 1 1
1 19 8 1 1
1 20 5 1 1
1 21 4 1 1
1 22 10 1 1
1 23 9 1 1
1 24 4 1 1
1 25 9 1 1
1 26 1 1 1
1 27 3 1 1
1 28 4 1 1
1 29 4 1 1
1 30 3 1 1
1 31 10 1 1
1 32 9 1 1
1 33 1 1 1
1 34 1 1 1
1 35 5 1 1
1 36 6 1 1
1 37 7 1 1
1 38 2 1 1
1 39 3 1 1
1 40 8 1 1
1 41 9 1 1
1 42 7 1 1
1 43 5 1 1
1 44 1 1 1
1 45 6 1 1
1 46 6 1 1
1 47 3 1 1
1 48 1 1 1
1 49 6 1 1
1 50 1 1 1
1 51 1 1 1
1 52 8 1 1
1 53 9 1 1
1 54 2 1 1
1 55 8 1 1
1 56 6 1 1
1 57 3 1 1
1 58 5 1 1
1 59 10 1 1
1 60 2 1 1
1 61 7 1 1
1 62 1 1 1
1 63 4 1 1
2 0 3 1 1
2 1 5 1 1
2 2 8 1 1
2 3 4 1 1
2 4 4 1 1
2 5 4 1 1
2 6 5 1 1
2 7 3 1 1
2 8 4 1 1
2 9 7 1 1
2 10 7 1 1
2 11 6 1 1
2 12 1 1 1
2 13 8 1 1
2 14 4 1 1
2 15 7 1 1
2 16 3 1 1
2 17 7 1 1
2 18 6 1 1
2 19 4 1 1
2 20 7 1 1
2 21 10 1 1
2 22 1 1 1
2 23 8 1 1
2 24 2 1 1
2 25 4 1 1
2 26 6 1 1
2 27 5 1 1
2 28 3 1 1
2 29 4 1 1
2 30 8 1 1
2 31 4 1 1
2 32 3 1 1
2 33 7 1 1
2 34 3 1 1
2 35 2 1 1
2 36 1 1 1
2 37 6 1 1
2 38 6 1 1
2 39 2 1 1
2 40 3 1 1
2 41 3 1 1
2 42 5 1 1
2 43 10 1 1
2 44 4 1 1
2 45 10 1 1
2 46 1 1 1
2 47 1 1 1
2 48 10 1 1
2 49 10 1 1
2 50 4 1 1
2 51 2 1 1
2 52 3 1 1
2 53 2 1 1
2 54 1 1 1
2 55 3 1 1
2 56 10 1 1
2 57 6 1 1
2 58 5 1 1
2 59 8 1 1
2 60 1 1 1
2 61 7 1 1
2 62 3 1 1
2 63 1 1 1
3 0 1 1 1
3 1 3 1 1
3 2 1 1 1
3 3 6 1 1
3 4 8 1 1
3 5 7 1 1
3 6 5 1 1
3 7 10 1 1
3 8 6 1 1
3 9 8 1 1
3 10 1 1 1
3 11 5 1 1
3 12 3 1 1
3 13 8 1 1
3 14 8 1 1
3 15 6 1 1
3 16 7 1 1
3 17 9 1 1
3 18 5 1 1
3 19 1 1 1
3 20 9 1 1
3 21 8 1 1
3 22 6 1 1
3 23 8 1 1
3 24 8 1 1
3 25 2 1 1
3 26 1 1 1
3 27 2 1 1
3 28 5 1 1
3 29 2 1 1
3 30 10 1 1
3 31 7 1 1
3 32 5 1 1
3 33 10 1 1
3 34 10 1 1
3 35 5 1 1
3 36 2 1 1
3 37 1 1 1
3 38 3 1 1
3 39 10 1 1
3 40 6 1 1
3 41 2 1 1
3 42 6 1 1
3 43 1 1 1
3 44 3 1 1
3 45 7 1 1
3 46 10 1 1
3 47 4 1 1
3 48 9 1 1
3 49 6 1 1
3 50 10 1 1
3 51 6 1 1
3 52 1 1 1
3 53 7 1 1
3 54 4 1 1
3 55 2 1 1
3 56 3 1 1
3 57 5 1 1
3 58 1 1 1
3 59 7 1 1
3 60 4 1 1
3 61 2 1 1
3 62 2 1 1
3 63 1 1 1
4 0 3 1 1
4 1 9 1 1
4 2 8 1 1
4 3 6 1 1
4 4 4 1 1
4 5 4 1 1
4 6 7 1 1
4 7 4 1 1
4 8 4 1 1
4 9 10 1 1
4 10 7 1 1
4 11 10 1 1
4 12 10 1 0
4 13 1 1 1
4 14 8 1 1
4 15 2 1 1
4 16 1 1 1
4 17 7 1 1
4 18 7 1 1
4 19 2 1 1
4 20 6 1 1
4 21 3 1 1
4 22 3 1 1
4 23 9 1 1
4 24 7 1 1
4 25 10 1 1
4 26 10 1 1
4 27 7 1 1
4 28 4 1 1
4 29 4 1 1
4 30 10 1 1
4 31 8 1 1
4 32 3 1 1
4 33 9 1 1
4 34 3 1 1
4 35 8 1 1
4 36 7 1 1
4 37 3 1 1
4 38 7 1 1
4 39 8 1 1
4 40 10 1 1
4 41 2 1 1
4 42 10 1 1
4 43 10 1 1
4 44 6 1 1
4 45 10 1 1
4 46 1 1 1
4 47 5 1 1
4 48 1 1 1
4 49 2 1 1
4 50 2 1 1
4 51 9 1 1
4 52 1 1 1
4 53 5 1 1
4 54 9 1 1
4 55 2 1 1
4 56 2 1 1
4 57 8 1 1
4 58 7 1 1
4 59 10 1 1
4 60 10 1 1
4 61 2 1 1
4 62 4 1 1
4 63 5 1 1
5 0 7 1 1
5 1 1 1 1
5 2 10 1 1
5 3 8 1 1
5 4 7 1 1
5 5 7 1 1
5 6 2 1 1
5 7 3 1 1
5 8 7 1 1
5 9 5 1 1
5 10 3 1 1
5 11 8 1 1
5 12 6 1 1
5 13 5 1 1
5 14 4 1 1
5 15 6 1 1
5 16 10 1 1
5 17 9 1 1
5 18 6 1 1
5 19 5 1 1
5 20 5 1 1
5 21 9 1 1
5 22 8 1 1
5 23 2 1 1
5 24 4 1 1
5 25 1 1 1
5 26 1 1 1
5 27 5 1 1
5 28 10 1 1
5 29 2 1 1
5 30 6 1 1
5 31 2 1 1
5 32 9 1 1
5 33 4 1 1
5 34 1 1 1
5 35 10 1 1
5 36 3 1 1
5 37 8 1 1
5 38 1 1 1
5 39 5 1 1
5 40 5 1 1
5 41 7 1 1
5 42 3 1 1
5 43 10 1 1
5 44 3 1 1
5 45 7 1 1
5 46 6 1 1
5 47 4 1 1
5 48 2 1 1
5 49 10 1 1
5 50 4 1 1
5 51 6 1 1
5 52 1 1 1
5 53 8 1 1
5 54 8 1 1
5 55 7 1 1
5 56 7 1 1
5 57 5 1 1
5 58 3 1 1
5 59 4 1 1
5 60 9 1 1
5 61 7 1 1
5 62 6 1 1
5 63 7 1 1
6 0 4 1 1
6 1 8 1 1
6 2 4 1 1
6 3 8 1 1
6 4 6 1 1
6 5 7 1 1
6 6 2 1 0
6 7 2 1 1
6 8 1 1 1
6 9 7 1 1
6 10 1 1 1
6 11 10 1 1
6 12 7 1 1
6 13 7 1 1
6 14 6 1 1
6 15 8 1 1
6 16 2 1 1
6 17 8 1 1
6 18 9 1 1
6 19 1 1 1
6 20 5 1 1
6 21 5 1 0
6 22 8 1 1
6 23 5 1 1
6 24 5 1 1
6 25 7 1 1
6 26 8 1 1
6 27 6 1 1
6 28 8 1 1
6 29 7 1 1
6 30 4 1 1
6 31 3 1 1
6 32 5 1 1
6 33 3 1 1
6 34 3 1 1
6 35 1 1 1
6 36 9 1 1
6 37 9 1 1
6 38 2 1 1
6 39 1 1 1
6 40 10 1 1
6 41 6 1 1
6 42 1 1 1
6 43 2 1 1
6 44 7 1 1
6 45 8 1 1
6 46 1 1 1
6 47 9 1 1
6 48 6 1 1
6 49 6 1 1
6 50 7 1 1
6 51 1 1 1
6 52 1 1 1
6 53 10 1 1
6 54 8 1 1
6 55 2 1 1
6 56 4 1 1
6 57 9 1 1
6 58 1 1 1
6 59 9 1 1
6 60 3 1 1
6 61 8 1 1
6 62 8 1 1
6 63 1 1 1
7 0 5 1 1
7 1 2 1 1
7 2 3 1 1
7 3 1 1 1
7 4 2 1 1
7 5 5 1 1
7 6 5 1 1
7 7 4 1 1
7 8 3 1 1
7 9 6 1 1
7 10 2 1 1
7 11 3 1 1
7 12 3 1 1
7 13 10 1 1
7 14 7 1 1
7 15 3 1 1
7 16 10 1 1
7 17 2 1 1
7 18 8 1 1
7 19 8 1 1
7 20 4 1 1
7 21 8 1 1
7 22 3 1 1
7 23 1 1 1
7 24 10 1 1
7 25 7 1 1
7 26 4 1 1
7 27 1 1 1
7 28 6 1 1
7 29 9 1 1
7 30 8 1 1
7 31 2 1 1
7 32 1 1 1
7 33 8 1 1
7 34 1 1 1
7 35 1 1 1
7 36 5 1 1
7 37 8 1 1
7 38 9 1 1
7 39 5 1 1
7 40 2 1 1
7 41 1 1 1
7 42 5 1 1
7 43 1 1 1
7 44 1 1 1
7 45 8 1 1
7 46 7 1 1
7 47 8 1 1
7 48 8 1 1
7 49 2 1 1
7 50 5 1 1
7 51 8 1 1
7 52 2 1 1
7 53 4 1 1
7 54 6 1 1
7 55 3 1 1
7 56 1 1 1
7 57 8 1 1
7 58 2 1 1
7 59 3 1 1
7 60 4 1 1
7 61 10 1 1
7 62 5 1 1
7 63 10 1 1
8 0 7 1 1
8 1 6 1 1
8 2 9 1 1
8 3 9 1 1
8 4 3 1 1
8 5 8 1 1
8 6 4 1 1
8 7 10 1 1
8 8 9 1 1
8 9 7 1 1
8 10 8 1 1
8 11 7 1 1
8 12 5 1 1
8 13 4 1 1
8 14 5 1 1
8 15 5 1 1
8 16 5 1 1
8 17 2 1 1
8 18 4 1 1
8 19 3 1 1
8 20 1 1 1
8 21 3 1 1
8 22 2 1 1
8 23 9 1 1
8 24 6 1 1
8 25 2 1 1
8 26 3 1 1
8 27 1 1 1
8 28 9 1 1
8 29 2 1 1
8 30 5 1 1
8 31 5 1 1
8 32 2 1 1
8 33 4 1 1
8 34 3 1 1
8 35 6 1 1
8 36 5 1 1
8 37 2 1 1
8 38 10 1 1
8 39 9 1 1
8 40 9 1 1
8 41 1 1 1
8 42 9 1 1
8 43 4 1 1
8 44 3 1 1
8 45 2 1 1
8 46 8 1 1
8 47 3 1 1
8 48 6 1 1
8 49 10 1 1
8 50 3 1 1
8 51 9 1 1
8 52 10 1 1
8 53 5 1 1
8 54 3 1 1
8 55 7 1 1
8 56 5 1 1
8 57 6 1 1
8 58 9 1 1
8 59 1 1 1
8 60 9 1 1
8 61 9 1 1
8 62 5 1 1
8 63 2 1 1
9 0 7 1 1
9 1 8 1 1
9 2 2 1 1
9 3 6 1 1
9 4 3 1 1
9 5 10 1 1
9 6 9 1 1
9 7 1 1 1
9 8 8 1 1
9 9 5 1 1
9 10 8 1 1
9 11 10 1 1
9 12 6 1 1
9 13 3 1 1
9 14 4 1 1
9 15 9 1 1
9 16 3 1 1
9 17 2 1 1
9 18 6 1 1
9 19 8 1 1
9 20 9 1 1
9 21 8 1 1
9 22 1 1 1
9 23 10 1 1
9 24 6 1 1
9 25 5 1 1
9 26 10 1 1
9 27 8 1 1
9 28 2 1 1
9 29 9 1 1
9 30 7 1 1
9 31 10 1 1
9 32 3 1 1
9 33 6 1 1
9 34 7 1 1
9 35 3 1 1
9 36 7 1 1
9 37 5 1 1
9 38 4 1 1
9 39 3 1 1
9 40 2 1 1
9 41 1 1 1
9 42 3 1 1
9 43 4 1 1
9 44 3 1 1
9 45 2 1 1
9 46 5 1 1
9 47 3 1 1
9 48 4 1 1
9 49 4 1 1
9 50 1 1 1
9 51 2 1 1
9 52 9 1 1
9 53 9 1 1
9 54 5 1 1
9 55 9 1 1
9 56 6 1 1
9 57 8 1 1
9 58 4 1 1
9 59 8 1 1
9 60 6 1 1
9 61 10 1 1
9 62 8 1 1
9 63 5 1 0
10 0 8 1 1
10 1 5 1 1
10 2 6 1 1
10 3 5 1 1
10 4 6 1 1
10 5 3 1 1
10 6 6 1 1
10 7 2 1 1
10 8 3 1 1
10 9 10 1 1
10 10 9 1 1
10 11 2 1 1
10 12 7 1 1
10 13 8 1 1
10 14 6 1 1
10 15 1 1 1
10 16 4 1 1
10 17 4 1 1
10 18 1 1 1
10 19 5 1 1
10 20 1 1 1
10 21 10 1 1
10 22 6 1 1
10 23 1 1 1
10 24 8 1 1
10 25 5 1 1
10 26 6 1 1
10 27 10 1 1
10 28 10 1 1
10 29 6 1 1
10 30 9 1 1
10 31 1 1 1
10 32 3 1 1
10 33 10 1 1
10 34 3 1 1
10 35 1 1 1
10 36 2 1 1
10 37 3 1 1
10 38 10 1 1
10 39 6 1 1
10 40 6 1 1
10 41 7 1 1
10 42 1 1 1
10 43 1 1 1
10 44 7 1 1
10 45 2 1 1
10 46 10 1 1
10 47 1 1 1
10 48 8 1 1
10 49 8 1 1
10 50 1 1 1
10 51 10 1 1
10 52 5 1 1
10 53 5 1 1
10 54 10 1 1
10 55 3 1 1
10 56 8 1 1
10 57 7 1 1
10 58 3 1 1
10 59 10 1 1
10 60 1 1 1
10 61 8 1 1
10 62 6 1 1
10 63 10 1 1
11 0 4 1 1
11 1 9 1 1
11 2 1 1 1
11 3 8 1 1
11 4 8 1 1
11 5 6 1 1
11 6 8 1 1
11 7 4 1 1
11 8 5 1 1
11 9 1 1 1
11 10 5 1 1
11 11 2 1 1
11 12 6 1 1
11 13 10 1 1
11 14 4 1 1
11 15 2 1 1
11 16 5 1 1
11 17 1 1 1
11 18 6 1 1
11 19 8 1 1
11 20 10 1 1
11 21 4 1 1
11 22 8 1 1
11 23 10 1 1
11 24 1 1 1
11 25 5 1 1
11 26 6 1 1
11 27 2 1 1
11 28 4 1 1
11 29 2 1 1
11 30 3 1 1
11 31 6 1 1
11 32 3 1 1
11 33 3 1 1
11 34 9 1 1
11 35 9 1 1
11 36 10 1 1
11 37 5 1 1
11 38 4 1 1
11 39 10 1 1
11 40 1 1 1
11 41 1 1 1
11 42 2 1 1
11 43 5 1 1
11 44 8 1 1
11 45 5 1 1
11 46 3 1 1
11 47 8 1 1
11 48 10 1 1
11 49 8 1 1
11 50 10 1 1
11 51 6 1 1
11 52 2 1 1
11 53 10 1 1
11 54 6 1 1
11 55 2 1 1
11 56 1 1 1
11 57 3 1 1
11 58 9 1 1
11 59 10 1 1
11 60 9 1 1
11 61 4 1 1
11 62 10 1 1
11 63 8 1 1
12 0 9 1 1
12 1 8 1 1
12 2 1 1 1
12 3 1 1 1
12 4 1 1 1
12 5 3 1 1
12 6 7 1 1
12 7 7 1 1
12 8 5 1 1
12 9 9 1 1
12 10 10 1 1
12 11 8 1 1
12 12 7 1 1
12 13 10 1 1
12 14 3 1 1
12 15 6 1 1
12 16 10 1 1
12 17 2 1 1
12 18 9 1 1
12 19 1 1 1
12 20 9 1 1
12 21 7 1 1
12 22 5 1 1
12 23 3 1 1
12 24 9 1 1
12 25 2 1 1
12 26 3 1 1
12 27 9 1 1
12 28 3 1 1
12 29 9 1 1
12 30 8 1 1
12 31 5 1 1
12 32 1 1 1
12 33 1 1 1
12 34 1 1 1
12 35 5 1 1
12 36 4 1 1
12 37 5 1 1
12 38 5 1 1
12 39 10 1 1
12 40 4 1 1
12 41 3 1 1
12 42 9 1 1
12 43 10 1 1
12 44 2 1 1
12 45 1 1 1
12 46 8 1 1
12 47 6 1 1
12 48 6 1 1
12 49 10 1 1
12 50 4 1 1
12 51 6 1 1
12 52 7 1 1
12 53 5 1 1
12 54 6 1 1
12 55 1 1 1
12 56 9 1 1
12 57 3 1 1
12 58 9 1 1
12 59 1 1 1
12 60 5 1 1
12 61 7 1 1
12 62 1 1 1
12 63 5 1 1
13 0 9 1 1
13 1 6 1 1
13 2 9 1 1
13 3 7 1 1
13 4 3 1 1
13 5 2 1 1
13 6 9 1 1
13 7 8 1 1
13 8 7 1 1
13 9 4 1 1
13 10 3 1 1
13 11 10 1 1
13 12 6 1 1
13 13 4 1 1
13 14 3 1 1
13 15 9 1 1
13 16 1 1 1
13 17 7 1 1
13 18 6 1 1
13 19 9 1 1
13 20 1 1 1
13 21 8 1 1
13 22 5 1 1
13 23 8 1 1
13 24 9 1 1
13 25 7 1 0
13 26 8 1 1
13 27 4 1 1
13 28 5 1 1
13 29 3 1 1
13 30 5 1 1
13 31 7 1 1
13 32 10 1 1
13 33 1 1 1
13 34 1 1 1
13 35 8 1 1
13 36 6 1 1
13 37 5 1 1
13 38 8 1 1
13 39 4 1 1
13 40 6 1 1
13 41 8 1 1
13 42 4 1 1
13 43 6 1 1
13 44 2 1 1
13 45 5 1 1
13 46 6 1 1
13 47 1 1 1
13 48 6 1 1
13 49 6 1 1
13 50 3 1 1
13 51 7 1 1
13 52 2 1 1
13 53 8 1 1
13 54 1 1 1
13 55 2 1 1
13 56 1 1 1
13 57 8 1 1
13 58 9 1 1
13 59 1 1 1
13 60 5 1 1
13 61 5 1 1
13 62 10 1 1
13 63 5 1 1
14 0 7 1 1
14 1 8 1 1
14 2 1 1 1
14 3 5 1 1
14 4 3 1 1
14 5 2 1 1
14 6 10 1 1
14 7 8 1 1
14 8 4 1 1
14 9 1 1 1
14 10 2 1 1
14 11 9 1 1
14 12 10 1 1
14 13 8 1 1
14 14 1 1 1
14 15 8 1 1
14 16 4 1 1
14 17 2 1 1
14 18 2 1 1
14 19 2 1 1
14 20 5 1 1
14 21 5 1 1
14 22 8 1 1
14 23 5 1 1
14 24 10 1 1
14 25 2 1 1
14 26 6 1 1
14 27 3 1 1
14 28 6 1 1
14 29 2 1 1
14 30 6 1 1
14 31 6 1 1
14 32 4 1 1
14 33 6 1 1
14 34 4 1 1
14 35 10 1 1
14 36 10 1 1
14 37 9 1 1
14 38 3 1 1
14 39 8 1 1
14 40 6 1 1
14 41 8 1 1
14 42 10 1 1
14 43 6 1 1
14 44 8 1 1
14 45 1 1 1
14 46 4 1 1
14 47 2 1 1
14 48 10 1 1
14 49 2 1 1
14 50 1 1 1
14 51 8 1 1
14 52 8 1 1
14 53 7 1 1
14 54 3 1 1
14 55 1 1 1
14 56 8 1 1
14 57 6 1 1
14 58 9 1 1
14 59 7 1 1
14 60 3 1 1
14 61 8 1 1
14 62 3 1 1
14 63 4 1 1
15 0 6 1 1
15 1 10 1 1
15 2 1 1 1
15 3 10 1 1
15 4 10 1 1
15 5 9 1 1
15 6 2 1 1
15 7 8 1 0
15 8 1 1 1
15 9 5 1 1
15 10 7 1 1
15 11 6 1 1
15 12 8 1 1
15 13 6 1 1
15 14 3 1 1
15 15 3 1 1
15 16 7 1 1
15 17 7 1 1
15 18 5 1 1
15 19 2 1 1
15 20 4 1 1
15 21 10 1 1
15 22 9 1 1
15 23 5 1 1
15 24 5 1 1
15 25 8 1 1
15 26 4 1 1
15 27 10 1 1
15 28 2 1 1
15 29 10 1 1
15 30 4 1 1
15 31 4 1 1
15 32 7 1 1
15 33 4 1 1
15 34 7 1 1
15 35 4 1 1
15 36 6 1 1
15 37 5 1 1
15 38 4 1 1
15 39 10 1 1
15 40 10 1 1
15 41 5 1 1
15 42 1 1 1
15 43 7 1 1
15 44 3 1 1
15 45 1 1 1
15 46 9 1 1
15 47 6 1 1
15 48 2 1 1
15 49 2 1 1
15 50 4 1 1
15 51 2 1 1
15 52 10 1 1
15 53 1 1 1
15 54 2 1 1
15 55 7 1 1
15 56 9 1 1
15 57 5 1 1
15 58 7 1 1
15 59 8 1 1
15 60 1 1 1
15 61 5 1 1
15 62 1 1 1
15 63 5 1 1
16 0 2 1 1
16 1 9 1 1
16 2 2 1 1
16 3 10 1 1
16 4 9 1 1
16 5 3 1 1
16 6 2 1 1
16 7 10 1 1
16 8 6 1 1
16 9 5 1 1
16 10 10 1 1
16 11 8 1 1
16 12 2 1 1
16 13 3 1 1
16 14 1 1 1
16 15 6 1 1
16 16 2 1 1
16 17 8 1 1
16 18 10 1 1
16 19 10 1 1
16 20 1 1 1
16 21 10 1 1
16 22 9 1 1
16 23 4 1 1
16 24 2 1 1
16 25 7 1 1
16 26 9 1 1
16 27 9 1 1
16 28 6 1 1
16 29 6 1 1
16 30 8 1 1
16 31 10 1 1
16 32 10 1 1
16 33 4 1 1
16 34 1 1 1
16 35 1 1 1
16 36 10 1 1
16 37 8 1 1
16 38 7 1 1
16 39 4 1 1
16 40 8 1 1
16 41 4 1 1
16 42 4 1 1
16 43 7 1 1
16 44 7 1 1
16 45 3 1 1
16 46 4 1 1
16 47 5 1 1
16 48 9 1 1
16 49 8 1 1
16 50 1 1 1
16 51 1 1 1
16 52 6 1 1
16 53 2 1 1
16 54 3 1 1
16 55 2 1 1
16 56 10 1 1
16 57 8 1 1
16 58 1 1 1
16 59 10 1 1
16 60 7 1 1
16 61 7 1 1
16 62 4 1 1
16 63 9 1 1
17 0 7 1 1
17 1 6 1 1
17 2 7 1 1
17 3 3 1 1
17 4 7 1 1
17 5 2 1 1
17 6 1 1 1
17 7 8 1 1
17 8 5 1 1
17 9 10 1 1
17 10 2 1 1
17 11 5 1 1
17 12 7 1 1
17 13 4 1 1
17 14 8 1 1
17 15 9 1 1
17 16 4 1 1
17 17 7 1 1
17 18 7 1 1
17 19 4 1 1
17 20 5 1 1
17 21 7 1 1
17 22 7 1 1
17 23 10 1 1
17 24 10 1 1
17 25 4 1 1
17 26 8 1 1
17 27 8 1 1
17 28 6 1 1
17 29 9 1 1
17 30 6 1 1
17 31 10 1 1
17 32 2 1 1
17 33 5 1 1
17 34 6 1 1
17 35 3 1 1
17 36 8 1 1
17 37 7 1 1
17 38 4 1 1
17 39 10 1 1
17 40 8 1 1
17 41 2 1 1
17 42 1 1 1
17 43 6 1 1
17 44 7 1 1
17 45 3 1 1
17 46 1 1 1
17 47 4 1 1
17 48 2 1 1
17 49 10 1 1
17 50 2 1 1
17 51 10 1 1
17 52 7 1 1
17 53 3 1 1
17 54 6 1 1
17 55 1 1 1
17 56 8 1 1
17 57 3 1 1
17 58 6 1 1
17 59 4 1 1
17 60 2 1 1
17 61 1 1 1
17 62 8 1 1
17 63 9 1 1
18 0 8 1 1
18 1 7 1 1
18 2 5 1 1
18 3 5 1 1
18 4 6 1 1
18 5 2 1 1
18 6 6 1 1
18 7 1 1 1
18 8 8 1 1
18 9 7 1 1
18 10 8 1 1
18 11 2 1 1
18 12 9 1 1
18 13 4 1 1
18 14 5 1 1
18 15 2 1 1
18 16 1 1 1
18 17 3 1 1
18 18 3 1 1
18 19 5 1 1
18 20 5 1 1
18 21 2 1 1
18 22 8 1 1
18 23 3 1 1
18 24 4 1 1
18 25 8 1 1
18 26 9 1 1
18 27 2 1 1
18 28 3 1 1
18 29 8 1 1
18 30 8 1 1
18 31 9 1 1
18 32 5 1 1
18 33 8 1 1
18 34 4 1 1
18 35 7 1 1
18 36 4 1 1
18 37 2 1 1
18 38 6 1 1
18 39 6 1 1
18 40 9 1 1
18 41 1 1 1
18 42 3 1 1
18 43 10 1 1
18 44 5 1 1
18 45 7 1 1
18 46 7 1 0
18 47 1 1 1
18 48 2 1 1
18 49 3 1 1
18 50 9 1 1
18 51 2 1 1
18 52 1 1 1
18 53 2 1 1
18 54 2 1 1
18 55 4 1 1
18 56 3 1 1
18 57 3 1 1
18 58 2 1 1
18 59 8 1 1
18 60 4 1 1
18 61 2 1 1
18 62 9 1 1
18 63 7 1 1
19 0 4 1 1
19 1 4 1 1
19 2 1 1 1
19 3 1 1 1
19 4 7 1 1
19 5 10 1 1
19 6 8 1 1
19 7 10 1 1
19 8 1 1 1
19 9 4 1 1
19 10 3 1 1
19 11 9 1 1
19 12 3 1 1
19 13 4 1 1
19 14 3 1 1
19 15 5 1 1
19 16 6 1 1
19 17 4 1 1
19 18 2 1 1
19 19 10 1 1
19 20 5 1 1
19 21 5 1 1
19 22 1 1 1
19 23 1 1 1
19 24 5 1 1
19 25 5 1 1
19 26 8 1 1
19 27 5 1 1
19 28 8 1 1
19 29 2 1 1
19 30 9 1 1
19 31 5 1 1
19 32 3 1 1
19 33 4 1 1
19 34 7 1 1
19 35 10 1 1
19 36 10 1 1
19 37 7 1 1
19 38 7 1 1
19 39 2 1 1
19 40 9 1 1
19 41 3 1 1
19 42 4 1 1
19 43 6 1 1
19 44 5 1 1
19 45 9 1 1
19 46 6 1 1
19 47 10 1 1
19 48 2 1 1
19 49 1 1 1
19 50 7 1 1
19 51 5 1 1
19 52 7 1 1
19 53 6 1 1
19 54 1 1 1
19 55 1 1 1
19 56 8 1 1
19 57 4 1 1
19 58 6 1 1
19 59 3 1 1
19 60 2 1 1
19 61 5 1 1
19 62 10 1 1
19 63 8 1 1
20 0 7 1 1
20 1 8 1 1
20 2 9 1 1
20 3 3 1 1
20 4 9 1 1
20 5 1 1 1
20 6 6 1 1
20 7 3 1 1
20 8 1 1 1
20 9 7 1 1
20 10 9 1 1
20 11 5 1 1
20 12 6 1 1
20 13 1 1 1
20 14 4 1 1
20 15 4 1 1
20 16 1 1 1
20 17 7 1 1
20 18 3 1 1
20 19 1 1 1
20 20 10 1 1
20 21 5 1 1
20 22 4 1 1
20 23 9 1 1
20 24 9 1 1
20 25 3 1 1
20 26 3 1 1
20 27 7 1 1
20 28 5 1 1
20 29 2 1 1
20 30 5 1 1
20 31 4 1 1
20 32 6 1 1
20 33 5 1 1
20 34 8 1 1
20 35 5 1 1
20 36 1 1 1
20 37 5 1 1
20 38 3 1 1
20 39 9 1 1
20 40 4 1 1
20 41 3 1 1
20 42 10 1 1
20 43 9 1 1
20 44 1 1 1
20 45 7 1 1
20 46 2 1 1
20 47 2 1 1
20 48 4 1 1
20 49 9 1 1
20 50 6 1 1
20 51 5 1 1
20 52 10 1 1
20 53 2 1 1
20 54 10 1 1
20 55 10 1 1
20 56 10 1 1
20 57 5 1 1
20 58 7 1 1
20 59 3 1 1
20 60 5 1 1
20 61 10 1 1
20 62 3 1 1
20 63 4 1 1
21 0 9 1 1
21 1 6 1 1
21 2 5 1 1
21 3 2 1 1
21 4 5 1 1
21 5 6 1 1
21 6 9 1 1
21 7 4 1 1
21 8 9 1 1
21 9 1 1 1
21 10 9 1 1
21 11 3 1 1
21 12 2 1 1
21 13 9 1 1
21 14 9 1 1
21 15 7 1 1
21 16 9 1 1
21 17 1 1 1
21 18 7 1 1
21 19 10 1 1
21 20 4 1 1
21 21 3 1 1
21 22 1 1 1
21 23 10 1 1
21 24 9 1 1
21 25 6 1 1
21 26 10 1 1
21 27 9 1 1
21 28 1 1 1
21 29 9 1 1
21 30 10 1 1
21 31 9 1 1
21 32 1 1 1
21 33 9 1 1
21 34 5 1 1
21 35 1 1 1
21 36 8 1 1
21 37 9 1 1
21 38 2 1 1
21 39 4 1 1
21 40 8 1 1
21 41 6 1 1
21 42 2 1 1
21 43 1 1 1
21 44 8 1 1
21 45 3 1 1
21 46 10 1 1
21 47 1 1 1
21 48 9 1 1
21 49 6 1 1
21 50 2 1 1
21 51 10 1 1
21 52 4 1 1
21 53 3 1 1
21 54 4 1 1
21 55 4 1 1
21 56 9 1 1
21 57 9 1 1
21 58 4 1 1
21 59 2 1 1
21 60 1 1 1
21 61 6 1 1
21 62 7 1 1
21 63 6 1 1
22 0 7 1 1
22 1 5 1 1
22 2 10 1 1
22 3 2 1 1
22 4 1 1 1
22 5 8 1 1
22 6 5 1 1
22 7 1 1 1
22 8 7 1 1
22 9 8 1 1
22 10 9 1 1
22 11 2 1 1
22 12 5 1 1
22 13 1 1 1
22 14 5 1 1
22 15 9 1 1
22 16 1 1 1
22 17 1 1 1
22 18 10 1 1
22 19 3 1 1
22 20 4 1 1
22 21 7 1 1
22 22 9 1 1
22 23 10 1 1
22 24 2 1 1
22 25 7 1 1
22 26 7 1 1
22 27 8 1 1
22 28 5 1 1
22 29 2 1 1
22 30 10 1 1
22 31 7 1 1
22 32 4 1 1
22 33 10 1 1
22 34 8 1 1
22 35 6 1 1
22 36 3 1 1
22 37 5 1 1
22 38 5 1 1
22 39 1 1 1
22 40 7 1 1
22 41 3 1 1
22 42 6 1 1
22 43 1 1 1
22 44 1 1 1
22 45 9 1 1
22 46 10 1 1
22 47 9 1 1
22 48 1 1 1
22 49 2 1 1
22 50 8 1 1
22 51 1 1 1
22 52 10 1 1
22 53 1 1 1
22 54 2 1 1
22 55 6 1 1
22 56 3 1 1
22 57 4 1 1
22 58 8 1 1
22 59 10 1 1
22 60 5 1 1
22 61 8 1 1
22 62 10 1 1
22 63 4 1 1
23 0 9 1 1
23 1 5 1 1
23 2 6 1 1
23 3 9 1 1
23 4 6 1 1
23 5 9 1 1
23 6 9 1 0
23 7 9 1 1
23 8 4 1 1
23 9 9 1 1
23 10 1 1 1
23 11 3 1 1
23 12 2 1 1
23 13 9 1 1
23 14 7 1 1
23 15 4 1 1
23 16 4 1 1
23 17 4 1 1
23 18 10 1 1
23 19 10 1 1
23 20 3 1 1
23 21 2 1 1
23 22 8 1 1
23 23 6 1 1
23 24 4 1 1
23 25 9 1 1
23 26 9 1 1
23 27 1 1 1
23 28 2 1 1
23 29 7 1 1
23 30 7 1 1
23 31 10 1 1
23 32 7 1 1
23 33 7 1 1
23 34 2 1 1
23 35 4 1 1
23 36 2 1 1
23 37 1 1 1
23 38 9 1 1
23 39 5 1 1
23 40 7 1 1
23 41 10 1 1
23 42 9 1 1
23 43 1 1 1
23 44 1 1 1
23 45 8 1 1
23 46 5 1 1
23 47 8 1 1
23 48 9 1 1
23 49 4 1 1
23 50 4 1 1
23 51 1 1 1
23 52 8 1 1
23 53 2 1 1
23 54 9 1 1
23 55 5 1 1
23 56 2 1 1
23 57 5 1 1
23 58 2 1 1
23 59 4 1 1
23 60 3 1 1
23 61 9 1 1
23 62 8 1 1
23 63 3 1 1
24 0 4 1 1
24 1 9 1 1
24 2 10 1 1
24 3 1 1 1
24 4 6 1 1
24 5 7 1 1
24 6 1 1 1
24 7 6 1 1
24 8 1 1 1
24 9 6 1 1
24 10 6 1 1
24 11 2 1 1
24 12 10 1 1
24 13 4 1 1
24 14 2 1 1
24 15 10 1 1
24 16 2 1 1
24 17 1 1 1
24 18 9 1 1
24 19 3 1 1
24 20 4 1 1
24 21 5 1 1
24 22 4 1 1
24 23 6 1 1
24 24 3 1 1
24 25 5 1 1
24 26 6 1 1
24 27 8 1 1
24 28 3 1 1
24 29 2 1 1
24 30 2 1 1
24 31 8 1 1
24 32 4 1 1
24 33 10 1 1
24 34 1 1 1
24 35 5 1 1
24 36 9 1 1
24 37 1 1 1
24 38 1 1 1
24 39 7 1 1
24 40 2 1 1
24 41 8 1 1
24 42 9 1 1
24 43 3 1 1
24 44 6 1 1
24 45 10 1 1
24 46 2 1 1
24 47 6 1 1
24 48 5 1 1
24 49 9 1 1
24 50 6 1 1
24 51 10 1 1
24 52 5 1 1
24 53 10 1 1
24 54 3 1 1
24 55 6 1 1
24 56 6 1 1
24 57 4 1 1
24 58 2 1 1
24 59 2 1 1
24 60 9 1 1
24 61 4 1 1
24 62 2 1 1
24 63 4 1 1
25 0 4 1 1
25 1 3 1 1
25 2 10 1 1
25 3 1 1 1
25 4 2 1 1
25 5 5 1 1
25 6 10 1 1
25 7 6 1 1
25 8 5 1 1
25 9 10 1 1
25 10 9 1 1
25 11 3 1 1
25 12 2 1 1
25 13 2 1 0
25 14 1 1 1
25 15 4 1 1
25 16 9 1 1
25 17 9 1 1
25 18 9 1 1
25 19 1 1 1
25 20 1 1 1
25 21 3 1 1
25 22 4 1 1
25 23 1 1 1
25 24 5 1 1
25 25 4 1 1
25 26 9 1 1
25 27 9 1 1
25 28 10 1 1
25 29 1 1 1
25 30 8 1 1
25 31 5 1 1
25 32 3 1 1
25 33 6 1 1
25 34 5 1 1
25 35 6 1 1
25 36 9 1 1
25 37 8 1 1
25 38 3 1 1
25 39 7 1 1
25 40 2 1 1
25 41 9 1 1
25 42 3 1 1
25 43 10 1 1
25 44 1 1 1
25 45 3 1 1
25 46 4 1 1
25 47 8 1 1
25 48 2 1 1
25 49 7 1 1
25 50 4 1 1
25 51 7 1 1
25 52 6 1 1
25 53 10 1 1
25 54 3 1 1
25 55 9 1 1
25 56 5 1 1
25 57 4 1 1
25 58 2 1 1
25 59 4 1 1
25 60 2 1 1
25 61 8 1 1
25 62 3 1 1
25 63 7 1 1
26 0 6 1 1
26 1 1 1 1
26 2 10 1 1
26 3 2 1 1
26 4 5 1 1
26 5 9 1 1
26 6 8 1 1
26 7 1 1 1
26 8 10 1 1
26 9 7 1 1
26 10 10 1 1
26 11 9 1 1
26 12 4 1 1
26 13 6 1 1
26 14 1 1 1
26 15 4 1 1
26 16 8 1 1
26 17 1 1 1
26 18 3 1 1
26 19 10 1 1
26 20 2 1 1
26 21 4 1 1
26 22 3 1 1
26 23 8 1 1
26 24 4 1 1
26 25 7 1 1
26 26 6 1 1
26 27 3 1 1
26 28 6 1 1
26 29 9 1 1
26 30 7 1 1
26 31 8 1 1
26 32 8 1 1
26 33 6 1 1
26 34 2 1 1
26 35 1 1 1
26 36 9 1 1
26 37 3 1 1
26 38 2 1 1
26 39 9 1 1
26 40 6 1 1
26 41 9 1 1
26 42 4 1 1
26 43 1 1 1
26 44 2 1 1
26 45 7 1 1
26 46 8 1 1
26 47 7 1 1
26 48 5 1 1
26 49 10 1 1
26 50 7 1 1
26 51 5 1 1
26 52 4 1 1
26 53 6 1 1
26 54 3 1 1
26 55 3 1 1
26 56 8 1 1
26 57 5 1 1
26 58 4 1 1
26 59 3 1 1
26 60 1 1 1
26 61 7 1 1
26 62 7 1 1
26 63 3 1 1
27 0 4 1 1
27 1 7 1 1
27 2 9 1 1
27 3 7 1 1
27 4 3 1 1
27 5 3 1 1
27 6 7 1 1
27 7 7 1 1
27 8 2 1 1
27 9 3 1 1
27 10 7 1 1
27 11 8 1 1
27 12 9 1 1
27 13 3 1 1
27 14 7 1 1
27 15 8 1 1
27 16 3 1 1
27 17 6 1 1
27 18 9 1 1
27 19 7 1 1
27 20 5 1 1
27 21 9 1 1
27 22 1 1 1
27 23 1 1 1
27 24 6 1 1
27 25 6 1 1
27 26 7 1 1
27 27 7 1 1
27 28 3 1 1
27 29 9 1 1
27 30 10 1 1
27 31 1 1 1
27 32 10 1 1
27 33 6 1 1
27 34 2 1 1
27 35 4 1 1
27 36 6 1 1
27 37 6 1 1
27 38 8 1 1
27 39 10 1 1
27 40 3 1 1
27 41 4 1 1
27 42 4 1 1
27 43 3 1 1
27 44 1 1 1
27 45 4 1 1
27 46 9 1 1
27 47 4 1 1
27 48 5 1 1
27 49 8 1 1
27 50 2 1 1
27 51 5 1 1
27 52 8 1 1
27 53 1 1 1
27 54 5 1 1
27 55 10 1 1
27 56 3 1 1
27 57 5 1 1
27 58 6 1 1
27 59 9 1 1
27 60 9 1 1
27 61 8 1 1
27 62 2 1 1
27 63 2 1 1
28 0 1 1 1
28 1 2 1 1
28 2 6 1 1
28 3 4 1 1
28 4 10 1 1
28 5 9 1 1
28 6 4 1 1
28 7 4 1 1
28 8 1 1 1
28 9 4 1 1
28 10 1 1 1
28 11 4 1 1
28 12 3 1 1
28 13 2 1 1
28 14 8 1 1
28 15 5 1 1
28 16 8 1 1
28 17 9 1 1
28 18 3 1 1
28 19 2 1 1
28 20 9 1 1
28 21 9 1 1
28 22 9 1 1
28 23 4 1 1
28 24 8 1 1
28 25 10 1 1
28 26 7 1 1
28 27 6 1 1
28 28 6 1 1
28 29 10 1 1
28 30 3 1 1
28 31 7 1 1
28 32 3 1 1
28 33 10 1 1
28 34 9 1 1
28 35 7 1 1
28 36 4 1 1
28 37 6 1 1
28 38 9 1 1
28 39 3 1 1
28 40 8 1 1
28 41 10 1 1
28 42 1 1 1
28 43 8 1 1
28 44 4 1 1
28 45 2 1 1
28 46 7 1 1
28 47 3 1 1
28 48 7 1 1
28 49 8 1 1
28 50 8 1 1
28 51 3 1 1
28 52 2 1 1
28 53 9 1 1
28 54 6 1 1
28 55 8 1 1
28 56 5 1 1
28 57 3 1 1
28 58 9 1 1
28 59 6 1 1
28 60 7 1 1
28 61 9 1 1
28 62 6 1 1
28 63 7 1 1
29 0 10 1 1
29 1 4 1 1
29 2 3 1 1
29 3 9 1 1
29 4 7 1 1
29 5 9 1 1
29 6 10 1 1
29 7 5 1 1
29 8 10 1 1
29 9 9 1 1
29 10 4 1 1
29 11 8 1 1
29 12 10 1 1
29 13 7 1 1
29 14 5 1 1
29 15 2 1 1
29 16 10 1 1
29 17 2 1 1
29 18 8 1 1
29 19 3 1 1
29 20 1 1 1
29 21 9 1 1
29 22 3 1 1
29 23 7 1 1
29 24 6 1 1
29 25 6 1 1
29 26 6 1 1
29 27 9 1 1
29 28 5 1 1
29 29 5 1 1
29 30 7 1 1
29 31 4 1 1
29 32 7 1 1
29 33 5 1 1
29 34 2 1 1
29 35 9 1 1
29 36 10 1 1
29 37 3 1 1
29 38 3 1 1
29 39 3 1 1
29 40 10 1 1
29 41 6 1 1
29 42 10 1 1
29 43 7 1 1
29 44 5 1 1
29 45 8 1 1
29 46 3 1 1
29 47 1 1 1
29 48 8 1 1
29 49 8 1 1
29 50 2 1 1
29 51 5 1 1
29 52 7 1 1
29 53 8 1 1
29 54 2 1 1
29 55 1 1 1
29 56 3 1 1
29 57 7 1 1
29 58 5 1 1
29 59 10 1 1
29 60 4 1 1
29 61 8 1 1
29 62 5 1 1
29 63 10 1 1
30 0 9 1 1
30 1 3 1 1
30 2 8 1 1
30 3 7 1 1
30 4 6 1 1
30 5 9 1 1
30 6 3 1 1
30 7 1 1 1
30 8 7 1 1
30 9 8 1 1
30 10 2 1 1
30 11 1 1 1
30 12 4 1 1
30 13 6 1 1
30 14 9 1 1
30 15 9 1 1
30 16 7 1 1
30 17 9 1 1
30 18 3 1 1
30 19 6 1 1
30 20 10 1 1
30 21 8 1 1
30 22 4 1 1
30 23 2 1 1
30 24 6 1 1
30 25 7 1 1
30 26 4 1 1
30 27 2 1 1
30 28 6 1 1
30 29 4 1 1
30 30 8 1 1
30 31 6 1 1
30 32 4 1 1
30 33 6 1 1
30 34 6 1 1
30 35 1 1 1
30 36 5 1 1
30 37 1 1 1
30 38 3 1 1
30 39 10 1 1
30 40 6 1 1
30 41 1 1 1
30 42 4 1 1
30 43 6 1 1
30 44 3 1 1
30 45 8 1 1
30 46 3 1 1
30 47 7 1 1
30 48 9 1 1
30 49 5 1 1
30 50 10 1 1
30 51 3 1 1
30 52 10 1 1
30 53 9 1 1
30 54 7 1 1
30 55 6 1 1
30 56 5 1 1
30 57 10 1 1
30 58 2 1 1
30 59 2 1 1
30 60 1 1 1
30 61 8 1 1
30 62 4 1 1
30 63 6 1 1
31 0 3 1 1
31 1 9 1 1
31 2 1 1 1
31 3 1 1 1
31 4 6 1 1
31 5 1 1 1
31 6 9 1 1
31 7 9 1 1
31 8 10 1 1
31 9 1 1 1
31 10 1 1 1
31 11 3 1 1
31 12 8 1 1
31 13 7 1 1
31 14 1 1 1
31 15 1 1 1
31 16 10 1 1
31 17 4 1 1
31 18 3 1 1
31 19 7 1 1
31 20 5 1 1
31 21 3 1 1
31 22 6 1 1
31 23 3 1 1
31 24 8 1 1
31 25 4 1 1
31 26 2 1 1
31 27 9 1 1
31 28 6 1 1
31 29 2 1 1
31 30 4 1 1
31 31 3 1 1
31 32 9 1 1
31 33 9 1 1
31 34 7 1 1
31 35 1 1 1
31 36 6 1 1
31 37 10 1 1
31 38 8 1 1
31 39 5 1 1
31 40 6 1 1
31 41 3 1 1
31 42 1 1 1
31 43 6 1 1
31 44 7 1 1
31 45 10 1 1
31 46 1 1 1
31 47 3 1 1
31 48 7 1 1
31 49 3 1 1
31 50 1 1 1
31 51 6 1 1
31 52 8 1 1
31 53 7 1 1
31 54 8 1 1
31 55 8 1 1
31 56 8 1 1
31 57 7 1 1
31 58 2 1 1
31 59 10 1 1
31 60 1 1 1
31 61 5 1 1
31 62 7 1 1
31 63 2 1 1
32 0 6 1 1
32 1 9 1 1
32 2 9 1 1
32 3 5 1 1
32 4 3 1 1
32 5 6 1 1
32 6 3 1 1
32 7 2 1 1
32 8 9 1 1
32 9 5 1 1
32 10 2 1 1
32 11 5 1 1
32 12 10 1 1
32 13 2 1 1
32 14 6 1 1
32 15 2 1 1
32 16 5 1 1
32 17 3 1 1
32 18 10 1 1
32 19 4 1 1
32 20 1 1 1
32 21 2 1 1
32 22 10 1 1
32 23 8 1 1
32 24 9 1 1
32 25 3 1 1
32 26 4 1 1
32 27 3 1 1
32 28 7 1 1
32 29 3 1 1
32 30 3 1 1
32 31 7 1 1
32 32 10 1 1
32 33 4 1 1
32 34 10 1 1
32 35 10 1 1
32 36 9 1 1
32 37 2 1 1
32 38 3 1 1
32 39 9 1 1
32 40 10 1 1
32 41 1 1 1
32 42 4 1 1
32 43 2 1 1
32 44 10 1 1
32 45 7 1 1
32 46 4 1 1
32 47 6 1 1
32 48 1 1 1
32 49 10 1 1
32 50 3 1 1
32 51 3 1 1
32 52 5 1 1
32 53 5 1 1
32 54 8 1 1
32 55 8 1 1
32 56 3 1 1
32 57 10 1 1
32 58 10 1 1
32 59 1 1 1
32 60 1 1 1
32 61 8 1 1
32 62 5 1 1
32 63 9 1 1
33 0 1 1 1
33 1 2 1 1
33 2 10 1 1
33 3 3 1 1
33 4 2 1 1
33 5 9 1 1
33 6 5 1 1
33 7 3 1 1
33 8 4 1 1
33 9 6 1 1
33 10 2 1 1
33 11 7 1 1
33 12 1 1 1
33 13 5 1 1
33 14 4 1 1
33 15 10 1 1
33 16 1 1 1
33 17 3 1 1
33 18 10 1 1
33 19 8 1 1
33 20 8 1 1
33 21 6 1 1
33 22 3 1 1
33 23 2 1 1
33 24 4 1 1
33 25 9 1 1
33 26 6 1 1
33 27 6 1 1
33 28 2 1 1
33 29 4 1 1
33 30 8 1 1
33 31 6 1 1
33 32 3 1 1
33 33 9 1 1
33 34 7 1 1
33 35 9 1 1
33 36 9 1 1
33 37 8 1 1
33 38 9 1 1
33 39 1 1 1
33 40 10 1 1
33 41 5 1 1
33 42 3 1 1
33 43 4 1 1
33 44 1 1 1
33 45 4 1 1
33 46 7 1 1
33 47 9 1 1
33 48 10 1 1
33 49 2 1 1
33 50 10 1 1
33 51 3 1 1
33 52 7 1 1
33 53 8 1 1
33 54 9 1 1
33 55 4 1 1
33 56 5 1 1
33 57 5 1 1
33 58 5 1 1
33 59 2 1 1
33 60 9 1 1
33 61 7 1 1
33 62 1 1 1
33 63 10 1 1
34 0 4 1 1
34 1 10 1 1
34 2 9 1 1
34 3 7 1 1
34 4 10 1 1
34 5 10 1 1
34 6 3 1 1
34 7 5 1 1
34 8 8 1 1
34 9 10 1 1
34 10 8 1 1
34 11 8 1 0
34 12 1 1 1
34 13 2 1 1
34 14 8 1 1
34 15 9 1 1
34 16 4 1 1
34 17 3 1 1
34 18 9 1 1
34 19 4 1 1
34 20 6 1 1
34 21 7 1 1
34 22 9 1 1
34 23 6 1 1
34 24 5 1 1
34 25 5 1 1
34 26 4 1 1
34 27 8 1 1
34 28 2 1 1
34 29 6 1 1
34 30 6 1 1
34 31 3 1 1
34 32 6 1 1
34 33 9 1 1
34 34 1 1 1
34 35 2 1 1
34 36 7 1 1
34 37 6 1 1
34 38 10 1 1
34 39 1 1 1
34 40 8 1 1
34 41 6 1 1
34 42 5 1 1
34 43 3 1 1
34 44 1 1 1
34 45 1 1 1
34 46 5 1 1
34 47 8 1 1
34 48 5 1 1
34 49 8 1 1
34 50 8 1 1
34 51 8 1 1
34 52 4 1 1
34 53 1 1 1
34 54 2 1 1
34 55 3 1 1
34 56 5 1 1
34 57 7 1 1
34 58 9 1 1
34 59 7 1 1
34 60 4 1 1
34 61 8 1 1
34 62 4 1 1
34 63 3 1 1
35 0 3 1 1
35 1 7 1 1
35 2 6 1 1
35 3 2 1 1
35 4 2 1 1
35 5 9 1 1
35 6 6 1 1
35 7 8 1 1
35 8 4 1 1
35 9 9 1 1
35 10 1 1 1
35 11 9 1 1
35 12 9 1 1
35 13 8 1 1
35 14 7 1 1
35 15 6 1 1
35 16 1 1 1
35 17 2 1 1
35 18 4 1 1
35 19 5 1 1
35 20 4 1 1
35 21 3 1 1
35 22 8 1 1
35 23 8 1 1
35 24 2 1 1
35 25 2 1 1
35 26 4 1 1
35 27 7 1 1
35 28 8 1 1
35 29 3 1 1
35 30 9 1 1
35 31 8 1 1
35 32 2 1 1
35 33 9 1 1
35 34 5 1 1
35 35 5 1 1
35 36 9 1 1
35 37 3 1 1
35 38 5 1 1
35 39 2 1 1
35 40 4 1 1
35 41 2 1 1
35 42 10 1 1
35 43 3 1 1
35 44 3 1 1
35 45 2 1 1
35 46 3 1 1
35 47 10 1 1
35 48 1 1 1
35 49 8 1 1
35 50 2 1 1
35 51 7 1 1
35 52 4 1 1
35 53 9 1 1
35 54 1 1 1
35 55 6 1 1
35 56 5 1 1
35 57 9 1 1
35 58 9 1 1
35 59 6 1 1
35 60 1 1 1
35 61 4 1 1
35 62 6 1 1
35 63 5 1 1
36 0 2 1 1
36 1 2 1 1
36 2 3 1 1
36 3 1 1 1
36 4 7 1 1
36 5 1 1 1
36 6 9 1 1
36 7 7 1 1
36 8 4 1 1
36 9 8 1 1
36 10 5 1 1
36 11 1 1 1
36 12 9 1 1
36 13 5 1 1
36 14 10 1 1
36 15 1 1 1
36 16 4 1 1
36 17 1 1 1
36 18 1 1 1
36 19 7 1 1
36 20 5 1 1
36 21 10 1 1
36 22 7 1 1
36 23 7 1 1
36 24 3 1 1
36 25 5 1 1
36 26 8 1 1
36 27 4 1 1
36 28 8 1 1
36 29 7 1 1
36 30 6 1 1
36 31 7 1 1
36 32 5 1 1
36 33 1 1 1
36 34 5 1 1
36 35 7 1 1
36 36 4 1 1
36 37 5 1 1
36 38 10 1 1
36 39 7 1 1
36 40 10 1 1
36 41 4 1 1
36 42 10 1 1
36 43 2 1 1
36 44 5 1 1
36 45 9 1 1
36 46 2 1 1
36 47 5 1 1
36 48 2 1 1
36 49 4 1 1
36 50 7 1 1
36 51 2 1 1
36 52 3 1 1
36 53 2 1 1
36 54 10 1 1
36 55 9 1 1
36 56 1 1 1
36 57 7 1 1
36 58 2 1 1
36 59 8 1 1
36 60 4 1 1
36 61 3 1 1
36 62 7 1 1
36 63 4 1 1
37 0 6 1 1
37 1 1 1 1
37 2 3 1 1
37 3 2 1 1
37 4 8 1 1
37 5 2 1 1
37 6 3 1 1
37 7 6 1 1
37 8 9 1 1
37 9 1 1 1
37 10 10 1 1
37 11 3 1 1
37 12 5 1 1
37 13 5 1 1
37 14 6 1 1
37 15 9 1 1
37 16 10 1 1
37 17 10 1 1
37 18 8 1 1
37 19 1 1 1
37 20 9 1 1
37 21 8 1 1
37 22 10 1 1
37 23 8 1 1
37 24 6 1 1
37 25 9 1 1
37 26 8 1 1
37 27 5 1 1
37 28 9 1 1
37 29 2 1 1
37 30 1 1 1
37 31 1 1 1
37 32 2 1 1
37 33 6 1 1
37 34 7 1 1
37 35 1 1 1
37 36 6 1 1
37 37 4 1 1
37 38 7 1 1
37 39 6 1 1
37 40 2 1 1
37 41 1 1 1
37 42 7 1 1
37 43 9 1 1
37 44 4 1 1
37 45 1 1 1
37 46 2 1 1
37 47 2 1 1
37 48 10 1 1
37 49 7 1 1
37 50 8 1 1
37 51 5 1 1
37 52 8 1 1
37 53 5 1 1
37 54 1 1 1
37 55 3 1 1
37 56 10 1 1
37 57 9 1 1
37 58 8 1 1
37 59 2 1 1
37 60 5 1 1
37 61 3 1 1
37 62 8 1 1
37 63 4 1 1
38 0 5 1 1
38 1 2 1 1
38 2 1 1 1
38 3 3 1 1
38 4 1 1 1
38 5 3 1 1
38 6 8 1 1
38 7 1 1 1
38 8 5 1 1
38 9 5 1 1
38 10 3 1 1
38 11 7 1 1
38 12 9 1 1
38 13 10 1 1
38 14 10 1 1
38 15 1 1 1
38 16 7 1 1
38 17 1 1 1
38 18 5 1 1
38 19 2 1 1
38 20 3 1 1
38 21 1 1 1
38 22 7 1 1
38 23 8 1 1
38 24 3 1 1
38 25 1 1 1
38 26 3 1 1
38 27 9 1 1
38 28 10 1 1
38 29 10 1 1
38 30 9 1 1
38 31 1 1 1
38 32 6 1 1
38 33 7 1 1
38 34 2 1 1
38 35 10 1 1
38 36 6 1 1
38 37 2 1 1
38 38 3 1 1
38 39 4 1 1
38 40 4 1 1
38 41 2 1 1
38 42 10 1 1
38 43 1 1 1
38 44 8 1 1
38 45 10 1 1
38 46 6 1 1
38 47 6 1 1
38 48 2 1 1
38 49 8 1 1
38 50 10 1 1
38 51 10 1 1
38 52 4 1 1
38 53 9 1 1
38 54 2 1 1
38 55 10 1 1
38 56 8 1 1
38 57 4 1 1
38 58 7 1 1
38 59 2 1 1
38 60 5 1 1
38 61 3 1 1
38 62 2 1 1
38 63 10 1 1
39 0 5 1 1
39 1 10 1 1
39 2 3 1 1
39 3 4 1 1
39 4 9 1 1
39 5 4 1 1
39 6 10 1 1
39 7 9 1 1
39 8 6 1 1
39 9 3 1 1
39 10 10 1 1
39 11 4 1 1
39 12 9 1 1
39 13 8 1 1
39 14 3 1 1
39 15 8 1 1
39 16 1 1 1
39 17 10 1 1
39 18 4 1 1
39 19 4 1 1
39 20 7 1 1
39 21 6 1 1
39 22 4 1 1
39 23 2 1 1
39 24 5 1 1
39 25 2 1 1
39 26 6 1 1
39 27 6 1 1
39 28 10 1 1
39 29 2 1 1
39 30 3 1 1
39 31 9 1 1
39 32 5 1 1
39 33 6 1 1
39 34 6 1 1
39 35 8 1 1
39 36 2 1 1
39 37 2 1 1
39 38 8 1 1
39 39 9 1 1
39 40 3 1 1
39 41 2 1 1
39 42 2 1 1
39 43 8 1 1
39 44 1 1 1
39 45 3 1 1
39 46 2 1 1
39 47 5 1 1
39 48 1 1 1
39 49 1 1 1
39 50 3 1 1
39 51 9 1 1
39 52 10 1 1
39 53 5 1 1
39 54 9 1 1
39 55 7 1 1
39 56 5 1 1
39 57 9 1 1
39 58 4 1 1
39 59 6 1 1
39 60 2 1 1
39 61 2 1 1
39 62 2 1 1
39 63 5 1 1
40 0 5 1 1
40 1 4 1 1
40 2 10 1 1
40 3 9 1 1
40 4 10 1 1
40 5 4 1 1
40 6 10 1 1
40 7 9 1 1
40 8 4 1 1
40 9 4 1 1
40 10 2 1 1
40 11 1 1 1
40 12 10 1 1
40 13 4 1 0
40 14 1 1 1
40 15 7 1 1
40 16 9 1 1
40 17 6 1 1
40 18 2 1 1
40 19 2 1 1
40 20 4 1 1
40 21 10 1 1
40 22 6 1 1
40 23 2 1 1
40 24 9 1 1
40 25 6 1 1
40 26 10 1 1
40 27 1 1 1
40 28 7 1 1
40 29 6 1 1
40 30 5 1 1
40 31 7 1 1
40 32 6 1 1
40 33 4 1 1
40 34 3 1 1
40 35 10 1 1
40 36 1 1 1
40 37 3 1 1
40 38 7 1 1
40 39 8 1 1
40 40 6 1 1
40 41 3 1 1
40 42 5 1 1
40 43 5 1 1
40 44 3 1 1
40 45 4 1 1
40 46 6 1 1
40 47 7 1 1
40 48 1 1 1
40 49 7 1 1
40 50 4 1 1
40 51 5 1 1
40 52 8 1 1
40 53 2 1 1
40 54 7 1 1
40 55 3 1 1
40 56 6 1 1
40 57 7 1 1
40 58 5 1 1
40 59 7 1 1
40 60 4 1 1
40 61 1 1 1
40 62 2 1 1
40 63 4 1 1
41 0 10 1 1
41 1 8 1 1
41 2 6 1 1
41 3 10 1 1
41 4 9 1 1
41 5 4 1 1
41 6 7 1 1
41 7 9 1 1
41 8 7 1 1
41 9 5 1 1
41 10 1 1 1
41 11 7 1 1
41 12 6 1 1
41 13 1 1 1
41 14 8 1 1
41 15 3 1 1
41 16 8 1 1
41 17 3 1 1
41 18 9 1 1
41 19 9 1 1
41 20 10 1 1
41 21 7 1 1
41 22 1 1 1
41 23 6 1 1
41 24 2 1 1
41 25 1 1 1
41 26 9 1 1
41 27 2 1 1
41 28 7 1 1
41 29 2 1 1
41 30 7 1 1
41 31 9 1 1
41 32 6 1 1
41 33 2 1 1
41 34 1 1 1
41 35 1 1 1
41 36 9 1 1
41 37 6 1 1
41 38 5 1 1
41 39 10 1 1
41 40 7 1 1
41 41 8 1 1
41 42 3 1 0
41 43 1 1 1
41 44 2 1 1
41 45 6 1 1
41 46 9 1 1
41 47 5 1 1
41 48 10 1 1
41 49 7 1 1
41 50 6 1 1
41 51 4 1 1
41 52 8 1 1
41 53 2 1 1
41 54 1 1 1
41 55 5 1 1
41 56 3 1 1
41 57 8 1 1
41 58 8 1 1
41 59 3 1 1
41 60 7 1 1
41 61 4 1 3
41 62 3 1 1
41 63 10 1 1
42 0 4 1 1
42 1 7 1 1
42 2 2 1 1
42 3 6 1 1
42 4 4 1 1
42 5 8 1 1
42 6 1 1 1
42 7 5 1 1
42 8 3 1 1
42 9 4 1 1
42 10 10 1 1
42 11 2 1 1
42 12 4 1 1
42 13 6 1 1
42 14 2 1 1
42 15 10 1 1
42 16 6 1 1
42 17 7 1 1
42 18 4 1 1
42 19 6 1 1
42 20 6 1 1
42 21 6 1 1
42 22 10 1 1
42 23 10 1 1
42 24 2 1 1
42 25 9 1 1
42 26 2 1 1
42 27 10 1 1
42 28 1 1 1
42 29 8 1 1
42 30 2 1 1
42 31 6 1 1
42 32 7 1 1
42 33 5 1 1
42 34 6 1 1
42 35 3 1 1
42 36 4 1 1
42 37 6 1 1
42 38 5 1 1
42 39 2 1 1
42 40 1 1 1
42 41 8 1 1
42 42 7 1 1
42 43 6 1 1
42 44 6 1 1
42 45 3 1 1
42 46 7 1 1
42 47 10 1 1
42 48 7 1 1
42 49 7 1 1
42 50 4 1 1
42 51 10 1 1
42 52 10 1 1
42 53 10 1 1
42 54 2 1 1
42 55 6 1 1
42 56 6 1 1
42 57 10 1 1
42 58 6 1 1
42 59 6 1 1
42 60 6 1 1
42 61 10 1 1
42 62 3 1 1
42 63 1 1 1
43 0 8 1 1
43 1 7 1 1
43 2 9 1 1
43 3 2 1 1
43 4 7 1 1
43 5 2 1 1
43 6 7 1 1
43 7 6 1 1
43 8 1 1 1
43 9 3 1 1
43 10 7 1 1
43 11 2 1 1
43 12 6 1 1
43 13 5 1 1
43 14 10 1 1
43 15 2 1 1
43 16 3 1 1
43 17 1 1 1
43 18 6 1 1
43 19 7 1 1
43 20 2 1 1
43 21 4 1 1
43 22 10 1 1
43 23 3 1 1
43 24 8 1 1
43 25 8 1 1
43 26 6 1 1
43 27 6 1 1
43 28 4 1 1
43 29 3 1 1
43 30 6 1 1
43 31 7 1 1
43 32 9 1 1
43 33 10 1 1
43 34 6 1 1
43 35 4 1 1
43 36 5 1 1
43 37 3 1 1
43 38 4 1 1
43 39 1 1 1
43 40 7 1 1
43 41 8 1 1
43 42 10 1 1
43 43 1 1 1
43 44 1 1 1
43 45 10 1 1
43 46 2 1 1
43 47 4 1 1
43 48 8 1 1
43 49 5 1 1
43 50 9 1 1
43 51 6 1 1
43 52 10 1 1
43 53 6 1 1
43 54 1 1 1
43 55 8 1 1
43 56 3 1 1
43 57 7 1 1
43 58 5 1 1
43 59 10 1 1
43 60 1 1 1
43 61 6 1 1
43 62 1 1 1
43 63 9 1 1
44 0 10 1 1
44 1 7 1 1
44 2 9 1 1
44 3 10 1 1
44 4 5 1 1
44 5 2 1 1
44 6 3 1 1
44 7 5 1 1
44 8 9 1 1
44 9 1 1 1
44 10 6 1 1
44 11 6 1 1
44 12 9 1 1
44 13 3 1 1
44 14 3 1 1
44 15 6 1 1
44 16 9 1 1
44 17 4 1 1
44 18 7 1 1
44 19 1 1 1
44 20 3 1 1
44 21 6 1 1
44 22 4 1 1
44 23 8 1 1
44 24 2 1 1
44 25 5 1 1
44 26 4 1 1
44 27 4 1 1
44 28 7 1 1
44 29 2 1 1
44 30 4 1 1
44 31 10 1 1
44 32 7 1 1
44 33 9 1 1
44 34 6 1 1
44 35 1 1 1
44 36 5 1 1
44 37 4 1 1
44 38 6 1 1
44 39 2 1 1
44 40 4 1 1
44 41 1 1 1
44 42 3 1 1
44 43 2 1 1
44 44 6 1 1
44 45 8 1 1
44 46 3 1 1
44 47 5 1 1
44 48 10 1 1
44 49 4 1 1
44 50 1 1 1
44 51 5 1 1
44 52 6 1 1
44 53 7 1 1
44 54 6 1 1
44 55 9 1 1
44 56 1 1 1
44 57 10 1 1
44 58 5 1 1
44 59 1 1 1
44 60 6 1 1
44 61 2 1 1
44 62 7 1 1
44 63 7 1 1
45 0 9 1 1
45 1 9 1 1
45 2 6 1 1
45 3 8 1 1
45 4 6 1 1
45 5 3 1 1
45 6 4 1 1
45 7 5 1 1
45 8 8 1 1
45 9 1 1 1
45 10 3 1 1
45 11 4 1 1
45 12 10 1 1
45 13 8 1 1
45 14 2 1 1
45 15 4 1 1
45 16 5 1 1
45 17 7 1 1
45 18 9 1 1
45 19 3 1 1
45 20 10 1 1
45 21 1 1 1
45 22 1 1 1
45 23 10 1 1
45 24 9 1 1
45 25 1 1 1
45 26 9 1 1
45 27 10 1 1
45 28 5 1 1
45 29 9 1 1
45 30 2 1 1
45 31 7 1 1
45 32 2 1 1
45 33 5 1 1
45 34 10 1 1
45 35 7 1 1
45 36 7 1 1
45 37 3 1 1
45 38 1 1 1
45 39 6 1 1
45 40 9 1 1
45 41 8 1 1
45 42 3 1 1
45 43 3 1 1
45 44 1 1 1
45 45 5 1 1
45 46 2 1 1
45 47 3 1 1
45 48 8 1 1
45 49 1 1 1
45 50 8 1 1
45 51 9 1 1
45 52 2 1 1
45 53 6 1 1
45 54 4 1 1
45 55 2 1 1
45 56 5 1 1
45 57 10 1 1
45 58 6 1 1
45 59 3 1 1
45 60 4 1 1
45 61 1 1 1
45 62 4 1 1
45 63 9 1 1
46 0 7 1 1
46 1 4 1 1
46 2 9 1 1
46 3 3 1 1
46 4 6 1 1
46 5 2 1 1
46 6 5 1 1
46 7 5 1 1
46 8 3 1 1
46 9 3 1 1
46 10 5 1 1
46 11 9 1 1
46 12 10 1 1
46 13 10 1 1
46 14 1 1 1
46 15 5 1 1
46 16 8 1 1
46 17 3 1 1
46 18 2 1 1
46 19 2 1 1
46 20 7 1 1
46 21 8 1 1
46 22 9 1 1
46 23 10 1 1
46 24 9 1 1
46 25 2 1 1
46 26 9 1 1
46 27 2 1 1
46 28 10 1 0
46 29 7 1 1
46 30 1 1 1
46 31 4 1 1
46 32 1 1 1
46 33 9 1 1
46 34 4 1 1
46 35 10 1 1
46 36 8 1 1
46 37 6 1 1
46 38 9 1 1
46 39 1 1 1
46 40 7 1 1
46 41 9 1 1
46 42 9 1 1
46 43 1 1 1
46 44 8 1 1
46 45 7 1 1
46 46 6 1 1
46 47 10 1 1
46 48 4 1 1
46 49 10 1 1
46 50 9 1 1
46 51 5 1 1
46 52 5 1 1
46 53 10 1 1
46 54 10 1 1
46 55 3 1 1
46 56 3 1 1
46 57 9 1 1
46 58 9 1 1
46 59 5 1 1
46 60 3 1 1
46 61 4 1 1
46 62 10 1 1
46 63 6 1 1
47 0 9 1 1
47 1 10 1 1
47 2 4 1 1
47 3 5 1 1
47 4 3 1 1
47 5 7 1 1
47 6 3 1 1
47 7 8 1 1
47 8 1 1 1
47 9 9 1 1
47 10 7 1 1
47 11 9 1 1
47 12 5 1 1
47 13 1 1 1
47 14 3 1 1
47 15 9 1 1
47 16 7 1 1
47 17 1 1 1
47 18 6 1 1
47 19 2 1 1
47 20 6 1 1
47 21 7 1 1
47 22 8 1 1
47 23 5 1 1
47 24 10 1 1
47 25 10 1 1
47 26 6 1 1
47 27 2 1 1
47 28 10 1 1
47 29 5 1 1
47 30 6 1 1
47 31 7 1 1
47 32 3 1 1
47 33 8 1 1
47 34 2 1 1
47 35 5 1 1
47 36 9 1 1
47 37 8 1 1
47 38 8 1 1
47 39 3 1 1
47 40 10 1 1
47 41 9 1 1
47 42 8 1 1
47 43 8 1 1
47 44 4 1 1
47 45 1 1 1
47 46 4 1 1
47 47 2 1 1
47 48 2 1 1
47 49 4 1 1
47 50 9 1 1
47 51 9 1 1
47 52 5 1 1
47 53 10 1 1
47 54 1 1 1
47 55 5 1 1
47 56 8 1 1
47 57 3 1 1
47 58 9 1 1
47 59 6 1 1
47 60 1 1 1
47 61 6 1 1
47 62 10 1 1
47 63 3 1 1
48 0 10 1 1
48 1 8 1 1
48 2 8 1 1
48 3 2 1 1
48 4 8 1 1
48 5 8 1 1
48 6 5 1 1
48 7 8 1 1
48 8 1 1 1
48 9 5 1 1
48 10 4 1 1
48 11 7 1 1
48 12 8 1 1
48 13 7 1 1
48 14 3 1 1
48 15 7 1 1
48 16 3 1 1
48 17 7 1 1
48 18 7 1 1
48 19 10 1 1
48 20 1 1 1
48 21 5 1 1
48 22 4 1 1
48 23 5 1 1
48 24 6 1 1
48 25 4 1 1
48 26 3 1 1
48 27 6 1 1
48 28 6 1 1
48 29 1 1 1
48 30 1 1 1
48 31 1 1 1
48 32 5 1 1
48 33 1 1 1
48 34 10 1 1
48 35 7 1 1
48 36 7 1 1
48 37 2 1 1
48 38 7 1 1
48 39 3 1 1
48 40 9 1 1
48 41 8 1 1
48 42 10 1 1
48 43 3 1 1
48 44 7 1 1
48 45 8 1 1
48 46 1 1 1
48 47 2 1 1
48 48 10 1 1
48 49 6 1 1
48 50 7 1 1
48 51 4 1 1
48 52 9 1 1
48 53 7 1 1
48 54 1 1 1
48 55 9 1 1
48 56 6 1 1
48 57 9 1 1
48 58 8 1 1
48 59 7 1 1
48 60 2 1 1
48 61 10 1 1
48 62 4 1 1
48 63 7 1 1
49 0 7 1 1
49 1 3 1 1
49 2 8 1 1
49 3 1 1 1
49 4 5 1 1
49 5 1 1 1
49 6 10 1 1
49 7 9 1 1
49 8 3 1 1
49 9 2 1 1
49 10 1 1 1
49 11 2 1 1
49 12 6 1 1
49 13 4 1 1
49 14 9 1 1
49 15 3 1 1
49 16 6 1 1
49 17 2 1 1
49 18 2 1 1
49 19 4 1 1
49 20 9 1 1
49 21 8 1 1
49 22 4 1 1
49 23 1 1 1
49 24 4 1 1
49 25 5 1 1
49 26 4 1 1
49 27 10 1 1
49 28 8 1 1
49 29 6 1 1
49 30 1 1 1
49 31 3 1 1
49 32 2 1 1
49 33 5 1 1
49 34 10 1 1
49 35 3 1 1
49 36 9 1 1
49 37 7 1 1
49 38 8 1 1
49 39 8 1 1
49 40 9 1 1
49 41 4 1 1
49 42 8 1 1
49 43 9 1 1
49 44 2 1 1
49 45 9 1 1
49 46 5 1 1
49 47 4 1 1
49 48 4 1 1
49 49 5 1 1
49 50 10 1 1
49 51 3 1 1
49 52 7 1 1
49 53 1 1 1
49 54 4 1 1
49 55 8 1 1
49 56 10 1 1
49 57 9 1 1
49 58 6 1 1
49 59 1 1 1
49 60 5 1 1
49 61 6 1 1
49 62 9 1 1
49 63 5 1 1
50 0 4 1 1
50 1 7 1 1
50 2 7 1 1
50 3 2 1 1
50 4 10 1 1
50 5 3 1 1
50 6 2 1 1
50 7 8 1 1
50 8 5 1 1
50 9 8 1 1
50 10 2 1 1
50 11 9 1 1
50 12 5 1 1
50 13 8 1 1
50 14 1 1 1
50 15 8 1 1
50 16 2 1 1
50 17 10 1 1
50 18 4 1 1
50 19 1 1 1
50 20 9 1 1
50 21 10 1 1
50 22 9 1 1
50 23 8 1 1
50 24 3 1 1
50 25 2 1 1
50 26 7 1 1
50 27 4 1 1
50 28 9 1 1
50 29 3 1 1
50 30 5 1 1
50 31 8 1 1
50 32 2 1 1
50 33 6 1 1
50 34 10 1 1
50 35 4 1 1
50 36 6 1 1
50 37 6 1 1
50 38 1 1 1
50 39 4 1 1
50 40 4 1 1
50 41 1 1 1
50 42 1 1 1
50 43 1 1 1
50 44 7 1 1
50 45 5 1 1
50 46 5 1 1
50 47 6 1 1
50 48 8 1 1
50 49 10 1 1
50 50 4 1 1
50 51 2 1 1
50 52 4 1 1
50 53 5 1 1
50 54 3 1 1
50 55 7 1 1
50 56 3 1 1
50 57 1 1 1
50 58 10 1 1
50 59 8 1 1
50 60 5 1 1
50 61 5 1 0
50 62 6 1 1
50 63 2 1 1
51 0 5 1 1
51 1 2 1 1
51 2 9 1 1
51 3 2 1 1
51 4 5 1 1
51 5 10 1 1
51 6 4 1 1
51 7 5 1 1
51 8 6 1 1
51 9 6 1 1
51 10 1 1 1
51 11 3 1 1
51 12 9 1 1
51 13 7 1 1
51 14 5 1 1
51 15 10 1 1
51 16 6 1 1
51 17 2 1 1
51 18 7 1 1
51 19 5 1 1
51 20 9 1 1
51 21 5 1 1
51 22 6 1 1
51 23 9 1 1
51 24 8 1 1
51 25 10 1 1
51 26 5 1 1
51 27 7 1 1
51 28 1 1 1
51 29 2 1 1
51 30 4 1 1
51 31 8 1 1
51 32 8 1 1
51 33 10 1 1
51 34 2 1 1
51 35 3 1 1
51 36 10 1 1
51 37 7 1 1
51 38 8 1 1
51 39 9 1 1
51 40 1 1 1
51 41 7 1 1
51 42 2 1 1
51 43 1 1 0
51 44 10 1 1
51 45 5 1 1
51 46 8 1 1
51 47 4 1 1
51 48 2 1 1
51 49 6 1 1
51 50 9 1 1
51 51 8 1 1
51 52 8 1 1
51 53 8 1 1
51 54 4 1 1
51 55 1 1 1
51 56 6 1 1
51 57 10 1 1
51 58 9 1 1
51 59 8 1 1
51 60 6 1 1
51 61 2 1 1
51 62 4 1 1
51 63 8 1 1
52 0 10 1 1
52 1 5 1 1
52 2 10 1 1
52 3 3 1 1
52 4 10 1 1
52 5 9 1 1
52 6 1 1 1
52 7 1 1 1
52 8 9 1 1
52 9 8 1 1
52 10 3 1 1
52 11 6 1 1
52 12 6 1 1
52 13 2 1 1
52 14 1 1 1
52 15 10 1 1
52 16 7 1 1
52 17 6 1 1
52 18 10 1 1
52 19 3 1 1
52 20 3 1 1
52 21 10 1 1
52 22 9 1 1
52 23 8 1 1
52 24 10 1 1
52 25 3 1 1
52 26 2 1 1
52 27 1 1 1
52 28 6 1 1
52 29 1 1 1
52 30 9 1 1
52 31 1 1 1
52 32 6 1 1
52 33 7 1 1
52 34 4 1 0
52 35 2 1 1
52 36 9 1 1
52 37 1 1 1
52 38 10 1 1
52 39 6 1 1
52 40 6 1 1
52 41 9 1 1
52 42 9 1 1
52 43 9 1 1
52 44 9 1 1
52 45 1 1 1
52 46 4 1 1
52 47 1 1 1
52 48 3 1 1
52 49 9 1 1
52 50 1 1 1
52 51 1 1 1
52 52 5 1 1
52 53 3 1 1
52 54 10 1 1
52 55 5 1 1
52 56 1 1 1
52 57 10 1 1
52 58 3 1 1
52 59 7 1 1
52 60 10 1 1
52 61 10 1 1
52 62 1 1 1
52 63 6 1 1
53 0 7 1 1
53 1 5 1 1
53 2 7 1 1
53 3 7 1 1
53 4 4 1 1
53 5 3 1 1
53 6 5 1 1
53 7 6 1 1
53 8 6 1 1
53 9 8 1 1
53 10 4 1 1
53 11 9 1 1
53 12 9 1 1
53 13 5 1 1
53 14 9 1 1
53 15 8 1 1
53 16 7 1 1
53 17 7 1 1
53 18 8 1 1
53 19 8 1 1
53 20 5 1 1
53 21 5 1 1
53 22 8 1 1
53 23 7 1 1
53 24 1 1 1
53 25 6 1 1
53 26 2 1 1
53 27 4 1 1
53 28 2 1 1
53 29 9 1 1
53 30 10 1 1
53 31 7 1 1
53 32 2 1 1
53 33 8 1 1
53 34 1 1 1
53 35 1 1 1
53 36 3 1 1
53 37 1 1 1
53 38 1 1 1
53 39 2 1 1
53 40 5 1 1
53 41 10 1 1
53 42 5 1 1
53 43 10 1 1
53 44 6 1 1
53 45 10 1 1
53 46 9 1 1
53 47 1 1 1
53 48 7 1 1
53 49 2 1 1
53 50 2 1 1
53 51 6 1 1
53 52 3 1 1
53 53 2 1 1
53 54 10 1 1
53 55 6 1 1
53 56 1 1 1
53 57 2 1 1
53 58 9 1 1
53 59 10 1 1
53 60 10 1 1
53 61 8 1 1
53 62 9 1 1
53 63 1 1 1
54 0 2 1 1
54 1 1 1 1
54 2 4 1 1
54 3 2 1 1
54 4 3 1 1
54 5 1 1 1
54 6 5 1 1
54 7 7 1 1
54 8 10 1 1
54 9 5 1 1
54 10 9 1 1
54 11 1 1 1
54 12 1 1 1
54 13 1 1 1
54 14 7 1 1
54 15 5 1 1
54 16 2 1 1
54 17 9 1 1
54 18 3 1 1
54 19 9 1 1
54 20 6 1 1
54 21 2 1 1
54 22 2 1 1
54 23 6 1 1
54 24 10 1 1
54 25 8 1 1
54 26 10 1 1
54 27 8 1 1
54 28 5 1 1
54 29 10 1 1
54 30 6 1 1
54 31 1 1 1
54 32 10 1 1
54 33 6 1 1
54 34 4 1 1
54 35 7 1 1
54 36 9 1 1
54 37 5 1 1
54 38 1 1 1
54 39 7 1 1
54 40 9 1 1
54 41 2 1 1
54 42 7 1 1
54 43 7 1 1
54 44 8 1 1
54 45 9 1 1
54 46 2 1 1
54 47 3 1 1
54 48 6 1 1
54 49 4 1 1
54 50 10 1 1
54 51 4 1 1
54 52 3 1 1
54 53 5 1 1
54 54 1 1 1
54 55 3 1 1
54 56 6 1 1
54 57 2 1 1
54 58 9 1 1
54 59 10 1 0
54 60 4 1 1
54 61 10 1 1
54 62 1 1 1
54 63 10 1 1
55 0 1 1 1
55 1 1 1 1
55 2 6 1 1
55 3 10 1 1
55 4 2 1 1
55 5 7 1 1
55 6 10 1 1
55 7 4 1 1
55 8 3 1 1
55 9 3 1 1
55 10 5 1 1
55 11 4 1 1
55 12 8 1 1
55 13 4 1 1
55 14 1 1 1
55 15 3 1 1
55 16 10 1 1
55 17 7 1 1
55 18 10 1 1
55 19 6 1 1
55 20 7 1 1
55 21 8 1 1
55 22 9 1 1
55 23 2 1 1
55 24 10 1 1
55 25 10 1 1
55 26 5 1 1
55 27 3 1 1
55 28 9 1 1
55 29 1 1 1
55 30 7 1 1
55 31 7 1 1
55 32 4 1 1
55 33 7 1 1
55 34 8 1 1
55 35 8 1 1
55 36 9 1 1
55 37 1 1 1
55 38 10 1 1
55 39 8 1 1
55 40 8 1 1
55 41 6 1 1
55 42 7 1 1
55 43 9 1 1
55 44 5 1 1
55 45 5 1 1
55 46 5 1 1
55 47 9 1 1
55 48 3 1 1
55 49 9 1 1
55 50 3 1 1
55 51 4 1 1
55 52 9 1 1
55 53 3 1 1
55 54 7 1 1
55 55 5 1 1
55 56 9 1 1
55 57 4 1 1
55 58 1 1 1
55 59 4 1 1
55 60 5 1 1
55 61 2 1 1
55 62 10 1 1
55 63 8 1 1
56 0 8 1 1
56 1 2 1 1
56 2 8 1 1
56 3 2 1 1
56 4 2 1 1
56 5 10 1 1
56 6 9 1 1
56 7 2 1 1
56 8 2 1 1
56 9 9 1 1
56 10 1 1 1
56 11 7 1 1
56 12 8 1 1
56 13 3 1 1
56 14 6 1 1
56 15 3 1 1
56 16 1 1 1
56 17 8 1 1
56 18 6 1 1
56 19 2 1 1
56 20 8 1 1
56 21 10 1 1
56 22 4 1 1
56 23 2 1 1
56 24 6 1 1
56 25 8 1 1
56 26 9 1 1
56 27 6 1 1
56 28 5 1 1
56 29 1 1 1
56 30 3 1 1
56 31 3 1 1
56 32 8 1 1
56 33 5 1 1
56 34 2 1 1
56 35 3 1 1
56 36 3 1 1
56 37 8 1 1
56 38 4 1 1
56 39 1 1 1
56 40 1 1 1
56 41 5 1 1
56 42 8 1 1
56 43 3 1 1
56 44 4 1 1
56 45 2 1 1
56 46 1 1 1
56 47 6 1 1
56 48 6 1 1
56 49 1 1 1
56 50 9 1 1
56 51 7 1 1
56 52 1 1 1
56 53 4 1 1
56 54 3 1 1
56 55 9 1 1
56 56 6 1 1
56 57 1 1 1
56 58 8 1 1
56 59 7 1 1
56 60 5 1 1
56 61 9 1 1
56 62 10 1 1
56 63 8 1 1
57 0 4 1 1
57 1 8 1 1
57 2 2 1 1
57 3 7 1 1
57 4 10 1 1
57 5 8 1 1
57 6 6 1 1
57 7 4 1 1
57 8 6 1 1
57 9 10 1 1
57 10 3 1 1
57 11 10 1 1
57 12 5 1 1
57 13 8 1 1
57 14 7 1 1
57 15 1 1 1
57 16 10 1 1
57 17 5 1 1
57 18 1 1 1
57 19 1 1 1
57 20 4 1 1
57 21 10 1 1
57 22 9 1 1
57 23 8 1 1
57 24 5 1 1
57 25 8 1 1
57 26 10 1 1
57 27 1 1 1
57 28 10 1 1
57 29 10 1 1
57 30 6 1 1
57 31 5 1 1
57 32 8 1 1
57 33 10 1 1
57 34 6 1 1
57 35 8 1 1
57 36 8 1 1
57 37 1 1 1
57 38 10 1 1
57 39 5 1 1
57 40 2 1 1
57 41 5 1 1
57 42 6 1 1
57 43 8 1 1
57 44 1 1 1
57 45 8 1 1
57 46 4 1 1
57 47 1 1 1
57 48 3 1 1
57 49 10 1 1
57 50 5 1 1
57 51 6 1 1
57 52 5 1 1
57 53 1 1 1
57 54 2 1 1
57 55 5 1 1
57 56 8 1 1
57 57 9 1 1
57 58 10 1 1
57 59 10 1 1
57 60 5 1 1
57 61 6 1 1
57 62 3 1 1
57 63 4 1 1
58 0 10 1 1
58 1 5 1 1
58 2 10 1 1
58 3 2 1 1
58 4 2 1 1
58 5 7 1 1
58 6 2 1 1
58 7 1 1 1
58 8 2 1 1
58 9 6 1 1
58 10 9 1 1
58 11 5 1 1
58 12 3 1 1
58 13 9 1 1
58 14 5 1 1
58 15 2 1 1
58 16 8 1 1
58 17 6 1 1
58 18 6 1 1
58 19 6 1 1
58 20 5 1 1
58 21 7 1 1
58 22 3 1 1
58 23 4 1 1
58 24 7 1 1
58 25 2 1 1
58 26 3 1 1
58 27 10 1 1
58 28 9 1 1
58 29 8 1 1
58 30 8 1 1
58 31 4 1 1
58 32 2 1 1
58 33 3 1 1
58 34 1 1 1
58 35 1 1 1
58 36 3 1 1
58 37 7 1 1
58 38 4 1 1
58 39 7 1 1
58 40 10 1 1
58 41 2 1 1
58 42 7 1 1
58 43 1 1 1
58 44 8 1 1
58 45 8 1 1
58 46 10 1 1
58 47 9 1 1
58 48 1 1 1
58 49 1 1 1
58 50 4 1 1
58 51 5 1 1
58 52 6 1 1
58 53 6 1 1
58 54 2 1 1
58 55 8 1 1
58 56 6 1 1
58 57 2 1 1
58 58 5 1 1
58 59 8 1 1
58 60 1 1 1
58 61 7 1 1
58 62 8 1 1
58 63 9 1 1
59 0 3 1 1
59 1 4 1 1
59 2 10 1 1
59 3 9 1 1
59 4 8 1 1
59 5 9 1 1
59 6 7 1 1
59 7 4 1 1
59 8 5 1 1
59 9 5 1 1
59 10 1 1 1
59 11 10 1 1
59 12 4 1 1
59 13 1 1 1
59 14 3 1 1
59 15 7 1 1
59 16 3 1 1
59 17 1 1 1
59 18 10 1 1
59 19 8 1 1
59 20 3 1 1
59 21 8 1 1
59 22 4 1 1
59 23 6 1 1
59 24 4 1 1
59 25 9 1 1
59 26 9 1 1
59 27 10 1 1
59 28 4 1 1
59 29 7 1 1
59 30 9 1 1
59 31 7 1 1
59 32 10 1 1
59 33 9 1 1
59 34 4 1 1
59 35 10 1 1
59 36 8 1 1
59 37 8 1 1
59 38 8 1 1
59 39 3 1 1
59 40 6 1 1
59 41 2 1 1
59 42 2 1 1
59 43 4 1 1
59 44 3 1 1
59 45 8 1 1
59 46 5 1 1
59 47 9 1 1
59 48 9 1 1
59 49 7 1 1
59 50 1 1 1
59 51 4 1 1
59 52 6 1 1
59 53 5 1 1
59 54 9 1 1
59 55 6 1 1
59 56 10 1 1
59 57 4 1 1
59 58 4 1 1
59 59 9 1 1
59 60 8 1 1
59 61 10 1 1
59 62 4 1 1
59 63 2 1 1
60 0 8 1 1
60 1 1 1 1
60 2 9 1 1
60 3 6 1 1
60 4 1 1 1
60 5 3 1 1
60 6 9 1 1
60 7 8 1 1
60 8 2 1 1
60 9 7 1 1
60 10 10 1 1
60 11 6 1 1
60 12 6 1 1
60 13 9 1 1
60 14 5 1 1
60 15 5 1 1
60 16 4 1 1
60 17 7 1 1
60 18 9 1 1
60 19 7 1 1
60 20 2 1 1
60 21 7 1 1
60 22 2 1 1
60 23 2 1 1
60 24 8 1 1
60 25 7 1 1
60 26 1 1 1
60 27 2 1 1
60 28 3 1 1
60 29 1 1 1
60 30 8 1 1
60 31 1 1 1
60 32 6 1 1
60 33 7 1 1
60 34 4 1 1
60 35 4 1 1
60 36 4 1 1
60 37 8 1 1
60 38 2 1 1
60 39 9 1 1
60 40 1 1 1
60 41 10 1 1
60 42 1 1 1
60 43 5 1 1
60 44 9 1 1
60 45 2 1 1
60 46 3 1 1
60 47 2 1 1
60 48 7 1 1
60 49 8 1 1
60 50 2 1 1
60 51 9 1 1
60 52 5 1 1
60 53 1 1 1
60 54 2 1 1
60 55 8 1 1
60 56 3 1 1
60 57 9 1 1
60 58 1 1 1
60 59 5 1 1
60 60 8 1 1
60 61 2 1 1
60 62 1 1 1
60 63 10 1 1
61 0 9 1 1
61 1 7 1 1
61 2 6 1 1
61 3 1 1 1
61 4 2 1 1
61 5 10 1 1
61 6 9 1 1
61 7 9 1 1
61 8 4 1 1
61 9 1 1 1
61 10 1 1 1
61 11 7 1 1
61 12 8 1 1
61 13 7 1 1
61 14 2 1 1
61 15 7 1 1
61 16 8 1 1
61 17 7 1 1
61 18 10 1 1
61 19 6 1 1
61 20 9 1 1
61 21 1 1 1
61 22 1 1 1
61 23 9 1 1
61 24 8 1 1
61 25 7 1 1
61 26 8 1 1
61 27 10 1 1
61 28 7 1 1
61 29 4 1 1
61 30 9 1 1
61 31 6 1 1
61 32 1 1 1
61 33 3 1 1
61 34 5 1 1
61 35 4 1 1
61 36 8 1 1
61 37 10 1 1
61 38 4 1 1
61 39 2 1 1
61 40 5 1 1
61 41 4 1 1
61 42 2 1 1
61 43 8 1 1
61 44 3 1 1
61 45 1 1 1
61 46 1 1 1
61 47 5 1 1
61 48 2 1 1
61 49 3 1 1
61 50 10 1 1
61 51 9 1 1
61 52 10 1 1
61 53 9 1 1
61 54 1 1 1
61 55 6 1 1
61 56 1 1 1
61 57 3 1 0
61 58 1 1 1
61 59 8 1 1
61 60 7 1 1
61 61 6 1 1
61 62 1 1 1
61 63 6 1 1
62 0 10 1 1
62 1 2 1 1
62 2 5 1 1
62 3 6 1 1
62 4 5 1 1
62 5 8 1 1
62 6 7 1 1
62 7 6 1 1
62 8 4 1 1
62 9 6 1 1
62 10 5 1 1
62 11 7 1 1
62 12 9 1 1
62 13 9 1 1
62 14 2 1 1
62 15 9 1 1
62 16 6 1 1
62 17 6 1 1
62 18 10 1 1
62 19 1 1 1
62 20 1 1 1
62 21 6 1 1
62 22 7 1 1
62 23 1 1 1
62 24 9 1 1
62 25 9 1 1
62 26 4 1 1
62 27 7 1 1
62 28 4 1 1
62 29 7 1 1
62 30 6 1 1
62 31 3 1 1
62 32 10 1 1
62 33 5 1 1
62 34 3 1 1
62 35 6 1 1
62 36 9 1 1
62 37 8 1 1
62 38 4 1 1
62 39 3 1 1
62 40 7 1 1
62 41 4 1 1
62 42 3 1 1
62 43 2 1 1
62 44 9 1 1
62 45 10 1 1
62 46 6 1 1
62 47 9 1 1
62 48 1 1 1
62 49 2 1 1
62 50 8 1 1
62 51 8 1 0
62 52 5 1 1
62 53 5 1 1
62 54 6 1 1
62 55 4 1 1
62 56 4 1 1
62 57 6 1 1
62 58 6 1 1
62 59 3 1 1
62 60 10 1 1
62 61 4 1 1
62 62 4 1 1
62 63 4 1 1
63 0 8 1 1
63 1 6 1 1
63 2 5 1 1
63 3 10 1 1
63 4 7 1 1
63 5 6 1 1
63 6 6 1 1
63 7 4 1 1
63 8 3 1 1
63 9 1 1 1
63 10 1 1 1
63 11 10 1 1
63 12 6 1 1
63 13 8 1 1
63 14 8 1 1
63 15 4 1 1
63 16 2 1 1
63 17 1 1 1
63 18 3 1 1
63 19 8 1 1
63 20 10 1 1
63 21 4 1 1
63 22 4 1 1
63 23 1 1 1
63 24 5 1 1
63 25 10 1 1
63 26 2 1 1
63 27 6 1 1
63 28 8 1 1
63 29 2 1 1
63 30 4 1 1
63 31 8 1 1
63 32 3 1 1
63 33 5 1 1
63 34 2 1 1
63 35 6 1 1
63 36 3 1 1
63 37 9 1 1
63 38 5 1 1
63 39 7 1 1
63 40 10 1 1
63 41 8 1 1
63 42 5 1 1
63 43 8 1 1
63 44 2 1 1
63 45 8 1 1
63 46 9 1 1
63 47 6 1 1
63 48 2 1 1
63 49 9 1 1
63 50 4 1 1
63 51 1 1 1
63 52 3 1 1
63 53 5 1 1
63 54 3 1 1
63 55 1 1 1
63 56 7 1 1
63 57 5 1 1
63 58 1 1 1
63 59 10 1 1
63 60 3 1 1
63 61 3 1 1
63 62 10 1 1
63 63 5 1 1
