0 0 2 1 0
0 1 4 1 0
0 2 9 1 0
0 3 7 1 0
0 4 4 1 0
0 5 4 1 1
0 6 5 1 0
0 7 6 1 0
0 8 10 1 0
0 9 6 1 0
0 10 4 1 0
0 11 8 1 1
0 12 7 1 1
0 13 10 1 0
0 14 5 1 1
0 15 5 1 1
0 16 5 1 1
0 17 8 1 0
0 18 6 1 0
0 19 9 1 1
0 20 4 1 0
0 21 6 1 1
0 22 5 1 1
0 23 1 1 0
0 24 10 1 0
0 25 10 1 1
0 26 7 1 1
0 27 8 1 0
0 28 5 1 1
0 29 9 1 0
0 30 2 1 1
0 31 7 1 0
0 32 8 1 0
0 33 6 1 0
0 34 5 1 1
0 35 5 1 0
0 36 3 1 0
0 37 6 1 0
0 38 4 1 1
0 39 8 1 0
0 40 5 1 1
0 41 5 1 1
0 42 7 1 0
0 43 3 1 1
0 44 10 1 0
0 45 4 1 1
0 46 5 1 0
0 47 6 1 0
0 48 8 1 1
0 49 9 1 1
0 50 5 1 1
0 51 6 1 0
0 52 8 1 1
0 53 7 1 1
0 54 7 1 0
0 55 3 1 0
0 56 3 1 0
0 57 9 1 1
0 58 1 1 1
0 59 6 1 0
0 60 4 1 1
0 61 2 1 0
0 62 5 1 1
0 63 4 1 0
1 0 6 1 0
1 1 1 1 1
1 2 3 1 1
1 3 10 1 0
1 4 3 1 1
1 5 10 1 1
1 6 10 1 0
1 7 8 1 0
1 8 7 1 0
1 9 9 1 0
1 10 7 1 0
1 11 5 1 1
1 12 4 1 1
1 13 1 1 0
1 14 8 1 0
1 15 8 1 0
1 16 4 1 1
1 17 8 1 0
1 18 7 1 0
1 19 3 1 0
1 20 4 1 0
1 21 6 1 1
1 22 4 1 0
1 23 5 1 1
1 24 4 1 0
1 25 2 1 0
1 26 5 1 0
1 27 4 1 0
1 28 9 1 1
1 29 8 1 0
1 30 8 1 0
1 31 10 1 0
1 32 8 1 0
1 33 4 1 1
1 34 3 1 0
1 35 8 1 1
1 36 6 1 0
1 37 6 1 1
1 38 9 1 0
1 39 7 1 0
1 40 6 1 1
1 41 6 1 0
1 42 2 1 0
1 43 8 1 0
1 44 9 1 0
1 45 1 1 0
1 46 10 1 0
1 47 5 1 1
1 48 4 1 0
1 49 3 1 0
1 50 9 1 0
1 51 7 1 1
1 52 7 1 1
1 53 8 1 1
1 54 1 1 1
1 55 7 1 1
1 56 9 1 1
1 57 4 1 0
1 58 6 1 0
1 59 2 1 0
1 60 10 1 0
1 61 7 1 0
1 62 2 1 0
1 63 5 1 0
2 0 6 1 1
2 1 2 1 1
2 2 1 1 1
2 3 8 1 0
2 4 1 1 -5
2 5 8 1 1
2 6 10 1 1
2 7 2 1 0
2 8 5 1 0
2 9 6 1 0
2 10 5 1 1
2 11 8 1 0
2 12 9 1 0
2 13 3 1 1
2 14 2 1 1
2 15 5 1 0
2 16 5 1 0
2 17 6 1 0
2 18 9 1 0
2 19 9 1 0
2 20 9 1 0
2 21 5 1 1
2 22 7 1 1
2 23 2 1 0
2 24 2 1 1
2 25 6 1 1
2 26 6 1 0
2 27 8 1 1
2 28 3 1 1
2 29 7 1 0
2 30 5 1 0
2 31 3 1 0
2 32 8 1 1
2 33 5 1 0
2 34 1 1 0
2 35 1 1 0
2 36 10 1 1
2 37 10 1 0
2 38 3 1 1
2 39 10 1 0
2 40 1 1 0
2 41 9 1 0
2 42 3 1 0
2 43 6 1 0
2 44 2 1 0
2 45 4 1 1
2 46 10 1 0
2 47 10 1 1
2 48 2 1 0
2 49 10 1 0
2 50 8 1 1
2 51 2 1 1
2 52 1 1 0
2 53 10 1 0
2 54 7 1 1
2 55 3 1 0
2 56 1 1 1
2 57 6 1 1
2 58 6 1 1
2 59 3 1 0
2 60 7 1 1
2 61 8 1 0
2 62 10 1 1
2 63 2 1 1
3 0 2 1 1
3 1 9 1 1
3 2 5 1 0
3 3 9 1 0
3 4 8 1 0
3 5 4 1 1
3 6 9 1 0
3 7 5 1 1
3 8 5 1 0
3 9 1 1 0
3 10 3 1 0
3 11 2 1 1
3 12 1 1 0
3 13 5 1 1
3 14 9 1 0
3 15 1 1 1
3 16 7 1 1
3 17 9 1 0
3 18 5 1 1
3 19 9 1 0
3 20 9 1 0
3 21 6 1 0
3 22 2 1 1
3 23 5 1 1
3 24 1 1 1
3 25 2 1 0
3 26 10 1 0
3 27 9 1 0
3 28 5 1 1
3 29 7 1 0
3 30 7 1 1
3 31 5 1 0
3 32 8 1 0
3 33 10 1 0
3 34 6 1 0
3 35 3 1 0
3 36 7 1 1
3 37 6 1 1
3 38 1 1 1
3 39 5 1 0
3 40 8 1 0
3 41 8 1 0
3 42 5 1 1
3 43 5 1 1
3 44 1 1 1
3 45 3 1 1
3 46 6 1 1
3 47 10 1 1
3 48 3 1 0
3 49 9 1 1
3 50 3 1 0
3 51 10 1 1
3 52 5 1 0
3 53 4 1 1
3 54 3 1 0
3 55 7 1 0
3 56 4 1 0
3 57 1 1 0
3 58 7 1 0
3 59 1 1 1
3 60 9 1 0
3 61 6 1 0
3 62 9 1 0
3 63 10 1 0
4 0 9 1 1
4 1 9 1 1
4 2 3 1 0
4 3 7 1 1
4 4 5 1 0
4 5 7 1 1
4 6 9 1 0
4 7 2 1 0
4 8 9 1 0
4 9 2 1 0
4 10 5 1 0
4 11 8 1 0
4 12 8 1 0
4 13 8 1 0
4 14 9 1 0
4 15 6 1 0
4 16 2 1 0
4 17 5 1 0
4 18 2 1 0
4 19 8 1 0
4 20 6 1 0
4 21 2 1 1
4 22 7 1 0
4 23 3 1 0
4 24 2 1 0
4 25 2 1 1
4 26 2 1 0
4 27 7 1 0
4 28 2 1 0
4 29 4 1 1
4 30 1 1 1
4 31 10 1 0
4 32 9 1 0
4 33 9 1 1
4 34 10 1 0
4 35 5 1 0
4 36 5 1 0
4 37 7 1 0
4 38 1 1 0
4 39 3 1 1
4 40 1 1 0
4 41 8 1 1
4 42 10 1 1
4 43 9 1 0
4 44 1 1 0
4 45 8 1 1
4 46 6 1 1
4 47 8 1 0
4 48 2 1 0
4 49 1 1 1
4 50 1 1 1
4 51 3 1 1
4 52 8 1 1
4 53 9 1 1
4 54 1 1 0
4 55 2 1 1
4 56 10 1 0
4 57 10 1 1
4 58 5 1 0
4 59 4 1 0
4 60 1 1 0
4 61 5 1 1
4 62 6 1 0
4 63 2 1 0
5 0 10 1 1
5 1 7 1 1
5 2 8 1 1
5 3 6 1 1
5 4 8 1 1
5 5 10 1 0
5 6 8 1 0
5 7 7 1 1
5 8 1 1 0
5 9 2 1 0
5 10 10 1 0
5 11 2 1 0
5 12 3 1 0
5 13 5 1 1
5 14 1 1 0
5 15 5 1 0
5 16 3 1 0
5 17 2 1 0
5 18 1 1 0
5 19 9 1 0
5 20 5 1 1
5 21 10 1 1
5 22 4 1 1
5 23 7 1 0
5 24 3 1 0
5 25 4 1 0
5 26 6 1 1
5 27 4 1 0
5 28 9 1 0
5 29 2 1 1
5 30 6 1 1
5 31 8 1 0
5 32 4 1 1
5 33 9 1 1
5 34 4 1 0
5 35 4 1 1
5 36 5 1 1
5 37 8 1 1
5 38 8 1 0
5 39 1 1 0
5 40 4 1 1
5 41 10 1 1
5 42 4 1 0
5 43 8 1 1
5 44 2 1 0
5 45 2 1 0
5 46 8 1 1
5 47 7 1 0
5 48 8 1 0
5 49 2 1 0
5 50 8 1 0
5 51 4 1 1
5 52 1 1 1
5 53 9 1 0
5 54 6 1 0
5 55 5 1 1
5 56 10 1 1
5 57 5 1 1
5 58 9 1 1
5 59 6 1 0
5 60 9 1 0
5 61 2 1 1
5 62 3 1 1
5 63 8 1 1
6 0 4 1 0
6 1 5 1 0
6 2 10 1 1
6 3 3 1 1
6 4 2 1 1
6 5 4 1 0
6 6 8 1 0
6 7 6 1 1
6 8 7 1 0
6 9 9 1 0
6 10 8 1 0
6 11 5 1 -1
6 12 2 1 0
6 13 5 1 0
6 14 1 1 1
6 15 6 1 0
6 16 9 1 1
6 17 10 1 0
6 18 8 1 0
6 19 7 1 1
6 20 6 1 0
6 21 7 1 0
6 22 4 1 1
6 23 1 1 0
6 24 3 1 1
6 25 3 1 1
6 26 5 1 1
6 27 8 1 0
6 28 8 1 0
6 29 5 1 1
6 30 4 1 0
6 31 7 1 0
6 32 10 1 1
6 33 1 1 1
6 34 9 1 0
6 35 7 1 1
6 36 5 1 1
6 37 6 1 1
6 38 10 1 1
6 39 1 1 1
6 40 1 1 1
6 41 8 1 0
6 42 5 1 1
6 43 9 1 0
6 44 5 1 1
6 45 7 1 1
6 46 5 1 1
6 47 7 1 0
6 48 10 1 1
6 49 8 1 0
6 50 2 1 1
6 51 4 1 0
6 52 5 1 0
6 53 5 1 0
6 54 1 1 0
6 55 4 1 1
6 56 5 1 0
6 57 10 1 1
6 58 10 1 0
6 59 8 1 0
6 60 3 1 1
6 61 6 1 0
6 62 9 1 1
6 63 8 1 0
7 0 7 1 0
7 1 5 1 0
7 2 10 1 0
7 3 3 1 0
7 4 4 1 1
7 5 7 1 1
7 6 9 1 0
7 7 10 1 0
7 8 7 1 1
7 9 7 1 1
7 10 8 1 0
7 11 4 1 1
7 12 4 1 1
7 13 2 1 0
7 14 5 1 0
7 15 7 1 1
7 16 10 1 0
7 17 6 1 0
7 18 7 1 0
7 19 8 1 1
7 20 5 1 1
7 21 4 1 0
7 22 10 1 1
7 23 4 1 1
7 24 1 1 1
7 25 2 1 0
7 26 7 1 0
7 27 2 1 1
7 28 4 1 1
7 29 6 1 0
7 30 4 1 0
7 31 10 1 0
7 32 5 1 1
7 33 8 1 1
7 34 6 1 0
7 35 3 1 1
7 36 4 1 0
7 37 7 1 1
7 38 8 1 1
7 39 8 1 0
7 40 5 1 1
7 41 9 1 1
7 42 7 1 1
7 43 7 1 0
7 44 7 1 1
7 45 5 1 1
7 46 8 1 0
7 47 5 1 0
7 48 1 1 1
7 49 9 1 0
7 50 1 1 0
7 51 1 1 0
7 52 3 1 0
7 53 5 1 0
7 54 7 1 1
7 55 1 1 0
7 56 2 1 0
7 57 5 1 1
7 58 6 1 0
7 59 8 1 1
7 60 7 1 1
7 61 4 1 1
7 62 6 1 0
7 63 5 1 0
8 0 6 1 0
8 1 10 1 0
8 2 4 1 0
8 3 1 1 0
8 4 5 1 0
8 5 4 1 1
8 6 9 1 0
8 7 9 1 0
8 8 9 1 0
8 9 6 1 1
8 10 6 1 1
8 11 3 1 0
8 12 8 1 0
8 13 4 1 0
8 14 5 1 0
8 15 10 1 1
8 16 10 1 0
8 17 9 1 0
8 18 7 1 0
8 19 8 1 1
8 20 1 1 1
8 21 9 1 0
8 22 6 1 1
8 23 1 1 0
8 24 1 1 0
8 25 6 1 0
8 26 9 1 0
8 27 1 1 0
8 28 8 1 0
8 29 7 1 0
8 30 6 1 1
8 31 7 1 0
8 32 1 1 1
8 33 3 1 1
8 34 7 1 1
8 35 10 1 0
8 36 1 1 1
8 37 3 1 0
8 38 5 1 1
8 39 7 1 1
8 40 3 1 0
8 41 8 1 1
8 42 10 1 1
8 43 10 1 0
8 44 8 1 0
8 45 10 1 0
8 46 8 1 0
8 47 4 1 0
8 48 5 1 0
8 49 9 1 1
8 50 2 1 0
8 51 9 1 1
8 52 2 1 0
8 53 1 1 0
8 54 7 1 1
8 55 10 1 0
8 56 8 1 0
8 57 3 1 1
8 58 3 1 0
8 59 2 1 1
8 60 9 1 1
8 61 4 1 1
8 62 4 1 0
8 63 10 1 1
9 0 5 1 1
9 1 7 1 0
9 2 1 1 0
9 3 4 1 0
9 4 8 1 0
9 5 4 1 0
9 6 6 1 1
9 7 7 1 0
9 8 10 1 1
9 9 2 1 0
9 10 2 1 1
9 11 3 1 0
9 12 6 1 1
9 13 5 1 1
9 14 9 1 0
9 15 6 1 -1
9 16 9 1 0
9 17 4 1 0
9 18 4 1 1
9 19 3 1 0
9 20 3 1 1
9 21 5 1 0
9 22 2 1 0
9 23 5 1 1
9 24 10 1 0
9 25 7 1 1
9 26 5 1 0
9 27 1 1 0
9 28 9 1 0
9 29 6 1 0
9 30 10 1 1
9 31 10 1 0
9 32 3 1 1
9 33 2 1 1
9 34 2 1 0
9 35 7 1 0
9 36 8 1 0
9 37 5 1 0
9 38 5 1 0
9 39 2 1 0
9 40 9 1 1
9 41 1 1 1
9 42 8 1 0
9 43 4 1 0
9 44 4 1 0
9 45 1 1 1
9 46 8 1 1
9 47 10 1 0
9 48 1 1 0
9 49 2 1 1
9 50 1 1 0
9 51 8 1 1
9 52 3 1 0
9 53 6 1 1
9 54 7 1 0
9 55 5 1 0
9 56 6 1 0
9 57 5 1 1
9 58 4 1 0
9 59 8 1 0
9 60 10 1 0
9 61 6 1 0
9 62 8 1 0
9 63 1 1 0
10 0 2 1 0
10 1 2 1 1
10 2 4 1 1
10 3 9 1 0
10 4 3 1 1
10 5 1 1 0
10 6 1 1 1
10 7 4 1 1
10 8 1 1 0
10 9 7 1 0
10 10 5 1 1
10 11 1 1 0
10 12 2 1 0
10 13 6 1 1
10 14 1 1 0
10 15 3 1 0
10 16 9 1 1
10 17 1 1 0
10 18 1 1 0
10 19 8 1 1
10 20 3 1 0
10 21 4 1 1
10 22 9 1 1
10 23 10 1 1
10 24 3 1 1
10 25 2 1 1
10 26 4 1 1
10 27 8 1 1
10 28 7 1 0
10 29 3 1 1
10 30 5 1 1
10 31 2 1 0
10 32 4 1 0
10 33 3 1 1
10 34 7 1 0
10 35 6 1 0
10 36 7 1 1
10 37 6 1 1
10 38 8 1 0
10 39 4 1 0
10 40 6 1 0
10 41 9 1 1
10 42 7 1 0
10 43 7 1 1
10 44 8 1 1
10 45 6 1 1
10 46 9 1 0
10 47 9 1 0
10 48 5 1 0
10 49 4 1 0
10 50 7 1 1
10 51 2 1 1
10 52 2 1 0
10 53 10 1 0
10 54 2 1 1
10 55 9 1 1
10 56 5 1 0
10 57 5 1 1
10 58 6 1 0
10 59 1 1 0
10 60 7 1 0
10 61 3 1 0
10 62 1 1 0
10 63 6 1 1
11 0 7 1 0
11 1 4 1 1
11 2 7 1 0
11 3 5 1 1
11 4 7 1 1
11 5 9 1 0
11 6 7 1 1
11 7 4 1 1
11 8 3 1 1
11 9 8 1 1
11 10 10 1 1
11 11 5 1 0
11 12 8 1 1
11 13 2 1 1
11 14 4 1 0
11 15 9 1 1
11 16 7 1 0
11 17 4 1 0
11 18 4 1 0
11 19 7 1 0
11 20 5 1 1
11 21 1 1 0
11 22 3 1 1
11 23 9 1 0
11 24 9 1 1
11 25 5 1 0
11 26 3 1 1
11 27 6 1 1
11 28 10 1 0
11 29 9 1 1
11 30 3 1 0
11 31 10 1 0
11 32 7 1 1
11 33 6 1 0
11 34 2 1 0
11 35 4 1 1
11 36 8 1 1
11 37 6 1 1
11 38 4 1 1
11 39 2 1 1
11 40 2 1 0
11 41 6 1 1
11 42 10 1 0
11 43 2 1 0
11 44 9 1 1
11 45 10 1 0
11 46 2 1 0
11 47 6 1 1
11 48 6 1 1
11 49 2 1 0
11 50 7 1 0
11 51 3 1 0
11 52 9 1 1
11 53 6 1 1
11 54 3 1 0
11 55 2 1 0
11 56 3 1 0
11 57 3 1 1
11 58 4 1 1
11 59 9 1 1
11 60 8 1 1
11 61 6 1 0
11 62 10 1 1
11 63 6 1 1
12 0 10 1 1
12 1 6 1 1
12 2 5 1 0
12 3 4 1 0
12 4 10 1 0
12 5 5 1 1
12 6 3 1 1
12 7 3 1 0
12 8 5 1 1
12 9 8 1 0
12 10 1 1 1
12 11 3 1 0
12 12 4 1 0
12 13 7 1 1
12 14 1 1 0
12 15 7 1 1
12 16 5 1 1
12 17 10 1 0
12 18 4 1 0
12 19 8 1 0
12 20 7 1 1
12 21 3 1 0
12 22 4 1 0
12 23 7 1 0
12 24 7 1 0
12 25 7 1 0
12 26 6 1 0
12 27 3 1 0
12 28 8 1 0
12 29 6 1 1
12 30 1 1 0
12 31 10 1 1
12 32 8 1 1
12 33 1 1 0
12 34 5 1 1
12 35 7 1 0
12 36 2 1 0
12 37 1 1 0
12 38 2 1 1
12 39 1 1 0
12 40 7 1 1
12 41 2 1 0
12 42 1 1 0
12 43 3 1 1
12 44 3 1 0
12 45 4 1 -1
12 46 5 1 1
12 47 1 1 0
12 48 3 1 1
12 49 1 1 0
12 50 10 1 0
12 51 9 1 0
12 52 4 1 0
12 53 7 1 0
12 54 8 1 0
12 55 3 1 0
12 56 4 1 0
12 57 1 1 0
12 58 5 1 0
12 59 7 1 1
12 60 1 1 0
12 61 7 1 1
12 62 8 1 1
12 63 3 1 1
13 0 2 1 1
13 1 2 1 0
13 2 5 1 0
13 3 5 1 1
13 4 1 1 0
13 5 7 1 0
13 6 4 1 0
13 7 6 1 1
13 8 8 1 1
13 9 1 1 0
13 10 7 1 0
13 11 4 1 0
13 12 4 1 0
13 13 3 1 1
13 14 3 1 0
13 15 4 1 0
13 16 10 1 0
13 17 5 1 1
13 18 8 1 0
13 19 1 1 1
13 20 1 1 0
13 21 1 1 0
13 22 4 1 0
13 23 5 1 1
13 24 2 1 1
13 25 3 1 0
13 26 2 1 0
13 27 5 1 1
13 28 1 1 0
13 29 7 1 1
13 30 5 1 1
13 31 5 1 1
13 32 5 1 0
13 33 7 1 0
13 34 7 1 0
13 35 7 1 1
13 36 8 1 1
13 37 1 1 0
13 38 4 1 1
13 39 1 1 1
13 40 1 1 0
13 41 1 1 1
13 42 9 1 0
13 43 3 1 0
13 44 7 1 0
13 45 7 1 1
13 46 7 1 0
13 47 8 1 0
13 48 8 1 1
13 49 10 1 1
13 50 4 1 1
13 51 4 1 0
13 52 1 1 1
13 53 1 1 0
13 54 7 1 1
13 55 2 1 0
13 56 7 1 0
13 57 2 1 0
13 58 3 1 0
13 59 6 1 0
13 60 10 1 1
13 61 5 1 0
13 62 2 1 0
13 63 5 1 0
14 0 7 1 0
14 1 2 1 0
14 2 8 1 1
14 3 6 1 1
14 4 5 1 1
14 5 4 1 1
14 6 4 1 0
14 7 9 1 1
14 8 3 1 1
14 9 2 1 0
14 10 3 1 1
14 11 5 1 0
14 12 10 1 0
14 13 6 1 0
14 14 7 1 0
14 15 8 1 0
14 16 5 1 0
14 17 8 1 1
14 18 2 1 1
14 19 5 1 0
14 20 5 1 0
14 21 5 1 1
14 22 6 1 1
14 23 2 1 1
14 24 1 1 0
14 25 2 1 0
14 26 8 1 1
14 27 9 1 0
14 28 6 1 1
14 29 9 1 1
14 30 10 1 1
14 31 10 1 0
14 32 8 1 1
14 33 10 1 1
14 34 7 1 0
14 35 6 1 1
14 36 1 1 0
14 37 8 1 0
14 38 6 1 0
14 39 4 1 0
14 40 4 1 1
14 41 4 1 1
14 42 10 1 1
14 43 9 1 1
14 44 3 1 0
14 45 8 1 1
14 46 7 1 0
14 47 9 1 0
14 48 1 1 1
14 49 9 1 1
14 50 1 1 1
14 51 4 1 0
14 52 9 1 1
14 53 9 1 1
14 54 4 1 0
14 55 6 1 1
14 56 1 1 0
14 57 10 1 0
14 58 4 1 1
14 59 1 1 1
14 60 1 1 1
14 61 5 1 0
14 62 1 1 1
14 63 1 1 1
15 0 7 1 0
15 1 8 1 0
15 2 1 1 1
15 3 2 1 1
15 4 10 1 0
15 5 2 1 0
15 6 2 1 1
15 7 1 1 0
15 8 3 1 1
15 9 5 1 0
15 10 9 1 0
15 11 10 1 0
15 12 2 1 0
15 13 7 1 1
15 14 2 1 1
15 15 8 1 0
15 16 9 1 0
15 17 5 1 1
15 18 6 1 0
15 19 7 1 0
15 20 6 1 1
15 21 6 1 0
15 22 3 1 0
15 23 6 1 1
15 24 1 1 1
15 25 3 1 0
15 26 3 1 1
15 27 4 1 0
15 28 1 1 1
15 29 1 1 0
15 30 8 1 1
15 31 9 1 0
15 32 9 1 0
15 33 1 1 1
15 34 8 1 0
15 35 6 1 1
15 36 10 1 1
15 37 5 1 1
15 38 6 1 0
15 39 3 1 1
15 40 4 1 1
15 41 2 1 1
15 42 3 1 1
15 43 1 1 1
15 44 2 1 0
15 45 5 1 0
15 46 1 1 0
15 47 2 1 1
15 48 7 1 0
15 49 7 1 1
15 50 7 1 0
15 51 9 1 0
15 52 2 1 1
15 53 6 1 0
15 54 10 1 1
15 55 10 1 0
15 56 1 1 1
15 57 6 1 0
15 58 7 1 0
15 59 4 1 1
15 60 7 1 0
15 61 8 1 1
15 62 4 1 1
15 63 5 1 0
16 0 9 1 1
16 1 3 1 0
16 2 10 1 1
16 3 2 1 0
16 4 10 1 0
16 5 10 1 0
16 6 7 1 1
16 7 1 1 0
16 8 10 1 1
16 9 2 1 0
16 10 10 1 1
16 11 1 1 1
16 12 2 1 1
16 13 7 1 0
16 14 2 1 1
16 15 9 1 1
16 16 6 1 1
16 17 10 1 1
16 18 1 1 0
16 19 1 1 0
16 20 10 1 1
16 21 7 1 1
16 22 2 1 0
16 23 7 1 0
16 24 2 1 0
16 25 4 1 0
16 26 8 1 0
16 27 2 1 1
16 28 1 1 0
16 29 9 1 0
16 30 7 1 1
16 31 2 1 1
16 32 6 1 0
16 33 7 1 1
16 34 5 1 0
16 35 7 1 0
16 36 2 1 1
16 37 2 1 0
16 38 1 1 1
16 39 3 1 1
16 40 2 1 0
16 41 4 1 0
16 42 9 1 1
16 43 5 1 0
16 44 10 1 0
16 45 7 1 0
16 46 6 1 0
16 47 2 1 0
16 48 5 1 1
16 49 3 1 0
16 50 3 1 0
16 51 3 1 0
16 52 8 1 0
16 53 3 1 1
16 54 9 1 1
16 55 8 1 0
16 56 7 1 0
16 57 4 1 0
16 58 2 1 0
16 59 6 1 1
16 60 3 1 1
16 61 5 1 0
16 62 2 1 0
16 63 9 1 0
17 0 10 1 1
17 1 7 1 0
17 2 9 1 1
17 3 9 1 0
17 4 1 1 0
17 5 5 1 0
17 6 3 1 0
17 7 9 1 0
17 8 8 1 1
17 9 9 1 0
17 10 10 1 0
17 11 8 1 1
17 12 8 1 0
17 13 1 1 1
17 14 8 1 1
17 15 10 1 0
17 16 10 1 1
17 17 1 1 0
17 18 9 1 1
17 19 8 1 0
17 20 4 1 1
17 21 8 1 1
17 22 5 1 1
17 23 8 1 0
17 24 7 1 0
17 25 9 1 0
17 26 9 1 1
17 27 10 1 0
17 28 2 1 0
17 29 10 1 0
17 30 6 1 1
17 31 10 1 0
17 32 6 1 1
17 33 5 1 0
17 34 2 1 1
17 35 6 1 1
17 36 9 1 0
17 37 5 1 1
17 38 10 1 1
17 39 3 1 1
17 40 2 1 1
17 41 2 1 1
17 42 2 1 1
17 43 4 1 0
17 44 3 1 0
17 45 3 1 1
17 46 7 1 0
17 47 1 1 0
17 48 2 1 0
17 49 6 1 0
17 50 4 1 1
17 51 9 1 0
17 52 7 1 0
17 53 8 1 0
17 54 4 1 1
17 55 9 1 0
17 56 1 1 0
17 57 9 1 0
17 58 9 1 1
17 59 6 1 0
17 60 8 1 0
17 61 6 1 0
17 62 4 1 1
17 63 6 1 0
18 0 2 1 0
18 1 7 1 1
18 2 8 1 -2
18 3 8 1 0
18 4 4 1 0
18 5 5 1 1
18 6 1 1 0
18 7 2 1 1
18 8 6 1 0
18 9 9 1 1
18 10 5 1 1
18 11 6 1 0
18 12 5 1 0
18 13 9 1 0
18 14 7 1 0
18 15 10 1 0
18 16 7 1 0
18 17 3 1 1
18 18 6 1 0
18 19 5 1 0
18 20 7 1 1
18 21 4 1 1
18 22 5 1 0
18 23 5 1 0
18 24 1 1 1
18 25 6 1 1
18 26 9 1 0
18 27 9 1 0
18 28 1 1 0
18 29 7 1 0
18 30 3 1 1
18 31 9 1 1
18 32 5 1 1
18 33 6 1 0
18 34 6 1 0
18 35 5 1 0
18 36 1 1 0
18 37 6 1 1
18 38 9 1 0
18 39 5 1 1
18 40 8 1 1
18 41 5 1 1
18 42 10 1 1
18 43 8 1 1
18 44 5 1 0
18 45 9 1 0
18 46 6 1 1
18 47 1 1 0
18 48 9 1 1
18 49 3 1 0
18 50 1 1 1
18 51 10 1 0
18 52 6 1 1
18 53 8 1 1
18 54 8 1 1
18 55 8 1 0
18 56 1 1 0
18 57 5 1 0
18 58 9 1 0
18 59 7 1 1
18 60 6 1 1
18 61 10 1 0
18 62 10 1 0
18 63 7 1 1
19 0 1 1 0
19 1 7 1 0
19 2 7 1 1
19 3 1 1 1
19 4 10 1 0
19 5 10 1 0
19 6 2 1 1
19 7 3 1 1
19 8 9 1 1
19 9 4 1 1
19 10 1 1 0
19 11 1 1 1
19 12 3 1 0
19 13 6 1 0
19 14 2 1 1
19 15 10 1 1
19 16 5 1 1
19 17 5 1 0
19 18 2 1 0
19 19 4 1 0
19 20 6 1 1
19 21 4 1 0
19 22 7 1 1
19 23 5 1 0
19 24 6 1 1
19 25 7 1 0
19 26 8 1 0
19 27 6 1 0
19 28 4 1 1
19 29 7 1 0
19 30 7 1 0
19 31 1 1 0
19 32 3 1 1
19 33 1 1 1
19 34 10 1 0
19 35 5 1 1
19 36 5 1 0
19 37 6 1 1
19 38 8 1 0
19 39 3 1 1
19 40 10 1 1
19 41 4 1 0
19 42 2 1 1
19 43 6 1 0
19 44 3 1 1
19 45 5 1 1
19 46 9 1 1
19 47 3 1 0
19 48 3 1 1
19 49 6 1 1
19 50 1 1 0
19 51 4 1 0
19 52 6 1 0
19 53 10 1 1
19 54 5 1 1
19 55 7 1 0
19 56 8 1 0
19 57 4 1 0
19 58 9 1 1
19 59 8 1 1
19 60 6 1 0
19 61 7 1 0
19 62 3 1 1
19 63 8 1 0
20 0 6 1 1
20 1 10 1 0
20 2 7 1 1
20 3 1 1 1
20 4 6 1 0
20 5 3 1 0
20 6 10 1 1
20 7 1 1 0
20 8 8 1 0
20 9 2 1 0
20 10 10 1 0
20 11 4 1 1
20 12 1 1 0
20 13 6 1 0
20 14 6 1 0
20 15 9 1 1
20 16 9 1 1
20 17 5 1 0
20 18 3 1 0
20 19 9 1 1
20 20 10 1 0
20 21 4 1 1
20 22 4 1 0
20 23 4 1 1
20 24 10 1 0
20 25 3 1 1
20 26 9 1 1
20 27 2 1 0
20 28 4 1 1
20 29 3 1 1
20 30 3 1 1
20 31 5 1 0
20 32 8 1 0
20 33 9 1 0
20 34 4 1 1
20 35 8 1 1
20 36 8 1 1
20 37 2 1 0
20 38 5 1 0
20 39 4 1 1
20 40 1 1 0
20 41 4 1 0
20 42 3 1 0
20 43 8 1 1
20 44 9 1 0
20 45 3 1 1
20 46 4 1 1
20 47 6 1 0
20 48 8 1 0
20 49 3 1 0
20 50 5 1 1
20 51 2 1 0
20 52 7 1 1
20 53 3 1 1
20 54 5 1 0
20 55 7 1 1
20 56 9 1 1
20 57 6 1 1
20 58 2 1 1
20 59 6 1 0
20 60 10 1 1
20 61 6 1 0
20 62 3 1 0
20 63 2 1 1
21 0 10 1 1
21 1 7 1 0
21 2 4 1 0
21 3 1 1 0
21 4 7 1 0
21 5 4 1 1
21 6 10 1 1
21 7 3 1 1
21 8 2 1 1
21 9 2 1 0
21 10 10 1 1
21 11 1 1 0
21 12 5 1 0
21 13 8 1 1
21 14 6 1 0
21 15 5 1 0
21 16 8 1 1
21 17 8 1 0
21 18 9 1 1
21 19 2 1 0
21 20 7 1 1
21 21 4 1 0
21 22 2 1 0
21 23 10 1 0
21 24 10 1 1
21 25 2 1 0
21 26 10 1 1
21 27 7 1 0
21 28 6 1 0
21 29 2 1 1
21 30 7 1 1
21 31 6 1 0
21 32 10 1 1
21 33 7 1 0
21 34 3 1 1
21 35 10 1 0
21 36 1 1 1
21 37 10 1 1
21 38 9 1 0
21 39 7 1 0
21 40 9 1 0
21 41 8 1 1
21 42 4 1 0
21 43 2 1 0
21 44 10 1 0
21 45 6 1 0
21 46 9 1 1
21 47 8 1 0
21 48 8 1 0
21 49 5 1 0
21 50 7 1 0
21 51 1 1 0
21 52 8 1 1
21 53 9 1 0
21 54 1 1 1
21 55 2 1 0
21 56 2 1 0
21 57 8 1 0
21 58 5 1 0
21 59 7 1 1
21 60 5 1 1
21 61 2 1 1
21 62 2 1 0
21 63 4 1 0
22 0 3 1 0
22 1 5 1 0
22 2 8 1 0
22 3 6 1 0
22 4 6 1 0
22 5 2 1 1
22 6 10 1 0
22 7 5 1 0
22 8 3 1 1
22 9 6 1 0
22 10 2 1 1
22 11 10 1 0
22 12 8 1 0
22 13 6 1 0
22 14 6 1 1
22 15 6 1 0
22 16 10 1 0
22 17 1 1 0
22 18 6 1 1
22 19 10 1 0
22 20 3 1 1
22 21 5 1 1
22 22 7 1 1
22 23 8 1 0
22 24 4 1 1
22 25 8 1 0
22 26 8 1 0
22 27 3 1 0
22 28 9 1 1
22 29 2 1 0
22 30 5 1 1
22 31 9 1 0
22 32 5 1 0
22 33 8 1 0
22 34 8 1 0
22 35 6 1 0
22 36 1 1 1
22 37 9 1 0
22 38 7 1 0
22 39 9 1 0
22 40 5 1 0
22 41 9 1 0
22 42 6 1 0
22 43 10 1 0
22 44 10 1 1
22 45 10 1 1
22 46 10 1 0
22 47 7 1 1
22 48 10 1 1
22 49 6 1 0
22 50 9 1 0
22 51 2 1 1
22 52 2 1 1
22 53 10 1 0
22 54 8 1 0
22 55 7 1 1
22 56 8 1 0
22 57 8 1 1
22 58 5 1 1
22 59 9 1 1
22 60 10 1 1
22 61 5 1 0
22 62 9 1 1
22 63 6 1 0
23 0 1 1 1
23 1 3 1 0
23 2 2 1 0
23 3 4 1 0
23 4 8 1 0
23 5 4 1 1
23 6 6 1 0
23 7 6 1 1
23 8 4 1 0
23 9 5 1 0
23 10 5 1 0
23 11 6 1 0
23 12 5 1 0
23 13 3 1 0
23 14 2 1 0
23 15 1 1 0
23 16 2 1 0
23 17 6 1 1
23 18 3 1 0
23 19 3 1 1
23 20 3 1 0
23 21 6 1 1
23 22 8 1 1
23 23 4 1 1
23 24 2 1 0
23 25 7 1 1
23 26 6 1 0
23 27 8 1 0
23 28 2 1 1
23 29 6 1 0
23 30 3 1 0
23 31 9 1 0
23 32 2 1 0
23 33 3 1 1
23 34 3 1 1
23 35 7 1 1
23 36 5 1 1
23 37 10 1 0
23 38 4 1 1
23 39 10 1 1
23 40 7 1 1
23 41 5 1 0
23 42 9 1 0
23 43 1 1 0
23 44 3 1 1
23 45 9 1 0
23 46 8 1 0
23 47 5 1 1
23 48 2 1 0
23 49 7 1 1
23 50 9 1 0
23 51 1 1 0
23 52 5 1 0
23 53 3 1 0
23 54 8 1 1
23 55 10 1 0
23 56 7 1 0
23 57 3 1 0
23 58 10 1 1
23 59 7 1 0
23 60 8 1 1
23 61 5 1 1
23 62 6 1 0
23 63 6 1 0
24 0 9 1 0
24 1 8 1 0
24 2 7 1 1
24 3 5 1 0
24 4 6 1 1
24 5 4 1 1
24 6 9 1 1
24 7 5 1 1
24 8 6 1 1
24 9 3 1 0
24 10 6 1 0
24 11 1 1 1
24 12 5 1 1
24 13 9 1 0
24 14 9 1 0
24 15 5 1 0
24 16 4 1 0
24 17 1 1 0
24 18 2 1 1
24 19 10 1 0
24 20 3 1 1
24 21 2 1 0
24 22 2 1 0
24 23 4 1 1
24 24 8 1 0
24 25 3 1 1
24 26 9 1 0
24 27 4 1 0
24 28 5 1 0
24 29 4 1 0
24 30 4 1 0
24 31 4 1 0
24 32 8 1 0
24 33 4 1 0
24 34 3 1 0
24 35 10 1 1
24 36 4 1 0
24 37 6 1 0
24 38 4 1 1
24 39 5 1 0
24 40 7 1 0
24 41 7 1 1
24 42 2 1 0
24 43 1 1 0
24 44 8 1 0
24 45 7 1 1
24 46 10 1 0
24 47 2 1 0
24 48 4 1 0
24 49 7 1 1
24 50 7 1 1
24 51 5 1 1
24 52 4 1 1
24 53 2 1 0
24 54 6 1 0
24 55 1 1 0
24 56 9 1 1
24 57 7 1 -1000
24 58 3 1 1
24 59 1 1 0
24 60 3 1 1
24 61 5 1 1
24 62 2 1 1
24 63 4 1 0
25 0 2 1 1
25 1 9 1 0
25 2 4 1 0
25 3 4 1 1
25 4 2 1 0
25 5 5 1 0
25 6 3 1 1
25 7 10 1 1
25 8 10 1 0
25 9 7 1 0
25 10 9 1 1
25 11 1 1 1
25 12 3 1 0
25 13 5 1 0
25 14 1 1 1
25 15 7 1 0
25 16 5 1 0
25 17 2 1 1
25 18 9 1 1
25 19 2 1 0
25 20 10 1 1
25 21 3 1 0
25 22 2 1 1
25 23 2 1 1
25 24 5 1 1
25 25 3 1 1
25 26 3 1 0
25 27 9 1 0
25 28 1 1 0
25 29 5 1 1
25 30 2 1 1
25 31 10 1 0
25 32 10 1 0
25 33 7 1 0
25 34 8 1 0
25 35 5 1 0
25 36 10 1 0
25 37 7 1 0
25 38 6 1 0
25 39 5 1 0
25 40 6 1 1
25 41 10 1 1
25 42 2 1 1
25 43 7 1 0
25 44 1 1 0
25 45 5 1 1
25 46 2 1 0
25 47 7 1 0
25 48 8 1 0
25 49 10 1 1
25 50 2 1 1
25 51 1 1 0
25 52 6 1 0
25 53 10 1 0
25 54 3 1 0
25 55 10 1 0
25 56 10 1 1
25 57 4 1 1
25 58 1 1 0
25 59 7 1 1
25 60 7 1 0
25 61 7 1 1
25 62 6 1 0
25 63 9 1 1
26 0 10 1 0
26 1 1 1 0
26 2 9 1 1
26 3 2 1 0
26 4 4 1 0
26 5 3 1 0
26 6 5 1 0
26 7 2 1 0
26 8 9 1 1
26 9 7 1 1
26 10 6 1 1
26 11 9 1 0
26 12 10 1 1
26 13 2 1 1
26 14 6 1 1
26 15 4 1 1
26 16 8 1 0
26 17 6 1 1
26 18 1 1 1
26 19 3 1 1
26 20 6 1 0
26 21 9 1 1
26 22 1 1 1
26 23 6 1 1
26 24 7 1 1
26 25 5 1 0
26 26 1 1 1
26 27 5 1 1
26 28 9 1 0
26 29 8 1 0
26 30 8 1 1
26 31 8 1 0
26 32 6 1 0
26 33 10 1 0
26 34 10 1 1
26 35 9 1 0
26 36 1 1 1
26 37 10 1 0
26 38 6 1 0
26 39 2 1 0
26 40 8 1 1
26 41 4 1 1
26 42 1 1 0
26 43 4 1 1
26 44 7 1 1
26 45 10 1 0
26 46 3 1 0
26 47 9 1 1
26 48 5 1 0
26 49 3 1 1
26 50 8 1 0
26 51 2 1 0
26 52 1 1 1
26 53 10 1 0
26 54 3 1 1
26 55 9 1 0
26 56 6 1 0
26 57 8 1 0
26 58 8 1 0
26 59 4 1 0
26 60 7 1 0
26 61 9 1 0
26 62 6 1 1
26 63 1 1 0
27 0 6 1 1
27 1 6 1 0
27 2 3 1 0
27 3 5 1 1
27 4 1 1 0
27 5 9 1 0
27 6 3 1 1
27 7 9 1 0
27 8 9 1 0
27 9 4 1 0
27 10 6 1 0
27 11 7 1 1
27 12 8 1 1
27 13 9 1 1
27 14 1 1 1
27 15 2 1 1
27 16 5 1 1
27 17 2 1 1
27 18 4 1 1
27 19 7 1 0
27 20 2 1 0
27 21 8 1 0
27 22 1 1 0
27 23 5 1 1
27 24 6 1 1
27 25 6 1 0
27 26 6 1 0
27 27 1 1 1
27 28 9 1 0
27 29 4 1 0
27 30 2 1 0
27 31 1 1 0
27 32 4 1 1
27 33 8 1 1
27 34 8 1 1
27 35 2 1 0
27 36 1 1 0
27 37 7 1 0
27 38 3 1 0
27 39 3 1 0
27 40 6 1 1
27 41 6 1 1
27 42 5 1 0
27 43 7 1 0
27 44 7 1 0
27 45 5 1 0
27 46 4 1 0
27 47 3 1 0
27 48 8 1 1
27 49 7 1 1
27 50 4 1 1
27 51 7 1 0
27 52 10 1 0
27 53 3 1 0
27 54 10 1 1
27 55 2 1 1
27 56 5 1 0
27 57 4 1 0
27 58 5 1 -8
27 59 7 1 0
27 60 10 1 0
27 61 6 1 1
27 62 4 1 0
27 63 4 1 0
28 0 10 1 0
28 1 7 1 1
28 2 6 1 0
28 3 5 1 1
28 4 6 1 1
28 5 10 1 0
28 6 1 1 0
28 7 2 1 1
28 8 2 1 1
28 9 1 1 1
28 10 2 1 1
28 11 6 1 1
28 12 2 1 0
28 13 9 1 0
28 14 7 1 1
28 15 7 1 1
28 16 3 1 1
28 17 8 1 0
28 18 3 1 1
28 19 9 1 1
28 20 3 1 1
28 21 10 1 0
28 22 3 1 1
28 23 1 1 0
28 24 6 1 1
28 25 2 1 1
28 26 8 1 0
28 27 9 1 0
28 28 2 1 0
28 29 6 1 1
28 30 6 1 0
28 31 3 1 1
28 32 8 1 0
28 33 8 1 1
28 34 4 1 0
28 35 10 1 0
28 36 1 1 1
28 37 1 1 0
28 38 10 1 1
28 39 7 1 1
28 40 1 1 1
28 41 5 1 0
28 42 10 1 0
28 43 8 1 0
28 44 8 1 1
28 45 6 1 0
28 46 8 1 1
28 47 4 1 0
28 48 10 1 0
28 49 8 1 0
28 50 10 1 0
28 51 5 1 1
28 52 1 1 0
28 53 8 1 1
28 54 8 1 1
28 55 2 1 1
28 56 9 1 1
28 57 2 1 1
28 58 7 1 1
28 59 5 1 1
28 60 7 1 0
28 61 7 1 1
28 62 6 1 0
28 63 9 1 1
29 0 1 1 1
29 1 9 1 1
29 2 10 1 0
29 3 7 1 0
29 4 10 1 0
29 5 4 1 0
29 6 4 1 0
29 7 8 1 0
29 8 3 1 0
29 9 3 1 0
29 10 8 1 0
29 11 8 1 1
29 12 1 1 1
29 13 3 1 0
29 14 2 1 0
29 15 8 1 0
29 16 9 1 1
29 17 2 1 0
29 18 7 1 0
29 19 5 1 0
29 20 4 1 0
29 21 9 1 1
29 22 1 1 0
29 23 4 1 0
29 24 5 1 0
29 25 6 1 0
29 26 7 1 1
29 27 3 1 0
29 28 6 1 0
29 29 1 1 1
29 30 1 1 0
29 31 9 1 1
29 32 1 1 0
29 33 3 1 1
29 34 4 1 1
29 35 9 1 0
29 36 4 1 1
29 37 5 1 0
29 38 10 1 1
29 39 8 1 0
29 40 9 1 1
29 41 10 1 1
29 42 5 1 0
29 43 4 1 1
29 44 6 1 0
29 45 3 1 0
29 46 9 1 1
29 47 1 1 0
29 48 6 1 0
29 49 8 1 0
29 50 4 1 0
29 51 6 1 0
29 52 7 1 1
29 53 4 1 0
29 54 5 1 1
29 55 1 1 0
29 56 5 1 0
29 57 8 1 0
29 58 4 1 0
29 59 8 1 1
29 60 1 1 0
29 61 1 1 1
29 62 7 1 1
29 63 10 1 0
30 0 8 1 0
30 1 7 1 0
30 2 4 1 1
30 3 3 1 0
30 4 5 1 0
30 5 7 1 1
30 6 9 1 1
30 7 9 1 1
30 8 10 1 0
30 9 8 1 0
30 10 5 1 0
30 11 8 1 0
30 12 8 1 1
30 13 5 1 0
30 14 9 1 1
30 15 6 1 0
30 16 6 1 0
30 17 6 1 0
30 18 8 1 1
30 19 3 1 0
30 20 10 1 0
30 21 7 1 0
30 22 10 1 0
30 23 2 1 0
30 24 1 1 0
30 25 4 1 1
30 26 3 1 1
30 27 4 1 0
30 28 4 1 0
30 29 1 1 0
30 30 3 1 1
30 31 6 1 1
30 32 7 1 1
30 33 3 1 1
30 34 7 1 0
30 35 4 1 1
30 36 1 1 0
30 37 6 1 1
30 38 2 1 0
30 39 6 1 1
30 40 3 1 0
30 41 3 1 0
30 42 9 1 0
30 43 4 1 0
30 44 8 1 1
30 45 5 1 0
30 46 7 1 -28
30 47 6 1 0
30 48 10 1 1
30 49 6 1 0
30 50 6 1 0
30 51 8 1 0
30 52 1 1 0
30 53 1 1 0
30 54 7 1 0
30 55 8 1 1
30 56 6 1 0
30 57 1 1 1
30 58 4 1 0
30 59 10 1 0
30 60 10 1 0
30 61 1 1 0
30 62 7 1 1
30 63 9 1 1
31 0 7 1 1
31 1 3 1 0
31 2 7 1 0
31 3 4 1 1
31 4 8 1 0
31 5 4 1 0
31 6 6 1 0
31 7 4 1 0
31 8 7 1 0
31 9 3 1 0
31 10 7 1 0
31 11 10 1 1
31 12 3 1 1
31 13 8 1 1
31 14 2 1 1
31 15 6 1 0
31 16 6 1 1
31 17 9 1 1
31 18 9 1 0
31 19 9 1 0
31 20 10 1 1
31 21 1 1 0
31 22 4 1 0
31 23 1 1 1
31 24 10 1 0
31 25 3 1 1
31 26 4 1 0
31 27 3 1 1
31 28 4 1 1
31 29 3 1 0
31 30 7 1 1
31 31 6 1 1
31 32 8 1 0
31 33 3 1 1
31 34 7 1 0
31 35 4 1 0
31 36 9 1 0
31 37 7 1 0
31 38 1 1 0
31 39 9 1 0
31 40 7 1 0
31 41 1 1 0
31 42 1 1 0
31 43 1 1 0
31 44 8 1 1
31 45 8 1 1
31 46 9 1 0
31 47 8 1 0
31 48 7 1 0
31 49 8 1 1
31 50 3 1 1
31 51 7 1 0
31 52 10 1 0
31 53 1 1 1
31 54 6 1 0
31 55 4 1 0
31 56 10 1 0
31 57 5 1 0
31 58 9 1 1
31 59 5 1 0
31 60 1 1 0
31 61 5 1 0
31 62 3 1 1
31 63 8 1 0
32 0 4 1 1
32 1 10 1 0
32 2 1 1 0
32 3 9 1 0
32 4 9 1 1
32 5 4 1 0
32 6 8 1 1
32 7 2 1 1
32 8 3 1 1
32 9 9 1 0
32 10 4 1 0
32 11 1 1 1
32 12 1 1 1
32 13 10 1 0
32 14 9 1 0
32 15 2 1 1
32 16 2 1 1
32 17 7 1 1
32 18 9 1 0
32 19 10 1 0
32 20 10 1 1
32 21 1 1 0
32 22 7 1 0
32 23 6 1 0
32 24 3 1 1
32 25 7 1 1
32 26 10 1 0
32 27 7 1 0
32 28 10 1 0
32 29 9 1 1
32 30 10 1 0
32 31 3 1 0
32 32 7 1 1
32 33 1 1 0
32 34 3 1 0
32 35 10 1 1
32 36 6 1 0
32 37 10 1 0
32 38 5 1 1
32 39 1 1 0
32 40 4 1 0
32 41 7 1 0
32 42 3 1 0
32 43 1 1 1
32 44 5 1 0
32 45 8 1 1
32 46 10 1 1
32 47 4 1 0
32 48 4 1 1
32 49 7 1 1
32 50 5 1 1
32 51 6 1 0
32 52 2 1 1
32 53 6 1 0
32 54 10 1 0
32 55 4 1 1
32 56 8 1 0
32 57 7 1 1
32 58 8 1 0
32 59 2 1 1
32 60 8 1 0
32 61 7 1 0
32 62 9 1 0
32 63 3 1 1
33 0 9 1 1
33 1 10 1 0
33 2 8 1 1
33 3 2 1 1
33 4 2 1 0
33 5 8 1 1
33 6 5 1 1
33 7 4 1 1
33 8 8 1 0
33 9 1 1 1
33 10 2 1 0
33 11 9 1 1
33 12 7 1 0
33 13 9 1 1
33 14 2 1 0
33 15 5 1 0
33 16 1 1 1
33 17 7 1 0
33 18 8 1 0
33 19 8 1 0
33 20 6 1 1
33 21 2 1 0
33 22 4 1 0
33 23 10 1 1
33 24 5 1 0
33 25 7 1 0
33 26 3 1 0
33 27 8 1 0
33 28 5 1 0
33 29 9 1 1
33 30 6 1 0
33 31 9 1 1
33 32 8 1 1
33 33 2 1 1
33 34 3 1 0
33 35 6 1 0
33 36 7 1 1
33 37 5 1 1
33 38 5 1 1
33 39 8 1 0
33 40 2 1 1
33 41 10 1 1
33 42 6 1 1
33 43 1 1 0
33 44 2 1 0
33 45 7 1 1
33 46 7 1 1
33 47 10 1 1
33 48 9 1 0
33 49 10 1 0
33 50 10 1 1
33 51 1 1 1
33 52 3 1 0
33 53 6 1 1
33 54 4 1 0
33 55 4 1 0
33 56 6 1 1
33 57 8 1 0
33 58 9 1 1
33 59 9 1 0
33 60 2 1 0
33 61 3 1 1
33 62 4 1 1
33 63 1 1 1
34 0 9 1 1
34 1 4 1 1
34 2 8 1 0
34 3 1 1 0
34 4 7 1 0
34 5 3 1 1
34 6 4 1 1
34 7 4 1 1
34 8 9 1 0
34 9 5 1 1
34 10 6 1 0
34 11 1 1 1
34 12 2 1 0
34 13 2 1 0
34 14 2 1 1
34 15 10 1 1
34 16 2 1 0
34 17 1 1 1
34 18 1 1 1
34 19 7 1 1
34 20 8 1 0
34 21 6 1 1
34 22 4 1 1
34 23 4 1 1
34 24 10 1 1
34 25 4 1 0
34 26 4 1 0
34 27 1 1 1
34 28 8 1 0
34 29 5 1 0
34 30 8 1 0
34 31 7 1 1
34 32 3 1 1
34 33 4 1 1
34 34 1 1 0
34 35 5 1 1
34 36 2 1 1
34 37 10 1 1
34 38 10 1 1
34 39 5 1 0
34 40 6 1 1
34 41 6 1 0
34 42 4 1 0
34 43 1 1 0
34 44 7 1 0
34 45 7 1 0
34 46 6 1 0
34 47 7 1 0
34 48 6 1 1
34 49 9 1 1
34 50 6 1 1
34 51 6 1 1
34 52 2 1 0
34 53 6 1 0
34 54 1 1 1
34 55 6 1 0
34 56 8 1 1
34 57 7 1 0
34 58 5 1 0
34 59 1 1 0
34 60 9 1 0
34 61 6 1 1
34 62 6 1 1
34 63 10 1 1
35 0 10 1 0
35 1 9 1 1
35 2 10 1 1
35 3 10 1 1
35 4 10 1 1
35 5 9 1 1
35 6 2 1 1
35 7 3 1 0
35 8 4 1 0
35 9 5 1 0
35 10 9 1 0
35 11 6 1 0
35 12 5 1 0
35 13 5 1 0
35 14 9 1 1
35 15 1 1 0
35 16 6 1 0
35 17 8 1 0
35 18 2 1 1
35 19 10 1 1
35 20 9 1 1
35 21 2 1 0
35 22 8 1 1
35 23 3 1 1
35 24 10 1 1
35 25 8 1 0
35 26 6 1 0
35 27 5 1 1
35 28 10 1 0
35 29 6 1 0
35 30 3 1 0
35 31 6 1 1
35 32 8 1 0
35 33 10 1 0
35 34 8 1 0
35 35 10 1 1
35 36 8 1 1
35 37 2 1 1
35 38 6 1 0
35 39 8 1 1
35 40 7 1 1
35 41 6 1 1
35 42 10 1 1
35 43 5 1 0
35 44 9 1 0
35 45 2 1 1
35 46 8 1 0
35 47 3 1 0
35 48 1 1 1
35 49 4 1 1
35 50 3 1 1
35 51 7 1 0
35 52 2 1 1
35 53 7 1 1
35 54 8 1 0
35 55 5 1 1
35 56 8 1 1
35 57 1 1 1
35 58 2 1 0
35 59 8 1 0
35 60 9 1 1
35 61 5 1 0
35 62 2 1 1
35 63 8 1 0
36 0 1 1 1
36 1 4 1 0
36 2 4 1 1
36 3 5 1 1
36 4 6 1 0
36 5 2 1 0
36 6 6 1 0
36 7 1 1 1
36 8 7 1 0
36 9 7 1 1
36 10 4 1 1
36 11 10 1 1
36 12 4 1 1
36 13 6 1 0
36 14 10 1 0
36 15 1 1 0
36 16 6 1 1
36 17 10 1 0
36 18 7 1 1
36 19 8 1 1
36 20 8 1 1
36 21 9 1 1
36 22 5 1 1
36 23 10 1 0
36 24 2 1 1
36 25 8 1 0
36 26 6 1 0
36 27 5 1 0
36 28 7 1 0
36 29 8 1 0
36 30 1 1 1
36 31 3 1 0
36 32 8 1 1
36 33 3 1 0
36 34 4 1 0
36 35 7 1 0
36 36 1 1 0
36 37 1 1 0
36 38 3 1 0
36 39 7 1 0
36 40 7 1 1
36 41 5 1 0
36 42 7 1 1
36 43 2 1 0
36 44 5 1 1
36 45 6 1 0
36 46 8 1 1
36 47 9 1 0
36 48 1 1 1
36 49 9 1 0
36 50 7 1 1
36 51 5 1 0
36 52 7 1 1
36 53 10 1 1
36 54 7 1 1
36 55 7 1 0
36 56 10 1 1
36 57 2 1 1
36 58 4 1 1
36 59 8 1 0
36 60 1 1 0
36 61 9 1 1
36 62 7 1 0
36 63 7 1 0
37 0 4 1 1
37 1 8 1 1
37 2 7 1 0
37 3 6 1 0
37 4 7 1 0
37 5 3 1 0
37 6 5 1 0
37 7 9 1 1
37 8 4 1 0
37 9 1 1 1
37 10 1 1 0
37 11 4 1 1
37 12 3 1 1
37 13 3 1 0
37 14 6 1 1
37 15 4 1 1
37 16 8 1 1
37 17 3 1 1
37 18 6 1 1
37 19 7 1 0
37 20 8 1 1
37 21 5 1 1
37 22 6 1 0
37 23 5 1 1
37 24 10 1 1
37 25 8 1 1
37 26 2 1 1
37 27 4 1 1
37 28 10 1 1
37 29 5 1 1
37 30 3 1 0
37 31 9 1 1
37 32 6 1 0
37 33 9 1 0
37 34 9 1 0
37 35 8 1 0
37 36 7 1 0
37 37 5 1 0
37 38 2 1 1
37 39 8 1 0
37 40 4 1 0
37 41 2 1 0
37 42 7 1 0
37 43 9 1 1
37 44 2 1 1
37 45 3 1 1
37 46 3 1 0
37 47 10 1 0
37 48 6 1 1
37 49 4 1 0
37 50 8 1 0
37 51 9 1 0
37 52 6 1 0
37 53 10 1 0
37 54 6 1 1
37 55 4 1 0
37 56 6 1 0
37 57 8 1 0
37 58 1 1 0
37 59 6 1 0
37 60 5 1 0
37 61 7 1 1
37 62 3 1 0
37 63 2 1 1
38 0 9 1 1
38 1 2 1 -799
38 2 6 1 1
38 3 5 1 1
38 4 5 1 1
38 5 5 1 0
38 6 3 1 0
38 7 9 1 1
38 8 3 1 1
38 9 4 1 1
38 10 8 1 1
38 11 9 1 1
38 12 3 1 1
38 13 7 1 0
38 14 5 1 0
38 15 5 1 1
38 16 8 1 1
38 17 5 1 1
38 18 7 1 0
38 19 4 1 1
38 20 6 1 0
38 21 2 1 0
38 22 4 1 1
38 23 10 1 0
38 24 1 1 1
38 25 5 1 0
38 26 2 1 1
38 27 7 1 0
38 28 1 1 1
38 29 7 1 1
38 30 4 1 1
38 31 7 1 1
38 32 9 1 0
38 33 5 1 1
38 34 3 1 1
38 35 4 1 0
38 36 3 1 -1
38 37 6 1 0
38 38 4 1 0
38 39 8 1 1
38 40 5 1 0
38 41 9 1 1
38 42 10 1 0
38 43 5 1 0
38 44 5 1 0
38 45 5 1 1
38 46 8 1 1
38 47 3 1 1
38 48 3 1 1
38 49 4 1 1
38 50 10 1 1
38 51 9 1 0
38 52 8 1 1
38 53 9 1 0
38 54 8 1 0
38 55 5 1 1
38 56 3 1 1
38 57 8 1 0
38 58 7 1 1
38 59 2 1 0
38 60 8 1 0
38 61 9 1 0
38 62 5 1 0
38 63 1 1 1
39 0 8 1 1
39 1 3 1 0
39 2 8 1 0
39 3 3 1 1
39 4 1 1 0
39 5 5 1 1
39 6 2 1 1
39 7 5 1 0
39 8 4 1 1
39 9 1 1 1
39 10 3 1 1
39 11 2 1 0
39 12 6 1 1
39 13 2 1 1
39 14 2 1 1
39 15 2 1 1
39 16 6 1 1
39 17 2 1 0
39 18 9 1 1
39 19 7 1 1
39 20 10 1 0
39 21 3 1 1
39 22 3 1 0
39 23 8 1 0
39 24 8 1 1
39 25 2 1 0
39 26 7 1 0
39 27 2 1 0
39 28 4 1 0
39 29 2 1 0
39 30 10 1 0
39 31 7 1 0
39 32 1 1 1
39 33 2 1 0
39 34 3 1 0
39 35 2 1 1
39 36 7 1 0
39 37 1 1 1
39 38 10 1 1
39 39 1 1 0
39 40 10 1 1
39 41 5 1 0
39 42 4 1 1
39 43 9 1 0
39 44 6 1 1
39 45 7 1 0
39 46 10 1 0
39 47 8 1 0
39 48 9 1 1
39 49 4 1 0
39 50 2 1 0
39 51 5 1 1
39 52 1 1 0
39 53 6 1 0
39 54 3 1 1
39 55 10 1 1
39 56 6 1 0
39 57 9 1 0
39 58 5 1 1
39 59 7 1 0
39 60 6 1 0
39 61 2 1 0
39 62 1 1 1
39 63 7 1 1
40 0 5 1 0
40 1 3 1 1
40 2 10 1 0
40 3 7 1 0
40 4 6 1 1
40 5 10 1 1
40 6 5 1 0
40 7 5 1 0
40 8 5 1 1
40 9 1 1 1
40 10 5 1 0
40 11 8 1 1
40 12 1 1 1
40 13 5 1 0
40 14 3 1 0
40 15 5 1 1
40 16 2 1 0
40 17 5 1 0
40 18 8 1 1
40 19 9 1 1
40 20 2 1 1
40 21 8 1 1
40 22 4 1 0
40 23 2 1 0
40 24 6 1 0
40 25 1 1 1
40 26 4 1 1
40 27 2 1 1
40 28 1 1 0
40 29 3 1 1
40 30 4 1 0
40 31 2 1 1
40 32 5 1 1
40 33 2 1 1
40 34 10 1 1
40 35 10 1 1
40 36 4 1 1
40 37 10 1 0
40 38 4 1 1
40 39 1 1 1
40 40 1 1 0
40 41 9 1 0
40 42 6 1 1
40 43 1 1 0
40 44 10 1 0
40 45 4 1 1
40 46 2 1 1
40 47 10 1 1
40 48 7 1 1
40 49 2 1 1
40 50 4 1 1
40 51 8 1 0
40 52 2 1 1
40 53 4 1 0
40 54 2 1 1
40 55 1 1 0
40 56 1 1 1
40 57 7 1 0
40 58 1 1 0
40 59 1 1 1
40 60 5 1 0
40 61 1 1 1
40 62 7 1 1
40 63 2 1 0
41 0 8 1 1
41 1 10 1 1
41 2 6 1 0
41 3 5 1 1
41 4 2 1 0
41 5 3 1 0
41 6 9 1 0
41 7 2 1 1
41 8 1 1 0
41 9 4 1 1
41 10 7 1 0
41 11 3 1 1
41 12 10 1 0
41 13 4 1 1
41 14 4 1 0
41 15 8 1 0
41 16 2 1 1
41 17 1 1 1
41 18 10 1 0
41 19 6 1 0
41 20 1 1 0
41 21 9 1 1
41 22 3 1 0
41 23 2 1 0
41 24 8 1 1
41 25 9 1 0
41 26 7 1 1
41 27 8 1 0
41 28 4 1 1
41 29 6 1 1
41 30 8 1 1
41 31 6 1 1
41 32 5 1 1
41 33 1 1 1
41 34 10 1 0
41 35 3 1 1
41 36 6 1 1
41 37 7 1 -1
41 38 10 1 1
41 39 9 1 1
41 40 4 1 1
41 41 5 1 0
41 42 4 1 1
41 43 7 1 1
41 44 3 1 1
41 45 9 1 1
41 46 10 1 1
41 47 5 1 1
41 48 10 1 1
41 49 6 1 0
41 50 9 1 0
41 51 3 1 0
41 52 6 1 0
41 53 6 1 1
41 54 6 1 1
41 55 9 1 0
41 56 9 1 1
41 57 9 1 0
41 58 10 1 1
41 59 5 1 1
41 60 2 1 0
41 61 4 1 1
41 62 3 1 0
41 63 7 1 1
42 0 6 1 1
42 1 9 1 1
42 2 3 1 1
42 3 7 1 1
42 4 3 1 1
42 5 7 1 1
42 6 1 1 1
42 7 9 1 1
42 8 4 1 1
42 9 1 1 1
42 10 10 1 1
42 11 3 1 1
42 12 3 1 1
42 13 3 1 1
42 14 10 1 1
42 15 1 1 0
42 16 10 1 1
42 17 5 1 0
42 18 7 1 0
42 19 9 1 0
42 20 8 1 0
42 21 1 1 0
42 22 1 1 0
42 23 4 1 1
42 24 7 1 1
42 25 5 1 0
42 26 4 1 1
42 27 2 1 1
42 28 5 1 1
42 29 9 1 0
42 30 10 1 1
42 31 3 1 1
42 32 1 1 0
42 33 10 1 0
42 34 7 1 1
42 35 3 1 0
42 36 4 1 1
42 37 5 1 0
42 38 9 1 0
42 39 7 1 1
42 40 3 1 0
42 41 6 1 0
42 42 8 1 0
42 43 4 1 1
42 44 7 1 1
42 45 5 1 1
42 46 8 1 0
42 47 10 1 1
42 48 2 1 0
42 49 2 1 1
42 50 6 1 0
42 51 3 1 0
42 52 2 1 0
42 53 7 1 0
42 54 9 1 1
42 55 10 1 0
42 56 10 1 1
42 57 8 1 0
42 58 9 1 1
42 59 9 1 1
42 60 8 1 1
42 61 9 1 1
42 62 8 1 1
42 63 7 1 0
43 0 2 1 0
43 1 1 1 0
43 2 9 1 0
43 3 9 1 0
43 4 9 1 1
43 5 3 1 1
43 6 5 1 0
43 7 10 1 0
43 8 5 1 0
43 9 3 1 1
43 10 9 1 0
43 11 5 1 0
43 12 8 1 0
43 13 5 1 1
43 14 8 1 1
43 15 1 1 1
43 16 6 1 0
43 17 4 1 1
43 18 8 1 0
43 19 3 1 1
43 20 8 1 1
43 21 2 1 0
43 22 6 1 0
43 23 1 1 1
43 24 3 1 0
43 25 1 1 0
43 26 4 1 0
43 27 9 1 0
43 28 2 1 0
43 29 2 1 1
43 30 8 1 1
43 31 10 1 0
43 32 2 1 1
43 33 5 1 0
43 34 9 1 0
43 35 6 1 1
43 36 2 1 0
43 37 10 1 0
43 38 6 1 1
43 39 2 1 0
43 40 2 1 1
43 41 1 1 1
43 42 10 1 0
43 43 3 1 1
43 44 2 1 1
43 45 4 1 1
43 46 7 1 0
43 47 2 1 1
43 48 8 1 0
43 49 4 1 1
43 50 7 1 1
43 51 6 1 1
43 52 8 1 0
43 53 10 1 0
43 54 7 1 1
43 55 4 1 1
43 56 1 1 0
43 57 10 1 0
43 58 8 1 0
43 59 8 1 1
43 60 4 1 0
43 61 4 1 0
43 62 3 1 0
43 63 10 1 1
44 0 4 1 0
44 1 6 1 1
44 2 2 1 1
44 3 5 1 1
44 4 8 1 1
44 5 9 1 0
44 6 2 1 1
44 7 8 1 0
44 8 1 1 0
44 9 6 1 1
44 10 4 1 1
44 11 4 1 1
44 12 4 1 1
44 13 7 1 0
44 14 9 1 0
44 15 2 1 0
44 16 10 1 0
44 17 8 1 0
44 18 7 1 1
44 19 8 1 0
44 20 3 1 3
44 21 2 1 1
44 22 5 1 0
44 23 3 1 0
44 24 9 1 0
44 25 9 1 1
44 26 4 1 0
44 27 10 1 0
44 28 4 1 0
44 29 3 1 0
44 30 1 1 1
44 31 1 1 0
44 32 2 1 0
44 33 4 1 0
44 34 8 1 0
44 35 10 1 1
44 36 2 1 0
44 37 5 1 1
44 38 6 1 0
44 39 9 1 0
44 40 9 1 1
44 41 2 1 0
44 42 5 1 0
44 43 2 1 1
44 44 9 1 1
44 45 8 1 0
44 46 10 1 1
44 47 7 1 0
44 48 8 1 1
44 49 8 1 1
44 50 6 1 1
44 51 10 1 0
44 52 9 1 1
44 53 7 1 0
44 54 4 1 1
44 55 9 1 1
44 56 10 1 1
44 57 9 1 0
44 58 1 1 1
44 59 5 1 1
44 60 10 1 1
44 61 7 1 1
44 62 3 1 1
44 63 3 1 0
45 0 2 1 0
45 1 6 1 0
45 2 2 1 1
45 3 2 1 0
45 4 4 1 0
45 5 8 1 1
45 6 9 1 1
45 7 3 1 0
45 8 4 1 0
45 9 5 1 0
45 10 1 1 1
45 11 7 1 0
45 12 5 1 1
45 13 5 1 1
45 14 2 1 0
45 15 3 1 0
45 16 7 1 1
45 17 3 1 0
45 18 10 1 1
45 19 3 1 1
45 20 2 1 1
45 21 9 1 1
45 22 7 1 0
45 23 6 1 1
45 24 9 1 1
45 25 4 1 1
45 26 3 1 0
45 27 3 1 0
45 28 9 1 0
45 29 7 1 0
45 30 3 1 1
45 31 6 1 1
45 32 3 1 1
45 33 6 1 0
45 34 3 1 1
45 35 4 1 1
45 36 5 1 0
45 37 5 1 0
45 38 1 1 1
45 39 2 1 1
45 40 2 1 0
45 41 8 1 0
45 42 10 1 0
45 43 3 1 0
45 44 9 1 1
45 45 8 1 1
45 46 4 1 0
45 47 7 1 1
45 48 7 1 1
45 49 8 1 1
45 50 7 1 0
45 51 9 1 0
45 52 5 1 0
45 53 3 1 0
45 54 6 1 0
45 55 1 1 0
45 56 6 1 1
45 57 3 1 1
45 58 9 1 -4
45 59 6 1 1
45 60 10 1 1
45 61 1 1 0
45 62 4 1 0
45 63 2 1 1
46 0 9 1 0
46 1 10 1 0
46 2 5 1 0
46 3 10 1 1
46 4 9 1 1
46 5 2 1 0
46 6 2 1 1
46 7 9 1 0
46 8 6 1 0
46 9 5 1 1
46 10 2 1 0
46 11 2 1 1
46 12 4 1 0
46 13 5 1 1
46 14 4 1 0
46 15 6 1 1
46 16 4 1 1
46 17 4 1 1
46 18 6 1 1
46 19 10 1 1
46 20 10 1 1
46 21 6 1 0
46 22 8 1 1
46 23 2 1 0
46 24 6 1 0
46 25 5 1 0
46 26 6 1 1
46 27 10 1 1
46 28 4 1 0
46 29 2 1 0
46 30 10 1 0
46 31 7 1 0
46 32 1 1 1
46 33 2 1 1
46 34 4 1 1
46 35 2 1 0
46 36 8 1 1
46 37 8 1 1
46 38 10 1 0
46 39 3 1 1
46 40 5 1 0
46 41 7 1 1
46 42 6 1 1
46 43 2 1 0
46 44 5 1 0
46 45 5 1 1
46 46 1 1 0
46 47 2 1 0
46 48 8 1 1
46 49 4 1 1
46 50 9 1 0
46 51 1 1 0
46 52 3 1 0
46 53 10 1 0
46 54 4 1 0
46 55 6 1 1
46 56 10 1 0
46 57 6 1 1
46 58 9 1 1
46 59 8 1 0
46 60 2 1 1
46 61 9 1 1
46 62 4 1 1
46 63 7 1 1
47 0 9 1 1
47 1 9 1 1
47 2 10 1 0
47 3 5 1 1
47 4 7 1 1
47 5 8 1 0
47 6 6 1 0
47 7 7 1 0
47 8 1 1 1
47 9 1 1 0
47 10 6 1 1
47 11 1 1 0
47 12 1 1 0
47 13 1 1 0
47 14 2 1 0
47 15 9 1 0
47 16 8 1 1
47 17 5 1 0
47 18 2 1 0
47 19 1 1 0
47 20 3 1 1
47 21 1 1 1
47 22 10 1 1
47 23 1 1 1
47 24 9 1 1
47 25 6 1 1
47 26 8 1 0
47 27 1 1 1
47 28 9 1 1
47 29 8 1 1
47 30 2 1 0
47 31 7 1 0
47 32 9 1 0
47 33 8 1 0
47 34 5 1 0
47 35 2 1 0
47 36 5 1 1
47 37 10 1 1
47 38 10 1 1
47 39 4 1 1
47 40 3 1 1
47 41 5 1 1
47 42 3 1 0
47 43 4 1 0
47 44 6 1 1
47 45 7 1 1
47 46 4 1 1
47 47 7 1 1
47 48 4 1 1
47 49 5 1 1
47 50 8 1 0
47 51 5 1 0
47 52 1 1 0
47 53 9 1 0
47 54 6 1 1
47 55 2 1 0
47 56 7 1 0
47 57 5 1 1
47 58 1 1 1
47 59 5 1 1
47 60 1 1 0
47 61 8 1 0
47 62 3 1 1
47 63 8 1 0
48 0 9 1 1
48 1 10 1 0
48 2 8 1 0
48 3 4 1 1
48 4 8 1 1
48 5 4 1 0
48 6 8 1 0
48 7 8 1 0
48 8 7 1 1
48 9 3 1 0
48 10 6 1 0
48 11 5 1 1
48 12 8 1 1
48 13 1 1 0
48 14 2 1 1
48 15 6 1 0
48 16 10 1 1
48 17 10 1 0
48 18 8 1 1
48 19 5 1 0
48 20 6 1 1
48 21 2 1 0
48 22 5 1 1
48 23 7 1 0
48 24 5 1 1
48 25 8 1 1
48 26 8 1 0
48 27 8 1 1
48 28 4 1 0
48 29 9 1 1
48 30 8 1 0
48 31 8 1 0
48 32 7 1 0
48 33 4 1 1
48 34 1 1 1
48 35 4 1 0
48 36 3 1 0
48 37 4 1 1
48 38 3 1 0
48 39 4 1 0
48 40 2 1 0
48 41 8 1 0
48 42 10 1 1
48 43 7 1 1
48 44 1 1 1
48 45 8 1 0
48 46 5 1 1
48 47 7 1 0
48 48 5 1 0
48 49 6 1 0
48 50 1 1 0
48 51 5 1 1
48 52 1 1 1
48 53 6 1 0
48 54 3 1 0
48 55 5 1 1
48 56 4 1 1
48 57 10 1 1
48 58 4 1 1
48 59 5 1 1
48 60 7 1 1
48 61 4 1 0
48 62 6 1 0
48 63 5 1 1
49 0 8 1 0
49 1 8 1 0
49 2 9 1 0
49 3 6 1 0
49 4 4 1 0
49 5 7 1 0
49 6 10 1 0
49 7 5 1 0
49 8 6 1 0
49 9 3 1 1
49 10 4 1 1
49 11 8 1 1
49 12 2 1 1
49 13 7 1 0
49 14 10 1 1
49 15 8 1 0
49 16 7 1 0
49 17 9 1 0
49 18 2 1 1
49 19 2 1 0
49 20 7 1 1
49 21 10 1 1
49 22 2 1 0
49 23 9 1 1
49 24 2 1 0
49 25 5 1 0
49 26 4 1 0
49 27 7 1 0
49 28 1 1 1
49 29 10 1 0
49 30 1 1 0
49 31 4 1 0
49 32 7 1 1
49 33 1 1 0
49 34 3 1 0
49 35 5 1 0
49 36 7 1 0
49 37 1 1 1
49 38 4 1 1
49 39 8 1 1
49 40 7 1 1
49 41 4 1 1
49 42 4 1 0
49 43 6 1 0
49 44 8 1 0
49 45 2 1 0
49 46 6 1 1
49 47 9 1 1
49 48 4 1 1
49 49 3 1 1
49 50 5 1 0
49 51 10 1 0
49 52 8 1 0
49 53 5 1 0
49 54 5 1 0
49 55 7 1 1
49 56 2 1 1
49 57 5 1 1
49 58 6 1 0
49 59 6 1 0
49 60 2 1 1
49 61 3 1 1
49 62 2 1 1
49 63 8 1 0
50 0 3 1 0
50 1 9 1 1
50 2 8 1 0
50 3 2 1 1
50 4 4 1 0
50 5 10 1 0
50 6 3 1 0
50 7 5 1 0
50 8 6 1 0
50 9 9 1 0
50 10 6 1 0
50 11 5 1 0
50 12 1 1 0
50 13 3 1 1
50 14 9 1 1
50 15 1 1 0
50 16 4 1 0
50 17 10 1 0
50 18 9 1 0
50 19 3 1 0
50 20 9 1 0
50 21 8 1 0
50 22 9 1 0
50 23 7 1 1
50 24 9 1 0
50 25 10 1 1
50 26 3 1 0
50 27 4 1 1
50 28 8 1 0
50 29 4 1 1
50 30 8 1 1
50 31 5 1 1
50 32 5 1 1
50 33 5 1 0
50 34 8 1 0
50 35 1 1 0
50 36 3 1 0
50 37 9 1 0
50 38 4 1 0
50 39 4 1 0
50 40 7 1 0
50 41 4 1 1
50 42 8 1 0
50 43 3 1 0
50 44 6 1 0
50 45 5 1 0
50 46 4 1 0
50 47 3 1 0
50 48 10 1 0
50 49 9 1 1
50 50 10 1 0
50 51 6 1 1
50 52 1 1 1
50 53 6 1 1
50 54 6 1 1
50 55 5 1 0
50 56 3 1 1
50 57 4 1 0
50 58 9 1 0
50 59 6 1 1
50 60 3 1 0
50 61 3 1 1
50 62 6 1 1
50 63 5 1 0
51 0 4 1 0
51 1 1 1 0
51 2 2 1 1
51 3 5 1 0
51 4 3 1 1
51 5 7 1 1
51 6 10 1 0
51 7 8 1 0
51 8 1 1 0
51 9 1 1 0
51 10 4 1 1
51 11 3 1 1
51 12 1 1 1
51 13 3 1 0
51 14 6 1 0
51 15 6 1 0
51 16 6 1 1
51 17 3 1 1
51 18 9 1 0
51 19 2 1 1
51 20 5 1 1
51 21 6 1 0
51 22 7 1 0
51 23 6 1 1
51 24 10 1 1
51 25 10 1 1
51 26 8 1 0
51 27 10 1 0
51 28 1 1 1
51 29 5 1 1
51 30 10 1 1
51 31 7 1 1
51 32 3 1 1
51 33 10 1 0
51 34 9 1 0
51 35 2 1 0
51 36 5 1 0
51 37 3 1 1
51 38 10 1 0
51 39 1 1 0
51 40 3 1 0
51 41 10 1 0
51 42 3 1 0
51 43 8 1 0
51 44 3 1 0
51 45 6 1 1
51 46 10 1 0
51 47 8 1 1
51 48 8 1 0
51 49 5 1 1
51 50 9 1 1
51 51 8 1 1
51 52 8 1 0
51 53 5 1 0
51 54 6 1 1
51 55 7 1 0
51 56 1 1 1
51 57 6 1 0
51 58 2 1 0
51 59 8 1 0
51 60 4 1 0
51 61 3 1 0
51 62 9 1 0
51 63 3 1 0
52 0 8 1 0
52 1 10 1 1
52 2 5 1 1
52 3 8 1 0
52 4 4 1 0
52 5 6 1 0
52 6 6 1 1
52 7 3 1 0
52 8 8 1 1
52 9 2 1 0
52 10 1 1 0
52 11 5 1 0
52 12 10 1 0
52 13 10 1 1
52 14 10 1 1
52 15 5 1 1
52 16 9 1 1
52 17 6 1 1
52 18 6 1 0
52 19 4 1 1
52 20 10 1 0
52 21 6 1 1
52 22 10 1 0
52 23 8 1 1
52 24 4 1 1
52 25 6 1 0
52 26 9 1 1
52 27 1 1 0
52 28 1 1 0
52 29 7 1 1
52 30 3 1 1
52 31 5 1 1
52 32 3 1 0
52 33 8 1 1
52 34 10 1 0
52 35 4 1 1
52 36 3 1 1
52 37 10 1 0
52 38 10 1 -3
52 39 6 1 1
52 40 10 1 0
52 41 1 1 0
52 42 10 1 0
52 43 5 1 1
52 44 9 1 1
52 45 2 1 1
52 46 5 1 0
52 47 10 1 0
52 48 5 1 1
52 49 10 1 0
52 50 10 1 0
52 51 6 1 0
52 52 2 1 1
52 53 3 1 0
52 54 7 1 1
52 55 3 1 0
52 56 9 1 1
52 57 9 1 0
52 58 5 1 1
52 59 10 1 0
52 60 4 1 1
52 61 10 1 0
52 62 7 1 1
52 63 1 1 1
53 0 8 1 0
53 1 8 1 0
53 2 2 1 1
53 3 10 1 0
53 4 1 1 0
53 5 2 1 1
53 6 7 1 0
53 7 5 1 0
53 8 4 1 0
53 9 9 1 0
53 10 4 1 0
53 11 8 1 0
53 12 5 1 1
53 13 10 1 1
53 14 5 1 0
53 15 3 1 1
53 16 9 1 0
53 17 4 1 0
53 18 4 1 0
53 19 1 1 1
53 20 2 1 0
53 21 2 1 1
53 22 9 1 0
53 23 9 1 0
53 24 8 1 0
53 25 9 1 1
53 26 10 1 0
53 27 4 1 0
53 28 3 1 1
53 29 4 1 0
53 30 3 1 0
53 31 1 1 1
53 32 5 1 1
53 33 4 1 0
53 34 4 1 1
53 35 7 1 1
53 36 5 1 1
53 37 5 1 1
53 38 4 1 1
53 39 1 1 1
53 40 6 1 0
53 41 10 1 1
53 42 5 1 1
53 43 1 1 0
53 44 2 1 1
53 45 2 1 0
53 46 6 1 0
53 47 8 1 0
53 48 7 1 1
53 49 6 1 1
53 50 10 1 1
53 51 10 1 1
53 52 5 1 0
53 53 5 1 1
53 54 9 1 1
53 55 10 1 1
53 56 8 1 1
53 57 6 1 -1
53 58 4 1 1
53 59 6 1 1
53 60 2 1 0
53 61 7 1 1
53 62 8 1 0
53 63 5 1 0
54 0 1 1 1
54 1 7 1 0
54 2 4 1 0
54 3 4 1 1
54 4 4 1 1
54 5 4 1 0
54 6 7 1 0
54 7 5 1 1
54 8 5 1 0
54 9 3 1 0
54 10 2 1 0
54 11 5 1 0
54 12 2 1 0
54 13 5 1 0
54 14 6 1 1
54 15 1 1 0
54 16 6 1 1
54 17 9 1 0
54 18 7 1 0
54 19 6 1 1
54 20 7 1 1
54 21 5 1 0
54 22 2 1 1
54 23 5 1 1
54 24 7 1 0
54 25 10 1 0
54 26 6 1 1
54 27 5 1 0
54 28 2 1 0
54 29 2 1 0
54 30 9 1 0
54 31 2 1 0
54 32 10 1 0
54 33 4 1 0
54 34 7 1 1
54 35 8 1 0
54 36 5 1 0
54 37 7 1 1
54 38 3 1 0
54 39 2 1 0
54 40 10 1 1
54 41 10 1 1
54 42 3 1 0
54 43 2 1 1
54 44 7 1 0
54 45 4 1 1
54 46 5 1 0
54 47 6 1 0
54 48 7 1 0
54 49 4 1 1
54 50 2 1 0
54 51 2 1 1
54 52 3 1 1
54 53 10 1 1
54 54 8 1 1
54 55 9 1 0
54 56 7 1 0
54 57 7 1 1
54 58 8 1 0
54 59 2 1 0
54 60 1 1 0
54 61 1 1 0
54 62 9 1 1
54 63 9 1 0
55 0 1 1 0
55 1 7 1 1
55 2 5 1 1
55 3 7 1 0
55 4 8 1 0
55 5 2 1 1
55 6 6 1 1
55 7 2 1 1
55 8 4 1 0
55 9 3 1 1
55 10 3 1 0
55 11 7 1 1
55 12 1 1 0
55 13 9 1 0
55 14 1 1 1
55 15 10 1 0
55 16 7 1 0
55 17 3 1 0
55 18 1 1 0
55 19 7 1 0
55 20 3 1 0
55 21 7 1 1
55 22 9 1 0
55 23 8 1 0
55 24 3 1 0
55 25 2 1 1
55 26 3 1 0
55 27 8 1 0
55 28 5 1 0
55 29 10 1 0
55 30 5 1 0
55 31 10 1 1
55 32 6 1 1
55 33 10 1 1
55 34 2 1 1
55 35 6 1 1
55 36 5 1 1
55 37 9 1 1
55 38 9 1 0
55 39 8 1 1
55 40 10 1 0
55 41 7 1 1
55 42 6 1 0
55 43 1 1 0
55 44 10 1 0
55 45 2 1 0
55 46 7 1 0
55 47 4 1 0
55 48 8 1 1
55 49 5 1 0
55 50 5 1 0
55 51 9 1 1
55 52 7 1 0
55 53 2 1 0
55 54 8 1 1
55 55 10 1 0
55 56 5 1 0
55 57 8 1 0
55 58 2 1 1
55 59 10 1 0
55 60 8 1 1
55 61 5 1 1
55 62 5 1 0
55 63 10 1 0
56 0 2 1 1
56 1 9 1 0
56 2 1 1 1
56 3 2 1 0
56 4 5 1 1
56 5 3 1 0
56 6 6 1 1
56 7 6 1 0
56 8 10 1 1
56 9 4 1 1
56 10 4 1 0
56 11 3 1 0
56 12 1 1 0
56 13 5 1 0
56 14 9 1 0
56 15 9 1 1
56 16 10 1 0
56 17 5 1 0
56 18 8 1 0
56 19 8 1 0
56 20 5 1 0
56 21 2 1 0
56 22 2 1 1
56 23 7 1 1
56 24 6 1 0
56 25 10 1 1
56 26 9 1 0
56 27 5 1 0
56 28 4 1 1
56 29 8 1 0
56 30 6 1 1
56 31 10 1 0
56 32 6 1 0
56 33 7 1 1
56 34 2 1 1
56 35 5 1 0
56 36 5 1 0
56 37 8 1 1
56 38 9 1 0
56 39 2 1 1
56 40 1 1 0
56 41 9 1 1
56 42 6 1 0
56 43 3 1 0
56 44 6 1 0
56 45 2 1 1
56 46 2 1 1
56 47 2 1 0
56 48 9 1 1
56 49 3 1 1
56 50 1 1 1
56 51 2 1 1
56 52 10 1 0
56 53 2 1 1
56 54 3 1 0
56 55 1 1 0
56 56 7 1 1
56 57 6 1 0
56 58 6 1 1
56 59 2 1 1
56 60 8 1 0
56 61 2 1 0
56 62 10 1 0
56 63 6 1 0
57 0 7 1 0
57 1 2 1 1
57 2 2 1 1
57 3 3 1 0
57 4 9 1 0
57 5 2 1 0
57 6 9 1 1
57 7 3 1 1
57 8 2 1 0
57 9 9 1 0
57 10 6 1 1
57 11 4 1 1
57 12 9 1 1
57 13 7 1 1
57 14 4 1 1
57 15 5 1 0
57 16 5 1 1
57 17 1 1 0
57 18 1 1 0
57 19 9 1 0
57 20 2 1 1
57 21 2 1 1
57 22 2 1 1
57 23 5 1 0
57 24 4 1 0
57 25 4 1 1
57 26 10 1 1
57 27 10 1 0
57 28 1 1 1
57 29 8 1 0
57 30 7 1 1
57 31 10 1 1
57 32 8 1 1
57 33 7 1 0
57 34 10 1 1
57 35 6 1 0
57 36 6 1 0
57 37 5 1 1
57 38 8 1 0
57 39 5 1 1
57 40 2 1 1
57 41 8 1 0
57 42 10 1 0
57 43 3 1 1
57 44 8 1 1
57 45 9 1 1
57 46 8 1 0
57 47 4 1 0
57 48 9 1 0
57 49 4 1 1
57 50 4 1 1
57 51 9 1 0
57 52 4 1 1
57 53 3 1 0
57 54 7 1 1
57 55 1 1 0
57 56 3 1 1
57 57 5 1 0
57 58 6 1 1
57 59 6 1 1
57 60 2 1 1
57 61 4 1 1
57 62 4 1 0
57 63 9 1 0
58 0 8 1 1
58 1 1 1 0
58 2 8 1 0
58 3 4 1 0
58 4 9 1 0
58 5 9 1 1
58 6 10 1 0
58 7 6 1 0
58 8 9 1 0
58 9 4 1 0
58 10 5 1 0
58 11 9 1 1
58 12 9 1 1
58 13 10 1 1
58 14 7 1 0
58 15 2 1 0
58 16 5 1 1
58 17 1 1 0
58 18 5 1 1
58 19 2 1 0
58 20 1 1 1
58 21 3 1 1
58 22 4 1 1
58 23 6 1 1
58 24 10 1 0
58 25 7 1 0
58 26 7 1 0
58 27 10 1 1
58 28 3 1 1
58 29 5 1 1
58 30 2 1 0
58 31 7 1 0
58 32 3 1 1
58 33 2 1 1
58 34 9 1 1
58 35 10 1 0
58 36 1 1 0
58 37 7 1 0
58 38 1 1 -2
58 39 1 1 1
58 40 3 1 1
58 41 3 1 1
58 42 7 1 0
58 43 9 1 0
58 44 7 1 0
58 45 5 1 1
58 46 4 1 -1
58 47 5 1 0
58 48 8 1 1
58 49 3 1 0
58 50 2 1 0
58 51 1 1 0
58 52 8 1 1
58 53 3 1 1
58 54 5 1 0
58 55 6 1 0
58 56 7 1 0
58 57 6 1 1
58 58 10 1 0
58 59 5 1 1
58 60 1 1 1
58 61 10 1 0
58 62 2 1 1
58 63 5 1 1
59 0 8 1 0
59 1 10 1 0
59 2 5 1 0
59 3 9 1 1
59 4 3 1 1
59 5 7 1 0
59 6 2 1 1
59 7 1 1 0
59 8 5 1 0
59 9 8 1 0
59 10 3 1 0
59 11 1 1 0
59 12 3 1 1
59 13 4 1 1
59 14 6 1 0
59 15 3 1 1
59 16 9 1 1
59 17 3 1 1
59 18 9 1 0
59 19 4 1 1
59 20 1 1 0
59 21 2 1 1
59 22 6 1 0
59 23 4 1 0
59 24 4 1 0
59 25 6 1 0
59 26 5 1 0
59 27 5 1 0
59 28 9 1 0
59 29 8 1 0
59 30 10 1 0
59 31 2 1 0
59 32 4 1 0
59 33 4 1 0
59 34 10 1 0
59 35 4 1 0
59 36 10 1 0
59 37 2 1 1
59 38 9 1 0
59 39 9 1 0
59 40 2 1 1
59 41 3 1 0
59 42 2 1 1
59 43 6 1 1
59 44 6 1 0
59 45 8 1 1
59 46 6 1 0
59 47 10 1 1
59 48 8 1 1
59 49 7 1 0
59 50 10 1 1
59 51 7 1 0
59 52 5 1 1
59 53 1 1 0
59 54 1 1 1
59 55 2 1 1
59 56 4 1 0
59 57 5 1 0
59 58 8 1 1
59 59 8 1 1
59 60 10 1 1
59 61 6 1 1
59 62 1 1 0
59 63 7 1 0
60 0 3 1 0
60 1 7 1 0
60 2 6 1 1
60 3 2 1 0
60 4 8 1 0
60 5 4 1 0
60 6 8 1 0
60 7 8 1 1
60 8 3 1 1
60 9 10 1 1
60 10 10 1 1
60 11 8 1 0
60 12 3 1 1
60 13 7 1 1
60 14 2 1 0
60 15 7 1 0
60 16 3 1 0
60 17 5 1 0
60 18 10 1 0
60 19 9 1 0
60 20 9 1 1
60 21 2 1 0
60 22 10 1 1
60 23 10 1 1
60 24 7 1 0
60 25 1 1 0
60 26 8 1 0
60 27 7 1 0
60 28 8 1 1
60 29 5 1 1
60 30 1 1 1
60 31 6 1 0
60 32 4 1 0
60 33 5 1 0
60 34 2 1 0
60 35 1 1 1
60 36 2 1 0
60 37 1 1 0
60 38 5 1 0
60 39 5 1 1
60 40 3 1 0
60 41 10 1 0
60 42 2 1 0
60 43 9 1 0
60 44 6 1 0
60 45 6 1 1
60 46 3 1 1
60 47 4 1 0
60 48 1 1 0
60 49 6 1 0
60 50 5 1 1
60 51 6 1 1
60 52 6 1 0
60 53 1 1 0
60 54 6 1 1
60 55 10 1 1
60 56 4 1 1
60 57 8 1 1
60 58 10 1 1
60 59 3 1 0
60 60 9 1 1
60 61 6 1 1
60 62 2 1 1
60 63 10 1 0
61 0 10 1 1
61 1 8 1 0
61 2 5 1 1
61 3 6 1 0
61 4 9 1 0
61 5 3 1 0
61 6 8 1 1
61 7 10 1 1
61 8 2 1 0
61 9 8 1 0
61 10 1 1 0
61 11 5 1 0
61 12 2 1 1
61 13 4 1 1
61 14 1 1 1
61 15 1 1 1
61 16 4 1 0
61 17 10 1 1
61 18 8 1 1
61 19 5 1 1
61 20 4 1 1
61 21 9 1 0
61 22 2 1 1
61 23 2 1 0
61 24 3 1 0
61 25 6 1 0
61 26 3 1 1
61 27 10 1 0
61 28 5 1 0
61 29 6 1 0
61 30 4 1 0
61 31 1 1 1
61 32 10 1 0
61 33 9 1 1
61 34 6 1 0
61 35 9 1 1
61 36 1 1 1
61 37 5 1 0
61 38 2 1 1
61 39 1 1 1
61 40 8 1 0
61 41 1 1 0
61 42 7 1 0
61 43 3 1 1
61 44 7 1 0
61 45 5 1 0
61 46 8 1 1
61 47 1 1 1
61 48 6 1 1
61 49 5 1 1
61 50 5 1 0
61 51 5 1 0
61 52 3 1 0
61 53 3 1 1
61 54 7 1 1
61 55 6 1 0
61 56 3 1 0
61 57 3 1 1
61 58 4 1 1
61 59 5 1 0
61 60 10 1 1
61 61 9 1 1
61 62 6 1 0
61 63 9 1 0
62 0 5 1 0
62 1 5 1 1
62 2 5 1 1
62 3 5 1 0
62 4 9 1 1
62 5 1 1 1
62 6 1 1 1
62 7 1 1 0
62 8 9 1 1
62 9 5 1 1
62 10 7 1 0
62 11 5 1 1
62 12 8 1 0
62 13 5 1 0
62 14 1 1 1
62 15 7 1 0
62 16 7 1 0
62 17 5 1 1
62 18 5 1 0
62 19 7 1 0
62 20 7 1 0
62 21 2 1 0
62 22 8 1 0
62 23 2 1 0
62 24 10 1 0
62 25 2 1 0
62 26 7 1 1
62 27 8 1 1
62 28 2 1 1
62 29 7 1 1
62 30 1 1 0
62 31 8 1 0
62 32 3 1 0
62 33 8 1 1
62 34 2 1 0
62 35 8 1 0
62 36 2 1 1
62 37 9 1 1
62 38 4 1 1
62 39 2 1 0
62 40 5 1 1
62 41 4 1 1
62 42 8 1 1
62 43 9 1 0
62 44 6 1 0
62 45 9 1 1
62 46 1 1 1
62 47 9 1 0
62 48 4 1 0
62 49 10 1 1
62 50 5 1 0
62 51 2 1 0
62 52 5 1 1
62 53 8 1 1
62 54 9 1 0
62 55 2 1 0
62 56 3 1 1
62 57 6 1 0
62 58 8 1 0
62 59 7 1 1
62 60 1 1 1
62 61 7 1 0
62 62 6 1 0
62 63 8 1 0
63 0 3 1 1
63 1 6 1 0
63 2 1 1 1
63 3 1 1 1
63 4 5 1 0
63 5 10 1 1
63 6 6 1 1
63 7 1 1 0
63 8 1 1 0
63 9 3 1 1
63 10 6 1 0
63 11 6 1 1
63 12 8 1 1
63 13 4 1 1
63 14 8 1 1
63 15 8 1 1
63 16 3 1 0
63 17 1 1 0
63 18 5 1 0
63 19 7 1 1
63 20 1 1 0
63 21 6 1 0
63 22 2 1 1
63 23 7 1 0
63 24 1 1 1
63 25 7 1 1
63 26 10 1 0
63 27 8 1 0
63 28 9 1 0
63 29 9 1 0
63 30 7 1 1
63 31 6 1 1
63 32 2 1 0
63 33 8 1 1
63 34 8 1 0
63 35 4 1 1
63 36 8 1 1
63 37 10 1 1
63 38 9 1 1
63 39 10 1 0
63 40 9 1 1
63 41 8 1 1
63 42 4 1 1
63 43 2 1 0
63 44 2 1 1
63 45 10 1 0
63 46 7 1 0
63 47 2 1 0
63 48 7 1 0
63 49 4 1 1
63 50 3 1 0
63 51 6 1 0
63 52 7 1 1
63 53 9 1 0
63 54 9 1 0
63 55 10 1 0
63 56 8 1 0
63 57 10 1 0
63 58 5 1 1
63 59 10 1 1
63 60 3 1 1
63 61 7 1 0
63 62 3 1 1
63 63 10 1 0
