2271 -3.3119629261335604e-10 
6840 4.391947014403819e-09 
7603 -1.574090302547404e-10 
449 -5.212974496515699e-10 
3422 -5.4885695988105e-10 
5155 -4.894705751823381e-10 
4942 -5.499458666236023e-10 
348 -5.390434765217833e-10 
8267 -4.5917564195363525e-10 
9356 -5.494555921359279e-10 
8068 3.5614041646314654e-09 
1464 -5.192877239323934e-10 
4134 5.31476124915331e-09 
3145 -5.321010299041973e-10 
2671 2.3278739487778144e-07 
5674 1.0617956514025195e-10 
8165 -3.261727277159565e-10 
9369 -4.606223735770243e-10 
2429 -5.541949121834477e-10 
8897 7.92671282119628e-08 
5622 -4.820231991331525e-10 
4218 2.7878438446649056e-10 
8396 -1.6251144874246393e-10 
3522 -3.650431346091665e-10 
4419 -5.48617151707731e-10 
6357 8.642076360088069e-10 
4656 -4.840926548510538e-10 
2699 -5.336904251862506e-10 
8062 -1.6114676260059468e-10 
4749 -4.6142445420116474e-10 
6391 -3.0981703313948117e-10 
2499 4.1383024784735767e-10 
5035 -1.606554056454712e-10 
5438 -4.497490158072992e-10 
4373 -5.432347904843482e-10 
1280 4.032389908092959e-09 
3802 -5.019361593028293e-10 
4333 2.4507521248495756e-08 
160 -4.5032733098082645e-10 
1543 -2.1041818287770298e-10 
121 -8.197933998310702e-11 
7743 -5.467892805199881e-10 
4780 -1.6263071445088428e-10 
4908 -1.6178960948742827e-10 
4704 -1.695086571107396e-10 
2525 -5.267808411701935e-10 
8516 -5.13522335765515e-10 
27 -1.7149345832301321e-10 
1285 -4.989579860392723e-10 
4595 3.9035367854767244e-09 
7925 -5.177529516231516e-10 
955 -3.488478950153251e-10 
6998 -5.193940832981525e-10 
7549 -5.056384200230468e-10 
3159 -5.306786121650475e-10 
5656 -5.194702445976418e-10 
6350 -5.146031378799876e-10 
2306 -1.7098680804572552e-10 
7627 -4.5478909527219e-10 
5591 -4.4912501495630863e-10 
6922 1.5159530297736978e-09 
5405 -5.228237842658245e-10 
1036 -5.167184458088059e-10 
3058 1.0037299741361139e-09 
3189 -4.737162884183022e-10 
9360 -4.650456686405846e-10 
7965 -3.9223563286228114e-10 
4844 -5.349889420358522e-10 
8580 -5.028337746182387e-10 
4788 2.950831502757101e-09 
6437 -4.435512512834805e-10 
2344 -2.7201188523839903e-10 
1916 -4.4949749478107037e-10 
5756 -2.259611942001527e-10 
4599 -3.505758461308517e-10 
666 -4.473358905521252e-10 
8665 -5.419833470909907e-10 
1994 -7.450440264733516e-11 
8083 -5.512195144774523e-10 
7903 -5.048772511173638e-10 
4079 -4.366296768587574e-10 
4255 -5.205604836078237e-10 
6270 3.816509198950602e-09 
8017 -3.0859551025663734e-10 
5850 2.8697460213722437e-08 
2235 7.2134940867774056e-09 
2285 -1.556222928300599e-10 
2274 1.91412562813853e-08 
596 -3.788393765358222e-10 
6909 -5.530012003873708e-10 
9199 -5.023217397592816e-10 
3758 -5.246896250810096e-10 
4834 4.566086272972392e-09 
4407 -4.500770311999247e-10 
4988 3.1185955249452e-06 
30 -4.5284276328771966e-10 
7874 1.362142482141948e-10 
804 -4.555417154605834e-10 
4972 -1.1250338161072904e-10 
906 -5.518643320101546e-10 
3834 -4.5379378033061357e-10 
9512 -4.227148076019205e-10 
3794 -5.36876321177715e-10 
8642 -5.542233338928781e-10 
3667 -4.888699445260158e-10 
8513 8.164073569266739e-08 
2134 -5.54493340132467e-10 
3954 -5.437463812540955e-10 
8604 -4.314844592734346e-10 
2043 -5.406750602787724e-10 
880 -5.225464505542732e-10 
6233 -4.669572506443842e-10 
8664 -2.9999386308432463e-10 
6583 1.7887896920643076e-08 
4363 -5.540101710721501e-10 
4869 2.838696361306958e-10 
2872 -4.516009788346764e-10 
1356 -2.101072649196567e-10 
133 5.684584192255926e-10 
1985 -5.232054789416907e-10 
948 1.985755616190632e-08 
9974 -2.1697052488001134e-10 
7408 2.9582818777962316e-07 
2152 2.6415777898414206e-10 
8426 -4.5069570298039707e-10 
6514 -5.324523044691887e-10 
703 -3.5157596278700964e-10 
8445 3.3975910557204614e-09 
9279 -5.081356446723362e-10 
8341 1.2834465989985944e-09 
8469 -1.9197637923795696e-10 
5543 -5.540954362004413e-10 
2984 -5.189675356120915e-10 
2661 2.345869748454632e-10 
697 -3.378443913515383e-10 
6381 -5.126111757292051e-10 
6456 -1.1146701617281707e-10 
8753 -4.2452230619716147e-10 
828 1.019206372077086e-09 
4611 -1.3957188182978086e-10 
44 -4.556320321036367e-10 
7908 -3.4193703424278965e-10 
9619 -3.806429615949014e-10 
5215 -5.329501284734306e-10 
770 5.783530536429549e-09 
2440 -4.758569094320819e-10 
6560 -5.027477323338303e-10 
2367 -4.659477248480925e-10 
6482 2.947409226405906e-09 
1061 -3.3013144995486243e-10 
4051 -7.693125303465109e-11 
4718 1.242248461952658e-06 
7686 -3.753821420371395e-10 
321 -4.650999585464888e-10 
6356 -4.485745663806995e-10 
6548 -1.350879547112882e-10 
177 -5.252611678940866e-10 
593 -5.448264062124508e-10 
2708 5.081529211303781e-09 
3927 -5.089908494682049e-10 
