1 2 3 7 116503
1 47 6 3 113
2 31 10 2 18
2 35 7 8 488532
2 406 6 3 125
3 4 7 4 159
3 5 5 4 504
3 26 5 5 612
5 57 6 3 52
15 16 4 4 139
15 36 8 4 258
16 25 10 7 340253
17 18 9 2 24
17 36 5 1 7
18 33 2 6 1722
19 20 8 3 52
19 21 9 3 101
20 142 1 6 3649
20 148 5 4 310
21 22 4 5 2396
22 23 9 3 139
23 24 3 4 234
24 25 4 4 152
24 28 8 3 109
26 27 9 5 6067
27 29 8 5 1863
27 30 6 3 36
28 29 9 5 3816
31 33 4 4 132
32 33 4 5 725
32 34 3 4 189
32 69 2 3 25
34 35 6 4 349
34 73 7 1 9
36 37 4 4 144
36 75 7 4 339
37 52 4 7 55104
37 43 9 4 217
46 47 10 3 59
47 448 9 7 128159
52 67 10 4 329
53 54 8 3 146
53 59 4 3 48
53 418 1 6 833
54 163 6 3 120
55 56 6 5 1141
55 59 1 5 234
56 57 8 5 2415
56 66 2 6 3828
58 59 5 3 56
58 60 9 4 394
58 199 9 4 453
58 458 8 3 84
60 63 1 8 88706
63 225 9 2 28
64 65 7 4 377
64 66 3 5 416
65 67 4 7 20075
69 70 7 3 56
70 71 6 6 4206
71 101 4 5 736
72 73 9 4 450
72 101 1 7 39051
73 76 3 5 1953
73 77 6 5 2115
96 97 1 6 3255
96 111 4 5 569
97 101 5 3 90
98 99 9 4 207
98 100 8 6 6489
99 138 1 5 454
100 116 7 2 32
105 106 1 3 17
105 111 1 5 630
106 107 2 6 1476
107 108 7 7 232878
111 114 3 6 12502
113 114 9 5 1638
113 116 1 5 223
115 116 6 3 103
115 409 2 3 22
118 119 6 4 544
119 138 4 4 200
120 121 9 7 254976
120 122 9 6 14383
120 304 9 8 879967
121 296 9 4 671
122 123 2 4 112
122 124 10 5 5377
124 125 7 5 2117
134 135 8 3 58
134 332 1 7 8332
135 136 1 5 168
135 137 4 5 1190
137 139 7 5 1079
139 140 6 4 286
139 141 8 2 17
139 399 2 5 297
141 400 7 7 210851
154 155 3 4 70
154 156 1 4 43
154 172 2 6 1485
155 168 1 4 103
156 157 3 5 955
156 171 1 7 8610
157 158 4 7 23060
158 159 4 5 719
158 177 4 4 445
159 160 1 10 4101567
159 161 5 7 31669
159 196 8 2 16
161 162 1 5 581
161 197 6 5 708
163 164 10 5 3949
164 165 4 5 1059
165 166 5 4 314
165 104 1 4 29
166 167 1 5 403
167 168 4 3 84
169 170 5 2 10
169 171 3 4 211
169 174 3 6 4564
170 172 5 4 240
170 173 9 5 1987
170 419 10 5 4745
171 178 2 6 8006
173 174 1 5 248
174 179 7 6 11577
175 176 5 6 4479
176 214 5 7 64395
177 178 6 5 1637
177 191 4 6 4213
178 421 6 5 1960
179 192 7 4 404
180 181 9 4 901
180 208 9 3 53
181 192 8 4 228
182 183 9 2 29
182 184 7 2 16
184 185 2 4 117
184 208 5 6 8572
185 186 3 9 1895741
185 207 9 3 81
186 187 4 6 4073
186 230 1 4 106
187 188 2 5 295
187 193 7 3 71
188 189 1 5 147
188 191 4 3 70
189 190 6 4 385
189 191 9 3 63
193 194 10 3 121
193 217 4 3 72
194 195 4 4 361
194 217 3 4 113
195 196 1 5 136
195 216 7 5 3288
196 197 10 3 133
196 476 7 5 904
197 216 4 4 172
198 199 9 1 5
198 221 9 2 26
199 200 9 3 80
200 10 2 5 568
201 202 7 2 23
201 203 10 4 375
201 351 8 6 13452
202 213 1 6 3520
203 204 5 7 28166
203 205 1 7 10520
205 206 3 3 35
205 231 10 1 6
205 360 5 2 18
206 207 3 2 6
206 232 9 5 2203
207 233 8 4 281
208 209 10 1 17
210 211 5 4 510
210 212 8 4 279
211 215 5 3 77
212 213 1 5 343
212 342 3 5 443
213 340 5 5 950
214 215 6 2 24
216 219 8 4 329
217 218 3 4 222
218 222 9 3 83
219 220 7 7 160242
220 221 10 6 25678
220 222 4 6 3087
222 226 9 3 182
223 224 2 4 73
223 225 9 2 19
223 7 2 6 4476
224 229 10 7 77791
227 228 5 5 931
227 229 1 4 58
227 272 7 3 81
228 230 2 5 963
229 401 2 7 67779
231 281 2 4 86
232 265 8 3 144
233 264 1 5 174
233 150 8 4 750
234 235 9 5 1483
234 278 5 2 25
236 237 4 5 2542
236 280 7 6 5552
237 238 8 2 19
237 239 3 5 431
239 240 1 6 4401
240 241 6 5 1333
241 243 4 4 147
241 442 6 3 74
242 243 5 6 3712
242 244 8 4 380
242 314 8 5 1939
242 80 1 6 1115
243 293 8 3 148
244 247 7 4 183
245 246 9 3 71
245 247 10 3 148
247 248 9 3 92
248 249 6 7 38351
249 250 1 4 76
249 312 6 7 211932
250 251 5 5 695
250 321 3 4 141
251 252 2 4 96
252 253 2 6 1779
252 327 1 4 98
252 301 2 5 1165
253 254 3 2 6
253 277 9 6 44028
253 266 5 3 41
254 255 1 6 939
254 256 3 4 259
256 257 10 3 58
257 258 8 4 190
257 259 4 6 8389
260 261 10 3 90
260 262 10 3 123
260 263 10 4 623
263 264 3 5 512
263 479 4 3 51
266 267 4 5 1136
267 268 4 1 5
267 299 8 6 15014
268 269 6 4 345
269 270 7 1 8
269 294 4 2 18
270 271 4 5 607
271 295 8 3 89
271 133 1 4 24
272 273 6 8 552535
272 274 7 2 34
274 275 3 7 94606
275 276 3 5 704
275 277 2 3 12
275 291 3 7 17611
278 279 6 5 2995
278 282 2 4 128
279 280 4 5 464
280 287 1 7 10264
281 289 2 4 85
282 288 7 5 4021
283 284 10 3 96
283 285 1 8 101828
283 305 3 5 1393
284 290 9 5 1680
284 365 10 1 10
285 286 1 7 14855
285 306 3 5 1308
286 287 6 7 35877
286 306 3 4 298
286 452 2 4 175
287 293 8 4 495
288 289 9 5 5713
289 290 9 3 151
291 292 7 5 1007
297 298 8 3 144
297 454 4 4 104
298 299 7 4 357
300 301 5 5 3042
300 302 10 4 325
302 303 9 4 354
302 304 4 4 344
302 330 6 4 154
305 306 2 4 146
305 308 8 6 13142
306 308 4 3 30
307 308 10 5 3297
307 309 8 4 256
309 310 10 3 66
309 338 9 6 38661
309 379 6 3 50
310 311 2 5 1266
310 85 1 6 1003
311 312 4 4 100
313 314 6 8 958851
315 316 10 5 5854
315 317 3 3 51
315 499 1 5 401
316 334 2 4 62
316 398 7 3 89
317 318 6 6 13087
317 503 2 4 90
318 319 7 4 365
318 502 4 5 661
318 510 7 3 45
319 320 5 5 2226
320 333 10 4 956
321 322 2 7 26889
322 323 9 6 6665
322 325 8 4 305
322 333 5 3 84
323 324 8 2 27
325 326 10 3 66
326 328 10 2 45
327 328 10 2 34
328 329 6 6 12475
328 495 3 6 2562
329 330 9 5 5583
329 331 8 6 9260
331 332 6 6 4205
331 489 4 6 3541
332 481 7 3 149
333 493 10 4 231
334 335 10 5 2670
336 337 2 5 345
336 500 3 3 37
337 338 2 5 630
337 382 3 6 6399
338 339 5 4 381
338 377 1 6 761
340 341 7 3 146
340 349 8 5 2503
340 354 9 4 471
341 343 9 6 29784
342 343 2 5 335
344 345 1 6 2017
344 346 10 5 2344
344 385 4 5 542
346 347 4 2 20
347 348 6 6 9563
347 387 6 6 27388
348 349 1 7 7231
348 386 9 6 28044
350 351 8 3 107
350 359 10 4 281
350 13 6 4 321
351 352 2 5 949
352 353 5 5 2955
352 356 3 4 229
353 354 5 4 566
354 355 1 6 1597
355 356 1 4 70
356 357 5 2 17
358 359 9 3 165
358 361 2 4 158
358 362 1 5 532
358 360 5 5 766
358 92 7 6 23247
360 413 5 3 60
361 388 10 5 2358
362 367 8 5 1338
363 364 6 3 38
363 365 10 3 154
363 370 2 3 27
364 395 1 4 73
365 366 7 4 682
365 371 1 7 12377
366 144 4 4 267
367 368 9 2 17
367 369 4 5 1084
370 380 2 6 1799
371 372 3 4 79
371 373 6 3 35
371 374 5 5 2255
375 376 1 6 3144
375 383 1 4 43
376 384 4 3 81
377 378 6 4 629
377 381 3 6 5952
378 384 2 5 353
381 383 6 4 368
382 496 1 4 31
383 384 9 5 6123
388 389 10 3 94
388 392 4 5 1010
389 390 9 3 53
390 391 3 6 3057
392 393 1 4 79
392 394 6 1 8
395 396 9 3 171
399 411 8 6 6375
400 405 1 5 471
404 405 2 5 1192
404 412 4 5 1358
405 89 9 5 1968
408 409 3 5 2059
411 412 4 4 195
411 415 7 4 168
411 482 9 4 656
412 415 10 4 309
415 427 2 5 1083
415 487 4 3 83
427 428 3 7 24465
427 431 9 7 217871
427 487 4 7 94775
427 424 1 6 1570
428 429 7 3 124
428 432 10 4 618
481 482 3 5 1844
482 488 8 5 2058
483 484 9 7 51899
483 485 8 4 815
484 492 6 6 6033
485 486 1 8 281634
486 487 2 6 4495
489 490 3 4 159
490 491 4 3 80
490 492 2 4 134
493 508 10 6 15126
494 495 5 6 19186
494 507 9 7 172024
496 497 3 2 12
496 62 1 6 2331
497 498 7 7 202691
497 499 5 6 3892
499 501 5 5 2649
501 447 9 7 45120
502 511 4 4 199
503 450 6 6 5344
504 505 5 3 105
504 506 6 4 476
505 508 6 4 163
505 509 7 7 35363
506 507 3 2 9
509 510 1 4 47
509 511 5 4 354
7 8 8 3 76
7 6 8 4 218
10 9 7 8 640470
10 11 2 5 407
13 12 8 5 2715
12 14 2 3 40
144 38 4 6 14498
144 145 10 6 7297
38 39 9 3 73
89 68 4 5 664
89 88 8 4 347
68 40 6 5 1221
68 102 8 4 595
40 41 3 4 302
40 81 4 6 11573
102 50 2 3 35
50 51 1 6 1283
41 95 4 6 6447
81 146 2 6 9137
95 456 9 2 16
95 143 7 3 58
95 146 3 4 126
146 410 4 3 41
43 42 5 3 30
133 130 2 5 346
128 117 10 4 792
128 132 2 5 280
117 129 8 4 457
117 110 4 5 1857
132 130 9 3 64
129 127 8 4 811
127 44 5 5 1857
130 131 10 3 58
44 45 4 5 469
110 109 3 3 30
110 126 9 6 6336
109 112 3 4 152
62 49 5 4 151
62 61 10 5 1589
48 49 3 3 19
75 74 9 4 802
77 78 4 5 575
80 79 10 6 25318
92 90 8 7 47933
82 83 6 4 626
83 91 2 6 2375
91 90 6 5 2354
90 93 7 4 517
93 94 3 5 672
85 84 4 4 92
84 86 10 1 17
84 87 5 4 278
86 87 9 4 595
104 103 10 3 164
148 147 4 3 44
147 149 9 3 111
150 153 6 4 185
150 151 2 6 2487
152 153 1 5 535
398 397 8 4 198
401 402 3 7 56181
401 403 9 7 50625
406 407 7 5 1066
416 407 9 5 2423
413 434 8 4 245
413 414 9 5 3980
433 434 1 6 956
418 417 8 4 543
419 420 8 5 4818
419 430 7 3 38
421 422 8 8 631011
421 423 9 6 29528
424 425 2 5 276
424 426 3 4 180
424 438 2 4 215
438 437 7 5 3642
437 439 4 7 76945
454 453 2 8 222714
454 435 1 5 249
453 455 7 5 1887
455 460 1 4 27
435 436 10 4 309
460 463 10 4 520
463 462 6 4 437
461 462 1 5 327
461 464 4 2 21
464 466 9 5 1460
466 467 8 3 101
452 451 9 7 57750
452 440 2 3 16
451 459 4 3 47
459 473 6 5 1511
440 441 3 4 75
473 472 6 4 507
442 443 4 7 67025
448 444 10 1 5
444 445 3 7 16816
465 445 6 2 15
465 468 9 5 1435
468 469 9 7 128943
469 470 1 7 6929
470 471 5 4 452
447 446 3 5 444
450 449 6 4 155
458 457 3 4 72
476 474 10 2 26
476 477 5 4 288
474 475 7 4 505
477 478 5 6 10917
479 480 5 4 150
284 177 9 4 359
391 291 7 3 135
397 161 3 3 64
376 187 4 7 35472
322 42 3 6 4664
399 318 2 2 9
463 89 3 4 308
343 194 6 5 902
437 265 2 2 7
239 53 9 2 44
411 475 9 7 89367
21 372 9 5 4123
508 449 5 5 1605
24 51 10 2 30
54 280 4 6 4063
261 73 8 1 11
2 307 5 5 1002
476 36 10 1 11
374 231 4 5 965
483 72 5 3 82
188 248 2 6 5498
326 346 10 6 9000
458 449 5 7 39558
435 58 1 5 114
225 130 8 2 26
484 174 3 7 29355
322 33 8 5 1285
369 191 4 5 1234
330 20 3 4 321
324 21 3 3 39
18 385 7 5 1168
252 297 1 3 13
7 178 4 5 713
30 43 2 6 1636
397 191 1 7 6006
450 80 9 4 444
458 335 6 7 183312
171 48 10 2 22
485 267 10 2 20
104 136 4 4 142
47 507 8 7 148727
302 429 2 6 2641
424 132 1 6 4619
55 69 10 4 736
81 28 4 6 16722
346 114 4 3 49
84 284 6 5 1360
57 44 3 3 59
112 358 8 5 1074
103 252 7 5 2396
202 401 3 5 616
106 343 7 5 2317
297 285 3 5 752
47 27 5 5 3049
391 38 5 4 140
292 297 7 4 354
292 334 4 5 1441
149 56 4 4 101
56 464 3 4 285
252 487 7 4 252
491 427 2 7 15275
112 439 10 4 473
62 365 8 5 2877
315 75 4 4 208
445 373 1 7 7126
373 228 5 5 2879
459 103 5 3 66
5 34 7 4 215
357 412 2 5 373
195 208 5 3 97
362 282 8 3 62
282 132 9 5 1751
292 358 6 4 139
130 16 2 3 15
354 48 4 5 831
329 398 6 4 214
107 143 7 4 189
302 8 7 6 7316
437 468 6 7 61233
391 24 5 4 232
70 453 1 4 25
428 250 5 7 153238
427 93 9 3 141
235 500 9 8 537606
476 259 5 4 520
140 144 5 4 185
373 167 5 4 352
413 463 5 4 532
100 419 1 6 4188
67 49 8 5 1411
148 127 5 4 304
227 117 1 4 48
147 283 5 5 977
464 193 5 4 432
281 305 2 5 769
168 300 6 4 160
456 265 2 6 6585
74 34 10 5 2858
228 497 7 3 71
84 178 7 4 231
47 339 2 4 205
137 364 9 4 418
419 487 9 3 180
497 260 10 3 55
432 171 8 5 2905
104 329 3 4 165
16 90 9 3 77
14 244 10 4 265
56 483 10 3 116
175 2 9 4 377
151 442 2 5 423
372 443 9 3 133
460 285 4 3 52
372 171 3 3 53
267 357 8 2 36
336 274 4 3 86
235 63 5 6 4459
279 71 4 3 60
251 475 4 5 1560
440 88 10 3 145
169 453 7 1 8
172 264 8 5 1767
51 471 9 4 451
503 172 8 3 122
175 199 5 4 207
230 291 4 4 400
16 205 9 5 3615
339 82 4 5 971
449 137 2 3 30
119 372 10 5 1445
499 126 5 3 51
485 290 5 4 137
181 127 4 5 599
505 298 3 4 312
290 489 10 5 1317
34 249 2 4 219
179 277 9 4 708
440 73 6 6 4234
343 395 5 5 2610
87 478 6 3 61
316 6 5 1 7
307 144 10 6 48642
308 435 8 5 1005
233 510 10 4 779
126 354 1 4 42
272 162 2 5 611
135 122 3 3 19
365 389 7 6 10647
235 479 4 5 1401
125 110 10 4 678
289 302 1 4 57
13 387 2 6 4807
345 228 4 3 42
10 105 5 4 135
311 286 10 4 239
126 229 1 4 81
286 221 5 2 13
171 11 5 2 12
172 342 3 6 6223
245 407 7 7 50907
63 188 6 9 15492854
253 232 7 5 1412
435 104 1 5 202
87 138 3 6 2792
30 432 8 1 9
476 53 3 5 999
107 103 6 4 419
409 12 3 4 139
344 183 5 3 53
440 85 5 5 2001
210 133 6 5 3994
45 192 1 5 152
352 234 4 5 1005
354 440 9 2 28
28 170 8 6 6350
281 2 8 2 21
361 251 5 3 90
35 364 6 6 12672
433 81 5 3 80
281 159 9 2 25
495 148 8 4 255
316 239 5 2 16
143 130 4 5 869
26 136 4 2 19
424 419 10 8 1896018
395 202 3 4 204
136 352 9 4 318
380 360 5 5 657
146 72 8 4 854
424 450 9 7 126396
147 425 4 4 403
451 285 8 5 4314
195 101 9 5 1470
457 177 6 5 1260
81 208 5 2 12
182 200 2 5 473
436 509 6 4 406
29 18 3 4 111
149 453 1 8 43318
330 473 1 4 110
73 53 4 3 74
340 196 10 4 618
256 444 5 5 1329
270 428 3 7 33934
407 87 7 2 29
346 295 9 3 104
78 410 2 7 18576
87 205 5 5 2184
331 59 5 3 71
45 83 3 3 30
411 217 3 8 620412
262 497 10 3 56
267 226 2 4 149
456 426 10 4 259
321 505 10 2 40
479 424 1 6 1519
488 420 10 3 151
236 272 7 4 354
507 217 7 5 804
366 165 9 4 301
227 338 9 4 323
228 346 8 5 5339
488 324 4 5 2618
116 214 5 1 4
499 343 3 5 406
155 118 1 5 567
480 256 5 4 289
176 478 8 5 5465
375 389 8 2 16
139 438 6 3 124
366 395 2 4 186
42 36 6 4 344
470 372 2 3 14
127 490 9 4 610
407 209 4 7 27094
455 68 1 7 34753
222 99 8 5 5339
351 55 7 4 269
418 87 7 2 36
254 89 8 5 2291
256 83 3 7 21714
225 147 5 5 642
73 89 10 2 29
376 270 6 3 95
415 507 1 7 6268
414 382 9 3 130
319 321 1 5 279
257 29 8 4 192
312 374 6 4 160
43 150 5 4 127
82 423 5 5 1855
226 280 1 4 78
125 299 3 4 183
202 220 10 5 4121
290 116 7 3 73
130 118 1 5 280
358 76 7 3 52
243 500 8 4 751
163 155 8 7 67686
445 227 8 5 4938
240 177 6 4 375
299 246 7 4 357
347 136 8 3 90
211 323 10 3 70
318 227 1 6 1086
174 222 7 3 97
35 492 8 4 446
441 58 5 2 19
196 346 9 5 2799
511 236 9 4 857
485 390 3 3 40
104 59 5 4 183
479 450 9 4 365
138 5 3 7 77020
37 172 7 4 167
138 363 10 4 515
242 4 2 3 22
482 154 1 6 872
149 188 5 3 53
99 460 10 3 108
425 450 10 4 276
357 26 7 6 9794
161 115 2 4 137
381 37 3 4 192
132 19 8 3 73
187 142 1 5 247
491 238 4 4 352
159 315 4 2 18
210 320 6 3 54
412 304 2 6 5897
455 221 10 4 370
206 67 8 5 5041
49 231 7 3 78
148 56 2 5 310
418 274 10 4 240
101 374 3 8 162985
262 368 1 6 3758
508 424 10 4 534
337 46 1 4 38
509 305 5 6 13639
204 60 5 3 92
96 195 8 4 228
339 139 3 5 583
437 348 10 4 382
121 269 6 5 3832
246 328 3 5 793
484 17 5 2 24
69 250 3 4 229
402 7 8 2 28
129 389 3 3 49
119 123 3 6 5737
197 210 9 3 187
363 165 7 4 185
87 5 9 4 509
221 486 4 4 202
247 221 7 4 315
413 265 8 7 284882
111 499 3 5 1489
448 258 1 8 106676
49 166 6 7 53691
110 115 8 3 59
26 425 2 4 143
72 204 10 2 31
315 355 1 6 2552
189 99 7 4 458
509 155 5 3 61
483 167 3 2 11
82 471 7 4 652
145 45 6 5 2968
297 442 8 4 232
55 250 1 4 107
288 110 9 5 1138
445 503 1 4 68
503 235 3 5 966
332 103 1 4 56
489 487 8 4 284
127 123 5 1 4
358 357 3 5 1339
330 332 6 3 33
501 372 9 6 8260
253 133 5 5 1145
78 174 5 4 314
337 445 10 3 122
85 334 2 7 12088
498 277 6 5 2792
210 80 6 3 63
42 223 6 4 380
168 27 7 2 21
160 87 3 4 203
55 270 5 4 395
36 223 4 7 40364
314 10 2 3 41
410 213 4 4 100
484 485 4 3 27
309 28 3 6 2719
10 219 10 5 1588
69 297 4 5 515
18 402 4 6 4032
457 206 7 5 1820
319 504 9 6 7586
401 246 7 8 288544
422 501 8 8 550385
26 11 6 4 176
245 501 1 4 54
211 451 10 4 942
7 275 2 4 132
293 502 9 6 24535
340 55 2 6 3548
385 449 6 2 19
474 142 9 5 1751
186 407 2 4 117
116 149 4 5 1408
83 372 4 6 10792
228 281 8 5 2623
265 65 3 4 88
230 241 9 3 185
435 123 10 4 397
288 386 5 6 11149
497 427 7 3 40
452 23 10 4 456
256 360 10 3 89
227 132 9 4 326
352 378 2 4 135
294 84 8 4 902
434 225 2 3 39
26 289 9 3 48
415 461 8 4 411
231 103 9 3 74
58 371 3 3 50
109 176 8 3 103
445 329 7 5 4122
255 165 6 2 29
219 451 3 7 30272
162 205 2 6 1787
491 62 3 4 90
7 308 6 3 124
18 332 4 5 624
76 390 2 4 98
197 166 8 3 133
235 507 3 7 16007
116 328 2 6 2567
197 207 5 6 3497
109 115 4 5 623
412 293 8 4 533
350 270 3 4 303
112 330 2 5 875
94 410 4 7 58625
244 108 8 5 3186
430 322 4 7 81602
38 287 4 4 111
413 145 2 6 2771
132 195 8 6 8239
366 374 6 3 44
276 123 9 5 1599
72 257 10 4 841
83 370 9 5 1573
94 1 5 5 2027
125 184 1 4 66
322 156 8 4 801
427 192 2 6 9111
107 214 2 5 470
399 122 10 3 145
121 386 4 4 311
219 414 7 6 4909
430 401 5 5 1129
363 468 6 3 105
209 498 4 4 447
481 116 5 7 56043
123 216 3 5 1980
377 330 4 7 20197
450 12 8 6 35532
432 20 5 2 21
470 270 3 5 392
337 139 3 5 806
301 389 4 3 59
135 200 9 5 2270
159 50 4 4 443
359 397 3 7 64283
33 149 7 5 992
136 288 9 4 266
413 16 3 5 561
463 182 1 7 6258
198 105 2 7 11099
49 140 6 5 3858
33 261 2 4 76
305 456 8 4 739
349 1 9 3 168
504 327 6 7 67476
286 335 9 5 4156
283 48 8 6 24591
60 394 6 6 7251
227 316 2 4 222
436 460 9 6 10165
88 61 4 3 47
100 508 4 5 694
477 260 3 5 683
153 235 7 3 137
315 224 6 5 3973
418 362 6 5 3573
349 509 3 6 4598
35 59 9 6 17785
77 252 10 5 1724
461 97 4 3 49
411 182 10 5 1499
509 70 3 3 47
184 381 10 4 369
316 475 3 6 4020
199 51 7 6 10116
239 85 6 5 2349
495 137 5 4 170
178 75 8 7 71289
49 269 6 4 257
473 106 6 6 8281
276 111 6 3 124
441 332 10 3 124
205 450 1 7 34761
65 173 7 6 14784
154 383 10 5 1347
63 404 1 7 17238
171 161 1 4 82
118 224 9 4 401
435 190 4 6 9696
108 470 4 7 125594
463 209 4 7 83196
147 93 1 5 641
120 408 8 4 286
370 455 5 7 26770
238 401 5 5 713
376 455 2 5 1015
468 266 7 2 32
282 469 8 5 2110
200 118 8 6 38926
239 435 8 3 141
29 477 1 6 2510
183 3 7 4 544
232 241 3 4 192
160 491 10 3 111
384 176 9 4 248
303 407 4 5 874
244 2 10 3 70
90 477 4 4 354
269 160 9 4 709
9 255 5 5 3090
500 323 7 2 37
226 17 2 6 2805
162 100 5 2 11
442 354 4 5 824
254 56 5 5 2793
177 70 5 6 10273
283 413 8 6 10820
467 303 10 4 1034
506 52 2 5 263
402 315 5 3 33
44 66 9 3 154
205 376 3 3 49
78 375 4 6 2828
45 468 4 7 22952
300 11 6 7 30537
288 143 9 2 25
238 91 4 2 20
423 101 7 5 893
159 455 2 6 4406
46 77 9 4 880
438 456 9 3 144
168 438 6 7 43115
228 205 8 4 341
60 109 4 5 935
97 31 1 6 1457
56 135 4 5 2734
215 138 10 6 16923
305 446 8 5 1974
195 390 3 4 170
181 508 6 6 9115
511 454 3 5 454
388 279 10 4 582
13 343 9 4 718
132 121 9 2 16
420 165 3 4 92
279 398 6 5 827
334 466 3 4 237
76 96 4 5 484
397 429 10 10 169712886
271 172 10 6 14902
297 357 2 6 3795
398 305 10 4 223
266 449 4 5 1028
380 322 2 3 19
511 252 5 5 676
412 136 8 5 1665
273 453 8 5 2514
440 111 10 6 15453
88 261 10 5 5176
40 321 8 2 39
221 370 5 4 461
200 348 10 8 462474
141 425 8 4 302
461 442 9 2 19
496 325 4 5 557
504 467 10 3 163
148 320 7 3 54
274 53 7 2 24
133 312 3 2 15
166 318 2 5 605
326 491 9 4 393
131 60 7 3 45
336 448 4 6 3793
392 136 2 5 790
64 75 2 7 42281
211 433 8 5 1333
405 393 2 6 1618
415 14 8 4 710
475 69 10 6 20687
125 335 8 4 269
481 214 5 4 149
125 1 8 6 11686
345 352 1 7 26804
511 191 2 6 4057
398 405 2 5 610
204 231 4 4 172
61 220 8 5 5173
359 498 10 5 3396
413 159 7 4 448
4 62 9 3 76
458 351 4 7 34840
218 325 1 3 12
184 488 3 5 360
131 327 3 4 149
29 210 5 3 63
74 138 5 4 148
48 333 2 4 190
110 339 5 4 329
408 186 2 4 89
340 441 2 5 511
251 446 9 4 526
31 254 9 4 335
336 79 9 5 1260
111 375 6 5 843
199 351 9 3 86
258 429 1 7 15866
503 484 1 6 1080
152 452 3 7 21056
247 166 4 6 2870
460 442 8 6 14034
81 489 8 2 22
91 476 7 2 22
202 449 7 6 7674
137 230 5 2 17
147 127 6 3 87
229 424 9 7 341140
462 27 6 6 8784
387 140 4 5 793
322 160 5 3 32
177 218 7 4 198
53 275 1 5 429
268 37 1 5 138
330 88 10 5 2119
107 462 9 4 803
508 252 9 3 63
343 78 8 5 1060
385 88 1 6 4001
403 66 3 3 43
424 490 4 5 2468
266 293 3 6 10197
177 182 7 4 471
149 4 8 4 575
423 324 1 3 17
504 180 8 5 4315
457 115 5 4 288
493 85 7 2 32
257 240 9 5 3750
470 36 6 4 165
179 507 7 3 59
473 504 9 4 910
125 304 6 5 2377
363 434 7 1 8
175 87 9 5 1369
183 464 5 6 8482
186 482 7 5 3613
146 458 5 5 703
51 209 2 8 169451
413 464 2 5 680
331 130 10 4 297
194 161 3 5 912
345 204 3 4 217
342 194 5 4 275
10 115 3 5 906
160 432 2 7 36557
215 229 5 5 1579
484 191 6 5 1132
41 250 3 5 1024
339 86 4 3 42
244 91 6 4 319
61 236 1 5 369
190 394 7 4 489
125 6 6 5 2386
508 205 3 6 4346
248 408 8 5 1094
411 280 3 6 4800
262 392 9 7 53918
400 392 9 3 70
386 265 7 5 1319
174 34 3 5 1294
96 121 1 6 810
263 96 10 6 23429
410 447 1 5 440
306 460 7 4 262
191 279 10 6 9410
35 83 9 6 14473
192 242 2 4 147
369 247 4 4 95
350 153 9 3 109
479 274 7 4 346
26 418 7 5 893
301 269 2 4 180
390 181 4 6 3655
316 65 8 7 44855
85 146 2 5 427
356 361 5 5 877
241 163 7 3 45
284 239 4 5 2384
364 384 8 6 6153
70 284 9 4 247
248 479 6 7 59725
483 142 2 5 390
38 189 4 2 11
407 298 9 6 6787
285 240 10 4 933
22 131 2 3 27
427 98 1 5 374
293 274 4 3 36
119 489 6 5 3839
332 489 10 5 1988
283 245 8 4 533
358 491 2 2 6
283 272 7 2 26
162 72 3 5 599
207 259 9 7 179638
246 89 2 4 130
359 59 5 3 108
71 492 2 3 28
39 234 9 1 14
297 212 3 4 171
256 326 6 2 18
400 423 9 5 3480
418 165 5 7 24800
461 334 1 3 21
451 500 6 3 128
63 480 9 3 169
276 339 7 3 128
141 172 3 8 558617
299 64 10 5 5383
93 402 8 5 3016
90 165 1 5 122
433 169 7 9 4666022
445 468 8 4 190
367 36 9 3 48
375 508 5 4 161
225 288 4 6 4712
82 296 2 4 187
156 481 10 5 1212
366 8 7 5 1395
100 420 2 6 1653
264 109 9 2 40
92 14 4 5 508
134 35 4 4 375
414 441 9 3 196
187 57 2 1 3
42 133 3 4 220
473 266 8 3 59
458 119 1 5 233
192 360 6 5 2276
94 81 10 4 532
216 13 10 5 1250
76 173 8 7 48661
120 454 9 5 1801
343 60 1 3 19
192 460 9 3 69
184 465 10 4 361
69 61 7 5 3963
487 247 1 4 87
266 308 2 6 1748
423 257 9 4 931
421 192 4 5 951
143 98 4 7 32196
89 380 1 5 509
228 398 2 4 224
312 208 10 5 1365
51 506 7 5 1097
373 53 9 1 9
494 121 1 5 180
329 228 3 4 84
86 229 2 3 23
476 119 2 8 80818
76 148 7 3 131
58 21 2 5 241
443 33 4 5 1550
233 353 10 4 288
141 25 7 4 408
195 58 10 2 50
287 178 2 5 416
181 421 6 5 2256
419 33 8 1 10
386 116 2 4 50
163 39 9 5 1202
185 33 7 5 1432
185 471 4 3 39
186 5 4 4 139
452 308 5 5 1527
382 35 9 6 16787
172 211 6 5 1392
260 59 5 4 234
333 111 8 4 375
57 59 4 3 57
202 115 7 5 1033
141 195 9 4 307
510 426 5 4 127
444 365 1 6 754
39 406 4 3 51
115 421 8 7 307234
317 45 1 6 784
161 54 7 7 222339
459 283 6 5 1200
299 249 2 3 36
3 507 3 4 68
229 428 10 3 117
29 73 4 4 203
330 30 4 5 2274
398 118 6 5 1252
223 402 1 4 45
158 29 10 3 120
235 346 4 3 56
361 212 2 4 81
112 326 8 4 800
345 235 3 4 165
358 223 2 7 22133
86 283 10 5 1148
467 161 8 5 1306
473 223 8 5 1490
29 209 10 3 66
376 243 2 5 230
72 50 5 3 82
349 439 10 3 102
308 170 3 4 120
140 271 10 4 426
279 3 10 3 171
207 34 10 3 146
32 332 5 5 583
149 170 4 4 167
183 54 5 7 74841
325 171 6 4 360
91 163 7 5 1873
40 473 5 3 76
363 384 7 4 363
268 451 2 6 1835
399 15 7 4 470
356 368 1 5 452
486 70 5 4 347
105 340 1 6 1320
435 24 8 3 97
508 242 3 4 319
417 254 7 4 462
386 441 9 5 4101
89 423 2 8 130772
390 24 3 3 17
504 122 2 3 24
186 208 2 4 100
70 485 1 6 1327
165 337 9 4 244
18 30 3 8 549215
169 36 8 5 2181
212 392 3 6 2662
248 453 6 4 369
169 310 1 6 3548
495 378 4 6 3650
241 469 6 3 65
179 231 8 5 2939
119 322 1 4 36
411 311 7 5 947
227 258 10 4 240
160 45 10 3 150
463 202 1 5 225
208 153 6 2 21
140 420 4 6 4370
198 185 8 6 9855
154 510 5 4 493
314 121 1 7 6569
251 401 5 3 35
100 409 9 6 16427
112 412 5 4 524
28 505 10 3 123
296 137 9 6 6996
495 323 3 5 1565
43 180 8 3 61
159 171 6 5 1260
109 281 3 4 241
232 145 6 5 3382
381 27 1 5 461
140 401 7 5 1734
103 320 4 4 100
86 459 9 3 51
489 382 9 2 46
185 52 4 4 123
127 172 7 4 426
456 357 6 5 3090
355 326 5 4 450
9 219 9 5 3580
160 508 1 4 79
303 177 6 3 129
463 456 8 6 7306
163 224 6 3 95
233 28 4 5 1283
142 354 9 3 194
269 336 7 4 538
258 44 6 4 473
341 396 8 6 11230
436 81 8 3 155
232 130 10 3 69
60 340 9 3 69
145 318 2 3 13
487 498 9 4 673
165 470 1 8 90046
123 193 3 4 288
128 495 5 5 748
465 349 7 3 133
146 365 1 6 3240
425 335 10 4 227
425 197 7 4 339
9 241 8 4 693
128 424 8 3 70
140 125 2 9 1655651
143 503 9 2 31
109 200 5 3 46
100 10 4 5 599
358 496 1 6 732
42 454 10 6 19464
463 107 4 4 364
239 177 10 4 397
511 267 1 6 977
498 163 10 6 44432
281 392 10 5 1328
436 508 7 3 115
270 121 7 4 415
289 495 4 5 1486
327 260 6 6 11202
288 510 8 2 17
13 86 1 4 65
484 104 1 6 4820
76 320 2 3 24
34 270 2 5 444
417 262 7 4 645
339 117 4 5 602
310 380 3 6 8944
112 259 5 5 828
26 406 6 4 458
255 223 2 3 17
45 291 1 5 210
225 344 8 5 1741
440 106 8 6 32823
143 484 4 4 173
354 419 4 5 1174
419 206 4 5 565
119 339 9 5 3758
226 436 4 5 1089
439 497 2 6 7593
194 26 3 5 374
100 262 3 4 290
77 56 7 3 66
391 338 3 6 10578
197 35 7 4 184
505 417 7 2 28
508 260 5 5 1602
134 480 7 1 5
209 492 5 5 778
463 286 6 4 637
121 55 9 5 6062
94 58 3 5 581
174 474 7 2 20
131 54 5 6 3928
164 145 4 6 5514
288 487 9 3 59
310 363 2 4 107
79 402 4 3 56
178 332 1 7 13730
3 218 2 5 309
70 382 4 6 3344
331 321 5 4 449
357 509 7 4 316
187 274 8 4 371
179 105 2 7 25577
292 415 10 5 4054
153 385 2 7 66960
98 383 1 5 208
250 191 4 4 174
80 417 7 5 860
165 178 7 1 9
296 247 9 2 29
66 366 9 5 1621
185 205 1 7 14790
39 301 3 8 187965
495 509 9 4 210
324 396 7 4 387
484 215 7 6 6125
461 40 7 5 1647
468 365 5 7 197137
421 91 6 5 1557
478 225 2 5 822
259 305 1 4 47
64 82 8 5 2503
357 475 6 4 162
89 270 5 3 51
296 90 3 6 12916
428 311 5 3 39
473 126 8 4 187
348 165 7 2 37
245 192 3 4 106
53 264 6 4 534
252 453 4 3 28
13 167 8 4 536
245 367 5 3 31
65 488 10 2 30
178 501 2 5 435
55 321 9 4 612
217 504 1 4 30
280 176 8 4 751
472 426 1 6 2115
260 434 7 5 1089
54 13 4 5 1289
118 10 5 4 139
164 315 7 2 15
203 425 7 7 117843
460 428 6 2 22
106 164 2 4 101
342 261 8 4 243
343 26 3 5 502
188 194 5 4 474
501 128 5 4 207
265 301 6 3 49
106 340 6 3 65
449 100 3 5 530
25 280 4 5 2392
