6389 6.866391344395595e-10 
1460 6.657618972609469e-09 
542 4.424626382241645e-07 
2098 7.798208941046589e-08 
182 7.995426343568313e-09 
8703 1.4540863720133995e-08 
7669 3.6311881706884694e-06 
1388 3.402004788988222e-10 
6584 1.07638038287112e-05 
2174 7.898043342900224e-06 
483 1.0032952038607768e-09 
4719 1.1640362737683197e-05 
1590 1.183301676869336e-08 
7345 5.89110234306767e-08 
8550 8.500457907012482e-10 
4655 2.6866819371898845e-08 
4700 6.297163378828916e-06 
9464 1.524451802930281e-07 
6716 9.741393855363647e-08 
3937 1.5980786664538922e-07 
6816 9.22598846734993e-08 
8241 1.0188357360404131e-06 
4541 1.7934116140863645e-05 
5222 3.871022192028506e-09 
5611 2.8682566453452213e-08 
7594 1.3396778131280485e-10 
1357 2.0253714573970766e-08 
1311 8.005245007267243e-08 
1683 5.827063831453927e-10 
1315 1.9994300288778827e-08 
1408 5.010556553897757e-08 
7627 8.784364302811837e-07 
2545 9.461891611672402e-08 
8632 1.3328111614179221e-07 
1807 7.665871861817566e-08 
4011 4.467722163406518e-08 
2365 3.384918245002977e-09 
529 7.252860468546368e-08 
1375 4.79257017321549e-08 
7020 7.506262405415111e-08 
560 3.285117193860146e-06 
83 5.982839629964376e-09 
3442 2.0460818588030616e-08 
1040 1.9633816039875894e-05 
3004 7.251526269749461e-07 
3956 1.2657031286334103e-06 
4857 7.071055463402955e-08 
6013 4.705502857152433e-09 
5920 3.1923469088411234e-07 
6038 4.266202246826494e-06 
7126 2.9857900165773432e-06 
4539 4.122709346544677e-08 
3052 7.934701780072228e-08 
246 7.928779681192767e-06 
4222 3.863137256931176e-06 
6049 2.2750257082021657e-05 
5123 4.4236805706577534e-07 
5596 1.8067258320328536e-07 
6776 3.0999759699544896e-08 
6547 1.241004169271479e-06 
8203 2.7773081192722067e-07 
4952 2.313429144432111e-08 
699 7.517089867237203e-10 
7194 2.920817588232907e-06 
2028 5.417588161112444e-08 
2714 2.3494298277693115e-09 
4090 1.7009254414234593e-08 
4250 4.5432349943811323e-07 
9733 8.987127911807245e-08 
7620 5.863973742345485e-09 
5518 3.149644027208333e-08 
2376 2.04557415359706e-08 
1817 1.0056717955198697e-06 
5864 1.8791422722600403e-07 
5947 8.179988778347913e-09 
9540 3.509749886561114e-06 
7945 8.238877248099505e-08 
5867 1.2314553875543077e-05 
142 1.0260737928915022e-07 
8084 1.6752264445068496e-06 
8720 9.169095098633673e-09 
125 2.216354630292008e-05 
7512 7.150342814877632e-06 
2849 1.1167590440938624e-08 
3240 1.502570515263626e-07 
4332 6.487423661639957e-09 
9248 2.252065675308404e-08 
1449 4.384194231547377e-05 
3043 1.0248985105021889e-07 
38 9.883443754057399e-08 
5915 1.8816186563187917e-07 
6557 1.1217077255980474e-07 
8406 2.6749487042282763e-08 
5429 9.84683634933591e-08 
2623 2.9226038075324395e-08 
1385 3.749606540367676e-07 
2412 1.3696308592438121e-05 
7071 3.932275465315382e-09 
4891 2.2607341647155887e-08 
206 2.3118101252772583e-09 
4637 2.180797354149215e-06 
2730 1.8551422741577888e-06 
5376 1.9128245530488502e-08 
8882 1.456839490623224e-08 
2645 2.177725544078718e-08 
5263 3.818650360281955e-07 
9431 5.677418142525318e-08 
6689 4.806432910879651e-06 
3508 1.7938918623235954e-05 
852 2.437770986447418e-07 
756 2.6218055207329755e-08 
6236 1.4631579366890593e-06 
3716 1.579199733498654e-07 
6450 4.816219506542652e-10 
1199 3.772192365371005e-07 
3296 5.706033737520877e-09 
4326 7.192082466904448e-09 
4824 7.234429685452535e-07 
6191 1.2973183084093458e-06 
8613 7.567445577290333e-09 
2857 4.2103478789352823e-07 
5716 9.816742811929969e-08 
5822 8.629539210682684e-07 
6826 1.3890827116439268e-07 
5022 1.718988297712276e-08 
4790 1.3754515235109288e-09 
3354 8.73926940796882e-09 
3555 8.919091430149829e-07 
8664 7.908206585318777e-08 
1010 1.0297623322732012e-07 
4123 2.0087934655223835e-06 
8832 4.434097879190205e-08 
8440 2.031769937097796e-06 
2951 1.0693388238688364e-07 
8964 4.27791247542101e-05 
4858 2.813783551124105e-08 
2885 2.4853703296801033e-08 
8637 7.212542928267812e-08 
2411 0.00011671106158805718 
3563 3.3165599934098858e-06 
2760 1.5650642137734344e-08 
4704 4.765026978813551e-07 
9501 2.053114401761131e-05 
3257 2.6714942183989412e-08 
3714 4.918863612940732e-08 
8217 6.64414287650239e-09 
8236 1.5028535656387565e-08 
7172 9.007814083181187e-09 
6772 6.865049733708033e-08 
6604 3.0259847474956025e-09 
1748 3.0794412736342936e-07 
8316 9.221689910819675e-09 
3122 1.815188160076523e-05 
715 9.200155359767592e-10 
1905 8.725051620084301e-08 
2472 9.579018550587293e-10 
5542 1.0216744860073047e-06 
9919 2.0098369939679228e-08 
6090 3.842384879021443e-09 
6121 2.535813144545528e-07 
