1 2 2 4 51
1 47 4 2 20
2 31 3 6 2354
2 35 7 4 508
2 406 4 4 94
3 4 10 4 651
3 5 5 4 199
3 26 1 5 273
5 57 5 4 321
15 16 9 4 496
15 36 2 4 122
16 25 3 5 499
17 18 4 5 1634
17 36 8 2 21
18 33 3 4 79
19 20 5 3 79
19 21 8 2 33
20 142 2 5 936
20 148 10 2 18
21 22 6 5 1390
22 23 5 4 169
23 24 4 5 2285
24 25 3 5 1075
24 28 7 4 465
26 27 1 6 918
27 29 10 4 473
27 30 3 4 288
28 29 10 3 181
31 33 6 5 4116
32 33 6 3 76
32 34 10 4 552
32 69 1 6 1177
34 35 7 3 149
34 73 7 3 125
36 37 9 2 47
36 75 6 4 556
37 52 5 4 206
37 43 1 4 38
46 47 10 2 34
47 448 10 1 11
52 67 6 4 483
53 54 5 2 26
53 59 2 5 336
53 418 2 5 252
54 163 8 3 147
55 56 7 2 31
55 59 6 3 32
56 57 8 5 1253
56 66 8 3 66
58 59 5 4 142
58 60 10 3 73
58 199 2 6 1645
58 458 9 3 73
60 63 4 6 3985
63 225 4 5 620
64 65 1 5 347
64 66 1 5 427
65 67 1 5 210
69 70 9 3 193
70 71 9 5 5013
71 101 8 3 48
72 73 10 5 1340
72 101 3 4 202
73 76 7 4 157
73 77 2 5 630
96 97 7 2 16
96 111 3 4 278
97 101 9 5 2099
98 99 10 2 46
98 100 9 3 149
99 138 7 3 63
100 116 10 3 105
105 106 3 4 71
105 111 3 3 48
106 107 2 5 767
107 108 10 3 64
111 114 3 3 51
113 114 6 4 244
113 116 2 5 311
115 116 4 4 222
115 409 7 3 54
118 119 3 4 314
119 138 5 2 13
120 121 6 4 250
120 122 9 3 101
120 304 10 1 6
121 296 8 3 142
122 123 10 4 380
122 124 5 4 373
124 125 7 3 94
134 135 7 4 286
134 332 2 6 2386
135 136 2 7 21879
135 137 4 5 2024
137 139 10 3 88
139 140 3 4 202
139 141 2 4 190
139 399 9 4 469
141 400 1 5 210
154 155 5 5 937
154 156 9 3 159
154 172 10 2 25
155 168 9 5 1676
156 157 3 5 1647
156 171 5 4 125
157 158 10 3 70
158 159 9 4 802
158 177 3 6 2631
159 160 2 5 516
159 161 6 2 28
159 196 5 4 268
161 162 5 4 334
161 197 8 3 175
163 164 9 2 27
164 165 10 4 309
165 166 1 4 50
165 104 9 3 130
166 167 5 3 98
167 168 7 3 77
169 170 10 2 32
169 171 10 4 253
169 174 2 4 178
170 172 4 2 10
170 173 7 2 30
170 419 1 3 9
171 178 10 1 10
173 174 5 4 486
174 179 9 4 836
175 176 5 6 3889
176 214 3 5 837
177 178 7 2 23
177 191 8 3 142
178 421 6 3 83
179 192 10 6 7379
180 181 1 5 255
180 208 4 4 306
181 192 2 3 20
182 183 5 5 1373
182 184 5 4 207
184 185 10 4 422
184 208 7 4 207
185 186 2 4 133
185 207 4 7 30742
186 187 3 4 223
186 230 5 7 24971
187 188 4 2 10
187 193 9 4 455
188 189 9 5 1422
188 191 6 4 560
189 190 7 4 449
189 191 1 3 17
193 194 3 5 1402
193 217 2 4 133
194 195 7 4 222
194 217 5 4 540
195 196 7 5 1920
195 216 9 4 672
196 197 2 3 11
196 476 5 3 74
197 216 3 6 2737
198 199 8 3 124
198 221 9 2 21
199 200 9 4 459
200 10 4 3 45
201 202 2 3 37
201 203 4 3 23
201 351 6 5 894
202 213 1 4 70
203 204 8 5 2081
203 205 2 6 4829
205 206 8 3 127
205 231 1 5 208
205 360 5 2 12
206 207 7 3 92
206 232 3 4 86
207 233 6 3 51
208 209 4 4 153
210 211 5 4 246
210 212 1 4 95
211 215 8 3 104
212 213 10 3 190
212 342 3 4 144
213 340 10 4 347
214 215 10 4 234
216 219 3 2 14
217 218 7 3 80
218 222 7 5 1180
219 220 1 7 5806
220 221 8 2 41
220 222 4 4 300
222 226 4 4 243
223 224 9 5 1249
223 225 1 4 34
223 7 7 3 50
224 229 2 5 341
227 228 2 5 664
227 229 4 3 33
227 272 9 3 95
228 230 8 4 332
229 401 1 8 45750
231 281 3 4 277
232 265 9 6 7113
233 264 6 4 218
233 150 2 4 53
234 235 7 5 998
234 278 3 4 82
236 237 2 5 933
236 280 7 1 6
237 238 6 2 20
237 239 4 3 24
239 240 9 4 260
240 241 1 5 135
241 243 4 4 297
241 442 9 4 220
242 243 7 4 194
242 244 7 4 351
242 314 2 4 46
242 80 3 3 49
243 293 3 4 251
244 247 8 2 28
245 246 3 4 102
245 247 9 5 2169
247 248 6 4 424
248 249 3 2 13
249 250 5 5 870
249 312 7 3 41
250 251 2 3 25
250 321 6 3 33
251 252 5 3 27
252 253 9 3 126
252 327 5 3 55
252 301 9 3 121
253 254 2 3 42
253 277 9 4 327
253 266 6 4 293
254 255 4 2 11
254 256 5 3 40
256 257 9 2 16
257 258 3 7 17010
257 259 1 6 3283
260 261 7 2 27
260 262 6 2 28
260 263 1 5 196
263 264 4 5 550
263 479 5 1 7
266 267 8 3 123
267 268 10 3 177
267 299 9 3 83
268 269 2 6 1677
269 270 10 5 6203
269 294 1 3 18
270 271 5 4 532
271 295 4 3 40
271 133 5 3 50
272 273 7 2 32
272 274 1 4 44
274 275 8 4 621
275 276 10 4 237
275 277 10 1 10
275 291 9 4 335
278 279 10 3 162
278 282 9 3 170
279 280 5 7 71278
280 287 8 3 43
281 289 5 5 2235
282 288 10 4 449
283 284 1 5 333
283 285 2 5 704
283 305 10 3 64
284 290 6 3 56
284 365 5 4 213
285 286 4 3 74
285 306 8 3 176
286 287 5 4 209
286 306 1 6 1296
286 452 9 4 470
287 293 1 3 19
288 289 7 4 196
289 290 9 3 100
291 292 1 5 166
297 298 6 7 69143
297 454 10 1 17
298 299 9 3 154
300 301 7 4 274
300 302 8 4 199
302 303 6 6 23622
302 304 9 5 3446
302 330 6 4 210
305 306 5 3 105
305 308 8 4 291
306 308 6 3 117
307 308 9 2 39
307 309 3 4 84
309 310 6 3 103
309 338 2 4 71
309 379 3 6 8648
310 311 5 5 3189
310 85 2 7 68767
311 312 8 5 2014
313 314 3 3 60
315 316 9 5 2082
315 317 10 3 122
315 499 2 5 523
316 334 3 2 8
316 398 2 3 17
317 318 3 4 138
317 503 3 4 201
318 319 3 3 22
318 502 10 5 1819
318 510 10 3 59
319 320 7 3 69
320 333 4 5 1517
321 322 10 3 209
322 323 8 2 30
322 325 5 5 966
322 333 1 5 421
323 324 7 4 210
325 326 2 2 6
326 328 1 4 45
327 328 3 2 6
328 329 1 5 219
328 495 2 4 111
329 330 9 4 406
329 331 10 4 412
331 332 7 2 29
331 489 4 5 722
332 481 9 3 84
333 493 2 5 384
334 335 3 4 144
336 337 1 4 106
336 500 6 3 33
337 338 1 4 61
337 382 5 5 1070
338 339 7 3 57
338 377 9 3 78
340 341 7 5 4649
340 349 3 2 8
340 354 9 4 234
341 343 8 4 413
342 343 7 3 81
344 345 9 3 148
344 346 5 3 28
344 385 10 4 906
346 347 9 2 38
347 348 6 5 1592
347 387 2 6 3916
348 349 8 2 23
348 386 9 3 95
350 351 7 3 69
350 359 1 6 1425
350 13 6 4 576
351 352 8 5 1965
352 353 6 3 38
352 356 8 4 242
353 354 5 5 929
354 355 1 5 129
355 356 9 3 110
356 357 2 2 8
358 359 8 3 156
358 361 8 3 144
358 362 3 4 113
358 360 2 6 4258
358 92 7 3 73
360 413 2 5 327
361 388 1 5 117
362 367 9 3 106
363 364 4 3 41
363 365 4 2 8
363 370 2 4 87
364 395 1 4 27
365 366 4 4 124
365 371 6 2 25
366 144 5 3 42
367 368 8 4 586
367 369 2 5 261
370 380 4 3 44
371 372 1 4 87
371 373 8 3 135
371 374 6 4 184
375 376 6 3 43
375 383 3 3 36
376 384 8 4 372
377 378 10 2 37
377 381 2 5 368
378 384 3 4 162
381 383 4 5 562
382 496 1 4 25
383 384 10 3 85
388 389 9 4 258
388 392 5 4 533
389 390 8 4 331
390 391 4 2 13
392 393 6 3 106
392 394 10 4 797
395 396 8 1 11
399 411 3 4 209
400 405 1 3 16
404 405 8 4 243
404 412 6 5 1948
405 89 8 3 90
408 409 5 4 264
411 412 8 3 83
411 415 9 2 34
411 482 10 1 10
412 415 8 5 1727
415 427 3 4 183
415 487 10 3 84
427 428 8 4 404
427 431 3 4 165
427 487 9 6 6618
427 424 5 4 356
428 429 5 5 2644
428 432 3 4 196
481 482 1 6 959
482 488 4 4 120
483 484 4 4 127
483 485 4 3 43
484 492 3 5 639
485 486 7 3 86
486 487 1 3 11
489 490 9 4 827
490 491 8 3 87
490 492 8 4 261
493 508 2 5 756
494 495 10 3 200
494 507 8 3 50
496 497 2 3 30
496 62 6 4 200
497 498 8 4 391
497 499 2 5 528
499 501 8 1 10
501 447 2 5 420
502 511 9 2 45
503 450 9 1 15
504 505 6 4 248
504 506 2 5 554
505 508 7 4 161
505 509 1 5 180
506 507 4 3 36
509 510 6 2 26
509 511 2 4 123
7 8 8 3 45
7 6 9 4 290
10 9 1 5 184
10 11 6 3 113
13 12 1 5 138
12 14 8 3 126
144 38 8 4 245
144 145 6 4 194
38 39 1 5 137
89 68 4 3 29
89 88 1 5 660
68 40 8 3 52
68 102 3 4 340
40 41 4 6 3669
40 81 8 4 202
102 50 9 3 54
50 51 1 6 1624
41 95 2 2 10
81 146 9 1 15
95 456 7 5 1639
95 143 4 2 20
95 146 8 5 1910
146 410 6 4 440
43 42 8 5 1038
133 130 10 3 101
128 117 8 4 180
128 132 4 5 2506
117 129 3 6 13066
117 110 6 3 89
132 130 6 3 98
129 127 2 4 58
127 44 6 3 85
130 131 4 5 1116
44 45 7 3 91
110 109 5 4 171
110 126 3 3 20
109 112 10 4 573
62 49 8 3 164
62 61 6 4 165
48 49 8 3 95
75 74 10 2 34
77 78 6 3 38
80 79 5 4 560
92 90 6 4 602
82 83 4 4 429
83 91 8 3 49
91 90 7 4 225
90 93 2 5 269
93 94 7 4 194
85 84 6 3 35
84 86 5 3 102
84 87 6 3 116
86 87 7 4 235
104 103 3 4 315
148 147 3 4 124
147 149 7 3 93
150 153 1 3 8
150 151 2 4 167
152 153 10 3 116
398 397 6 3 111
401 402 4 3 57
401 403 1 4 69
406 407 4 4 272
416 407 6 5 3056
413 434 7 5 3396
413 414 2 5 1342
433 434 3 8 413554
418 417 8 3 79
419 420 6 3 76
419 430 3 5 512
421 422 6 5 1745
421 423 2 4 57
424 425 2 4 133
424 426 1 5 589
424 438 2 4 65
438 437 4 4 111
437 439 6 2 22
454 453 8 3 51
454 435 2 4 194
453 455 6 3 113
455 460 5 5 1038
435 436 8 4 323
460 463 6 4 386
463 462 1 5 457
461 462 4 6 3279
461 464 7 4 340
464 466 5 4 363
466 467 4 4 220
452 451 10 3 132
452 440 8 1 11
451 459 6 3 32
459 473 2 5 320
440 441 7 2 31
473 472 8 5 3027
442 443 2 5 483
448 444 10 4 553
444 445 4 2 18
465 445 3 5 1724
465 468 5 5 948
468 469 6 5 1165
469 470 5 2 26
470 471 4 4 112
447 446 9 3 127
450 449 8 1 3
458 457 1 5 232
476 474 5 3 96
476 477 7 4 181
474 475 8 5 1578
477 478 7 4 175
479 480 1 5 341
284 177 6 4 322
391 291 7 6 8734
397 161 4 3 35
376 187 9 2 20
322 42 5 5 604
399 318 4 4 123
463 89 8 3 72
343 194 6 6 9759
437 265 3 6 3085
239 53 4 3 79
411 475 8 4 713
21 372 4 4 141
508 449 2 4 185
24 51 7 4 619
54 280 5 5 1915
261 73 8 3 78
2 307 1 5 419
476 36 3 4 96
374 231 8 3 86
483 72 3 4 319
188 248 5 4 241
326 346 5 5 660
458 449 7 4 550
435 58 2 4 75
225 130 3 4 104
484 174 10 3 188
322 33 7 4 398
369 191 2 4 106
330 20 5 3 29
324 21 5 4 300
18 385 7 3 66
252 297 5 4 217
7 178 5 4 516
30 43 9 3 144
397 191 5 6 3665
450 80 9 3 48
458 335 4 7 24221
171 48 10 3 205
485 267 2 4 96
104 136 6 3 69
47 507 2 4 64
302 429 6 6 13084
424 132 2 3 33
55 69 10 4 647
81 28 2 5 351
346 114 4 4 404
84 284 6 4 264
57 44 3 3 56
112 358 2 4 127
103 252 4 4 193
202 401 2 4 180
106 343 1 4 38
297 285 5 6 11132
47 27 1 3 11
391 38 8 5 909
292 297 2 4 208
292 334 7 2 15
149 56 9 4 479
56 464 4 3 23
252 487 1 4 58
491 427 7 4 487
112 439 3 4 72
62 365 1 3 8
315 75 6 5 988
445 373 5 4 513
373 228 8 3 55
459 103 4 3 87
5 34 3 4 131
357 412 2 6 5607
195 208 1 4 109
362 282 7 4 474
282 132 5 4 504
292 358 1 5 156
130 16 5 4 304
354 48 8 3 81
329 398 3 5 1140
107 143 8 4 196
302 8 8 6 28361
437 468 8 2 21
391 24 6 3 76
70 453 5 4 237
428 250 1 6 4353
427 93 3 5 1117
235 500 7 3 46
476 259 3 6 9240
140 144 3 3 17
373 167 4 3 82
413 463 8 3 172
100 419 2 5 307
67 49 6 4 241
148 127 8 3 104
227 117 5 6 6172
147 283 3 4 259
464 193 10 3 88
281 305 10 3 105
168 300 4 2 11
456 265 9 2 25
74 34 7 3 150
228 497 7 4 401
84 178 3 3 58
47 339 9 2 42
137 364 7 4 216
419 487 10 5 2977
497 260 1 4 65
432 171 10 4 356
104 329 8 3 65
16 90 9 3 131
14 244 5 3 49
56 483 4 3 62
175 2 9 4 298
151 442 8 3 157
372 443 9 2 29
460 285 10 3 185
372 171 3 5 583
267 357 8 4 309
336 274 2 4 77
235 63 2 3 23
279 71 10 3 62
251 475 1 4 36
440 88 8 5 2075
169 453 4 6 3863
172 264 7 4 194
51 471 9 4 288
503 172 3 6 6584
175 199 6 4 379
230 291 2 4 93
16 205 2 5 498
339 82 10 1 11
449 137 8 4 257
119 372 8 4 328
499 126 7 2 30
485 290 7 4 215
181 127 4 4 342
505 298 10 5 2054
290 489 3 4 109
34 249 6 5 1757
179 277 5 2 23
440 73 1 4 32
343 395 3 2 7
87 478 8 3 85
316 6 8 4 495
307 144 1 5 158
308 435 3 4 111
233 510 2 4 156
126 354 8 4 187
272 162 1 4 54
135 122 9 4 301
365 389 4 4 240
235 479 3 4 305
125 110 2 4 191
289 302 9 3 70
13 387 5 2 18
345 228 7 4 755
10 105 7 4 229
311 286 5 4 264
126 229 9 7 154930
286 221 8 5 1841
171 11 4 5 551
172 342 10 5 2425
245 407 5 3 51
63 188 10 2 21
253 232 10 4 881
435 104 6 3 113
87 138 10 4 239
30 432 10 2 41
476 53 6 4 293
107 103 4 4 202
409 12 1 4 73
344 183 3 4 267
440 85 4 4 287
210 133 8 3 107
45 192 5 6 4439
352 234 6 4 551
354 440 2 5 435
28 170 4 4 429
281 2 8 3 145
361 251 1 4 56
35 364 10 2 23
433 81 2 3 13
281 159 2 6 4961
495 148 5 4 117
316 239 5 3 39
143 130 7 4 166
26 136 2 3 15
424 419 1 6 1008
395 202 8 3 172
136 352 2 4 146
380 360 3 4 173
146 72 8 4 389
424 450 4 3 47
147 425 1 4 50
451 285 4 4 431
195 101 10 3 203
457 177 8 3 124
81 208 2 4 76
182 200 1 4 101
436 509 10 4 642
29 18 10 3 95
149 453 9 3 55
330 473 1 6 1186
73 53 10 3 56
340 196 9 3 61
256 444 1 5 345
270 428 2 4 204
407 87 4 4 276
346 295 5 2 13
78 410 5 2 16
87 205 1 3 21
331 59 6 4 518
45 83 3 3 58
411 217 6 4 306
262 497 8 2 39
267 226 7 4 217
456 426 9 4 206
321 505 2 3 19
479 424 1 5 499
488 420 7 2 25
236 272 6 3 41
507 217 1 5 125
366 165 3 4 106
227 338 2 4 57
228 346 2 3 20
488 324 9 3 168
116 214 7 2 17
499 343 1 4 68
155 118 5 3 68
480 256 10 4 830
176 478 10 3 138
375 389 8 3 81
139 438 9 4 817
366 395 3 4 327
42 36 1 5 165
470 372 1 5 116
127 490 5 3 64
407 209 10 3 192
455 68 7 4 259
222 99 4 4 96
351 55 2 3 15
418 87 6 3 110
254 89 9 4 256
256 83 6 3 47
225 147 8 3 157
73 89 4 3 55
376 270 3 3 62
415 507 4 6 6731
414 382 7 2 25
319 321 5 5 2288
257 29 2 5 235
312 374 10 4 333
43 150 4 3 36
82 423 4 8 942748
226 280 6 4 207
125 299 5 3 49
202 220 7 4 703
290 116 2 4 137
130 118 1 4 111
358 76 4 6 8947
243 500 10 4 605
163 155 5 3 94
445 227 9 2 37
240 177 4 2 9
299 246 2 4 53
347 136 6 3 58
211 323 1 4 47
318 227 1 3 22
174 222 7 3 85
35 492 7 4 513
441 58 1 4 47
196 346 9 2 17
511 236 6 2 22
485 390 1 5 379
104 59 9 4 579
479 450 6 3 116
138 5 8 5 1537
37 172 3 3 36
138 363 2 4 141
242 4 3 4 275
482 154 4 4 100
149 188 4 3 55
99 460 5 3 36
425 450 3 3 55
357 26 2 4 63
161 115 7 4 231
381 37 5 4 167
132 19 10 3 177
187 142 5 4 252
491 238 9 4 932
159 315 2 6 5745
210 320 4 4 189
412 304 3 4 85
455 221 7 3 114
206 67 6 5 1235
49 231 9 4 895
148 56 5 3 47
418 274 1 5 539
101 374 7 3 146
262 368 3 5 551
508 424 2 3 28
337 46 9 4 209
509 305 6 4 188
204 60 7 4 562
96 195 1 6 1247
339 139 4 4 256
437 348 2 4 60
121 269 1 5 271
246 328 9 1 15
484 17 2 4 174
69 250 8 5 4851
402 7 3 7 115467
129 389 10 2 37
119 123 2 4 77
197 210 2 4 98
363 165 8 3 60
87 5 4 3 62
221 486 5 5 1132
247 221 2 4 204
413 265 5 4 264
111 499 3 4 136
448 258 9 3 142
49 166 8 4 710
110 115 8 6 9010
26 425 10 3 130
72 204 7 4 176
315 355 7 3 119
189 99 10 1 16
509 155 1 4 35
483 167 5 4 347
82 471 6 4 286
145 45 9 1 12
297 442 10 2 33
55 250 2 5 227
288 110 6 3 64
445 503 7 3 75
503 235 3 4 245
332 103 2 3 38
489 487 7 5 2464
127 123 4 4 313
358 357 10 5 2973
330 332 6 2 12
501 372 2 5 390
253 133 10 3 70
78 174 5 3 30
337 445 4 4 110
85 334 9 5 1045
498 277 7 3 141
210 80 1 6 863
42 223 10 5 5987
168 27 6 3 88
160 87 8 3 124
55 270 5 3 28
36 223 6 4 381
314 10 9 2 33
410 213 9 3 139
484 485 3 3 63
309 28 10 3 131
10 219 10 5 1482
69 297 9 7 63129
18 402 8 3 51
457 206 2 5 549
319 504 6 3 45
401 246 2 4 71
422 501 10 3 59
26 11 9 4 642
245 501 8 4 206
211 451 1 4 73
7 275 8 2 36
293 502 8 3 107
340 55 1 5 191
385 449 3 5 881
474 142 7 4 421
186 407 5 4 444
116 149 8 3 48
83 372 10 5 5226
228 281 7 4 256
265 65 1 5 234
230 241 4 3 56
435 123 3 5 384
288 386 2 4 107
497 427 7 3 92
452 23 1 4 79
256 360 6 4 347
227 132 1 4 61
352 378 1 5 132
294 84 3 3 20
434 225 1 3 8
26 289 4 3 52
415 461 1 6 962
231 103 1 5 344
58 371 8 5 938
109 176 9 1 10
445 329 5 4 165
255 165 8 3 53
219 451 1 5 513
162 205 9 3 147
491 62 3 5 1606
7 308 4 6 2789
18 332 1 4 40
76 390 9 3 65
197 166 4 4 107
235 507 4 3 76
116 328 5 4 385
197 207 1 7 7862
109 115 4 4 195
412 293 6 4 162
350 270 1 5 165
112 330 3 3 26
94 410 5 2 21
244 108 8 2 31
430 322 7 3 136
38 287 1 5 212
413 145 4 4 369
132 195 3 4 268
366 374 7 2 31
276 123 8 3 61
72 257 3 4 80
83 370 8 4 310
94 1 7 4 158
125 184 9 3 133
322 156 3 5 447
427 192 2 4 71
107 214 8 5 3054
399 122 2 5 256
121 386 2 4 54
219 414 9 6 7522
430 401 5 4 231
363 468 3 5 378
209 498 8 3 102
481 116 9 3 54
123 216 9 5 1680
377 330 6 1 9
450 12 6 3 80
432 20 7 4 206
470 270 9 2 28
337 139 10 4 241
301 389 5 3 91
135 200 5 4 274
159 50 4 5 1026
359 397 6 5 869
33 149 9 2 31
136 288 3 5 1022
413 16 7 8 434725
463 182 3 4 145
198 105 6 4 169
49 140 6 4 205
33 261 5 4 160
305 456 10 4 230
349 1 7 4 533
504 327 2 6 4250
286 335 10 1 14
283 48 7 6 9390
60 394 7 5 1686
227 316 2 4 53
436 460 5 4 230
88 61 10 2 43
100 508 7 3 145
477 260 10 1 14
153 235 3 4 162
315 224 9 2 36
418 362 3 5 421
349 509 7 7 63537
35 59 6 4 238
77 252 2 4 153
461 97 3 5 573
411 182 6 4 319
509 70 10 4 699
184 381 9 4 203
316 475 2 5 906
199 51 9 5 2405
239 85 9 3 94
495 137 7 4 340
178 75 6 2 29
49 269 2 4 73
473 106 10 3 96
276 111 4 5 628
441 332 3 3 32
205 450 8 5 1420
65 173 1 7 7372
154 383 10 4 650
63 404 7 4 266
171 161 10 2 26
118 224 4 5 2358
435 190 8 3 104
108 470 9 4 526
463 209 8 5 3275
147 93 4 4 97
120 408 2 3 28
370 455 9 2 21
238 401 1 6 770
376 455 4 4 296
468 266 9 1 13
282 469 10 4 589
200 118 10 4 780
239 435 6 4 235
29 477 8 2 23
183 3 10 2 50
232 241 10 6 22905
160 491 5 5 1075
384 176 6 5 1132
303 407 2 3 19
244 2 1 6 1606
90 477 2 5 393
269 160 7 3 136
9 255 4 5 468
500 323 7 5 2201
226 17 8 2 29
162 100 3 3 66
442 354 2 4 115
254 56 10 4 275
177 70 10 4 365
283 413 5 4 469
467 303 8 4 185
506 52 1 5 495
402 315 10 3 160
44 66 8 2 24
205 376 8 2 35
78 375 10 2 50
45 468 3 3 42
300 11 7 4 709
288 143 2 3 32
238 91 2 7 16718
423 101 3 3 39
159 455 8 5 4199
46 77 7 3 67
438 456 6 3 59
168 438 2 5 966
228 205 6 6 4876
60 109 2 3 22
97 31 3 5 840
56 135 9 2 35
215 138 3 6 5231
305 446 9 7 79264
195 390 8 3 79
181 508 10 4 260
511 454 1 4 86
388 279 1 4 30
13 343 7 6 6354
132 121 4 3 73
420 165 3 3 28
279 398 5 4 170
334 466 2 4 196
76 96 5 3 30
397 429 7 2 28
271 172 4 3 48
297 357 10 2 28
398 305 4 5 566
266 449 4 4 101
380 322 3 3 43
511 252 1 4 71
412 136 8 3 75
273 453 1 5 149
440 111 7 3 55
88 261 7 2 36
40 321 5 3 99
221 370 8 4 232
200 348 1 6 1045
141 425 6 4 422
461 442 7 3 122
496 325 5 5 720
504 467 4 3 82
148 320 9 2 27
274 53 3 3 35
133 312 5 3 86
166 318 4 5 611
326 491 6 4 317
131 60 6 4 233
336 448 4 4 90
392 136 1 4 50
64 75 4 5 459
211 433 4 5 668
405 393 8 3 173
415 14 7 4 469
475 69 4 6 9167
125 335 8 3 143
481 214 5 3 34
125 1 6 3 98
345 352 5 4 179
511 191 2 5 359
398 405 6 3 57
204 231 4 4 340
61 220 9 4 259
359 498 1 5 651
413 159 10 3 162
4 62 9 4 227
458 351 3 5 558
218 325 6 3 101
184 488 8 4 250
131 327 4 4 90
29 210 6 3 55
74 138 10 3 78
48 333 6 3 109
110 339 9 3 93
408 186 5 4 120
340 441 1 4 42
251 446 6 6 5529
31 254 8 3 104
336 79 8 6 36072
111 375 3 4 98
199 351 7 3 112
258 429 8 4 202
503 484 1 4 52
152 452 5 3 51
247 166 7 3 46
460 442 4 3 38
81 489 5 3 78
91 476 9 3 141
202 449 10 4 478
137 230 8 4 443
147 127 7 4 163
229 424 1 6 758
462 27 6 3 47
387 140 6 5 684
322 160 4 4 139
177 218 3 4 89
53 275 3 4 163
268 37 8 1 11
330 88 10 4 734
107 462 6 4 663
508 252 2 4 189
343 78 6 3 35
385 88 9 4 396
403 66 3 4 225
424 490 9 3 64
266 293 4 3 48
177 182 8 3 69
149 4 3 4 115
423 324 5 4 148
504 180 6 4 171
457 115 3 4 199
493 85 8 4 357
257 240 3 4 191
470 36 4 4 95
179 507 7 5 2314
473 504 1 6 3342
125 304 4 6 7870
363 434 7 4 199
175 87 2 5 586
183 464 9 3 105
186 482 5 4 401
146 458 10 3 93
51 209 5 3 83
413 464 3 3 58
331 130 10 1 13
194 161 1 5 192
345 204 10 3 131
342 194 8 2 24
10 115 9 2 23
160 432 2 4 186
215 229 1 6 737
484 191 6 4 258
41 250 10 5 1509
339 86 6 4 405
244 91 8 4 207
61 236 4 5 1352
190 394 8 2 28
125 6 5 3 88
508 205 3 5 524
248 408 4 3 79
411 280 10 3 99
262 392 8 4 198
400 392 2 5 1152
386 265 10 3 131
174 34 3 5 440
96 121 8 3 102
263 96 2 4 57
410 447 7 5 3447
306 460 5 3 110
191 279 9 3 113
35 83 4 5 498
192 242 3 4 95
369 247 7 4 384
350 153 3 5 356
479 274 7 1 4
26 418 10 3 164
301 269 3 4 104
390 181 2 4 115
316 65 10 4 278
85 146 7 3 129
356 361 5 4 170
241 163 7 6 13513
284 239 3 4 235
364 384 7 3 83
70 284 3 4 130
248 479 9 4 716
483 142 3 5 1036
38 189 7 4 182
407 298 10 3 130
285 240 10 4 609
22 131 2 5 331
427 98 5 3 106
293 274 9 2 17
119 489 7 1 5
332 489 2 4 130
283 245 6 3 59
358 491 7 5 2304
283 272 9 3 68
162 72 7 4 328
207 259 7 4 731
246 89 2 4 66
359 59 7 4 295
71 492 9 2 41
39 234 10 3 67
297 212 9 2 37
256 326 7 3 43
400 423 9 2 27
418 165 5 5 2596
461 334 4 4 262
451 500 7 3 143
63 480 10 4 543
276 339 3 4 202
141 172 5 5 1101
299 64 4 3 80
93 402 6 6 17331
90 165 10 4 860
433 169 5 4 501
445 468 8 1 10
367 36 10 3 159
375 508 6 5 1677
225 288 8 5 1107
82 296 10 3 92
156 481 3 4 278
366 8 1 5 548
100 420 6 2 25
264 109 7 3 82
92 14 1 5 487
134 35 10 5 1735
414 441 8 3 131
187 57 1 5 346
42 133 6 3 96
473 266 3 3 40
458 119 2 4 170
192 360 6 6 6424
94 81 5 3 57
216 13 10 3 94
76 173 2 4 78
120 454 5 4 121
343 60 3 5 1316
192 460 6 4 244
184 465 1 5 190
69 61 10 3 82
487 247 9 2 22
266 308 4 6 4720
423 257 5 5 980
421 192 7 3 115
143 98 9 7 52225
89 380 2 5 232
228 398 9 5 2734
312 208 9 4 573
51 506 3 2 7
373 53 6 2 14
494 121 6 5 952
329 228 8 4 258
86 229 7 5 2879
476 119 8 4 491
76 148 3 4 112
58 21 10 4 471
443 33 2 8 239788
233 353 5 4 266
141 25 4 4 181
195 58 10 3 108
287 178 9 4 343
181 421 8 2 15
419 33 4 3 51
386 116 3 6 6006
163 39 5 5 2238
185 33 9 5 2245
185 471 4 5 1173
186 5 1 4 59
452 308 8 2 15
382 35 8 4 228
172 211 1 4 57
260 59 7 4 276
333 111 10 2 23
57 59 8 3 150
202 115 1 5 123
141 195 4 4 137
510 426 1 5 377
444 365 4 3 74
39 406 7 4 249
115 421 1 5 246
317 45 8 4 240
161 54 9 3 183
459 283 4 3 85
299 249 6 3 107
3 507 2 4 162
229 428 2 3 21
29 73 8 2 33
330 30 6 2 17
398 118 1 4 91
223 402 10 4 366
158 29 7 2 21
235 346 8 3 137
361 212 9 3 106
112 326 7 2 17
345 235 3 4 216
358 223 4 3 26
86 283 4 4 103
467 161 4 2 18
473 223 9 4 200
29 209 7 4 221
376 243 2 4 72
72 50 9 6 30109
349 439 3 5 423
308 170 4 6 13219
140 271 9 1 13
279 3 7 3 124
207 34 2 4 75
32 332 4 3 88
149 170 8 4 422
183 54 4 4 163
325 171 4 5 1043
91 163 9 5 4395
40 473 6 4 514
363 384 10 3 162
268 451 1 4 78
399 15 8 5 1100
356 368 4 3 69
486 70 1 5 124
105 340 6 4 227
435 24 7 3 66
508 242 3 2 10
417 254 7 3 69
386 441 10 4 837
89 423 10 4 252
390 24 6 2 20
504 122 2 3 18
186 208 8 2 23
70 485 4 3 48
165 337 1 6 1219
18 30 10 3 91
169 36 10 4 450
212 392 8 2 21
248 453 7 4 332
169 310 9 4 386
495 378 7 5 819
241 469 8 3 113
179 231 4 5 1009
119 322 9 3 74
411 311 7 4 271
227 258 2 4 96
160 45 10 3 139
463 202 10 3 74
208 153 9 3 48
140 420 3 3 36
198 185 5 4 129
154 510 2 4 162
314 121 5 4 139
251 401 5 3 101
100 409 9 3 138
112 412 2 5 251
28 505 6 1 7
296 137 7 2 17
495 323 6 3 87
43 180 5 3 64
159 171 4 4 362
109 281 5 3 36
232 145 6 5 700
381 27 8 5 3588
140 401 1 4 45
103 320 8 6 7614
86 459 1 4 26
489 382 1 5 309
185 52 10 4 602
127 172 8 3 88
456 357 10 3 141
355 326 3 4 147
9 219 6 6 6885
160 508 10 1 10
303 177 3 4 273
463 456 4 6 4528
163 224 2 5 692
233 28 1 5 115
142 354 8 7 145984
269 336 10 2 43
258 44 1 5 148
341 396 3 2 15
436 81 7 5 2368
232 130 7 4 200
60 340 1 4 38
145 318 9 4 229
487 498 6 1 8
165 470 8 4 520
123 193 10 3 96
128 495 4 4 94
465 349 6 3 56
146 365 6 4 136
425 335 8 4 390
425 197 7 2 32
9 241 7 5 828
128 424 7 4 307
140 125 3 5 620
143 503 10 3 80
109 200 6 3 77
100 10 6 4 163
358 496 3 6 7578
42 454 8 3 94
463 107 10 3 68
239 177 7 1 12
511 267 7 3 125
498 163 5 4 197
281 392 9 4 502
436 508 6 3 44
270 121 6 6 8128
289 495 7 4 715
327 260 6 4 265
288 510 5 4 119
13 86 9 3 76
484 104 8 4 259
76 320 5 5 1358
34 270 10 4 282
417 262 7 3 77
339 117 10 6 9427
310 380 7 6 13369
112 259 3 3 22
26 406 6 4 206
255 223 9 2 20
45 291 9 3 182
225 344 6 2 15
440 106 8 5 1341
143 484 5 6 6435
354 419 9 3 146
419 206 4 4 379
119 339 10 3 114
226 436 9 2 35
439 497 7 3 123
194 26 3 5 1431
100 262 7 4 193
77 56 6 4 142
391 338 3 4 178
197 35 1 5 350
505 417 7 4 330
508 260 3 4 127
134 480 8 4 223
209 492 10 2 38
463 286 8 3 48
121 55 5 4 160
94 58 6 3 129
174 474 10 4 232
131 54 4 3 86
164 145 10 4 567
288 487 8 3 44
310 363 8 3 110
79 402 7 3 153
178 332 5 3 80
3 218 3 3 28
70 382 8 4 328
331 321 1 5 453
357 509 10 3 121
187 274 4 5 567
179 105 7 3 65
292 415 3 5 605
153 385 5 3 48
98 383 8 3 103
250 191 7 1 11
80 417 9 3 166
165 178 6 4 677
296 247 5 2 17
66 366 3 3 39
185 205 3 3 18
39 301 5 3 68
495 509 7 3 96
324 396 9 1 9
484 215 1 4 77
461 40 6 4 220
468 365 5 3 30
421 91 10 3 122
478 225 5 2 13
259 305 3 4 92
64 82 10 3 192
357 475 1 5 413
89 270 8 3 49
296 90 9 2 38
428 311 8 3 106
473 126 10 3 162
348 165 8 3 93
245 192 6 4 226
53 264 6 4 134
252 453 5 2 10
13 167 6 4 523
245 367 2 6 2932
65 488 7 3 118
178 501 4 5 516
55 321 2 5 450
217 504 5 4 268
280 176 2 4 63
472 426 6 4 175
260 434 1 4 32
54 13 3 4 182
118 10 1 5 405
164 315 1 5 115
203 425 4 4 93
460 428 1 4 108
106 164 5 5 1164
342 261 3 5 1751
343 26 9 3 91
188 194 6 3 102
501 128 2 4 152
265 301 5 2 20
106 340 8 2 31
449 100 3 4 174
25 280 4 4 185
