4503 4.359439383134914e-07 
6621 6.618512538151599e-06 
8473 5.716066902818539e-06 
6728 7.088440386111872e-06 
8969 1.4616933054347605e-05 
5454 2.4900892748940754e-07 
398 1.0240407940118206e-06 
9148 4.975935373110204e-06 
1337 3.688880868820996e-06 
714 4.0814703408231096e-08 
7990 3.503136414848354e-08 
8234 3.4979015217056055e-07 
9648 1.1587429677713436e-05 
3564 1.1580209700427712e-06 
1907 4.6909617805029067e-07 
9642 1.780336792320913e-06 
446 3.4248700423270136e-06 
8225 1.2435832388975921e-06 
4757 3.0879571085709254e-08 
2591 5.866093015967163e-07 
5205 8.404322000723743e-07 
5135 2.6287890416232135e-05 
3548 2.7514950460122734e-06 
1927 2.8890807874287815e-07 
9556 4.3910165048513517e-07 
2019 1.4183497784392129e-05 
9238 2.215321466448474e-06 
1209 3.5622307769609405e-07 
3609 1.6401870040158165e-06 
2023 2.557508609886774e-07 
4271 4.766577301055418e-07 
1028 2.4649529549856833e-07 
5929 2.529048115836052e-07 
9125 2.823100582155882e-07 
2098 2.1322881811355906e-06 
1780 1.0314857686888142e-06 
8275 5.731072923494396e-06 
5204 1.0604246597272945e-05 
9275 6.5152324647941e-06 
9934 2.507033921509002e-07 
2690 2.2192490645408305e-06 
2668 1.5774936837328222e-06 
4822 1.2125534981579358e-06 
1260 4.631253970669553e-06 
1516 3.398867128576273e-06 
1202 8.943421852453884e-06 
9840 2.321039020552489e-06 
6550 3.4896931371507234e-08 
3682 2.563652828011597e-06 
9449 5.651490407939535e-07 
9963 5.9822470264790575e-06 
931 6.280004391808821e-06 
2497 1.3044774352092566e-05 
2069 1.9234121279708714e-06 
7100 1.2621490506107845e-05 
3993 3.0253537320605215e-07 
355 1.5813931960197402e-06 
9364 5.851777528731797e-08 
9304 1.0779877169935452e-05 
8074 3.8908754594081923e-07 
5227 1.5652083393988633e-05 
4857 7.624944058642818e-07 
1324 1.3163988807981647e-05 
3054 1.1407925969207988e-05 
667 7.625171542915265e-06 
2870 1.0379350132869428e-05 
596 5.166080555789711e-07 
960 1.8204573065319228e-05 
2399 1.5522567754219579e-06 
8150 3.798721721710056e-06 
7405 1.3265827264593785e-07 
3760 7.149762682822976e-06 
3765 3.1008264182683357e-06 
1240 5.174377636023406e-07 
4306 3.294922068089646e-07 
4378 5.700447680704756e-06 
8957 8.761418749681436e-06 
4080 4.611124565283639e-07 
824 3.4834425047078455e-06 
7203 1.03182054322533e-05 
963 9.32938986197097e-06 
2284 1.1444043318215518e-06 
6518 2.052836387582226e-06 
2347 1.2727514625841763e-05 
8630 2.5067544693238277e-06 
1415 6.1199474860612135e-06 
2522 1.3876919468169477e-07 
5731 9.973492259426324e-06 
1501 2.6052749521512344e-06 
2549 4.2430694039561166e-06 
3493 3.7573710368586248e-06 
9986 5.617607190082363e-07 
2144 3.043315821249579e-06 
7431 2.2770707353977015e-07 
6647 8.707578965657476e-08 
2775 3.033413372986499e-07 
7882 1.0658141886457223e-05 
588 7.829002866740812e-06 
8268 2.1700807740818383e-06 
196 2.2274401805334136e-06 
9957 1.8391707323761608e-09 
9940 1.7295659417213633e-06 
7876 3.130084098536192e-07 
7048 2.777731605274657e-05 
4714 4.906483926078107e-07 
5099 5.66247224555424e-07 
7442 4.657039963799123e-06 
1282 2.8379911591972786e-07 
4156 6.5918848248678415e-06 
65 1.1100910608862158e-06 
2397 1.9001790696471232e-09 
700 6.81479914080383e-06 
4224 3.1444044450412876e-06 
2871 1.4168283977814778e-06 
6051 1.277082421801746e-07 
6237 5.596573253821059e-07 
9693 3.238852821620884e-07 
2327 4.662694485506554e-06 
3727 1.4009315193607048e-07 
7270 2.4730472096473122e-06 
7897 2.896169935944332e-06 
3883 9.211260021375163e-08 
9496 4.833483153218828e-06 
4211 1.809748605546553e-07 
7599 1.588546047184158e-05 
6799 1.2029745177789711e-05 
619 1.0031542174582298e-05 
3290 4.787169609562824e-06 
1362 1.6029080497664177e-07 
3960 2.0362071155712947e-07 
8867 4.571815148679548e-10 
9074 3.928643332471168e-06 
9781 7.452283149280738e-08 
8213 9.625093059519268e-07 
8038 2.0493218233497146e-10 
7142 2.4414048924169346e-06 
1670 2.822655279649533e-09 
9222 3.282054779687051e-06 
9814 5.4542958194338416e-08 
959 3.0498694243724525e-06 
2158 1.6249613311517105e-07 
8021 2.1388351599364863e-08 
6729 1.2786291986365082e-07 
2719 6.711724903939595e-06 
5174 5.709617218338595e-07 
6379 1.5716202833500057e-05 
9545 6.292035755232771e-06 
3798 2.19837614947975e-08 
651 3.216526318877401e-07 
227 1.0200906382043605e-05 
1258 5.770183579061497e-06 
7885 7.800567324277752e-06 
4456 3.9195216131958745e-07 
799 5.1864196317439e-06 
6534 3.2464976164304113e-06 
7428 2.125137354786139e-07 
3713 1.373069944982791e-08 
8541 1.152740544784091e-05 
7613 1.1219978133547095e-06 
1617 5.593776668327817e-06 
3073 1.1643020772334282e-05 
4561 1.3100291431999918e-06 
4323 9.054879549946363e-06 
3460 3.4118165971143165e-06 
6682 8.262882304887369e-06 
340 2.7157126409210672e-06 
7028 3.7144213837314144e-07 
7456 1.0665472901534244e-05 
1178 1.3062502947060265e-05 
3119 8.24224217366859e-08 
1334 1.8093102558031713e-06 
9768 2.3029819726025386e-06 
3528 5.191589166274146e-06 
1842 4.81048477787659e-07 
6339 2.0091131203213517e-07 
115 5.843909306824776e-06 
9054 2.8664599388767212e-08 
1557 7.475730986522593e-07 
7086 2.629292597974256e-07 
3408 1.2769460284119668e-05 
6981 1.588989549672088e-07 
2281 9.886261034641968e-06 
8120 1.2300599115060372e-06 
2398 2.5341041372026454e-05 
7583 8.538368001517475e-07 
4663 1.1370707952703074e-06 
6920 1.5330670705129826e-06 
7757 2.0056053122034494e-06 
7053 7.845590098681511e-07 
9766 6.368189733212733e-08 
5828 1.1928296612163608e-06 
6943 1.2448084689077603e-06 
1228 6.60370820555547e-07 
9220 1.0357111906399577e-05 
9725 6.329644100357897e-06 
2832 2.474742633040705e-10 
4272 2.405740749844196e-07 
5814 1.8983675883190403e-05 
7120 2.140682217441759e-06 
3954 3.946220372834094e-06 
3283 1.7711573719805937e-07 
4049 3.673013229050876e-06 
7993 2.8331811040302013e-06 
5322 2.6061360998016863e-06 
967 1.2701978898025457e-05 
3935 3.4181253920642264e-06 
5348 8.972711502759875e-07 
7286 9.628256568387595e-06 
5347 3.6122049038560585e-06 
758 9.953034903373937e-07 
2520 2.5177211721710835e-09 
4922 7.998016970933719e-10 
3007 7.606866771673771e-07 
8708 8.149164491451894e-06 
4235 8.232841836360645e-06 
1691 1.5751423789359229e-07 
5916 4.9667470060252304e-06 
8988 2.658392439879693e-07 
8039 3.586074237907355e-09 
1781 3.23603670773949e-08 
4866 4.1105443452971223e-07 
6169 2.4267677717471986e-06 
9484 2.632658380493486e-07 
887 4.733668137719095e-06 
2272 2.466099993758658e-06 
7497 7.908878032122028e-06 
5022 1.8846901028707471e-07 
6849 2.1089768590927625e-07 
3274 7.179803446997201e-06 
3390 4.167773029399681e-06 
5539 1.0449942359876393e-05 
609 1.6450253650162282e-07 
8879 1.0363789278219343e-05 
1372 1.6939923790415916e-06 
4540 1.5838004553285002e-05 
2011 2.303823131410273e-06 
5481 2.295361397171247e-06 
5975 4.592027950025381e-06 
6100 6.127156717477727e-06 
692 3.29645968449944e-07 
7238 2.4619838198393793e-06 
1330 5.928306670145402e-07 
3316 3.517196425516281e-06 
4213 7.438437531264385e-07 
5282 1.5429805180616379e-06 
7824 6.488319589329565e-07 
2910 9.286595329489357e-06 
5657 7.678311083896439e-07 
7638 4.296411966717855e-06 
1288 3.1019772394622863e-06 
4553 3.4310311690184735e-06 
8217 4.371480547108754e-07 
3510 3.676822083430311e-07 
2070 3.5313516979572736e-07 
22 9.263756522874256e-06 
7000 2.1136916183732527e-05 
9128 7.611185379689252e-06 
3440 1.859808127225098e-06 
5851 3.2283663024933393e-06 
8098 4.778824228669771e-06 
3216 2.6662260638171185e-06 
8535 4.203198456859738e-07 
436 5.329844517581584e-06 
2362 9.155158459652766e-06 
7382 1.6661067146462685e-05 
9903 4.400113242105707e-06 
2490 4.994302451147054e-07 
4642 8.250526758107677e-06 
7727 1.7895731993269747e-06 
9548 6.695659567763216e-06 
927 4.417029224320357e-06 
5786 2.4224654492501276e-06 
1601 6.735915159403807e-07 
568 6.300820106725101e-07 
6193 1.4585493738694742e-06 
7232 2.3435620657912328e-06 
6716 2.8732637553164896e-06 
1275 1.94071436624213e-07 
3661 8.61655951223674e-07 
1703 9.805635519849858e-07 
6305 8.215033688574596e-06 
3817 4.929918978607355e-06 
288 1.8183330510254912e-06 
4994 3.9935885561041475e-06 
7186 7.645574717656006e-06 
8141 5.467864819376678e-06 
1797 1.5489186356177492e-07 
5983 4.688727886248931e-06 
4844 4.8186735788731e-06 
5103 1.87674184312466e-06 
3001 6.140413958719373e-07 
2030 1.1188647484725599e-05 
3258 1.4793211398077705e-06 
8321 1.7870931282590042e-05 
4023 6.815221879973824e-06 
1625 7.575860967074593e-06 
2874 9.395859024087351e-07 
4102 8.006180408020033e-06 
8932 4.364782952860173e-06 
7363 9.165084221933462e-09 
140 1.393640002400819e-06 
1423 1.0434020790277637e-06 
7830 7.272338371521223e-06 
8791 4.247652154944117e-07 
6121 6.536940112674994e-06 
517 3.821572472552533e-07 
8092 3.769273210435867e-08 
3277 1.4265013150696528e-07 
3527 3.1694325494457756e-06 
3359 1.8437174870305248e-07 
1837 5.241999828859497e-06 
9562 1.3903168538604363e-05 
6423 3.2682942038375275e-06 
601 1.7393007963452476e-07 
5773 4.379264933715667e-06 
7874 2.076286486097681e-06 
7113 5.604279844806408e-07 
7156 4.834961562759512e-07 
6818 1.895087112965131e-06 
2607 5.680601235701294e-07 
7802 1.4295914546757326e-05 
405 5.092960988822093e-06 
8320 2.887901805014698e-06 
4736 9.933574597186808e-07 
3092 6.345680112729258e-07 
639 1.894536232150574e-06 
3219 6.939826536546422e-07 
6566 2.635263423862006e-07 
7666 5.308130353113566e-06 
7074 5.232053191015492e-06 
7158 6.792661503846002e-07 
6132 7.454992639432511e-08 
6824 1.4896807244833317e-06 
1709 2.109847000949551e-08 
5542 1.3039743290417492e-05 
3213 2.28638606067415e-06 
4000 1.6048937144519382e-09 
4399 3.3212409393228864e-06 
7022 4.1461122320772125e-07 
8051 6.757213333183221e-07 
6463 4.206039194939097e-06 
4082 8.129068469855778e-07 
7308 2.689034642996167e-05 
899 5.619665728058259e-06 
3245 1.3369411421806834e-07 
264 6.511322917068701e-07 
9093 1.389833958857778e-08 
8951 1.8950950310042545e-05 
9005 3.541591772982314e-07 
3587 1.3650719630009587e-07 
4351 1.3922821977393682e-07 
8036 8.732742293338243e-07 
7495 1.0860000636031815e-05 
3745 4.964439682180681e-07 
9454 5.071808332453387e-06 
4193 8.428719339776192e-06 
393 7.187819328808141e-06 
8460 1.1490583041302018e-05 
8884 1.0461276922328083e-05 
3122 1.4323078453955367e-06 
6992 8.435419494722579e-06 
2796 3.562307450128403e-07 
7927 9.5746504728804e-06 
6056 2.322278352387061e-08 
7622 1.9650535700821664e-07 
2974 1.1256537765103188e-06 
9461 1.3440578682992453e-05 
2599 1.5376040638208947e-06 
2956 1.2769799011223273e-06 
5097 3.850995458319628e-07 
8002 6.422604905672157e-06 
661 2.633700445944925e-06 
6697 4.5481038810475877e-07 
8906 2.2376931180090993e-07 
3052 6.0978127794758396e-06 
1847 2.2671966469153555e-07 
5745 5.47915974430629e-07 
987 8.206549414151295e-08 
9519 4.3109601888247084e-08 
939 7.610599651230234e-06 
6344 2.3472256974176166e-06 
160 1.748217888625409e-05 
985 8.744243866175212e-06 
7208 6.2776011154685165e-06 
3523 4.3880964872620813e-07 
5023 1.5778554687168122e-06 
7257 1.4107247136721317e-06 
8935 9.264198696915747e-06 
691 2.438205436528328e-06 
6276 4.0405012343946154e-07 
7437 3.4749809717241e-07 
6225 4.607172262896522e-06 
3129 5.759208433239036e-06 
9429 1.6313590872082698e-06 
968 2.084915959300597e-06 
4898 8.13833560012688e-08 
3378 2.998770066334037e-07 
2685 9.63171781264238e-06 
2066 1.2956289963514641e-06 
8040 6.484922216451819e-08 
6444 3.428216075150773e-06 
3133 2.591923185855169e-06 
2846 4.256243629328199e-06 
411 1.9843032968928226e-08 
4170 1.4981585547708124e-06 
9402 2.5179016876113748e-06 
6692 2.0378262216969286e-05 
3469 9.865262294800423e-08 
9777 8.572453917953723e-06 
9063 2.87457276673225e-07 
92 5.8411730592591166e-08 
2287 4.195414555867305e-08 
3276 4.59824914238412e-06 
752 4.449245775214718e-06 
7738 5.9287748206104164e-06 
7320 6.6410073809043785e-06 
5689 1.237859652838695e-05 
7329 4.565574707702944e-07 
2429 2.723800683451723e-06 
6932 2.0212037184989384e-07 
8958 1.2168517033470192e-07 
2834 7.79454886398745e-09 
3226 5.730944167058407e-07 
6085 3.2030955856004323e-07 
5133 3.754358284814152e-06 
7684 3.165236771193759e-06 
2932 6.197598838673251e-07 
760 4.034770139564684e-06 
7916 1.8738191098230555e-05 
4905 8.336996578792765e-06 
4924 1.1165832741082734e-07 
6732 4.793542192226046e-07 
6174 6.206256722332115e-08 
9042 3.7056098551097234e-07 
4054 6.31343481168761e-07 
1528 2.812957646036602e-06 
3939 5.522147601975312e-07 
6889 9.046275592399156e-07 
1861 6.754436944272305e-08 
3238 1.2779430915029375e-06 
2419 6.36407410821621e-06 
5276 5.34709350809364e-06 
5880 2.788485052907522e-06 
5918 1.0643471988486695e-05 
4527 5.797092340989766e-07 
6769 6.109434662830529e-06 
9990 1.9330497015356557e-06 
6906 5.800245712848972e-06 
3619 1.0570955340764878e-05 
1315 2.4363626334372473e-06 
6782 7.941023296396954e-09 
5109 7.684446640614077e-07 
8963 5.823674111051228e-06 
7415 7.706108395090994e-06 
8544 1.6711738671016968e-06 
4767 7.715108453751191e-07 
7032 1.754960434085422e-07 
7322 1.2792502009844422e-05 
1750 3.5839971362604394e-06 
8384 1.5410865488525408e-05 
2999 1.397636612799707e-05 
9294 2.5014711287271888e-06 
5108 8.496104083032674e-07 
614 7.265832945832144e-06 
775 6.935622618246931e-07 
4247 1.4925636819154935e-05 
1595 5.550693192656297e-07 
4572 6.666631640288149e-07 
9680 9.575648881227684e-06 
7112 1.5492236893858855e-05 
1225 1.090096668211445e-07 
6046 3.970593689290892e-06 
2981 1.0088051696173616e-06 
7966 6.535077190766448e-06 
2986 9.70997439869155e-06 
7030 4.73513532905972e-06 
7311 3.140010700254946e-07 
8794 4.2021791284494034e-07 
1188 9.418102738824579e-08 
3578 4.2999594615382756e-07 
4623 2.1861268623091598e-05 
8556 4.975813690442335e-07 
6184 8.603908602384844e-07 
2543 2.2865223022800916e-07 
7359 6.789554047444905e-07 
7531 2.0235908560915324e-06 
7318 3.5091904382333894e-10 
8775 5.271270337190488e-06 
5497 1.5519760913481283e-07 
6469 5.038893323926455e-06 
8792 1.092252705690787e-06 
1738 1.1200093161240062e-07 
9717 8.850738520614588e-08 
5691 1.5372890478028054e-07 
4965 6.555694990876583e-08 
1069 1.8778267101543529e-06 
1725 6.204535608265012e-07 
6858 3.921035717988075e-08 
6694 1.2648078141011055e-05 
6542 5.743165632867706e-06 
9621 2.4507884029481564e-08 
1219 5.008195302748699e-06 
8504 1.30546552217938e-06 
8678 5.637756564630396e-06 
830 5.0736319934228426e-06 
6971 1.3291300972404895e-07 
7681 5.0914361625162934e-06 
4531 1.0583471466442327e-05 
4440 6.591450574209568e-06 
9380 3.916611218809311e-07 
964 4.099469440547541e-06 
9588 8.810270983145417e-06 
9625 1.022226359912344e-05 
4638 6.901031386736541e-06 
8251 8.260512974646978e-06 
6223 2.4654555718630453e-05 
2989 6.702383496931483e-06 
72 5.096055399136682e-06 
7783 2.7934242436110887e-06 
4016 7.901266979912444e-06 
2435 8.583050133040723e-06 
7748 5.633554794406826e-06 
7963 3.828224614046971e-09 
978 1.2498888856622645e-05 
7261 8.230975972827424e-08 
6220 8.728840538483808e-06 
8605 1.2242332280319214e-05 
6309 1.422879202512932e-07 
9366 2.631608478166747e-06 
8019 5.34625270488779e-07 
5872 9.485423941338377e-06 
6415 7.638318761258088e-06 
8495 1.4310959798490485e-07 
6886 3.963293147980333e-06 
8452 2.1386282765377277e-07 
2267 4.077898780792971e-06 
2876 8.891215952040692e-06 
7494 4.6015057399774765e-07 
5036 3.7054577776993138e-06 
4625 1.2884039418808831e-05 
1637 2.7499931046313236e-08 
8516 9.249283217262596e-08 
625 8.076253803922684e-07 
5592 4.916646746659325e-06 
9326 2.073072405480634e-06 
8017 2.5471978000190443e-06 
4067 1.0197232505653386e-06 
4089 3.1473715455997545e-06 
3973 3.487296298614056e-06 
6563 2.9451168974567326e-06 
4902 4.5887745868476885e-06 
1229 6.696301044965911e-08 
5693 6.828463000628532e-06 
2570 2.90982256438959e-08 
1650 1.4924994076035133e-06 
8510 5.01296362013287e-06 
3278 2.732945030003986e-09 
990 1.1106775901634956e-05 
2810 3.595063180180172e-08 
9253 1.0252420056522754e-05 
8005 3.4033794875140136e-06 
3940 7.833475329282937e-08 
2450 1.3936188559708315e-05 
2200 1.3363152173360234e-05 
2377 6.081416690580958e-06 
6095 1.6685384654465595e-06 
2264 6.042845681632592e-06 
3490 1.425796488273878e-05 
4279 3.982437124306184e-06 
105 7.901373918621805e-08 
5422 6.677519458153442e-06 
6674 1.0779420317464901e-06 
759 1.2049962618734021e-05 
2903 7.959623598314306e-06 
1719 7.341037634939554e-08 
8661 1.5867948828861443e-06 
4650 1.6047787949248645e-07 
8453 2.095722152258429e-07 
5029 2.8911019259170168e-08 
2382 1.1359176013455946e-05 
1735 2.1899856311435403e-05 
5672 1.607250119441692e-07 
7117 4.1276552778027795e-06 
8759 8.277561125631165e-06 
6416 1.1711653409677029e-07 
3518 1.6301749040356682e-07 
118 6.817240789610249e-06 
8918 1.0955726850898906e-08 
6595 8.72234185508347e-06 
9514 4.6407522288132385e-07 
582 8.808717270599741e-07 
1772 5.989357203859712e-07 
8433 3.880209542464052e-08 
9250 7.327147036175959e-06 
9961 2.797349670867433e-06 
1387 1.2434601621480183e-05 
3055 1.4353122516807724e-07 
5138 4.158681296863567e-06 
9665 2.491258750053578e-06 
1724 4.755356943097437e-06 
5028 1.992316366599961e-06 
1792 6.808984818601585e-06 
8877 9.50622553547018e-06 
3636 8.496942305128937e-06 
7037 1.203299929735001e-06 
1191 8.324491120445519e-06 
6137 1.0581356814944886e-05 
1848 2.7339800058433176e-06 
6408 5.9869813021691785e-06 
8018 4.894653451724043e-07 
370 4.3004195320892676e-07 
9258 4.424644398195093e-07 
874 5.3720507408896525e-06 
1807 2.3786162279766392e-06 
2587 8.17452903119943e-06 
2254 2.035518201270936e-06 
8954 1.1353919191442706e-05 
7588 8.01206484257245e-08 
8936 2.282163802855004e-07 
9751 7.686553220488673e-07 
1525 2.445111870169447e-06 
7041 1.100724685012371e-05 
9522 6.379804535467755e-06 
7601 3.2372938106544927e-06 
396 3.5820330820390195e-06 
5117 8.475762022649956e-06 
3594 2.307634366698057e-06 
2044 7.348531659087399e-07 
1359 8.394424232587835e-06 
7433 1.385516172885807e-07 
3569 4.118257457553688e-06 
8996 1.074978757267482e-05 
7979 1.1248663216753378e-07 
6511 5.871172563004789e-06 
2900 1.629130761014217e-06 
2613 2.667557707958137e-07 
1158 4.4348622805945206e-07 
3428 7.91620544086439e-07 
9635 1.5707311556918418e-06 
4033 7.703619954425541e-07 
