6907 1.2349082685429724e-07 
8750 1.0308256470636934e-09 
5981 1.305772143736126e-05 
6873 9.481032670760614e-09 
6898 5.027817748942676e-09 
1071 3.132907022522502e-08 
5705 2.5850527805994336e-06 
1566 2.5075531348388302e-08 
7448 3.1691756413234415e-05 
4919 2.782599009651344e-06 
3189 1.1732360267330266e-08 
7716 7.408002499625921e-09 
5874 1.6827148977312657e-06 
7445 1.802974661756218e-08 
5255 2.8052415531622744e-05 
8576 1.1888006785573668e-07 
7688 1.2129186544029835e-10 
4210 1.4095697392472756e-07 
2958 5.3029068474048924e-08 
3986 2.4959164463510264e-08 
5958 1.4897918759618559e-07 
1204 3.437270468253928e-10 
438 2.274678861935442e-09 
9791 3.0345144063324836e-08 
7991 4.5391767648436665e-08 
9226 3.409555908440165e-09 
619 2.6395425732404863e-06 
5016 1.448533707912314e-08 
9608 8.302758554854309e-08 
26 4.389551636887687e-08 
9906 1.6411775927843708e-08 
7657 2.040172813159855e-05 
3467 4.213275606873568e-09 
3045 0.00015444496808298715 
2330 1.0036141093075317e-07 
6282 1.3360928740896601e-06 
5197 2.6724291715721454e-06 
2649 4.263246468219975e-08 
7941 1.455876530442879e-10 
6217 2.012433014846331e-06 
